,sto-1,FB-0,feedback target 0,feedback target 1,feedback target 2,feedback target 3,feedback target 4,feedback target 5,total,exp_loss,actual_regret,exp_regret
0,"([0.5, 0.15, 0.12, 0.19, 0.02, 0.03], [3])","([0.21, 0.14, 0.25, 0.15, 0.07, 0.18], [4])",-0.0,-0.0,-0.0,-0.63,-0.0,-0.0,-0.63,0.5536551436192649,0.2988668668668669,0.22252201048613185
1,"([0.5, 0.15, 0.12, 0.19, 0.02, 0.03], [0])","([0.21, 0.13, 0.26, 0.15, 0.06, 0.18], [2])",-0.711,-0.0,-0.0,-0.0,-0.0,-0.0,-0.711,0.5513224830761163,0.6787337337337338,0.4427113604291151
2,"([0.5, 0.15, 0.12, 0.19, 0.02, 0.03], [2])","([0.0, 1.0, 0.0, 0.0, 0.0, 0.0], [1])",-0.0,-0.0,-0.7909999999999999,-0.0,-0.0,-0.0,-0.7909999999999999,0.595195195195195,1.1386006006006006,0.706773422491177
3,"([0.5, 0.15, 0.12, 0.19, 0.02, 0.03], [0])","([0.0, 0.0, 1.0, 0.0, 0.0, 0.0], [2])",-0.711,-0.0,-0.0,-0.0,-0.0,-0.0,-0.711,0.5937177177177175,1.5184674674674676,0.9693580070757615
4,"([0.5, 0.15, 0.12, 0.19, 0.02, 0.03], [0])","([0.0, 0.0, 0.0, 1.0, 0.0, 0.0], [3])",-0.711,-0.0,-0.0,-0.0,-0.0,-0.0,-0.711,0.5638538538538537,1.8983343343343346,1.202078727796482
5,"([0.5, 0.15, 0.12, 0.19, 0.02, 0.03], [0])","([1.0, 0.0, 0.0, 0.0, 0.0, 0.0], [0])",-0.0,-0.0,-0.0,-0.0,-0.0,-0.0,0.0,0.3311331331331331,1.5672012012012015,1.202078727796482
6,"([0.5, 0.15, 0.12, 0.19, 0.02, 0.03], [0])","([1.0, 0.0, 0.0, 0.0, 0.0, 0.0], [0])",-0.0,-0.0,-0.0,-0.0,-0.0,-0.0,0.0,0.3311331331331331,1.2360680680680685,1.202078727796482
7,"([0.5, 0.15, 0.12, 0.19, 0.02, 0.03], [1])","([1.0, 0.0, 0.0, 0.0, 0.0, 0.0], [0])",-0.0,-0.61,-0.0,-0.0,-0.0,-0.0,-0.61,0.3311331331331331,1.5149349349349355,1.202078727796482
8,"([0.5, 0.15, 0.12, 0.19, 0.02, 0.03], [0])","([1.0, 0.0, 0.0, 0.0, 0.0, 0.0], [0])",-0.0,-0.0,-0.0,-0.0,-0.0,-0.0,0.0,0.3311331331331331,1.1838018018018024,1.202078727796482
9,"([0.5, 0.15, 0.12, 0.19, 0.02, 0.03], [0])","([1.0, 0.0, 0.0, 0.0, 0.0, 0.0], [0])",-0.0,-0.0,-0.0,-0.0,-0.0,-0.0,0.0,0.3311331331331331,0.8526686686686693,1.202078727796482
10,"([0.5, 0.15, 0.12, 0.19, 0.02, 0.03], [2])","([1.0, 0.0, 0.0, 0.0, 0.0, 0.0], [0])",-0.0,-0.0,-0.7909999999999999,-0.0,-0.0,-0.0,-0.7909999999999999,0.3311331331331331,1.3125355355355361,1.202078727796482
11,"([0.5, 0.15, 0.12, 0.19, 0.02, 0.03], [0])","([1.0, 0.0, 0.0, 0.0, 0.0, 0.0], [0])",-0.0,-0.0,-0.0,-0.0,-0.0,-0.0,0.0,0.3311331331331331,0.9814024024024031,1.202078727796482
12,"([0.5, 0.15, 0.12, 0.19, 0.02, 0.03], [0])","([1.0, 0.0, 0.0, 0.0, 0.0, 0.0], [0])",-0.0,-0.0,-0.0,-0.0,-0.0,-0.0,0.0,0.3311331331331331,0.65026926926927,1.202078727796482
13,"([0.5, 0.15, 0.12, 0.19, 0.02, 0.03], [1])","([1.0, 0.0, 0.0, 0.0, 0.0, 0.0], [0])",-0.0,-0.61,-0.0,-0.0,-0.0,-0.0,-0.61,0.3311331331331331,0.9291361361361369,1.202078727796482
14,"([0.5, 0.15, 0.12, 0.19, 0.02, 0.03], [0])","([1.0, 0.0, 0.0, 0.0, 0.0, 0.0], [0])",-0.0,-0.0,-0.0,-0.0,-0.0,-0.0,0.0,0.3311331331331331,0.5980030030030038,1.202078727796482
15,"([0.5, 0.15, 0.12, 0.19, 0.02, 0.03], [1])","([1.0, 0.0, 0.0, 0.0, 0.0, 0.0], [0])",-0.0,-0.61,-0.0,-0.0,-0.0,-0.0,-0.61,0.3311331331331331,0.8768698698698707,1.202078727796482
16,"([0.5, 0.15, 0.12, 0.19, 0.02, 0.03], [0])","([1.0, 0.0, 0.0, 0.0, 0.0, 0.0], [0])",-0.0,-0.0,-0.0,-0.0,-0.0,-0.0,0.0,0.3311331331331331,0.5457367367367376,1.202078727796482
17,"([0.5, 0.15, 0.12, 0.19, 0.02, 0.03], [2])","([1.0, 0.0, 0.0, 0.0, 0.0, 0.0], [0])",-0.0,-0.0,-0.7909999999999999,-0.0,-0.0,-0.0,-0.7909999999999999,0.3311331331331331,1.0056036036036045,1.202078727796482
18,"([0.5, 0.15, 0.12, 0.19, 0.02, 0.03], [0])","([1.0, 0.0, 0.0, 0.0, 0.0, 0.0], [0])",-0.0,-0.0,-0.0,-0.0,-0.0,-0.0,0.0,0.3311331331331331,0.6744704704704714,1.202078727796482
19,"([0.5, 0.15, 0.12, 0.19, 0.02, 0.03], [0])","([1.0, 0.0, 0.0, 0.0, 0.0, 0.0], [0])",-0.0,-0.0,-0.0,-0.0,-0.0,-0.0,0.0,0.3311331331331331,0.3433373373373383,1.202078727796482
20,"([0.5, 0.15, 0.12, 0.19, 0.02, 0.03], [3])","([1.0, 0.0, 0.0, 0.0, 0.0, 0.0], [0])",-0.0,-0.0,-0.0,-0.63,-0.0,-0.0,-0.63,0.3311331331331331,0.6422042042042052,1.202078727796482
21,"([0.5, 0.15, 0.12, 0.19, 0.02, 0.03], [1])","([1.0, 0.0, 0.0, 0.0, 0.0, 0.0], [0])",-0.0,-0.61,-0.0,-0.0,-0.0,-0.0,-0.61,0.3311331331331331,0.9210710710710721,1.202078727796482
22,"([0.5, 0.15, 0.12, 0.19, 0.02, 0.03], [3])","([1.0, 0.0, 0.0, 0.0, 0.0, 0.0], [0])",-0.0,-0.0,-0.0,-0.63,-0.0,-0.0,-0.63,0.3311331331331331,1.2199379379379391,1.202078727796482
23,"([0.5, 0.15, 0.12, 0.19, 0.02, 0.03], [3])","([1.0, 0.0, 0.0, 0.0, 0.0, 0.0], [0])",-0.0,-0.0,-0.0,-0.63,-0.0,-0.0,-0.63,0.3311331331331331,1.5188048048048062,1.202078727796482
24,"([0.5, 0.15, 0.12, 0.19, 0.02, 0.03], [5])","([1.0, 0.0, 0.0, 0.0, 0.0, 0.0], [0])",-0.0,-0.0,-0.0,-0.0,-0.0,-0.664,-0.664,0.3311331331331331,1.851671671671673,1.202078727796482
25,"([0.5, 0.15, 0.12, 0.19, 0.02, 0.03], [3])","([1.0, 0.0, 0.0, 0.0, 0.0, 0.0], [0])",-0.0,-0.0,-0.0,-0.63,-0.0,-0.0,-0.63,0.3311331331331331,2.15053853853854,1.202078727796482
26,"([0.5, 0.15, 0.12, 0.19, 0.02, 0.03], [0])","([1.0, 0.0, 0.0, 0.0, 0.0, 0.0], [0])",-0.0,-0.0,-0.0,-0.0,-0.0,-0.0,0.0,0.3311331331331331,1.819405405405407,1.202078727796482
27,"([0.5, 0.15, 0.12, 0.19, 0.02, 0.03], [0])","([1.0, 0.0, 0.0, 0.0, 0.0, 0.0], [0])",-0.0,-0.0,-0.0,-0.0,-0.0,-0.0,0.0,0.3311331331331331,1.4882722722722739,1.202078727796482
28,"([0.5, 0.15, 0.12, 0.19, 0.02, 0.03], [0])","([1.0, 0.0, 0.0, 0.0, 0.0, 0.0], [0])",-0.0,-0.0,-0.0,-0.0,-0.0,-0.0,0.0,0.3311331331331331,1.1571391391391408,1.202078727796482
29,"([0.5, 0.15, 0.12, 0.19, 0.02, 0.03], [3])","([1.0, 0.0, 0.0, 0.0, 0.0, 0.0], [0])",-0.0,-0.0,-0.0,-0.63,-0.0,-0.0,-0.63,0.3311331331331331,1.4560060060060076,1.202078727796482
30,"([0.5, 0.15, 0.12, 0.19, 0.02, 0.03], [0])","([1.0, 0.0, 0.0, 0.0, 0.0, 0.0], [0])",-0.0,-0.0,-0.0,-0.0,-0.0,-0.0,0.0,0.3311331331331331,1.1248728728728745,1.202078727796482
31,"([0.5, 0.15, 0.12, 0.19, 0.02, 0.03], [0])","([1.0, 0.0, 0.0, 0.0, 0.0, 0.0], [0])",-0.0,-0.0,-0.0,-0.0,-0.0,-0.0,0.0,0.3311331331331331,0.7937397397397414,1.202078727796482
32,"([0.5, 0.15, 0.12, 0.19, 0.02, 0.03], [1])","([1.0, 0.0, 0.0, 0.0, 0.0, 0.0], [0])",-0.0,-0.61,-0.0,-0.0,-0.0,-0.0,-0.61,0.3311331331331331,1.0726066066066084,1.202078727796482
33,"([0.5, 0.15, 0.12, 0.19, 0.02, 0.03], [0])","([1.0, 0.0, 0.0, 0.0, 0.0, 0.0], [0])",-0.0,-0.0,-0.0,-0.0,-0.0,-0.0,0.0,0.3311331331331331,0.7414734734734754,1.202078727796482
34,"([0.5, 0.15, 0.12, 0.19, 0.02, 0.03], [0])","([1.0, 0.0, 0.0, 0.0, 0.0, 0.0], [0])",-0.0,-0.0,-0.0,-0.0,-0.0,-0.0,0.0,0.3311331331331331,0.4103403403403423,1.202078727796482
35,"([0.5, 0.15, 0.12, 0.19, 0.02, 0.03], [0])","([1.0, 0.0, 0.0, 0.0, 0.0, 0.0], [0])",-0.0,-0.0,-0.0,-0.0,-0.0,-0.0,0.0,0.3311331331331331,0.0792072072072092,1.202078727796482
36,"([0.5, 0.15, 0.12, 0.19, 0.02, 0.03], [2])","([1.0, 0.0, 0.0, 0.0, 0.0, 0.0], [0])",-0.0,-0.0,-0.7909999999999999,-0.0,-0.0,-0.0,-0.7909999999999999,0.3311331331331331,0.539074074074076,1.202078727796482
37,"([0.5, 0.15, 0.12, 0.19, 0.02, 0.03], [3])","([1.0, 0.0, 0.0, 0.0, 0.0, 0.0], [0])",-0.0,-0.0,-0.0,-0.63,-0.0,-0.0,-0.63,0.3311331331331331,0.837940940940943,1.202078727796482
38,"([0.5, 0.15, 0.12, 0.19, 0.02, 0.03], [3])","([1.0, 0.0, 0.0, 0.0, 0.0, 0.0], [0])",-0.0,-0.0,-0.0,-0.63,-0.0,-0.0,-0.63,0.3311331331331331,1.1368078078078099,1.202078727796482
39,"([0.5, 0.15, 0.12, 0.19, 0.02, 0.03], [3])","([1.0, 0.0, 0.0, 0.0, 0.0, 0.0], [0])",-0.0,-0.0,-0.0,-0.63,-0.0,-0.0,-0.63,0.3311331331331331,1.4356746746746767,1.202078727796482
40,"([0.5, 0.15, 0.12, 0.19, 0.02, 0.03], [0])","([1.0, 0.0, 0.0, 0.0, 0.0, 0.0], [0])",-0.0,-0.0,-0.0,-0.0,-0.0,-0.0,0.0,0.3311331331331331,1.1045415415415436,1.202078727796482
41,"([0.5, 0.15, 0.12, 0.19, 0.02, 0.03], [0])","([1.0, 0.0, 0.0, 0.0, 0.0, 0.0], [0])",-0.0,-0.0,-0.0,-0.0,-0.0,-0.0,0.0,0.3311331331331331,0.7734084084084105,1.202078727796482
42,"([0.5, 0.15, 0.12, 0.19, 0.02, 0.03], [2])","([1.0, 0.0, 0.0, 0.0, 0.0, 0.0], [0])",-0.0,-0.0,-0.7909999999999999,-0.0,-0.0,-0.0,-0.7909999999999999,0.3311331331331331,1.2332752752752774,1.202078727796482
43,"([0.5, 0.15, 0.12, 0.19, 0.02, 0.03], [1])","([1.0, 0.0, 0.0, 0.0, 0.0, 0.0], [0])",-0.0,-0.61,-0.0,-0.0,-0.0,-0.0,-0.61,0.3311331331331331,1.5121421421421442,1.202078727796482
44,"([0.5, 0.15, 0.12, 0.19, 0.02, 0.03], [0])","([1.0, 0.0, 0.0, 0.0, 0.0, 0.0], [0])",-0.0,-0.0,-0.0,-0.0,-0.0,-0.0,0.0,0.3311331331331331,1.181009009009011,1.202078727796482
45,"([0.5, 0.15, 0.12, 0.19, 0.02, 0.03], [3])","([1.0, 0.0, 0.0, 0.0, 0.0, 0.0], [0])",-0.0,-0.0,-0.0,-0.63,-0.0,-0.0,-0.63,0.3311331331331331,1.4798758758758779,1.202078727796482
46,"([0.5, 0.15, 0.12, 0.19, 0.02, 0.03], [0])","([1.0, 0.0, 0.0, 0.0, 0.0, 0.0], [0])",-0.0,-0.0,-0.0,-0.0,-0.0,-0.0,0.0,0.3311331331331331,1.1487427427427448,1.202078727796482
47,"([0.5, 0.15, 0.12, 0.19, 0.02, 0.03], [0])","([1.0, 0.0, 0.0, 0.0, 0.0, 0.0], [0])",-0.0,-0.0,-0.0,-0.0,-0.0,-0.0,0.0,0.3311331331331331,0.8176096096096117,1.202078727796482
48,"([0.5, 0.15, 0.12, 0.19, 0.02, 0.03], [2])","([1.0, 0.0, 0.0, 0.0, 0.0, 0.0], [0])",-0.0,-0.0,-0.7909999999999999,-0.0,-0.0,-0.0,-0.7909999999999999,0.3311331331331331,1.2774764764764786,1.202078727796482
49,"([0.5, 0.15, 0.12, 0.19, 0.02, 0.03], [0])","([1.0, 0.0, 0.0, 0.0, 0.0, 0.0], [0])",-0.0,-0.0,-0.0,-0.0,-0.0,-0.0,0.0,0.3311331331331331,0.9463433433433455,1.202078727796482
50,"([0.5, 0.15, 0.12, 0.19, 0.02, 0.03], [0])","([1.0, 0.0, 0.0, 0.0, 0.0, 0.0], [0])",-0.0,-0.0,-0.0,-0.0,-0.0,-0.0,0.0,0.3311331331331331,0.6152102102102124,1.202078727796482
51,"([0.5, 0.15, 0.12, 0.19, 0.02, 0.03], [2])","([1.0, 0.0, 0.0, 0.0, 0.0, 0.0], [0])",-0.0,-0.0,-0.7909999999999999,-0.0,-0.0,-0.0,-0.7909999999999999,0.3311331331331331,1.0750770770770792,1.202078727796482
52,"([0.5, 0.15, 0.12, 0.19, 0.02, 0.03], [0])","([1.0, 0.0, 0.0, 0.0, 0.0, 0.0], [0])",-0.0,-0.0,-0.0,-0.0,-0.0,-0.0,0.0,0.3311331331331331,0.7439439439439461,1.202078727796482
53,"([0.5, 0.15, 0.12, 0.19, 0.02, 0.03], [3])","([1.0, 0.0, 0.0, 0.0, 0.0, 0.0], [0])",-0.0,-0.0,-0.0,-0.63,-0.0,-0.0,-0.63,0.3311331331331331,1.042810810810813,1.202078727796482
54,"([0.5, 0.15, 0.12, 0.19, 0.02, 0.03], [0])","([1.0, 0.0, 0.0, 0.0, 0.0, 0.0], [0])",-0.0,-0.0,-0.0,-0.0,-0.0,-0.0,0.0,0.3311331331331331,0.7116776776776799,1.202078727796482
55,"([0.5, 0.15, 0.12, 0.19, 0.02, 0.03], [0])","([1.0, 0.0, 0.0, 0.0, 0.0, 0.0], [0])",-0.0,-0.0,-0.0,-0.0,-0.0,-0.0,0.0,0.3311331331331331,0.3805445445445468,1.202078727796482
56,"([0.5, 0.15, 0.12, 0.19, 0.02, 0.03], [1])","([1.0, 0.0, 0.0, 0.0, 0.0, 0.0], [0])",-0.0,-0.61,-0.0,-0.0,-0.0,-0.0,-0.61,0.3311331331331331,0.6594114114114137,1.202078727796482
57,"([0.5, 0.15, 0.12, 0.19, 0.02, 0.03], [0])","([1.0, 0.0, 0.0, 0.0, 0.0, 0.0], [0])",-0.0,-0.0,-0.0,-0.0,-0.0,-0.0,0.0,0.3311331331331331,0.3282782782782806,1.202078727796482
58,"([0.5, 0.15, 0.12, 0.19, 0.02, 0.03], [0])","([1.0, 0.0, 0.0, 0.0, 0.0, 0.0], [0])",-0.0,-0.0,-0.0,-0.0,-0.0,-0.0,0.0,0.3311331331331331,-0.0028548548548524844,1.202078727796482
59,"([0.5, 0.15, 0.12, 0.19, 0.02, 0.03], [1])","([1.0, 0.0, 0.0, 0.0, 0.0, 0.0], [0])",-0.0,-0.61,-0.0,-0.0,-0.0,-0.0,-0.61,0.3311331331331331,0.2760120120120144,1.202078727796482
60,"([0.5, 0.15, 0.12, 0.19, 0.02, 0.03], [0])","([1.0, 0.0, 0.0, 0.0, 0.0, 0.0], [0])",-0.0,-0.0,-0.0,-0.0,-0.0,-0.0,0.0,0.3311331331331331,-0.055121121121118666,1.202078727796482
61,"([0.5, 0.15, 0.12, 0.19, 0.02, 0.03], [1])","([1.0, 0.0, 0.0, 0.0, 0.0, 0.0], [0])",-0.0,-0.61,-0.0,-0.0,-0.0,-0.0,-0.61,0.3311331331331331,0.22374574574574824,1.202078727796482
62,"([0.5, 0.15, 0.12, 0.19, 0.02, 0.03], [5])","([1.0, 0.0, 0.0, 0.0, 0.0, 0.0], [0])",-0.0,-0.0,-0.0,-0.0,-0.0,-0.664,-0.664,0.3311331331331331,0.5566126126126152,1.202078727796482
63,"([0.5, 0.15, 0.12, 0.19, 0.02, 0.03], [0])","([1.0, 0.0, 0.0, 0.0, 0.0, 0.0], [0])",-0.0,-0.0,-0.0,-0.0,-0.0,-0.0,0.0,0.3311331331331331,0.2254794794794821,1.202078727796482
64,"([0.5, 0.15, 0.12, 0.19, 0.02, 0.03], [0])","([1.0, 0.0, 0.0, 0.0, 0.0, 0.0], [0])",-0.0,-0.0,-0.0,-0.0,-0.0,-0.0,0.0,0.3311331331331331,-0.10565365365365098,1.202078727796482
65,"([0.5, 0.15, 0.12, 0.19, 0.02, 0.03], [0])","([1.0, 0.0, 0.0, 0.0, 0.0, 0.0], [0])",-0.0,-0.0,-0.0,-0.0,-0.0,-0.0,0.0,0.3311331331331331,-0.43678678678678406,1.202078727796482
66,"([0.5, 0.15, 0.12, 0.19, 0.02, 0.03], [3])","([1.0, 0.0, 0.0, 0.0, 0.0, 0.0], [0])",-0.0,-0.0,-0.0,-0.63,-0.0,-0.0,-0.63,0.3311331331331331,-0.13791991991991714,1.202078727796482
67,"([0.5, 0.15, 0.12, 0.19, 0.02, 0.03], [0])","([1.0, 0.0, 0.0, 0.0, 0.0, 0.0], [0])",-0.0,-0.0,-0.0,-0.0,-0.0,-0.0,0.0,0.3311331331331331,-0.46905305305305023,1.202078727796482
68,"([0.5, 0.15, 0.12, 0.19, 0.02, 0.03], [0])","([1.0, 0.0, 0.0, 0.0, 0.0, 0.0], [0])",-0.0,-0.0,-0.0,-0.0,-0.0,-0.0,0.0,0.3311331331331331,-0.8001861861861833,1.202078727796482
69,"([0.5, 0.15, 0.12, 0.19, 0.02, 0.03], [3])","([1.0, 0.0, 0.0, 0.0, 0.0, 0.0], [0])",-0.0,-0.0,-0.0,-0.63,-0.0,-0.0,-0.63,0.3311331331331331,-0.5013193193193164,1.202078727796482
70,"([0.5, 0.15, 0.12, 0.19, 0.02, 0.03], [0])","([1.0, 0.0, 0.0, 0.0, 0.0, 0.0], [0])",-0.0,-0.0,-0.0,-0.0,-0.0,-0.0,0.0,0.3311331331331331,-0.8324524524524495,1.202078727796482
71,"([0.5, 0.15, 0.12, 0.19, 0.02, 0.03], [0])","([1.0, 0.0, 0.0, 0.0, 0.0, 0.0], [0])",-0.0,-0.0,-0.0,-0.0,-0.0,-0.0,0.0,0.3311331331331331,-1.1635855855855826,1.202078727796482
72,"([0.5, 0.15, 0.12, 0.19, 0.02, 0.03], [0])","([1.0, 0.0, 0.0, 0.0, 0.0, 0.0], [0])",-0.0,-0.0,-0.0,-0.0,-0.0,-0.0,0.0,0.3311331331331331,-1.4947187187187156,1.202078727796482
73,"([0.5, 0.15, 0.12, 0.19, 0.02, 0.03], [0])","([1.0, 0.0, 0.0, 0.0, 0.0, 0.0], [0])",-0.0,-0.0,-0.0,-0.0,-0.0,-0.0,0.0,0.3311331331331331,-1.8258518518518487,1.202078727796482
74,"([0.5, 0.15, 0.12, 0.19, 0.02, 0.03], [0])","([1.0, 0.0, 0.0, 0.0, 0.0, 0.0], [0])",-0.0,-0.0,-0.0,-0.0,-0.0,-0.0,0.0,0.3311331331331331,-2.156984984984982,1.202078727796482
75,"([0.5, 0.15, 0.12, 0.19, 0.02, 0.03], [2])","([1.0, 0.0, 0.0, 0.0, 0.0, 0.0], [0])",-0.0,-0.0,-0.7909999999999999,-0.0,-0.0,-0.0,-0.7909999999999999,0.3311331331331331,-1.6971181181181152,1.202078727796482
76,"([0.5, 0.15, 0.12, 0.19, 0.02, 0.03], [3])","([1.0, 0.0, 0.0, 0.0, 0.0, 0.0], [0])",-0.0,-0.0,-0.0,-0.63,-0.0,-0.0,-0.63,0.3311331331331331,-1.3982512512512484,1.202078727796482
77,"([0.5, 0.15, 0.12, 0.19, 0.02, 0.03], [0])","([1.0, 0.0, 0.0, 0.0, 0.0, 0.0], [0])",-0.0,-0.0,-0.0,-0.0,-0.0,-0.0,0.0,0.3311331331331331,-1.7293843843843815,1.202078727796482
78,"([0.5, 0.15, 0.12, 0.19, 0.02, 0.03], [0])","([1.0, 0.0, 0.0, 0.0, 0.0, 0.0], [0])",-0.0,-0.0,-0.0,-0.0,-0.0,-0.0,0.0,0.3311331331331331,-2.0605175175175146,1.202078727796482
79,"([0.5, 0.15, 0.12, 0.19, 0.02, 0.03], [0])","([1.0, 0.0, 0.0, 0.0, 0.0, 0.0], [0])",-0.0,-0.0,-0.0,-0.0,-0.0,-0.0,0.0,0.3311331331331331,-2.3916506506506474,1.202078727796482
80,"([0.5, 0.15, 0.12, 0.19, 0.02, 0.03], [2])","([1.0, 0.0, 0.0, 0.0, 0.0, 0.0], [0])",-0.0,-0.0,-0.7909999999999999,-0.0,-0.0,-0.0,-0.7909999999999999,0.3311331331331331,-1.9317837837837806,1.202078727796482
81,"([0.5, 0.15, 0.12, 0.19, 0.02, 0.03], [0])","([1.0, 0.0, 0.0, 0.0, 0.0, 0.0], [0])",-0.0,-0.0,-0.0,-0.0,-0.0,-0.0,0.0,0.3311331331331331,-2.2629169169169137,1.202078727796482
82,"([0.5, 0.15, 0.12, 0.19, 0.02, 0.03], [2])","([1.0, 0.0, 0.0, 0.0, 0.0, 0.0], [0])",-0.0,-0.0,-0.7909999999999999,-0.0,-0.0,-0.0,-0.7909999999999999,0.3311331331331331,-1.8030500500500468,1.202078727796482
83,"([0.5, 0.15, 0.12, 0.19, 0.02, 0.03], [0])","([1.0, 0.0, 0.0, 0.0, 0.0, 0.0], [0])",-0.0,-0.0,-0.0,-0.0,-0.0,-0.0,0.0,0.3311331331331331,-2.13418318318318,1.202078727796482
84,"([0.5, 0.15, 0.12, 0.19, 0.02, 0.03], [1])","([1.0, 0.0, 0.0, 0.0, 0.0, 0.0], [0])",-0.0,-0.61,-0.0,-0.0,-0.0,-0.0,-0.61,0.3311331331331331,-1.8553163163163129,1.202078727796482
85,"([0.5, 0.15, 0.12, 0.19, 0.02, 0.03], [1])","([1.0, 0.0, 0.0, 0.0, 0.0, 0.0], [0])",-0.0,-0.61,-0.0,-0.0,-0.0,-0.0,-0.61,0.3311331331331331,-1.5764494494494459,1.202078727796482
86,"([0.5, 0.15, 0.12, 0.19, 0.02, 0.03], [1])","([1.0, 0.0, 0.0, 0.0, 0.0, 0.0], [0])",-0.0,-0.61,-0.0,-0.0,-0.0,-0.0,-0.61,0.3311331331331331,-1.2975825825825789,1.202078727796482
87,"([0.5, 0.15, 0.12, 0.19, 0.02, 0.03], [1])","([1.0, 0.0, 0.0, 0.0, 0.0, 0.0], [0])",-0.0,-0.61,-0.0,-0.0,-0.0,-0.0,-0.61,0.3311331331331331,-1.0187157157157118,1.202078727796482
88,"([0.5, 0.15, 0.12, 0.19, 0.02, 0.03], [1])","([1.0, 0.0, 0.0, 0.0, 0.0, 0.0], [0])",-0.0,-0.61,-0.0,-0.0,-0.0,-0.0,-0.61,0.3311331331331331,-0.7398488488488449,1.202078727796482
89,"([0.5, 0.15, 0.12, 0.19, 0.02, 0.03], [0])","([1.0, 0.0, 0.0, 0.0, 0.0, 0.0], [0])",-0.0,-0.0,-0.0,-0.0,-0.0,-0.0,0.0,0.3311331331331331,-1.0709819819819781,1.202078727796482
90,"([0.5, 0.15, 0.12, 0.19, 0.02, 0.03], [3])","([1.0, 0.0, 0.0, 0.0, 0.0, 0.0], [0])",-0.0,-0.0,-0.0,-0.63,-0.0,-0.0,-0.63,0.3311331331331331,-0.7721151151151112,1.202078727796482
91,"([0.5, 0.15, 0.12, 0.19, 0.02, 0.03], [3])","([1.0, 0.0, 0.0, 0.0, 0.0, 0.0], [0])",-0.0,-0.0,-0.0,-0.63,-0.0,-0.0,-0.63,0.3311331331331331,-0.4732482482482443,1.202078727796482
92,"([0.5, 0.15, 0.12, 0.19, 0.02, 0.03], [3])","([1.0, 0.0, 0.0, 0.0, 0.0, 0.0], [0])",-0.0,-0.0,-0.0,-0.63,-0.0,-0.0,-0.63,0.3311331331331331,-0.17438138138137738,1.202078727796482
93,"([0.5, 0.15, 0.12, 0.19, 0.02, 0.03], [0])","([1.0, 0.0, 0.0, 0.0, 0.0, 0.0], [0])",-0.0,-0.0,-0.0,-0.0,-0.0,-0.0,0.0,0.3311331331331331,-0.5055145145145105,1.202078727796482
94,"([0.5, 0.15, 0.12, 0.19, 0.02, 0.03], [1])","([1.0, 0.0, 0.0, 0.0, 0.0, 0.0], [0])",-0.0,-0.61,-0.0,-0.0,-0.0,-0.0,-0.61,0.3311331331331331,-0.22664764764764356,1.202078727796482
95,"([0.5, 0.15, 0.12, 0.19, 0.02, 0.03], [0])","([1.0, 0.0, 0.0, 0.0, 0.0, 0.0], [0])",-0.0,-0.0,-0.0,-0.0,-0.0,-0.0,0.0,0.3311331331331331,-0.5577807807807766,1.202078727796482
96,"([0.5, 0.15, 0.12, 0.19, 0.02, 0.03], [0])","([1.0, 0.0, 0.0, 0.0, 0.0, 0.0], [0])",-0.0,-0.0,-0.0,-0.0,-0.0,-0.0,0.0,0.3311331331331331,-0.8889139139139097,1.202078727796482
97,"([0.5, 0.15, 0.12, 0.19, 0.02, 0.03], [0])","([1.0, 0.0, 0.0, 0.0, 0.0, 0.0], [0])",-0.0,-0.0,-0.0,-0.0,-0.0,-0.0,0.0,0.3311331331331331,-1.2200470470470428,1.202078727796482
98,"([0.5, 0.15, 0.12, 0.19, 0.02, 0.03], [1])","([1.0, 0.0, 0.0, 0.0, 0.0, 0.0], [0])",-0.0,-0.61,-0.0,-0.0,-0.0,-0.0,-0.61,0.3311331331331331,-0.9411801801801759,1.202078727796482
99,"([0.5, 0.15, 0.12, 0.19, 0.02, 0.03], [0])","([1.0, 0.0, 0.0, 0.0, 0.0, 0.0], [0])",-0.0,-0.0,-0.0,-0.0,-0.0,-0.0,0.0,0.3311331331331331,-1.272313313313309,1.202078727796482
