,suqr-1,FB-0,feedback target 0,feedback target 1,feedback target 2,feedback target 3,feedback target 4,feedback target 5,total,exp_loss,actual_regret,exp_regret
0,"([0.09, 0.18, 0.22, 0.29, 0.09, 0.14], [3])","([0.3, 0.13, 0.08, 0.02, 0.28, 0.19], [4])",-0.0,-0.0,-0.0,-0.6759999999999999,-0.0,-0.0,-0.6759999999999999,0.660764845716486,0.019110619442231247,0.003875465158717284
1,"([0.09, 0.18, 0.22, 0.29, 0.09, 0.14], [3])","([0.3, 0.13, 0.08, 0.02, 0.28, 0.19], [0])",-0.0,-0.0,-0.0,-0.6759999999999999,-0.0,-0.0,-0.6759999999999999,0.660764845716486,0.038221238884462494,0.007750930317434568
2,"([0.09, 0.18, 0.22, 0.29, 0.09, 0.14], [3])","([0.3, 0.13, 0.08, 0.02, 0.28, 0.19], [0])",-0.0,-0.0,-0.0,-0.6759999999999999,-0.0,-0.0,-0.6759999999999999,0.660764845716486,0.05733185832669374,0.011626395476151852
3,"([0.09, 0.18, 0.22, 0.29, 0.09, 0.14], [3])","([0.3, 0.13, 0.08, 0.02, 0.28, 0.19], [0])",-0.0,-0.0,-0.0,-0.6759999999999999,-0.0,-0.0,-0.6759999999999999,0.660764845716486,0.07644247776892499,0.015501860634869136
4,"([0.09, 0.18, 0.22, 0.29, 0.09, 0.14], [3])","([0.3, 0.13, 0.08, 0.02, 0.28, 0.19], [0])",-0.0,-0.0,-0.0,-0.6759999999999999,-0.0,-0.0,-0.6759999999999999,0.660764845716486,0.09555309721115623,0.01937732579358642
5,"([0.09, 0.18, 0.22, 0.29, 0.09, 0.14], [5])","([0.3, 0.13, 0.08, 0.02, 0.28, 0.19], [0])",-0.0,-0.0,-0.0,-0.0,-0.0,-0.812,-0.812,0.660764845716486,0.2506637166533876,0.023252790952303704
6,"([0.14, 0.17, 0.19, 0.22, 0.14, 0.15], [4])","([0.22, 0.15, 0.13, 0.09, 0.22, 0.18], [5])",-0.0,-0.0,-0.0,-0.0,-0.922,-0.0,-0.922,0.6588398444109976,0.515774336095619,0.02520325480553265
7,"([0.13, 0.17, 0.19, 0.22, 0.13, 0.15], [3])","([0.23, 0.15, 0.12, 0.09, 0.23, 0.18], [4])",-0.0,-0.0,-0.0,-0.6759999999999999,-0.0,-0.0,-0.6759999999999999,0.6581100248453376,0.5348849555378502,0.02642389909310161
8,"([0.13, 0.17, 0.19, 0.22, 0.13, 0.15], [3])","([0.23, 0.15, 0.12, 0.09, 0.23, 0.18], [0])",-0.0,-0.0,-0.0,-0.6759999999999999,-0.0,-0.0,-0.6759999999999999,0.6581132478159424,0.5539955749800815,0.027647766351275305
9,"([0.13, 0.17, 0.19, 0.22, 0.14, 0.15], [5])","([0.22, 0.15, 0.13, 0.09, 0.22, 0.18], [1])",-0.0,-0.0,-0.0,-0.0,-0.0,-0.812,-0.812,0.6587810586404818,0.7091061944223128,0.02953944443398837
10,"([0.13, 0.17, 0.19, 0.22, 0.13, 0.15], [2])","([0.23, 0.15, 0.12, 0.09, 0.23, 0.18], [5])",-0.0,-0.0,-0.7190000000000001,-0.0,-0.0,-0.0,-0.7190000000000001,0.658112720017376,0.7712168138645442,0.030762783893595658
11,"([0.13, 0.17, 0.19, 0.22, 0.13, 0.15], [2])","([0.23, 0.15, 0.12, 0.09, 0.23, 0.18], [5])",-0.0,-0.0,-0.7190000000000001,-0.0,-0.0,-0.0,-0.7190000000000001,0.6581134367181561,0.8333274333067756,0.03198684005398311
12,"([0.13, 0.17, 0.19, 0.22, 0.13, 0.15], [5])","([0.23, 0.15, 0.13, 0.09, 0.22, 0.18], [1])",-0.0,-0.0,-0.0,-0.0,-0.0,-0.812,-0.812,0.6583335064473733,0.988438052749007,0.03343096594358774
13,"([0.13, 0.17, 0.19, 0.22, 0.13, 0.15], [4])","([0.23, 0.15, 0.12, 0.09, 0.23, 0.18], [0])",-0.0,-0.0,-0.0,-0.0,-0.922,-0.0,-0.922,0.6581074995135799,1.2535486721912383,0.034649084899398996
14,"([0.13, 0.17, 0.19, 0.23, 0.13, 0.15], [2])","([0.23, 0.15, 0.12, 0.08, 0.23, 0.18], [3])",-0.0,-0.0,-0.7190000000000001,-0.0,-0.0,-0.0,-0.7190000000000001,0.6578646174199589,1.3156592916334697,0.03562432176158925
15,"([0.13, 0.17, 0.19, 0.23, 0.13, 0.15], [2])","([0.23, 0.15, 0.12, 0.08, 0.23, 0.18], [5])",-0.0,-0.0,-0.7190000000000001,-0.0,-0.0,-0.0,-0.7190000000000001,0.657890413512771,1.3777699110757011,0.03662535471659156
16,"([0.13, 0.17, 0.19, 0.23, 0.13, 0.15], [1])","([0.23, 0.15, 0.12, 0.08, 0.23, 0.18], [4])",-0.0,-0.76,-0.0,-0.0,-0.0,-0.0,-0.76,0.6579222711695162,1.4808805305179324,0.03765824532833906
17,"([0.13, 0.17, 0.19, 0.23, 0.13, 0.15], [1])","([0.23, 0.15, 0.12, 0.08, 0.23, 0.18], [0])",-0.0,-0.76,-0.0,-0.0,-0.0,-0.0,-0.76,0.6578816262230953,1.5839911499601638,0.03865049099366569
18,"([0.13, 0.17, 0.19, 0.23, 0.13, 0.15], [1])","([0.23, 0.15, 0.12, 0.08, 0.23, 0.18], [5])",-0.0,-0.76,-0.0,-0.0,-0.0,-0.0,-0.76,0.657823548800859,1.687101769402395,0.039584659236756026
19,"([0.13, 0.17, 0.19, 0.23, 0.13, 0.15], [5])","([0.23, 0.15, 0.12, 0.08, 0.23, 0.18], [0])",-0.0,-0.0,-0.0,-0.0,-0.0,-0.812,-0.812,0.6577779017548053,1.8422123888446265,0.040473180433792666
20,"([0.13, 0.17, 0.19, 0.23, 0.13, 0.15], [2])","([0.24, 0.15, 0.12, 0.08, 0.23, 0.18], [2])",-0.0,-0.0,-0.0,-0.0,-0.0,-0.0,0.0,0.6576553228666161,1.1853230082868578,0.04123912274264008
21,"([0.13, 0.17, 0.19, 0.23, 0.13, 0.15], [3])","([0.24, 0.15, 0.12, 0.08, 0.23, 0.18], [4])",-0.0,-0.0,-0.0,-0.6759999999999999,-0.0,-0.0,-0.6759999999999999,0.6576830762886172,1.204433627729089,0.04203281847348861
22,"([0.13, 0.17, 0.19, 0.23, 0.13, 0.15], [5])","([0.23, 0.15, 0.12, 0.08, 0.23, 0.18], [1])",-0.0,-0.0,-0.0,-0.0,-0.0,-0.812,-0.812,0.6578095592468831,1.3595442471713204,0.042952997162603035
23,"([0.13, 0.17, 0.19, 0.23, 0.13, 0.15], [4])","([0.24, 0.15, 0.12, 0.08, 0.23, 0.18], [4])",-0.0,-0.0,-0.0,-0.0,-0.0,-0.0,0.0,0.6577064635826187,0.7026548666135517,0.0437700801874531
24,"([0.12, 0.17, 0.19, 0.23, 0.13, 0.15], [3])","([0.24, 0.15, 0.12, 0.08, 0.23, 0.18], [4])",-0.0,-0.0,-0.0,-0.6759999999999999,-0.0,-0.0,-0.6759999999999999,0.6575049734725478,0.721765486055783,0.04438567310223218
25,"([0.13, 0.17, 0.19, 0.23, 0.13, 0.15], [1])","([0.24, 0.15, 0.12, 0.08, 0.23, 0.18], [3])",-0.0,-0.76,-0.0,-0.0,-0.0,-0.0,-0.76,0.6576177343949734,0.8248761054980143,0.04511402693943689
26,"([0.13, 0.17, 0.19, 0.23, 0.13, 0.15], [2])","([0.24, 0.15, 0.12, 0.08, 0.23, 0.18], [4])",-0.0,-0.0,-0.7190000000000001,-0.0,-0.0,-0.0,-0.7190000000000001,0.6575957766250891,0.8869867249402457,0.04582042300675726
27,"([0.13, 0.17, 0.19, 0.23, 0.13, 0.15], [3])","([0.24, 0.15, 0.12, 0.08, 0.23, 0.18], [5])",-0.0,-0.0,-0.0,-0.6759999999999999,-0.0,-0.0,-0.6759999999999999,0.6576340422322735,0.9060973443824769,0.04656508468126208
28,"([0.13, 0.17, 0.19, 0.23, 0.13, 0.15], [2])","([0.24, 0.15, 0.12, 0.08, 0.23, 0.18], [3])",-0.0,-0.0,-0.7190000000000001,-0.0,-0.0,-0.0,-0.7190000000000001,0.6577269987264238,0.9682079638247083,0.04740270284991721
29,"([0.13, 0.17, 0.19, 0.23, 0.13, 0.15], [3])","([0.23, 0.15, 0.12, 0.08, 0.23, 0.18], [5])",-0.0,-0.0,-0.0,-0.6759999999999999,-0.0,-0.0,-0.6759999999999999,0.6577489476322425,0.9873185832669396,0.04826226992439098
30,"([0.13, 0.17, 0.19, 0.23, 0.13, 0.15], [4])","([0.23, 0.15, 0.12, 0.08, 0.23, 0.18], [1])",-0.0,-0.0,-0.0,-0.0,-0.922,-0.0,-0.922,0.6578529292487125,1.252429202709171,0.049225818615334815
31,"([0.13, 0.17, 0.19, 0.23, 0.13, 0.15], [3])","([0.24, 0.15, 0.12, 0.08, 0.23, 0.18], [5])",-0.0,-0.0,-0.0,-0.6759999999999999,-0.0,-0.0,-0.6759999999999999,0.6576775429569558,1.2715398221514023,0.050013981014521924
32,"([0.13, 0.17, 0.19, 0.23, 0.13, 0.15], [2])","([0.23, 0.15, 0.12, 0.08, 0.23, 0.18], [1])",-0.0,-0.0,-0.7190000000000001,-0.0,-0.0,-0.0,-0.7190000000000001,0.6577562957770131,1.3336504415936337,0.05088089623376635
33,"([0.13, 0.17, 0.19, 0.23, 0.13, 0.15], [4])","([0.23, 0.15, 0.12, 0.08, 0.23, 0.18], [0])",-0.0,-0.0,-0.0,-0.0,-0.922,-0.0,-0.922,0.6577863323980966,1.598761061035865,0.051777848074094246
34,"([0.13, 0.17, 0.19, 0.23, 0.13, 0.15], [1])","([0.24, 0.15, 0.12, 0.08, 0.23, 0.18], [1])",-0.0,-0.0,-0.0,-0.0,-0.0,-0.0,0.0,0.6576473517628176,0.9418716804780962,0.05253581927914319
35,"([0.13, 0.17, 0.19, 0.23, 0.13, 0.15], [0])","([0.24, 0.15, 0.12, 0.08, 0.23, 0.18], [0])",-0.0,-0.0,-0.0,-0.0,-0.0,-0.0,0.0,0.657607848339286,0.28498229992032753,0.05325428706066049
36,"([0.12, 0.17, 0.19, 0.23, 0.13, 0.15], [2])","([0.24, 0.15, 0.12, 0.08, 0.23, 0.18], [2])",-0.0,-0.0,-0.0,-0.0,-0.0,-0.0,0.0,0.657471407966014,-0.37190708063744116,0.0538363144689058
37,"([0.12, 0.17, 0.19, 0.23, 0.13, 0.15], [4])","([0.24, 0.15, 0.12, 0.08, 0.23, 0.18], [1])",-0.0,-0.0,-0.0,-0.0,-0.922,-0.0,-0.922,0.657504958676961,-0.1067964611952098,0.05445189258809813
38,"([0.12, 0.17, 0.2, 0.23, 0.13, 0.15], [5])","([0.24, 0.15, 0.12, 0.08, 0.23, 0.18], [4])",-0.0,-0.0,-0.0,-0.0,-0.0,-0.812,-0.812,0.6573789922575075,0.048314158247021566,0.05494150428783695
39,"([0.12, 0.17, 0.2, 0.23, 0.13, 0.15], [1])","([0.24, 0.15, 0.12, 0.08, 0.23, 0.18], [4])",-0.0,-0.76,-0.0,-0.0,-0.0,-0.0,-0.76,0.6573350610564541,0.1514247776892529,0.05538718478652238
40,"([0.12, 0.17, 0.2, 0.23, 0.13, 0.15], [2])","([0.24, 0.15, 0.12, 0.08, 0.23, 0.18], [4])",-0.0,-0.0,-0.7190000000000001,-0.0,-0.0,-0.0,-0.7190000000000001,0.6573354480788569,0.21353539713148428,0.055833252307610604
41,"([0.12, 0.17, 0.2, 0.23, 0.13, 0.15], [4])","([0.24, 0.15, 0.12, 0.08, 0.23, 0.18], [0])",-0.0,-0.0,-0.0,-0.0,-0.922,-0.0,-0.922,0.6573455706970338,0.47864601657371564,0.056289442446875726
42,"([0.12, 0.17, 0.2, 0.23, 0.12, 0.15], [5])","([0.24, 0.15, 0.12, 0.08, 0.24, 0.18], [4])",-0.0,-0.0,-0.0,-0.0,-0.0,-0.812,-0.812,0.6572491903112008,0.633756636015947,0.05664925220030781
43,"([0.12, 0.17, 0.2, 0.23, 0.12, 0.15], [3])","([0.24, 0.15, 0.12, 0.08, 0.24, 0.18], [4])",-0.0,-0.0,-0.0,-0.6759999999999999,-0.0,-0.0,-0.6759999999999999,0.6572055835567465,0.6528672554581783,0.05696545519928564
44,"([0.12, 0.17, 0.2, 0.23, 0.13, 0.15], [4])","([0.24, 0.15, 0.12, 0.08, 0.23, 0.18], [0])",-0.0,-0.0,-0.0,-0.0,-0.922,-0.0,-0.922,0.6572675032245309,0.9179778749004096,0.057343577866047823
45,"([0.12, 0.17, 0.2, 0.23, 0.12, 0.15], [2])","([0.24, 0.15, 0.12, 0.08, 0.24, 0.18], [1])",-0.0,-0.0,-0.7190000000000001,-0.0,-0.0,-0.0,-0.7190000000000001,0.657175920149367,0.980088494342641,0.057630117457646124
46,"([0.12, 0.17, 0.2, 0.23, 0.12, 0.15], [5])","([0.24, 0.15, 0.12, 0.08, 0.24, 0.18], [3])",-0.0,-0.0,-0.0,-0.0,-0.0,-0.812,-0.812,0.6571935301652062,1.1351991137848723,0.057934267065083644
47,"([0.12, 0.17, 0.2, 0.23, 0.12, 0.15], [4])","([0.24, 0.15, 0.12, 0.08, 0.24, 0.18], [0])",-0.0,-0.0,-0.0,-0.0,-0.922,-0.0,-0.922,0.6571744110777062,1.4003097332271035,0.0582192975850212
48,"([0.12, 0.17, 0.2, 0.23, 0.12, 0.15], [1])","([0.25, 0.15, 0.11, 0.08, 0.24, 0.18], [4])",-0.0,-0.76,-0.0,-0.0,-0.0,-0.0,-0.76,0.6570923130805217,1.5034203526693348,0.05842223010777425
49,"([0.12, 0.17, 0.2, 0.23, 0.12, 0.15], [3])","([0.25, 0.15, 0.11, 0.08, 0.24, 0.18], [5])",-0.0,-0.0,-0.0,-0.6759999999999999,-0.0,-0.0,-0.6759999999999999,0.6570965169355116,1.522530972111566,0.0586293664855172
50,"([0.12, 0.17, 0.2, 0.23, 0.12, 0.15], [1])","([0.24, 0.15, 0.12, 0.08, 0.24, 0.18], [2])",-0.0,-0.76,-0.0,-0.0,-0.0,-0.0,-0.76,0.6571315604652469,1.6256415915537974,0.05887154639299541
51,"([0.12, 0.17, 0.2, 0.23, 0.12, 0.15], [0])","([0.24, 0.15, 0.12, 0.08, 0.24, 0.18], [4])",-0.9390000000000001,-0.0,-0.0,-0.0,-0.0,-0.0,-0.9390000000000001,0.6571430562183336,1.9077522109960288,0.0591252220535603
52,"([0.12, 0.17, 0.2, 0.23, 0.12, 0.15], [5])","([0.25, 0.15, 0.11, 0.08, 0.24, 0.18], [0])",-0.0,-0.0,-0.0,-0.0,-0.0,-0.812,-0.812,0.6570638375971131,2.0628628304382604,0.05929967909290468
53,"([0.12, 0.17, 0.2, 0.23, 0.12, 0.15], [0])","([0.25, 0.15, 0.11, 0.07, 0.24, 0.18], [0])",-0.0,-0.0,-0.0,-0.0,-0.0,-0.0,0.0,0.6570390948536177,1.4059734498804917,0.05944939338875366
54,"([0.12, 0.17, 0.2, 0.24, 0.12, 0.15], [5])","([0.25, 0.14, 0.11, 0.07, 0.24, 0.18], [1])",-0.0,-0.0,-0.0,-0.0,-0.0,-0.812,-0.812,0.6569833124790547,1.561084069322723,0.059543325310039696
55,"([0.12, 0.17, 0.2, 0.24, 0.12, 0.15], [3])","([0.25, 0.14, 0.11, 0.07, 0.24, 0.18], [5])",-0.0,-0.0,-0.0,-0.6759999999999999,-0.0,-0.0,-0.6759999999999999,0.6569676495699082,1.5801946887649543,0.05962159432217917
56,"([0.12, 0.17, 0.2, 0.24, 0.12, 0.15], [2])","([0.25, 0.14, 0.11, 0.07, 0.24, 0.18], [4])",-0.0,-0.0,-0.7190000000000001,-0.0,-0.0,-0.0,-0.7190000000000001,0.6570005754669861,1.6423053082071857,0.05973278923139658
57,"([0.12, 0.17, 0.2, 0.24, 0.12, 0.15], [3])","([0.25, 0.15, 0.11, 0.07, 0.24, 0.18], [5])",-0.0,-0.0,-0.0,-0.6759999999999999,-0.0,-0.0,-0.6759999999999999,0.657015989867149,1.661415927649417,0.05985939854077693
58,"([0.12, 0.17, 0.2, 0.23, 0.12, 0.15], [2])","([0.25, 0.15, 0.11, 0.08, 0.24, 0.18], [0])",-0.0,-0.0,-0.7190000000000001,-0.0,-0.0,-0.0,-0.7190000000000001,0.6570492368632518,1.7235265470916483,0.06001925484626003
59,"([0.12, 0.17, 0.2, 0.23, 0.12, 0.15], [4])","([0.25, 0.15, 0.11, 0.08, 0.24, 0.18], [4])",-0.0,-0.0,-0.0,-0.0,-0.0,-0.0,0.0,0.6570662401562751,1.0666371665338796,0.06019611444476647
60,"([0.12, 0.17, 0.2, 0.24, 0.12, 0.15], [5])","([0.25, 0.14, 0.11, 0.07, 0.24, 0.18], [2])",-0.0,-0.0,-0.0,-0.0,-0.0,-0.812,-0.812,0.6570155160526849,1.221747785976111,0.060322249939682715
61,"([0.12, 0.17, 0.2, 0.24, 0.12, 0.15], [5])","([0.25, 0.14, 0.11, 0.07, 0.24, 0.18], [0])",-0.0,-0.0,-0.0,-0.0,-0.0,-0.812,-0.812,0.6569985213847398,1.3768584054183424,0.060431390766653825
62,"([0.12, 0.17, 0.2, 0.24, 0.12, 0.15], [5])","([0.25, 0.14, 0.11, 0.07, 0.24, 0.18], [4])",-0.0,-0.0,-0.0,-0.0,-0.0,-0.812,-0.812,0.6569891127481357,1.5319690248605737,0.06053112295702079
63,"([0.12, 0.18, 0.2, 0.24, 0.12, 0.15], [2])","([0.25, 0.14, 0.11, 0.07, 0.24, 0.18], [4])",-0.0,-0.0,-0.7190000000000001,-0.0,-0.0,-0.0,-0.7190000000000001,0.656963833724724,1.5940796443028051,0.0606055761239761
64,"([0.12, 0.17, 0.2, 0.24, 0.12, 0.15], [0])","([0.25, 0.14, 0.11, 0.07, 0.24, 0.18], [0])",-0.0,-0.0,-0.0,-0.0,-0.0,-0.0,0.0,0.6569800113103117,0.9371902637450364,0.06069620687651911
65,"([0.12, 0.18, 0.2, 0.24, 0.12, 0.15], [0])","([0.25, 0.14, 0.11, 0.07, 0.24, 0.18], [5])",-0.9390000000000001,-0.0,-0.0,-0.0,-0.0,-0.0,-0.9390000000000001,0.656941260930836,1.2193008831872678,0.06074808724958647
66,"([0.11, 0.18, 0.2, 0.24, 0.12, 0.15], [4])","([0.25, 0.14, 0.11, 0.07, 0.24, 0.18], [0])",-0.0,-0.0,-0.0,-0.0,-0.922,-0.0,-0.922,0.6569078538191956,1.484411502629499,0.06076656051101337
67,"([0.11, 0.18, 0.2, 0.24, 0.12, 0.15], [4])","([0.25, 0.14, 0.11, 0.07, 0.25, 0.18], [0])",-0.0,-0.0,-0.0,-0.0,-0.922,-0.0,-0.922,0.6568934451620995,1.7495221220717303,0.060770625115344146
68,"([0.11, 0.18, 0.2, 0.24, 0.12, 0.15], [0])","([0.26, 0.14, 0.11, 0.07, 0.25, 0.18], [4])",-0.9390000000000001,-0.0,-0.0,-0.0,-0.0,-0.0,-0.9390000000000001,0.6568894501543499,2.0316327415139614,0.06077069471192531
69,"([0.11, 0.18, 0.2, 0.24, 0.11, 0.15], [2])","([0.26, 0.14, 0.11, 0.07, 0.25, 0.18], [5])",-0.0,-0.0,-0.7190000000000001,-0.0,-0.0,-0.0,-0.7190000000000001,0.6569055264644107,2.093743360956193,0.06078684061856732
70,"([0.11, 0.18, 0.2, 0.24, 0.11, 0.15], [3])","([0.26, 0.14, 0.11, 0.07, 0.25, 0.18], [4])",-0.0,-0.0,-0.0,-0.6759999999999999,-0.0,-0.0,-0.6759999999999999,0.6568965111895625,2.112853980398424,0.06079397125036112
71,"([0.11, 0.18, 0.2, 0.24, 0.12, 0.15], [1])","([0.26, 0.14, 0.11, 0.07, 0.25, 0.18], [2])",-0.0,-0.76,-0.0,-0.0,-0.0,-0.0,-0.76,0.6568891475617245,2.2159645998406554,0.06079373825431689
72,"([0.11, 0.18, 0.2, 0.24, 0.12, 0.15], [2])","([0.26, 0.14, 0.11, 0.07, 0.25, 0.18], [0])",-0.0,-0.0,-0.7190000000000001,-0.0,-0.0,-0.0,-0.7190000000000001,0.6568891610924146,2.278075219282887,0.060793518788962775
73,"([0.11, 0.18, 0.2, 0.24, 0.12, 0.15], [2])","([0.26, 0.14, 0.11, 0.07, 0.25, 0.18], [0])",-0.0,-0.0,-0.7190000000000001,-0.0,-0.0,-0.0,-0.7190000000000001,0.6568895988433874,2.340185838725118,0.060793737074581466
74,"([0.11, 0.18, 0.2, 0.24, 0.12, 0.15], [3])","([0.25, 0.14, 0.11, 0.07, 0.25, 0.18], [1])",-0.0,-0.0,-0.0,-0.6759999999999999,-0.0,-0.0,-0.6759999999999999,0.6568924297153181,2.3592964581673495,0.06079678623213092
75,"([0.11, 0.18, 0.2, 0.24, 0.12, 0.15], [5])","([0.25, 0.14, 0.11, 0.07, 0.24, 0.18], [5])",-0.0,-0.0,-0.0,-0.0,-0.0,-0.0,0.0,0.6569007506038718,1.7024070776095808,0.060808156278233993
76,"([0.11, 0.18, 0.2, 0.24, 0.12, 0.15], [3])","([0.25, 0.14, 0.11, 0.07, 0.25, 0.18], [4])",-0.0,-0.0,-0.0,-0.6759999999999999,-0.0,-0.0,-0.6759999999999999,0.6568963837041789,1.721517697051812,0.060815159424644216
77,"([0.11, 0.18, 0.2, 0.24, 0.12, 0.15], [5])","([0.25, 0.14, 0.11, 0.07, 0.24, 0.18], [5])",-0.0,-0.0,-0.0,-0.0,-0.0,-0.0,0.0,0.6569100343235189,1.0646283164940433,0.06083581319039444
78,"([0.11, 0.18, 0.2, 0.24, 0.12, 0.15], [1])","([0.25, 0.14, 0.11, 0.07, 0.24, 0.18], [2])",-0.0,-0.76,-0.0,-0.0,-0.0,-0.0,-0.76,0.6569053921155823,1.1677389359362746,0.06085182474820805
79,"([0.11, 0.18, 0.2, 0.24, 0.12, 0.15], [2])","([0.25, 0.14, 0.11, 0.07, 0.24, 0.18], [4])",-0.0,-0.0,-0.7190000000000001,-0.0,-0.0,-0.0,-0.7190000000000001,0.6569021275916889,1.229849555378506,0.06086457178212823
80,"([0.11, 0.18, 0.2, 0.24, 0.12, 0.15], [3])","([0.25, 0.14, 0.11, 0.07, 0.24, 0.18], [1])",-0.0,-0.0,-0.0,-0.6759999999999999,-0.0,-0.0,-0.6759999999999999,0.6569092438168623,1.2489601748207373,0.060884435041221874
81,"([0.12, 0.18, 0.2, 0.24, 0.12, 0.15], [2])","([0.25, 0.14, 0.11, 0.07, 0.24, 0.18], [1])",-0.0,-0.0,-0.7190000000000001,-0.0,-0.0,-0.0,-0.7190000000000001,0.6569262065577784,1.3110707942629687,0.060921261041231634
82,"([0.12, 0.18, 0.2, 0.24, 0.12, 0.15], [5])","([0.25, 0.14, 0.11, 0.07, 0.24, 0.18], [0])",-0.0,-0.0,-0.0,-0.0,-0.0,-0.812,-0.812,0.6569287076411595,1.4661814137052,0.06096058812462246
83,"([0.12, 0.18, 0.2, 0.24, 0.12, 0.15], [4])","([0.25, 0.14, 0.11, 0.07, 0.24, 0.18], [0])",-0.0,-0.0,-0.0,-0.0,-0.922,-0.0,-0.922,0.656922457685251,1.7312920331474313,0.06099366525210481
84,"([0.11, 0.18, 0.2, 0.24, 0.12, 0.15], [3])","([0.25, 0.14, 0.11, 0.07, 0.24, 0.18], [4])",-0.0,-0.0,-0.0,-0.6759999999999999,-0.0,-0.0,-0.6759999999999999,0.656906640648435,1.7504026525896625,0.06101092534277108
85,"([0.11, 0.18, 0.2, 0.24, 0.12, 0.15], [4])","([0.25, 0.14, 0.11, 0.07, 0.24, 0.18], [1])",-0.0,-0.0,-0.0,-0.0,-0.922,-0.0,-0.922,0.6569187720543059,2.015513272031894,0.06104031683930833
86,"([0.11, 0.18, 0.2, 0.24, 0.12, 0.15], [5])","([0.25, 0.14, 0.11, 0.07, 0.24, 0.18], [0])",-0.0,-0.0,-0.0,-0.0,-0.0,-0.812,-0.812,0.6569030360032637,2.170623891474125,0.06105397228480336
87,"([0.11, 0.18, 0.2, 0.24, 0.12, 0.15], [3])","([0.25, 0.14, 0.11, 0.07, 0.24, 0.18], [1])",-0.0,-0.0,-0.0,-0.6759999999999999,-0.0,-0.0,-0.6759999999999999,0.6568992335006023,2.1897345109163564,0.06106382522763698
88,"([0.11, 0.18, 0.2, 0.24, 0.12, 0.15], [5])","([0.25, 0.14, 0.11, 0.07, 0.24, 0.18], [2])",-0.0,-0.0,-0.0,-0.0,-0.0,-0.812,-0.812,0.6569089197901332,2.3448451303585878,0.06108336446000151
89,"([0.11, 0.18, 0.2, 0.24, 0.12, 0.15], [1])","([0.25, 0.14, 0.11, 0.07, 0.24, 0.18], [0])",-0.0,-0.76,-0.0,-0.0,-0.0,-0.0,-0.76,0.6569037036101908,2.447955749800819,0.061097687512423615
90,"([0.11, 0.18, 0.2, 0.24, 0.12, 0.15], [5])","([0.25, 0.14, 0.11, 0.07, 0.24, 0.18], [4])",-0.0,-0.0,-0.0,-0.0,-0.0,-0.812,-0.812,0.6569041216272467,2.6030663692430505,0.06111242858190158
91,"([0.11, 0.18, 0.2, 0.24, 0.12, 0.15], [1])","([0.25, 0.14, 0.11, 0.07, 0.24, 0.18], [4])",-0.0,-0.76,-0.0,-0.0,-0.0,-0.0,-0.76,0.6569014994597783,2.706176988685282,0.06112454748391116
92,"([0.11, 0.18, 0.2, 0.24, 0.12, 0.15], [3])","([0.25, 0.14, 0.11, 0.07, 0.24, 0.18], [0])",-0.0,-0.0,-0.0,-0.6759999999999999,-0.0,-0.0,-0.6759999999999999,0.6569031624632622,2.725287608127513,0.061138329389404666
93,"([0.11, 0.18, 0.2, 0.24, 0.12, 0.15], [3])","([0.25, 0.14, 0.11, 0.07, 0.24, 0.18], [0])",-0.0,-0.0,-0.0,-0.6759999999999999,-0.0,-0.0,-0.6759999999999999,0.6569106414845077,2.7443982275697443,0.06115959031614371
94,"([0.12, 0.18, 0.2, 0.24, 0.12, 0.15], [5])","([0.25, 0.14, 0.11, 0.07, 0.24, 0.18], [4])",-0.0,-0.0,-0.0,-0.0,-0.0,-0.812,-0.812,0.6569230469812505,2.8995088470119756,0.0611932567396255
95,"([0.11, 0.18, 0.2, 0.24, 0.12, 0.15], [0])","([0.25, 0.14, 0.11, 0.07, 0.24, 0.18], [4])",-0.9390000000000001,-0.0,-0.0,-0.0,-0.0,-0.0,-0.9390000000000001,0.6569184788025836,3.1816194664542072,0.0612223549844404
96,"([0.11, 0.18, 0.2, 0.24, 0.12, 0.15], [2])","([0.25, 0.14, 0.11, 0.07, 0.24, 0.18], [4])",-0.0,-0.0,-0.7190000000000001,-0.0,-0.0,-0.0,-0.7190000000000001,0.6569025031257317,3.2437300858964386,0.06123547755240344
97,"([0.11, 0.18, 0.2, 0.24, 0.12, 0.15], [0])","([0.25, 0.14, 0.11, 0.07, 0.24, 0.18], [0])",-0.0,-0.0,-0.0,-0.0,-0.0,-0.0,0.0,0.6569050113426501,2.5868407053386697,0.061251108337284865
98,"([0.11, 0.18, 0.2, 0.24, 0.12, 0.15], [2])","([0.25, 0.14, 0.11, 0.07, 0.25, 0.18], [0])",-0.0,-0.0,-0.7190000000000001,-0.0,-0.0,-0.0,-0.7190000000000001,0.6568944504563187,2.648951324780901,0.061256178235834846
99,"([0.11, 0.18, 0.2, 0.24, 0.12, 0.15], [5])","([0.25, 0.14, 0.11, 0.07, 0.24, 0.18], [4])",-0.0,-0.0,-0.0,-0.0,-0.0,-0.812,-0.812,0.6568977553680707,2.8040619442231325,0.06126455304613687
