,suqr-1,FB-0,feedback target 0,feedback target 1,feedback target 2,feedback target 3,feedback target 4,feedback target 5,total,exp_loss,actual_regret,exp_regret
0,"([0.09, 0.18, 0.22, 0.29, 0.09, 0.14], [0])","([0.3, 0.13, 0.08, 0.02, 0.28, 0.19], [4])",-0.9390000000000001,-0.0,-0.0,-0.0,-0.0,-0.0,-0.9390000000000001,0.660764845716486,0.2821109680642212,0.003875813780707116
1,"([0.0, 0.2, 0.19, 0.18, 0.22, 0.2], [4])","([1, 0, 0, 0, 0, 0], [0])",-0.0,-0.0,-0.0,-0.0,-0.922,-0.0,-0.922,0.7825664849748802,0.5472219361284424,0.1295532668198085
2,"([0.0, 0.2, 0.19, 0.18, 0.22, 0.2], [2])","([1, 0, 0, 0, 0, 0], [0])",-0.0,-0.0,-0.7190000000000001,-0.0,-0.0,-0.0,-0.7190000000000001,0.7825664849748802,0.6093329041926636,0.2552307198589099
3,"([0.22, 0.19, 0.18, 0.0, 0.21, 0.2], [1])","([0, 0, 0, 1, 0, 0], [3])",-0.0,-0.76,-0.0,-0.0,-0.0,-0.0,-0.76,0.8355195738302303,0.7124438722568848,0.43386126175336137
4,"([0.0, 0.2, 0.19, 0.18, 0.22, 0.2], [5])","([1, 0, 0, 0, 0, 0], [0])",-0.0,-0.0,-0.0,-0.0,-0.0,-0.812,-0.812,0.7825664849748802,0.867554840321106,0.5595387147924628
5,"([0.11, 0.18, 0.21, 0.25, 0.11, 0.15], [5])","([0.26, 0.14, 0.11, 0.06, 0.25, 0.18], [5])",-0.0,-0.0,-0.0,-0.0,-0.0,-0.0,0.0,0.6569268429901572,0.2106658083853271,0.5595765258468411
6,"([0.22, 0.19, 0.0, 0.18, 0.22, 0.2], [5])","([0, 0, 1, 0, 0, 0], [2])",-0.0,-0.0,-0.0,-0.0,-0.0,-0.812,-0.812,0.8285605145830272,0.3657767764495483,0.7312480084940894
7,"([0.22, 0.19, 0.0, 0.18, 0.22, 0.2], [4])","([0, 0, 1, 0, 0, 0], [2])",-0.0,-0.0,-0.0,-0.0,-0.922,-0.0,-0.922,0.8285605145830272,0.6308877445137695,0.9029194911413377
8,"([0.11, 0.18, 0.21, 0.25, 0.11, 0.15], [3])","([0.26, 0.14, 0.11, 0.06, 0.25, 0.18], [0])",-0.0,-0.0,-0.0,-0.6759999999999999,-0.0,-0.0,-0.6759999999999999,0.6569251681873197,0.6499987125779906,0.9029556273928786
9,"([0.11, 0.18, 0.2, 0.24, 0.11, 0.15], [2])","([0.26, 0.14, 0.11, 0.06, 0.25, 0.18], [4])",-0.0,-0.0,-0.7190000000000001,-0.0,-0.0,-0.0,-0.7190000000000001,0.6569260872296648,0.7121096806422118,0.9029926826867646
10,"([0.11, 0.18, 0.21, 0.25, 0.11, 0.15], [5])","([0.26, 0.14, 0.11, 0.06, 0.25, 0.18], [0])",-0.0,-0.0,-0.0,-0.0,-0.0,-0.812,-0.812,0.6569232171521175,0.867220648706433,0.9030268679031033
11,"([0.11, 0.18, 0.2, 0.25, 0.11, 0.15], [1])","([0.26, 0.14, 0.11, 0.06, 0.25, 0.18], [4])",-0.0,-0.76,-0.0,-0.0,-0.0,-0.0,-0.76,0.6569289336859964,0.9703316167706542,0.9030667696533208
12,"([0.11, 0.18, 0.21, 0.25, 0.11, 0.15], [5])","([0.26, 0.14, 0.11, 0.06, 0.25, 0.18], [4])",-0.0,-0.0,-0.0,-0.0,-0.0,-0.812,-0.812,0.6569257331040573,1.1254425848348752,0.9031034708215993
13,"([0.11, 0.18, 0.21, 0.24, 0.11, 0.15], [5])","([0.26, 0.14, 0.11, 0.06, 0.25, 0.18], [2])",-0.0,-0.0,-0.0,-0.0,-0.0,-0.812,-0.812,0.6569227171513778,1.2805535528990966,0.9031371560371982
14,"([0.22, 0.19, 0.19, 0.18, 0.22, 0.0], [3])","([0, 0, 0, 0, 0, 1], [5])",-0.0,-0.0,-0.0,-0.6759999999999999,-0.0,-0.0,-0.6759999999999999,0.8113978426682478,1.2996645209633177,1.0576459667696672
15,"([0.22, 0.19, 0.19, 0.18, 0.22, 0.0], [0])","([0, 0, 0, 0, 0, 1], [5])",-0.9390000000000001,-0.0,-0.0,-0.0,-0.0,-0.0,-0.9390000000000001,0.8113978426682478,1.5817754890275388,1.212154777502136
16,"([0.11, 0.18, 0.2, 0.24, 0.11, 0.15], [1])","([0.26, 0.14, 0.11, 0.06, 0.25, 0.18], [0])",-0.0,-0.76,-0.0,-0.0,-0.0,-0.0,-0.76,0.6569216672826157,1.68488645709176,1.212187412848973
17,"([0.11, 0.18, 0.21, 0.25, 0.11, 0.15], [5])","([0.26, 0.14, 0.11, 0.06, 0.25, 0.18], [4])",-0.0,-0.0,-0.0,-0.0,-0.0,-0.812,-0.812,0.6569239041223083,1.8399974251559814,1.2122222850355024
18,"([0.11, 0.18, 0.2, 0.25, 0.11, 0.15], [5])","([0.26, 0.14, 0.11, 0.06, 0.25, 0.18], [1])",-0.0,-0.0,-0.0,-0.0,-0.0,-0.812,-0.812,0.6569250361456875,1.9951083932202027,1.212258289245411
19,"([0.22, 0.19, 0.19, 0.18, 0.22, 0.0], [0])","([0, 0, 0, 0, 0, 1], [5])",-0.9390000000000001,-0.0,-0.0,-0.0,-0.0,-0.0,-0.9390000000000001,0.8113978426682478,2.277219361284424,1.36676709997788
20,"([0.22, 0.19, 0.19, 0.18, 0.22, 0.0], [4])","([0, 0, 0, 0, 0, 1], [5])",-0.0,-0.0,-0.0,-0.0,-0.922,-0.0,-0.922,0.8113978426682478,2.542330329348645,1.521275910710349
21,"([0.11, 0.18, 0.21, 0.25, 0.11, 0.15], [1])","([0.26, 0.14, 0.11, 0.06, 0.25, 0.18], [0])",-0.0,-0.76,-0.0,-0.0,-0.0,-0.0,-0.76,0.6569248522388021,2.6454412974128663,1.5213117310133724
22,"([0.11, 0.18, 0.21, 0.25, 0.11, 0.15], [2])","([0.26, 0.14, 0.11, 0.06, 0.25, 0.18], [0])",-0.0,-0.0,-0.7190000000000001,-0.0,-0.0,-0.0,-0.7190000000000001,0.6569233676171112,2.7075522654770876,1.5213460666947047
23,"([0.11, 0.18, 0.2, 0.25, 0.11, 0.15], [5])","([0.26, 0.14, 0.11, 0.06, 0.25, 0.18], [0])",-0.0,-0.0,-0.0,-0.0,-0.0,-0.812,-0.812,0.6569232248700969,2.862663233541309,1.521380259629023
24,"([0.11, 0.18, 0.21, 0.24, 0.11, 0.15], [2])","([0.26, 0.14, 0.1, 0.06, 0.25, 0.18], [3])",-0.0,-0.0,-0.7190000000000001,-0.0,-0.0,-0.0,-0.7190000000000001,0.6569256250926742,2.9247742016055303,1.5214168527859182
25,"([0.11, 0.18, 0.21, 0.24, 0.11, 0.15], [1])","([0.26, 0.14, 0.1, 0.06, 0.25, 0.18], [2])",-0.0,-0.76,-0.0,-0.0,-0.0,-0.0,-0.76,0.656925565902651,3.0278851696697515,1.5214533867527904
26,"([0.11, 0.18, 0.21, 0.25, 0.11, 0.15], [4])","([0.26, 0.14, 0.11, 0.06, 0.25, 0.18], [4])",-0.0,-0.0,-0.0,-0.0,-0.0,-0.0,0.0,0.656925287866602,2.3709961377339726,1.5214896426836135
27,"([0.11, 0.18, 0.21, 0.25, 0.11, 0.15], [2])","([0.26, 0.14, 0.11, 0.06, 0.25, 0.18], [4])",-0.0,-0.0,-0.7190000000000001,-0.0,-0.0,-0.0,-0.7190000000000001,0.6569248292010241,2.433107105798194,1.5215254399488587
28,"([0.11, 0.18, 0.21, 0.24, 0.11, 0.15], [1])","([0.26, 0.14, 0.11, 0.06, 0.25, 0.18], [5])",-0.0,-0.76,-0.0,-0.0,-0.0,-0.0,-0.76,0.6569230962933309,2.536218073862415,1.5215595043064107
29,"([0.11, 0.18, 0.21, 0.24, 0.11, 0.15], [2])","([0.26, 0.14, 0.11, 0.06, 0.25, 0.18], [5])",-0.0,-0.0,-0.7190000000000001,-0.0,-0.0,-0.0,-0.7190000000000001,0.6569219269209977,2.5983290419266365,1.5215923992916296
30,"([0.11, 0.18, 0.21, 0.25, 0.11, 0.15], [0])","([0.26, 0.14, 0.11, 0.06, 0.25, 0.18], [5])",-0.9390000000000001,-0.0,-0.0,-0.0,-0.0,-0.0,-0.9390000000000001,0.6569238881921912,2.8804400099908576,1.521627255548042
31,"([0.11, 0.18, 0.21, 0.25, 0.11, 0.15], [0])","([0.26, 0.14, 0.11, 0.06, 0.25, 0.18], [4])",-0.9390000000000001,-0.0,-0.0,-0.0,-0.0,-0.0,-0.9390000000000001,0.6569238356342536,3.1625509780550787,1.5216620592465167
32,"([0.11, 0.18, 0.21, 0.24, 0.11, 0.15], [2])","([0.26, 0.14, 0.1, 0.06, 0.25, 0.18], [0])",-0.0,-0.0,-0.7190000000000001,-0.0,-0.0,-0.0,-0.7190000000000001,0.6569233396316294,3.2246619461193,1.521696366942367
33,"([0.11, 0.18, 0.21, 0.25, 0.11, 0.15], [3])","([0.26, 0.14, 0.11, 0.06, 0.25, 0.18], [4])",-0.0,-0.0,-0.0,-0.6759999999999999,-0.0,-0.0,-0.6759999999999999,0.6569233504414551,3.243772914183521,1.5217306854480435
34,"([0.11, 0.18, 0.2, 0.25, 0.11, 0.15], [0])","([0.26, 0.14, 0.11, 0.06, 0.25, 0.18], [4])",-0.9390000000000001,-0.0,-0.0,-0.0,-0.0,-0.0,-0.9390000000000001,0.6569235941551442,3.5258838822477423,1.5217652476674088
35,"([0.11, 0.18, 0.2, 0.25, 0.11, 0.15], [3])","([0.26, 0.14, 0.11, 0.06, 0.25, 0.18], [5])",-0.0,-0.0,-0.0,-0.6759999999999999,-0.0,-0.0,-0.6759999999999999,0.6569252930170452,3.5449948503119635,1.5218015087486751
36,"([0.11, 0.18, 0.21, 0.24, 0.11, 0.15], [2])","([0.26, 0.14, 0.11, 0.06, 0.25, 0.18], [0])",-0.0,-0.0,-0.7190000000000001,-0.0,-0.0,-0.0,-0.7190000000000001,0.6569223529602874,3.607105818376185,1.5218348297731836
37,"([0.11, 0.18, 0.2, 0.25, 0.11, 0.15], [2])","([0.26, 0.14, 0.11, 0.06, 0.25, 0.18], [1])",-0.0,-0.0,-0.7190000000000001,-0.0,-0.0,-0.0,-0.7190000000000001,0.6569254916320589,3.669216786440406,1.5218712894694637
38,"([0.11, 0.18, 0.2, 0.25, 0.11, 0.15], [3])","([0.26, 0.14, 0.11, 0.06, 0.25, 0.18], [4])",-0.0,-0.0,-0.0,-0.6759999999999999,-0.0,-0.0,-0.6759999999999999,0.6569226719842417,3.6883277545046274,1.5219049295179266
39,"([0.11, 0.18, 0.21, 0.25, 0.11, 0.15], [2])","([0.26, 0.14, 0.11, 0.06, 0.25, 0.18], [0])",-0.0,-0.0,-0.7190000000000001,-0.0,-0.0,-0.0,-0.7190000000000001,0.6569236229774704,3.7504387225688487,1.5219395205596182
40,"([0.11, 0.18, 0.21, 0.24, 0.11, 0.15], [0])","([0.26, 0.14, 0.11, 0.06, 0.25, 0.18], [0])",-0.0,-0.0,-0.0,-0.0,-0.0,-0.0,0.0,0.6569234748722967,3.0935496906330697,1.5219739634961362
41,"([0.11, 0.18, 0.2, 0.25, 0.11, 0.15], [2])","([0.26, 0.14, 0.11, 0.06, 0.25, 0.18], [0])",-0.0,-0.0,-0.7190000000000001,-0.0,-0.0,-0.0,-0.7190000000000001,0.6569252727399912,3.155660658697291,1.5220102043003485
42,"([0.11, 0.18, 0.21, 0.25, 0.11, 0.15], [3])","([0.26, 0.14, 0.11, 0.06, 0.25, 0.18], [1])",-0.0,-0.0,-0.0,-0.6759999999999999,-0.0,-0.0,-0.6759999999999999,0.6569273697711372,3.1747716267615123,1.5220485421357068
43,"([0.11, 0.18, 0.2, 0.25, 0.11, 0.15], [2])","([0.26, 0.14, 0.11, 0.06, 0.25, 0.18], [0])",-0.0,-0.0,-0.7190000000000001,-0.0,-0.0,-0.0,-0.7190000000000001,0.6569225561426095,3.2368825948257336,1.5220820663425374
44,"([0.11, 0.18, 0.21, 0.24, 0.11, 0.15], [0])","([0.26, 0.14, 0.11, 0.06, 0.25, 0.18], [0])",-0.0,-0.0,-0.0,-0.0,-0.0,-0.0,0.0,0.6569172204937067,2.5799935628899546,1.5221102549004653
45,"([0.11, 0.18, 0.21, 0.25, 0.11, 0.15], [2])","([0.26, 0.14, 0.11, 0.06, 0.25, 0.18], [4])",-0.0,-0.0,-0.7190000000000001,-0.0,-0.0,-0.0,-0.7190000000000001,0.6569250760666281,2.642104530954176,1.5221462990313146
46,"([0.11, 0.18, 0.21, 0.25, 0.11, 0.15], [1])","([0.26, 0.14, 0.11, 0.06, 0.25, 0.18], [5])",-0.0,-0.76,-0.0,-0.0,-0.0,-0.0,-0.76,0.6569289194809236,2.7452154990183972,1.5221861865764592
47,"([0.11, 0.18, 0.21, 0.25, 0.11, 0.15], [3])","([0.26, 0.14, 0.11, 0.06, 0.25, 0.18], [4])",-0.0,-0.0,-0.0,-0.6759999999999999,-0.0,-0.0,-0.6759999999999999,0.6569230222444418,2.7643264670826184,1.522220176885122
48,"([0.11, 0.18, 0.2, 0.24, 0.11, 0.15], [5])","([0.26, 0.14, 0.11, 0.07, 0.25, 0.18], [4])",-0.0,-0.0,-0.0,-0.0,-0.0,-0.812,-0.812,0.6569099150211418,2.9194374351468397,1.522241059970485
49,"([0.11, 0.18, 0.21, 0.25, 0.11, 0.15], [2])","([0.26, 0.14, 0.11, 0.06, 0.25, 0.18], [0])",-0.0,-0.0,-0.7190000000000001,-0.0,-0.0,-0.0,-0.7190000000000001,0.6569223054078065,2.981548403211061,1.5222743334425126
50,"([0.11, 0.18, 0.2, 0.24, 0.11, 0.15], [2])","([0.26, 0.14, 0.11, 0.07, 0.25, 0.18], [3])",-0.0,-0.0,-0.7190000000000001,-0.0,-0.0,-0.0,-0.7190000000000001,0.6569048019392885,3.0436593712752824,1.5222901034460223
51,"([0.11, 0.18, 0.2, 0.24, 0.12, 0.15], [5])","([0.26, 0.14, 0.11, 0.07, 0.25, 0.18], [4])",-0.0,-0.0,-0.0,-0.0,-0.0,-0.812,-0.812,0.6568953284345803,3.1987703393395037,1.5222963999448238
52,"([0.11, 0.18, 0.2, 0.24, 0.11, 0.15], [0])","([0.26, 0.14, 0.11, 0.07, 0.25, 0.18], [4])",-0.9390000000000001,-0.0,-0.0,-0.0,-0.0,-0.0,-0.9390000000000001,0.6569013828406726,3.480881307403725,1.5223087508497175
53,"([0.11, 0.18, 0.2, 0.25, 0.11, 0.15], [0])","([0.26, 0.14, 0.11, 0.06, 0.25, 0.18], [1])",-0.9390000000000001,-0.0,-0.0,-0.0,-0.0,-0.0,-0.9390000000000001,0.6569232030934353,3.762992275467946,1.522342922007374
54,"([0.11, 0.18, 0.21, 0.25, 0.11, 0.15], [3])","([0.26, 0.14, 0.11, 0.06, 0.25, 0.18], [0])",-0.0,-0.0,-0.0,-0.6759999999999999,-0.0,-0.0,-0.6759999999999999,0.6569241002524902,3.782103243532167,1.5223779903240855
55,"([0.11, 0.18, 0.21, 0.25, 0.11, 0.15], [4])","([0.26, 0.14, 0.11, 0.06, 0.25, 0.18], [2])",-0.0,-0.0,-0.0,-0.0,-0.922,-0.0,-0.922,0.6569245879702512,4.047214211596389,1.5224135463585577
56,"([0.11, 0.18, 0.21, 0.25, 0.11, 0.15], [2])","([0.26, 0.14, 0.11, 0.06, 0.25, 0.18], [0])",-0.0,-0.0,-0.7190000000000001,-0.0,-0.0,-0.0,-0.7190000000000001,0.6569257400972119,4.10932517966061,1.522450254519991
57,"([0.11, 0.18, 0.21, 0.25, 0.11, 0.15], [3])","([0.26, 0.14, 0.11, 0.06, 0.25, 0.18], [4])",-0.0,-0.0,-0.0,-0.6759999999999999,-0.0,-0.0,-0.6759999999999999,0.6569234578073888,4.128436147724831,1.5224846803916008
58,"([0.11, 0.18, 0.21, 0.24, 0.11, 0.15], [5])","([0.26, 0.14, 0.11, 0.06, 0.25, 0.18], [0])",-0.0,-0.0,-0.0,-0.0,-0.0,-0.812,-0.812,0.6569226851515707,4.283547115789053,1.5225183336073926
59,"([0.11, 0.18, 0.2, 0.24, 0.11, 0.15], [5])","([0.26, 0.14, 0.11, 0.06, 0.25, 0.18], [4])",-0.0,-0.0,-0.0,-0.0,-0.0,-0.812,-0.812,0.6569204582195693,4.438658083853274,1.522549759891183
60,"([0.11, 0.18, 0.21, 0.25, 0.11, 0.15], [1])","([0.26, 0.14, 0.11, 0.06, 0.25, 0.18], [1])",-0.0,-0.0,-0.0,-0.0,-0.0,-0.0,0.0,0.6569251926564341,3.781769051917495,1.5225859206118382
61,"([0.11, 0.18, 0.2, 0.25, 0.11, 0.15], [5])","([0.26, 0.14, 0.11, 0.06, 0.25, 0.18], [0])",-0.0,-0.0,-0.0,-0.0,-0.0,-0.812,-0.812,0.6569251229205845,3.936880019981716,1.5226220115966438
62,"([0.11, 0.18, 0.21, 0.25, 0.11, 0.15], [3])","([0.26, 0.14, 0.11, 0.06, 0.25, 0.18], [0])",-0.0,-0.0,-0.0,-0.6759999999999999,-0.0,-0.0,-0.6759999999999999,0.6569240176319496,3.9559909880459374,1.5226569972928146
63,"([0.11, 0.18, 0.21, 0.25, 0.11, 0.15], [4])","([0.26, 0.14, 0.11, 0.06, 0.25, 0.18], [1])",-0.0,-0.0,-0.0,-0.0,-0.922,-0.0,-0.922,0.6569266367895981,4.221101956110159,1.5226946021466339
64,"([0.11, 0.18, 0.21, 0.25, 0.11, 0.15], [1])","([0.26, 0.14, 0.11, 0.06, 0.25, 0.18], [3])",-0.0,-0.76,-0.0,-0.0,-0.0,-0.0,-0.76,0.656925370884337,4.32421292417438,1.5227309410951921
65,"([0.11, 0.18, 0.2, 0.25, 0.11, 0.15], [0])","([0.26, 0.14, 0.11, 0.06, 0.25, 0.18], [2])",-0.9390000000000001,-0.0,-0.0,-0.0,-0.0,-0.0,-0.9390000000000001,0.656925422649286,4.606323892238601,1.5227673318086992
66,"([0.11, 0.18, 0.2, 0.25, 0.11, 0.15], [1])","([0.26, 0.14, 0.11, 0.06, 0.25, 0.18], [4])",-0.0,-0.76,-0.0,-0.0,-0.0,-0.0,-0.76,0.6569215917113302,4.709434860302822,1.5227998915842504
67,"([0.11, 0.18, 0.21, 0.25, 0.11, 0.15], [2])","([0.26, 0.14, 0.1, 0.06, 0.25, 0.18], [2])",-0.0,-0.0,-0.0,-0.0,-0.0,-0.0,0.0,0.656926031721675,4.052545828367043,1.5228368913701464
68,"([0.11, 0.18, 0.21, 0.24, 0.11, 0.15], [2])","([0.26, 0.14, 0.11, 0.06, 0.25, 0.18], [5])",-0.0,-0.0,-0.7190000000000001,-0.0,-0.0,-0.0,-0.7190000000000001,0.6569210552668088,4.114656796431264,1.5228689147011765
69,"([0.11, 0.18, 0.21, 0.25, 0.11, 0.15], [2])","([0.26, 0.14, 0.11, 0.06, 0.25, 0.18], [4])",-0.0,-0.0,-0.7190000000000001,-0.0,-0.0,-0.0,-0.7190000000000001,0.6569274415357644,4.1767677644954855,1.522907324301162
70,"([0.11, 0.18, 0.2, 0.25, 0.11, 0.15], [1])","([0.26, 0.14, 0.11, 0.06, 0.25, 0.18], [0])",-0.0,-0.76,-0.0,-0.0,-0.0,-0.0,-0.76,0.6569265578463502,4.279878732559706,1.5229448502117333
71,"([0.11, 0.18, 0.21, 0.25, 0.11, 0.15], [5])","([0.26, 0.14, 0.11, 0.06, 0.25, 0.18], [1])",-0.0,-0.0,-0.0,-0.0,-0.0,-0.812,-0.812,0.6569228818789005,4.434989700623928,1.522978700154855
72,"([0.11, 0.18, 0.2, 0.25, 0.11, 0.15], [1])","([0.26, 0.14, 0.11, 0.06, 0.25, 0.18], [4])",-0.0,-0.76,-0.0,-0.0,-0.0,-0.0,-0.76,0.6569239365342311,4.538100668688148,1.5230136047533072
73,"([0.11, 0.18, 0.2, 0.25, 0.11, 0.15], [2])","([0.26, 0.14, 0.11, 0.06, 0.25, 0.18], [0])",-0.0,-0.0,-0.7190000000000001,-0.0,-0.0,-0.0,-0.7190000000000001,0.6569232336414778,4.60021163675237,1.523047806459006
74,"([0.11, 0.18, 0.21, 0.25, 0.11, 0.15], [2])","([0.26, 0.14, 0.11, 0.06, 0.25, 0.18], [2])",-0.0,-0.0,-0.0,-0.0,-0.0,-0.0,0.0,0.6569231847887204,3.943322604816591,1.5230819593119476
75,"([0.11, 0.18, 0.2, 0.25, 0.11, 0.15], [5])","([0.26, 0.14, 0.11, 0.06, 0.25, 0.18], [0])",-0.0,-0.0,-0.0,-0.0,-0.0,-0.812,-0.812,0.6569233646545296,4.098433572880812,1.5231162920306982
76,"([0.11, 0.18, 0.2, 0.25, 0.11, 0.15], [5])","([0.26, 0.14, 0.11, 0.06, 0.25, 0.18], [0])",-0.0,-0.0,-0.0,-0.0,-0.0,-0.812,-0.812,0.6569242468322387,4.253544540945033,1.523151506927158
77,"([0.11, 0.18, 0.21, 0.25, 0.11, 0.15], [2])","([0.26, 0.14, 0.11, 0.06, 0.25, 0.18], [0])",-0.0,-0.0,-0.7190000000000001,-0.0,-0.0,-0.0,-0.7190000000000001,0.6569246846875532,4.315655509009255,1.5231871596789324
78,"([0.11, 0.18, 0.21, 0.25, 0.11, 0.15], [1])","([0.26, 0.14, 0.11, 0.06, 0.25, 0.18], [0])",-0.0,-0.76,-0.0,-0.0,-0.0,-0.0,-0.76,0.6569233178160482,4.418766477073476,1.5232214455592017
79,"([0.11, 0.18, 0.2, 0.25, 0.11, 0.15], [5])","([0.26, 0.14, 0.11, 0.06, 0.25, 0.18], [2])",-0.0,-0.0,-0.0,-0.0,-0.0,-0.812,-0.812,0.6569240336882034,4.573877445137697,1.5232564473116263
80,"([0.11, 0.18, 0.2, 0.25, 0.11, 0.15], [3])","([0.26, 0.14, 0.11, 0.06, 0.25, 0.18], [0])",-0.0,-0.0,-0.0,-0.6759999999999999,-0.0,-0.0,-0.6759999999999999,0.6569230137195409,4.592988413201918,1.5232904290953884
81,"([0.11, 0.18, 0.21, 0.25, 0.11, 0.15], [3])","([0.26, 0.14, 0.11, 0.06, 0.25, 0.18], [0])",-0.0,-0.0,-0.0,-0.6759999999999999,-0.0,-0.0,-0.6759999999999999,0.656923549477878,4.612099381266139,1.5233249466374876
82,"([0.11, 0.18, 0.2, 0.24, 0.11, 0.15], [2])","([0.26, 0.14, 0.11, 0.07, 0.25, 0.18], [0])",-0.0,-0.0,-0.7190000000000001,-0.0,-0.0,-0.0,-0.7190000000000001,0.6569076051145301,4.674210349330361,1.5233435198162388
83,"([0.11, 0.18, 0.2, 0.24, 0.11, 0.15], [5])","([0.26, 0.14, 0.11, 0.07, 0.25, 0.18], [0])",-0.0,-0.0,-0.0,-0.0,-0.0,-0.812,-0.812,0.6569012858041844,4.829321317394582,1.5233557736846444
84,"([0.11, 0.18, 0.2, 0.24, 0.11, 0.15], [0])","([0.26, 0.14, 0.11, 0.07, 0.25, 0.18], [4])",-0.9390000000000001,-0.0,-0.0,-0.0,-0.0,-0.0,-0.9390000000000001,0.6569041480096803,5.111432285458803,1.5233708897585458
85,"([0.11, 0.18, 0.21, 0.25, 0.11, 0.15], [1])","([0.26, 0.14, 0.11, 0.06, 0.25, 0.18], [5])",-0.0,-0.76,-0.0,-0.0,-0.0,-0.0,-0.76,0.6569252592056747,5.214543253523024,1.5234071170284418
86,"([0.11, 0.18, 0.21, 0.24, 0.11, 0.15], [3])","([0.26, 0.14, 0.11, 0.06, 0.25, 0.18], [4])",-0.0,-0.0,-0.0,-0.6759999999999999,-0.0,-0.0,-0.6759999999999999,0.6569235975427187,5.233654221587245,1.5234416826353816
87,"([0.11, 0.18, 0.2, 0.24, 0.11, 0.15], [5])","([0.26, 0.14, 0.11, 0.07, 0.25, 0.18], [0])",-0.0,-0.0,-0.0,-0.0,-0.0,-0.812,-0.812,0.656913108333111,5.388765189651466,1.5234657590327139
88,"([0.11, 0.18, 0.2, 0.24, 0.11, 0.15], [1])","([0.26, 0.14, 0.11, 0.06, 0.25, 0.18], [0])",-0.0,-0.76,-0.0,-0.0,-0.0,-0.0,-0.76,0.6569166195568331,5.491876157715687,1.5234933466537681
89,"([0.11, 0.18, 0.2, 0.24, 0.11, 0.15], [3])","([0.26, 0.14, 0.11, 0.06, 0.25, 0.18], [0])",-0.0,-0.0,-0.0,-0.6759999999999999,-0.0,-0.0,-0.6759999999999999,0.6569153760130626,5.510987125779908,1.5235196907310518
90,"([0.11, 0.18, 0.2, 0.24, 0.11, 0.15], [3])","([0.26, 0.14, 0.11, 0.07, 0.25, 0.18], [4])",-0.0,-0.0,-0.0,-0.6759999999999999,-0.0,-0.0,-0.6759999999999999,0.6568991732039189,5.5300980938441295,1.5235298319991917
91,"([0.11, 0.18, 0.2, 0.24, 0.12, 0.15], [4])","([0.26, 0.14, 0.11, 0.07, 0.25, 0.18], [5])",-0.0,-0.0,-0.0,-0.0,-0.922,-0.0,-0.922,0.6568913157219214,5.79520906190835,1.523532115785334
92,"([0.11, 0.18, 0.2, 0.24, 0.11, 0.15], [0])","([0.26, 0.14, 0.11, 0.07, 0.25, 0.18], [0])",-0.0,-0.0,-0.0,-0.0,-0.0,-0.0,0.0,0.6569023874914078,5.138320029972571,1.523545471340963
93,"([0.11, 0.18, 0.21, 0.25, 0.11, 0.15], [1])","([0.26, 0.14, 0.11, 0.06, 0.25, 0.18], [5])",-0.0,-0.76,-0.0,-0.0,-0.0,-0.0,-0.76,0.6569246765931042,5.241430998036792,1.5235811159982884
94,"([0.11, 0.18, 0.21, 0.25, 0.11, 0.15], [4])","([0.26, 0.14, 0.11, 0.06, 0.25, 0.18], [0])",-0.0,-0.0,-0.0,-0.0,-0.922,-0.0,-0.922,0.6569219675171111,5.506541966101013,1.5236140515796206
95,"([0.11, 0.18, 0.2, 0.25, 0.11, 0.15], [3])","([0.26, 0.14, 0.11, 0.06, 0.25, 0.18], [0])",-0.0,-0.0,-0.0,-0.6759999999999999,-0.0,-0.0,-0.6759999999999999,0.6569256745995598,5.525652934165234,1.5236506942434014
96,"([0.11, 0.18, 0.21, 0.24, 0.11, 0.15], [0])","([0.26, 0.14, 0.11, 0.06, 0.25, 0.18], [4])",-0.9390000000000001,-0.0,-0.0,-0.0,-0.0,-0.0,-0.9390000000000001,0.6569231691797388,5.807763902229455,1.5236848314873614
97,"([0.11, 0.18, 0.21, 0.25, 0.11, 0.15], [0])","([0.26, 0.14, 0.11, 0.06, 0.25, 0.18], [0])",-0.0,-0.0,-0.0,-0.0,-0.0,-0.0,0.0,0.6569242245592831,5.150874870293676,1.5237200241108657
98,"([0.11, 0.18, 0.2, 0.25, 0.11, 0.15], [2])","([0.26, 0.14, 0.11, 0.06, 0.25, 0.18], [0])",-0.0,-0.0,-0.7190000000000001,-0.0,-0.0,-0.0,-0.7190000000000001,0.6569239062193074,5.2129858383578975,1.5237548983943943
99,"([0.11, 0.18, 0.2, 0.25, 0.11, 0.15], [2])","([0.26, 0.14, 0.11, 0.06, 0.25, 0.18], [1])",-0.0,-0.0,-0.7190000000000001,-0.0,-0.0,-0.0,-0.7190000000000001,0.6569251271360655,5.275096806422119,1.523790993594681
