,suqr-1,FB-0,feedback target 0,feedback target 1,feedback target 2,feedback target 3,feedback target 4,feedback target 5,total,exp_loss,actual_regret,exp_regret
0,"([0.12, 0.17, 0.2, 0.23, 0.12, 0.15], [4])","([0.24, 0.15, 0.12, 0.08, 0.24, 0.18], [4])",-0.0,-0.0,-0.0,-0.0,-0.0,-0.0,0.0,0.6572704400410837,-0.6568893352834889,0.0003811047575947857
1,"([0.22, 0.19, 0.19, 0.18, 0.22, 0.0], [1])","([0, 0, 0, 0, 0, 1], [5])",-0.0,-0.76,-0.0,-0.0,-0.0,-0.0,-0.76,0.8113978426682478,-0.5537786705669778,0.15488961214235364
2,"([0.22, 0.0, 0.18, 0.18, 0.22, 0.2], [3])","([0, 1, 0, 0, 0, 0], [1])",-0.0,-0.0,-0.0,-0.6759999999999999,-0.0,-0.0,-0.6759999999999999,0.8213664875806405,-0.5346680058504668,0.3193667644395052
3,"([0.22, 0.0, 0.18, 0.18, 0.22, 0.2], [4])","([0, 1, 0, 0, 0, 0], [1])",-0.0,-0.0,-0.0,-0.0,-0.922,-0.0,-0.922,0.8213664875806405,-0.2695573411339557,0.4838439167366567
4,"([0.22, 0.0, 0.18, 0.18, 0.22, 0.2], [3])","([0, 1, 0, 0, 0, 0], [1])",-0.0,-0.0,-0.0,-0.6759999999999999,-0.0,-0.0,-0.6759999999999999,0.8213664875806405,-0.25044667641744467,0.6483210690338083
5,"([0.22, 0.0, 0.18, 0.18, 0.22, 0.2], [5])","([0, 1, 0, 0, 0, 0], [1])",-0.0,-0.0,-0.0,-0.0,-0.0,-0.812,-0.812,0.8213664875806405,-0.09533601170093353,0.8127982213309598
6,"([0.12, 0.17, 0.2, 0.23, 0.12, 0.15], [1])","([0.25, 0.15, 0.11, 0.08, 0.24, 0.18], [4])",-0.0,-0.76,-0.0,-0.0,-0.0,-0.0,-0.76,0.6571075540902154,0.0077746530155775595,0.8130164401376863
7,"([0.22, 0.0, 0.18, 0.18, 0.22, 0.2], [3])","([0, 1, 0, 0, 0, 0], [1])",-0.0,-0.0,-0.0,-0.6759999999999999,-0.0,-0.0,-0.6759999999999999,0.8213664875806405,0.026885317732088576,0.9774935924348378
8,"([0.22, 0.19, 0.19, 0.18, 0.22, 0.0], [1])","([0, 0, 0, 0, 0, 1], [5])",-0.0,-0.76,-0.0,-0.0,-0.0,-0.0,-0.76,0.8113978426682478,0.12999598244859967,1.1320020998195965
9,"([0.22, 0.0, 0.18, 0.18, 0.22, 0.2], [4])","([0, 1, 0, 0, 0, 0], [1])",-0.0,-0.0,-0.0,-0.0,-0.922,-0.0,-0.922,0.8213664875806405,0.3951066471651108,1.296479252116748
10,"([0.22, 0.0, 0.18, 0.18, 0.22, 0.2], [2])","([0, 1, 0, 0, 0, 0], [1])",-0.0,-0.0,-0.7190000000000001,-0.0,-0.0,-0.0,-0.7190000000000001,0.8213664875806405,0.45721731188162196,1.4609564044138996
11,"([0.12, 0.17, 0.2, 0.23, 0.12, 0.15], [3])","([0.25, 0.15, 0.11, 0.08, 0.24, 0.18], [0])",-0.0,-0.0,-0.0,-0.6759999999999999,-0.0,-0.0,-0.6759999999999999,0.6571090359619718,0.476327976598133,1.4611761050923824
12,"([0.12, 0.17, 0.2, 0.23, 0.12, 0.15], [2])","([0.25, 0.15, 0.11, 0.08, 0.24, 0.18], [3])",-0.0,-0.0,-0.7190000000000001,-0.0,-0.0,-0.0,-0.7190000000000001,0.6571089113615194,0.5384386413146441,1.461395681170413
13,"([0.12, 0.17, 0.2, 0.23, 0.13, 0.15], [5])","([0.24, 0.15, 0.12, 0.08, 0.23, 0.18], [4])",-0.0,-0.0,-0.0,-0.0,-0.0,-0.812,-0.812,0.6574173056257314,0.6935493060311553,1.4619236515126555
14,"([0.12, 0.17, 0.2, 0.23, 0.12, 0.15], [2])","([0.24, 0.15, 0.11, 0.08, 0.24, 0.18], [2])",-0.0,-0.0,-0.0,-0.0,-0.0,-0.0,0.0,0.6571395587721496,0.03665997074766636,1.4621738750013162
15,"([0.12, 0.17, 0.2, 0.23, 0.13, 0.15], [5])","([0.24, 0.15, 0.12, 0.08, 0.23, 0.18], [5])",-0.0,-0.0,-0.0,-0.0,-0.0,-0.0,0.0,0.6573590419486688,-0.6202293645358226,1.4626435816664962
16,"([0.12, 0.17, 0.2, 0.23, 0.12, 0.15], [4])","([0.24, 0.15, 0.12, 0.08, 0.24, 0.18], [3])",-0.0,-0.0,-0.0,-0.0,-0.922,-0.0,-0.922,0.6571465773822011,-0.35511869981931143,1.4629008237652084
17,"([0.12, 0.17, 0.2, 0.23, 0.12, 0.15], [4])","([0.25, 0.15, 0.11, 0.08, 0.24, 0.18], [4])",-0.0,-0.0,-0.0,-0.0,-0.0,-0.0,0.0,0.6571110192170468,-1.0120080351028005,1.4631225076987664
18,"([0.12, 0.17, 0.2, 0.23, 0.12, 0.15], [4])","([0.25, 0.15, 0.11, 0.08, 0.24, 0.18], [4])",-0.0,-0.0,-0.0,-0.0,-0.0,-0.0,0.0,0.6571090234080429,-1.6688973703862895,1.4633421958233204
19,"([0.12, 0.18, 0.2, 0.24, 0.12, 0.15], [2])","([0.25, 0.14, 0.11, 0.07, 0.24, 0.18], [0])",-0.0,-0.0,-0.7190000000000001,-0.0,-0.0,-0.0,-0.7190000000000001,0.6569788467341227,-1.6067867056697782,1.463431707273954
20,"([0.12, 0.17, 0.2, 0.23, 0.12, 0.15], [0])","([0.25, 0.15, 0.11, 0.08, 0.24, 0.18], [4])",-0.9390000000000001,-0.0,-0.0,-0.0,-0.0,-0.0,-0.9390000000000001,0.6571063248159654,-1.3246760409532672,1.4636486968064304
21,"([0.11, 0.18, 0.2, 0.24, 0.12, 0.15], [3])","([0.26, 0.14, 0.11, 0.07, 0.25, 0.18], [2])",-0.0,-0.0,-0.0,-0.6759999999999999,-0.0,-0.0,-0.6759999999999999,0.6568894774182891,-1.305565376236756,1.4636488389412305
22,"([0.12, 0.18, 0.2, 0.24, 0.12, 0.15], [3])","([0.25, 0.14, 0.11, 0.07, 0.24, 0.18], [5])",-0.0,-0.0,-0.0,-0.6759999999999999,-0.0,-0.0,-0.6759999999999999,0.6569661859522411,-1.286454711520245,1.4637256896099826
23,"([0.12, 0.17, 0.2, 0.23, 0.12, 0.15], [3])","([0.25, 0.15, 0.11, 0.08, 0.24, 0.18], [5])",-0.0,-0.0,-0.0,-0.6759999999999999,-0.0,-0.0,-0.6759999999999999,0.6571096419760432,-1.2673440468037338,1.4639459963025367
24,"([0.12, 0.17, 0.2, 0.23, 0.12, 0.15], [2])","([0.25, 0.15, 0.11, 0.08, 0.24, 0.18], [3])",-0.0,-0.0,-0.7190000000000001,-0.0,-0.0,-0.0,-0.7190000000000001,0.6571106781606483,-1.2052333820872225,1.464167339179696
25,"([0.12, 0.17, 0.2, 0.23, 0.12, 0.15], [2])","([0.25, 0.15, 0.11, 0.08, 0.24, 0.18], [0])",-0.0,-0.0,-0.7190000000000001,-0.0,-0.0,-0.0,-0.7190000000000001,0.6571091771819506,-1.1431227173707112,1.4643871810781577
26,"([0.12, 0.17, 0.2, 0.23, 0.12, 0.15], [3])","([0.25, 0.15, 0.11, 0.08, 0.24, 0.18], [0])",-0.0,-0.0,-0.0,-0.6759999999999999,-0.0,-0.0,-0.6759999999999999,0.6571004968511436,-1.1240120526542001,1.4645983426458122
27,"([0.12, 0.17, 0.2, 0.23, 0.12, 0.15], [3])","([0.24, 0.15, 0.12, 0.08, 0.24, 0.18], [4])",-0.0,-0.0,-0.0,-0.6759999999999999,-0.0,-0.0,-0.6759999999999999,0.657191889930814,-1.104901387937689,1.4649008972931372
28,"([0.12, 0.17, 0.2, 0.23, 0.13, 0.15], [3])","([0.24, 0.15, 0.12, 0.08, 0.23, 0.18], [4])",-0.0,-0.0,-0.0,-0.6759999999999999,-0.0,-0.0,-0.6759999999999999,0.6573692951967149,-1.0857907232211779,1.4653808572063634
29,"([0.12, 0.17, 0.19, 0.23, 0.13, 0.15], [0])","([0.24, 0.15, 0.12, 0.08, 0.23, 0.18], [3])",-0.9390000000000001,-0.0,-0.0,-0.0,-0.0,-0.0,-0.9390000000000001,0.657519571432429,-0.8036800585046667,1.4660110933553034
30,"([0.12, 0.17, 0.2, 0.23, 0.13, 0.15], [0])","([0.24, 0.15, 0.12, 0.08, 0.23, 0.18], [5])",-0.9390000000000001,-0.0,-0.0,-0.0,-0.0,-0.0,-0.9390000000000001,0.657306270967468,-0.5215693937881556,1.4664280290392826
31,"([0.12, 0.17, 0.2, 0.23, 0.12, 0.15], [4])","([0.25, 0.15, 0.11, 0.08, 0.24, 0.18], [0])",-0.0,-0.0,-0.0,-0.0,-0.922,-0.0,-0.922,0.6571038473388128,-0.25645872907164446,1.4666425410946065
32,"([0.12, 0.17, 0.2, 0.23, 0.12, 0.15], [4])","([0.25, 0.15, 0.11, 0.08, 0.24, 0.18], [5])",-0.0,-0.0,-0.0,-0.0,-0.922,-0.0,-0.922,0.6571069817654547,0.00865193564486666,1.466860187576572
33,"([0.12, 0.17, 0.2, 0.24, 0.12, 0.15], [2])","([0.25, 0.14, 0.11, 0.07, 0.24, 0.18], [5])",-0.0,-0.0,-0.7190000000000001,-0.0,-0.0,-0.0,-0.7190000000000001,0.6569986053303312,0.07076260036137783,1.4669694576234145
34,"([0.12, 0.17, 0.2, 0.23, 0.12, 0.15], [4])","([0.25, 0.15, 0.11, 0.08, 0.24, 0.18], [0])",-0.0,-0.0,-0.0,-0.0,-0.922,-0.0,-0.922,0.6571022800306486,0.33587326507788895,1.4671824023705742
35,"([0.11, 0.18, 0.2, 0.24, 0.12, 0.15], [5])","([0.25, 0.14, 0.11, 0.07, 0.24, 0.18], [5])",-0.0,-0.0,-0.0,-0.0,-0.0,-0.0,0.0,0.6569126931350373,-0.32101607020559997,1.4672057602221225
36,"([0.11, 0.18, 0.2, 0.24, 0.12, 0.15], [0])","([0.25, 0.14, 0.11, 0.07, 0.24, 0.18], [4])",-0.9390000000000001,-0.0,-0.0,-0.0,-0.0,-0.0,-0.9390000000000001,0.6568983986763419,-0.03890540548908883,1.4672148236149756
37,"([0.11, 0.18, 0.21, 0.25, 0.11, 0.15], [3])","([0.26, 0.14, 0.11, 0.06, 0.25, 0.18], [1])",-0.0,-0.0,-0.0,-0.6759999999999999,-0.0,-0.0,-0.6759999999999999,0.656924474776761,-0.019794740772577812,1.4672499631082476
38,"([0.11, 0.18, 0.2, 0.24, 0.12, 0.15], [0])","([0.26, 0.14, 0.11, 0.07, 0.25, 0.18], [0])",-0.0,-0.0,-0.0,-0.0,-0.0,-0.0,0.0,0.6568897605452606,-0.6766840760560667,1.4672503883700192
39,"([0.11, 0.18, 0.21, 0.24, 0.11, 0.15], [0])","([0.26, 0.14, 0.1, 0.06, 0.25, 0.18], [0])",-0.0,-0.0,-0.0,-0.0,-0.0,-0.0,0.0,0.656924704901566,-1.3335734113395556,1.4672857579880962
40,"([0.11, 0.18, 0.21, 0.24, 0.11, 0.15], [3])","([0.26, 0.14, 0.1, 0.06, 0.25, 0.18], [5])",-0.0,-0.0,-0.0,-0.6759999999999999,-0.0,-0.0,-0.6759999999999999,0.6569242959813887,-1.3144627466230445,1.467320718685996
41,"([0.11, 0.18, 0.21, 0.25, 0.11, 0.15], [3])","([0.26, 0.14, 0.11, 0.06, 0.25, 0.18], [0])",-0.0,-0.0,-0.0,-0.6759999999999999,-0.0,-0.0,-0.6759999999999999,0.6569237159700422,-1.2953520819065334,1.4673550993725493
42,"([0.11, 0.18, 0.2, 0.25, 0.11, 0.15], [1])","([0.26, 0.14, 0.11, 0.06, 0.25, 0.18], [4])",-0.0,-0.76,-0.0,-0.0,-0.0,-0.0,-0.76,0.656922985495568,-1.1922414171900222,1.4673887495846283
43,"([0.11, 0.18, 0.2, 0.24, 0.11, 0.15], [5])","([0.26, 0.14, 0.11, 0.06, 0.25, 0.18], [4])",-0.0,-0.0,-0.0,-0.0,-0.0,-0.812,-0.812,0.6569202624894229,-1.037130752473511,1.4674196767905623
44,"([0.11, 0.18, 0.21, 0.25, 0.11, 0.15], [5])","([0.26, 0.14, 0.11, 0.06, 0.25, 0.18], [1])",-0.0,-0.0,-0.0,-0.0,-0.0,-0.812,-0.812,0.6569238815055042,-0.8820200877569998,1.4674542230125776
45,"([0.11, 0.18, 0.2, 0.25, 0.11, 0.15], [1])","([0.26, 0.14, 0.11, 0.06, 0.25, 0.18], [3])",-0.0,-0.76,-0.0,-0.0,-0.0,-0.0,-0.76,0.6569241235237171,-0.7789094230404887,1.4674890112528058
46,"([0.11, 0.18, 0.21, 0.25, 0.11, 0.15], [3])","([0.26, 0.14, 0.11, 0.06, 0.25, 0.18], [5])",-0.0,-0.0,-0.0,-0.6759999999999999,-0.0,-0.0,-0.6759999999999999,0.6569246902293733,-0.7597987583239777,1.46752436619869
47,"([0.11, 0.18, 0.2, 0.24, 0.11, 0.15], [1])","([0.26, 0.14, 0.11, 0.07, 0.25, 0.18], [1])",-0.0,-0.0,-0.0,-0.0,-0.0,-0.0,0.0,0.6568972500769242,-1.4166880936074666,1.4675322809921254
48,"([0.11, 0.18, 0.2, 0.24, 0.12, 0.15], [3])","([0.26, 0.14, 0.11, 0.07, 0.25, 0.18], [1])",-0.0,-0.0,-0.0,-0.6759999999999999,-0.0,-0.0,-0.6759999999999999,0.6568929486772869,-1.3975774288909557,1.4675358943859234
49,"([0.11, 0.18, 0.2, 0.24, 0.12, 0.15], [3])","([0.25, 0.14, 0.11, 0.07, 0.25, 0.18], [1])",-0.0,-0.0,-0.0,-0.6759999999999999,-0.0,-0.0,-0.6759999999999999,0.6568960421115573,-1.3784667641744446,1.4675426012139918
50,"([0.12, 0.18, 0.2, 0.24, 0.12, 0.15], [3])","([0.25, 0.14, 0.11, 0.07, 0.24, 0.18], [1])",-0.0,-0.0,-0.0,-0.6759999999999999,-0.0,-0.0,-0.6759999999999999,0.6569414110435127,-1.3593560994579335,1.4675946769740156
51,"([0.12, 0.17, 0.2, 0.23, 0.12, 0.15], [3])","([0.25, 0.14, 0.11, 0.08, 0.24, 0.18], [0])",-0.0,-0.0,-0.0,-0.6759999999999999,-0.0,-0.0,-0.6759999999999999,0.6570244070488208,-1.3402454347414223,1.4677297487393475
52,"([0.12, 0.17, 0.2, 0.23, 0.12, 0.15], [2])","([0.25, 0.15, 0.12, 0.08, 0.24, 0.18], [0])",-0.0,-0.0,-0.7190000000000001,-0.0,-0.0,-0.0,-0.7190000000000001,0.6571194738881142,-1.278134770024911,1.4679598873439728
53,"([0.12, 0.17, 0.2, 0.23, 0.12, 0.15], [2])","([0.25, 0.15, 0.11, 0.08, 0.24, 0.18], [4])",-0.0,-0.0,-0.7190000000000001,-0.0,-0.0,-0.0,-0.7190000000000001,0.6571098797527741,-1.2160241053083998,1.4681804318132579
54,"([0.12, 0.17, 0.2, 0.23, 0.12, 0.15], [3])","([0.25, 0.15, 0.11, 0.08, 0.24, 0.18], [5])",-0.0,-0.0,-0.0,-0.6759999999999999,-0.0,-0.0,-0.6759999999999999,0.657111061264995,-1.1969134405918886,1.468402157794764
55,"([0.12, 0.17, 0.2, 0.23, 0.12, 0.15], [3])","([0.24, 0.15, 0.12, 0.08, 0.24, 0.18], [1])",-0.0,-0.0,-0.0,-0.6759999999999999,-0.0,-0.0,-0.6759999999999999,0.657163767043001,-1.1778027758753775,1.468676589554276
56,"([0.12, 0.17, 0.2, 0.23, 0.12, 0.15], [1])","([0.24, 0.15, 0.12, 0.08, 0.24, 0.18], [1])",-0.0,-0.0,-0.0,-0.0,-0.0,-0.0,0.0,0.6572322359913436,-1.8346921111588665,1.4690194902621307
57,"([0.12, 0.17, 0.2, 0.23, 0.12, 0.15], [0])","([0.24, 0.15, 0.12, 0.08, 0.23, 0.18], [5])",-0.9390000000000001,-0.0,-0.0,-0.0,-0.0,-0.0,-0.9390000000000001,0.6572357635496138,-1.5525814464423555,1.4693659185282555
58,"([0.12, 0.17, 0.2, 0.23, 0.12, 0.15], [1])","([0.24, 0.15, 0.12, 0.08, 0.24, 0.18], [4])",-0.0,-0.76,-0.0,-0.0,-0.0,-0.0,-0.76,0.657142264817856,-1.4494707817258443,1.4696188480626224
59,"([0.12, 0.17, 0.2, 0.23, 0.12, 0.15], [2])","([0.24, 0.15, 0.12, 0.08, 0.24, 0.18], [5])",-0.0,-0.0,-0.7190000000000001,-0.0,-0.0,-0.0,-0.7190000000000001,0.657145170395754,-1.387360117009333,1.4698746831748877
60,"([0.12, 0.17, 0.2, 0.23, 0.12, 0.15], [3])","([0.24, 0.15, 0.12, 0.08, 0.24, 0.18], [4])",-0.0,-0.0,-0.0,-0.6759999999999999,-0.0,-0.0,-0.6759999999999999,0.6571719921402749,-1.368249452292822,1.4701573400316736
61,"([0.12, 0.17, 0.2, 0.23, 0.12, 0.15], [2])","([0.24, 0.15, 0.12, 0.08, 0.24, 0.18], [2])",-0.0,-0.0,-0.0,-0.0,-0.0,-0.0,0.0,0.6572330547804882,-2.025138787576311,1.470501059528673
62,"([0.12, 0.17, 0.2, 0.23, 0.12, 0.15], [3])","([0.24, 0.15, 0.12, 0.08, 0.24, 0.18], [4])",-0.0,-0.0,-0.0,-0.6759999999999999,-0.0,-0.0,-0.6759999999999999,0.6572636393480704,-2.0060281228598,1.4708753635932545
63,"([0.12, 0.17, 0.2, 0.23, 0.13, 0.15], [2])","([0.24, 0.15, 0.12, 0.08, 0.23, 0.18], [1])",-0.0,-0.0,-0.7190000000000001,-0.0,-0.0,-0.0,-0.7190000000000001,0.6573277621159512,-1.9439174581432885,1.4713137904257167
64,"([0.12, 0.17, 0.2, 0.23, 0.13, 0.15], [1])","([0.24, 0.15, 0.12, 0.08, 0.23, 0.18], [5])",-0.0,-0.76,-0.0,-0.0,-0.0,-0.0,-0.76,0.6573435193870053,-1.8408067934267773,1.4717679745292331
65,"([0.12, 0.17, 0.2, 0.23, 0.13, 0.15], [3])","([0.24, 0.15, 0.12, 0.08, 0.23, 0.18], [5])",-0.0,-0.0,-0.0,-0.6759999999999999,-0.0,-0.0,-0.6759999999999999,0.6573310300732642,-1.8216961287102662,1.4722096693190085
66,"([0.12, 0.17, 0.2, 0.23, 0.13, 0.15], [3])","([0.24, 0.15, 0.12, 0.08, 0.23, 0.18], [2])",-0.0,-0.0,-0.0,-0.6759999999999999,-0.0,-0.0,-0.6759999999999999,0.6573926642430472,-1.802585463993755,1.472712998278567
67,"([0.12, 0.17, 0.2, 0.23, 0.13, 0.15], [2])","([0.24, 0.15, 0.12, 0.08, 0.23, 0.18], [4])",-0.0,-0.0,-0.7190000000000001,-0.0,-0.0,-0.0,-0.7190000000000001,0.6574380976977611,-1.7404747992772438,1.473261760692839
68,"([0.12, 0.17, 0.19, 0.23, 0.13, 0.15], [1])","([0.24, 0.15, 0.12, 0.08, 0.23, 0.18], [3])",-0.0,-0.76,-0.0,-0.0,-0.0,-0.0,-0.76,0.657470121601654,-1.6373641345607326,1.4738425470110041
69,"([0.12, 0.17, 0.2, 0.23, 0.13, 0.15], [4])","([0.24, 0.15, 0.12, 0.08, 0.23, 0.18], [0])",-0.0,-0.0,-0.0,-0.0,-0.922,-0.0,-0.922,0.6574859283030486,-1.3722534698442215,1.4744391400305639
70,"([0.12, 0.17, 0.2, 0.23, 0.13, 0.15], [2])","([0.24, 0.15, 0.12, 0.08, 0.23, 0.18], [4])",-0.0,-0.0,-0.7190000000000001,-0.0,-0.0,-0.0,-0.7190000000000001,0.6573947395276117,-1.3101428051277102,1.4749445442746867
71,"([0.12, 0.17, 0.2, 0.23, 0.13, 0.15], [1])","([0.24, 0.15, 0.12, 0.08, 0.23, 0.18], [4])",-0.0,-0.76,-0.0,-0.0,-0.0,-0.0,-0.76,0.6574174512813342,-1.207032140411199,1.475472660272532
72,"([0.12, 0.17, 0.2, 0.23, 0.13, 0.15], [4])","([0.24, 0.15, 0.12, 0.08, 0.23, 0.18], [0])",-0.0,-0.0,-0.0,-0.0,-0.922,-0.0,-0.922,0.6574094031424571,-0.9419214756946879,1.4759927281315002
73,"([0.12, 0.17, 0.2, 0.23, 0.13, 0.15], [2])","([0.24, 0.15, 0.12, 0.08, 0.23, 0.18], [3])",-0.0,-0.0,-0.7190000000000001,-0.0,-0.0,-0.0,-0.7190000000000001,0.6573418433908578,-0.8798108109781767,1.476445236238869
74,"([0.12, 0.17, 0.2, 0.23, 0.13, 0.15], [1])","([0.24, 0.15, 0.12, 0.08, 0.23, 0.18], [1])",-0.0,-0.0,-0.0,-0.0,-0.0,-0.0,0.0,0.6573662445789985,-1.5367001462616656,1.4769221455343784
75,"([0.12, 0.17, 0.2, 0.23, 0.13, 0.15], [5])","([0.24, 0.15, 0.12, 0.08, 0.23, 0.18], [4])",-0.0,-0.0,-0.0,-0.0,-0.0,-0.812,-0.812,0.657359559868402,-1.3815894815451544,1.4773923701192915
76,"([0.12, 0.17, 0.2, 0.23, 0.13, 0.15], [5])","([0.24, 0.15, 0.12, 0.08, 0.23, 0.18], [1])",-0.0,-0.0,-0.0,-0.0,-0.0,-0.812,-0.812,0.657338510182651,-1.2264788168286431,1.4778415450184537
77,"([0.12, 0.17, 0.2, 0.23, 0.13, 0.15], [0])","([0.24, 0.15, 0.12, 0.08, 0.23, 0.18], [0])",-0.0,-0.0,-0.0,-0.0,-0.0,-0.0,0.0,0.657308487214644,-1.8833681521121322,1.4782606969496088
78,"([0.12, 0.17, 0.2, 0.23, 0.12, 0.15], [0])","([0.24, 0.15, 0.12, 0.08, 0.24, 0.18], [4])",-0.9390000000000001,-0.0,-0.0,-0.0,-0.0,-0.0,-0.9390000000000001,0.657259265178694,-1.6012574873956211,1.478630626844814
79,"([0.12, 0.17, 0.2, 0.23, 0.12, 0.15], [2])","([0.24, 0.15, 0.12, 0.08, 0.24, 0.18], [4])",-0.0,-0.0,-0.7190000000000001,-0.0,-0.0,-0.0,-0.7190000000000001,0.6571824582465753,-1.5391468226791098,1.4789237498079002
80,"([0.12, 0.17, 0.2, 0.23, 0.12, 0.15], [4])","([0.24, 0.15, 0.12, 0.08, 0.24, 0.18], [2])",-0.0,-0.0,-0.0,-0.0,-0.922,-0.0,-0.922,0.657208130859616,-1.2740361579625987,1.4792425453840274
81,"([0.12, 0.17, 0.2, 0.23, 0.12, 0.15], [1])","([0.24, 0.15, 0.12, 0.08, 0.24, 0.18], [1])",-0.0,-0.0,-0.0,-0.0,-0.0,-0.0,0.0,0.6571537039517912,-1.9309254932460878,1.4795069140523296
82,"([0.12, 0.17, 0.2, 0.23, 0.12, 0.15], [3])","([0.24, 0.15, 0.11, 0.08, 0.24, 0.18], [4])",-0.0,-0.0,-0.0,-0.6759999999999999,-0.0,-0.0,-0.6759999999999999,0.6571497265814422,-1.9118148285295766,1.479767305350283
83,"([0.12, 0.17, 0.2, 0.23, 0.12, 0.15], [4])","([0.24, 0.15, 0.12, 0.08, 0.24, 0.18], [5])",-0.0,-0.0,-0.0,-0.0,-0.922,-0.0,-0.922,0.6571974971209185,-1.6467041638130655,1.4800754671877123
84,"([0.12, 0.17, 0.2, 0.23, 0.12, 0.15], [3])","([0.24, 0.15, 0.11, 0.08, 0.24, 0.18], [2])",-0.0,-0.0,-0.0,-0.6759999999999999,-0.0,-0.0,-0.6759999999999999,0.6571409268872423,-1.6275934990965544,1.4803270587914659
85,"([0.12, 0.17, 0.2, 0.23, 0.12, 0.15], [0])","([0.24, 0.15, 0.12, 0.08, 0.24, 0.18], [5])",-0.9390000000000001,-0.0,-0.0,-0.0,-0.0,-0.0,-0.9390000000000001,0.6571809457092546,-1.3454828343800433,1.4806186692172316
86,"([0.12, 0.17, 0.2, 0.23, 0.12, 0.15], [1])","([0.25, 0.15, 0.11, 0.08, 0.24, 0.18], [1])",-0.0,-0.0,-0.0,-0.0,-0.0,-0.0,0.0,0.6571255116394982,-2.0023721696635324,1.4808548455732409
87,"([0.12, 0.17, 0.2, 0.23, 0.12, 0.15], [2])","([0.25, 0.15, 0.11, 0.08, 0.24, 0.18], [0])",-0.0,-0.0,-0.7190000000000001,-0.0,-0.0,-0.0,-0.7190000000000001,0.6571256912905586,-1.940261504947021,1.4810912015803106
88,"([0.12, 0.17, 0.2, 0.23, 0.12, 0.15], [5])","([0.24, 0.15, 0.11, 0.08, 0.24, 0.18], [0])",-0.0,-0.0,-0.0,-0.0,-0.0,-0.812,-0.812,0.6571351572107254,-1.7851508402305098,1.481337023507547
89,"([0.12, 0.17, 0.2, 0.23, 0.12, 0.15], [0])","([0.25, 0.15, 0.11, 0.08, 0.24, 0.18], [4])",-0.9390000000000001,-0.0,-0.0,-0.0,-0.0,-0.0,-0.9390000000000001,0.6571223143689878,-1.5030401755139988,1.4815700025930458
90,"([0.12, 0.17, 0.2, 0.23, 0.12, 0.15], [0])","([0.25, 0.15, 0.11, 0.08, 0.24, 0.18], [0])",-0.0,-0.0,-0.0,-0.0,-0.0,-0.0,0.0,0.6570999993645693,-2.159929510797488,1.4817806666741262
91,"([0.12, 0.17, 0.2, 0.23, 0.12, 0.15], [4])","([0.25, 0.14, 0.11, 0.08, 0.24, 0.18], [4])",-0.0,-0.0,-0.0,-0.0,-0.0,-0.0,0.0,0.6570241177777646,-2.816818846080977,1.481915449168402
92,"([0.12, 0.18, 0.2, 0.24, 0.12, 0.15], [2])","([0.25, 0.14, 0.11, 0.07, 0.24, 0.18], [0])",-0.0,-0.0,-0.7190000000000001,-0.0,-0.0,-0.0,-0.7190000000000001,0.6569580087803177,-2.7547081813644656,1.4819841226652306
93,"([0.12, 0.18, 0.2, 0.24, 0.12, 0.15], [5])","([0.25, 0.14, 0.11, 0.07, 0.24, 0.18], [2])",-0.0,-0.0,-0.0,-0.0,-0.0,-0.812,-0.812,0.6569783701801625,-2.5995975166479544,1.4820731575619042
94,"([0.12, 0.18, 0.2, 0.24, 0.12, 0.15], [2])","([0.25, 0.14, 0.11, 0.07, 0.24, 0.18], [0])",-0.0,-0.0,-0.7190000000000001,-0.0,-0.0,-0.0,-0.7190000000000001,0.6569619841614184,-2.537486851931443,1.4821458064398336
95,"([0.12, 0.17, 0.2, 0.24, 0.12, 0.15], [5])","([0.25, 0.14, 0.11, 0.07, 0.24, 0.18], [1])",-0.0,-0.0,-0.0,-0.0,-0.0,-0.812,-0.812,0.6569918310785374,-2.382376187214932,1.4822483022348822
96,"([0.12, 0.18, 0.2, 0.24, 0.12, 0.15], [1])","([0.25, 0.14, 0.11, 0.07, 0.24, 0.18], [0])",-0.0,-0.76,-0.0,-0.0,-0.0,-0.0,-0.76,0.656970390014375,-2.2792655224984206,1.4823293569657683
97,"([0.12, 0.18, 0.2, 0.24, 0.12, 0.15], [1])","([0.25, 0.14, 0.11, 0.07, 0.24, 0.18], [2])",-0.0,-0.76,-0.0,-0.0,-0.0,-0.0,-0.76,0.6569784777065836,-2.1761548577819094,1.482418499388863
98,"([0.12, 0.17, 0.2, 0.24, 0.12, 0.15], [0])","([0.25, 0.14, 0.11, 0.07, 0.24, 0.18], [1])",-0.9390000000000001,-0.0,-0.0,-0.0,-0.0,-0.0,-0.9390000000000001,0.6569862061918007,-1.8940441930653984,1.4825153702971747
99,"([0.12, 0.18, 0.2, 0.24, 0.12, 0.15], [1])","([0.25, 0.14, 0.11, 0.07, 0.24, 0.18], [4])",-0.0,-0.76,-0.0,-0.0,-0.0,-0.0,-0.76,0.6569264738379585,-1.7909335283488872,1.4825525088516445
