,suqr-1,FB-0,feedback target 0,feedback target 1,feedback target 2,feedback target 3,feedback target 4,feedback target 5,total,exp_loss,actual_regret,exp_regret
0,"([0.09, 0.18, 0.22, 0.29, 0.09, 0.14], [3])","([0.3, 0.13, 0.08, 0.02, 0.28, 0.19], [2])",-0.0,-0.0,-0.0,-0.6759999999999999,-0.0,-0.0,-0.6759999999999999,0.660764845716486,0.0191109749326146,0.0038758206491006364
1,"([0.09, 0.18, 0.22, 0.29, 0.09, 0.14], [2])","([0.3, 0.13, 0.08, 0.02, 0.28, 0.19], [5])",-0.0,-0.0,-0.7190000000000001,-0.0,-0.0,-0.0,-0.7190000000000001,0.660764845716486,0.08122194986522935,0.007751641298201273
2,"([0.14, 0.17, 0.19, 0.22, 0.14, 0.15], [3])","([0.22, 0.16, 0.13, 0.09, 0.22, 0.18], [5])",-0.0,-0.0,-0.0,-0.6759999999999999,-0.0,-0.0,-0.6759999999999999,0.6588488647527156,0.10033292479784395,0.009711480983531584
3,"([0.14, 0.17, 0.19, 0.22, 0.14, 0.15], [5])","([0.22, 0.16, 0.13, 0.09, 0.22, 0.18], [3])",-0.0,-0.0,-0.0,-0.0,-0.0,-0.812,-0.812,0.6588482076576279,0.25544389973045867,0.01167066357377411
4,"([0.14, 0.17, 0.19, 0.22, 0.14, 0.15], [4])","([0.22, 0.16, 0.13, 0.09, 0.22, 0.18], [4])",-0.0,-0.0,-0.0,-0.0,-0.0,-0.0,0.0,0.6588361147332137,-0.40144512533692667,0.01361775323960246
5,"([0.13, 0.17, 0.19, 0.23, 0.13, 0.15], [5])","([0.24, 0.15, 0.12, 0.08, 0.23, 0.18], [1])",-0.0,-0.0,-0.0,-0.0,-0.0,-0.812,-0.812,0.6575429609432464,-0.24633415040431195,0.014271689115463504
6,"([0.22, 0.19, 0.19, 0.18, 0.22, 0.0], [0])","([0, 0, 0, 0, 0, 1], [5])",-0.9390000000000001,-0.0,-0.0,-0.0,-0.0,-0.0,-0.9390000000000001,0.8113978426682478,0.035776824528302775,0.16878050671632594
7,"([0.12, 0.17, 0.2, 0.23, 0.12, 0.15], [3])","([0.24, 0.15, 0.12, 0.08, 0.24, 0.18], [2])",-0.0,-0.0,-0.0,-0.6759999999999999,-0.0,-0.0,-0.6759999999999999,0.6572515370785085,0.054887799460917375,0.16914301872744908
8,"([0.13, 0.17, 0.19, 0.23, 0.13, 0.15], [0])","([0.24, 0.15, 0.12, 0.08, 0.23, 0.18], [1])",-0.9390000000000001,-0.0,-0.0,-0.0,-0.0,-0.0,-0.9390000000000001,0.6576174383604426,0.3369987743935321,0.16987143202050636
9,"([0.12, 0.17, 0.2, 0.23, 0.12, 0.15], [3])","([0.25, 0.15, 0.11, 0.08, 0.24, 0.18], [4])",-0.0,-0.0,-0.0,-0.6759999999999999,-0.0,-0.0,-0.6759999999999999,0.6570983967587208,0.3561097493261467,0.17008080371184187
10,"([0.12, 0.17, 0.2, 0.23, 0.13, 0.15], [1])","([0.24, 0.15, 0.12, 0.08, 0.23, 0.18], [5])",-0.0,-0.76,-0.0,-0.0,-0.0,-0.0,-0.76,0.6573728117184521,0.45922072425876137,0.1705645903629086
11,"([0.12, 0.17, 0.2, 0.23, 0.13, 0.15], [2])","([0.24, 0.15, 0.12, 0.08, 0.23, 0.18], [0])",-0.0,-0.0,-0.7190000000000001,-0.0,-0.0,-0.0,-0.7190000000000001,0.6573296252660825,0.5213316991913761,0.1710051905616058
12,"([0.12, 0.17, 0.2, 0.23, 0.13, 0.15], [3])","([0.24, 0.15, 0.12, 0.08, 0.23, 0.18], [5])",-0.0,-0.0,-0.0,-0.6759999999999999,-0.0,-0.0,-0.6759999999999999,0.6574084709738492,0.5404426741239907,0.1715246364680697
13,"([0.13, 0.17, 0.19, 0.23, 0.13, 0.15], [1])","([0.24, 0.15, 0.12, 0.08, 0.23, 0.18], [3])",-0.0,-0.76,-0.0,-0.0,-0.0,-0.0,-0.76,0.6576520253751039,0.6435536490566054,0.1722876367757883
14,"([0.13, 0.17, 0.19, 0.23, 0.13, 0.15], [1])","([0.24, 0.15, 0.12, 0.08, 0.23, 0.18], [3])",-0.0,-0.76,-0.0,-0.0,-0.0,-0.0,-0.76,0.6575915654999799,0.7466646239892201,0.17299017720838283
15,"([0.13, 0.17, 0.19, 0.23, 0.13, 0.15], [4])","([0.24, 0.15, 0.12, 0.08, 0.23, 0.18], [0])",-0.0,-0.0,-0.0,-0.0,-0.922,-0.0,-0.922,0.657555374819445,1.0117755989218349,0.17365652696044254
16,"([0.12, 0.17, 0.2, 0.23, 0.13, 0.15], [1])","([0.24, 0.15, 0.12, 0.08, 0.23, 0.18], [5])",-0.0,-0.76,-0.0,-0.0,-0.0,-0.0,-0.76,0.6572615618674496,1.1148865738544496,0.17402906376050675
17,"([0.12, 0.17, 0.2, 0.23, 0.12, 0.15], [0])","([0.24, 0.15, 0.12, 0.08, 0.24, 0.18], [1])",-0.9390000000000001,-0.0,-0.0,-0.0,-0.0,-0.0,-0.9390000000000001,0.657233228506738,1.3969975487870643,0.17437326719985946
18,"([0.12, 0.17, 0.2, 0.24, 0.12, 0.15], [0])","([0.25, 0.14, 0.11, 0.07, 0.24, 0.18], [0])",-0.0,-0.0,-0.0,-0.0,-0.0,-0.0,0.0,0.6570159001686369,0.740108523719679,0.174500142301111
19,"([0.11, 0.18, 0.2, 0.24, 0.12, 0.15], [4])","([0.25, 0.14, 0.11, 0.07, 0.25, 0.18], [0])",-0.0,-0.0,-0.0,-0.0,-0.922,-0.0,-0.922,0.6568942057124434,1.0052194986522935,0.17450532294616905
20,"([0.11, 0.18, 0.21, 0.24, 0.11, 0.15], [5])","([0.26, 0.14, 0.1, 0.06, 0.25, 0.18], [4])",-0.0,-0.0,-0.0,-0.0,-0.0,-0.812,-0.812,0.6569225943083704,1.1603304735849083,0.17453889218715413
21,"([0.11, 0.18, 0.21, 0.25, 0.11, 0.15], [3])","([0.26, 0.14, 0.11, 0.06, 0.25, 0.18], [0])",-0.0,-0.0,-0.0,-0.6759999999999999,-0.0,-0.0,-0.6759999999999999,0.6569250232769119,1.1794414485175229,0.17457489039668073
22,"([0.11, 0.18, 0.2, 0.24, 0.11, 0.15], [0])","([0.26, 0.14, 0.11, 0.07, 0.25, 0.18], [1])",-0.9390000000000001,-0.0,-0.0,-0.0,-0.0,-0.0,-0.9390000000000001,0.6568966066249414,1.4615524234501376,0.17458247195423682
23,"([0.11, 0.18, 0.21, 0.24, 0.11, 0.15], [3])","([0.26, 0.14, 0.11, 0.06, 0.25, 0.18], [5])",-0.0,-0.0,-0.0,-0.6759999999999999,-0.0,-0.0,-0.6759999999999999,0.6569243066106977,1.4806633983827522,0.17461775349754916
24,"([0.11, 0.18, 0.2, 0.24, 0.11, 0.15], [3])","([0.26, 0.14, 0.11, 0.06, 0.25, 0.18], [5])",-0.0,-0.0,-0.0,-0.6759999999999999,-0.0,-0.0,-0.6759999999999999,0.6569203846311921,1.4997743733153668,0.1746491130613559
25,"([0.11, 0.18, 0.2, 0.24, 0.12, 0.15], [4])","([0.26, 0.14, 0.11, 0.07, 0.25, 0.18], [3])",-0.0,-0.0,-0.0,-0.0,-0.922,-0.0,-0.922,0.6568908713030451,1.7648853482479816,0.17465095929701568
26,"([0.11, 0.18, 0.2, 0.25, 0.11, 0.15], [5])","([0.26, 0.14, 0.11, 0.06, 0.25, 0.18], [0])",-0.0,-0.0,-0.0,-0.0,-0.0,-0.812,-0.812,0.6569239369325501,1.9199963231805963,0.17468587116218048
27,"([0.11, 0.18, 0.21, 0.25, 0.11, 0.15], [1])","([0.26, 0.14, 0.11, 0.06, 0.25, 0.18], [0])",-0.0,-0.76,-0.0,-0.0,-0.0,-0.0,-0.76,0.6569262026353815,2.023107298113211,0.17472304873017663
28,"([0.11, 0.18, 0.21, 0.25, 0.11, 0.15], [1])","([0.26, 0.14, 0.11, 0.06, 0.25, 0.18], [0])",-0.0,-0.76,-0.0,-0.0,-0.0,-0.0,-0.76,0.6569287623094128,2.1262182730458257,0.17476278597220407
29,"([0.11, 0.18, 0.21, 0.25, 0.11, 0.15], [2])","([0.26, 0.14, 0.11, 0.06, 0.25, 0.18], [0])",-0.0,-0.0,-0.7190000000000001,-0.0,-0.0,-0.0,-0.7190000000000001,0.6569241929382663,2.1883292479784404,0.17479795384308505
30,"([0.11, 0.18, 0.2, 0.24, 0.11, 0.15], [2])","([0.26, 0.14, 0.11, 0.07, 0.25, 0.18], [0])",-0.0,-0.0,-0.7190000000000001,-0.0,-0.0,-0.0,-0.7190000000000001,0.6569084323908356,2.250440222911055,0.17481736116653535
31,"([0.11, 0.18, 0.2, 0.24, 0.12, 0.15], [2])","([0.26, 0.14, 0.11, 0.07, 0.25, 0.18], [0])",-0.0,-0.0,-0.7190000000000001,-0.0,-0.0,-0.0,-0.7190000000000001,0.6568916900873762,2.31255119784367,0.17482002618652626
32,"([0.11, 0.18, 0.2, 0.24, 0.12, 0.15], [3])","([0.26, 0.14, 0.11, 0.07, 0.25, 0.18], [0])",-0.0,-0.0,-0.0,-0.6759999999999999,-0.0,-0.0,-0.6759999999999999,0.6568896577426399,2.3316621727762845,0.17482065886178078
33,"([0.11, 0.18, 0.2, 0.24, 0.12, 0.15], [2])","([0.25, 0.14, 0.11, 0.07, 0.24, 0.18], [4])",-0.0,-0.0,-0.7190000000000001,-0.0,-0.0,-0.0,-0.7190000000000001,0.6569110605785216,2.3937731477088993,0.174842694372917
34,"([0.12, 0.18, 0.2, 0.24, 0.12, 0.15], [4])","([0.25, 0.14, 0.11, 0.07, 0.24, 0.18], [4])",-0.0,-0.0,-0.0,-0.0,-0.0,-0.0,0.0,0.6569263126443139,1.736884122641514,0.17487998194984555
35,"([0.11, 0.18, 0.2, 0.24, 0.12, 0.15], [1])","([0.25, 0.14, 0.11, 0.07, 0.25, 0.18], [2])",-0.0,-0.76,-0.0,-0.0,-0.0,-0.0,-0.76,0.6568920809985239,1.8399950975741286,0.17488303788098414
36,"([0.11, 0.18, 0.2, 0.24, 0.12, 0.15], [2])","([0.25, 0.14, 0.11, 0.07, 0.25, 0.18], [4])",-0.0,-0.0,-0.7190000000000001,-0.0,-0.0,-0.0,-0.7190000000000001,0.6568930676562272,1.9021060725067434,0.17488708046982604
37,"([0.11, 0.18, 0.2, 0.24, 0.12, 0.15], [3])","([0.25, 0.14, 0.11, 0.07, 0.24, 0.18], [5])",-0.0,-0.0,-0.0,-0.6759999999999999,-0.0,-0.0,-0.6759999999999999,0.6569020750249404,1.921217047439358,0.17490013042738106
38,"([0.12, 0.18, 0.2, 0.24, 0.12, 0.15], [2])","([0.25, 0.14, 0.11, 0.07, 0.24, 0.18], [2])",-0.0,-0.0,-0.0,-0.0,-0.0,-0.0,0.0,0.6569324613443219,1.2643280223719726,0.17494356670431765
39,"([0.12, 0.18, 0.2, 0.24, 0.12, 0.15], [5])","([0.25, 0.14, 0.11, 0.07, 0.24, 0.18], [4])",-0.0,-0.0,-0.0,-0.0,-0.0,-0.812,-0.812,0.6569498730260818,1.4194389973045873,0.17500441466301409
40,"([0.12, 0.18, 0.2, 0.24, 0.12, 0.15], [4])","([0.25, 0.14, 0.11, 0.07, 0.24, 0.18], [5])",-0.0,-0.0,-0.0,-0.0,-0.922,-0.0,-0.922,0.6569371433342739,1.684549972237202,0.17505253292990264
41,"([0.11, 0.18, 0.2, 0.24, 0.12, 0.15], [2])","([0.25, 0.14, 0.11, 0.07, 0.24, 0.18], [0])",-0.0,-0.0,-0.7190000000000001,-0.0,-0.0,-0.0,-0.7190000000000001,0.6568972744881454,1.7466609471698167,0.1750607823506627
42,"([0.11, 0.18, 0.2, 0.24, 0.12, 0.15], [5])","([0.25, 0.14, 0.11, 0.07, 0.24, 0.18], [4])",-0.0,-0.0,-0.0,-0.0,-0.0,-0.812,-0.812,0.6569075116861944,1.9017719221024314,0.1750792689694718
43,"([0.11, 0.18, 0.2, 0.24, 0.12, 0.15], [1])","([0.25, 0.14, 0.11, 0.07, 0.24, 0.18], [4])",-0.0,-0.76,-0.0,-0.0,-0.0,-0.0,-0.76,0.656898052838007,2.004882897035046,0.1750882967400934
44,"([0.11, 0.18, 0.2, 0.24, 0.12, 0.15], [3])","([0.25, 0.14, 0.11, 0.07, 0.24, 0.18], [0])",-0.0,-0.0,-0.0,-0.6759999999999999,-0.0,-0.0,-0.6759999999999999,0.6568978370946639,2.0239938719676607,0.17509710876737195
45,"([0.12, 0.18, 0.2, 0.24, 0.12, 0.15], [5])","([0.25, 0.14, 0.11, 0.07, 0.24, 0.18], [4])",-0.0,-0.0,-0.0,-0.0,-0.0,-0.812,-0.812,0.6569241221763049,2.1791048469002754,0.17513220587629152
46,"([0.11, 0.18, 0.2, 0.24, 0.12, 0.15], [2])","([0.25, 0.14, 0.11, 0.07, 0.24, 0.18], [1])",-0.0,-0.0,-0.7190000000000001,-0.0,-0.0,-0.0,-0.7190000000000001,0.6569110178509603,2.24121582183289,0.17515419865986648
47,"([0.12, 0.18, 0.2, 0.24, 0.12, 0.15], [1])","([0.25, 0.14, 0.11, 0.07, 0.24, 0.18], [4])",-0.0,-0.76,-0.0,-0.0,-0.0,-0.0,-0.76,0.6569227212465263,2.344326796765505,0.17518789483900743
48,"([0.12, 0.18, 0.2, 0.24, 0.12, 0.15], [3])","([0.25, 0.14, 0.11, 0.07, 0.24, 0.18], [0])",-0.0,-0.0,-0.0,-0.6759999999999999,-0.0,-0.0,-0.6759999999999999,0.6569252260506173,2.3634377716981194,0.1752240958222394
49,"([0.12, 0.17, 0.2, 0.24, 0.12, 0.15], [0])","([0.25, 0.14, 0.11, 0.07, 0.24, 0.18], [0])",-0.0,-0.0,-0.0,-0.0,-0.0,-0.0,0.0,0.6569526919050724,1.706548746630734,0.17528776265992652
50,"([0.11, 0.18, 0.2, 0.24, 0.12, 0.15], [2])","([0.25, 0.14, 0.11, 0.07, 0.24, 0.18], [2])",-0.0,-0.0,-0.0,-0.0,-0.0,-0.0,0.0,0.6569135546751246,1.0496597215633487,0.17531229226766576
51,"([0.12, 0.18, 0.2, 0.24, 0.12, 0.15], [1])","([0.25, 0.14, 0.11, 0.07, 0.24, 0.18], [4])",-0.0,-0.76,-0.0,-0.0,-0.0,-0.0,-0.76,0.6569242568174605,1.1527706964959634,0.1753475240177409
52,"([0.12, 0.18, 0.2, 0.24, 0.12, 0.15], [2])","([0.25, 0.14, 0.11, 0.07, 0.24, 0.18], [3])",-0.0,-0.0,-0.7190000000000001,-0.0,-0.0,-0.0,-0.7190000000000001,0.6569258185152543,1.2148816714285782,0.1753843174656099
53,"([0.12, 0.18, 0.2, 0.24, 0.12, 0.15], [0])","([0.25, 0.14, 0.11, 0.07, 0.24, 0.18], [5])",-0.9390000000000001,-0.0,-0.0,-0.0,-0.0,-0.0,-0.9390000000000001,0.6569398334133594,1.496992646361193,0.17543512581158394
54,"([0.11, 0.18, 0.2, 0.24, 0.12, 0.15], [2])","([0.25, 0.14, 0.11, 0.07, 0.24, 0.18], [0])",-0.0,-0.0,-0.7190000000000001,-0.0,-0.0,-0.0,-0.7190000000000001,0.6569046797614075,1.5591036212938076,0.17545078050560614
55,"([0.11, 0.18, 0.2, 0.24, 0.12, 0.15], [2])","([0.25, 0.14, 0.11, 0.07, 0.24, 0.18], [5])",-0.0,-0.0,-0.7190000000000001,-0.0,-0.0,-0.0,-0.7190000000000001,0.656914542098199,1.6212145962264224,0.1754762975364198
56,"([0.12, 0.18, 0.2, 0.24, 0.12, 0.15], [3])","([0.25, 0.14, 0.11, 0.07, 0.24, 0.18], [0])",-0.0,-0.0,-0.0,-0.6759999999999999,-0.0,-0.0,-0.6759999999999999,0.6569233800440384,1.640325571159037,0.17551065251307285
57,"([0.12, 0.17, 0.2, 0.24, 0.12, 0.15], [5])","([0.25, 0.14, 0.11, 0.07, 0.24, 0.18], [5])",-0.0,-0.0,-0.0,-0.0,-0.0,-0.0,0.0,0.6569525453817414,0.9834365460916517,0.17557417282742893
58,"([0.12, 0.18, 0.2, 0.24, 0.12, 0.15], [2])","([0.25, 0.14, 0.11, 0.07, 0.24, 0.18], [0])",-0.0,-0.0,-0.7190000000000001,-0.0,-0.0,-0.0,-0.7190000000000001,0.6569359445062708,1.0455475210242664,0.1756210922663144
59,"([0.12, 0.18, 0.2, 0.24, 0.12, 0.15], [2])","([0.25, 0.14, 0.11, 0.07, 0.24, 0.18], [1])",-0.0,-0.0,-0.7190000000000001,-0.0,-0.0,-0.0,-0.7190000000000001,0.6569479312194775,1.1076584959568812,0.17567999841840654
60,"([0.12, 0.17, 0.2, 0.24, 0.12, 0.15], [4])","([0.25, 0.14, 0.11, 0.07, 0.24, 0.18], [0])",-0.0,-0.0,-0.0,-0.0,-0.922,-0.0,-0.922,0.6569698791977465,1.3727694708894957,0.17576085254876772
61,"([0.12, 0.18, 0.2, 0.24, 0.12, 0.15], [0])","([0.25, 0.14, 0.11, 0.07, 0.24, 0.18], [0])",-0.0,-0.0,-0.0,-0.0,-0.0,-0.0,0.0,0.6569285213795651,0.7158804458221104,0.17580034886094753
62,"([0.11, 0.18, 0.2, 0.24, 0.12, 0.15], [3])","([0.25, 0.14, 0.11, 0.07, 0.24, 0.18], [2])",-0.0,-0.0,-0.0,-0.6759999999999999,-0.0,-0.0,-0.6759999999999999,0.6568990378737859,0.734991420754725,0.1758103616673481
63,"([0.11, 0.18, 0.2, 0.24, 0.12, 0.15], [2])","([0.25, 0.14, 0.11, 0.07, 0.24, 0.18], [0])",-0.0,-0.0,-0.7190000000000001,-0.0,-0.0,-0.0,-0.7190000000000001,0.6569186880534581,0.7971023956873398,0.17584002465342086
64,"([0.12, 0.18, 0.2, 0.24, 0.12, 0.15], [3])","([0.25, 0.14, 0.11, 0.07, 0.24, 0.18], [2])",-0.0,-0.0,-0.0,-0.6759999999999999,-0.0,-0.0,-0.6759999999999999,0.6569275406871011,0.8162133706199544,0.17587854027313665
65,"([0.12, 0.17, 0.2, 0.24, 0.12, 0.15], [2])","([0.25, 0.14, 0.11, 0.07, 0.24, 0.18], [0])",-0.0,-0.0,-0.7190000000000001,-0.0,-0.0,-0.0,-0.7190000000000001,0.6569521724845324,0.8783243455525691,0.17594168769028373
66,"([0.12, 0.17, 0.2, 0.24, 0.12, 0.15], [3])","([0.25, 0.14, 0.11, 0.07, 0.24, 0.18], [1])",-0.0,-0.0,-0.0,-0.6759999999999999,-0.0,-0.0,-0.6759999999999999,0.6569626411935792,0.8974353204851837,0.17601530381647756
67,"([0.12, 0.17, 0.2, 0.24, 0.12, 0.15], [2])","([0.25, 0.14, 0.11, 0.07, 0.24, 0.18], [4])",-0.0,-0.0,-0.7190000000000001,-0.0,-0.0,-0.0,-0.7190000000000001,0.6569907762240366,0.9595462954177985,0.1761170549731288
68,"([0.12, 0.17, 0.2, 0.24, 0.12, 0.15], [0])","([0.25, 0.14, 0.11, 0.07, 0.24, 0.18], [2])",-0.9390000000000001,-0.0,-0.0,-0.0,-0.0,-0.0,-0.9390000000000001,0.6569980975546107,1.2416572703504132,0.17622612746035415
69,"([0.12, 0.17, 0.2, 0.24, 0.12, 0.15], [1])","([0.25, 0.14, 0.11, 0.07, 0.24, 0.18], [5])",-0.0,-0.76,-0.0,-0.0,-0.0,-0.0,-0.76,0.6569609040072149,1.3447682452830279,0.17629800640018367
70,"([0.12, 0.17, 0.2, 0.24, 0.12, 0.15], [2])","([0.25, 0.14, 0.11, 0.07, 0.24, 0.18], [5])",-0.0,-0.0,-0.7190000000000001,-0.0,-0.0,-0.0,-0.7190000000000001,0.6569606969404144,1.4068792202156426,0.1763696782732127
71,"([0.12, 0.17, 0.2, 0.24, 0.12, 0.15], [1])","([0.25, 0.14, 0.11, 0.07, 0.24, 0.18], [2])",-0.0,-0.76,-0.0,-0.0,-0.0,-0.0,-0.76,0.656968879035764,1.5099901951482573,0.17644953224159132
72,"([0.12, 0.17, 0.2, 0.24, 0.12, 0.15], [2])","([0.25, 0.14, 0.11, 0.07, 0.24, 0.18], [4])",-0.0,-0.0,-0.7190000000000001,-0.0,-0.0,-0.0,-0.7190000000000001,0.6569718447991473,1.572101170080872,0.17653235197335326
73,"([0.12, 0.17, 0.2, 0.24, 0.12, 0.15], [2])","([0.25, 0.14, 0.11, 0.07, 0.24, 0.18], [1])",-0.0,-0.0,-0.7190000000000001,-0.0,-0.0,-0.0,-0.7190000000000001,0.6569849784025726,1.6342121450134868,0.17662830530854057
74,"([0.12, 0.17, 0.2, 0.24, 0.12, 0.15], [2])","([0.25, 0.14, 0.11, 0.07, 0.24, 0.18], [5])",-0.0,-0.0,-0.7190000000000001,-0.0,-0.0,-0.0,-0.7190000000000001,0.6569977287650511,1.6963231199461015,0.17673700900620637
75,"([0.12, 0.17, 0.2, 0.24, 0.12, 0.15], [3])","([0.25, 0.15, 0.11, 0.07, 0.24, 0.18], [0])",-0.0,-0.0,-0.0,-0.6759999999999999,-0.0,-0.0,-0.6759999999999999,0.6570064423839712,1.7154340948787161,0.17685442632279225
76,"([0.12, 0.17, 0.2, 0.24, 0.12, 0.15], [0])","([0.25, 0.15, 0.11, 0.07, 0.24, 0.18], [4])",-0.9390000000000001,-0.0,-0.0,-0.0,-0.0,-0.0,-0.9390000000000001,0.6570333836255522,1.9975450698113308,0.1769987848809591
77,"([0.12, 0.17, 0.2, 0.24, 0.12, 0.15], [1])","([0.25, 0.14, 0.11, 0.07, 0.24, 0.18], [0])",-0.0,-0.76,-0.0,-0.0,-0.0,-0.0,-0.76,0.6569926073585993,2.1006560447439453,0.1771023671721731
78,"([0.12, 0.17, 0.2, 0.24, 0.12, 0.15], [4])","([0.25, 0.14, 0.11, 0.07, 0.24, 0.18], [0])",-0.0,-0.0,-0.0,-0.0,-0.922,-0.0,-0.922,0.6569949476987105,2.36576701967656,0.17720828980349823
79,"([0.12, 0.17, 0.2, 0.24, 0.12, 0.15], [3])","([0.25, 0.14, 0.11, 0.07, 0.24, 0.18], [1])",-0.0,-0.0,-0.0,-0.6759999999999999,-0.0,-0.0,-0.6759999999999999,0.6569606739002454,2.3848779946091745,0.17727993863635827
80,"([0.12, 0.17, 0.2, 0.24, 0.12, 0.15], [1])","([0.25, 0.14, 0.11, 0.07, 0.24, 0.18], [4])",-0.0,-0.76,-0.0,-0.0,-0.0,-0.0,-0.76,0.6569867287908103,2.487988969541789,0.17737764235978326
81,"([0.12, 0.17, 0.2, 0.24, 0.12, 0.15], [1])","([0.25, 0.14, 0.11, 0.07, 0.24, 0.18], [5])",-0.0,-0.76,-0.0,-0.0,-0.0,-0.0,-0.76,0.6569812797152585,2.591099944474404,0.17746989700765647
82,"([0.12, 0.17, 0.2, 0.24, 0.12, 0.15], [3])","([0.25, 0.14, 0.11, 0.07, 0.24, 0.18], [5])",-0.0,-0.0,-0.0,-0.6759999999999999,-0.0,-0.0,-0.6759999999999999,0.6569790818748386,2.6102109194070184,0.1775599538151097
83,"([0.12, 0.17, 0.2, 0.24, 0.12, 0.15], [1])","([0.25, 0.14, 0.11, 0.07, 0.24, 0.18], [0])",-0.0,-0.76,-0.0,-0.0,-0.0,-0.0,-0.76,0.657000819911106,2.713321894339633,0.1776717486588304
84,"([0.12, 0.17, 0.2, 0.24, 0.12, 0.15], [4])","([0.25, 0.15, 0.11, 0.07, 0.24, 0.18], [0])",-0.0,-0.0,-0.0,-0.0,-0.922,-0.0,-0.922,0.6570033828528485,2.9784328692722477,0.1777861064442936
85,"([0.12, 0.17, 0.2, 0.24, 0.12, 0.15], [0])","([0.25, 0.14, 0.11, 0.07, 0.24, 0.18], [4])",-0.9390000000000001,-0.0,-0.0,-0.0,-0.0,-0.0,-0.9390000000000001,0.6569746347244455,3.2605438442048627,0.17787171610135377
86,"([0.12, 0.18, 0.2, 0.24, 0.12, 0.15], [1])","([0.25, 0.14, 0.11, 0.07, 0.24, 0.18], [4])",-0.0,-0.76,-0.0,-0.0,-0.0,-0.0,-0.76,0.6569459641113432,3.3636548191374773,0.17792865514531164
87,"([0.12, 0.17, 0.2, 0.24, 0.12, 0.15], [3])","([0.25, 0.14, 0.11, 0.07, 0.24, 0.18], [4])",-0.0,-0.0,-0.0,-0.6759999999999999,-0.0,-0.0,-0.6759999999999999,0.6569463007840813,3.382765794070092,0.17798593086200765
88,"([0.12, 0.17, 0.2, 0.24, 0.12, 0.15], [4])","([0.25, 0.14, 0.11, 0.07, 0.24, 0.18], [5])",-0.0,-0.0,-0.0,-0.0,-0.922,-0.0,-0.922,0.656963990788167,3.6478767690027065,0.17806089658278934
89,"([0.12, 0.17, 0.2, 0.24, 0.12, 0.15], [0])","([0.25, 0.14, 0.11, 0.07, 0.24, 0.18], [5])",-0.9390000000000001,-0.0,-0.0,-0.0,-0.0,-0.0,-0.9390000000000001,0.6569414527078256,3.929987743935321,0.17811332422322956
90,"([0.11, 0.18, 0.2, 0.24, 0.12, 0.15], [4])","([0.25, 0.14, 0.11, 0.07, 0.24, 0.18], [4])",-0.0,-0.0,-0.0,-0.0,-0.0,-0.0,0.0,0.6569166234676489,3.273098718867936,0.17814092262349313
91,"([0.11, 0.18, 0.2, 0.24, 0.12, 0.15], [3])","([0.25, 0.14, 0.11, 0.07, 0.24, 0.18], [4])",-0.0,-0.0,-0.0,-0.6759999999999999,-0.0,-0.0,-0.6759999999999999,0.6569030985429083,3.2922096938005505,0.17815499609901608
92,"([0.11, 0.18, 0.2, 0.24, 0.12, 0.15], [2])","([0.25, 0.14, 0.11, 0.07, 0.24, 0.18], [0])",-0.0,-0.0,-0.7190000000000001,-0.0,-0.0,-0.0,-0.7190000000000001,0.6569166254815884,3.3543206687331653,0.1781825965132191
93,"([0.12, 0.18, 0.2, 0.24, 0.12, 0.15], [3])","([0.25, 0.14, 0.11, 0.07, 0.24, 0.18], [2])",-0.0,-0.0,-0.0,-0.6759999999999999,-0.0,-0.0,-0.6759999999999999,0.6569242636381819,3.37343164366578,0.17821783508401567
94,"([0.12, 0.17, 0.2, 0.24, 0.12, 0.15], [5])","([0.25, 0.14, 0.11, 0.07, 0.24, 0.18], [2])",-0.0,-0.0,-0.0,-0.0,-0.0,-0.812,-0.812,0.6569339874338308,3.5285426185983946,0.17826279745046114
95,"([0.12, 0.18, 0.2, 0.24, 0.12, 0.15], [0])","([0.25, 0.14, 0.11, 0.07, 0.24, 0.18], [1])",-0.9390000000000001,-0.0,-0.0,-0.0,-0.0,-0.0,-0.9390000000000001,0.6569283475655996,3.8106535935310095,0.1783021199486754
96,"([0.11, 0.18, 0.2, 0.24, 0.12, 0.15], [0])","([0.25, 0.14, 0.11, 0.07, 0.24, 0.18], [2])",-0.9390000000000001,-0.0,-0.0,-0.0,-0.0,-0.0,-0.9390000000000001,0.6569096330730027,4.0927645684636245,0.17832272795429271
97,"([0.11, 0.18, 0.2, 0.24, 0.12, 0.15], [4])","([0.25, 0.14, 0.11, 0.07, 0.25, 0.18], [4])",-0.0,-0.0,-0.0,-0.0,-0.0,-0.0,0.0,0.6568965156968672,3.4358755433962394,0.17833021858377462
98,"([0.11, 0.18, 0.2, 0.24, 0.12, 0.15], [4])","([0.25, 0.14, 0.11, 0.07, 0.25, 0.18], [5])",-0.0,-0.0,-0.0,-0.0,-0.922,-0.0,-0.922,0.6568903282603807,3.700986518328854,0.17833152177677003
99,"([0.11, 0.18, 0.2, 0.24, 0.12, 0.15], [1])","([0.26, 0.14, 0.11, 0.07, 0.25, 0.18], [0])",-0.0,-0.76,-0.0,-0.0,-0.0,-0.0,-0.76,0.6568899204203157,3.8040974932614686,0.17833241712970038
