,sta-1,FB-0,feedback target 0,feedback target 1,feedback target 2,feedback target 3,feedback target 4,feedback target 5,total,exp_loss,actual_regret,exp_regret
0,"([0, 0, 0, 0, 1, 0], [4])","([0, 0, 1, 0, 0, 0], [2])",-0.0,-0.0,-0.0,-0.0,-1.0,-0.0,-1.0,1.0,0.32227728106852593,0.32227728106852593
1,"([0, 0, 1, 0, 0, 0], [2])","([0.08, 0.16, 0.05, 0.22, 0.32, 0.17], [0])",-0.0,-0.0,-0.715,-0.0,-0.0,-0.0,-0.715,0.6777227189314741,0.35955456213705184,0.32227728106852593
2,"([0, 0, 1, 0, 0, 0], [2])","([0.08, 0.16, 0.05, 0.22, 0.32, 0.17], [3])",-0.0,-0.0,-0.715,-0.0,-0.0,-0.0,-0.715,0.6777227189314741,0.39683184320557774,0.32227728106852593
3,"([0, 0, 1, 0, 0, 0], [2])","([0.08, 0.16, 0.05, 0.22, 0.32, 0.17], [4])",-0.0,-0.0,-0.715,-0.0,-0.0,-0.0,-0.715,0.6777227189314741,0.43410912427410364,0.32227728106852593
4,"([0, 0, 1, 0, 0, 0], [2])","([0.08, 0.16, 0.05, 0.22, 0.32, 0.17], [1])",-0.0,-0.0,-0.715,-0.0,-0.0,-0.0,-0.715,0.6777227189314741,0.47138640534262954,0.32227728106852593
5,"([0, 0, 1, 0, 0, 0], [2])","([0.08, 0.16, 0.05, 0.22, 0.32, 0.17], [3])",-0.0,-0.0,-0.715,-0.0,-0.0,-0.0,-0.715,0.6777227189314741,0.5086636864111554,0.32227728106852593
6,"([0, 0, 1, 0, 0, 0], [2])","([0.08, 0.16, 0.05, 0.22, 0.32, 0.17], [4])",-0.0,-0.0,-0.715,-0.0,-0.0,-0.0,-0.715,0.6777227189314741,0.5459409674796813,0.32227728106852593
7,"([0, 0, 1, 0, 0, 0], [2])","([0.08, 0.16, 0.05, 0.22, 0.32, 0.17], [1])",-0.0,-0.0,-0.715,-0.0,-0.0,-0.0,-0.715,0.6777227189314741,0.5832182485482073,0.32227728106852593
8,"([0, 0, 1, 0, 0, 0], [2])","([0.08, 0.16, 0.05, 0.22, 0.32, 0.17], [3])",-0.0,-0.0,-0.715,-0.0,-0.0,-0.0,-0.715,0.6777227189314741,0.6204955296167332,0.32227728106852593
9,"([0, 0, 1, 0, 0, 0], [2])","([0.08, 0.16, 0.05, 0.22, 0.32, 0.17], [3])",-0.0,-0.0,-0.715,-0.0,-0.0,-0.0,-0.715,0.6777227189314741,0.6577728106852591,0.32227728106852593
10,"([0, 0, 1, 0, 0, 0], [2])","([0.08, 0.16, 0.05, 0.22, 0.32, 0.17], [0])",-0.0,-0.0,-0.715,-0.0,-0.0,-0.0,-0.715,0.6777227189314741,0.695050091753785,0.32227728106852593
11,"([0, 0, 1, 0, 0, 0], [2])","([0.08, 0.16, 0.05, 0.22, 0.32, 0.17], [4])",-0.0,-0.0,-0.715,-0.0,-0.0,-0.0,-0.715,0.6777227189314741,0.7323273728223109,0.32227728106852593
12,"([0, 0, 1, 0, 0, 0], [2])","([0.08, 0.16, 0.05, 0.22, 0.32, 0.17], [4])",-0.0,-0.0,-0.715,-0.0,-0.0,-0.0,-0.715,0.6777227189314741,0.7696046538908368,0.32227728106852593
13,"([0, 0, 1, 0, 0, 0], [2])","([0.08, 0.16, 0.05, 0.22, 0.32, 0.17], [3])",-0.0,-0.0,-0.715,-0.0,-0.0,-0.0,-0.715,0.6777227189314741,0.8068819349593627,0.32227728106852593
14,"([0, 0, 1, 0, 0, 0], [2])","([0.08, 0.16, 0.05, 0.22, 0.32, 0.17], [0])",-0.0,-0.0,-0.715,-0.0,-0.0,-0.0,-0.715,0.6777227189314741,0.8441592160278886,0.32227728106852593
15,"([0, 0, 1, 0, 0, 0], [2])","([0.08, 0.16, 0.05, 0.22, 0.32, 0.17], [4])",-0.0,-0.0,-0.715,-0.0,-0.0,-0.0,-0.715,0.6777227189314741,0.8814364970964145,0.32227728106852593
16,"([0, 0, 1, 0, 0, 0], [2])","([0.08, 0.16, 0.05, 0.22, 0.32, 0.17], [3])",-0.0,-0.0,-0.715,-0.0,-0.0,-0.0,-0.715,0.6777227189314741,0.9187137781649404,0.32227728106852593
17,"([0, 0, 1, 0, 0, 0], [2])","([0.08, 0.16, 0.05, 0.22, 0.32, 0.17], [5])",-0.0,-0.0,-0.715,-0.0,-0.0,-0.0,-0.715,0.6777227189314741,0.9559910592334663,0.32227728106852593
18,"([0, 0, 1, 0, 0, 0], [2])","([0.08, 0.16, 0.05, 0.22, 0.32, 0.17], [5])",-0.0,-0.0,-0.715,-0.0,-0.0,-0.0,-0.715,0.6777227189314741,0.9932683403019922,0.32227728106852593
19,"([0, 0, 1, 0, 0, 0], [2])","([0.08, 0.16, 0.05, 0.22, 0.32, 0.17], [1])",-0.0,-0.0,-0.715,-0.0,-0.0,-0.0,-0.715,0.6777227189314741,1.0305456213705182,0.32227728106852593
20,"([0, 0, 1, 0, 0, 0], [2])","([0.08, 0.16, 0.05, 0.22, 0.32, 0.17], [3])",-0.0,-0.0,-0.715,-0.0,-0.0,-0.0,-0.715,0.6777227189314741,1.067822902439044,0.32227728106852593
21,"([0, 0, 1, 0, 0, 0], [2])","([0.08, 0.16, 0.05, 0.22, 0.32, 0.17], [4])",-0.0,-0.0,-0.715,-0.0,-0.0,-0.0,-0.715,0.6777227189314741,1.1051001835075698,0.32227728106852593
22,"([0, 0, 1, 0, 0, 0], [2])","([0.08, 0.16, 0.05, 0.22, 0.32, 0.17], [2])",-0.0,-0.0,-0.0,-0.0,-0.0,-0.0,0.0,0.6777227189314741,0.4273774645760957,0.32227728106852593
23,"([0, 0, 1, 0, 0, 0], [2])","([0.08, 0.16, 0.05, 0.22, 0.32, 0.17], [5])",-0.0,-0.0,-0.715,-0.0,-0.0,-0.0,-0.715,0.6777227189314741,0.4646547456446216,0.32227728106852593
24,"([0, 0, 1, 0, 0, 0], [2])","([0.08, 0.16, 0.05, 0.22, 0.32, 0.17], [4])",-0.0,-0.0,-0.715,-0.0,-0.0,-0.0,-0.715,0.6777227189314741,0.5019320267131475,0.32227728106852593
25,"([0, 0, 1, 0, 0, 0], [2])","([0.08, 0.16, 0.05, 0.22, 0.32, 0.17], [1])",-0.0,-0.0,-0.715,-0.0,-0.0,-0.0,-0.715,0.6777227189314741,0.5392093077816734,0.32227728106852593
26,"([0, 0, 1, 0, 0, 0], [2])","([0.08, 0.16, 0.05, 0.22, 0.32, 0.17], [4])",-0.0,-0.0,-0.715,-0.0,-0.0,-0.0,-0.715,0.6777227189314741,0.5764865888501993,0.32227728106852593
27,"([0, 0, 1, 0, 0, 0], [2])","([0.08, 0.16, 0.05, 0.22, 0.32, 0.17], [0])",-0.0,-0.0,-0.715,-0.0,-0.0,-0.0,-0.715,0.6777227189314741,0.6137638699187252,0.32227728106852593
28,"([0, 0, 1, 0, 0, 0], [2])","([0.08, 0.16, 0.05, 0.22, 0.32, 0.17], [3])",-0.0,-0.0,-0.715,-0.0,-0.0,-0.0,-0.715,0.6777227189314741,0.6510411509872511,0.32227728106852593
29,"([0, 0, 1, 0, 0, 0], [2])","([0.08, 0.16, 0.05, 0.22, 0.32, 0.17], [3])",-0.0,-0.0,-0.715,-0.0,-0.0,-0.0,-0.715,0.6777227189314741,0.688318432055777,0.32227728106852593
30,"([0, 0, 1, 0, 0, 0], [2])","([0.08, 0.16, 0.05, 0.22, 0.32, 0.17], [3])",-0.0,-0.0,-0.715,-0.0,-0.0,-0.0,-0.715,0.6777227189314741,0.7255957131243029,0.32227728106852593
31,"([0, 0, 1, 0, 0, 0], [2])","([0.08, 0.16, 0.05, 0.22, 0.32, 0.17], [5])",-0.0,-0.0,-0.715,-0.0,-0.0,-0.0,-0.715,0.6777227189314741,0.7628729941928288,0.32227728106852593
32,"([0, 0, 1, 0, 0, 0], [2])","([0.08, 0.16, 0.05, 0.22, 0.32, 0.17], [5])",-0.0,-0.0,-0.715,-0.0,-0.0,-0.0,-0.715,0.6777227189314741,0.8001502752613547,0.32227728106852593
33,"([0, 0, 1, 0, 0, 0], [2])","([0.08, 0.16, 0.05, 0.22, 0.32, 0.17], [5])",-0.0,-0.0,-0.715,-0.0,-0.0,-0.0,-0.715,0.6777227189314741,0.8374275563298806,0.32227728106852593
34,"([0, 0, 1, 0, 0, 0], [2])","([0.08, 0.16, 0.05, 0.22, 0.32, 0.17], [5])",-0.0,-0.0,-0.715,-0.0,-0.0,-0.0,-0.715,0.6777227189314741,0.8747048373984065,0.32227728106852593
35,"([0, 0, 1, 0, 0, 0], [2])","([0.08, 0.16, 0.05, 0.22, 0.32, 0.17], [2])",-0.0,-0.0,-0.0,-0.0,-0.0,-0.0,0.0,0.6777227189314741,0.19698211846693248,0.32227728106852593
36,"([0, 0, 1, 0, 0, 0], [2])","([0.08, 0.16, 0.05, 0.22, 0.32, 0.17], [1])",-0.0,-0.0,-0.715,-0.0,-0.0,-0.0,-0.715,0.6777227189314741,0.23425939953545838,0.32227728106852593
37,"([0, 0, 1, 0, 0, 0], [2])","([0.08, 0.16, 0.05, 0.22, 0.32, 0.17], [5])",-0.0,-0.0,-0.715,-0.0,-0.0,-0.0,-0.715,0.6777227189314741,0.2715366806039843,0.32227728106852593
38,"([0, 0, 1, 0, 0, 0], [2])","([0.08, 0.16, 0.05, 0.22, 0.32, 0.17], [5])",-0.0,-0.0,-0.715,-0.0,-0.0,-0.0,-0.715,0.6777227189314741,0.3088139616725102,0.32227728106852593
39,"([0, 0, 1, 0, 0, 0], [2])","([0.08, 0.16, 0.05, 0.22, 0.32, 0.17], [1])",-0.0,-0.0,-0.715,-0.0,-0.0,-0.0,-0.715,0.6777227189314741,0.3460912427410361,0.32227728106852593
40,"([0, 0, 1, 0, 0, 0], [2])","([0.08, 0.16, 0.05, 0.22, 0.32, 0.17], [4])",-0.0,-0.0,-0.715,-0.0,-0.0,-0.0,-0.715,0.6777227189314741,0.383368523809562,0.32227728106852593
41,"([0, 0, 1, 0, 0, 0], [2])","([0.08, 0.16, 0.05, 0.22, 0.32, 0.17], [4])",-0.0,-0.0,-0.715,-0.0,-0.0,-0.0,-0.715,0.6777227189314741,0.4206458048780879,0.32227728106852593
42,"([0, 0, 1, 0, 0, 0], [2])","([0.08, 0.16, 0.05, 0.22, 0.32, 0.17], [5])",-0.0,-0.0,-0.715,-0.0,-0.0,-0.0,-0.715,0.6777227189314741,0.4579230859466138,0.32227728106852593
43,"([0, 0, 1, 0, 0, 0], [2])","([0.08, 0.16, 0.05, 0.22, 0.32, 0.17], [4])",-0.0,-0.0,-0.715,-0.0,-0.0,-0.0,-0.715,0.6777227189314741,0.4952003670151397,0.32227728106852593
44,"([0, 0, 1, 0, 0, 0], [2])","([0.08, 0.16, 0.05, 0.22, 0.32, 0.17], [1])",-0.0,-0.0,-0.715,-0.0,-0.0,-0.0,-0.715,0.6777227189314741,0.5324776480836656,0.32227728106852593
45,"([0, 0, 1, 0, 0, 0], [2])","([0.08, 0.16, 0.05, 0.22, 0.32, 0.17], [3])",-0.0,-0.0,-0.715,-0.0,-0.0,-0.0,-0.715,0.6777227189314741,0.5697549291521915,0.32227728106852593
46,"([0, 0, 1, 0, 0, 0], [2])","([0.08, 0.16, 0.05, 0.22, 0.32, 0.17], [4])",-0.0,-0.0,-0.715,-0.0,-0.0,-0.0,-0.715,0.6777227189314741,0.6070322102207174,0.32227728106852593
47,"([0, 0, 1, 0, 0, 0], [2])","([0.08, 0.16, 0.05, 0.22, 0.32, 0.17], [4])",-0.0,-0.0,-0.715,-0.0,-0.0,-0.0,-0.715,0.6777227189314741,0.6443094912892433,0.32227728106852593
48,"([0, 0, 1, 0, 0, 0], [2])","([0.08, 0.16, 0.05, 0.22, 0.32, 0.17], [1])",-0.0,-0.0,-0.715,-0.0,-0.0,-0.0,-0.715,0.6777227189314741,0.6815867723577692,0.32227728106852593
49,"([0, 0, 1, 0, 0, 0], [2])","([0.08, 0.16, 0.05, 0.22, 0.32, 0.17], [3])",-0.0,-0.0,-0.715,-0.0,-0.0,-0.0,-0.715,0.6777227189314741,0.7188640534262951,0.32227728106852593
50,"([0, 0, 1, 0, 0, 0], [2])","([0.08, 0.16, 0.05, 0.22, 0.32, 0.17], [1])",-0.0,-0.0,-0.715,-0.0,-0.0,-0.0,-0.715,0.6777227189314741,0.756141334494821,0.32227728106852593
51,"([0, 0, 1, 0, 0, 0], [2])","([0.08, 0.16, 0.05, 0.22, 0.32, 0.17], [4])",-0.0,-0.0,-0.715,-0.0,-0.0,-0.0,-0.715,0.6777227189314741,0.7934186155633469,0.32227728106852593
52,"([0, 0, 1, 0, 0, 0], [2])","([0.08, 0.16, 0.05, 0.22, 0.32, 0.17], [0])",-0.0,-0.0,-0.715,-0.0,-0.0,-0.0,-0.715,0.6777227189314741,0.8306958966318728,0.32227728106852593
53,"([0, 0, 1, 0, 0, 0], [2])","([0.08, 0.16, 0.05, 0.22, 0.32, 0.17], [4])",-0.0,-0.0,-0.715,-0.0,-0.0,-0.0,-0.715,0.6777227189314741,0.8679731777003987,0.32227728106852593
54,"([0, 0, 1, 0, 0, 0], [2])","([0.08, 0.16, 0.05, 0.22, 0.32, 0.17], [4])",-0.0,-0.0,-0.715,-0.0,-0.0,-0.0,-0.715,0.6777227189314741,0.9052504587689246,0.32227728106852593
55,"([0, 0, 1, 0, 0, 0], [2])","([0.08, 0.16, 0.05, 0.22, 0.32, 0.17], [4])",-0.0,-0.0,-0.715,-0.0,-0.0,-0.0,-0.715,0.6777227189314741,0.9425277398374505,0.32227728106852593
56,"([0, 0, 1, 0, 0, 0], [2])","([0.08, 0.16, 0.05, 0.22, 0.32, 0.17], [2])",-0.0,-0.0,-0.0,-0.0,-0.0,-0.0,0.0,0.6777227189314741,0.26480502090597646,0.32227728106852593
57,"([0, 0, 1, 0, 0, 0], [2])","([0.08, 0.16, 0.05, 0.22, 0.32, 0.17], [2])",-0.0,-0.0,-0.0,-0.0,-0.0,-0.0,0.0,0.6777227189314741,-0.4129176980254976,0.32227728106852593
58,"([0, 0, 1, 0, 0, 0], [2])","([0.08, 0.16, 0.05, 0.22, 0.32, 0.17], [1])",-0.0,-0.0,-0.715,-0.0,-0.0,-0.0,-0.715,0.6777227189314741,-0.3756404169569717,0.32227728106852593
59,"([0, 0, 1, 0, 0, 0], [2])","([0.08, 0.16, 0.05, 0.22, 0.32, 0.17], [3])",-0.0,-0.0,-0.715,-0.0,-0.0,-0.0,-0.715,0.6777227189314741,-0.3383631358884458,0.32227728106852593
60,"([0, 0, 1, 0, 0, 0], [2])","([0.08, 0.16, 0.05, 0.22, 0.32, 0.17], [4])",-0.0,-0.0,-0.715,-0.0,-0.0,-0.0,-0.715,0.6777227189314741,-0.3010858548199199,0.32227728106852593
61,"([0, 0, 1, 0, 0, 0], [2])","([0.08, 0.16, 0.05, 0.22, 0.32, 0.17], [4])",-0.0,-0.0,-0.715,-0.0,-0.0,-0.0,-0.715,0.6777227189314741,-0.263808573751394,0.32227728106852593
62,"([0, 0, 1, 0, 0, 0], [2])","([0.08, 0.16, 0.05, 0.22, 0.32, 0.17], [4])",-0.0,-0.0,-0.715,-0.0,-0.0,-0.0,-0.715,0.6777227189314741,-0.2265312926828681,0.32227728106852593
63,"([0, 0, 1, 0, 0, 0], [2])","([0.08, 0.16, 0.05, 0.22, 0.32, 0.17], [4])",-0.0,-0.0,-0.715,-0.0,-0.0,-0.0,-0.715,0.6777227189314741,-0.1892540116143422,0.32227728106852593
64,"([0, 0, 1, 0, 0, 0], [2])","([0.08, 0.16, 0.05, 0.22, 0.32, 0.17], [4])",-0.0,-0.0,-0.715,-0.0,-0.0,-0.0,-0.715,0.6777227189314741,-0.15197673054581629,0.32227728106852593
65,"([0, 0, 1, 0, 0, 0], [2])","([0.08, 0.16, 0.05, 0.22, 0.32, 0.17], [0])",-0.0,-0.0,-0.715,-0.0,-0.0,-0.0,-0.715,0.6777227189314741,-0.11469944947729038,0.32227728106852593
66,"([0, 0, 1, 0, 0, 0], [2])","([0.08, 0.16, 0.05, 0.22, 0.32, 0.17], [3])",-0.0,-0.0,-0.715,-0.0,-0.0,-0.0,-0.715,0.6777227189314741,-0.07742216840876448,0.32227728106852593
67,"([0, 0, 1, 0, 0, 0], [2])","([0.08, 0.16, 0.05, 0.22, 0.32, 0.17], [4])",-0.0,-0.0,-0.715,-0.0,-0.0,-0.0,-0.715,0.6777227189314741,-0.04014488734023858,0.32227728106852593
68,"([0, 0, 1, 0, 0, 0], [2])","([0.08, 0.16, 0.05, 0.22, 0.32, 0.17], [1])",-0.0,-0.0,-0.715,-0.0,-0.0,-0.0,-0.715,0.6777227189314741,-0.002867606271712675,0.32227728106852593
69,"([0, 0, 1, 0, 0, 0], [2])","([0.08, 0.16, 0.05, 0.22, 0.32, 0.17], [5])",-0.0,-0.0,-0.715,-0.0,-0.0,-0.0,-0.715,0.6777227189314741,0.03440967479681323,0.32227728106852593
70,"([0, 0, 1, 0, 0, 0], [2])","([0.08, 0.16, 0.05, 0.22, 0.32, 0.17], [2])",-0.0,-0.0,-0.0,-0.0,-0.0,-0.0,0.0,0.6777227189314741,-0.6433130441346608,0.32227728106852593
71,"([0, 0, 1, 0, 0, 0], [2])","([0.08, 0.16, 0.05, 0.22, 0.32, 0.17], [5])",-0.0,-0.0,-0.715,-0.0,-0.0,-0.0,-0.715,0.6777227189314741,-0.6060357630661349,0.32227728106852593
72,"([0, 0, 1, 0, 0, 0], [2])","([0.08, 0.16, 0.05, 0.22, 0.32, 0.17], [2])",-0.0,-0.0,-0.0,-0.0,-0.0,-0.0,0.0,0.6777227189314741,-1.2837584819976091,0.32227728106852593
73,"([0, 0, 1, 0, 0, 0], [2])","([0.08, 0.16, 0.05, 0.22, 0.32, 0.17], [1])",-0.0,-0.0,-0.715,-0.0,-0.0,-0.0,-0.715,0.6777227189314741,-1.2464812009290833,0.32227728106852593
74,"([0, 0, 1, 0, 0, 0], [2])","([0.08, 0.16, 0.05, 0.22, 0.32, 0.17], [3])",-0.0,-0.0,-0.715,-0.0,-0.0,-0.0,-0.715,0.6777227189314741,-1.2092039198605575,0.32227728106852593
75,"([0, 0, 1, 0, 0, 0], [2])","([0.08, 0.16, 0.05, 0.22, 0.32, 0.17], [0])",-0.0,-0.0,-0.715,-0.0,-0.0,-0.0,-0.715,0.6777227189314741,-1.1719266387920317,0.32227728106852593
76,"([0, 0, 1, 0, 0, 0], [2])","([0.08, 0.16, 0.05, 0.22, 0.32, 0.17], [0])",-0.0,-0.0,-0.715,-0.0,-0.0,-0.0,-0.715,0.6777227189314741,-1.134649357723506,0.32227728106852593
77,"([0, 0, 1, 0, 0, 0], [2])","([0.08, 0.16, 0.05, 0.22, 0.32, 0.17], [5])",-0.0,-0.0,-0.715,-0.0,-0.0,-0.0,-0.715,0.6777227189314741,-1.0973720766549802,0.32227728106852593
78,"([0, 0, 1, 0, 0, 0], [2])","([0.08, 0.16, 0.05, 0.22, 0.32, 0.17], [3])",-0.0,-0.0,-0.715,-0.0,-0.0,-0.0,-0.715,0.6777227189314741,-1.0600947955864544,0.32227728106852593
79,"([0, 0, 1, 0, 0, 0], [2])","([0.08, 0.16, 0.05, 0.22, 0.32, 0.17], [3])",-0.0,-0.0,-0.715,-0.0,-0.0,-0.0,-0.715,0.6777227189314741,-1.0228175145179286,0.32227728106852593
80,"([0, 0, 1, 0, 0, 0], [2])","([0.08, 0.16, 0.05, 0.22, 0.32, 0.17], [4])",-0.0,-0.0,-0.715,-0.0,-0.0,-0.0,-0.715,0.6777227189314741,-0.9855402334494027,0.32227728106852593
81,"([0, 0, 1, 0, 0, 0], [2])","([0.08, 0.16, 0.05, 0.22, 0.32, 0.17], [0])",-0.0,-0.0,-0.715,-0.0,-0.0,-0.0,-0.715,0.6777227189314741,-0.9482629523808768,0.32227728106852593
82,"([0, 0, 1, 0, 0, 0], [2])","([0.08, 0.16, 0.05, 0.22, 0.32, 0.17], [3])",-0.0,-0.0,-0.715,-0.0,-0.0,-0.0,-0.715,0.6777227189314741,-0.9109856713123509,0.32227728106852593
83,"([0, 0, 1, 0, 0, 0], [2])","([0.08, 0.16, 0.05, 0.22, 0.32, 0.17], [4])",-0.0,-0.0,-0.715,-0.0,-0.0,-0.0,-0.715,0.6777227189314741,-0.873708390243825,0.32227728106852593
84,"([0, 0, 1, 0, 0, 0], [2])","([0.08, 0.16, 0.05, 0.22, 0.32, 0.17], [0])",-0.0,-0.0,-0.715,-0.0,-0.0,-0.0,-0.715,0.6777227189314741,-0.8364311091752991,0.32227728106852593
85,"([0, 0, 1, 0, 0, 0], [2])","([0.08, 0.16, 0.05, 0.22, 0.32, 0.17], [4])",-0.0,-0.0,-0.715,-0.0,-0.0,-0.0,-0.715,0.6777227189314741,-0.7991538281067732,0.32227728106852593
86,"([0, 0, 1, 0, 0, 0], [2])","([0.08, 0.16, 0.05, 0.22, 0.32, 0.17], [4])",-0.0,-0.0,-0.715,-0.0,-0.0,-0.0,-0.715,0.6777227189314741,-0.7618765470382473,0.32227728106852593
87,"([0, 0, 1, 0, 0, 0], [2])","([0.08, 0.16, 0.05, 0.22, 0.32, 0.17], [4])",-0.0,-0.0,-0.715,-0.0,-0.0,-0.0,-0.715,0.6777227189314741,-0.7245992659697214,0.32227728106852593
88,"([0, 0, 1, 0, 0, 0], [2])","([0.08, 0.16, 0.05, 0.22, 0.32, 0.17], [3])",-0.0,-0.0,-0.715,-0.0,-0.0,-0.0,-0.715,0.6777227189314741,-0.6873219849011954,0.32227728106852593
89,"([0, 0, 1, 0, 0, 0], [2])","([0.08, 0.16, 0.05, 0.22, 0.32, 0.17], [5])",-0.0,-0.0,-0.715,-0.0,-0.0,-0.0,-0.715,0.6777227189314741,-0.6500447038326695,0.32227728106852593
90,"([0, 0, 1, 0, 0, 0], [2])","([0.08, 0.16, 0.05, 0.22, 0.32, 0.17], [4])",-0.0,-0.0,-0.715,-0.0,-0.0,-0.0,-0.715,0.6777227189314741,-0.6127674227641436,0.32227728106852593
91,"([0, 0, 1, 0, 0, 0], [2])","([0.08, 0.16, 0.05, 0.22, 0.32, 0.17], [3])",-0.0,-0.0,-0.715,-0.0,-0.0,-0.0,-0.715,0.6777227189314741,-0.5754901416956177,0.32227728106852593
92,"([0, 0, 1, 0, 0, 0], [2])","([0.08, 0.16, 0.05, 0.22, 0.32, 0.17], [1])",-0.0,-0.0,-0.715,-0.0,-0.0,-0.0,-0.715,0.6777227189314741,-0.5382128606270918,0.32227728106852593
93,"([0, 0, 1, 0, 0, 0], [2])","([0.08, 0.16, 0.05, 0.22, 0.32, 0.17], [2])",-0.0,-0.0,-0.0,-0.0,-0.0,-0.0,0.0,0.6777227189314741,-1.215935579558566,0.32227728106852593
94,"([0, 0, 1, 0, 0, 0], [2])","([0.08, 0.16, 0.05, 0.22, 0.32, 0.17], [2])",-0.0,-0.0,-0.0,-0.0,-0.0,-0.0,0.0,0.6777227189314741,-1.89365829849004,0.32227728106852593
95,"([0, 0, 1, 0, 0, 0], [2])","([0.08, 0.16, 0.05, 0.22, 0.32, 0.17], [5])",-0.0,-0.0,-0.715,-0.0,-0.0,-0.0,-0.715,0.6777227189314741,-1.8563810174215143,0.32227728106852593
96,"([0, 0, 1, 0, 0, 0], [2])","([0.08, 0.16, 0.05, 0.22, 0.32, 0.17], [3])",-0.0,-0.0,-0.715,-0.0,-0.0,-0.0,-0.715,0.6777227189314741,-1.8191037363529885,0.32227728106852593
97,"([0, 0, 1, 0, 0, 0], [2])","([0.08, 0.16, 0.05, 0.22, 0.32, 0.17], [3])",-0.0,-0.0,-0.715,-0.0,-0.0,-0.0,-0.715,0.6777227189314741,-1.7818264552844627,0.32227728106852593
98,"([0, 0, 1, 0, 0, 0], [2])","([0.08, 0.16, 0.05, 0.22, 0.32, 0.17], [0])",-0.0,-0.0,-0.715,-0.0,-0.0,-0.0,-0.715,0.6777227189314741,-1.744549174215937,0.32227728106852593
99,"([0, 0, 1, 0, 0, 0], [2])","([0.08, 0.16, 0.05, 0.22, 0.32, 0.17], [0])",-0.0,-0.0,-0.715,-0.0,-0.0,-0.0,-0.715,0.6777227189314741,-1.7072718931474111,0.32227728106852593
100,"([0, 0, 1, 0, 0, 0], [2])","([0.08, 0.16, 0.05, 0.22, 0.32, 0.17], [3])",-0.0,-0.0,-0.715,-0.0,-0.0,-0.0,-0.715,0.6777227189314741,-1.6699946120788853,0.32227728106852593
101,"([0, 0, 1, 0, 0, 0], [2])","([0.08, 0.16, 0.05, 0.22, 0.32, 0.17], [3])",-0.0,-0.0,-0.715,-0.0,-0.0,-0.0,-0.715,0.6777227189314741,-1.6327173310103595,0.32227728106852593
102,"([0, 0, 1, 0, 0, 0], [2])","([0.08, 0.16, 0.05, 0.22, 0.32, 0.17], [3])",-0.0,-0.0,-0.715,-0.0,-0.0,-0.0,-0.715,0.6777227189314741,-1.5954400499418337,0.32227728106852593
103,"([0, 0, 1, 0, 0, 0], [2])","([0.08, 0.16, 0.05, 0.22, 0.32, 0.17], [4])",-0.0,-0.0,-0.715,-0.0,-0.0,-0.0,-0.715,0.6777227189314741,-1.558162768873308,0.32227728106852593
104,"([0, 0, 1, 0, 0, 0], [2])","([0.08, 0.16, 0.05, 0.22, 0.32, 0.17], [0])",-0.0,-0.0,-0.715,-0.0,-0.0,-0.0,-0.715,0.6777227189314741,-1.5208854878047822,0.32227728106852593
105,"([0, 0, 1, 0, 0, 0], [2])","([0.08, 0.16, 0.05, 0.22, 0.32, 0.17], [5])",-0.0,-0.0,-0.715,-0.0,-0.0,-0.0,-0.715,0.6777227189314741,-1.4836082067362564,0.32227728106852593
106,"([0, 0, 1, 0, 0, 0], [2])","([0.08, 0.16, 0.05, 0.22, 0.32, 0.17], [3])",-0.0,-0.0,-0.715,-0.0,-0.0,-0.0,-0.715,0.6777227189314741,-1.4463309256677306,0.32227728106852593
107,"([0, 0, 1, 0, 0, 0], [2])","([0.08, 0.16, 0.05, 0.22, 0.32, 0.17], [4])",-0.0,-0.0,-0.715,-0.0,-0.0,-0.0,-0.715,0.6777227189314741,-1.4090536445992048,0.32227728106852593
108,"([0, 0, 1, 0, 0, 0], [2])","([0.08, 0.16, 0.05, 0.22, 0.32, 0.17], [5])",-0.0,-0.0,-0.715,-0.0,-0.0,-0.0,-0.715,0.6777227189314741,-1.371776363530679,0.32227728106852593
109,"([0, 0, 1, 0, 0, 0], [2])","([0.08, 0.16, 0.05, 0.22, 0.32, 0.17], [1])",-0.0,-0.0,-0.715,-0.0,-0.0,-0.0,-0.715,0.6777227189314741,-1.3344990824621532,0.32227728106852593
110,"([0, 0, 1, 0, 0, 0], [2])","([0.08, 0.16, 0.05, 0.22, 0.32, 0.17], [4])",-0.0,-0.0,-0.715,-0.0,-0.0,-0.0,-0.715,0.6777227189314741,-1.2972218013936274,0.32227728106852593
111,"([0, 0, 1, 0, 0, 0], [2])","([0.08, 0.16, 0.05, 0.22, 0.32, 0.17], [0])",-0.0,-0.0,-0.715,-0.0,-0.0,-0.0,-0.715,0.6777227189314741,-1.2599445203251016,0.32227728106852593
112,"([0, 0, 1, 0, 0, 0], [2])","([0.08, 0.16, 0.05, 0.22, 0.32, 0.17], [4])",-0.0,-0.0,-0.715,-0.0,-0.0,-0.0,-0.715,0.6777227189314741,-1.2226672392565758,0.32227728106852593
113,"([0, 0, 1, 0, 0, 0], [2])","([0.08, 0.16, 0.05, 0.22, 0.32, 0.17], [3])",-0.0,-0.0,-0.715,-0.0,-0.0,-0.0,-0.715,0.6777227189314741,-1.18538995818805,0.32227728106852593
114,"([0, 0, 1, 0, 0, 0], [2])","([0.08, 0.16, 0.05, 0.22, 0.32, 0.17], [4])",-0.0,-0.0,-0.715,-0.0,-0.0,-0.0,-0.715,0.6777227189314741,-1.1481126771195242,0.32227728106852593
115,"([0, 0, 1, 0, 0, 0], [2])","([0.08, 0.16, 0.05, 0.22, 0.32, 0.17], [0])",-0.0,-0.0,-0.715,-0.0,-0.0,-0.0,-0.715,0.6777227189314741,-1.1108353960509985,0.32227728106852593
116,"([0, 0, 1, 0, 0, 0], [2])","([0.08, 0.16, 0.05, 0.22, 0.32, 0.17], [3])",-0.0,-0.0,-0.715,-0.0,-0.0,-0.0,-0.715,0.6777227189314741,-1.0735581149824727,0.32227728106852593
117,"([0, 0, 1, 0, 0, 0], [2])","([0.08, 0.16, 0.05, 0.22, 0.32, 0.17], [1])",-0.0,-0.0,-0.715,-0.0,-0.0,-0.0,-0.715,0.6777227189314741,-1.0362808339139469,0.32227728106852593
118,"([0, 0, 1, 0, 0, 0], [2])","([0.08, 0.16, 0.05, 0.22, 0.32, 0.17], [3])",-0.0,-0.0,-0.715,-0.0,-0.0,-0.0,-0.715,0.6777227189314741,-0.999003552845421,0.32227728106852593
119,"([0, 0, 1, 0, 0, 0], [2])","([0.08, 0.16, 0.05, 0.22, 0.32, 0.17], [1])",-0.0,-0.0,-0.715,-0.0,-0.0,-0.0,-0.715,0.6777227189314741,-0.9617262717768951,0.32227728106852593
120,"([0, 0, 1, 0, 0, 0], [2])","([0.08, 0.16, 0.05, 0.22, 0.32, 0.17], [5])",-0.0,-0.0,-0.715,-0.0,-0.0,-0.0,-0.715,0.6777227189314741,-0.9244489907083692,0.32227728106852593
121,"([0, 0, 1, 0, 0, 0], [2])","([0.08, 0.16, 0.05, 0.22, 0.32, 0.17], [5])",-0.0,-0.0,-0.715,-0.0,-0.0,-0.0,-0.715,0.6777227189314741,-0.8871717096398433,0.32227728106852593
122,"([0, 0, 1, 0, 0, 0], [2])","([0.08, 0.16, 0.05, 0.22, 0.32, 0.17], [4])",-0.0,-0.0,-0.715,-0.0,-0.0,-0.0,-0.715,0.6777227189314741,-0.8498944285713174,0.32227728106852593
123,"([0, 0, 1, 0, 0, 0], [2])","([0.08, 0.16, 0.05, 0.22, 0.32, 0.17], [0])",-0.0,-0.0,-0.715,-0.0,-0.0,-0.0,-0.715,0.6777227189314741,-0.8126171475027915,0.32227728106852593
124,"([0, 0, 1, 0, 0, 0], [2])","([0.08, 0.16, 0.05, 0.22, 0.32, 0.17], [3])",-0.0,-0.0,-0.715,-0.0,-0.0,-0.0,-0.715,0.6777227189314741,-0.7753398664342656,0.32227728106852593
125,"([0, 0, 1, 0, 0, 0], [2])","([0.08, 0.16, 0.05, 0.22, 0.32, 0.17], [1])",-0.0,-0.0,-0.715,-0.0,-0.0,-0.0,-0.715,0.6777227189314741,-0.7380625853657397,0.32227728106852593
126,"([0, 0, 1, 0, 0, 0], [2])","([0.08, 0.16, 0.05, 0.22, 0.32, 0.17], [5])",-0.0,-0.0,-0.715,-0.0,-0.0,-0.0,-0.715,0.6777227189314741,-0.7007853042972138,0.32227728106852593
127,"([0, 0, 1, 0, 0, 0], [2])","([0.08, 0.16, 0.05, 0.22, 0.32, 0.17], [4])",-0.0,-0.0,-0.715,-0.0,-0.0,-0.0,-0.715,0.6777227189314741,-0.6635080232286878,0.32227728106852593
128,"([0, 0, 1, 0, 0, 0], [2])","([0.08, 0.16, 0.05, 0.22, 0.32, 0.17], [0])",-0.0,-0.0,-0.715,-0.0,-0.0,-0.0,-0.715,0.6777227189314741,-0.626230742160162,0.32227728106852593
129,"([0, 0, 1, 0, 0, 0], [2])","([0.08, 0.16, 0.05, 0.22, 0.32, 0.17], [3])",-0.0,-0.0,-0.715,-0.0,-0.0,-0.0,-0.715,0.6777227189314741,-0.588953461091636,0.32227728106852593
130,"([0, 0, 1, 0, 0, 0], [2])","([0.08, 0.16, 0.05, 0.22, 0.32, 0.17], [0])",-0.0,-0.0,-0.715,-0.0,-0.0,-0.0,-0.715,0.6777227189314741,-0.5516761800231101,0.32227728106852593
131,"([0, 0, 1, 0, 0, 0], [2])","([0.08, 0.16, 0.05, 0.22, 0.32, 0.17], [1])",-0.0,-0.0,-0.715,-0.0,-0.0,-0.0,-0.715,0.6777227189314741,-0.5143988989545842,0.32227728106852593
132,"([0, 0, 1, 0, 0, 0], [2])","([0.08, 0.16, 0.05, 0.22, 0.32, 0.17], [3])",-0.0,-0.0,-0.715,-0.0,-0.0,-0.0,-0.715,0.6777227189314741,-0.47712161788605834,0.32227728106852593
133,"([0, 0, 1, 0, 0, 0], [2])","([0.08, 0.16, 0.05, 0.22, 0.32, 0.17], [4])",-0.0,-0.0,-0.715,-0.0,-0.0,-0.0,-0.715,0.6777227189314741,-0.43984433681753243,0.32227728106852593
134,"([0, 0, 1, 0, 0, 0], [2])","([0.08, 0.16, 0.05, 0.22, 0.32, 0.17], [3])",-0.0,-0.0,-0.715,-0.0,-0.0,-0.0,-0.715,0.6777227189314741,-0.40256705574900653,0.32227728106852593
135,"([0, 0, 1, 0, 0, 0], [2])","([0.08, 0.16, 0.05, 0.22, 0.32, 0.17], [3])",-0.0,-0.0,-0.715,-0.0,-0.0,-0.0,-0.715,0.6777227189314741,-0.36528977468048063,0.32227728106852593
136,"([0, 0, 1, 0, 0, 0], [2])","([0.08, 0.16, 0.05, 0.22, 0.32, 0.17], [4])",-0.0,-0.0,-0.715,-0.0,-0.0,-0.0,-0.715,0.6777227189314741,-0.3280124936119547,0.32227728106852593
137,"([0, 0, 1, 0, 0, 0], [2])","([0.08, 0.16, 0.05, 0.22, 0.32, 0.17], [4])",-0.0,-0.0,-0.715,-0.0,-0.0,-0.0,-0.715,0.6777227189314741,-0.2907352125434288,0.32227728106852593
138,"([0, 0, 1, 0, 0, 0], [2])","([0.08, 0.16, 0.05, 0.22, 0.32, 0.17], [1])",-0.0,-0.0,-0.715,-0.0,-0.0,-0.0,-0.715,0.6777227189314741,-0.2534579314749029,0.32227728106852593
139,"([0, 0, 1, 0, 0, 0], [2])","([0.08, 0.16, 0.05, 0.22, 0.32, 0.17], [3])",-0.0,-0.0,-0.715,-0.0,-0.0,-0.0,-0.715,0.6777227189314741,-0.21618065040637702,0.32227728106852593
140,"([0, 0, 1, 0, 0, 0], [2])","([0.08, 0.16, 0.05, 0.22, 0.32, 0.17], [5])",-0.0,-0.0,-0.715,-0.0,-0.0,-0.0,-0.715,0.6777227189314741,-0.17890336933785111,0.32227728106852593
141,"([0, 0, 1, 0, 0, 0], [2])","([0.08, 0.16, 0.05, 0.22, 0.32, 0.17], [3])",-0.0,-0.0,-0.715,-0.0,-0.0,-0.0,-0.715,0.6777227189314741,-0.1416260882693252,0.32227728106852593
142,"([0, 0, 1, 0, 0, 0], [2])","([0.08, 0.16, 0.05, 0.22, 0.32, 0.17], [5])",-0.0,-0.0,-0.715,-0.0,-0.0,-0.0,-0.715,0.6777227189314741,-0.10434880720079931,0.32227728106852593
143,"([0, 0, 1, 0, 0, 0], [2])","([0.08, 0.16, 0.05, 0.22, 0.32, 0.17], [5])",-0.0,-0.0,-0.715,-0.0,-0.0,-0.0,-0.715,0.6777227189314741,-0.0670715261322734,0.32227728106852593
144,"([0, 0, 1, 0, 0, 0], [2])","([0.08, 0.16, 0.05, 0.22, 0.32, 0.17], [2])",-0.0,-0.0,-0.0,-0.0,-0.0,-0.0,0.0,0.6777227189314741,-0.7447942450637475,0.32227728106852593
145,"([0, 0, 1, 0, 0, 0], [2])","([0.08, 0.16, 0.05, 0.22, 0.32, 0.17], [3])",-0.0,-0.0,-0.715,-0.0,-0.0,-0.0,-0.715,0.6777227189314741,-0.7075169639952216,0.32227728106852593
146,"([0, 0, 1, 0, 0, 0], [2])","([0.08, 0.16, 0.05, 0.22, 0.32, 0.17], [1])",-0.0,-0.0,-0.715,-0.0,-0.0,-0.0,-0.715,0.6777227189314741,-0.6702396829266957,0.32227728106852593
147,"([0, 0, 1, 0, 0, 0], [2])","([0.08, 0.16, 0.05, 0.22, 0.32, 0.17], [3])",-0.0,-0.0,-0.715,-0.0,-0.0,-0.0,-0.715,0.6777227189314741,-0.6329624018581698,0.32227728106852593
148,"([0, 0, 1, 0, 0, 0], [2])","([0.08, 0.16, 0.05, 0.22, 0.32, 0.17], [4])",-0.0,-0.0,-0.715,-0.0,-0.0,-0.0,-0.715,0.6777227189314741,-0.5956851207896439,0.32227728106852593
149,"([0, 0, 1, 0, 0, 0], [2])","([0.08, 0.16, 0.05, 0.22, 0.32, 0.17], [4])",-0.0,-0.0,-0.715,-0.0,-0.0,-0.0,-0.715,0.6777227189314741,-0.558407839721118,0.32227728106852593
150,"([0, 0, 1, 0, 0, 0], [2])","([0.08, 0.16, 0.05, 0.22, 0.32, 0.17], [1])",-0.0,-0.0,-0.715,-0.0,-0.0,-0.0,-0.715,0.6777227189314741,-0.5211305586525921,0.32227728106852593
151,"([0, 0, 1, 0, 0, 0], [2])","([0.08, 0.16, 0.05, 0.22, 0.32, 0.17], [4])",-0.0,-0.0,-0.715,-0.0,-0.0,-0.0,-0.715,0.6777227189314741,-0.48385327758406615,0.32227728106852593
152,"([0, 0, 1, 0, 0, 0], [2])","([0.08, 0.16, 0.05, 0.22, 0.32, 0.17], [5])",-0.0,-0.0,-0.715,-0.0,-0.0,-0.0,-0.715,0.6777227189314741,-0.44657599651554025,0.32227728106852593
153,"([0, 0, 1, 0, 0, 0], [2])","([0.08, 0.16, 0.05, 0.22, 0.32, 0.17], [4])",-0.0,-0.0,-0.715,-0.0,-0.0,-0.0,-0.715,0.6777227189314741,-0.40929871544701435,0.32227728106852593
154,"([0, 0, 1, 0, 0, 0], [2])","([0.08, 0.16, 0.05, 0.22, 0.32, 0.17], [0])",-0.0,-0.0,-0.715,-0.0,-0.0,-0.0,-0.715,0.6777227189314741,-0.37202143437848845,0.32227728106852593
155,"([0, 0, 1, 0, 0, 0], [2])","([0.08, 0.16, 0.05, 0.22, 0.32, 0.17], [5])",-0.0,-0.0,-0.715,-0.0,-0.0,-0.0,-0.715,0.6777227189314741,-0.33474415330996254,0.32227728106852593
156,"([0, 0, 1, 0, 0, 0], [2])","([0.08, 0.16, 0.05, 0.22, 0.32, 0.17], [4])",-0.0,-0.0,-0.715,-0.0,-0.0,-0.0,-0.715,0.6777227189314741,-0.29746687224143664,0.32227728106852593
157,"([0, 0, 1, 0, 0, 0], [2])","([0.08, 0.16, 0.05, 0.22, 0.32, 0.17], [4])",-0.0,-0.0,-0.715,-0.0,-0.0,-0.0,-0.715,0.6777227189314741,-0.26018959117291074,0.32227728106852593
158,"([0, 0, 1, 0, 0, 0], [2])","([0.08, 0.16, 0.05, 0.22, 0.32, 0.17], [3])",-0.0,-0.0,-0.715,-0.0,-0.0,-0.0,-0.715,0.6777227189314741,-0.22291231010438484,0.32227728106852593
159,"([0, 0, 1, 0, 0, 0], [2])","([0.08, 0.16, 0.05, 0.22, 0.32, 0.17], [3])",-0.0,-0.0,-0.715,-0.0,-0.0,-0.0,-0.715,0.6777227189314741,-0.18563502903585893,0.32227728106852593
160,"([0, 0, 1, 0, 0, 0], [2])","([0.08, 0.16, 0.05, 0.22, 0.32, 0.17], [4])",-0.0,-0.0,-0.715,-0.0,-0.0,-0.0,-0.715,0.6777227189314741,-0.14835774796733303,0.32227728106852593
161,"([0, 0, 1, 0, 0, 0], [2])","([0.08, 0.16, 0.05, 0.22, 0.32, 0.17], [5])",-0.0,-0.0,-0.715,-0.0,-0.0,-0.0,-0.715,0.6777227189314741,-0.11108046689880713,0.32227728106852593
162,"([0, 0, 1, 0, 0, 0], [2])","([0.08, 0.16, 0.05, 0.22, 0.32, 0.17], [3])",-0.0,-0.0,-0.715,-0.0,-0.0,-0.0,-0.715,0.6777227189314741,-0.07380318583028123,0.32227728106852593
163,"([0, 0, 1, 0, 0, 0], [2])","([0.08, 0.16, 0.05, 0.22, 0.32, 0.17], [1])",-0.0,-0.0,-0.715,-0.0,-0.0,-0.0,-0.715,0.6777227189314741,-0.03652590476175532,0.32227728106852593
164,"([0, 0, 1, 0, 0, 0], [2])","([0.08, 0.16, 0.05, 0.22, 0.32, 0.17], [0])",-0.0,-0.0,-0.715,-0.0,-0.0,-0.0,-0.715,0.6777227189314741,0.0007513763067705792,0.32227728106852593
165,"([0, 0, 1, 0, 0, 0], [2])","([0.08, 0.16, 0.05, 0.22, 0.32, 0.17], [4])",-0.0,-0.0,-0.715,-0.0,-0.0,-0.0,-0.715,0.6777227189314741,0.03802865737529648,0.32227728106852593
166,"([0, 0, 1, 0, 0, 0], [2])","([0.08, 0.16, 0.05, 0.22, 0.32, 0.17], [4])",-0.0,-0.0,-0.715,-0.0,-0.0,-0.0,-0.715,0.6777227189314741,0.07530593844382238,0.32227728106852593
167,"([0, 0, 1, 0, 0, 0], [2])","([0.08, 0.16, 0.05, 0.22, 0.32, 0.17], [0])",-0.0,-0.0,-0.715,-0.0,-0.0,-0.0,-0.715,0.6777227189314741,0.11258321951234829,0.32227728106852593
168,"([0, 0, 1, 0, 0, 0], [2])","([0.08, 0.16, 0.05, 0.22, 0.32, 0.17], [5])",-0.0,-0.0,-0.715,-0.0,-0.0,-0.0,-0.715,0.6777227189314741,0.1498605005808742,0.32227728106852593
169,"([0, 0, 1, 0, 0, 0], [2])","([0.08, 0.16, 0.05, 0.22, 0.32, 0.17], [4])",-0.0,-0.0,-0.715,-0.0,-0.0,-0.0,-0.715,0.6777227189314741,0.1871377816494001,0.32227728106852593
170,"([0, 0, 1, 0, 0, 0], [2])","([0.08, 0.16, 0.05, 0.22, 0.32, 0.17], [3])",-0.0,-0.0,-0.715,-0.0,-0.0,-0.0,-0.715,0.6777227189314741,0.224415062717926,0.32227728106852593
171,"([0, 0, 1, 0, 0, 0], [2])","([0.08, 0.16, 0.05, 0.22, 0.32, 0.17], [4])",-0.0,-0.0,-0.715,-0.0,-0.0,-0.0,-0.715,0.6777227189314741,0.2616923437864519,0.32227728106852593
172,"([0, 0, 1, 0, 0, 0], [2])","([0.08, 0.16, 0.05, 0.22, 0.32, 0.17], [4])",-0.0,-0.0,-0.715,-0.0,-0.0,-0.0,-0.715,0.6777227189314741,0.2989696248549778,0.32227728106852593
173,"([0, 0, 1, 0, 0, 0], [2])","([0.08, 0.16, 0.05, 0.22, 0.32, 0.17], [3])",-0.0,-0.0,-0.715,-0.0,-0.0,-0.0,-0.715,0.6777227189314741,0.3362469059235037,0.32227728106852593
174,"([0, 0, 1, 0, 0, 0], [2])","([0.08, 0.16, 0.05, 0.22, 0.32, 0.17], [1])",-0.0,-0.0,-0.715,-0.0,-0.0,-0.0,-0.715,0.6777227189314741,0.3735241869920296,0.32227728106852593
175,"([0, 0, 1, 0, 0, 0], [2])","([0.08, 0.16, 0.05, 0.22, 0.32, 0.17], [1])",-0.0,-0.0,-0.715,-0.0,-0.0,-0.0,-0.715,0.6777227189314741,0.4108014680605555,0.32227728106852593
176,"([0, 0, 1, 0, 0, 0], [2])","([0.08, 0.16, 0.05, 0.22, 0.32, 0.17], [4])",-0.0,-0.0,-0.715,-0.0,-0.0,-0.0,-0.715,0.6777227189314741,0.4480787491290814,0.32227728106852593
177,"([0, 0, 1, 0, 0, 0], [2])","([0.08, 0.16, 0.05, 0.22, 0.32, 0.17], [5])",-0.0,-0.0,-0.715,-0.0,-0.0,-0.0,-0.715,0.6777227189314741,0.4853560301976073,0.32227728106852593
178,"([0, 0, 1, 0, 0, 0], [2])","([0.08, 0.16, 0.05, 0.22, 0.32, 0.17], [2])",-0.0,-0.0,-0.0,-0.0,-0.0,-0.0,0.0,0.6777227189314741,-0.19236668873386675,0.32227728106852593
179,"([0, 0, 1, 0, 0, 0], [2])","([0.08, 0.16, 0.05, 0.22, 0.32, 0.17], [0])",-0.0,-0.0,-0.715,-0.0,-0.0,-0.0,-0.715,0.6777227189314741,-0.15508940766534085,0.32227728106852593
180,"([0, 0, 1, 0, 0, 0], [2])","([0.08, 0.16, 0.05, 0.22, 0.32, 0.17], [1])",-0.0,-0.0,-0.715,-0.0,-0.0,-0.0,-0.715,0.6777227189314741,-0.11781212659681495,0.32227728106852593
181,"([0, 0, 1, 0, 0, 0], [2])","([0.08, 0.16, 0.05, 0.22, 0.32, 0.17], [5])",-0.0,-0.0,-0.715,-0.0,-0.0,-0.0,-0.715,0.6777227189314741,-0.08053484552828905,0.32227728106852593
182,"([0, 0, 1, 0, 0, 0], [2])","([0.08, 0.16, 0.05, 0.22, 0.32, 0.17], [4])",-0.0,-0.0,-0.715,-0.0,-0.0,-0.0,-0.715,0.6777227189314741,-0.04325756445976314,0.32227728106852593
183,"([0, 0, 1, 0, 0, 0], [2])","([0.08, 0.16, 0.05, 0.22, 0.32, 0.17], [3])",-0.0,-0.0,-0.715,-0.0,-0.0,-0.0,-0.715,0.6777227189314741,-0.00598028339123724,0.32227728106852593
184,"([0, 0, 1, 0, 0, 0], [2])","([0.08, 0.16, 0.05, 0.22, 0.32, 0.17], [1])",-0.0,-0.0,-0.715,-0.0,-0.0,-0.0,-0.715,0.6777227189314741,0.03129699767728866,0.32227728106852593
185,"([0, 0, 1, 0, 0, 0], [2])","([0.08, 0.16, 0.05, 0.22, 0.32, 0.17], [5])",-0.0,-0.0,-0.715,-0.0,-0.0,-0.0,-0.715,0.6777227189314741,0.06857427874581457,0.32227728106852593
186,"([0, 0, 1, 0, 0, 0], [2])","([0.08, 0.16, 0.05, 0.22, 0.32, 0.17], [0])",-0.0,-0.0,-0.715,-0.0,-0.0,-0.0,-0.715,0.6777227189314741,0.10585155981434047,0.32227728106852593
187,"([0, 0, 1, 0, 0, 0], [2])","([0.08, 0.16, 0.05, 0.22, 0.32, 0.17], [4])",-0.0,-0.0,-0.715,-0.0,-0.0,-0.0,-0.715,0.6777227189314741,0.14312884088286637,0.32227728106852593
188,"([0, 0, 1, 0, 0, 0], [2])","([0.08, 0.16, 0.05, 0.22, 0.32, 0.17], [5])",-0.0,-0.0,-0.715,-0.0,-0.0,-0.0,-0.715,0.6777227189314741,0.18040612195139227,0.32227728106852593
189,"([0, 0, 1, 0, 0, 0], [2])","([0.08, 0.16, 0.05, 0.22, 0.32, 0.17], [4])",-0.0,-0.0,-0.715,-0.0,-0.0,-0.0,-0.715,0.6777227189314741,0.21768340301991818,0.32227728106852593
190,"([0, 0, 1, 0, 0, 0], [2])","([0.08, 0.16, 0.05, 0.22, 0.32, 0.17], [4])",-0.0,-0.0,-0.715,-0.0,-0.0,-0.0,-0.715,0.6777227189314741,0.2549606840884441,0.32227728106852593
191,"([0, 0, 1, 0, 0, 0], [2])","([0.08, 0.16, 0.05, 0.22, 0.32, 0.17], [5])",-0.0,-0.0,-0.715,-0.0,-0.0,-0.0,-0.715,0.6777227189314741,0.29223796515697,0.32227728106852593
192,"([0, 0, 1, 0, 0, 0], [2])","([0.08, 0.16, 0.05, 0.22, 0.32, 0.17], [4])",-0.0,-0.0,-0.715,-0.0,-0.0,-0.0,-0.715,0.6777227189314741,0.3295152462254959,0.32227728106852593
193,"([0, 0, 1, 0, 0, 0], [2])","([0.08, 0.16, 0.05, 0.22, 0.32, 0.17], [3])",-0.0,-0.0,-0.715,-0.0,-0.0,-0.0,-0.715,0.6777227189314741,0.3667925272940218,0.32227728106852593
194,"([0, 0, 1, 0, 0, 0], [2])","([0.08, 0.16, 0.05, 0.22, 0.32, 0.17], [4])",-0.0,-0.0,-0.715,-0.0,-0.0,-0.0,-0.715,0.6777227189314741,0.4040698083625477,0.32227728106852593
195,"([0, 0, 1, 0, 0, 0], [2])","([0.08, 0.16, 0.05, 0.22, 0.32, 0.17], [5])",-0.0,-0.0,-0.715,-0.0,-0.0,-0.0,-0.715,0.6777227189314741,0.4413470894310736,0.32227728106852593
196,"([0, 0, 1, 0, 0, 0], [2])","([0.08, 0.16, 0.05, 0.22, 0.32, 0.17], [5])",-0.0,-0.0,-0.715,-0.0,-0.0,-0.0,-0.715,0.6777227189314741,0.4786243704995995,0.32227728106852593
197,"([0, 0, 1, 0, 0, 0], [2])","([0.08, 0.16, 0.05, 0.22, 0.32, 0.17], [3])",-0.0,-0.0,-0.715,-0.0,-0.0,-0.0,-0.715,0.6777227189314741,0.5159016515681254,0.32227728106852593
198,"([0, 0, 1, 0, 0, 0], [2])","([0.08, 0.16, 0.05, 0.22, 0.32, 0.17], [4])",-0.0,-0.0,-0.715,-0.0,-0.0,-0.0,-0.715,0.6777227189314741,0.5531789326366513,0.32227728106852593
199,"([0, 0, 1, 0, 0, 0], [2])","([0.08, 0.16, 0.05, 0.22, 0.32, 0.17], [0])",-0.0,-0.0,-0.715,-0.0,-0.0,-0.0,-0.715,0.6777227189314741,0.5904562137051772,0.32227728106852593
