,sta-1,FB-0,feedback target 0,feedback target 1,feedback target 2,feedback target 3,feedback target 4,feedback target 5,total,exp_loss,actual_regret,exp_regret
0,"([0, 0, 0, 1, 0, 0], [3])","([0, 0, 0, 0, 1, 0], [4])",-0.0,-0.0,-0.0,-0.868,-0.0,-0.0,-0.868,0.868,0.19027728106852593,0.19027728106852593
1,"([0, 0, 1, 0, 0, 0], [2])","([0.08, 0.16, 0.05, 0.22, 0.32, 0.17], [0])",-0.0,-0.0,-0.715,-0.0,-0.0,-0.0,-0.715,0.6777227189314741,0.22755456213705183,0.19027728106852593
2,"([0, 0, 1, 0, 0, 0], [2])","([0.08, 0.16, 0.05, 0.22, 0.32, 0.17], [5])",-0.0,-0.0,-0.715,-0.0,-0.0,-0.0,-0.715,0.6777227189314741,0.26483184320557773,0.19027728106852593
3,"([0, 0, 1, 0, 0, 0], [2])","([0.08, 0.16, 0.05, 0.22, 0.32, 0.17], [3])",-0.0,-0.0,-0.715,-0.0,-0.0,-0.0,-0.715,0.6777227189314741,0.30210912427410364,0.19027728106852593
4,"([0, 0, 1, 0, 0, 0], [2])","([0.08, 0.16, 0.05, 0.22, 0.32, 0.17], [4])",-0.0,-0.0,-0.715,-0.0,-0.0,-0.0,-0.715,0.6777227189314741,0.33938640534262954,0.19027728106852593
5,"([0, 0, 1, 0, 0, 0], [2])","([0.08, 0.16, 0.05, 0.22, 0.32, 0.17], [5])",-0.0,-0.0,-0.715,-0.0,-0.0,-0.0,-0.715,0.6777227189314741,0.37666368641115544,0.19027728106852593
6,"([0, 0, 1, 0, 0, 0], [2])","([0.08, 0.16, 0.05, 0.22, 0.32, 0.17], [5])",-0.0,-0.0,-0.715,-0.0,-0.0,-0.0,-0.715,0.6777227189314741,0.41394096747968134,0.19027728106852593
7,"([0, 0, 1, 0, 0, 0], [2])","([0.08, 0.16, 0.05, 0.22, 0.32, 0.17], [1])",-0.0,-0.0,-0.715,-0.0,-0.0,-0.0,-0.715,0.6777227189314741,0.45121824854820725,0.19027728106852593
8,"([0, 0, 1, 0, 0, 0], [2])","([0.08, 0.16, 0.05, 0.22, 0.32, 0.17], [0])",-0.0,-0.0,-0.715,-0.0,-0.0,-0.0,-0.715,0.6777227189314741,0.48849552961673315,0.19027728106852593
9,"([0, 0, 1, 0, 0, 0], [2])","([0.08, 0.16, 0.05, 0.22, 0.32, 0.17], [5])",-0.0,-0.0,-0.715,-0.0,-0.0,-0.0,-0.715,0.6777227189314741,0.525772810685259,0.19027728106852593
10,"([0, 0, 1, 0, 0, 0], [2])","([0.08, 0.16, 0.05, 0.22, 0.32, 0.17], [3])",-0.0,-0.0,-0.715,-0.0,-0.0,-0.0,-0.715,0.6777227189314741,0.563050091753785,0.19027728106852593
11,"([0, 0, 1, 0, 0, 0], [2])","([0.08, 0.16, 0.05, 0.22, 0.32, 0.17], [2])",-0.0,-0.0,-0.0,-0.0,-0.0,-0.0,0.0,0.6777227189314741,-0.11467262717768911,0.19027728106852593
12,"([0, 0, 1, 0, 0, 0], [2])","([0.08, 0.16, 0.05, 0.22, 0.32, 0.17], [1])",-0.0,-0.0,-0.715,-0.0,-0.0,-0.0,-0.715,0.6777227189314741,-0.07739534610916321,0.19027728106852593
13,"([0, 0, 1, 0, 0, 0], [2])","([0.08, 0.16, 0.05, 0.22, 0.32, 0.17], [4])",-0.0,-0.0,-0.715,-0.0,-0.0,-0.0,-0.715,0.6777227189314741,-0.04011806504063731,0.19027728106852593
14,"([0, 0, 1, 0, 0, 0], [2])","([0.08, 0.16, 0.05, 0.22, 0.32, 0.17], [4])",-0.0,-0.0,-0.715,-0.0,-0.0,-0.0,-0.715,0.6777227189314741,-0.0028407839721114048,0.19027728106852593
15,"([0, 0, 1, 0, 0, 0], [2])","([0.08, 0.16, 0.05, 0.22, 0.32, 0.17], [5])",-0.0,-0.0,-0.715,-0.0,-0.0,-0.0,-0.715,0.6777227189314741,0.0344364970964145,0.19027728106852593
16,"([0, 0, 1, 0, 0, 0], [2])","([0.08, 0.16, 0.05, 0.22, 0.32, 0.17], [4])",-0.0,-0.0,-0.715,-0.0,-0.0,-0.0,-0.715,0.6777227189314741,0.0717137781649404,0.19027728106852593
17,"([0, 0, 1, 0, 0, 0], [2])","([0.08, 0.16, 0.05, 0.22, 0.32, 0.17], [4])",-0.0,-0.0,-0.715,-0.0,-0.0,-0.0,-0.715,0.6777227189314741,0.1089910592334663,0.19027728106852593
18,"([0, 0, 1, 0, 0, 0], [2])","([0.08, 0.16, 0.05, 0.22, 0.32, 0.17], [4])",-0.0,-0.0,-0.715,-0.0,-0.0,-0.0,-0.715,0.6777227189314741,0.1462683403019922,0.19027728106852593
19,"([0, 0, 1, 0, 0, 0], [2])","([0.08, 0.16, 0.05, 0.22, 0.32, 0.17], [4])",-0.0,-0.0,-0.715,-0.0,-0.0,-0.0,-0.715,0.6777227189314741,0.1835456213705181,0.19027728106852593
20,"([0, 0, 1, 0, 0, 0], [2])","([0.08, 0.16, 0.05, 0.22, 0.32, 0.17], [1])",-0.0,-0.0,-0.715,-0.0,-0.0,-0.0,-0.715,0.6777227189314741,0.220822902439044,0.19027728106852593
21,"([0, 0, 1, 0, 0, 0], [2])","([0.08, 0.16, 0.05, 0.22, 0.32, 0.17], [5])",-0.0,-0.0,-0.715,-0.0,-0.0,-0.0,-0.715,0.6777227189314741,0.2581001835075699,0.19027728106852593
22,"([0, 0, 1, 0, 0, 0], [2])","([0.08, 0.16, 0.05, 0.22, 0.32, 0.17], [5])",-0.0,-0.0,-0.715,-0.0,-0.0,-0.0,-0.715,0.6777227189314741,0.2953774645760958,0.19027728106852593
23,"([0, 0, 1, 0, 0, 0], [2])","([0.08, 0.16, 0.05, 0.22, 0.32, 0.17], [0])",-0.0,-0.0,-0.715,-0.0,-0.0,-0.0,-0.715,0.6777227189314741,0.3326547456446217,0.19027728106852593
24,"([0, 0, 1, 0, 0, 0], [2])","([0.08, 0.16, 0.05, 0.22, 0.32, 0.17], [4])",-0.0,-0.0,-0.715,-0.0,-0.0,-0.0,-0.715,0.6777227189314741,0.3699320267131476,0.19027728106852593
25,"([0, 0, 1, 0, 0, 0], [2])","([0.08, 0.16, 0.05, 0.22, 0.32, 0.17], [1])",-0.0,-0.0,-0.715,-0.0,-0.0,-0.0,-0.715,0.6777227189314741,0.4072093077816735,0.19027728106852593
26,"([0, 0, 1, 0, 0, 0], [2])","([0.08, 0.16, 0.05, 0.22, 0.32, 0.17], [4])",-0.0,-0.0,-0.715,-0.0,-0.0,-0.0,-0.715,0.6777227189314741,0.4444865888501994,0.19027728106852593
27,"([0, 0, 1, 0, 0, 0], [2])","([0.08, 0.16, 0.05, 0.22, 0.32, 0.17], [0])",-0.0,-0.0,-0.715,-0.0,-0.0,-0.0,-0.715,0.6777227189314741,0.48176386991872533,0.19027728106852593
28,"([0, 0, 1, 0, 0, 0], [2])","([0.08, 0.16, 0.05, 0.22, 0.32, 0.17], [1])",-0.0,-0.0,-0.715,-0.0,-0.0,-0.0,-0.715,0.6777227189314741,0.5190411509872512,0.19027728106852593
29,"([0, 0, 1, 0, 0, 0], [2])","([0.08, 0.16, 0.05, 0.22, 0.32, 0.17], [0])",-0.0,-0.0,-0.715,-0.0,-0.0,-0.0,-0.715,0.6777227189314741,0.5563184320557771,0.19027728106852593
30,"([0, 0, 1, 0, 0, 0], [2])","([0.08, 0.16, 0.05, 0.22, 0.32, 0.17], [5])",-0.0,-0.0,-0.715,-0.0,-0.0,-0.0,-0.715,0.6777227189314741,0.593595713124303,0.19027728106852593
31,"([0, 0, 1, 0, 0, 0], [2])","([0.08, 0.16, 0.05, 0.22, 0.32, 0.17], [4])",-0.0,-0.0,-0.715,-0.0,-0.0,-0.0,-0.715,0.6777227189314741,0.6308729941928289,0.19027728106852593
32,"([0, 0, 1, 0, 0, 0], [2])","([0.08, 0.16, 0.05, 0.22, 0.32, 0.17], [4])",-0.0,-0.0,-0.715,-0.0,-0.0,-0.0,-0.715,0.6777227189314741,0.6681502752613548,0.19027728106852593
33,"([0, 0, 1, 0, 0, 0], [2])","([0.08, 0.16, 0.05, 0.22, 0.32, 0.17], [1])",-0.0,-0.0,-0.715,-0.0,-0.0,-0.0,-0.715,0.6777227189314741,0.7054275563298807,0.19027728106852593
34,"([0, 0, 1, 0, 0, 0], [2])","([0.08, 0.16, 0.05, 0.22, 0.32, 0.17], [4])",-0.0,-0.0,-0.715,-0.0,-0.0,-0.0,-0.715,0.6777227189314741,0.7427048373984066,0.19027728106852593
35,"([0, 0, 1, 0, 0, 0], [2])","([0.08, 0.16, 0.05, 0.22, 0.32, 0.17], [1])",-0.0,-0.0,-0.715,-0.0,-0.0,-0.0,-0.715,0.6777227189314741,0.7799821184669326,0.19027728106852593
36,"([0, 0, 1, 0, 0, 0], [2])","([0.08, 0.16, 0.05, 0.22, 0.32, 0.17], [3])",-0.0,-0.0,-0.715,-0.0,-0.0,-0.0,-0.715,0.6777227189314741,0.8172593995354585,0.19027728106852593
37,"([0, 0, 1, 0, 0, 0], [2])","([0.08, 0.16, 0.05, 0.22, 0.32, 0.17], [4])",-0.0,-0.0,-0.715,-0.0,-0.0,-0.0,-0.715,0.6777227189314741,0.8545366806039844,0.19027728106852593
38,"([0, 0, 1, 0, 0, 0], [2])","([0.08, 0.16, 0.05, 0.22, 0.32, 0.17], [2])",-0.0,-0.0,-0.0,-0.0,-0.0,-0.0,0.0,0.6777227189314741,0.1768139616725103,0.19027728106852593
39,"([0, 0, 1, 0, 0, 0], [2])","([0.08, 0.16, 0.05, 0.22, 0.32, 0.17], [1])",-0.0,-0.0,-0.715,-0.0,-0.0,-0.0,-0.715,0.6777227189314741,0.2140912427410362,0.19027728106852593
40,"([0, 0, 1, 0, 0, 0], [2])","([0.08, 0.16, 0.05, 0.22, 0.32, 0.17], [0])",-0.0,-0.0,-0.715,-0.0,-0.0,-0.0,-0.715,0.6777227189314741,0.2513685238095621,0.19027728106852593
41,"([0, 0, 1, 0, 0, 0], [2])","([0.08, 0.16, 0.05, 0.22, 0.32, 0.17], [5])",-0.0,-0.0,-0.715,-0.0,-0.0,-0.0,-0.715,0.6777227189314741,0.288645804878088,0.19027728106852593
42,"([0, 0, 1, 0, 0, 0], [2])","([0.08, 0.16, 0.05, 0.22, 0.32, 0.17], [0])",-0.0,-0.0,-0.715,-0.0,-0.0,-0.0,-0.715,0.6777227189314741,0.3259230859466139,0.19027728106852593
43,"([0, 0, 1, 0, 0, 0], [2])","([0.08, 0.16, 0.05, 0.22, 0.32, 0.17], [3])",-0.0,-0.0,-0.715,-0.0,-0.0,-0.0,-0.715,0.6777227189314741,0.3632003670151398,0.19027728106852593
44,"([0, 0, 1, 0, 0, 0], [2])","([0.08, 0.16, 0.05, 0.22, 0.32, 0.17], [3])",-0.0,-0.0,-0.715,-0.0,-0.0,-0.0,-0.715,0.6777227189314741,0.4004776480836657,0.19027728106852593
45,"([0, 0, 1, 0, 0, 0], [2])","([0.08, 0.16, 0.05, 0.22, 0.32, 0.17], [1])",-0.0,-0.0,-0.715,-0.0,-0.0,-0.0,-0.715,0.6777227189314741,0.4377549291521916,0.19027728106852593
46,"([0, 0, 1, 0, 0, 0], [2])","([0.08, 0.16, 0.05, 0.22, 0.32, 0.17], [1])",-0.0,-0.0,-0.715,-0.0,-0.0,-0.0,-0.715,0.6777227189314741,0.4750322102207175,0.19027728106852593
47,"([0, 0, 1, 0, 0, 0], [2])","([0.08, 0.16, 0.05, 0.22, 0.32, 0.17], [1])",-0.0,-0.0,-0.715,-0.0,-0.0,-0.0,-0.715,0.6777227189314741,0.5123094912892434,0.19027728106852593
48,"([0, 0, 1, 0, 0, 0], [2])","([0.08, 0.16, 0.05, 0.22, 0.32, 0.17], [5])",-0.0,-0.0,-0.715,-0.0,-0.0,-0.0,-0.715,0.6777227189314741,0.5495867723577693,0.19027728106852593
49,"([0, 0, 1, 0, 0, 0], [2])","([0.08, 0.16, 0.05, 0.22, 0.32, 0.17], [1])",-0.0,-0.0,-0.715,-0.0,-0.0,-0.0,-0.715,0.6777227189314741,0.5868640534262952,0.19027728106852593
50,"([0, 0, 1, 0, 0, 0], [2])","([0.08, 0.16, 0.05, 0.22, 0.32, 0.17], [3])",-0.0,-0.0,-0.715,-0.0,-0.0,-0.0,-0.715,0.6777227189314741,0.6241413344948211,0.19027728106852593
51,"([0, 0, 1, 0, 0, 0], [2])","([0.08, 0.16, 0.05, 0.22, 0.32, 0.17], [4])",-0.0,-0.0,-0.715,-0.0,-0.0,-0.0,-0.715,0.6777227189314741,0.661418615563347,0.19027728106852593
52,"([0, 0, 1, 0, 0, 0], [2])","([0.08, 0.16, 0.05, 0.22, 0.32, 0.17], [4])",-0.0,-0.0,-0.715,-0.0,-0.0,-0.0,-0.715,0.6777227189314741,0.6986958966318729,0.19027728106852593
53,"([0, 0, 1, 0, 0, 0], [2])","([0.08, 0.16, 0.05, 0.22, 0.32, 0.17], [1])",-0.0,-0.0,-0.715,-0.0,-0.0,-0.0,-0.715,0.6777227189314741,0.7359731777003988,0.19027728106852593
54,"([0, 0, 1, 0, 0, 0], [2])","([0.08, 0.16, 0.05, 0.22, 0.32, 0.17], [1])",-0.0,-0.0,-0.715,-0.0,-0.0,-0.0,-0.715,0.6777227189314741,0.7732504587689247,0.19027728106852593
55,"([0, 0, 1, 0, 0, 0], [2])","([0.08, 0.16, 0.05, 0.22, 0.32, 0.17], [1])",-0.0,-0.0,-0.715,-0.0,-0.0,-0.0,-0.715,0.6777227189314741,0.8105277398374506,0.19027728106852593
56,"([0, 0, 1, 0, 0, 0], [2])","([0.08, 0.16, 0.05, 0.22, 0.32, 0.17], [4])",-0.0,-0.0,-0.715,-0.0,-0.0,-0.0,-0.715,0.6777227189314741,0.8478050209059765,0.19027728106852593
57,"([0, 0, 1, 0, 0, 0], [2])","([0.08, 0.16, 0.05, 0.22, 0.32, 0.17], [4])",-0.0,-0.0,-0.715,-0.0,-0.0,-0.0,-0.715,0.6777227189314741,0.8850823019745024,0.19027728106852593
58,"([0, 0, 1, 0, 0, 0], [2])","([0.08, 0.16, 0.05, 0.22, 0.32, 0.17], [1])",-0.0,-0.0,-0.715,-0.0,-0.0,-0.0,-0.715,0.6777227189314741,0.9223595830430283,0.19027728106852593
59,"([0, 0, 1, 0, 0, 0], [2])","([0.08, 0.16, 0.05, 0.22, 0.32, 0.17], [4])",-0.0,-0.0,-0.715,-0.0,-0.0,-0.0,-0.715,0.6777227189314741,0.9596368641115542,0.19027728106852593
60,"([0, 0, 1, 0, 0, 0], [2])","([0.08, 0.16, 0.05, 0.22, 0.32, 0.17], [1])",-0.0,-0.0,-0.715,-0.0,-0.0,-0.0,-0.715,0.6777227189314741,0.9969141451800801,0.19027728106852593
61,"([0, 0, 1, 0, 0, 0], [2])","([0.08, 0.16, 0.05, 0.22, 0.32, 0.17], [2])",-0.0,-0.0,-0.0,-0.0,-0.0,-0.0,0.0,0.6777227189314741,0.3191914262486061,0.19027728106852593
62,"([0, 0, 1, 0, 0, 0], [2])","([0.08, 0.16, 0.05, 0.22, 0.32, 0.17], [3])",-0.0,-0.0,-0.715,-0.0,-0.0,-0.0,-0.715,0.6777227189314741,0.356468707317132,0.19027728106852593
63,"([0, 0, 1, 0, 0, 0], [2])","([0.08, 0.16, 0.05, 0.22, 0.32, 0.17], [4])",-0.0,-0.0,-0.715,-0.0,-0.0,-0.0,-0.715,0.6777227189314741,0.3937459883856579,0.19027728106852593
64,"([0, 0, 1, 0, 0, 0], [2])","([0.08, 0.16, 0.05, 0.22, 0.32, 0.17], [2])",-0.0,-0.0,-0.0,-0.0,-0.0,-0.0,0.0,0.6777227189314741,-0.2839767305458162,0.19027728106852593
65,"([0, 0, 1, 0, 0, 0], [2])","([0.08, 0.16, 0.05, 0.22, 0.32, 0.17], [5])",-0.0,-0.0,-0.715,-0.0,-0.0,-0.0,-0.715,0.6777227189314741,-0.24669944947729028,0.19027728106852593
66,"([0, 0, 1, 0, 0, 0], [2])","([0.08, 0.16, 0.05, 0.22, 0.32, 0.17], [4])",-0.0,-0.0,-0.715,-0.0,-0.0,-0.0,-0.715,0.6777227189314741,-0.20942216840876438,0.19027728106852593
67,"([0, 0, 1, 0, 0, 0], [2])","([0.08, 0.16, 0.05, 0.22, 0.32, 0.17], [5])",-0.0,-0.0,-0.715,-0.0,-0.0,-0.0,-0.715,0.6777227189314741,-0.17214488734023847,0.19027728106852593
68,"([0, 0, 1, 0, 0, 0], [2])","([0.08, 0.16, 0.05, 0.22, 0.32, 0.17], [5])",-0.0,-0.0,-0.715,-0.0,-0.0,-0.0,-0.715,0.6777227189314741,-0.13486760627171257,0.19027728106852593
69,"([0, 0, 1, 0, 0, 0], [2])","([0.08, 0.16, 0.05, 0.22, 0.32, 0.17], [3])",-0.0,-0.0,-0.715,-0.0,-0.0,-0.0,-0.715,0.6777227189314741,-0.09759032520318667,0.19027728106852593
70,"([0, 0, 1, 0, 0, 0], [2])","([0.08, 0.16, 0.05, 0.22, 0.32, 0.17], [1])",-0.0,-0.0,-0.715,-0.0,-0.0,-0.0,-0.715,0.6777227189314741,-0.060313044134660765,0.19027728106852593
71,"([0, 0, 1, 0, 0, 0], [2])","([0.08, 0.16, 0.05, 0.22, 0.32, 0.17], [5])",-0.0,-0.0,-0.715,-0.0,-0.0,-0.0,-0.715,0.6777227189314741,-0.023035763066134862,0.19027728106852593
72,"([0, 0, 1, 0, 0, 0], [2])","([0.08, 0.16, 0.05, 0.22, 0.32, 0.17], [3])",-0.0,-0.0,-0.715,-0.0,-0.0,-0.0,-0.715,0.6777227189314741,0.01424151800239104,0.19027728106852593
73,"([0, 0, 1, 0, 0, 0], [2])","([0.08, 0.16, 0.05, 0.22, 0.32, 0.17], [4])",-0.0,-0.0,-0.715,-0.0,-0.0,-0.0,-0.715,0.6777227189314741,0.05151879907091694,0.19027728106852593
74,"([0, 0, 1, 0, 0, 0], [2])","([0.08, 0.16, 0.05, 0.22, 0.32, 0.17], [3])",-0.0,-0.0,-0.715,-0.0,-0.0,-0.0,-0.715,0.6777227189314741,0.08879608013944285,0.19027728106852593
75,"([0, 0, 1, 0, 0, 0], [2])","([0.08, 0.16, 0.05, 0.22, 0.32, 0.17], [4])",-0.0,-0.0,-0.715,-0.0,-0.0,-0.0,-0.715,0.6777227189314741,0.12607336120796875,0.19027728106852593
76,"([0, 0, 1, 0, 0, 0], [2])","([0.08, 0.16, 0.05, 0.22, 0.32, 0.17], [1])",-0.0,-0.0,-0.715,-0.0,-0.0,-0.0,-0.715,0.6777227189314741,0.16335064227649465,0.19027728106852593
77,"([0, 0, 1, 0, 0, 0], [2])","([0.08, 0.16, 0.05, 0.22, 0.32, 0.17], [3])",-0.0,-0.0,-0.715,-0.0,-0.0,-0.0,-0.715,0.6777227189314741,0.20062792334502055,0.19027728106852593
78,"([0, 0, 1, 0, 0, 0], [2])","([0.08, 0.16, 0.05, 0.22, 0.32, 0.17], [3])",-0.0,-0.0,-0.715,-0.0,-0.0,-0.0,-0.715,0.6777227189314741,0.23790520441354646,0.19027728106852593
79,"([0, 0, 1, 0, 0, 0], [2])","([0.08, 0.16, 0.05, 0.22, 0.32, 0.17], [5])",-0.0,-0.0,-0.715,-0.0,-0.0,-0.0,-0.715,0.6777227189314741,0.27518248548207236,0.19027728106852593
80,"([0, 0, 1, 0, 0, 0], [2])","([0.08, 0.16, 0.05, 0.22, 0.32, 0.17], [3])",-0.0,-0.0,-0.715,-0.0,-0.0,-0.0,-0.715,0.6777227189314741,0.31245976655059826,0.19027728106852593
81,"([0, 0, 1, 0, 0, 0], [2])","([0.08, 0.16, 0.05, 0.22, 0.32, 0.17], [4])",-0.0,-0.0,-0.715,-0.0,-0.0,-0.0,-0.715,0.6777227189314741,0.34973704761912416,0.19027728106852593
82,"([0, 0, 1, 0, 0, 0], [2])","([0.08, 0.16, 0.05, 0.22, 0.32, 0.17], [3])",-0.0,-0.0,-0.715,-0.0,-0.0,-0.0,-0.715,0.6777227189314741,0.38701432868765007,0.19027728106852593
83,"([0, 0, 1, 0, 0, 0], [2])","([0.08, 0.16, 0.05, 0.22, 0.32, 0.17], [3])",-0.0,-0.0,-0.715,-0.0,-0.0,-0.0,-0.715,0.6777227189314741,0.42429160975617597,0.19027728106852593
84,"([0, 0, 1, 0, 0, 0], [2])","([0.08, 0.16, 0.05, 0.22, 0.32, 0.17], [5])",-0.0,-0.0,-0.715,-0.0,-0.0,-0.0,-0.715,0.6777227189314741,0.46156889082470187,0.19027728106852593
85,"([0, 0, 1, 0, 0, 0], [2])","([0.08, 0.16, 0.05, 0.22, 0.32, 0.17], [0])",-0.0,-0.0,-0.715,-0.0,-0.0,-0.0,-0.715,0.6777227189314741,0.4988461718932278,0.19027728106852593
86,"([0, 0, 1, 0, 0, 0], [2])","([0.08, 0.16, 0.05, 0.22, 0.32, 0.17], [4])",-0.0,-0.0,-0.715,-0.0,-0.0,-0.0,-0.715,0.6777227189314741,0.5361234529617537,0.19027728106852593
87,"([0, 0, 1, 0, 0, 0], [2])","([0.08, 0.16, 0.05, 0.22, 0.32, 0.17], [4])",-0.0,-0.0,-0.715,-0.0,-0.0,-0.0,-0.715,0.6777227189314741,0.5734007340302796,0.19027728106852593
88,"([0, 0, 1, 0, 0, 0], [2])","([0.08, 0.16, 0.05, 0.22, 0.32, 0.17], [5])",-0.0,-0.0,-0.715,-0.0,-0.0,-0.0,-0.715,0.6777227189314741,0.6106780150988055,0.19027728106852593
89,"([0, 0, 1, 0, 0, 0], [2])","([0.08, 0.16, 0.05, 0.22, 0.32, 0.17], [4])",-0.0,-0.0,-0.715,-0.0,-0.0,-0.0,-0.715,0.6777227189314741,0.6479552961673314,0.19027728106852593
90,"([0, 0, 1, 0, 0, 0], [2])","([0.08, 0.16, 0.05, 0.22, 0.32, 0.17], [4])",-0.0,-0.0,-0.715,-0.0,-0.0,-0.0,-0.715,0.6777227189314741,0.6852325772358573,0.19027728106852593
91,"([0, 0, 1, 0, 0, 0], [2])","([0.08, 0.16, 0.05, 0.22, 0.32, 0.17], [0])",-0.0,-0.0,-0.715,-0.0,-0.0,-0.0,-0.715,0.6777227189314741,0.7225098583043832,0.19027728106852593
92,"([0, 0, 1, 0, 0, 0], [2])","([0.08, 0.16, 0.05, 0.22, 0.32, 0.17], [4])",-0.0,-0.0,-0.715,-0.0,-0.0,-0.0,-0.715,0.6777227189314741,0.7597871393729091,0.19027728106852593
93,"([0, 0, 1, 0, 0, 0], [2])","([0.08, 0.16, 0.05, 0.22, 0.32, 0.17], [1])",-0.0,-0.0,-0.715,-0.0,-0.0,-0.0,-0.715,0.6777227189314741,0.797064420441435,0.19027728106852593
94,"([0, 0, 1, 0, 0, 0], [2])","([0.08, 0.16, 0.05, 0.22, 0.32, 0.17], [1])",-0.0,-0.0,-0.715,-0.0,-0.0,-0.0,-0.715,0.6777227189314741,0.8343417015099609,0.19027728106852593
95,"([0, 0, 1, 0, 0, 0], [2])","([0.08, 0.16, 0.05, 0.22, 0.32, 0.17], [4])",-0.0,-0.0,-0.715,-0.0,-0.0,-0.0,-0.715,0.6777227189314741,0.8716189825784868,0.19027728106852593
96,"([0, 0, 1, 0, 0, 0], [2])","([0.08, 0.16, 0.05, 0.22, 0.32, 0.17], [0])",-0.0,-0.0,-0.715,-0.0,-0.0,-0.0,-0.715,0.6777227189314741,0.9088962636470127,0.19027728106852593
97,"([0, 0, 1, 0, 0, 0], [2])","([0.08, 0.16, 0.05, 0.22, 0.32, 0.17], [3])",-0.0,-0.0,-0.715,-0.0,-0.0,-0.0,-0.715,0.6777227189314741,0.9461735447155386,0.19027728106852593
98,"([0, 0, 1, 0, 0, 0], [2])","([0.08, 0.16, 0.05, 0.22, 0.32, 0.17], [1])",-0.0,-0.0,-0.715,-0.0,-0.0,-0.0,-0.715,0.6777227189314741,0.9834508257840645,0.19027728106852593
99,"([0, 0, 1, 0, 0, 0], [2])","([0.08, 0.16, 0.05, 0.22, 0.32, 0.17], [1])",-0.0,-0.0,-0.715,-0.0,-0.0,-0.0,-0.715,0.6777227189314741,1.0207281068525904,0.19027728106852593
100,"([0, 0, 1, 0, 0, 0], [2])","([0.08, 0.16, 0.05, 0.22, 0.32, 0.17], [1])",-0.0,-0.0,-0.715,-0.0,-0.0,-0.0,-0.715,0.6777227189314741,1.0580053879211162,0.19027728106852593
101,"([0, 0, 1, 0, 0, 0], [2])","([0.08, 0.16, 0.05, 0.22, 0.32, 0.17], [3])",-0.0,-0.0,-0.715,-0.0,-0.0,-0.0,-0.715,0.6777227189314741,1.095282668989642,0.19027728106852593
102,"([0, 0, 1, 0, 0, 0], [2])","([0.08, 0.16, 0.05, 0.22, 0.32, 0.17], [4])",-0.0,-0.0,-0.715,-0.0,-0.0,-0.0,-0.715,0.6777227189314741,1.1325599500581678,0.19027728106852593
103,"([0, 0, 1, 0, 0, 0], [2])","([0.08, 0.16, 0.05, 0.22, 0.32, 0.17], [3])",-0.0,-0.0,-0.715,-0.0,-0.0,-0.0,-0.715,0.6777227189314741,1.1698372311266936,0.19027728106852593
104,"([0, 0, 1, 0, 0, 0], [2])","([0.08, 0.16, 0.05, 0.22, 0.32, 0.17], [1])",-0.0,-0.0,-0.715,-0.0,-0.0,-0.0,-0.715,0.6777227189314741,1.2071145121952194,0.19027728106852593
105,"([0, 0, 1, 0, 0, 0], [2])","([0.08, 0.16, 0.05, 0.22, 0.32, 0.17], [3])",-0.0,-0.0,-0.715,-0.0,-0.0,-0.0,-0.715,0.6777227189314741,1.2443917932637452,0.19027728106852593
106,"([0, 0, 1, 0, 0, 0], [2])","([0.08, 0.16, 0.05, 0.22, 0.32, 0.17], [0])",-0.0,-0.0,-0.715,-0.0,-0.0,-0.0,-0.715,0.6777227189314741,1.281669074332271,0.19027728106852593
107,"([0, 0, 1, 0, 0, 0], [2])","([0.08, 0.16, 0.05, 0.22, 0.32, 0.17], [4])",-0.0,-0.0,-0.715,-0.0,-0.0,-0.0,-0.715,0.6777227189314741,1.3189463554007967,0.19027728106852593
108,"([0, 0, 1, 0, 0, 0], [2])","([0.08, 0.16, 0.05, 0.22, 0.32, 0.17], [4])",-0.0,-0.0,-0.715,-0.0,-0.0,-0.0,-0.715,0.6777227189314741,1.3562236364693225,0.19027728106852593
109,"([0, 0, 1, 0, 0, 0], [2])","([0.08, 0.16, 0.05, 0.22, 0.32, 0.17], [1])",-0.0,-0.0,-0.715,-0.0,-0.0,-0.0,-0.715,0.6777227189314741,1.3935009175378483,0.19027728106852593
110,"([0, 0, 1, 0, 0, 0], [2])","([0.08, 0.16, 0.05, 0.22, 0.32, 0.17], [4])",-0.0,-0.0,-0.715,-0.0,-0.0,-0.0,-0.715,0.6777227189314741,1.4307781986063741,0.19027728106852593
111,"([0, 0, 1, 0, 0, 0], [2])","([0.08, 0.16, 0.05, 0.22, 0.32, 0.17], [1])",-0.0,-0.0,-0.715,-0.0,-0.0,-0.0,-0.715,0.6777227189314741,1.4680554796749,0.19027728106852593
112,"([0, 0, 1, 0, 0, 0], [2])","([0.08, 0.16, 0.05, 0.22, 0.32, 0.17], [3])",-0.0,-0.0,-0.715,-0.0,-0.0,-0.0,-0.715,0.6777227189314741,1.5053327607434257,0.19027728106852593
113,"([0, 0, 1, 0, 0, 0], [2])","([0.08, 0.16, 0.05, 0.22, 0.32, 0.17], [4])",-0.0,-0.0,-0.715,-0.0,-0.0,-0.0,-0.715,0.6777227189314741,1.5426100418119515,0.19027728106852593
114,"([0, 0, 1, 0, 0, 0], [2])","([0.08, 0.16, 0.05, 0.22, 0.32, 0.17], [5])",-0.0,-0.0,-0.715,-0.0,-0.0,-0.0,-0.715,0.6777227189314741,1.5798873228804773,0.19027728106852593
115,"([0, 0, 1, 0, 0, 0], [2])","([0.08, 0.16, 0.05, 0.22, 0.32, 0.17], [4])",-0.0,-0.0,-0.715,-0.0,-0.0,-0.0,-0.715,0.6777227189314741,1.617164603949003,0.19027728106852593
116,"([0, 0, 1, 0, 0, 0], [2])","([0.08, 0.16, 0.05, 0.22, 0.32, 0.17], [4])",-0.0,-0.0,-0.715,-0.0,-0.0,-0.0,-0.715,0.6777227189314741,1.6544418850175289,0.19027728106852593
117,"([0, 0, 1, 0, 0, 0], [2])","([0.08, 0.16, 0.05, 0.22, 0.32, 0.17], [1])",-0.0,-0.0,-0.715,-0.0,-0.0,-0.0,-0.715,0.6777227189314741,1.6917191660860547,0.19027728106852593
118,"([0, 0, 1, 0, 0, 0], [2])","([0.08, 0.16, 0.05, 0.22, 0.32, 0.17], [3])",-0.0,-0.0,-0.715,-0.0,-0.0,-0.0,-0.715,0.6777227189314741,1.7289964471545805,0.19027728106852593
119,"([0, 0, 1, 0, 0, 0], [2])","([0.08, 0.16, 0.05, 0.22, 0.32, 0.17], [0])",-0.0,-0.0,-0.715,-0.0,-0.0,-0.0,-0.715,0.6777227189314741,1.7662737282231062,0.19027728106852593
120,"([0, 0, 1, 0, 0, 0], [2])","([0.08, 0.16, 0.05, 0.22, 0.32, 0.17], [0])",-0.0,-0.0,-0.715,-0.0,-0.0,-0.0,-0.715,0.6777227189314741,1.803551009291632,0.19027728106852593
121,"([0, 0, 1, 0, 0, 0], [2])","([0.08, 0.16, 0.05, 0.22, 0.32, 0.17], [1])",-0.0,-0.0,-0.715,-0.0,-0.0,-0.0,-0.715,0.6777227189314741,1.8408282903601578,0.19027728106852593
122,"([0, 0, 1, 0, 0, 0], [2])","([0.08, 0.16, 0.05, 0.22, 0.32, 0.17], [2])",-0.0,-0.0,-0.0,-0.0,-0.0,-0.0,0.0,0.6777227189314741,1.1631055714286838,0.19027728106852593
123,"([0, 0, 1, 0, 0, 0], [2])","([0.08, 0.16, 0.05, 0.22, 0.32, 0.17], [1])",-0.0,-0.0,-0.715,-0.0,-0.0,-0.0,-0.715,0.6777227189314741,1.2003828524972096,0.19027728106852593
124,"([0, 0, 1, 0, 0, 0], [2])","([0.08, 0.16, 0.05, 0.22, 0.32, 0.17], [4])",-0.0,-0.0,-0.715,-0.0,-0.0,-0.0,-0.715,0.6777227189314741,1.2376601335657353,0.19027728106852593
125,"([0, 0, 1, 0, 0, 0], [2])","([0.08, 0.16, 0.05, 0.22, 0.32, 0.17], [5])",-0.0,-0.0,-0.715,-0.0,-0.0,-0.0,-0.715,0.6777227189314741,1.2749374146342611,0.19027728106852593
126,"([0, 0, 1, 0, 0, 0], [2])","([0.08, 0.16, 0.05, 0.22, 0.32, 0.17], [3])",-0.0,-0.0,-0.715,-0.0,-0.0,-0.0,-0.715,0.6777227189314741,1.312214695702787,0.19027728106852593
127,"([0, 0, 1, 0, 0, 0], [2])","([0.08, 0.16, 0.05, 0.22, 0.32, 0.17], [1])",-0.0,-0.0,-0.715,-0.0,-0.0,-0.0,-0.715,0.6777227189314741,1.3494919767713127,0.19027728106852593
128,"([0, 0, 1, 0, 0, 0], [2])","([0.08, 0.16, 0.05, 0.22, 0.32, 0.17], [4])",-0.0,-0.0,-0.715,-0.0,-0.0,-0.0,-0.715,0.6777227189314741,1.3867692578398385,0.19027728106852593
129,"([0, 0, 1, 0, 0, 0], [2])","([0.08, 0.16, 0.05, 0.22, 0.32, 0.17], [3])",-0.0,-0.0,-0.715,-0.0,-0.0,-0.0,-0.715,0.6777227189314741,1.4240465389083643,0.19027728106852593
130,"([0, 0, 1, 0, 0, 0], [2])","([0.08, 0.16, 0.05, 0.22, 0.32, 0.17], [5])",-0.0,-0.0,-0.715,-0.0,-0.0,-0.0,-0.715,0.6777227189314741,1.46132381997689,0.19027728106852593
131,"([0, 0, 1, 0, 0, 0], [2])","([0.08, 0.16, 0.05, 0.22, 0.32, 0.17], [4])",-0.0,-0.0,-0.715,-0.0,-0.0,-0.0,-0.715,0.6777227189314741,1.4986011010454159,0.19027728106852593
132,"([0, 0, 1, 0, 0, 0], [2])","([0.08, 0.16, 0.05, 0.22, 0.32, 0.17], [2])",-0.0,-0.0,-0.0,-0.0,-0.0,-0.0,0.0,0.6777227189314741,0.8208783821139418,0.19027728106852593
133,"([0, 0, 1, 0, 0, 0], [2])","([0.08, 0.16, 0.05, 0.22, 0.32, 0.17], [5])",-0.0,-0.0,-0.715,-0.0,-0.0,-0.0,-0.715,0.6777227189314741,0.8581556631824677,0.19027728106852593
134,"([0, 0, 1, 0, 0, 0], [2])","([0.08, 0.16, 0.05, 0.22, 0.32, 0.17], [1])",-0.0,-0.0,-0.715,-0.0,-0.0,-0.0,-0.715,0.6777227189314741,0.8954329442509936,0.19027728106852593
135,"([0, 0, 1, 0, 0, 0], [2])","([0.08, 0.16, 0.05, 0.22, 0.32, 0.17], [3])",-0.0,-0.0,-0.715,-0.0,-0.0,-0.0,-0.715,0.6777227189314741,0.9327102253195195,0.19027728106852593
136,"([0, 0, 1, 0, 0, 0], [2])","([0.08, 0.16, 0.05, 0.22, 0.32, 0.17], [1])",-0.0,-0.0,-0.715,-0.0,-0.0,-0.0,-0.715,0.6777227189314741,0.9699875063880454,0.19027728106852593
137,"([0, 0, 1, 0, 0, 0], [2])","([0.08, 0.16, 0.05, 0.22, 0.32, 0.17], [3])",-0.0,-0.0,-0.715,-0.0,-0.0,-0.0,-0.715,0.6777227189314741,1.0072647874565712,0.19027728106852593
138,"([0, 0, 1, 0, 0, 0], [2])","([0.08, 0.16, 0.05, 0.22, 0.32, 0.17], [3])",-0.0,-0.0,-0.715,-0.0,-0.0,-0.0,-0.715,0.6777227189314741,1.044542068525097,0.19027728106852593
139,"([0, 0, 1, 0, 0, 0], [2])","([0.08, 0.16, 0.05, 0.22, 0.32, 0.17], [3])",-0.0,-0.0,-0.715,-0.0,-0.0,-0.0,-0.715,0.6777227189314741,1.0818193495936228,0.19027728106852593
140,"([0, 0, 1, 0, 0, 0], [2])","([0.08, 0.16, 0.05, 0.22, 0.32, 0.17], [4])",-0.0,-0.0,-0.715,-0.0,-0.0,-0.0,-0.715,0.6777227189314741,1.1190966306621486,0.19027728106852593
141,"([0, 0, 1, 0, 0, 0], [2])","([0.08, 0.16, 0.05, 0.22, 0.32, 0.17], [5])",-0.0,-0.0,-0.715,-0.0,-0.0,-0.0,-0.715,0.6777227189314741,1.1563739117306744,0.19027728106852593
142,"([0, 0, 1, 0, 0, 0], [2])","([0.08, 0.16, 0.05, 0.22, 0.32, 0.17], [1])",-0.0,-0.0,-0.715,-0.0,-0.0,-0.0,-0.715,0.6777227189314741,1.1936511927992002,0.19027728106852593
143,"([0, 0, 1, 0, 0, 0], [2])","([0.08, 0.16, 0.05, 0.22, 0.32, 0.17], [5])",-0.0,-0.0,-0.715,-0.0,-0.0,-0.0,-0.715,0.6777227189314741,1.230928473867726,0.19027728106852593
144,"([0, 0, 1, 0, 0, 0], [2])","([0.08, 0.16, 0.05, 0.22, 0.32, 0.17], [1])",-0.0,-0.0,-0.715,-0.0,-0.0,-0.0,-0.715,0.6777227189314741,1.2682057549362518,0.19027728106852593
145,"([0, 0, 1, 0, 0, 0], [2])","([0.08, 0.16, 0.05, 0.22, 0.32, 0.17], [5])",-0.0,-0.0,-0.715,-0.0,-0.0,-0.0,-0.715,0.6777227189314741,1.3054830360047776,0.19027728106852593
146,"([0, 0, 1, 0, 0, 0], [2])","([0.08, 0.16, 0.05, 0.22, 0.32, 0.17], [4])",-0.0,-0.0,-0.715,-0.0,-0.0,-0.0,-0.715,0.6777227189314741,1.3427603170733033,0.19027728106852593
147,"([0, 0, 1, 0, 0, 0], [2])","([0.08, 0.16, 0.05, 0.22, 0.32, 0.17], [4])",-0.0,-0.0,-0.715,-0.0,-0.0,-0.0,-0.715,0.6777227189314741,1.3800375981418291,0.19027728106852593
148,"([0, 0, 1, 0, 0, 0], [2])","([0.08, 0.16, 0.05, 0.22, 0.32, 0.17], [4])",-0.0,-0.0,-0.715,-0.0,-0.0,-0.0,-0.715,0.6777227189314741,1.417314879210355,0.19027728106852593
149,"([0, 0, 1, 0, 0, 0], [2])","([0.08, 0.16, 0.05, 0.22, 0.32, 0.17], [4])",-0.0,-0.0,-0.715,-0.0,-0.0,-0.0,-0.715,0.6777227189314741,1.4545921602788807,0.19027728106852593
150,"([0, 0, 1, 0, 0, 0], [2])","([0.08, 0.16, 0.05, 0.22, 0.32, 0.17], [4])",-0.0,-0.0,-0.715,-0.0,-0.0,-0.0,-0.715,0.6777227189314741,1.4918694413474065,0.19027728106852593
151,"([0, 0, 1, 0, 0, 0], [2])","([0.08, 0.16, 0.05, 0.22, 0.32, 0.17], [3])",-0.0,-0.0,-0.715,-0.0,-0.0,-0.0,-0.715,0.6777227189314741,1.5291467224159323,0.19027728106852593
152,"([0, 0, 1, 0, 0, 0], [2])","([0.08, 0.16, 0.05, 0.22, 0.32, 0.17], [3])",-0.0,-0.0,-0.715,-0.0,-0.0,-0.0,-0.715,0.6777227189314741,1.566424003484458,0.19027728106852593
153,"([0, 0, 1, 0, 0, 0], [2])","([0.08, 0.16, 0.05, 0.22, 0.32, 0.17], [0])",-0.0,-0.0,-0.715,-0.0,-0.0,-0.0,-0.715,0.6777227189314741,1.6037012845529839,0.19027728106852593
154,"([0, 0, 1, 0, 0, 0], [2])","([0.08, 0.16, 0.05, 0.22, 0.32, 0.17], [4])",-0.0,-0.0,-0.715,-0.0,-0.0,-0.0,-0.715,0.6777227189314741,1.6409785656215097,0.19027728106852593
155,"([0, 0, 1, 0, 0, 0], [2])","([0.08, 0.16, 0.05, 0.22, 0.32, 0.17], [5])",-0.0,-0.0,-0.715,-0.0,-0.0,-0.0,-0.715,0.6777227189314741,1.6782558466900355,0.19027728106852593
156,"([0, 0, 1, 0, 0, 0], [2])","([0.08, 0.16, 0.05, 0.22, 0.32, 0.17], [5])",-0.0,-0.0,-0.715,-0.0,-0.0,-0.0,-0.715,0.6777227189314741,1.7155331277585613,0.19027728106852593
157,"([0, 0, 1, 0, 0, 0], [2])","([0.08, 0.16, 0.05, 0.22, 0.32, 0.17], [3])",-0.0,-0.0,-0.715,-0.0,-0.0,-0.0,-0.715,0.6777227189314741,1.752810408827087,0.19027728106852593
158,"([0, 0, 1, 0, 0, 0], [2])","([0.08, 0.16, 0.05, 0.22, 0.32, 0.17], [5])",-0.0,-0.0,-0.715,-0.0,-0.0,-0.0,-0.715,0.6777227189314741,1.7900876898956128,0.19027728106852593
159,"([0, 0, 1, 0, 0, 0], [2])","([0.08, 0.16, 0.05, 0.22, 0.32, 0.17], [1])",-0.0,-0.0,-0.715,-0.0,-0.0,-0.0,-0.715,0.6777227189314741,1.8273649709641386,0.19027728106852593
160,"([0, 0, 1, 0, 0, 0], [2])","([0.08, 0.16, 0.05, 0.22, 0.32, 0.17], [3])",-0.0,-0.0,-0.715,-0.0,-0.0,-0.0,-0.715,0.6777227189314741,1.8646422520326644,0.19027728106852593
161,"([0, 0, 1, 0, 0, 0], [2])","([0.08, 0.16, 0.05, 0.22, 0.32, 0.17], [5])",-0.0,-0.0,-0.715,-0.0,-0.0,-0.0,-0.715,0.6777227189314741,1.9019195331011902,0.19027728106852593
162,"([0, 0, 1, 0, 0, 0], [2])","([0.08, 0.16, 0.05, 0.22, 0.32, 0.17], [2])",-0.0,-0.0,-0.0,-0.0,-0.0,-0.0,0.0,0.6777227189314741,1.2241968141697162,0.19027728106852593
163,"([0, 0, 1, 0, 0, 0], [2])","([0.08, 0.16, 0.05, 0.22, 0.32, 0.17], [4])",-0.0,-0.0,-0.715,-0.0,-0.0,-0.0,-0.715,0.6777227189314741,1.261474095238242,0.19027728106852593
164,"([0, 0, 1, 0, 0, 0], [2])","([0.08, 0.16, 0.05, 0.22, 0.32, 0.17], [4])",-0.0,-0.0,-0.715,-0.0,-0.0,-0.0,-0.715,0.6777227189314741,1.2987513763067677,0.19027728106852593
165,"([0, 0, 1, 0, 0, 0], [2])","([0.08, 0.16, 0.05, 0.22, 0.32, 0.17], [4])",-0.0,-0.0,-0.715,-0.0,-0.0,-0.0,-0.715,0.6777227189314741,1.3360286573752935,0.19027728106852593
166,"([0, 0, 1, 0, 0, 0], [2])","([0.08, 0.16, 0.05, 0.22, 0.32, 0.17], [1])",-0.0,-0.0,-0.715,-0.0,-0.0,-0.0,-0.715,0.6777227189314741,1.3733059384438193,0.19027728106852593
167,"([0, 0, 1, 0, 0, 0], [2])","([0.08, 0.16, 0.05, 0.22, 0.32, 0.17], [3])",-0.0,-0.0,-0.715,-0.0,-0.0,-0.0,-0.715,0.6777227189314741,1.410583219512345,0.19027728106852593
168,"([0, 0, 1, 0, 0, 0], [2])","([0.08, 0.16, 0.05, 0.22, 0.32, 0.17], [4])",-0.0,-0.0,-0.715,-0.0,-0.0,-0.0,-0.715,0.6777227189314741,1.447860500580871,0.19027728106852593
169,"([0, 0, 1, 0, 0, 0], [2])","([0.08, 0.16, 0.05, 0.22, 0.32, 0.17], [4])",-0.0,-0.0,-0.715,-0.0,-0.0,-0.0,-0.715,0.6777227189314741,1.4851377816493967,0.19027728106852593
170,"([0, 0, 1, 0, 0, 0], [2])","([0.08, 0.16, 0.05, 0.22, 0.32, 0.17], [4])",-0.0,-0.0,-0.715,-0.0,-0.0,-0.0,-0.715,0.6777227189314741,1.5224150627179225,0.19027728106852593
171,"([0, 0, 1, 0, 0, 0], [2])","([0.08, 0.16, 0.05, 0.22, 0.32, 0.17], [4])",-0.0,-0.0,-0.715,-0.0,-0.0,-0.0,-0.715,0.6777227189314741,1.5596923437864483,0.19027728106852593
172,"([0, 0, 1, 0, 0, 0], [2])","([0.08, 0.16, 0.05, 0.22, 0.32, 0.17], [4])",-0.0,-0.0,-0.715,-0.0,-0.0,-0.0,-0.715,0.6777227189314741,1.596969624854974,0.19027728106852593
173,"([0, 0, 1, 0, 0, 0], [2])","([0.08, 0.16, 0.05, 0.22, 0.32, 0.17], [5])",-0.0,-0.0,-0.715,-0.0,-0.0,-0.0,-0.715,0.6777227189314741,1.6342469059234999,0.19027728106852593
174,"([0, 0, 1, 0, 0, 0], [2])","([0.08, 0.16, 0.05, 0.22, 0.32, 0.17], [4])",-0.0,-0.0,-0.715,-0.0,-0.0,-0.0,-0.715,0.6777227189314741,1.6715241869920257,0.19027728106852593
175,"([0, 0, 1, 0, 0, 0], [2])","([0.08, 0.16, 0.05, 0.22, 0.32, 0.17], [1])",-0.0,-0.0,-0.715,-0.0,-0.0,-0.0,-0.715,0.6777227189314741,1.7088014680605514,0.19027728106852593
176,"([0, 0, 1, 0, 0, 0], [2])","([0.08, 0.16, 0.05, 0.22, 0.32, 0.17], [4])",-0.0,-0.0,-0.715,-0.0,-0.0,-0.0,-0.715,0.6777227189314741,1.7460787491290772,0.19027728106852593
177,"([0, 0, 1, 0, 0, 0], [2])","([0.08, 0.16, 0.05, 0.22, 0.32, 0.17], [4])",-0.0,-0.0,-0.715,-0.0,-0.0,-0.0,-0.715,0.6777227189314741,1.783356030197603,0.19027728106852593
178,"([0, 0, 1, 0, 0, 0], [2])","([0.08, 0.16, 0.05, 0.22, 0.32, 0.17], [3])",-0.0,-0.0,-0.715,-0.0,-0.0,-0.0,-0.715,0.6777227189314741,1.8206333112661288,0.19027728106852593
179,"([0, 0, 1, 0, 0, 0], [2])","([0.08, 0.16, 0.05, 0.22, 0.32, 0.17], [4])",-0.0,-0.0,-0.715,-0.0,-0.0,-0.0,-0.715,0.6777227189314741,1.8579105923346546,0.19027728106852593
180,"([0, 0, 1, 0, 0, 0], [2])","([0.08, 0.16, 0.05, 0.22, 0.32, 0.17], [5])",-0.0,-0.0,-0.715,-0.0,-0.0,-0.0,-0.715,0.6777227189314741,1.8951878734031804,0.19027728106852593
181,"([0, 0, 1, 0, 0, 0], [2])","([0.08, 0.16, 0.05, 0.22, 0.32, 0.17], [5])",-0.0,-0.0,-0.715,-0.0,-0.0,-0.0,-0.715,0.6777227189314741,1.9324651544717062,0.19027728106852593
182,"([0, 0, 1, 0, 0, 0], [2])","([0.08, 0.16, 0.05, 0.22, 0.32, 0.17], [4])",-0.0,-0.0,-0.715,-0.0,-0.0,-0.0,-0.715,0.6777227189314741,1.969742435540232,0.19027728106852593
183,"([0, 0, 1, 0, 0, 0], [2])","([0.08, 0.16, 0.05, 0.22, 0.32, 0.17], [2])",-0.0,-0.0,-0.0,-0.0,-0.0,-0.0,0.0,0.6777227189314741,1.292019716608758,0.19027728106852593
184,"([0, 0, 1, 0, 0, 0], [2])","([0.08, 0.16, 0.05, 0.22, 0.32, 0.17], [2])",-0.0,-0.0,-0.0,-0.0,-0.0,-0.0,0.0,0.6777227189314741,0.6142969976772839,0.19027728106852593
185,"([0, 0, 1, 0, 0, 0], [2])","([0.08, 0.16, 0.05, 0.22, 0.32, 0.17], [5])",-0.0,-0.0,-0.715,-0.0,-0.0,-0.0,-0.715,0.6777227189314741,0.6515742787458098,0.19027728106852593
186,"([0, 0, 1, 0, 0, 0], [2])","([0.08, 0.16, 0.05, 0.22, 0.32, 0.17], [4])",-0.0,-0.0,-0.715,-0.0,-0.0,-0.0,-0.715,0.6777227189314741,0.6888515598143357,0.19027728106852593
187,"([0, 0, 1, 0, 0, 0], [2])","([0.08, 0.16, 0.05, 0.22, 0.32, 0.17], [2])",-0.0,-0.0,-0.0,-0.0,-0.0,-0.0,0.0,0.6777227189314741,0.01112884088286159,0.19027728106852593
188,"([0, 0, 1, 0, 0, 0], [2])","([0.08, 0.16, 0.05, 0.22, 0.32, 0.17], [2])",-0.0,-0.0,-0.0,-0.0,-0.0,-0.0,0.0,0.6777227189314741,-0.6665938780486125,0.19027728106852593
189,"([0, 0, 1, 0, 0, 0], [2])","([0.08, 0.16, 0.05, 0.22, 0.32, 0.17], [1])",-0.0,-0.0,-0.715,-0.0,-0.0,-0.0,-0.715,0.6777227189314741,-0.6293165969800866,0.19027728106852593
190,"([0, 0, 1, 0, 0, 0], [2])","([0.08, 0.16, 0.05, 0.22, 0.32, 0.17], [4])",-0.0,-0.0,-0.715,-0.0,-0.0,-0.0,-0.715,0.6777227189314741,-0.5920393159115607,0.19027728106852593
191,"([0, 0, 1, 0, 0, 0], [2])","([0.08, 0.16, 0.05, 0.22, 0.32, 0.17], [4])",-0.0,-0.0,-0.715,-0.0,-0.0,-0.0,-0.715,0.6777227189314741,-0.5547620348430348,0.19027728106852593
192,"([0, 0, 1, 0, 0, 0], [2])","([0.08, 0.16, 0.05, 0.22, 0.32, 0.17], [1])",-0.0,-0.0,-0.715,-0.0,-0.0,-0.0,-0.715,0.6777227189314741,-0.5174847537745089,0.19027728106852593
193,"([0, 0, 1, 0, 0, 0], [2])","([0.08, 0.16, 0.05, 0.22, 0.32, 0.17], [3])",-0.0,-0.0,-0.715,-0.0,-0.0,-0.0,-0.715,0.6777227189314741,-0.48020747270598296,0.19027728106852593
194,"([0, 0, 1, 0, 0, 0], [2])","([0.08, 0.16, 0.05, 0.22, 0.32, 0.17], [0])",-0.0,-0.0,-0.715,-0.0,-0.0,-0.0,-0.715,0.6777227189314741,-0.44293019163745706,0.19027728106852593
195,"([0, 0, 1, 0, 0, 0], [2])","([0.08, 0.16, 0.05, 0.22, 0.32, 0.17], [1])",-0.0,-0.0,-0.715,-0.0,-0.0,-0.0,-0.715,0.6777227189314741,-0.40565291056893116,0.19027728106852593
196,"([0, 0, 1, 0, 0, 0], [2])","([0.08, 0.16, 0.05, 0.22, 0.32, 0.17], [0])",-0.0,-0.0,-0.715,-0.0,-0.0,-0.0,-0.715,0.6777227189314741,-0.36837562950040526,0.19027728106852593
197,"([0, 0, 1, 0, 0, 0], [2])","([0.08, 0.16, 0.05, 0.22, 0.32, 0.17], [5])",-0.0,-0.0,-0.715,-0.0,-0.0,-0.0,-0.715,0.6777227189314741,-0.33109834843187935,0.19027728106852593
198,"([0, 0, 1, 0, 0, 0], [2])","([0.08, 0.16, 0.05, 0.22, 0.32, 0.17], [5])",-0.0,-0.0,-0.715,-0.0,-0.0,-0.0,-0.715,0.6777227189314741,-0.29382106736335345,0.19027728106852593
199,"([0, 0, 1, 0, 0, 0], [2])","([0.08, 0.16, 0.05, 0.22, 0.32, 0.17], [4])",-0.0,-0.0,-0.715,-0.0,-0.0,-0.0,-0.715,0.6777227189314741,-0.25654378629482755,0.19027728106852593
