,sto-1,FB-0,feedback target 0,feedback target 1,feedback target 2,feedback target 3,feedback target 4,feedback target 5,feedback target 6,feedback target 7,feedback target 8,feedback target 9,total,exp_loss,actual_regret,exp_regret
0,"([0.1, 0.1, 0.1, 0.1, 0.1, 0.1, 0.1, 0.1, 0.1, 0.1], [0])","([0, 0, 0, 0, 0, 0, 0, 0, 1, 0], [8])",-0.9490000000000001,-0.0,-0.0,-0.0,-0.0,-0.0,-0.0,-0.0,-0.0,-0.0,-0.9490000000000001,0.8112,0.13780000000000003,0.0
1,"([0.1, 0.1, 0.1, 0.1, 0.1, 0.1, 0.1, 0.1, 0.1, 0.1], [2])","([0, 1, 0, 0, 0, 0, 0, 0, 0, 0], [1])",-0.0,-0.0,-0.8740000000000001,-0.0,-0.0,-0.0,-0.0,-0.0,-0.0,-0.0,-0.8740000000000001,0.8288,0.2006000000000001,0.01759999999999995
2,"([0.1, 0.1, 0.1, 0.1, 0.1, 0.1, 0.1, 0.1, 0.1, 0.1], [3])","([0, 0, 1, 0, 0, 0, 0, 0, 0, 0], [2])",-0.0,-0.0,-0.0,-0.852,-0.0,-0.0,-0.0,-0.0,-0.0,-0.0,-0.852,0.8238,0.24140000000000006,0.030199999999999894
3,"([0.1, 0.1, 0.1, 0.1, 0.1, 0.1, 0.1, 0.1, 0.1, 0.1], [1])","([0, 1, 0, 0, 0, 0, 0, 0, 0, 0], [1])",-0.0,-0.0,-0.0,-0.0,-0.0,-0.0,-0.0,-0.0,-0.0,-0.0,0.0,0.8288,-0.5698,0.04779999999999984
4,"([0.1, 0.1, 0.1, 0.1, 0.1, 0.1, 0.1, 0.1, 0.1, 0.1], [8])","([0, 1, 0, 0, 0, 0, 0, 0, 0, 0], [1])",-0.0,-0.0,-0.0,-0.0,-0.0,-0.0,-0.0,-0.0,-1.0,-0.0,-1.0,0.8288,-0.381,0.06539999999999979
5,"([0.1, 0.1, 0.1, 0.1, 0.1, 0.1, 0.1, 0.1, 0.1, 0.1], [9])","([0, 0, 0, 0, 0, 0, 0, 0, 1, 0], [8])",-0.0,-0.0,-0.0,-0.0,-0.0,-0.0,-0.0,-0.0,-0.0,-0.9,-0.9,0.8112,-0.2922,0.06539999999999979
6,"([0.1, 0.1, 0.1, 0.1, 0.1, 0.1, 0.1, 0.1, 0.1, 0.1], [5])","([0, 0, 0, 0, 0, 0, 0, 0, 1, 0], [8])",-0.0,-0.0,-0.0,-0.0,-0.0,-0.8959999999999999,-0.0,-0.0,-0.0,-0.0,-0.8959999999999999,0.8112,-0.20740000000000014,0.06539999999999979
7,"([0.1, 0.1, 0.1, 0.1, 0.1, 0.1, 0.1, 0.1, 0.1, 0.1], [5])","([0, 0, 0, 0, 0, 0, 0, 0, 1, 0], [8])",-0.0,-0.0,-0.0,-0.0,-0.0,-0.8959999999999999,-0.0,-0.0,-0.0,-0.0,-0.8959999999999999,0.8112,-0.12260000000000026,0.06539999999999979
8,"([0.1, 0.1, 0.1, 0.1, 0.1, 0.1, 0.1, 0.1, 0.1, 0.1], [2])","([0, 0, 0, 0, 0, 0, 0, 0, 1, 0], [8])",-0.0,-0.0,-0.8740000000000001,-0.0,-0.0,-0.0,-0.0,-0.0,-0.0,-0.0,-0.8740000000000001,0.8112,-0.059800000000000186,0.06539999999999979
9,"([0.1, 0.1, 0.1, 0.1, 0.1, 0.1, 0.1, 0.1, 0.1, 0.1], [2])","([0, 0, 0, 0, 0, 0, 0, 0, 1, 0], [8])",-0.0,-0.0,-0.8740000000000001,-0.0,-0.0,-0.0,-0.0,-0.0,-0.0,-0.0,-0.8740000000000001,0.8112,0.0029999999999998916,0.06539999999999979
10,"([0.1, 0.1, 0.1, 0.1, 0.1, 0.1, 0.1, 0.1, 0.1, 0.1], [3])","([0, 0, 0, 0, 0, 0, 0, 0, 1, 0], [8])",-0.0,-0.0,-0.0,-0.852,-0.0,-0.0,-0.0,-0.0,-0.0,-0.0,-0.852,0.8112,0.04379999999999984,0.06539999999999979
11,"([0.1, 0.1, 0.1, 0.1, 0.1, 0.1, 0.1, 0.1, 0.1, 0.1], [9])","([0, 0, 0, 0, 0, 0, 0, 0, 1, 0], [8])",-0.0,-0.0,-0.0,-0.0,-0.0,-0.0,-0.0,-0.0,-0.0,-0.9,-0.9,0.8112,0.13259999999999983,0.06539999999999979
12,"([0.1, 0.1, 0.1, 0.1, 0.1, 0.1, 0.1, 0.1, 0.1, 0.1], [7])","([0, 0, 0, 0, 0, 0, 0, 0, 1, 0], [8])",-0.0,-0.0,-0.0,-0.0,-0.0,-0.0,-0.0,-0.8690000000000001,-0.0,-0.0,-0.8690000000000001,0.8112,0.1903999999999999,0.06539999999999979
13,"([0.1, 0.1, 0.1, 0.1, 0.1, 0.1, 0.1, 0.1, 0.1, 0.1], [0])","([0, 0, 0, 0, 0, 0, 0, 0, 1, 0], [8])",-0.9490000000000001,-0.0,-0.0,-0.0,-0.0,-0.0,-0.0,-0.0,-0.0,-0.0,-0.9490000000000001,0.8112,0.32819999999999994,0.06539999999999979
14,"([0.1, 0.1, 0.1, 0.1, 0.1, 0.1, 0.1, 0.1, 0.1, 0.1], [0])","([0, 0, 0, 0, 0, 0, 0, 0, 1, 0], [8])",-0.9490000000000001,-0.0,-0.0,-0.0,-0.0,-0.0,-0.0,-0.0,-0.0,-0.0,-0.9490000000000001,0.8112,0.46599999999999997,0.06539999999999979
15,"([0.1, 0.1, 0.1, 0.1, 0.1, 0.1, 0.1, 0.1, 0.1, 0.1], [2])","([0, 0, 0, 0, 0, 0, 0, 0, 1, 0], [8])",-0.0,-0.0,-0.8740000000000001,-0.0,-0.0,-0.0,-0.0,-0.0,-0.0,-0.0,-0.8740000000000001,0.8112,0.5288,0.06539999999999979
16,"([0.1, 0.1, 0.1, 0.1, 0.1, 0.1, 0.1, 0.1, 0.1, 0.1], [1])","([0, 0, 0, 0, 0, 0, 0, 0, 1, 0], [8])",-0.0,-0.8240000000000001,-0.0,-0.0,-0.0,-0.0,-0.0,-0.0,-0.0,-0.0,-0.8240000000000001,0.8112,0.5416000000000001,0.06539999999999979
17,"([0.1, 0.1, 0.1, 0.1, 0.1, 0.1, 0.1, 0.1, 0.1, 0.1], [6])","([0, 1, 0, 0, 0, 0, 0, 0, 0, 0], [1])",-0.0,-0.0,-0.0,-0.0,-0.0,-0.0,-0.986,-0.0,-0.0,-0.0,-0.986,0.8288,0.7164,0.08299999999999974
18,"([0.1, 0.1, 0.1, 0.1, 0.1, 0.1, 0.1, 0.1, 0.1, 0.1], [5])","([0, 0, 0, 0, 0, 0, 0, 0, 1, 0], [8])",-0.0,-0.0,-0.0,-0.0,-0.0,-0.8959999999999999,-0.0,-0.0,-0.0,-0.0,-0.8959999999999999,0.8112,0.8011999999999999,0.08299999999999974
19,"([0.1, 0.1, 0.1, 0.1, 0.1, 0.1, 0.1, 0.1, 0.1, 0.1], [3])","([0, 0, 0, 0, 0, 0, 0, 0, 1, 0], [8])",-0.0,-0.0,-0.0,-0.852,-0.0,-0.0,-0.0,-0.0,-0.0,-0.0,-0.852,0.8112,0.8419999999999999,0.08299999999999974
20,"([0.1, 0.1, 0.1, 0.1, 0.1, 0.1, 0.1, 0.1, 0.1, 0.1], [6])","([0, 0, 0, 0, 0, 0, 0, 0, 1, 0], [8])",-0.0,-0.0,-0.0,-0.0,-0.0,-0.0,-0.986,-0.0,-0.0,-0.0,-0.986,0.8112,1.0168,0.08299999999999974
21,"([0.1, 0.1, 0.1, 0.1, 0.1, 0.1, 0.1, 0.1, 0.1, 0.1], [2])","([0, 0, 0, 0, 0, 0, 0, 0, 1, 0], [8])",-0.0,-0.0,-0.8740000000000001,-0.0,-0.0,-0.0,-0.0,-0.0,-0.0,-0.0,-0.8740000000000001,0.8112,1.0796000000000001,0.08299999999999974
22,"([0.1, 0.1, 0.1, 0.1, 0.1, 0.1, 0.1, 0.1, 0.1, 0.1], [5])","([0, 0, 0, 0, 0, 0, 0, 0, 1, 0], [8])",-0.0,-0.0,-0.0,-0.0,-0.0,-0.8959999999999999,-0.0,-0.0,-0.0,-0.0,-0.8959999999999999,0.8112,1.1644,0.08299999999999974
23,"([0.1, 0.1, 0.1, 0.1, 0.1, 0.1, 0.1, 0.1, 0.1, 0.1], [3])","([0, 0, 0, 0, 0, 0, 0, 0, 1, 0], [8])",-0.0,-0.0,-0.0,-0.852,-0.0,-0.0,-0.0,-0.0,-0.0,-0.0,-0.852,0.8112,1.2052,0.08299999999999974
24,"([0.1, 0.1, 0.1, 0.1, 0.1, 0.1, 0.1, 0.1, 0.1, 0.1], [5])","([0, 0, 0, 0, 0, 0, 0, 0, 1, 0], [8])",-0.0,-0.0,-0.0,-0.0,-0.0,-0.8959999999999999,-0.0,-0.0,-0.0,-0.0,-0.8959999999999999,0.8112,1.29,0.08299999999999974
25,"([0.1, 0.1, 0.1, 0.1, 0.1, 0.1, 0.1, 0.1, 0.1, 0.1], [0])","([0, 0, 0, 0, 0, 0, 0, 0, 1, 0], [8])",-0.9490000000000001,-0.0,-0.0,-0.0,-0.0,-0.0,-0.0,-0.0,-0.0,-0.0,-0.9490000000000001,0.8112,1.4278,0.08299999999999974
26,"([0.1, 0.1, 0.1, 0.1, 0.1, 0.1, 0.1, 0.1, 0.1, 0.1], [9])","([0, 0, 0, 0, 0, 0, 0, 0, 1, 0], [8])",-0.0,-0.0,-0.0,-0.0,-0.0,-0.0,-0.0,-0.0,-0.0,-0.9,-0.9,0.8112,1.5166,0.08299999999999974
27,"([0.1, 0.1, 0.1, 0.1, 0.1, 0.1, 0.1, 0.1, 0.1, 0.1], [6])","([0, 0, 0, 0, 0, 0, 0, 0, 1, 0], [8])",-0.0,-0.0,-0.0,-0.0,-0.0,-0.0,-0.986,-0.0,-0.0,-0.0,-0.986,0.8112,1.6913999999999998,0.08299999999999974
28,"([0.1, 0.1, 0.1, 0.1, 0.1, 0.1, 0.1, 0.1, 0.1, 0.1], [6])","([0, 0, 0, 0, 0, 0, 0, 0, 1, 0], [8])",-0.0,-0.0,-0.0,-0.0,-0.0,-0.0,-0.986,-0.0,-0.0,-0.0,-0.986,0.8112,1.8661999999999996,0.08299999999999974
29,"([0.1, 0.1, 0.1, 0.1, 0.1, 0.1, 0.1, 0.1, 0.1, 0.1], [7])","([0, 0, 0, 0, 0, 0, 0, 0, 1, 0], [8])",-0.0,-0.0,-0.0,-0.0,-0.0,-0.0,-0.0,-0.8690000000000001,-0.0,-0.0,-0.8690000000000001,0.8112,1.9239999999999997,0.08299999999999974
30,"([0.1, 0.1, 0.1, 0.1, 0.1, 0.1, 0.1, 0.1, 0.1, 0.1], [5])","([0, 0, 0, 0, 0, 0, 0, 0, 1, 0], [8])",-0.0,-0.0,-0.0,-0.0,-0.0,-0.8959999999999999,-0.0,-0.0,-0.0,-0.0,-0.8959999999999999,0.8112,2.0087999999999995,0.08299999999999974
31,"([0.1, 0.1, 0.1, 0.1, 0.1, 0.1, 0.1, 0.1, 0.1, 0.1], [5])","([0, 0, 0, 0, 0, 0, 0, 0, 1, 0], [8])",-0.0,-0.0,-0.0,-0.0,-0.0,-0.8959999999999999,-0.0,-0.0,-0.0,-0.0,-0.8959999999999999,0.8112,2.0935999999999995,0.08299999999999974
32,"([0.1, 0.1, 0.1, 0.1, 0.1, 0.1, 0.1, 0.1, 0.1, 0.1], [4])","([0, 0, 0, 0, 0, 0, 0, 0, 1, 0], [8])",-0.0,-0.0,-0.0,-0.0,-0.9620000000000001,-0.0,-0.0,-0.0,-0.0,-0.0,-0.9620000000000001,0.8112,2.2443999999999997,0.08299999999999974
33,"([0.1, 0.1, 0.1, 0.1, 0.1, 0.1, 0.1, 0.1, 0.1, 0.1], [7])","([0, 0, 0, 0, 0, 0, 0, 0, 1, 0], [8])",-0.0,-0.0,-0.0,-0.0,-0.0,-0.0,-0.0,-0.8690000000000001,-0.0,-0.0,-0.8690000000000001,0.8112,2.3022,0.08299999999999974
34,"([0.1, 0.1, 0.1, 0.1, 0.1, 0.1, 0.1, 0.1, 0.1, 0.1], [4])","([0, 0, 0, 0, 0, 0, 0, 0, 1, 0], [8])",-0.0,-0.0,-0.0,-0.0,-0.9620000000000001,-0.0,-0.0,-0.0,-0.0,-0.0,-0.9620000000000001,0.8112,2.4530000000000003,0.08299999999999974
35,"([0.1, 0.1, 0.1, 0.1, 0.1, 0.1, 0.1, 0.1, 0.1, 0.1], [5])","([0, 0, 0, 0, 0, 0, 0, 0, 1, 0], [8])",-0.0,-0.0,-0.0,-0.0,-0.0,-0.8959999999999999,-0.0,-0.0,-0.0,-0.0,-0.8959999999999999,0.8112,2.5378000000000003,0.08299999999999974
36,"([0.1, 0.1, 0.1, 0.1, 0.1, 0.1, 0.1, 0.1, 0.1, 0.1], [8])","([0, 0, 0, 0, 0, 0, 0, 0, 1, 0], [8])",-0.0,-0.0,-0.0,-0.0,-0.0,-0.0,-0.0,-0.0,-0.0,-0.0,0.0,0.8112,1.7266000000000004,0.08299999999999974
37,"([0.1, 0.1, 0.1, 0.1, 0.1, 0.1, 0.1, 0.1, 0.1, 0.1], [7])","([0, 0, 0, 0, 0, 0, 0, 0, 1, 0], [8])",-0.0,-0.0,-0.0,-0.0,-0.0,-0.0,-0.0,-0.8690000000000001,-0.0,-0.0,-0.8690000000000001,0.8112,1.7844000000000004,0.08299999999999974
38,"([0.1, 0.1, 0.1, 0.1, 0.1, 0.1, 0.1, 0.1, 0.1, 0.1], [5])","([0, 0, 0, 0, 0, 0, 0, 0, 1, 0], [8])",-0.0,-0.0,-0.0,-0.0,-0.0,-0.8959999999999999,-0.0,-0.0,-0.0,-0.0,-0.8959999999999999,0.8112,1.8692000000000002,0.08299999999999974
39,"([0.1, 0.1, 0.1, 0.1, 0.1, 0.1, 0.1, 0.1, 0.1, 0.1], [3])","([0, 0, 0, 0, 0, 0, 0, 0, 1, 0], [8])",-0.0,-0.0,-0.0,-0.852,-0.0,-0.0,-0.0,-0.0,-0.0,-0.0,-0.852,0.8112,1.9100000000000001,0.08299999999999974
40,"([0.1, 0.1, 0.1, 0.1, 0.1, 0.1, 0.1, 0.1, 0.1, 0.1], [0])","([0, 0, 0, 0, 0, 0, 0, 0, 1, 0], [8])",-0.9490000000000001,-0.0,-0.0,-0.0,-0.0,-0.0,-0.0,-0.0,-0.0,-0.0,-0.9490000000000001,0.8112,2.0478,0.08299999999999974
41,"([0.1, 0.1, 0.1, 0.1, 0.1, 0.1, 0.1, 0.1, 0.1, 0.1], [2])","([0, 0, 0, 0, 0, 0, 0, 0, 1, 0], [8])",-0.0,-0.0,-0.8740000000000001,-0.0,-0.0,-0.0,-0.0,-0.0,-0.0,-0.0,-0.8740000000000001,0.8112,2.1106000000000003,0.08299999999999974
42,"([0.1, 0.1, 0.1, 0.1, 0.1, 0.1, 0.1, 0.1, 0.1, 0.1], [9])","([0, 0, 0, 0, 0, 0, 0, 0, 1, 0], [8])",-0.0,-0.0,-0.0,-0.0,-0.0,-0.0,-0.0,-0.0,-0.0,-0.9,-0.9,0.8112,2.1994000000000002,0.08299999999999974
43,"([0.1, 0.1, 0.1, 0.1, 0.1, 0.1, 0.1, 0.1, 0.1, 0.1], [6])","([0, 0, 0, 0, 0, 0, 0, 0, 1, 0], [8])",-0.0,-0.0,-0.0,-0.0,-0.0,-0.0,-0.986,-0.0,-0.0,-0.0,-0.986,0.8112,2.3742,0.08299999999999974
44,"([0.1, 0.1, 0.1, 0.1, 0.1, 0.1, 0.1, 0.1, 0.1, 0.1], [5])","([0, 0, 0, 0, 0, 0, 0, 0, 1, 0], [8])",-0.0,-0.0,-0.0,-0.0,-0.0,-0.8959999999999999,-0.0,-0.0,-0.0,-0.0,-0.8959999999999999,0.8112,2.459,0.08299999999999974
45,"([0.1, 0.1, 0.1, 0.1, 0.1, 0.1, 0.1, 0.1, 0.1, 0.1], [8])","([0, 0, 0, 0, 0, 0, 0, 0, 1, 0], [8])",-0.0,-0.0,-0.0,-0.0,-0.0,-0.0,-0.0,-0.0,-0.0,-0.0,0.0,0.8112,1.6478000000000002,0.08299999999999974
46,"([0.1, 0.1, 0.1, 0.1, 0.1, 0.1, 0.1, 0.1, 0.1, 0.1], [0])","([0, 0, 0, 0, 0, 0, 0, 0, 1, 0], [8])",-0.9490000000000001,-0.0,-0.0,-0.0,-0.0,-0.0,-0.0,-0.0,-0.0,-0.0,-0.9490000000000001,0.8112,1.7856,0.08299999999999974
47,"([0.1, 0.1, 0.1, 0.1, 0.1, 0.1, 0.1, 0.1, 0.1, 0.1], [2])","([0, 0, 0, 0, 0, 0, 0, 0, 1, 0], [8])",-0.0,-0.0,-0.8740000000000001,-0.0,-0.0,-0.0,-0.0,-0.0,-0.0,-0.0,-0.8740000000000001,0.8112,1.8484000000000003,0.08299999999999974
48,"([0.1, 0.1, 0.1, 0.1, 0.1, 0.1, 0.1, 0.1, 0.1, 0.1], [1])","([0, 0, 0, 0, 0, 0, 0, 0, 1, 0], [8])",-0.0,-0.8240000000000001,-0.0,-0.0,-0.0,-0.0,-0.0,-0.0,-0.0,-0.0,-0.8240000000000001,0.8112,1.8612000000000002,0.08299999999999974
49,"([0.1, 0.1, 0.1, 0.1, 0.1, 0.1, 0.1, 0.1, 0.1, 0.1], [7])","([0, 0, 0, 0, 0, 0, 0, 0, 1, 0], [8])",-0.0,-0.0,-0.0,-0.0,-0.0,-0.0,-0.0,-0.8690000000000001,-0.0,-0.0,-0.8690000000000001,0.8112,1.9190000000000003,0.08299999999999974
50,"([0.1, 0.1, 0.1, 0.1, 0.1, 0.1, 0.1, 0.1, 0.1, 0.1], [0])","([0, 0, 0, 0, 0, 0, 0, 0, 1, 0], [8])",-0.9490000000000001,-0.0,-0.0,-0.0,-0.0,-0.0,-0.0,-0.0,-0.0,-0.0,-0.9490000000000001,0.8112,2.0568000000000004,0.08299999999999974
51,"([0.1, 0.1, 0.1, 0.1, 0.1, 0.1, 0.1, 0.1, 0.1, 0.1], [3])","([0, 0, 0, 0, 0, 0, 0, 0, 1, 0], [8])",-0.0,-0.0,-0.0,-0.852,-0.0,-0.0,-0.0,-0.0,-0.0,-0.0,-0.852,0.8112,2.0976000000000004,0.08299999999999974
52,"([0.1, 0.1, 0.1, 0.1, 0.1, 0.1, 0.1, 0.1, 0.1, 0.1], [3])","([0, 0, 0, 0, 0, 0, 0, 0, 1, 0], [8])",-0.0,-0.0,-0.0,-0.852,-0.0,-0.0,-0.0,-0.0,-0.0,-0.0,-0.852,0.8112,2.1384000000000003,0.08299999999999974
53,"([0.1, 0.1, 0.1, 0.1, 0.1, 0.1, 0.1, 0.1, 0.1, 0.1], [8])","([0, 0, 0, 0, 0, 0, 0, 0, 1, 0], [8])",-0.0,-0.0,-0.0,-0.0,-0.0,-0.0,-0.0,-0.0,-0.0,-0.0,0.0,0.8112,1.3272000000000004,0.08299999999999974
54,"([0.1, 0.1, 0.1, 0.1, 0.1, 0.1, 0.1, 0.1, 0.1, 0.1], [3])","([0, 0, 0, 0, 0, 0, 0, 0, 1, 0], [8])",-0.0,-0.0,-0.0,-0.852,-0.0,-0.0,-0.0,-0.0,-0.0,-0.0,-0.852,0.8112,1.3680000000000003,0.08299999999999974
55,"([0.1, 0.1, 0.1, 0.1, 0.1, 0.1, 0.1, 0.1, 0.1, 0.1], [0])","([0, 0, 0, 0, 0, 0, 0, 0, 1, 0], [8])",-0.9490000000000001,-0.0,-0.0,-0.0,-0.0,-0.0,-0.0,-0.0,-0.0,-0.0,-0.9490000000000001,0.8112,1.5058000000000002,0.08299999999999974
56,"([0.1, 0.1, 0.1, 0.1, 0.1, 0.1, 0.1, 0.1, 0.1, 0.1], [3])","([0, 0, 0, 0, 0, 0, 0, 0, 1, 0], [8])",-0.0,-0.0,-0.0,-0.852,-0.0,-0.0,-0.0,-0.0,-0.0,-0.0,-0.852,0.8112,1.5466000000000002,0.08299999999999974
57,"([0.1, 0.1, 0.1, 0.1, 0.1, 0.1, 0.1, 0.1, 0.1, 0.1], [2])","([0, 0, 0, 0, 0, 0, 0, 0, 1, 0], [8])",-0.0,-0.0,-0.8740000000000001,-0.0,-0.0,-0.0,-0.0,-0.0,-0.0,-0.0,-0.8740000000000001,0.8112,1.6094000000000004,0.08299999999999974
58,"([0.1, 0.1, 0.1, 0.1, 0.1, 0.1, 0.1, 0.1, 0.1, 0.1], [0])","([0, 0, 0, 0, 0, 0, 0, 0, 1, 0], [8])",-0.9490000000000001,-0.0,-0.0,-0.0,-0.0,-0.0,-0.0,-0.0,-0.0,-0.0,-0.9490000000000001,0.8112,1.7472000000000003,0.08299999999999974
59,"([0.1, 0.1, 0.1, 0.1, 0.1, 0.1, 0.1, 0.1, 0.1, 0.1], [8])","([0, 0, 0, 0, 0, 0, 0, 0, 1, 0], [8])",-0.0,-0.0,-0.0,-0.0,-0.0,-0.0,-0.0,-0.0,-0.0,-0.0,0.0,0.8112,0.9360000000000003,0.08299999999999974
60,"([0.1, 0.1, 0.1, 0.1, 0.1, 0.1, 0.1, 0.1, 0.1, 0.1], [7])","([0, 0, 0, 0, 0, 0, 0, 0, 1, 0], [8])",-0.0,-0.0,-0.0,-0.0,-0.0,-0.0,-0.0,-0.8690000000000001,-0.0,-0.0,-0.8690000000000001,0.8112,0.9938000000000003,0.08299999999999974
61,"([0.1, 0.1, 0.1, 0.1, 0.1, 0.1, 0.1, 0.1, 0.1, 0.1], [7])","([0, 0, 0, 0, 0, 0, 0, 0, 1, 0], [8])",-0.0,-0.0,-0.0,-0.0,-0.0,-0.0,-0.0,-0.8690000000000001,-0.0,-0.0,-0.8690000000000001,0.8112,1.0516000000000005,0.08299999999999974
62,"([0.1, 0.1, 0.1, 0.1, 0.1, 0.1, 0.1, 0.1, 0.1, 0.1], [6])","([0, 0, 0, 0, 0, 0, 0, 0, 1, 0], [8])",-0.0,-0.0,-0.0,-0.0,-0.0,-0.0,-0.986,-0.0,-0.0,-0.0,-0.986,0.8112,1.2264000000000004,0.08299999999999974
63,"([0.1, 0.1, 0.1, 0.1, 0.1, 0.1, 0.1, 0.1, 0.1, 0.1], [9])","([0, 0, 0, 0, 0, 0, 0, 0, 1, 0], [8])",-0.0,-0.0,-0.0,-0.0,-0.0,-0.0,-0.0,-0.0,-0.0,-0.9,-0.9,0.8112,1.3152000000000004,0.08299999999999974
64,"([0.1, 0.1, 0.1, 0.1, 0.1, 0.1, 0.1, 0.1, 0.1, 0.1], [5])","([0, 0, 0, 0, 0, 0, 0, 0, 1, 0], [8])",-0.0,-0.0,-0.0,-0.0,-0.0,-0.8959999999999999,-0.0,-0.0,-0.0,-0.0,-0.8959999999999999,0.8112,1.4000000000000004,0.08299999999999974
65,"([0.1, 0.1, 0.1, 0.1, 0.1, 0.1, 0.1, 0.1, 0.1, 0.1], [3])","([0, 0, 0, 0, 0, 0, 0, 0, 1, 0], [8])",-0.0,-0.0,-0.0,-0.852,-0.0,-0.0,-0.0,-0.0,-0.0,-0.0,-0.852,0.8112,1.4408000000000003,0.08299999999999974
66,"([0.1, 0.1, 0.1, 0.1, 0.1, 0.1, 0.1, 0.1, 0.1, 0.1], [6])","([0, 0, 0, 0, 0, 0, 0, 0, 1, 0], [8])",-0.0,-0.0,-0.0,-0.0,-0.0,-0.0,-0.986,-0.0,-0.0,-0.0,-0.986,0.8112,1.6156000000000001,0.08299999999999974
67,"([0.1, 0.1, 0.1, 0.1, 0.1, 0.1, 0.1, 0.1, 0.1, 0.1], [2])","([0, 0, 0, 0, 0, 0, 0, 0, 1, 0], [8])",-0.0,-0.0,-0.8740000000000001,-0.0,-0.0,-0.0,-0.0,-0.0,-0.0,-0.0,-0.8740000000000001,0.8112,1.6784000000000003,0.08299999999999974
68,"([0.1, 0.1, 0.1, 0.1, 0.1, 0.1, 0.1, 0.1, 0.1, 0.1], [7])","([0, 0, 0, 0, 0, 0, 0, 0, 1, 0], [8])",-0.0,-0.0,-0.0,-0.0,-0.0,-0.0,-0.0,-0.8690000000000001,-0.0,-0.0,-0.8690000000000001,0.8112,1.7362000000000004,0.08299999999999974
69,"([0.1, 0.1, 0.1, 0.1, 0.1, 0.1, 0.1, 0.1, 0.1, 0.1], [8])","([0, 0, 0, 0, 0, 0, 0, 0, 1, 0], [8])",-0.0,-0.0,-0.0,-0.0,-0.0,-0.0,-0.0,-0.0,-0.0,-0.0,0.0,0.8112,0.9250000000000004,0.08299999999999974
70,"([0.1, 0.1, 0.1, 0.1, 0.1, 0.1, 0.1, 0.1, 0.1, 0.1], [7])","([0, 0, 0, 0, 0, 0, 0, 0, 1, 0], [8])",-0.0,-0.0,-0.0,-0.0,-0.0,-0.0,-0.0,-0.8690000000000001,-0.0,-0.0,-0.8690000000000001,0.8112,0.9828000000000005,0.08299999999999974
71,"([0.1, 0.1, 0.1, 0.1, 0.1, 0.1, 0.1, 0.1, 0.1, 0.1], [1])","([0, 0, 0, 0, 0, 0, 0, 0, 1, 0], [8])",-0.0,-0.8240000000000001,-0.0,-0.0,-0.0,-0.0,-0.0,-0.0,-0.0,-0.0,-0.8240000000000001,0.8112,0.9956000000000005,0.08299999999999974
72,"([0.1, 0.1, 0.1, 0.1, 0.1, 0.1, 0.1, 0.1, 0.1, 0.1], [6])","([0, 0, 0, 0, 0, 0, 0, 0, 1, 0], [8])",-0.0,-0.0,-0.0,-0.0,-0.0,-0.0,-0.986,-0.0,-0.0,-0.0,-0.986,0.8112,1.1704000000000003,0.08299999999999974
73,"([0.1, 0.1, 0.1, 0.1, 0.1, 0.1, 0.1, 0.1, 0.1, 0.1], [0])","([0, 0, 0, 0, 0, 0, 0, 0, 1, 0], [8])",-0.9490000000000001,-0.0,-0.0,-0.0,-0.0,-0.0,-0.0,-0.0,-0.0,-0.0,-0.9490000000000001,0.8112,1.3082000000000003,0.08299999999999974
74,"([0.1, 0.1, 0.1, 0.1, 0.1, 0.1, 0.1, 0.1, 0.1, 0.1], [4])","([0, 0, 0, 0, 0, 0, 0, 0, 1, 0], [8])",-0.0,-0.0,-0.0,-0.0,-0.9620000000000001,-0.0,-0.0,-0.0,-0.0,-0.0,-0.9620000000000001,0.8112,1.4590000000000003,0.08299999999999974
75,"([0.1, 0.1, 0.1, 0.1, 0.1, 0.1, 0.1, 0.1, 0.1, 0.1], [6])","([0, 0, 0, 0, 0, 0, 0, 0, 1, 0], [8])",-0.0,-0.0,-0.0,-0.0,-0.0,-0.0,-0.986,-0.0,-0.0,-0.0,-0.986,0.8112,1.6338000000000004,0.08299999999999974
76,"([0.1, 0.1, 0.1, 0.1, 0.1, 0.1, 0.1, 0.1, 0.1, 0.1], [9])","([0, 0, 0, 0, 0, 0, 0, 0, 1, 0], [8])",-0.0,-0.0,-0.0,-0.0,-0.0,-0.0,-0.0,-0.0,-0.0,-0.9,-0.9,0.8112,1.7226000000000004,0.08299999999999974
77,"([0.1, 0.1, 0.1, 0.1, 0.1, 0.1, 0.1, 0.1, 0.1, 0.1], [1])","([0, 0, 0, 0, 0, 0, 0, 0, 1, 0], [8])",-0.0,-0.8240000000000001,-0.0,-0.0,-0.0,-0.0,-0.0,-0.0,-0.0,-0.0,-0.8240000000000001,0.8112,1.7354000000000003,0.08299999999999974
78,"([0.1, 0.1, 0.1, 0.1, 0.1, 0.1, 0.1, 0.1, 0.1, 0.1], [1])","([0, 0, 0, 0, 0, 0, 0, 0, 1, 0], [8])",-0.0,-0.8240000000000001,-0.0,-0.0,-0.0,-0.0,-0.0,-0.0,-0.0,-0.0,-0.8240000000000001,0.8112,1.7482000000000002,0.08299999999999974
79,"([0.1, 0.1, 0.1, 0.1, 0.1, 0.1, 0.1, 0.1, 0.1, 0.1], [6])","([0, 0, 0, 0, 0, 0, 0, 0, 1, 0], [8])",-0.0,-0.0,-0.0,-0.0,-0.0,-0.0,-0.986,-0.0,-0.0,-0.0,-0.986,0.8112,1.923,0.08299999999999974
80,"([0.1, 0.1, 0.1, 0.1, 0.1, 0.1, 0.1, 0.1, 0.1, 0.1], [8])","([0, 0, 0, 0, 0, 0, 0, 0, 1, 0], [8])",-0.0,-0.0,-0.0,-0.0,-0.0,-0.0,-0.0,-0.0,-0.0,-0.0,0.0,0.8112,1.1118000000000001,0.08299999999999974
81,"([0.1, 0.1, 0.1, 0.1, 0.1, 0.1, 0.1, 0.1, 0.1, 0.1], [0])","([0, 0, 0, 0, 0, 0, 0, 0, 1, 0], [8])",-0.9490000000000001,-0.0,-0.0,-0.0,-0.0,-0.0,-0.0,-0.0,-0.0,-0.0,-0.9490000000000001,0.8112,1.2496,0.08299999999999974
82,"([0.1, 0.1, 0.1, 0.1, 0.1, 0.1, 0.1, 0.1, 0.1, 0.1], [6])","([0, 0, 0, 0, 0, 0, 0, 0, 1, 0], [8])",-0.0,-0.0,-0.0,-0.0,-0.0,-0.0,-0.986,-0.0,-0.0,-0.0,-0.986,0.8112,1.4243999999999999,0.08299999999999974
83,"([0.1, 0.1, 0.1, 0.1, 0.1, 0.1, 0.1, 0.1, 0.1, 0.1], [2])","([0, 0, 0, 0, 0, 0, 0, 0, 1, 0], [8])",-0.0,-0.0,-0.8740000000000001,-0.0,-0.0,-0.0,-0.0,-0.0,-0.0,-0.0,-0.8740000000000001,0.8112,1.4872,0.08299999999999974
84,"([0.1, 0.1, 0.1, 0.1, 0.1, 0.1, 0.1, 0.1, 0.1, 0.1], [4])","([0, 0, 0, 0, 0, 0, 0, 0, 1, 0], [8])",-0.0,-0.0,-0.0,-0.0,-0.9620000000000001,-0.0,-0.0,-0.0,-0.0,-0.0,-0.9620000000000001,0.8112,1.6380000000000001,0.08299999999999974
85,"([0.1, 0.1, 0.1, 0.1, 0.1, 0.1, 0.1, 0.1, 0.1, 0.1], [9])","([0, 0, 0, 0, 0, 0, 0, 0, 1, 0], [8])",-0.0,-0.0,-0.0,-0.0,-0.0,-0.0,-0.0,-0.0,-0.0,-0.9,-0.9,0.8112,1.7268000000000001,0.08299999999999974
86,"([0.1, 0.1, 0.1, 0.1, 0.1, 0.1, 0.1, 0.1, 0.1, 0.1], [2])","([0, 0, 0, 0, 0, 0, 0, 0, 1, 0], [8])",-0.0,-0.0,-0.8740000000000001,-0.0,-0.0,-0.0,-0.0,-0.0,-0.0,-0.0,-0.8740000000000001,0.8112,1.7896,0.08299999999999974
87,"([0.1, 0.1, 0.1, 0.1, 0.1, 0.1, 0.1, 0.1, 0.1, 0.1], [5])","([0, 0, 0, 0, 0, 0, 0, 0, 1, 0], [8])",-0.0,-0.0,-0.0,-0.0,-0.0,-0.8959999999999999,-0.0,-0.0,-0.0,-0.0,-0.8959999999999999,0.8112,1.8744,0.08299999999999974
88,"([0.1, 0.1, 0.1, 0.1, 0.1, 0.1, 0.1, 0.1, 0.1, 0.1], [6])","([0, 0, 0, 0, 0, 0, 0, 0, 1, 0], [8])",-0.0,-0.0,-0.0,-0.0,-0.0,-0.0,-0.986,-0.0,-0.0,-0.0,-0.986,0.8112,2.0492,0.08299999999999974
89,"([0.1, 0.1, 0.1, 0.1, 0.1, 0.1, 0.1, 0.1, 0.1, 0.1], [5])","([0, 0, 0, 0, 0, 0, 0, 0, 1, 0], [8])",-0.0,-0.0,-0.0,-0.0,-0.0,-0.8959999999999999,-0.0,-0.0,-0.0,-0.0,-0.8959999999999999,0.8112,2.134,0.08299999999999974
90,"([0.1, 0.1, 0.1, 0.1, 0.1, 0.1, 0.1, 0.1, 0.1, 0.1], [1])","([0, 0, 0, 0, 0, 0, 0, 0, 1, 0], [8])",-0.0,-0.8240000000000001,-0.0,-0.0,-0.0,-0.0,-0.0,-0.0,-0.0,-0.0,-0.8240000000000001,0.8112,2.1468,0.08299999999999974
91,"([0.1, 0.1, 0.1, 0.1, 0.1, 0.1, 0.1, 0.1, 0.1, 0.1], [4])","([0, 0, 0, 0, 0, 0, 0, 0, 1, 0], [8])",-0.0,-0.0,-0.0,-0.0,-0.9620000000000001,-0.0,-0.0,-0.0,-0.0,-0.0,-0.9620000000000001,0.8112,2.2976,0.08299999999999974
92,"([0.1, 0.1, 0.1, 0.1, 0.1, 0.1, 0.1, 0.1, 0.1, 0.1], [3])","([0, 0, 0, 0, 0, 0, 0, 0, 1, 0], [8])",-0.0,-0.0,-0.0,-0.852,-0.0,-0.0,-0.0,-0.0,-0.0,-0.0,-0.852,0.8112,2.3384,0.08299999999999974
93,"([0.1, 0.1, 0.1, 0.1, 0.1, 0.1, 0.1, 0.1, 0.1, 0.1], [8])","([0, 0, 0, 0, 0, 0, 0, 0, 1, 0], [8])",-0.0,-0.0,-0.0,-0.0,-0.0,-0.0,-0.0,-0.0,-0.0,-0.0,0.0,0.8112,1.5272000000000001,0.08299999999999974
94,"([0.1, 0.1, 0.1, 0.1, 0.1, 0.1, 0.1, 0.1, 0.1, 0.1], [3])","([0, 0, 0, 0, 0, 0, 0, 0, 1, 0], [8])",-0.0,-0.0,-0.0,-0.852,-0.0,-0.0,-0.0,-0.0,-0.0,-0.0,-0.852,0.8112,1.568,0.08299999999999974
95,"([0.1, 0.1, 0.1, 0.1, 0.1, 0.1, 0.1, 0.1, 0.1, 0.1], [5])","([0, 0, 0, 0, 0, 0, 0, 0, 1, 0], [8])",-0.0,-0.0,-0.0,-0.0,-0.0,-0.8959999999999999,-0.0,-0.0,-0.0,-0.0,-0.8959999999999999,0.8112,1.6528,0.08299999999999974
96,"([0.1, 0.1, 0.1, 0.1, 0.1, 0.1, 0.1, 0.1, 0.1, 0.1], [1])","([0, 0, 0, 0, 0, 0, 0, 0, 1, 0], [8])",-0.0,-0.8240000000000001,-0.0,-0.0,-0.0,-0.0,-0.0,-0.0,-0.0,-0.0,-0.8240000000000001,0.8112,1.6656,0.08299999999999974
97,"([0.1, 0.1, 0.1, 0.1, 0.1, 0.1, 0.1, 0.1, 0.1, 0.1], [8])","([0, 0, 0, 0, 0, 0, 0, 0, 1, 0], [8])",-0.0,-0.0,-0.0,-0.0,-0.0,-0.0,-0.0,-0.0,-0.0,-0.0,0.0,0.8112,0.8543999999999999,0.08299999999999974
98,"([0.1, 0.1, 0.1, 0.1, 0.1, 0.1, 0.1, 0.1, 0.1, 0.1], [9])","([0, 0, 0, 0, 0, 0, 0, 0, 1, 0], [8])",-0.0,-0.0,-0.0,-0.0,-0.0,-0.0,-0.0,-0.0,-0.0,-0.9,-0.9,0.8112,0.9431999999999999,0.08299999999999974
99,"([0.1, 0.1, 0.1, 0.1, 0.1, 0.1, 0.1, 0.1, 0.1, 0.1], [1])","([0, 0, 0, 0, 0, 0, 0, 0, 1, 0], [8])",-0.0,-0.8240000000000001,-0.0,-0.0,-0.0,-0.0,-0.0,-0.0,-0.0,-0.0,-0.8240000000000001,0.8112,0.956,0.08299999999999974
100,"([0.1, 0.1, 0.1, 0.1, 0.1, 0.1, 0.1, 0.1, 0.1, 0.1], [2])","([0, 0, 0, 0, 0, 0, 0, 0, 1, 0], [8])",-0.0,-0.0,-0.8740000000000001,-0.0,-0.0,-0.0,-0.0,-0.0,-0.0,-0.0,-0.8740000000000001,0.8112,1.0188000000000001,0.08299999999999974
101,"([0.1, 0.1, 0.1, 0.1, 0.1, 0.1, 0.1, 0.1, 0.1, 0.1], [2])","([0, 0, 0, 0, 0, 0, 0, 0, 1, 0], [8])",-0.0,-0.0,-0.8740000000000001,-0.0,-0.0,-0.0,-0.0,-0.0,-0.0,-0.0,-0.8740000000000001,0.8112,1.0816000000000003,0.08299999999999974
102,"([0.1, 0.1, 0.1, 0.1, 0.1, 0.1, 0.1, 0.1, 0.1, 0.1], [4])","([0, 0, 0, 0, 0, 0, 0, 0, 1, 0], [8])",-0.0,-0.0,-0.0,-0.0,-0.9620000000000001,-0.0,-0.0,-0.0,-0.0,-0.0,-0.9620000000000001,0.8112,1.2324000000000004,0.08299999999999974
103,"([0.1, 0.1, 0.1, 0.1, 0.1, 0.1, 0.1, 0.1, 0.1, 0.1], [2])","([0, 0, 0, 0, 0, 0, 0, 0, 1, 0], [8])",-0.0,-0.0,-0.8740000000000001,-0.0,-0.0,-0.0,-0.0,-0.0,-0.0,-0.0,-0.8740000000000001,0.8112,1.2952000000000004,0.08299999999999974
104,"([0.1, 0.1, 0.1, 0.1, 0.1, 0.1, 0.1, 0.1, 0.1, 0.1], [4])","([0, 0, 0, 0, 0, 0, 0, 0, 1, 0], [8])",-0.0,-0.0,-0.0,-0.0,-0.9620000000000001,-0.0,-0.0,-0.0,-0.0,-0.0,-0.9620000000000001,0.8112,1.4460000000000004,0.08299999999999974
105,"([0.1, 0.1, 0.1, 0.1, 0.1, 0.1, 0.1, 0.1, 0.1, 0.1], [3])","([0, 0, 0, 0, 0, 0, 0, 0, 1, 0], [8])",-0.0,-0.0,-0.0,-0.852,-0.0,-0.0,-0.0,-0.0,-0.0,-0.0,-0.852,0.8112,1.4868000000000003,0.08299999999999974
106,"([0.1, 0.1, 0.1, 0.1, 0.1, 0.1, 0.1, 0.1, 0.1, 0.1], [7])","([0, 0, 0, 0, 0, 0, 0, 0, 1, 0], [8])",-0.0,-0.0,-0.0,-0.0,-0.0,-0.0,-0.0,-0.8690000000000001,-0.0,-0.0,-0.8690000000000001,0.8112,1.5446000000000004,0.08299999999999974
107,"([0.1, 0.1, 0.1, 0.1, 0.1, 0.1, 0.1, 0.1, 0.1, 0.1], [5])","([0, 0, 0, 0, 0, 0, 0, 0, 1, 0], [8])",-0.0,-0.0,-0.0,-0.0,-0.0,-0.8959999999999999,-0.0,-0.0,-0.0,-0.0,-0.8959999999999999,0.8112,1.6294000000000004,0.08299999999999974
108,"([0.1, 0.1, 0.1, 0.1, 0.1, 0.1, 0.1, 0.1, 0.1, 0.1], [2])","([0, 0, 0, 0, 0, 0, 0, 0, 1, 0], [8])",-0.0,-0.0,-0.8740000000000001,-0.0,-0.0,-0.0,-0.0,-0.0,-0.0,-0.0,-0.8740000000000001,0.8112,1.6922000000000006,0.08299999999999974
109,"([0.1, 0.1, 0.1, 0.1, 0.1, 0.1, 0.1, 0.1, 0.1, 0.1], [2])","([0, 0, 0, 0, 0, 0, 0, 0, 1, 0], [8])",-0.0,-0.0,-0.8740000000000001,-0.0,-0.0,-0.0,-0.0,-0.0,-0.0,-0.0,-0.8740000000000001,0.8112,1.7550000000000008,0.08299999999999974
110,"([0.1, 0.1, 0.1, 0.1, 0.1, 0.1, 0.1, 0.1, 0.1, 0.1], [3])","([0, 0, 0, 0, 0, 0, 0, 0, 1, 0], [8])",-0.0,-0.0,-0.0,-0.852,-0.0,-0.0,-0.0,-0.0,-0.0,-0.0,-0.852,0.8112,1.7958000000000007,0.08299999999999974
111,"([0.1, 0.1, 0.1, 0.1, 0.1, 0.1, 0.1, 0.1, 0.1, 0.1], [0])","([0, 0, 0, 0, 0, 0, 0, 0, 1, 0], [8])",-0.9490000000000001,-0.0,-0.0,-0.0,-0.0,-0.0,-0.0,-0.0,-0.0,-0.0,-0.9490000000000001,0.8112,1.9336000000000007,0.08299999999999974
112,"([0.1, 0.1, 0.1, 0.1, 0.1, 0.1, 0.1, 0.1, 0.1, 0.1], [3])","([0, 0, 0, 0, 0, 0, 0, 0, 1, 0], [8])",-0.0,-0.0,-0.0,-0.852,-0.0,-0.0,-0.0,-0.0,-0.0,-0.0,-0.852,0.8112,1.9744000000000006,0.08299999999999974
113,"([0.1, 0.1, 0.1, 0.1, 0.1, 0.1, 0.1, 0.1, 0.1, 0.1], [8])","([0, 0, 0, 0, 0, 0, 0, 0, 1, 0], [8])",-0.0,-0.0,-0.0,-0.0,-0.0,-0.0,-0.0,-0.0,-0.0,-0.0,0.0,0.8112,1.1632000000000007,0.08299999999999974
114,"([0.1, 0.1, 0.1, 0.1, 0.1, 0.1, 0.1, 0.1, 0.1, 0.1], [0])","([0, 0, 0, 0, 0, 0, 0, 0, 1, 0], [8])",-0.9490000000000001,-0.0,-0.0,-0.0,-0.0,-0.0,-0.0,-0.0,-0.0,-0.0,-0.9490000000000001,0.8112,1.3010000000000006,0.08299999999999974
115,"([0.1, 0.1, 0.1, 0.1, 0.1, 0.1, 0.1, 0.1, 0.1, 0.1], [8])","([0, 0, 0, 0, 0, 0, 0, 0, 1, 0], [8])",-0.0,-0.0,-0.0,-0.0,-0.0,-0.0,-0.0,-0.0,-0.0,-0.0,0.0,0.8112,0.48980000000000057,0.08299999999999974
116,"([0.1, 0.1, 0.1, 0.1, 0.1, 0.1, 0.1, 0.1, 0.1, 0.1], [2])","([0, 0, 0, 0, 0, 0, 0, 0, 1, 0], [8])",-0.0,-0.0,-0.8740000000000001,-0.0,-0.0,-0.0,-0.0,-0.0,-0.0,-0.0,-0.8740000000000001,0.8112,0.5526000000000006,0.08299999999999974
117,"([0.1, 0.1, 0.1, 0.1, 0.1, 0.1, 0.1, 0.1, 0.1, 0.1], [9])","([0, 0, 0, 0, 0, 0, 0, 0, 1, 0], [8])",-0.0,-0.0,-0.0,-0.0,-0.0,-0.0,-0.0,-0.0,-0.0,-0.9,-0.9,0.8112,0.6414000000000006,0.08299999999999974
118,"([0.1, 0.1, 0.1, 0.1, 0.1, 0.1, 0.1, 0.1, 0.1, 0.1], [4])","([0, 0, 0, 0, 0, 0, 0, 0, 1, 0], [8])",-0.0,-0.0,-0.0,-0.0,-0.9620000000000001,-0.0,-0.0,-0.0,-0.0,-0.0,-0.9620000000000001,0.8112,0.7922000000000007,0.08299999999999974
119,"([0.1, 0.1, 0.1, 0.1, 0.1, 0.1, 0.1, 0.1, 0.1, 0.1], [3])","([0, 0, 0, 0, 0, 0, 0, 0, 1, 0], [8])",-0.0,-0.0,-0.0,-0.852,-0.0,-0.0,-0.0,-0.0,-0.0,-0.0,-0.852,0.8112,0.8330000000000006,0.08299999999999974
120,"([0.1, 0.1, 0.1, 0.1, 0.1, 0.1, 0.1, 0.1, 0.1, 0.1], [4])","([0, 0, 0, 0, 0, 0, 0, 0, 1, 0], [8])",-0.0,-0.0,-0.0,-0.0,-0.9620000000000001,-0.0,-0.0,-0.0,-0.0,-0.0,-0.9620000000000001,0.8112,0.9838000000000007,0.08299999999999974
121,"([0.1, 0.1, 0.1, 0.1, 0.1, 0.1, 0.1, 0.1, 0.1, 0.1], [4])","([0, 0, 0, 0, 0, 0, 0, 0, 1, 0], [8])",-0.0,-0.0,-0.0,-0.0,-0.9620000000000001,-0.0,-0.0,-0.0,-0.0,-0.0,-0.9620000000000001,0.8112,1.1346000000000007,0.08299999999999974
122,"([0.1, 0.1, 0.1, 0.1, 0.1, 0.1, 0.1, 0.1, 0.1, 0.1], [6])","([0, 0, 0, 0, 0, 0, 0, 0, 1, 0], [8])",-0.0,-0.0,-0.0,-0.0,-0.0,-0.0,-0.986,-0.0,-0.0,-0.0,-0.986,0.8112,1.3094000000000006,0.08299999999999974
123,"([0.1, 0.1, 0.1, 0.1, 0.1, 0.1, 0.1, 0.1, 0.1, 0.1], [1])","([0, 0, 0, 0, 0, 0, 0, 0, 1, 0], [8])",-0.0,-0.8240000000000001,-0.0,-0.0,-0.0,-0.0,-0.0,-0.0,-0.0,-0.0,-0.8240000000000001,0.8112,1.3222000000000005,0.08299999999999974
124,"([0.1, 0.1, 0.1, 0.1, 0.1, 0.1, 0.1, 0.1, 0.1, 0.1], [6])","([0, 0, 0, 0, 0, 0, 0, 0, 1, 0], [8])",-0.0,-0.0,-0.0,-0.0,-0.0,-0.0,-0.986,-0.0,-0.0,-0.0,-0.986,0.8112,1.4970000000000003,0.08299999999999974
125,"([0.1, 0.1, 0.1, 0.1, 0.1, 0.1, 0.1, 0.1, 0.1, 0.1], [9])","([0, 0, 0, 0, 0, 0, 0, 0, 1, 0], [8])",-0.0,-0.0,-0.0,-0.0,-0.0,-0.0,-0.0,-0.0,-0.0,-0.9,-0.9,0.8112,1.5858000000000003,0.08299999999999974
126,"([0.1, 0.1, 0.1, 0.1, 0.1, 0.1, 0.1, 0.1, 0.1, 0.1], [1])","([0, 0, 0, 0, 0, 0, 0, 0, 1, 0], [8])",-0.0,-0.8240000000000001,-0.0,-0.0,-0.0,-0.0,-0.0,-0.0,-0.0,-0.0,-0.8240000000000001,0.8112,1.5986000000000002,0.08299999999999974
127,"([0.1, 0.1, 0.1, 0.1, 0.1, 0.1, 0.1, 0.1, 0.1, 0.1], [6])","([0, 0, 0, 0, 0, 0, 0, 0, 1, 0], [8])",-0.0,-0.0,-0.0,-0.0,-0.0,-0.0,-0.986,-0.0,-0.0,-0.0,-0.986,0.8112,1.7734,0.08299999999999974
128,"([0.1, 0.1, 0.1, 0.1, 0.1, 0.1, 0.1, 0.1, 0.1, 0.1], [5])","([0, 0, 0, 0, 0, 0, 0, 0, 1, 0], [8])",-0.0,-0.0,-0.0,-0.0,-0.0,-0.8959999999999999,-0.0,-0.0,-0.0,-0.0,-0.8959999999999999,0.8112,1.8582,0.08299999999999974
129,"([0.1, 0.1, 0.1, 0.1, 0.1, 0.1, 0.1, 0.1, 0.1, 0.1], [2])","([0, 0, 0, 0, 0, 0, 0, 0, 1, 0], [8])",-0.0,-0.0,-0.8740000000000001,-0.0,-0.0,-0.0,-0.0,-0.0,-0.0,-0.0,-0.8740000000000001,0.8112,1.9210000000000003,0.08299999999999974
130,"([0.1, 0.1, 0.1, 0.1, 0.1, 0.1, 0.1, 0.1, 0.1, 0.1], [4])","([0, 0, 0, 0, 0, 0, 0, 0, 1, 0], [8])",-0.0,-0.0,-0.0,-0.0,-0.9620000000000001,-0.0,-0.0,-0.0,-0.0,-0.0,-0.9620000000000001,0.8112,2.0718000000000005,0.08299999999999974
131,"([0.1, 0.1, 0.1, 0.1, 0.1, 0.1, 0.1, 0.1, 0.1, 0.1], [0])","([0, 0, 0, 0, 0, 0, 0, 0, 1, 0], [8])",-0.9490000000000001,-0.0,-0.0,-0.0,-0.0,-0.0,-0.0,-0.0,-0.0,-0.0,-0.9490000000000001,0.8112,2.2096000000000005,0.08299999999999974
132,"([0.1, 0.1, 0.1, 0.1, 0.1, 0.1, 0.1, 0.1, 0.1, 0.1], [3])","([0, 0, 0, 0, 0, 0, 0, 0, 1, 0], [8])",-0.0,-0.0,-0.0,-0.852,-0.0,-0.0,-0.0,-0.0,-0.0,-0.0,-0.852,0.8112,2.2504000000000004,0.08299999999999974
133,"([0.1, 0.1, 0.1, 0.1, 0.1, 0.1, 0.1, 0.1, 0.1, 0.1], [8])","([0, 0, 0, 0, 0, 0, 0, 0, 1, 0], [8])",-0.0,-0.0,-0.0,-0.0,-0.0,-0.0,-0.0,-0.0,-0.0,-0.0,0.0,0.8112,1.4392000000000005,0.08299999999999974
134,"([0.1, 0.1, 0.1, 0.1, 0.1, 0.1, 0.1, 0.1, 0.1, 0.1], [9])","([0, 0, 0, 0, 0, 0, 0, 0, 1, 0], [8])",-0.0,-0.0,-0.0,-0.0,-0.0,-0.0,-0.0,-0.0,-0.0,-0.9,-0.9,0.8112,1.5280000000000005,0.08299999999999974
135,"([0.1, 0.1, 0.1, 0.1, 0.1, 0.1, 0.1, 0.1, 0.1, 0.1], [4])","([0, 0, 0, 0, 0, 0, 0, 0, 1, 0], [8])",-0.0,-0.0,-0.0,-0.0,-0.9620000000000001,-0.0,-0.0,-0.0,-0.0,-0.0,-0.9620000000000001,0.8112,1.6788000000000005,0.08299999999999974
136,"([0.1, 0.1, 0.1, 0.1, 0.1, 0.1, 0.1, 0.1, 0.1, 0.1], [1])","([0, 0, 0, 0, 0, 0, 0, 0, 1, 0], [8])",-0.0,-0.8240000000000001,-0.0,-0.0,-0.0,-0.0,-0.0,-0.0,-0.0,-0.0,-0.8240000000000001,0.8112,1.6916000000000007,0.08299999999999974
137,"([0.1, 0.1, 0.1, 0.1, 0.1, 0.1, 0.1, 0.1, 0.1, 0.1], [5])","([0, 0, 0, 0, 0, 0, 0, 0, 1, 0], [8])",-0.0,-0.0,-0.0,-0.0,-0.0,-0.8959999999999999,-0.0,-0.0,-0.0,-0.0,-0.8959999999999999,0.8112,1.7764000000000006,0.08299999999999974
138,"([0.1, 0.1, 0.1, 0.1, 0.1, 0.1, 0.1, 0.1, 0.1, 0.1], [4])","([0, 0, 0, 0, 0, 0, 0, 0, 1, 0], [8])",-0.0,-0.0,-0.0,-0.0,-0.9620000000000001,-0.0,-0.0,-0.0,-0.0,-0.0,-0.9620000000000001,0.8112,1.9272000000000007,0.08299999999999974
139,"([0.1, 0.1, 0.1, 0.1, 0.1, 0.1, 0.1, 0.1, 0.1, 0.1], [1])","([0, 0, 0, 0, 0, 0, 0, 0, 1, 0], [8])",-0.0,-0.8240000000000001,-0.0,-0.0,-0.0,-0.0,-0.0,-0.0,-0.0,-0.0,-0.8240000000000001,0.8112,1.9400000000000008,0.08299999999999974
140,"([0.1, 0.1, 0.1, 0.1, 0.1, 0.1, 0.1, 0.1, 0.1, 0.1], [8])","([0, 0, 0, 0, 0, 0, 0, 0, 1, 0], [8])",-0.0,-0.0,-0.0,-0.0,-0.0,-0.0,-0.0,-0.0,-0.0,-0.0,0.0,0.8112,1.128800000000001,0.08299999999999974
141,"([0.1, 0.1, 0.1, 0.1, 0.1, 0.1, 0.1, 0.1, 0.1, 0.1], [6])","([0, 0, 0, 0, 0, 0, 0, 0, 1, 0], [8])",-0.0,-0.0,-0.0,-0.0,-0.0,-0.0,-0.986,-0.0,-0.0,-0.0,-0.986,0.8112,1.3036000000000008,0.08299999999999974
142,"([0.1, 0.1, 0.1, 0.1, 0.1, 0.1, 0.1, 0.1, 0.1, 0.1], [7])","([0, 0, 0, 0, 0, 0, 0, 0, 1, 0], [8])",-0.0,-0.0,-0.0,-0.0,-0.0,-0.0,-0.0,-0.8690000000000001,-0.0,-0.0,-0.8690000000000001,0.8112,1.3614000000000008,0.08299999999999974
143,"([0.1, 0.1, 0.1, 0.1, 0.1, 0.1, 0.1, 0.1, 0.1, 0.1], [2])","([0, 0, 0, 0, 0, 0, 0, 0, 1, 0], [8])",-0.0,-0.0,-0.8740000000000001,-0.0,-0.0,-0.0,-0.0,-0.0,-0.0,-0.0,-0.8740000000000001,0.8112,1.4242000000000008,0.08299999999999974
144,"([0.1, 0.1, 0.1, 0.1, 0.1, 0.1, 0.1, 0.1, 0.1, 0.1], [0])","([0, 0, 0, 0, 0, 0, 0, 0, 1, 0], [8])",-0.9490000000000001,-0.0,-0.0,-0.0,-0.0,-0.0,-0.0,-0.0,-0.0,-0.0,-0.9490000000000001,0.8112,1.5620000000000007,0.08299999999999974
145,"([0.1, 0.1, 0.1, 0.1, 0.1, 0.1, 0.1, 0.1, 0.1, 0.1], [9])","([0, 0, 0, 0, 0, 0, 0, 0, 1, 0], [8])",-0.0,-0.0,-0.0,-0.0,-0.0,-0.0,-0.0,-0.0,-0.0,-0.9,-0.9,0.8112,1.6508000000000007,0.08299999999999974
146,"([0.1, 0.1, 0.1, 0.1, 0.1, 0.1, 0.1, 0.1, 0.1, 0.1], [1])","([0, 0, 0, 0, 0, 0, 0, 0, 1, 0], [8])",-0.0,-0.8240000000000001,-0.0,-0.0,-0.0,-0.0,-0.0,-0.0,-0.0,-0.0,-0.8240000000000001,0.8112,1.6636000000000006,0.08299999999999974
147,"([0.1, 0.1, 0.1, 0.1, 0.1, 0.1, 0.1, 0.1, 0.1, 0.1], [5])","([0, 0, 0, 0, 0, 0, 0, 0, 1, 0], [8])",-0.0,-0.0,-0.0,-0.0,-0.0,-0.8959999999999999,-0.0,-0.0,-0.0,-0.0,-0.8959999999999999,0.8112,1.7484000000000006,0.08299999999999974
148,"([0.1, 0.1, 0.1, 0.1, 0.1, 0.1, 0.1, 0.1, 0.1, 0.1], [1])","([0, 0, 0, 0, 0, 0, 0, 0, 1, 0], [8])",-0.0,-0.8240000000000001,-0.0,-0.0,-0.0,-0.0,-0.0,-0.0,-0.0,-0.0,-0.8240000000000001,0.8112,1.7612000000000005,0.08299999999999974
149,"([0.1, 0.1, 0.1, 0.1, 0.1, 0.1, 0.1, 0.1, 0.1, 0.1], [1])","([0, 0, 0, 0, 0, 0, 0, 0, 1, 0], [8])",-0.0,-0.8240000000000001,-0.0,-0.0,-0.0,-0.0,-0.0,-0.0,-0.0,-0.0,-0.8240000000000001,0.8112,1.7740000000000005,0.08299999999999974
150,"([0.1, 0.1, 0.1, 0.1, 0.1, 0.1, 0.1, 0.1, 0.1, 0.1], [2])","([0, 0, 0, 0, 0, 0, 0, 0, 1, 0], [8])",-0.0,-0.0,-0.8740000000000001,-0.0,-0.0,-0.0,-0.0,-0.0,-0.0,-0.0,-0.8740000000000001,0.8112,1.8368000000000007,0.08299999999999974
151,"([0.1, 0.1, 0.1, 0.1, 0.1, 0.1, 0.1, 0.1, 0.1, 0.1], [6])","([0, 0, 0, 0, 0, 0, 0, 0, 1, 0], [8])",-0.0,-0.0,-0.0,-0.0,-0.0,-0.0,-0.986,-0.0,-0.0,-0.0,-0.986,0.8112,2.0116000000000005,0.08299999999999974
152,"([0.1, 0.1, 0.1, 0.1, 0.1, 0.1, 0.1, 0.1, 0.1, 0.1], [1])","([0, 0, 0, 0, 0, 0, 0, 0, 1, 0], [8])",-0.0,-0.8240000000000001,-0.0,-0.0,-0.0,-0.0,-0.0,-0.0,-0.0,-0.0,-0.8240000000000001,0.8112,2.0244000000000004,0.08299999999999974
153,"([0.1, 0.1, 0.1, 0.1, 0.1, 0.1, 0.1, 0.1, 0.1, 0.1], [7])","([0, 0, 0, 0, 0, 0, 0, 0, 1, 0], [8])",-0.0,-0.0,-0.0,-0.0,-0.0,-0.0,-0.0,-0.8690000000000001,-0.0,-0.0,-0.8690000000000001,0.8112,2.0822000000000003,0.08299999999999974
154,"([0.1, 0.1, 0.1, 0.1, 0.1, 0.1, 0.1, 0.1, 0.1, 0.1], [3])","([0, 0, 0, 0, 0, 0, 0, 0, 1, 0], [8])",-0.0,-0.0,-0.0,-0.852,-0.0,-0.0,-0.0,-0.0,-0.0,-0.0,-0.852,0.8112,2.123,0.08299999999999974
155,"([0.1, 0.1, 0.1, 0.1, 0.1, 0.1, 0.1, 0.1, 0.1, 0.1], [8])","([0, 0, 0, 0, 0, 0, 0, 0, 1, 0], [8])",-0.0,-0.0,-0.0,-0.0,-0.0,-0.0,-0.0,-0.0,-0.0,-0.0,0.0,0.8112,1.3118000000000003,0.08299999999999974
156,"([0.1, 0.1, 0.1, 0.1, 0.1, 0.1, 0.1, 0.1, 0.1, 0.1], [6])","([0, 0, 0, 0, 0, 0, 0, 0, 1, 0], [8])",-0.0,-0.0,-0.0,-0.0,-0.0,-0.0,-0.986,-0.0,-0.0,-0.0,-0.986,0.8112,1.4866000000000001,0.08299999999999974
157,"([0.1, 0.1, 0.1, 0.1, 0.1, 0.1, 0.1, 0.1, 0.1, 0.1], [7])","([0, 0, 0, 0, 0, 0, 0, 0, 1, 0], [8])",-0.0,-0.0,-0.0,-0.0,-0.0,-0.0,-0.0,-0.8690000000000001,-0.0,-0.0,-0.8690000000000001,0.8112,1.5444000000000002,0.08299999999999974
158,"([0.1, 0.1, 0.1, 0.1, 0.1, 0.1, 0.1, 0.1, 0.1, 0.1], [6])","([0, 0, 0, 0, 0, 0, 0, 0, 1, 0], [8])",-0.0,-0.0,-0.0,-0.0,-0.0,-0.0,-0.986,-0.0,-0.0,-0.0,-0.986,0.8112,1.7192000000000003,0.08299999999999974
159,"([0.1, 0.1, 0.1, 0.1, 0.1, 0.1, 0.1, 0.1, 0.1, 0.1], [6])","([0, 0, 0, 0, 0, 0, 0, 0, 1, 0], [8])",-0.0,-0.0,-0.0,-0.0,-0.0,-0.0,-0.986,-0.0,-0.0,-0.0,-0.986,0.8112,1.8940000000000001,0.08299999999999974
160,"([0.1, 0.1, 0.1, 0.1, 0.1, 0.1, 0.1, 0.1, 0.1, 0.1], [6])","([0, 0, 0, 0, 0, 0, 0, 0, 1, 0], [8])",-0.0,-0.0,-0.0,-0.0,-0.0,-0.0,-0.986,-0.0,-0.0,-0.0,-0.986,0.8112,2.0688,0.08299999999999974
161,"([0.1, 0.1, 0.1, 0.1, 0.1, 0.1, 0.1, 0.1, 0.1, 0.1], [3])","([0, 0, 0, 0, 0, 0, 0, 0, 1, 0], [8])",-0.0,-0.0,-0.0,-0.852,-0.0,-0.0,-0.0,-0.0,-0.0,-0.0,-0.852,0.8112,2.1096,0.08299999999999974
162,"([0.1, 0.1, 0.1, 0.1, 0.1, 0.1, 0.1, 0.1, 0.1, 0.1], [9])","([0, 0, 0, 0, 0, 0, 0, 0, 1, 0], [8])",-0.0,-0.0,-0.0,-0.0,-0.0,-0.0,-0.0,-0.0,-0.0,-0.9,-0.9,0.8112,2.1984,0.08299999999999974
163,"([0.1, 0.1, 0.1, 0.1, 0.1, 0.1, 0.1, 0.1, 0.1, 0.1], [8])","([0, 0, 0, 0, 0, 0, 0, 0, 1, 0], [8])",-0.0,-0.0,-0.0,-0.0,-0.0,-0.0,-0.0,-0.0,-0.0,-0.0,0.0,0.8112,1.3872,0.08299999999999974
164,"([0.1, 0.1, 0.1, 0.1, 0.1, 0.1, 0.1, 0.1, 0.1, 0.1], [0])","([0, 0, 0, 0, 0, 0, 0, 0, 1, 0], [8])",-0.9490000000000001,-0.0,-0.0,-0.0,-0.0,-0.0,-0.0,-0.0,-0.0,-0.0,-0.9490000000000001,0.8112,1.525,0.08299999999999974
165,"([0.1, 0.1, 0.1, 0.1, 0.1, 0.1, 0.1, 0.1, 0.1, 0.1], [7])","([0, 0, 0, 0, 0, 0, 0, 0, 1, 0], [8])",-0.0,-0.0,-0.0,-0.0,-0.0,-0.0,-0.0,-0.8690000000000001,-0.0,-0.0,-0.8690000000000001,0.8112,1.5828,0.08299999999999974
166,"([0.1, 0.1, 0.1, 0.1, 0.1, 0.1, 0.1, 0.1, 0.1, 0.1], [4])","([0, 0, 0, 0, 0, 0, 0, 0, 1, 0], [8])",-0.0,-0.0,-0.0,-0.0,-0.9620000000000001,-0.0,-0.0,-0.0,-0.0,-0.0,-0.9620000000000001,0.8112,1.7336,0.08299999999999974
167,"([0.1, 0.1, 0.1, 0.1, 0.1, 0.1, 0.1, 0.1, 0.1, 0.1], [0])","([0, 0, 0, 0, 0, 0, 0, 0, 1, 0], [8])",-0.9490000000000001,-0.0,-0.0,-0.0,-0.0,-0.0,-0.0,-0.0,-0.0,-0.0,-0.9490000000000001,0.8112,1.8714,0.08299999999999974
168,"([0.1, 0.1, 0.1, 0.1, 0.1, 0.1, 0.1, 0.1, 0.1, 0.1], [1])","([0, 0, 0, 0, 0, 0, 0, 0, 1, 0], [8])",-0.0,-0.8240000000000001,-0.0,-0.0,-0.0,-0.0,-0.0,-0.0,-0.0,-0.0,-0.8240000000000001,0.8112,1.8841999999999999,0.08299999999999974
169,"([0.1, 0.1, 0.1, 0.1, 0.1, 0.1, 0.1, 0.1, 0.1, 0.1], [8])","([0, 0, 0, 0, 0, 0, 0, 0, 1, 0], [8])",-0.0,-0.0,-0.0,-0.0,-0.0,-0.0,-0.0,-0.0,-0.0,-0.0,0.0,0.8112,1.073,0.08299999999999974
170,"([0.1, 0.1, 0.1, 0.1, 0.1, 0.1, 0.1, 0.1, 0.1, 0.1], [2])","([0, 0, 0, 0, 0, 0, 0, 0, 1, 0], [8])",-0.0,-0.0,-0.8740000000000001,-0.0,-0.0,-0.0,-0.0,-0.0,-0.0,-0.0,-0.8740000000000001,0.8112,1.1358000000000001,0.08299999999999974
171,"([0.1, 0.1, 0.1, 0.1, 0.1, 0.1, 0.1, 0.1, 0.1, 0.1], [5])","([0, 0, 0, 0, 0, 0, 0, 0, 1, 0], [8])",-0.0,-0.0,-0.0,-0.0,-0.0,-0.8959999999999999,-0.0,-0.0,-0.0,-0.0,-0.8959999999999999,0.8112,1.2206000000000001,0.08299999999999974
172,"([0.1, 0.1, 0.1, 0.1, 0.1, 0.1, 0.1, 0.1, 0.1, 0.1], [0])","([0, 0, 0, 0, 0, 0, 0, 0, 1, 0], [8])",-0.9490000000000001,-0.0,-0.0,-0.0,-0.0,-0.0,-0.0,-0.0,-0.0,-0.0,-0.9490000000000001,0.8112,1.3584,0.08299999999999974
173,"([0.1, 0.1, 0.1, 0.1, 0.1, 0.1, 0.1, 0.1, 0.1, 0.1], [0])","([0, 0, 0, 0, 0, 0, 0, 0, 1, 0], [8])",-0.9490000000000001,-0.0,-0.0,-0.0,-0.0,-0.0,-0.0,-0.0,-0.0,-0.0,-0.9490000000000001,0.8112,1.4962,0.08299999999999974
174,"([0.1, 0.1, 0.1, 0.1, 0.1, 0.1, 0.1, 0.1, 0.1, 0.1], [7])","([0, 0, 0, 0, 0, 0, 0, 0, 1, 0], [8])",-0.0,-0.0,-0.0,-0.0,-0.0,-0.0,-0.0,-0.8690000000000001,-0.0,-0.0,-0.8690000000000001,0.8112,1.554,0.08299999999999974
175,"([0.1, 0.1, 0.1, 0.1, 0.1, 0.1, 0.1, 0.1, 0.1, 0.1], [8])","([0, 0, 0, 0, 0, 0, 0, 0, 1, 0], [8])",-0.0,-0.0,-0.0,-0.0,-0.0,-0.0,-0.0,-0.0,-0.0,-0.0,0.0,0.8112,0.7428,0.08299999999999974
176,"([0.1, 0.1, 0.1, 0.1, 0.1, 0.1, 0.1, 0.1, 0.1, 0.1], [0])","([0, 0, 0, 0, 0, 0, 0, 0, 1, 0], [8])",-0.9490000000000001,-0.0,-0.0,-0.0,-0.0,-0.0,-0.0,-0.0,-0.0,-0.0,-0.9490000000000001,0.8112,0.8806,0.08299999999999974
177,"([0.1, 0.1, 0.1, 0.1, 0.1, 0.1, 0.1, 0.1, 0.1, 0.1], [0])","([0, 0, 0, 0, 0, 0, 0, 0, 1, 0], [8])",-0.9490000000000001,-0.0,-0.0,-0.0,-0.0,-0.0,-0.0,-0.0,-0.0,-0.0,-0.9490000000000001,0.8112,1.0184000000000002,0.08299999999999974
178,"([0.1, 0.1, 0.1, 0.1, 0.1, 0.1, 0.1, 0.1, 0.1, 0.1], [4])","([0, 0, 0, 0, 0, 0, 0, 0, 1, 0], [8])",-0.0,-0.0,-0.0,-0.0,-0.9620000000000001,-0.0,-0.0,-0.0,-0.0,-0.0,-0.9620000000000001,0.8112,1.1692000000000002,0.08299999999999974
179,"([0.1, 0.1, 0.1, 0.1, 0.1, 0.1, 0.1, 0.1, 0.1, 0.1], [5])","([0, 0, 0, 0, 0, 0, 0, 0, 1, 0], [8])",-0.0,-0.0,-0.0,-0.0,-0.0,-0.8959999999999999,-0.0,-0.0,-0.0,-0.0,-0.8959999999999999,0.8112,1.254,0.08299999999999974
180,"([0.1, 0.1, 0.1, 0.1, 0.1, 0.1, 0.1, 0.1, 0.1, 0.1], [3])","([0, 0, 0, 0, 0, 0, 0, 0, 1, 0], [8])",-0.0,-0.0,-0.0,-0.852,-0.0,-0.0,-0.0,-0.0,-0.0,-0.0,-0.852,0.8112,1.2948,0.08299999999999974
181,"([0.1, 0.1, 0.1, 0.1, 0.1, 0.1, 0.1, 0.1, 0.1, 0.1], [6])","([0, 0, 0, 0, 0, 0, 0, 0, 1, 0], [8])",-0.0,-0.0,-0.0,-0.0,-0.0,-0.0,-0.986,-0.0,-0.0,-0.0,-0.986,0.8112,1.4695999999999998,0.08299999999999974
182,"([0.1, 0.1, 0.1, 0.1, 0.1, 0.1, 0.1, 0.1, 0.1, 0.1], [7])","([0, 0, 0, 0, 0, 0, 0, 0, 1, 0], [8])",-0.0,-0.0,-0.0,-0.0,-0.0,-0.0,-0.0,-0.8690000000000001,-0.0,-0.0,-0.8690000000000001,0.8112,1.5273999999999999,0.08299999999999974
183,"([0.1, 0.1, 0.1, 0.1, 0.1, 0.1, 0.1, 0.1, 0.1, 0.1], [0])","([0, 0, 0, 0, 0, 0, 0, 0, 1, 0], [8])",-0.9490000000000001,-0.0,-0.0,-0.0,-0.0,-0.0,-0.0,-0.0,-0.0,-0.0,-0.9490000000000001,0.8112,1.6652,0.08299999999999974
184,"([0.1, 0.1, 0.1, 0.1, 0.1, 0.1, 0.1, 0.1, 0.1, 0.1], [0])","([0, 0, 0, 0, 0, 0, 0, 0, 1, 0], [8])",-0.9490000000000001,-0.0,-0.0,-0.0,-0.0,-0.0,-0.0,-0.0,-0.0,-0.0,-0.9490000000000001,0.8112,1.803,0.08299999999999974
185,"([0.1, 0.1, 0.1, 0.1, 0.1, 0.1, 0.1, 0.1, 0.1, 0.1], [5])","([0, 0, 0, 0, 0, 0, 0, 0, 1, 0], [8])",-0.0,-0.0,-0.0,-0.0,-0.0,-0.8959999999999999,-0.0,-0.0,-0.0,-0.0,-0.8959999999999999,0.8112,1.8878,0.08299999999999974
186,"([0.1, 0.1, 0.1, 0.1, 0.1, 0.1, 0.1, 0.1, 0.1, 0.1], [6])","([0, 0, 0, 0, 0, 0, 0, 0, 1, 0], [8])",-0.0,-0.0,-0.0,-0.0,-0.0,-0.0,-0.986,-0.0,-0.0,-0.0,-0.986,0.8112,2.0625999999999998,0.08299999999999974
187,"([0.1, 0.1, 0.1, 0.1, 0.1, 0.1, 0.1, 0.1, 0.1, 0.1], [3])","([0, 0, 0, 0, 0, 0, 0, 0, 1, 0], [8])",-0.0,-0.0,-0.0,-0.852,-0.0,-0.0,-0.0,-0.0,-0.0,-0.0,-0.852,0.8112,2.1033999999999997,0.08299999999999974
188,"([0.1, 0.1, 0.1, 0.1, 0.1, 0.1, 0.1, 0.1, 0.1, 0.1], [4])","([0, 0, 0, 0, 0, 0, 0, 0, 1, 0], [8])",-0.0,-0.0,-0.0,-0.0,-0.9620000000000001,-0.0,-0.0,-0.0,-0.0,-0.0,-0.9620000000000001,0.8112,2.2542,0.08299999999999974
189,"([0.1, 0.1, 0.1, 0.1, 0.1, 0.1, 0.1, 0.1, 0.1, 0.1], [4])","([0, 0, 0, 0, 0, 0, 0, 0, 1, 0], [8])",-0.0,-0.0,-0.0,-0.0,-0.9620000000000001,-0.0,-0.0,-0.0,-0.0,-0.0,-0.9620000000000001,0.8112,2.4050000000000002,0.08299999999999974
190,"([0.1, 0.1, 0.1, 0.1, 0.1, 0.1, 0.1, 0.1, 0.1, 0.1], [7])","([0, 0, 0, 0, 0, 0, 0, 0, 1, 0], [8])",-0.0,-0.0,-0.0,-0.0,-0.0,-0.0,-0.0,-0.8690000000000001,-0.0,-0.0,-0.8690000000000001,0.8112,2.4628000000000005,0.08299999999999974
191,"([0.1, 0.1, 0.1, 0.1, 0.1, 0.1, 0.1, 0.1, 0.1, 0.1], [6])","([0, 0, 0, 0, 0, 0, 0, 0, 1, 0], [8])",-0.0,-0.0,-0.0,-0.0,-0.0,-0.0,-0.986,-0.0,-0.0,-0.0,-0.986,0.8112,2.6376000000000004,0.08299999999999974
192,"([0.1, 0.1, 0.1, 0.1, 0.1, 0.1, 0.1, 0.1, 0.1, 0.1], [2])","([0, 0, 0, 0, 0, 0, 0, 0, 1, 0], [8])",-0.0,-0.0,-0.8740000000000001,-0.0,-0.0,-0.0,-0.0,-0.0,-0.0,-0.0,-0.8740000000000001,0.8112,2.7004000000000006,0.08299999999999974
193,"([0.1, 0.1, 0.1, 0.1, 0.1, 0.1, 0.1, 0.1, 0.1, 0.1], [9])","([0, 0, 0, 0, 0, 0, 0, 0, 1, 0], [8])",-0.0,-0.0,-0.0,-0.0,-0.0,-0.0,-0.0,-0.0,-0.0,-0.9,-0.9,0.8112,2.7892000000000006,0.08299999999999974
194,"([0.1, 0.1, 0.1, 0.1, 0.1, 0.1, 0.1, 0.1, 0.1, 0.1], [1])","([0, 0, 0, 0, 0, 0, 0, 0, 1, 0], [8])",-0.0,-0.8240000000000001,-0.0,-0.0,-0.0,-0.0,-0.0,-0.0,-0.0,-0.0,-0.8240000000000001,0.8112,2.8020000000000005,0.08299999999999974
195,"([0.1, 0.1, 0.1, 0.1, 0.1, 0.1, 0.1, 0.1, 0.1, 0.1], [3])","([0, 0, 0, 0, 0, 0, 0, 0, 1, 0], [8])",-0.0,-0.0,-0.0,-0.852,-0.0,-0.0,-0.0,-0.0,-0.0,-0.0,-0.852,0.8112,2.8428000000000004,0.08299999999999974
196,"([0.1, 0.1, 0.1, 0.1, 0.1, 0.1, 0.1, 0.1, 0.1, 0.1], [3])","([0, 0, 0, 0, 0, 0, 0, 0, 1, 0], [8])",-0.0,-0.0,-0.0,-0.852,-0.0,-0.0,-0.0,-0.0,-0.0,-0.0,-0.852,0.8112,2.8836000000000004,0.08299999999999974
197,"([0.1, 0.1, 0.1, 0.1, 0.1, 0.1, 0.1, 0.1, 0.1, 0.1], [4])","([0, 0, 0, 0, 0, 0, 0, 0, 1, 0], [8])",-0.0,-0.0,-0.0,-0.0,-0.9620000000000001,-0.0,-0.0,-0.0,-0.0,-0.0,-0.9620000000000001,0.8112,3.0344000000000007,0.08299999999999974
198,"([0.1, 0.1, 0.1, 0.1, 0.1, 0.1, 0.1, 0.1, 0.1, 0.1], [3])","([0, 0, 0, 0, 0, 0, 0, 0, 1, 0], [8])",-0.0,-0.0,-0.0,-0.852,-0.0,-0.0,-0.0,-0.0,-0.0,-0.0,-0.852,0.8112,3.0752000000000006,0.08299999999999974
199,"([0.1, 0.1, 0.1, 0.1, 0.1, 0.1, 0.1, 0.1, 0.1, 0.1], [3])","([0, 0, 0, 0, 0, 0, 0, 0, 1, 0], [8])",-0.0,-0.0,-0.0,-0.852,-0.0,-0.0,-0.0,-0.0,-0.0,-0.0,-0.852,0.8112,3.1160000000000005,0.08299999999999974
200,"([0.1, 0.1, 0.1, 0.1, 0.1, 0.1, 0.1, 0.1, 0.1, 0.1], [5])","([0, 0, 0, 0, 0, 0, 0, 0, 1, 0], [8])",-0.0,-0.0,-0.0,-0.0,-0.0,-0.8959999999999999,-0.0,-0.0,-0.0,-0.0,-0.8959999999999999,0.8112,3.2008000000000005,0.08299999999999974
201,"([0.1, 0.1, 0.1, 0.1, 0.1, 0.1, 0.1, 0.1, 0.1, 0.1], [0])","([0, 0, 0, 0, 0, 0, 0, 0, 1, 0], [8])",-0.9490000000000001,-0.0,-0.0,-0.0,-0.0,-0.0,-0.0,-0.0,-0.0,-0.0,-0.9490000000000001,0.8112,3.3386000000000005,0.08299999999999974
202,"([0.1, 0.1, 0.1, 0.1, 0.1, 0.1, 0.1, 0.1, 0.1, 0.1], [5])","([0, 0, 0, 0, 0, 0, 0, 0, 1, 0], [8])",-0.0,-0.0,-0.0,-0.0,-0.0,-0.8959999999999999,-0.0,-0.0,-0.0,-0.0,-0.8959999999999999,0.8112,3.4234000000000004,0.08299999999999974
203,"([0.1, 0.1, 0.1, 0.1, 0.1, 0.1, 0.1, 0.1, 0.1, 0.1], [7])","([0, 0, 0, 0, 0, 0, 0, 0, 1, 0], [8])",-0.0,-0.0,-0.0,-0.0,-0.0,-0.0,-0.0,-0.8690000000000001,-0.0,-0.0,-0.8690000000000001,0.8112,3.4812000000000003,0.08299999999999974
204,"([0.1, 0.1, 0.1, 0.1, 0.1, 0.1, 0.1, 0.1, 0.1, 0.1], [4])","([0, 0, 0, 0, 0, 0, 0, 0, 1, 0], [8])",-0.0,-0.0,-0.0,-0.0,-0.9620000000000001,-0.0,-0.0,-0.0,-0.0,-0.0,-0.9620000000000001,0.8112,3.6320000000000006,0.08299999999999974
205,"([0.1, 0.1, 0.1, 0.1, 0.1, 0.1, 0.1, 0.1, 0.1, 0.1], [9])","([0, 0, 0, 0, 0, 0, 0, 0, 1, 0], [8])",-0.0,-0.0,-0.0,-0.0,-0.0,-0.0,-0.0,-0.0,-0.0,-0.9,-0.9,0.8112,3.7208000000000006,0.08299999999999974
206,"([0.1, 0.1, 0.1, 0.1, 0.1, 0.1, 0.1, 0.1, 0.1, 0.1], [5])","([0, 0, 0, 0, 0, 0, 0, 0, 1, 0], [8])",-0.0,-0.0,-0.0,-0.0,-0.0,-0.8959999999999999,-0.0,-0.0,-0.0,-0.0,-0.8959999999999999,0.8112,3.8056000000000005,0.08299999999999974
207,"([0.1, 0.1, 0.1, 0.1, 0.1, 0.1, 0.1, 0.1, 0.1, 0.1], [6])","([0, 0, 0, 0, 0, 0, 0, 0, 1, 0], [8])",-0.0,-0.0,-0.0,-0.0,-0.0,-0.0,-0.986,-0.0,-0.0,-0.0,-0.986,0.8112,3.9804000000000004,0.08299999999999974
208,"([0.1, 0.1, 0.1, 0.1, 0.1, 0.1, 0.1, 0.1, 0.1, 0.1], [9])","([0, 0, 0, 0, 0, 0, 0, 0, 1, 0], [8])",-0.0,-0.0,-0.0,-0.0,-0.0,-0.0,-0.0,-0.0,-0.0,-0.9,-0.9,0.8112,4.0692,0.08299999999999974
209,"([0.1, 0.1, 0.1, 0.1, 0.1, 0.1, 0.1, 0.1, 0.1, 0.1], [1])","([0, 0, 0, 0, 0, 0, 0, 0, 1, 0], [8])",-0.0,-0.8240000000000001,-0.0,-0.0,-0.0,-0.0,-0.0,-0.0,-0.0,-0.0,-0.8240000000000001,0.8112,4.082000000000001,0.08299999999999974
210,"([0.1, 0.1, 0.1, 0.1, 0.1, 0.1, 0.1, 0.1, 0.1, 0.1], [6])","([0, 0, 0, 0, 0, 0, 0, 0, 1, 0], [8])",-0.0,-0.0,-0.0,-0.0,-0.0,-0.0,-0.986,-0.0,-0.0,-0.0,-0.986,0.8112,4.256800000000001,0.08299999999999974
211,"([0.1, 0.1, 0.1, 0.1, 0.1, 0.1, 0.1, 0.1, 0.1, 0.1], [7])","([0, 0, 0, 0, 0, 0, 0, 0, 1, 0], [8])",-0.0,-0.0,-0.0,-0.0,-0.0,-0.0,-0.0,-0.8690000000000001,-0.0,-0.0,-0.8690000000000001,0.8112,4.314600000000001,0.08299999999999974
212,"([0.1, 0.1, 0.1, 0.1, 0.1, 0.1, 0.1, 0.1, 0.1, 0.1], [6])","([0, 0, 0, 0, 0, 0, 0, 0, 1, 0], [8])",-0.0,-0.0,-0.0,-0.0,-0.0,-0.0,-0.986,-0.0,-0.0,-0.0,-0.986,0.8112,4.489400000000002,0.08299999999999974
213,"([0.1, 0.1, 0.1, 0.1, 0.1, 0.1, 0.1, 0.1, 0.1, 0.1], [0])","([0, 0, 0, 0, 0, 0, 0, 0, 1, 0], [8])",-0.9490000000000001,-0.0,-0.0,-0.0,-0.0,-0.0,-0.0,-0.0,-0.0,-0.0,-0.9490000000000001,0.8112,4.627200000000002,0.08299999999999974
214,"([0.1, 0.1, 0.1, 0.1, 0.1, 0.1, 0.1, 0.1, 0.1, 0.1], [4])","([0, 0, 0, 0, 0, 0, 0, 0, 1, 0], [8])",-0.0,-0.0,-0.0,-0.0,-0.9620000000000001,-0.0,-0.0,-0.0,-0.0,-0.0,-0.9620000000000001,0.8112,4.778000000000002,0.08299999999999974
215,"([0.1, 0.1, 0.1, 0.1, 0.1, 0.1, 0.1, 0.1, 0.1, 0.1], [9])","([0, 0, 0, 0, 0, 0, 0, 0, 1, 0], [8])",-0.0,-0.0,-0.0,-0.0,-0.0,-0.0,-0.0,-0.0,-0.0,-0.9,-0.9,0.8112,4.866800000000002,0.08299999999999974
216,"([0.1, 0.1, 0.1, 0.1, 0.1, 0.1, 0.1, 0.1, 0.1, 0.1], [8])","([0, 0, 0, 0, 0, 0, 0, 0, 1, 0], [8])",-0.0,-0.0,-0.0,-0.0,-0.0,-0.0,-0.0,-0.0,-0.0,-0.0,0.0,0.8112,4.055600000000002,0.08299999999999974
217,"([0.1, 0.1, 0.1, 0.1, 0.1, 0.1, 0.1, 0.1, 0.1, 0.1], [1])","([0, 0, 0, 0, 0, 0, 0, 0, 1, 0], [8])",-0.0,-0.8240000000000001,-0.0,-0.0,-0.0,-0.0,-0.0,-0.0,-0.0,-0.0,-0.8240000000000001,0.8112,4.068400000000002,0.08299999999999974
218,"([0.1, 0.1, 0.1, 0.1, 0.1, 0.1, 0.1, 0.1, 0.1, 0.1], [8])","([0, 0, 0, 0, 0, 0, 0, 0, 1, 0], [8])",-0.0,-0.0,-0.0,-0.0,-0.0,-0.0,-0.0,-0.0,-0.0,-0.0,0.0,0.8112,3.2572000000000023,0.08299999999999974
219,"([0.1, 0.1, 0.1, 0.1, 0.1, 0.1, 0.1, 0.1, 0.1, 0.1], [8])","([0, 0, 0, 0, 0, 0, 0, 0, 1, 0], [8])",-0.0,-0.0,-0.0,-0.0,-0.0,-0.0,-0.0,-0.0,-0.0,-0.0,0.0,0.8112,2.4460000000000024,0.08299999999999974
220,"([0.1, 0.1, 0.1, 0.1, 0.1, 0.1, 0.1, 0.1, 0.1, 0.1], [9])","([0, 0, 0, 0, 0, 0, 0, 0, 1, 0], [8])",-0.0,-0.0,-0.0,-0.0,-0.0,-0.0,-0.0,-0.0,-0.0,-0.9,-0.9,0.8112,2.5348000000000024,0.08299999999999974
221,"([0.1, 0.1, 0.1, 0.1, 0.1, 0.1, 0.1, 0.1, 0.1, 0.1], [2])","([0, 0, 0, 0, 0, 0, 0, 0, 1, 0], [8])",-0.0,-0.0,-0.8740000000000001,-0.0,-0.0,-0.0,-0.0,-0.0,-0.0,-0.0,-0.8740000000000001,0.8112,2.5976000000000026,0.08299999999999974
222,"([0.1, 0.1, 0.1, 0.1, 0.1, 0.1, 0.1, 0.1, 0.1, 0.1], [1])","([0, 0, 0, 0, 0, 0, 0, 0, 1, 0], [8])",-0.0,-0.8240000000000001,-0.0,-0.0,-0.0,-0.0,-0.0,-0.0,-0.0,-0.0,-0.8240000000000001,0.8112,2.6104000000000025,0.08299999999999974
223,"([0.1, 0.1, 0.1, 0.1, 0.1, 0.1, 0.1, 0.1, 0.1, 0.1], [8])","([0, 0, 0, 0, 0, 0, 0, 0, 1, 0], [8])",-0.0,-0.0,-0.0,-0.0,-0.0,-0.0,-0.0,-0.0,-0.0,-0.0,0.0,0.8112,1.7992000000000026,0.08299999999999974
224,"([0.1, 0.1, 0.1, 0.1, 0.1, 0.1, 0.1, 0.1, 0.1, 0.1], [2])","([0, 0, 0, 0, 0, 0, 0, 0, 1, 0], [8])",-0.0,-0.0,-0.8740000000000001,-0.0,-0.0,-0.0,-0.0,-0.0,-0.0,-0.0,-0.8740000000000001,0.8112,1.8620000000000028,0.08299999999999974
225,"([0.1, 0.1, 0.1, 0.1, 0.1, 0.1, 0.1, 0.1, 0.1, 0.1], [7])","([0, 0, 0, 0, 0, 0, 0, 0, 1, 0], [8])",-0.0,-0.0,-0.0,-0.0,-0.0,-0.0,-0.0,-0.8690000000000001,-0.0,-0.0,-0.8690000000000001,0.8112,1.9198000000000028,0.08299999999999974
226,"([0.1, 0.1, 0.1, 0.1, 0.1, 0.1, 0.1, 0.1, 0.1, 0.1], [3])","([0, 0, 0, 0, 0, 0, 0, 0, 1, 0], [8])",-0.0,-0.0,-0.0,-0.852,-0.0,-0.0,-0.0,-0.0,-0.0,-0.0,-0.852,0.8112,1.9606000000000028,0.08299999999999974
227,"([0.1, 0.1, 0.1, 0.1, 0.1, 0.1, 0.1, 0.1, 0.1, 0.1], [0])","([0, 0, 0, 0, 0, 0, 0, 0, 1, 0], [8])",-0.9490000000000001,-0.0,-0.0,-0.0,-0.0,-0.0,-0.0,-0.0,-0.0,-0.0,-0.9490000000000001,0.8112,2.098400000000003,0.08299999999999974
228,"([0.1, 0.1, 0.1, 0.1, 0.1, 0.1, 0.1, 0.1, 0.1, 0.1], [2])","([0, 0, 0, 0, 0, 0, 0, 0, 1, 0], [8])",-0.0,-0.0,-0.8740000000000001,-0.0,-0.0,-0.0,-0.0,-0.0,-0.0,-0.0,-0.8740000000000001,0.8112,2.161200000000003,0.08299999999999974
229,"([0.1, 0.1, 0.1, 0.1, 0.1, 0.1, 0.1, 0.1, 0.1, 0.1], [0])","([0, 0, 0, 0, 0, 0, 0, 0, 1, 0], [8])",-0.9490000000000001,-0.0,-0.0,-0.0,-0.0,-0.0,-0.0,-0.0,-0.0,-0.0,-0.9490000000000001,0.8112,2.299000000000003,0.08299999999999974
230,"([0.1, 0.1, 0.1, 0.1, 0.1, 0.1, 0.1, 0.1, 0.1, 0.1], [9])","([0, 0, 0, 0, 0, 0, 0, 0, 1, 0], [8])",-0.0,-0.0,-0.0,-0.0,-0.0,-0.0,-0.0,-0.0,-0.0,-0.9,-0.9,0.8112,2.387800000000003,0.08299999999999974
231,"([0.1, 0.1, 0.1, 0.1, 0.1, 0.1, 0.1, 0.1, 0.1, 0.1], [5])","([0, 0, 0, 0, 0, 0, 0, 0, 1, 0], [8])",-0.0,-0.0,-0.0,-0.0,-0.0,-0.8959999999999999,-0.0,-0.0,-0.0,-0.0,-0.8959999999999999,0.8112,2.472600000000003,0.08299999999999974
232,"([0.1, 0.1, 0.1, 0.1, 0.1, 0.1, 0.1, 0.1, 0.1, 0.1], [4])","([0, 0, 0, 0, 0, 0, 0, 0, 1, 0], [8])",-0.0,-0.0,-0.0,-0.0,-0.9620000000000001,-0.0,-0.0,-0.0,-0.0,-0.0,-0.9620000000000001,0.8112,2.623400000000003,0.08299999999999974
233,"([0.1, 0.1, 0.1, 0.1, 0.1, 0.1, 0.1, 0.1, 0.1, 0.1], [2])","([0, 0, 0, 0, 0, 0, 0, 0, 1, 0], [8])",-0.0,-0.0,-0.8740000000000001,-0.0,-0.0,-0.0,-0.0,-0.0,-0.0,-0.0,-0.8740000000000001,0.8112,2.686200000000003,0.08299999999999974
234,"([0.1, 0.1, 0.1, 0.1, 0.1, 0.1, 0.1, 0.1, 0.1, 0.1], [9])","([0, 0, 0, 0, 0, 0, 0, 0, 1, 0], [8])",-0.0,-0.0,-0.0,-0.0,-0.0,-0.0,-0.0,-0.0,-0.0,-0.9,-0.9,0.8112,2.775000000000003,0.08299999999999974
235,"([0.1, 0.1, 0.1, 0.1, 0.1, 0.1, 0.1, 0.1, 0.1, 0.1], [6])","([0, 0, 0, 0, 0, 0, 0, 0, 1, 0], [8])",-0.0,-0.0,-0.0,-0.0,-0.0,-0.0,-0.986,-0.0,-0.0,-0.0,-0.986,0.8112,2.949800000000003,0.08299999999999974
236,"([0.1, 0.1, 0.1, 0.1, 0.1, 0.1, 0.1, 0.1, 0.1, 0.1], [8])","([0, 0, 0, 0, 0, 0, 0, 0, 1, 0], [8])",-0.0,-0.0,-0.0,-0.0,-0.0,-0.0,-0.0,-0.0,-0.0,-0.0,0.0,0.8112,2.138600000000003,0.08299999999999974
237,"([0.1, 0.1, 0.1, 0.1, 0.1, 0.1, 0.1, 0.1, 0.1, 0.1], [3])","([0, 0, 0, 0, 0, 0, 0, 0, 1, 0], [8])",-0.0,-0.0,-0.0,-0.852,-0.0,-0.0,-0.0,-0.0,-0.0,-0.0,-0.852,0.8112,2.179400000000003,0.08299999999999974
238,"([0.1, 0.1, 0.1, 0.1, 0.1, 0.1, 0.1, 0.1, 0.1, 0.1], [2])","([0, 0, 0, 0, 0, 0, 0, 0, 1, 0], [8])",-0.0,-0.0,-0.8740000000000001,-0.0,-0.0,-0.0,-0.0,-0.0,-0.0,-0.0,-0.8740000000000001,0.8112,2.242200000000003,0.08299999999999974
239,"([0.1, 0.1, 0.1, 0.1, 0.1, 0.1, 0.1, 0.1, 0.1, 0.1], [1])","([0, 0, 0, 0, 0, 0, 0, 0, 1, 0], [8])",-0.0,-0.8240000000000001,-0.0,-0.0,-0.0,-0.0,-0.0,-0.0,-0.0,-0.0,-0.8240000000000001,0.8112,2.255000000000003,0.08299999999999974
240,"([0.1, 0.1, 0.1, 0.1, 0.1, 0.1, 0.1, 0.1, 0.1, 0.1], [4])","([0, 0, 0, 0, 0, 0, 0, 0, 1, 0], [8])",-0.0,-0.0,-0.0,-0.0,-0.9620000000000001,-0.0,-0.0,-0.0,-0.0,-0.0,-0.9620000000000001,0.8112,2.405800000000003,0.08299999999999974
241,"([0.1, 0.1, 0.1, 0.1, 0.1, 0.1, 0.1, 0.1, 0.1, 0.1], [0])","([0, 0, 0, 0, 0, 0, 0, 0, 1, 0], [8])",-0.9490000000000001,-0.0,-0.0,-0.0,-0.0,-0.0,-0.0,-0.0,-0.0,-0.0,-0.9490000000000001,0.8112,2.5436000000000027,0.08299999999999974
242,"([0.1, 0.1, 0.1, 0.1, 0.1, 0.1, 0.1, 0.1, 0.1, 0.1], [4])","([0, 0, 0, 0, 0, 0, 0, 0, 1, 0], [8])",-0.0,-0.0,-0.0,-0.0,-0.9620000000000001,-0.0,-0.0,-0.0,-0.0,-0.0,-0.9620000000000001,0.8112,2.6944000000000026,0.08299999999999974
243,"([0.1, 0.1, 0.1, 0.1, 0.1, 0.1, 0.1, 0.1, 0.1, 0.1], [3])","([0, 0, 0, 0, 0, 0, 0, 0, 1, 0], [8])",-0.0,-0.0,-0.0,-0.852,-0.0,-0.0,-0.0,-0.0,-0.0,-0.0,-0.852,0.8112,2.7352000000000025,0.08299999999999974
244,"([0.1, 0.1, 0.1, 0.1, 0.1, 0.1, 0.1, 0.1, 0.1, 0.1], [7])","([0, 0, 0, 0, 0, 0, 0, 0, 1, 0], [8])",-0.0,-0.0,-0.0,-0.0,-0.0,-0.0,-0.0,-0.8690000000000001,-0.0,-0.0,-0.8690000000000001,0.8112,2.793000000000003,0.08299999999999974
245,"([0.1, 0.1, 0.1, 0.1, 0.1, 0.1, 0.1, 0.1, 0.1, 0.1], [4])","([0, 0, 0, 0, 0, 0, 0, 0, 1, 0], [8])",-0.0,-0.0,-0.0,-0.0,-0.9620000000000001,-0.0,-0.0,-0.0,-0.0,-0.0,-0.9620000000000001,0.8112,2.943800000000003,0.08299999999999974
246,"([0.1, 0.1, 0.1, 0.1, 0.1, 0.1, 0.1, 0.1, 0.1, 0.1], [5])","([0, 0, 0, 0, 0, 0, 0, 0, 1, 0], [8])",-0.0,-0.0,-0.0,-0.0,-0.0,-0.8959999999999999,-0.0,-0.0,-0.0,-0.0,-0.8959999999999999,0.8112,3.028600000000003,0.08299999999999974
247,"([0.1, 0.1, 0.1, 0.1, 0.1, 0.1, 0.1, 0.1, 0.1, 0.1], [4])","([0, 0, 0, 0, 0, 0, 0, 0, 1, 0], [8])",-0.0,-0.0,-0.0,-0.0,-0.9620000000000001,-0.0,-0.0,-0.0,-0.0,-0.0,-0.9620000000000001,0.8112,3.179400000000003,0.08299999999999974
248,"([0.1, 0.1, 0.1, 0.1, 0.1, 0.1, 0.1, 0.1, 0.1, 0.1], [2])","([0, 0, 0, 0, 0, 0, 0, 0, 1, 0], [8])",-0.0,-0.0,-0.8740000000000001,-0.0,-0.0,-0.0,-0.0,-0.0,-0.0,-0.0,-0.8740000000000001,0.8112,3.242200000000003,0.08299999999999974
249,"([0.1, 0.1, 0.1, 0.1, 0.1, 0.1, 0.1, 0.1, 0.1, 0.1], [3])","([0, 0, 0, 0, 0, 0, 0, 0, 1, 0], [8])",-0.0,-0.0,-0.0,-0.852,-0.0,-0.0,-0.0,-0.0,-0.0,-0.0,-0.852,0.8112,3.283000000000003,0.08299999999999974
250,"([0.1, 0.1, 0.1, 0.1, 0.1, 0.1, 0.1, 0.1, 0.1, 0.1], [5])","([0, 0, 0, 0, 0, 0, 0, 0, 1, 0], [8])",-0.0,-0.0,-0.0,-0.0,-0.0,-0.8959999999999999,-0.0,-0.0,-0.0,-0.0,-0.8959999999999999,0.8112,3.367800000000003,0.08299999999999974
251,"([0.1, 0.1, 0.1, 0.1, 0.1, 0.1, 0.1, 0.1, 0.1, 0.1], [8])","([0, 0, 0, 0, 0, 0, 0, 0, 1, 0], [8])",-0.0,-0.0,-0.0,-0.0,-0.0,-0.0,-0.0,-0.0,-0.0,-0.0,0.0,0.8112,2.556600000000003,0.08299999999999974
252,"([0.1, 0.1, 0.1, 0.1, 0.1, 0.1, 0.1, 0.1, 0.1, 0.1], [8])","([0, 0, 0, 0, 0, 0, 0, 0, 1, 0], [8])",-0.0,-0.0,-0.0,-0.0,-0.0,-0.0,-0.0,-0.0,-0.0,-0.0,0.0,0.8112,1.7454000000000032,0.08299999999999974
253,"([0.1, 0.1, 0.1, 0.1, 0.1, 0.1, 0.1, 0.1, 0.1, 0.1], [2])","([0, 0, 0, 0, 0, 0, 0, 0, 1, 0], [8])",-0.0,-0.0,-0.8740000000000001,-0.0,-0.0,-0.0,-0.0,-0.0,-0.0,-0.0,-0.8740000000000001,0.8112,1.8082000000000034,0.08299999999999974
254,"([0.1, 0.1, 0.1, 0.1, 0.1, 0.1, 0.1, 0.1, 0.1, 0.1], [3])","([0, 0, 0, 0, 0, 0, 0, 0, 1, 0], [8])",-0.0,-0.0,-0.0,-0.852,-0.0,-0.0,-0.0,-0.0,-0.0,-0.0,-0.852,0.8112,1.8490000000000033,0.08299999999999974
255,"([0.1, 0.1, 0.1, 0.1, 0.1, 0.1, 0.1, 0.1, 0.1, 0.1], [0])","([0, 0, 0, 0, 0, 0, 0, 0, 1, 0], [8])",-0.9490000000000001,-0.0,-0.0,-0.0,-0.0,-0.0,-0.0,-0.0,-0.0,-0.0,-0.9490000000000001,0.8112,1.9868000000000032,0.08299999999999974
256,"([0.1, 0.1, 0.1, 0.1, 0.1, 0.1, 0.1, 0.1, 0.1, 0.1], [5])","([0, 0, 0, 0, 0, 0, 0, 0, 1, 0], [8])",-0.0,-0.0,-0.0,-0.0,-0.0,-0.8959999999999999,-0.0,-0.0,-0.0,-0.0,-0.8959999999999999,0.8112,2.071600000000003,0.08299999999999974
257,"([0.1, 0.1, 0.1, 0.1, 0.1, 0.1, 0.1, 0.1, 0.1, 0.1], [6])","([0, 0, 0, 0, 0, 0, 0, 0, 1, 0], [8])",-0.0,-0.0,-0.0,-0.0,-0.0,-0.0,-0.986,-0.0,-0.0,-0.0,-0.986,0.8112,2.246400000000003,0.08299999999999974
258,"([0.1, 0.1, 0.1, 0.1, 0.1, 0.1, 0.1, 0.1, 0.1, 0.1], [7])","([0, 0, 0, 0, 0, 0, 0, 0, 1, 0], [8])",-0.0,-0.0,-0.0,-0.0,-0.0,-0.0,-0.0,-0.8690000000000001,-0.0,-0.0,-0.8690000000000001,0.8112,2.3042000000000034,0.08299999999999974
259,"([0.1, 0.1, 0.1, 0.1, 0.1, 0.1, 0.1, 0.1, 0.1, 0.1], [8])","([0, 0, 0, 0, 0, 0, 0, 0, 1, 0], [8])",-0.0,-0.0,-0.0,-0.0,-0.0,-0.0,-0.0,-0.0,-0.0,-0.0,0.0,0.8112,1.4930000000000034,0.08299999999999974
260,"([0.1, 0.1, 0.1, 0.1, 0.1, 0.1, 0.1, 0.1, 0.1, 0.1], [5])","([0, 0, 0, 0, 0, 0, 0, 0, 1, 0], [8])",-0.0,-0.0,-0.0,-0.0,-0.0,-0.8959999999999999,-0.0,-0.0,-0.0,-0.0,-0.8959999999999999,0.8112,1.5778000000000034,0.08299999999999974
261,"([0.1, 0.1, 0.1, 0.1, 0.1, 0.1, 0.1, 0.1, 0.1, 0.1], [8])","([0, 0, 0, 0, 0, 0, 0, 0, 1, 0], [8])",-0.0,-0.0,-0.0,-0.0,-0.0,-0.0,-0.0,-0.0,-0.0,-0.0,0.0,0.8112,0.7666000000000034,0.08299999999999974
262,"([0.1, 0.1, 0.1, 0.1, 0.1, 0.1, 0.1, 0.1, 0.1, 0.1], [9])","([0, 0, 0, 0, 0, 0, 0, 0, 1, 0], [8])",-0.0,-0.0,-0.0,-0.0,-0.0,-0.0,-0.0,-0.0,-0.0,-0.9,-0.9,0.8112,0.8554000000000034,0.08299999999999974
263,"([0.1, 0.1, 0.1, 0.1, 0.1, 0.1, 0.1, 0.1, 0.1, 0.1], [1])","([0, 0, 0, 0, 0, 0, 0, 0, 1, 0], [8])",-0.0,-0.8240000000000001,-0.0,-0.0,-0.0,-0.0,-0.0,-0.0,-0.0,-0.0,-0.8240000000000001,0.8112,0.8682000000000034,0.08299999999999974
264,"([0.1, 0.1, 0.1, 0.1, 0.1, 0.1, 0.1, 0.1, 0.1, 0.1], [8])","([0, 0, 0, 0, 0, 0, 0, 0, 1, 0], [8])",-0.0,-0.0,-0.0,-0.0,-0.0,-0.0,-0.0,-0.0,-0.0,-0.0,0.0,0.8112,0.05700000000000338,0.08299999999999974
265,"([0.1, 0.1, 0.1, 0.1, 0.1, 0.1, 0.1, 0.1, 0.1, 0.1], [9])","([0, 0, 0, 0, 0, 0, 0, 0, 1, 0], [8])",-0.0,-0.0,-0.0,-0.0,-0.0,-0.0,-0.0,-0.0,-0.0,-0.9,-0.9,0.8112,0.14580000000000337,0.08299999999999974
266,"([0.1, 0.1, 0.1, 0.1, 0.1, 0.1, 0.1, 0.1, 0.1, 0.1], [3])","([0, 0, 0, 0, 0, 0, 0, 0, 1, 0], [8])",-0.0,-0.0,-0.0,-0.852,-0.0,-0.0,-0.0,-0.0,-0.0,-0.0,-0.852,0.8112,0.18660000000000332,0.08299999999999974
267,"([0.1, 0.1, 0.1, 0.1, 0.1, 0.1, 0.1, 0.1, 0.1, 0.1], [7])","([0, 0, 0, 0, 0, 0, 0, 0, 1, 0], [8])",-0.0,-0.0,-0.0,-0.0,-0.0,-0.0,-0.0,-0.8690000000000001,-0.0,-0.0,-0.8690000000000001,0.8112,0.2444000000000034,0.08299999999999974
268,"([0.1, 0.1, 0.1, 0.1, 0.1, 0.1, 0.1, 0.1, 0.1, 0.1], [1])","([0, 0, 0, 0, 0, 0, 0, 0, 1, 0], [8])",-0.0,-0.8240000000000001,-0.0,-0.0,-0.0,-0.0,-0.0,-0.0,-0.0,-0.0,-0.8240000000000001,0.8112,0.2572000000000034,0.08299999999999974
269,"([0.1, 0.1, 0.1, 0.1, 0.1, 0.1, 0.1, 0.1, 0.1, 0.1], [8])","([0, 0, 0, 0, 0, 0, 0, 0, 1, 0], [8])",-0.0,-0.0,-0.0,-0.0,-0.0,-0.0,-0.0,-0.0,-0.0,-0.0,0.0,0.8112,-0.5539999999999966,0.08299999999999974
270,"([0.1, 0.1, 0.1, 0.1, 0.1, 0.1, 0.1, 0.1, 0.1, 0.1], [8])","([0, 0, 0, 0, 0, 0, 0, 0, 1, 0], [8])",-0.0,-0.0,-0.0,-0.0,-0.0,-0.0,-0.0,-0.0,-0.0,-0.0,0.0,0.8112,-1.3651999999999966,0.08299999999999974
271,"([0.1, 0.1, 0.1, 0.1, 0.1, 0.1, 0.1, 0.1, 0.1, 0.1], [3])","([0, 0, 0, 0, 0, 0, 0, 0, 1, 0], [8])",-0.0,-0.0,-0.0,-0.852,-0.0,-0.0,-0.0,-0.0,-0.0,-0.0,-0.852,0.8112,-1.3243999999999967,0.08299999999999974
272,"([0.1, 0.1, 0.1, 0.1, 0.1, 0.1, 0.1, 0.1, 0.1, 0.1], [7])","([0, 0, 0, 0, 0, 0, 0, 0, 1, 0], [8])",-0.0,-0.0,-0.0,-0.0,-0.0,-0.0,-0.0,-0.8690000000000001,-0.0,-0.0,-0.8690000000000001,0.8112,-1.2665999999999966,0.08299999999999974
273,"([0.1, 0.1, 0.1, 0.1, 0.1, 0.1, 0.1, 0.1, 0.1, 0.1], [2])","([0, 0, 0, 0, 0, 0, 0, 0, 1, 0], [8])",-0.0,-0.0,-0.8740000000000001,-0.0,-0.0,-0.0,-0.0,-0.0,-0.0,-0.0,-0.8740000000000001,0.8112,-1.2037999999999967,0.08299999999999974
274,"([0.1, 0.1, 0.1, 0.1, 0.1, 0.1, 0.1, 0.1, 0.1, 0.1], [2])","([0, 0, 0, 0, 0, 0, 0, 0, 1, 0], [8])",-0.0,-0.0,-0.8740000000000001,-0.0,-0.0,-0.0,-0.0,-0.0,-0.0,-0.0,-0.8740000000000001,0.8112,-1.1409999999999965,0.08299999999999974
275,"([0.1, 0.1, 0.1, 0.1, 0.1, 0.1, 0.1, 0.1, 0.1, 0.1], [2])","([0, 0, 0, 0, 0, 0, 0, 0, 1, 0], [8])",-0.0,-0.0,-0.8740000000000001,-0.0,-0.0,-0.0,-0.0,-0.0,-0.0,-0.0,-0.8740000000000001,0.8112,-1.0781999999999963,0.08299999999999974
276,"([0.1, 0.1, 0.1, 0.1, 0.1, 0.1, 0.1, 0.1, 0.1, 0.1], [6])","([0, 0, 0, 0, 0, 0, 0, 0, 1, 0], [8])",-0.0,-0.0,-0.0,-0.0,-0.0,-0.0,-0.986,-0.0,-0.0,-0.0,-0.986,0.8112,-0.9033999999999963,0.08299999999999974
277,"([0.1, 0.1, 0.1, 0.1, 0.1, 0.1, 0.1, 0.1, 0.1, 0.1], [7])","([0, 0, 0, 0, 0, 0, 0, 0, 1, 0], [8])",-0.0,-0.0,-0.0,-0.0,-0.0,-0.0,-0.0,-0.8690000000000001,-0.0,-0.0,-0.8690000000000001,0.8112,-0.8455999999999962,0.08299999999999974
278,"([0.1, 0.1, 0.1, 0.1, 0.1, 0.1, 0.1, 0.1, 0.1, 0.1], [8])","([0, 0, 0, 0, 0, 0, 0, 0, 1, 0], [8])",-0.0,-0.0,-0.0,-0.0,-0.0,-0.0,-0.0,-0.0,-0.0,-0.0,0.0,0.8112,-1.6567999999999963,0.08299999999999974
279,"([0.1, 0.1, 0.1, 0.1, 0.1, 0.1, 0.1, 0.1, 0.1, 0.1], [5])","([0, 0, 0, 0, 0, 0, 0, 0, 1, 0], [8])",-0.0,-0.0,-0.0,-0.0,-0.0,-0.8959999999999999,-0.0,-0.0,-0.0,-0.0,-0.8959999999999999,0.8112,-1.5719999999999965,0.08299999999999974
280,"([0.1, 0.1, 0.1, 0.1, 0.1, 0.1, 0.1, 0.1, 0.1, 0.1], [2])","([0, 0, 0, 0, 0, 0, 0, 0, 1, 0], [8])",-0.0,-0.0,-0.8740000000000001,-0.0,-0.0,-0.0,-0.0,-0.0,-0.0,-0.0,-0.8740000000000001,0.8112,-1.5091999999999963,0.08299999999999974
281,"([0.1, 0.1, 0.1, 0.1, 0.1, 0.1, 0.1, 0.1, 0.1, 0.1], [6])","([0, 0, 0, 0, 0, 0, 0, 0, 1, 0], [8])",-0.0,-0.0,-0.0,-0.0,-0.0,-0.0,-0.986,-0.0,-0.0,-0.0,-0.986,0.8112,-1.3343999999999965,0.08299999999999974
282,"([0.1, 0.1, 0.1, 0.1, 0.1, 0.1, 0.1, 0.1, 0.1, 0.1], [8])","([0, 0, 0, 0, 0, 0, 0, 0, 1, 0], [8])",-0.0,-0.0,-0.0,-0.0,-0.0,-0.0,-0.0,-0.0,-0.0,-0.0,0.0,0.8112,-2.1455999999999964,0.08299999999999974
283,"([0.1, 0.1, 0.1, 0.1, 0.1, 0.1, 0.1, 0.1, 0.1, 0.1], [3])","([0, 0, 0, 0, 0, 0, 0, 0, 1, 0], [8])",-0.0,-0.0,-0.0,-0.852,-0.0,-0.0,-0.0,-0.0,-0.0,-0.0,-0.852,0.8112,-2.1047999999999965,0.08299999999999974
284,"([0.1, 0.1, 0.1, 0.1, 0.1, 0.1, 0.1, 0.1, 0.1, 0.1], [0])","([0, 0, 0, 0, 0, 0, 0, 0, 1, 0], [8])",-0.9490000000000001,-0.0,-0.0,-0.0,-0.0,-0.0,-0.0,-0.0,-0.0,-0.0,-0.9490000000000001,0.8112,-1.9669999999999965,0.08299999999999974
285,"([0.1, 0.1, 0.1, 0.1, 0.1, 0.1, 0.1, 0.1, 0.1, 0.1], [5])","([0, 0, 0, 0, 0, 0, 0, 0, 1, 0], [8])",-0.0,-0.0,-0.0,-0.0,-0.0,-0.8959999999999999,-0.0,-0.0,-0.0,-0.0,-0.8959999999999999,0.8112,-1.8821999999999965,0.08299999999999974
286,"([0.1, 0.1, 0.1, 0.1, 0.1, 0.1, 0.1, 0.1, 0.1, 0.1], [3])","([0, 0, 0, 0, 0, 0, 0, 0, 1, 0], [8])",-0.0,-0.0,-0.0,-0.852,-0.0,-0.0,-0.0,-0.0,-0.0,-0.0,-0.852,0.8112,-1.8413999999999966,0.08299999999999974
287,"([0.1, 0.1, 0.1, 0.1, 0.1, 0.1, 0.1, 0.1, 0.1, 0.1], [8])","([0, 0, 0, 0, 0, 0, 0, 0, 1, 0], [8])",-0.0,-0.0,-0.0,-0.0,-0.0,-0.0,-0.0,-0.0,-0.0,-0.0,0.0,0.8112,-2.6525999999999965,0.08299999999999974
288,"([0.1, 0.1, 0.1, 0.1, 0.1, 0.1, 0.1, 0.1, 0.1, 0.1], [3])","([0, 0, 0, 0, 0, 0, 0, 0, 1, 0], [8])",-0.0,-0.0,-0.0,-0.852,-0.0,-0.0,-0.0,-0.0,-0.0,-0.0,-0.852,0.8112,-2.6117999999999966,0.08299999999999974
289,"([0.1, 0.1, 0.1, 0.1, 0.1, 0.1, 0.1, 0.1, 0.1, 0.1], [9])","([0, 0, 0, 0, 0, 0, 0, 0, 1, 0], [8])",-0.0,-0.0,-0.0,-0.0,-0.0,-0.0,-0.0,-0.0,-0.0,-0.9,-0.9,0.8112,-2.5229999999999966,0.08299999999999974
290,"([0.1, 0.1, 0.1, 0.1, 0.1, 0.1, 0.1, 0.1, 0.1, 0.1], [6])","([0, 0, 0, 0, 0, 0, 0, 0, 1, 0], [8])",-0.0,-0.0,-0.0,-0.0,-0.0,-0.0,-0.986,-0.0,-0.0,-0.0,-0.986,0.8112,-2.3481999999999967,0.08299999999999974
291,"([0.1, 0.1, 0.1, 0.1, 0.1, 0.1, 0.1, 0.1, 0.1, 0.1], [6])","([0, 0, 0, 0, 0, 0, 0, 0, 1, 0], [8])",-0.0,-0.0,-0.0,-0.0,-0.0,-0.0,-0.986,-0.0,-0.0,-0.0,-0.986,0.8112,-2.173399999999997,0.08299999999999974
292,"([0.1, 0.1, 0.1, 0.1, 0.1, 0.1, 0.1, 0.1, 0.1, 0.1], [4])","([0, 0, 0, 0, 0, 0, 0, 0, 1, 0], [8])",-0.0,-0.0,-0.0,-0.0,-0.9620000000000001,-0.0,-0.0,-0.0,-0.0,-0.0,-0.9620000000000001,0.8112,-2.022599999999997,0.08299999999999974
293,"([0.1, 0.1, 0.1, 0.1, 0.1, 0.1, 0.1, 0.1, 0.1, 0.1], [2])","([0, 0, 0, 0, 0, 0, 0, 0, 1, 0], [8])",-0.0,-0.0,-0.8740000000000001,-0.0,-0.0,-0.0,-0.0,-0.0,-0.0,-0.0,-0.8740000000000001,0.8112,-1.9597999999999969,0.08299999999999974
294,"([0.1, 0.1, 0.1, 0.1, 0.1, 0.1, 0.1, 0.1, 0.1, 0.1], [7])","([0, 0, 0, 0, 0, 0, 0, 0, 1, 0], [8])",-0.0,-0.0,-0.0,-0.0,-0.0,-0.0,-0.0,-0.8690000000000001,-0.0,-0.0,-0.8690000000000001,0.8112,-1.9019999999999968,0.08299999999999974
295,"([0.1, 0.1, 0.1, 0.1, 0.1, 0.1, 0.1, 0.1, 0.1, 0.1], [6])","([0, 0, 0, 0, 0, 0, 0, 0, 1, 0], [8])",-0.0,-0.0,-0.0,-0.0,-0.0,-0.0,-0.986,-0.0,-0.0,-0.0,-0.986,0.8112,-1.7271999999999967,0.08299999999999974
296,"([0.1, 0.1, 0.1, 0.1, 0.1, 0.1, 0.1, 0.1, 0.1, 0.1], [3])","([0, 0, 0, 0, 0, 0, 0, 0, 1, 0], [8])",-0.0,-0.0,-0.0,-0.852,-0.0,-0.0,-0.0,-0.0,-0.0,-0.0,-0.852,0.8112,-1.6863999999999968,0.08299999999999974
297,"([0.1, 0.1, 0.1, 0.1, 0.1, 0.1, 0.1, 0.1, 0.1, 0.1], [1])","([0, 0, 0, 0, 0, 0, 0, 0, 1, 0], [8])",-0.0,-0.8240000000000001,-0.0,-0.0,-0.0,-0.0,-0.0,-0.0,-0.0,-0.0,-0.8240000000000001,0.8112,-1.6735999999999969,0.08299999999999974
298,"([0.1, 0.1, 0.1, 0.1, 0.1, 0.1, 0.1, 0.1, 0.1, 0.1], [8])","([0, 0, 0, 0, 0, 0, 0, 0, 1, 0], [8])",-0.0,-0.0,-0.0,-0.0,-0.0,-0.0,-0.0,-0.0,-0.0,-0.0,0.0,0.8112,-2.484799999999997,0.08299999999999974
299,"([0.1, 0.1, 0.1, 0.1, 0.1, 0.1, 0.1, 0.1, 0.1, 0.1], [8])","([0, 0, 0, 0, 0, 0, 0, 0, 1, 0], [8])",-0.0,-0.0,-0.0,-0.0,-0.0,-0.0,-0.0,-0.0,-0.0,-0.0,0.0,0.8112,-3.2959999999999967,0.08299999999999974
