,sto-1,FB-0,feedback target 0,feedback target 1,feedback target 2,feedback target 3,feedback target 4,feedback target 5,feedback target 6,feedback target 7,feedback target 8,feedback target 9,total,exp_loss,actual_regret,exp_regret
0,"([0.1, 0.1, 0.1, 0.1, 0.1, 0.1, 0.1, 0.1, 0.1, 0.1], [5])","([0, 0, 0, 0, 0, 0, 0, 0, 1, 0], [8])",-0.0,-0.0,-0.0,-0.0,-0.0,-0.8959999999999999,-0.0,-0.0,-0.0,-0.0,-0.8959999999999999,0.8112,0.08479999999999988,0.0
1,"([0.1, 0.1, 0.1, 0.1, 0.1, 0.1, 0.1, 0.1, 0.1, 0.1], [1])","([0, 0, 0, 0, 0, 1, 0, 0, 0, 0], [5])",-0.0,-0.8240000000000001,-0.0,-0.0,-0.0,-0.0,-0.0,-0.0,-0.0,-0.0,-0.8240000000000001,0.8216,0.09759999999999991,0.010399999999999965
2,"([0.1, 0.1, 0.1, 0.1, 0.1, 0.1, 0.1, 0.1, 0.1, 0.1], [7])","([0, 0, 0, 0, 1, 0, 0, 0, 0, 0], [4])",-0.0,-0.0,-0.0,-0.0,-0.0,-0.0,-0.0,-0.8690000000000001,-0.0,-0.0,-0.8690000000000001,0.815,0.15539999999999998,0.01419999999999988
3,"([0.1, 0.1, 0.1, 0.1, 0.1, 0.1, 0.1, 0.1, 0.1, 0.1], [7])","([0, 0, 0, 0, 1, 0, 0, 0, 0, 0], [4])",-0.0,-0.0,-0.0,-0.0,-0.0,-0.0,-0.0,-0.8690000000000001,-0.0,-0.0,-0.8690000000000001,0.815,0.21320000000000006,0.017999999999999794
4,"([0.1, 0.1, 0.1, 0.1, 0.1, 0.1, 0.1, 0.1, 0.1, 0.1], [4])","([0, 0, 0, 0, 1, 0, 0, 0, 0, 0], [4])",-0.0,-0.0,-0.0,-0.0,-0.0,-0.0,-0.0,-0.0,-0.0,-0.0,0.0,0.815,-0.598,0.02179999999999971
5,"([0.1, 0.1, 0.1, 0.1, 0.1, 0.1, 0.1, 0.1, 0.1, 0.1], [8])","([0, 0, 0, 0, 1, 0, 0, 0, 0, 0], [4])",-0.0,-0.0,-0.0,-0.0,-0.0,-0.0,-0.0,-0.0,-1.0,-0.0,-1.0,0.815,-0.4092,0.025599999999999623
6,"([0.1, 0.1, 0.1, 0.1, 0.1, 0.1, 0.1, 0.1, 0.1, 0.1], [4])","([0, 0, 0, 0, 1, 0, 0, 0, 0, 0], [4])",-0.0,-0.0,-0.0,-0.0,-0.0,-0.0,-0.0,-0.0,-0.0,-0.0,0.0,0.815,-1.2204000000000002,0.029399999999999538
7,"([0.1, 0.1, 0.1, 0.1, 0.1, 0.1, 0.1, 0.1, 0.1, 0.1], [6])","([0, 0, 0, 0, 1, 0, 0, 0, 0, 0], [4])",-0.0,-0.0,-0.0,-0.0,-0.0,-0.0,-0.986,-0.0,-0.0,-0.0,-0.986,0.815,-1.0456000000000003,0.03319999999999945
8,"([0.1, 0.1, 0.1, 0.1, 0.1, 0.1, 0.1, 0.1, 0.1, 0.1], [0])","([0, 0, 0, 0, 1, 0, 0, 0, 0, 0], [4])",-0.9490000000000001,-0.0,-0.0,-0.0,-0.0,-0.0,-0.0,-0.0,-0.0,-0.0,-0.9490000000000001,0.815,-0.9078000000000003,0.03699999999999937
9,"([0.1, 0.1, 0.1, 0.1, 0.1, 0.1, 0.1, 0.1, 0.1, 0.1], [9])","([0, 0, 0, 0, 1, 0, 0, 0, 0, 0], [4])",-0.0,-0.0,-0.0,-0.0,-0.0,-0.0,-0.0,-0.0,-0.0,-0.9,-0.9,0.815,-0.8190000000000003,0.04079999999999928
10,"([0.1, 0.1, 0.1, 0.1, 0.1, 0.1, 0.1, 0.1, 0.1, 0.1], [0])","([0, 0, 0, 0, 1, 0, 0, 0, 0, 0], [4])",-0.9490000000000001,-0.0,-0.0,-0.0,-0.0,-0.0,-0.0,-0.0,-0.0,-0.0,-0.9490000000000001,0.815,-0.6812000000000002,0.044599999999999196
11,"([0.1, 0.1, 0.1, 0.1, 0.1, 0.1, 0.1, 0.1, 0.1, 0.1], [4])","([0, 0, 0, 0, 1, 0, 0, 0, 0, 0], [4])",-0.0,-0.0,-0.0,-0.0,-0.0,-0.0,-0.0,-0.0,-0.0,-0.0,0.0,0.815,-1.4924000000000004,0.04839999999999911
12,"([0.1, 0.1, 0.1, 0.1, 0.1, 0.1, 0.1, 0.1, 0.1, 0.1], [5])","([0, 0, 0, 0, 1, 0, 0, 0, 0, 0], [4])",-0.0,-0.0,-0.0,-0.0,-0.0,-0.8959999999999999,-0.0,-0.0,-0.0,-0.0,-0.8959999999999999,0.815,-1.4076000000000004,0.052199999999999025
13,"([0.1, 0.1, 0.1, 0.1, 0.1, 0.1, 0.1, 0.1, 0.1, 0.1], [1])","([0, 0, 0, 0, 1, 0, 0, 0, 0, 0], [4])",-0.0,-0.8240000000000001,-0.0,-0.0,-0.0,-0.0,-0.0,-0.0,-0.0,-0.0,-0.8240000000000001,0.815,-1.3948000000000005,0.05599999999999894
14,"([0.1, 0.1, 0.1, 0.1, 0.1, 0.1, 0.1, 0.1, 0.1, 0.1], [1])","([0, 0, 0, 0, 1, 0, 0, 0, 0, 0], [4])",-0.0,-0.8240000000000001,-0.0,-0.0,-0.0,-0.0,-0.0,-0.0,-0.0,-0.0,-0.8240000000000001,0.815,-1.3820000000000006,0.059799999999998854
15,"([0.1, 0.1, 0.1, 0.1, 0.1, 0.1, 0.1, 0.1, 0.1, 0.1], [9])","([0, 0, 0, 0, 1, 0, 0, 0, 0, 0], [4])",-0.0,-0.0,-0.0,-0.0,-0.0,-0.0,-0.0,-0.0,-0.0,-0.9,-0.9,0.815,-1.2932000000000006,0.06359999999999877
16,"([0.1, 0.1, 0.1, 0.1, 0.1, 0.1, 0.1, 0.1, 0.1, 0.1], [5])","([0, 0, 0, 0, 1, 0, 0, 0, 0, 0], [4])",-0.0,-0.0,-0.0,-0.0,-0.0,-0.8959999999999999,-0.0,-0.0,-0.0,-0.0,-0.8959999999999999,0.815,-1.2084000000000006,0.06739999999999868
17,"([0.1, 0.1, 0.1, 0.1, 0.1, 0.1, 0.1, 0.1, 0.1, 0.1], [6])","([0, 0, 0, 0, 1, 0, 0, 0, 0, 0], [4])",-0.0,-0.0,-0.0,-0.0,-0.0,-0.0,-0.986,-0.0,-0.0,-0.0,-0.986,0.815,-1.0336000000000007,0.0711999999999986
18,"([0.1, 0.1, 0.1, 0.1, 0.1, 0.1, 0.1, 0.1, 0.1, 0.1], [3])","([0, 0, 0, 0, 0, 0, 0, 0, 1, 0], [8])",-0.0,-0.0,-0.0,-0.852,-0.0,-0.0,-0.0,-0.0,-0.0,-0.0,-0.852,0.8112,-0.9928000000000008,0.0711999999999986
19,"([0.1, 0.1, 0.1, 0.1, 0.1, 0.1, 0.1, 0.1, 0.1, 0.1], [3])","([0, 0, 0, 0, 0, 0, 0, 0, 1, 0], [8])",-0.0,-0.0,-0.0,-0.852,-0.0,-0.0,-0.0,-0.0,-0.0,-0.0,-0.852,0.8112,-0.9520000000000008,0.0711999999999986
20,"([0.1, 0.1, 0.1, 0.1, 0.1, 0.1, 0.1, 0.1, 0.1, 0.1], [0])","([0, 0, 0, 0, 0, 0, 0, 0, 1, 0], [8])",-0.9490000000000001,-0.0,-0.0,-0.0,-0.0,-0.0,-0.0,-0.0,-0.0,-0.0,-0.9490000000000001,0.8112,-0.8142000000000008,0.0711999999999986
21,"([0.1, 0.1, 0.1, 0.1, 0.1, 0.1, 0.1, 0.1, 0.1, 0.1], [5])","([0, 0, 0, 0, 0, 0, 0, 0, 1, 0], [8])",-0.0,-0.0,-0.0,-0.0,-0.0,-0.8959999999999999,-0.0,-0.0,-0.0,-0.0,-0.8959999999999999,0.8112,-0.7294000000000009,0.0711999999999986
22,"([0.1, 0.1, 0.1, 0.1, 0.1, 0.1, 0.1, 0.1, 0.1, 0.1], [5])","([0, 0, 0, 0, 0, 0, 0, 0, 1, 0], [8])",-0.0,-0.0,-0.0,-0.0,-0.0,-0.8959999999999999,-0.0,-0.0,-0.0,-0.0,-0.8959999999999999,0.8112,-0.6446000000000011,0.0711999999999986
23,"([0.1, 0.1, 0.1, 0.1, 0.1, 0.1, 0.1, 0.1, 0.1, 0.1], [5])","([0, 0, 0, 0, 0, 0, 0, 0, 1, 0], [8])",-0.0,-0.0,-0.0,-0.0,-0.0,-0.8959999999999999,-0.0,-0.0,-0.0,-0.0,-0.8959999999999999,0.8112,-0.5598000000000012,0.0711999999999986
24,"([0.1, 0.1, 0.1, 0.1, 0.1, 0.1, 0.1, 0.1, 0.1, 0.1], [1])","([0, 0, 0, 0, 0, 0, 0, 0, 1, 0], [8])",-0.0,-0.8240000000000001,-0.0,-0.0,-0.0,-0.0,-0.0,-0.0,-0.0,-0.0,-0.8240000000000001,0.8112,-0.5470000000000012,0.0711999999999986
25,"([0.1, 0.1, 0.1, 0.1, 0.1, 0.1, 0.1, 0.1, 0.1, 0.1], [0])","([0, 0, 0, 0, 0, 0, 0, 0, 1, 0], [8])",-0.9490000000000001,-0.0,-0.0,-0.0,-0.0,-0.0,-0.0,-0.0,-0.0,-0.0,-0.9490000000000001,0.8112,-0.4092000000000011,0.0711999999999986
26,"([0.1, 0.1, 0.1, 0.1, 0.1, 0.1, 0.1, 0.1, 0.1, 0.1], [8])","([0, 0, 0, 0, 0, 0, 0, 0, 1, 0], [8])",-0.0,-0.0,-0.0,-0.0,-0.0,-0.0,-0.0,-0.0,-0.0,-0.0,0.0,0.8112,-1.220400000000001,0.0711999999999986
27,"([0.1, 0.1, 0.1, 0.1, 0.1, 0.1, 0.1, 0.1, 0.1, 0.1], [8])","([0, 0, 0, 0, 0, 0, 0, 0, 1, 0], [8])",-0.0,-0.0,-0.0,-0.0,-0.0,-0.0,-0.0,-0.0,-0.0,-0.0,0.0,0.8112,-2.031600000000001,0.0711999999999986
28,"([0.1, 0.1, 0.1, 0.1, 0.1, 0.1, 0.1, 0.1, 0.1, 0.1], [2])","([0, 0, 0, 0, 0, 0, 0, 0, 1, 0], [8])",-0.0,-0.0,-0.8740000000000001,-0.0,-0.0,-0.0,-0.0,-0.0,-0.0,-0.0,-0.8740000000000001,0.8112,-1.9688000000000008,0.0711999999999986
29,"([0.1, 0.1, 0.1, 0.1, 0.1, 0.1, 0.1, 0.1, 0.1, 0.1], [4])","([0, 0, 0, 0, 0, 0, 0, 0, 1, 0], [8])",-0.0,-0.0,-0.0,-0.0,-0.9620000000000001,-0.0,-0.0,-0.0,-0.0,-0.0,-0.9620000000000001,0.8112,-1.8180000000000007,0.0711999999999986
30,"([0.1, 0.1, 0.1, 0.1, 0.1, 0.1, 0.1, 0.1, 0.1, 0.1], [8])","([0, 0, 0, 0, 0, 0, 0, 0, 1, 0], [8])",-0.0,-0.0,-0.0,-0.0,-0.0,-0.0,-0.0,-0.0,-0.0,-0.0,0.0,0.8112,-2.629200000000001,0.0711999999999986
31,"([0.1, 0.1, 0.1, 0.1, 0.1, 0.1, 0.1, 0.1, 0.1, 0.1], [8])","([0, 0, 0, 0, 0, 0, 0, 0, 1, 0], [8])",-0.0,-0.0,-0.0,-0.0,-0.0,-0.0,-0.0,-0.0,-0.0,-0.0,0.0,0.8112,-3.440400000000001,0.0711999999999986
32,"([0.1, 0.1, 0.1, 0.1, 0.1, 0.1, 0.1, 0.1, 0.1, 0.1], [5])","([0, 0, 0, 0, 0, 0, 0, 0, 1, 0], [8])",-0.0,-0.0,-0.0,-0.0,-0.0,-0.8959999999999999,-0.0,-0.0,-0.0,-0.0,-0.8959999999999999,0.8112,-3.355600000000001,0.0711999999999986
33,"([0.1, 0.1, 0.1, 0.1, 0.1, 0.1, 0.1, 0.1, 0.1, 0.1], [8])","([0, 0, 0, 0, 0, 0, 0, 0, 1, 0], [8])",-0.0,-0.0,-0.0,-0.0,-0.0,-0.0,-0.0,-0.0,-0.0,-0.0,0.0,0.8112,-4.166800000000001,0.0711999999999986
34,"([0.1, 0.1, 0.1, 0.1, 0.1, 0.1, 0.1, 0.1, 0.1, 0.1], [2])","([0, 0, 0, 0, 0, 0, 0, 0, 1, 0], [8])",-0.0,-0.0,-0.8740000000000001,-0.0,-0.0,-0.0,-0.0,-0.0,-0.0,-0.0,-0.8740000000000001,0.8112,-4.104000000000001,0.0711999999999986
35,"([0.1, 0.1, 0.1, 0.1, 0.1, 0.1, 0.1, 0.1, 0.1, 0.1], [7])","([0, 0, 0, 0, 0, 0, 0, 0, 1, 0], [8])",-0.0,-0.0,-0.0,-0.0,-0.0,-0.0,-0.0,-0.8690000000000001,-0.0,-0.0,-0.8690000000000001,0.8112,-4.046200000000001,0.0711999999999986
36,"([0.1, 0.1, 0.1, 0.1, 0.1, 0.1, 0.1, 0.1, 0.1, 0.1], [9])","([0, 0, 0, 0, 0, 0, 0, 0, 1, 0], [8])",-0.0,-0.0,-0.0,-0.0,-0.0,-0.0,-0.0,-0.0,-0.0,-0.9,-0.9,0.8112,-3.9574000000000007,0.0711999999999986
37,"([0.1, 0.1, 0.1, 0.1, 0.1, 0.1, 0.1, 0.1, 0.1, 0.1], [8])","([0, 0, 0, 0, 0, 0, 0, 0, 1, 0], [8])",-0.0,-0.0,-0.0,-0.0,-0.0,-0.0,-0.0,-0.0,-0.0,-0.0,0.0,0.8112,-4.768600000000001,0.0711999999999986
38,"([0.1, 0.1, 0.1, 0.1, 0.1, 0.1, 0.1, 0.1, 0.1, 0.1], [1])","([0, 0, 0, 0, 0, 0, 0, 0, 1, 0], [8])",-0.0,-0.8240000000000001,-0.0,-0.0,-0.0,-0.0,-0.0,-0.0,-0.0,-0.0,-0.8240000000000001,0.8112,-4.755800000000001,0.0711999999999986
39,"([0.1, 0.1, 0.1, 0.1, 0.1, 0.1, 0.1, 0.1, 0.1, 0.1], [7])","([0, 0, 0, 0, 0, 0, 0, 0, 1, 0], [8])",-0.0,-0.0,-0.0,-0.0,-0.0,-0.0,-0.0,-0.8690000000000001,-0.0,-0.0,-0.8690000000000001,0.8112,-4.698,0.0711999999999986
40,"([0.1, 0.1, 0.1, 0.1, 0.1, 0.1, 0.1, 0.1, 0.1, 0.1], [9])","([0, 0, 0, 0, 0, 0, 0, 0, 1, 0], [8])",-0.0,-0.0,-0.0,-0.0,-0.0,-0.0,-0.0,-0.0,-0.0,-0.9,-0.9,0.8112,-4.6092,0.0711999999999986
41,"([0.1, 0.1, 0.1, 0.1, 0.1, 0.1, 0.1, 0.1, 0.1, 0.1], [0])","([0, 0, 0, 0, 0, 0, 0, 0, 1, 0], [8])",-0.9490000000000001,-0.0,-0.0,-0.0,-0.0,-0.0,-0.0,-0.0,-0.0,-0.0,-0.9490000000000001,0.8112,-4.4714,0.0711999999999986
42,"([0.1, 0.1, 0.1, 0.1, 0.1, 0.1, 0.1, 0.1, 0.1, 0.1], [1])","([0, 0, 0, 0, 0, 0, 0, 0, 1, 0], [8])",-0.0,-0.8240000000000001,-0.0,-0.0,-0.0,-0.0,-0.0,-0.0,-0.0,-0.0,-0.8240000000000001,0.8112,-4.4586,0.0711999999999986
43,"([0.1, 0.1, 0.1, 0.1, 0.1, 0.1, 0.1, 0.1, 0.1, 0.1], [9])","([0, 0, 0, 0, 0, 0, 0, 0, 1, 0], [8])",-0.0,-0.0,-0.0,-0.0,-0.0,-0.0,-0.0,-0.0,-0.0,-0.9,-0.9,0.8112,-4.3698,0.0711999999999986
44,"([0.1, 0.1, 0.1, 0.1, 0.1, 0.1, 0.1, 0.1, 0.1, 0.1], [6])","([0, 0, 0, 0, 0, 0, 0, 0, 1, 0], [8])",-0.0,-0.0,-0.0,-0.0,-0.0,-0.0,-0.986,-0.0,-0.0,-0.0,-0.986,0.8112,-4.194999999999999,0.0711999999999986
45,"([0.1, 0.1, 0.1, 0.1, 0.1, 0.1, 0.1, 0.1, 0.1, 0.1], [3])","([0, 0, 0, 0, 0, 0, 0, 0, 1, 0], [8])",-0.0,-0.0,-0.0,-0.852,-0.0,-0.0,-0.0,-0.0,-0.0,-0.0,-0.852,0.8112,-4.1541999999999994,0.0711999999999986
46,"([0.1, 0.1, 0.1, 0.1, 0.1, 0.1, 0.1, 0.1, 0.1, 0.1], [7])","([0, 0, 0, 0, 0, 0, 0, 0, 1, 0], [8])",-0.0,-0.0,-0.0,-0.0,-0.0,-0.0,-0.0,-0.8690000000000001,-0.0,-0.0,-0.8690000000000001,0.8112,-4.096399999999999,0.0711999999999986
47,"([0.1, 0.1, 0.1, 0.1, 0.1, 0.1, 0.1, 0.1, 0.1, 0.1], [6])","([0, 0, 0, 0, 0, 0, 0, 0, 1, 0], [8])",-0.0,-0.0,-0.0,-0.0,-0.0,-0.0,-0.986,-0.0,-0.0,-0.0,-0.986,0.8112,-3.9215999999999993,0.0711999999999986
48,"([0.1, 0.1, 0.1, 0.1, 0.1, 0.1, 0.1, 0.1, 0.1, 0.1], [2])","([0, 0, 0, 0, 0, 0, 0, 0, 1, 0], [8])",-0.0,-0.0,-0.8740000000000001,-0.0,-0.0,-0.0,-0.0,-0.0,-0.0,-0.0,-0.8740000000000001,0.8112,-3.858799999999999,0.0711999999999986
49,"([0.1, 0.1, 0.1, 0.1, 0.1, 0.1, 0.1, 0.1, 0.1, 0.1], [0])","([0, 0, 0, 0, 0, 0, 0, 0, 1, 0], [8])",-0.9490000000000001,-0.0,-0.0,-0.0,-0.0,-0.0,-0.0,-0.0,-0.0,-0.0,-0.9490000000000001,0.8112,-3.720999999999999,0.0711999999999986
50,"([0.1, 0.1, 0.1, 0.1, 0.1, 0.1, 0.1, 0.1, 0.1, 0.1], [3])","([0, 0, 0, 0, 0, 0, 0, 0, 1, 0], [8])",-0.0,-0.0,-0.0,-0.852,-0.0,-0.0,-0.0,-0.0,-0.0,-0.0,-0.852,0.8112,-3.6801999999999992,0.0711999999999986
51,"([0.1, 0.1, 0.1, 0.1, 0.1, 0.1, 0.1, 0.1, 0.1, 0.1], [4])","([0, 0, 0, 0, 0, 0, 0, 0, 1, 0], [8])",-0.0,-0.0,-0.0,-0.0,-0.9620000000000001,-0.0,-0.0,-0.0,-0.0,-0.0,-0.9620000000000001,0.8112,-3.529399999999999,0.0711999999999986
52,"([0.1, 0.1, 0.1, 0.1, 0.1, 0.1, 0.1, 0.1, 0.1, 0.1], [2])","([0, 0, 0, 0, 0, 0, 0, 0, 1, 0], [8])",-0.0,-0.0,-0.8740000000000001,-0.0,-0.0,-0.0,-0.0,-0.0,-0.0,-0.0,-0.8740000000000001,0.8112,-3.466599999999999,0.0711999999999986
53,"([0.1, 0.1, 0.1, 0.1, 0.1, 0.1, 0.1, 0.1, 0.1, 0.1], [7])","([0, 0, 0, 0, 0, 0, 0, 0, 1, 0], [8])",-0.0,-0.0,-0.0,-0.0,-0.0,-0.0,-0.0,-0.8690000000000001,-0.0,-0.0,-0.8690000000000001,0.8112,-3.4087999999999985,0.0711999999999986
54,"([0.1, 0.1, 0.1, 0.1, 0.1, 0.1, 0.1, 0.1, 0.1, 0.1], [6])","([0, 0, 0, 0, 0, 0, 0, 0, 1, 0], [8])",-0.0,-0.0,-0.0,-0.0,-0.0,-0.0,-0.986,-0.0,-0.0,-0.0,-0.986,0.8112,-3.2339999999999987,0.0711999999999986
55,"([0.1, 0.1, 0.1, 0.1, 0.1, 0.1, 0.1, 0.1, 0.1, 0.1], [7])","([0, 0, 0, 0, 0, 0, 0, 0, 1, 0], [8])",-0.0,-0.0,-0.0,-0.0,-0.0,-0.0,-0.0,-0.8690000000000001,-0.0,-0.0,-0.8690000000000001,0.8112,-3.176199999999999,0.0711999999999986
56,"([0.1, 0.1, 0.1, 0.1, 0.1, 0.1, 0.1, 0.1, 0.1, 0.1], [0])","([0, 0, 0, 0, 0, 0, 0, 0, 1, 0], [8])",-0.9490000000000001,-0.0,-0.0,-0.0,-0.0,-0.0,-0.0,-0.0,-0.0,-0.0,-0.9490000000000001,0.8112,-3.038399999999999,0.0711999999999986
57,"([0.1, 0.1, 0.1, 0.1, 0.1, 0.1, 0.1, 0.1, 0.1, 0.1], [3])","([0, 0, 0, 0, 0, 0, 0, 0, 1, 0], [8])",-0.0,-0.0,-0.0,-0.852,-0.0,-0.0,-0.0,-0.0,-0.0,-0.0,-0.852,0.8112,-2.997599999999999,0.0711999999999986
58,"([0.1, 0.1, 0.1, 0.1, 0.1, 0.1, 0.1, 0.1, 0.1, 0.1], [1])","([0, 0, 0, 0, 0, 0, 0, 0, 1, 0], [8])",-0.0,-0.8240000000000001,-0.0,-0.0,-0.0,-0.0,-0.0,-0.0,-0.0,-0.0,-0.8240000000000001,0.8112,-2.984799999999999,0.0711999999999986
59,"([0.1, 0.1, 0.1, 0.1, 0.1, 0.1, 0.1, 0.1, 0.1, 0.1], [6])","([0, 0, 0, 0, 0, 0, 0, 0, 1, 0], [8])",-0.0,-0.0,-0.0,-0.0,-0.0,-0.0,-0.986,-0.0,-0.0,-0.0,-0.986,0.8112,-2.809999999999999,0.0711999999999986
60,"([0.1, 0.1, 0.1, 0.1, 0.1, 0.1, 0.1, 0.1, 0.1, 0.1], [1])","([0, 0, 0, 0, 0, 0, 0, 0, 1, 0], [8])",-0.0,-0.8240000000000001,-0.0,-0.0,-0.0,-0.0,-0.0,-0.0,-0.0,-0.0,-0.8240000000000001,0.8112,-2.7971999999999992,0.0711999999999986
61,"([0.1, 0.1, 0.1, 0.1, 0.1, 0.1, 0.1, 0.1, 0.1, 0.1], [2])","([0, 0, 0, 0, 0, 0, 0, 0, 1, 0], [8])",-0.0,-0.0,-0.8740000000000001,-0.0,-0.0,-0.0,-0.0,-0.0,-0.0,-0.0,-0.8740000000000001,0.8112,-2.734399999999999,0.0711999999999986
62,"([0.1, 0.1, 0.1, 0.1, 0.1, 0.1, 0.1, 0.1, 0.1, 0.1], [4])","([0, 0, 0, 0, 0, 0, 0, 0, 1, 0], [8])",-0.0,-0.0,-0.0,-0.0,-0.9620000000000001,-0.0,-0.0,-0.0,-0.0,-0.0,-0.9620000000000001,0.8112,-2.583599999999999,0.0711999999999986
63,"([0.1, 0.1, 0.1, 0.1, 0.1, 0.1, 0.1, 0.1, 0.1, 0.1], [1])","([0, 0, 0, 0, 0, 0, 0, 0, 1, 0], [8])",-0.0,-0.8240000000000001,-0.0,-0.0,-0.0,-0.0,-0.0,-0.0,-0.0,-0.0,-0.8240000000000001,0.8112,-2.570799999999999,0.0711999999999986
64,"([0.1, 0.1, 0.1, 0.1, 0.1, 0.1, 0.1, 0.1, 0.1, 0.1], [2])","([0, 0, 0, 0, 0, 0, 0, 0, 1, 0], [8])",-0.0,-0.0,-0.8740000000000001,-0.0,-0.0,-0.0,-0.0,-0.0,-0.0,-0.0,-0.8740000000000001,0.8112,-2.5079999999999987,0.0711999999999986
65,"([0.1, 0.1, 0.1, 0.1, 0.1, 0.1, 0.1, 0.1, 0.1, 0.1], [9])","([0, 0, 0, 0, 0, 0, 0, 0, 1, 0], [8])",-0.0,-0.0,-0.0,-0.0,-0.0,-0.0,-0.0,-0.0,-0.0,-0.9,-0.9,0.8112,-2.4191999999999987,0.0711999999999986
66,"([0.1, 0.1, 0.1, 0.1, 0.1, 0.1, 0.1, 0.1, 0.1, 0.1], [3])","([0, 0, 0, 0, 0, 0, 0, 0, 1, 0], [8])",-0.0,-0.0,-0.0,-0.852,-0.0,-0.0,-0.0,-0.0,-0.0,-0.0,-0.852,0.8112,-2.3783999999999987,0.0711999999999986
67,"([0.1, 0.1, 0.1, 0.1, 0.1, 0.1, 0.1, 0.1, 0.1, 0.1], [5])","([0, 0, 0, 0, 0, 0, 0, 0, 1, 0], [8])",-0.0,-0.0,-0.0,-0.0,-0.0,-0.8959999999999999,-0.0,-0.0,-0.0,-0.0,-0.8959999999999999,0.8112,-2.2935999999999988,0.0711999999999986
68,"([0.1, 0.1, 0.1, 0.1, 0.1, 0.1, 0.1, 0.1, 0.1, 0.1], [3])","([0, 0, 0, 0, 0, 0, 0, 0, 1, 0], [8])",-0.0,-0.0,-0.0,-0.852,-0.0,-0.0,-0.0,-0.0,-0.0,-0.0,-0.852,0.8112,-2.252799999999999,0.0711999999999986
69,"([0.1, 0.1, 0.1, 0.1, 0.1, 0.1, 0.1, 0.1, 0.1, 0.1], [2])","([0, 0, 0, 0, 0, 0, 0, 0, 1, 0], [8])",-0.0,-0.0,-0.8740000000000001,-0.0,-0.0,-0.0,-0.0,-0.0,-0.0,-0.0,-0.8740000000000001,0.8112,-2.1899999999999986,0.0711999999999986
70,"([0.1, 0.1, 0.1, 0.1, 0.1, 0.1, 0.1, 0.1, 0.1, 0.1], [8])","([0, 0, 0, 0, 0, 0, 0, 0, 1, 0], [8])",-0.0,-0.0,-0.0,-0.0,-0.0,-0.0,-0.0,-0.0,-0.0,-0.0,0.0,0.8112,-3.0011999999999985,0.0711999999999986
71,"([0.1, 0.1, 0.1, 0.1, 0.1, 0.1, 0.1, 0.1, 0.1, 0.1], [3])","([0, 0, 0, 0, 0, 0, 0, 0, 1, 0], [8])",-0.0,-0.0,-0.0,-0.852,-0.0,-0.0,-0.0,-0.0,-0.0,-0.0,-0.852,0.8112,-2.9603999999999986,0.0711999999999986
72,"([0.1, 0.1, 0.1, 0.1, 0.1, 0.1, 0.1, 0.1, 0.1, 0.1], [7])","([0, 0, 0, 0, 0, 0, 0, 0, 1, 0], [8])",-0.0,-0.0,-0.0,-0.0,-0.0,-0.0,-0.0,-0.8690000000000001,-0.0,-0.0,-0.8690000000000001,0.8112,-2.9025999999999987,0.0711999999999986
73,"([0.1, 0.1, 0.1, 0.1, 0.1, 0.1, 0.1, 0.1, 0.1, 0.1], [0])","([0, 0, 0, 0, 0, 0, 0, 0, 1, 0], [8])",-0.9490000000000001,-0.0,-0.0,-0.0,-0.0,-0.0,-0.0,-0.0,-0.0,-0.0,-0.9490000000000001,0.8112,-2.764799999999999,0.0711999999999986
74,"([0.1, 0.1, 0.1, 0.1, 0.1, 0.1, 0.1, 0.1, 0.1, 0.1], [3])","([0, 0, 0, 0, 0, 0, 0, 0, 1, 0], [8])",-0.0,-0.0,-0.0,-0.852,-0.0,-0.0,-0.0,-0.0,-0.0,-0.0,-0.852,0.8112,-2.723999999999999,0.0711999999999986
75,"([0.1, 0.1, 0.1, 0.1, 0.1, 0.1, 0.1, 0.1, 0.1, 0.1], [1])","([0, 0, 0, 0, 0, 0, 0, 0, 1, 0], [8])",-0.0,-0.8240000000000001,-0.0,-0.0,-0.0,-0.0,-0.0,-0.0,-0.0,-0.0,-0.8240000000000001,0.8112,-2.711199999999999,0.0711999999999986
76,"([0.1, 0.1, 0.1, 0.1, 0.1, 0.1, 0.1, 0.1, 0.1, 0.1], [8])","([0, 0, 0, 0, 0, 0, 0, 0, 1, 0], [8])",-0.0,-0.0,-0.0,-0.0,-0.0,-0.0,-0.0,-0.0,-0.0,-0.0,0.0,0.8112,-3.522399999999999,0.0711999999999986
77,"([0.1, 0.1, 0.1, 0.1, 0.1, 0.1, 0.1, 0.1, 0.1, 0.1], [4])","([0, 0, 0, 0, 0, 0, 0, 0, 1, 0], [8])",-0.0,-0.0,-0.0,-0.0,-0.9620000000000001,-0.0,-0.0,-0.0,-0.0,-0.0,-0.9620000000000001,0.8112,-3.371599999999999,0.0711999999999986
78,"([0.1, 0.1, 0.1, 0.1, 0.1, 0.1, 0.1, 0.1, 0.1, 0.1], [9])","([0, 0, 0, 0, 0, 0, 0, 0, 1, 0], [8])",-0.0,-0.0,-0.0,-0.0,-0.0,-0.0,-0.0,-0.0,-0.0,-0.9,-0.9,0.8112,-3.282799999999999,0.0711999999999986
79,"([0.1, 0.1, 0.1, 0.1, 0.1, 0.1, 0.1, 0.1, 0.1, 0.1], [1])","([0, 0, 0, 0, 0, 0, 0, 0, 1, 0], [8])",-0.0,-0.8240000000000001,-0.0,-0.0,-0.0,-0.0,-0.0,-0.0,-0.0,-0.0,-0.8240000000000001,0.8112,-3.269999999999999,0.0711999999999986
80,"([0.1, 0.1, 0.1, 0.1, 0.1, 0.1, 0.1, 0.1, 0.1, 0.1], [7])","([0, 0, 0, 0, 0, 0, 0, 0, 1, 0], [8])",-0.0,-0.0,-0.0,-0.0,-0.0,-0.0,-0.0,-0.8690000000000001,-0.0,-0.0,-0.8690000000000001,0.8112,-3.2121999999999993,0.0711999999999986
81,"([0.1, 0.1, 0.1, 0.1, 0.1, 0.1, 0.1, 0.1, 0.1, 0.1], [1])","([0, 0, 0, 0, 0, 0, 0, 0, 1, 0], [8])",-0.0,-0.8240000000000001,-0.0,-0.0,-0.0,-0.0,-0.0,-0.0,-0.0,-0.0,-0.8240000000000001,0.8112,-3.1993999999999994,0.0711999999999986
82,"([0.1, 0.1, 0.1, 0.1, 0.1, 0.1, 0.1, 0.1, 0.1, 0.1], [6])","([0, 0, 0, 0, 0, 0, 0, 0, 1, 0], [8])",-0.0,-0.0,-0.0,-0.0,-0.0,-0.0,-0.986,-0.0,-0.0,-0.0,-0.986,0.8112,-3.0245999999999995,0.0711999999999986
83,"([0.1, 0.1, 0.1, 0.1, 0.1, 0.1, 0.1, 0.1, 0.1, 0.1], [1])","([0, 0, 0, 0, 0, 0, 0, 0, 1, 0], [8])",-0.0,-0.8240000000000001,-0.0,-0.0,-0.0,-0.0,-0.0,-0.0,-0.0,-0.0,-0.8240000000000001,0.8112,-3.0117999999999996,0.0711999999999986
84,"([0.1, 0.1, 0.1, 0.1, 0.1, 0.1, 0.1, 0.1, 0.1, 0.1], [6])","([0, 0, 0, 0, 0, 0, 0, 0, 1, 0], [8])",-0.0,-0.0,-0.0,-0.0,-0.0,-0.0,-0.986,-0.0,-0.0,-0.0,-0.986,0.8112,-2.8369999999999997,0.0711999999999986
85,"([0.1, 0.1, 0.1, 0.1, 0.1, 0.1, 0.1, 0.1, 0.1, 0.1], [4])","([0, 0, 0, 0, 0, 0, 0, 0, 1, 0], [8])",-0.0,-0.0,-0.0,-0.0,-0.9620000000000001,-0.0,-0.0,-0.0,-0.0,-0.0,-0.9620000000000001,0.8112,-2.6861999999999995,0.0711999999999986
86,"([0.1, 0.1, 0.1, 0.1, 0.1, 0.1, 0.1, 0.1, 0.1, 0.1], [8])","([0, 0, 0, 0, 0, 0, 0, 0, 1, 0], [8])",-0.0,-0.0,-0.0,-0.0,-0.0,-0.0,-0.0,-0.0,-0.0,-0.0,0.0,0.8112,-3.4973999999999994,0.0711999999999986
87,"([0.1, 0.1, 0.1, 0.1, 0.1, 0.1, 0.1, 0.1, 0.1, 0.1], [7])","([0, 0, 0, 0, 0, 0, 0, 0, 1, 0], [8])",-0.0,-0.0,-0.0,-0.0,-0.0,-0.0,-0.0,-0.8690000000000001,-0.0,-0.0,-0.8690000000000001,0.8112,-3.4395999999999995,0.0711999999999986
88,"([0.1, 0.1, 0.1, 0.1, 0.1, 0.1, 0.1, 0.1, 0.1, 0.1], [9])","([0, 0, 0, 0, 0, 0, 0, 0, 1, 0], [8])",-0.0,-0.0,-0.0,-0.0,-0.0,-0.0,-0.0,-0.0,-0.0,-0.9,-0.9,0.8112,-3.3507999999999996,0.0711999999999986
89,"([0.1, 0.1, 0.1, 0.1, 0.1, 0.1, 0.1, 0.1, 0.1, 0.1], [4])","([0, 0, 0, 0, 0, 0, 0, 0, 1, 0], [8])",-0.0,-0.0,-0.0,-0.0,-0.9620000000000001,-0.0,-0.0,-0.0,-0.0,-0.0,-0.9620000000000001,0.8112,-3.1999999999999993,0.0711999999999986
90,"([0.1, 0.1, 0.1, 0.1, 0.1, 0.1, 0.1, 0.1, 0.1, 0.1], [5])","([0, 0, 0, 0, 0, 0, 0, 0, 1, 0], [8])",-0.0,-0.0,-0.0,-0.0,-0.0,-0.8959999999999999,-0.0,-0.0,-0.0,-0.0,-0.8959999999999999,0.8112,-3.1151999999999993,0.0711999999999986
91,"([0.1, 0.1, 0.1, 0.1, 0.1, 0.1, 0.1, 0.1, 0.1, 0.1], [7])","([0, 0, 0, 0, 0, 0, 0, 0, 1, 0], [8])",-0.0,-0.0,-0.0,-0.0,-0.0,-0.0,-0.0,-0.8690000000000001,-0.0,-0.0,-0.8690000000000001,0.8112,-3.0573999999999995,0.0711999999999986
92,"([0.1, 0.1, 0.1, 0.1, 0.1, 0.1, 0.1, 0.1, 0.1, 0.1], [7])","([0, 0, 0, 0, 0, 0, 0, 0, 1, 0], [8])",-0.0,-0.0,-0.0,-0.0,-0.0,-0.0,-0.0,-0.8690000000000001,-0.0,-0.0,-0.8690000000000001,0.8112,-2.999599999999999,0.0711999999999986
93,"([0.1, 0.1, 0.1, 0.1, 0.1, 0.1, 0.1, 0.1, 0.1, 0.1], [4])","([0, 0, 0, 0, 0, 0, 0, 0, 1, 0], [8])",-0.0,-0.0,-0.0,-0.0,-0.9620000000000001,-0.0,-0.0,-0.0,-0.0,-0.0,-0.9620000000000001,0.8112,-2.848799999999999,0.0711999999999986
94,"([0.1, 0.1, 0.1, 0.1, 0.1, 0.1, 0.1, 0.1, 0.1, 0.1], [6])","([0, 0, 0, 0, 0, 0, 0, 0, 1, 0], [8])",-0.0,-0.0,-0.0,-0.0,-0.0,-0.0,-0.986,-0.0,-0.0,-0.0,-0.986,0.8112,-2.673999999999999,0.0711999999999986
95,"([0.1, 0.1, 0.1, 0.1, 0.1, 0.1, 0.1, 0.1, 0.1, 0.1], [4])","([0, 0, 0, 0, 0, 0, 0, 0, 1, 0], [8])",-0.0,-0.0,-0.0,-0.0,-0.9620000000000001,-0.0,-0.0,-0.0,-0.0,-0.0,-0.9620000000000001,0.8112,-2.523199999999999,0.0711999999999986
96,"([0.1, 0.1, 0.1, 0.1, 0.1, 0.1, 0.1, 0.1, 0.1, 0.1], [4])","([0, 0, 0, 0, 0, 0, 0, 0, 1, 0], [8])",-0.0,-0.0,-0.0,-0.0,-0.9620000000000001,-0.0,-0.0,-0.0,-0.0,-0.0,-0.9620000000000001,0.8112,-2.372399999999999,0.0711999999999986
97,"([0.1, 0.1, 0.1, 0.1, 0.1, 0.1, 0.1, 0.1, 0.1, 0.1], [1])","([0, 0, 0, 0, 0, 0, 0, 0, 1, 0], [8])",-0.0,-0.8240000000000001,-0.0,-0.0,-0.0,-0.0,-0.0,-0.0,-0.0,-0.0,-0.8240000000000001,0.8112,-2.359599999999999,0.0711999999999986
98,"([0.1, 0.1, 0.1, 0.1, 0.1, 0.1, 0.1, 0.1, 0.1, 0.1], [6])","([0, 0, 0, 0, 0, 0, 0, 0, 1, 0], [8])",-0.0,-0.0,-0.0,-0.0,-0.0,-0.0,-0.986,-0.0,-0.0,-0.0,-0.986,0.8112,-2.184799999999999,0.0711999999999986
99,"([0.1, 0.1, 0.1, 0.1, 0.1, 0.1, 0.1, 0.1, 0.1, 0.1], [7])","([0, 0, 0, 0, 0, 0, 0, 0, 1, 0], [8])",-0.0,-0.0,-0.0,-0.0,-0.0,-0.0,-0.0,-0.8690000000000001,-0.0,-0.0,-0.8690000000000001,0.8112,-2.126999999999999,0.0711999999999986
100,"([0.1, 0.1, 0.1, 0.1, 0.1, 0.1, 0.1, 0.1, 0.1, 0.1], [4])","([0, 0, 0, 0, 0, 0, 0, 0, 1, 0], [8])",-0.0,-0.0,-0.0,-0.0,-0.9620000000000001,-0.0,-0.0,-0.0,-0.0,-0.0,-0.9620000000000001,0.8112,-1.9761999999999988,0.0711999999999986
101,"([0.1, 0.1, 0.1, 0.1, 0.1, 0.1, 0.1, 0.1, 0.1, 0.1], [4])","([0, 0, 0, 0, 0, 0, 0, 0, 1, 0], [8])",-0.0,-0.0,-0.0,-0.0,-0.9620000000000001,-0.0,-0.0,-0.0,-0.0,-0.0,-0.9620000000000001,0.8112,-1.8253999999999988,0.0711999999999986
102,"([0.1, 0.1, 0.1, 0.1, 0.1, 0.1, 0.1, 0.1, 0.1, 0.1], [4])","([0, 0, 0, 0, 0, 0, 0, 0, 1, 0], [8])",-0.0,-0.0,-0.0,-0.0,-0.9620000000000001,-0.0,-0.0,-0.0,-0.0,-0.0,-0.9620000000000001,0.8112,-1.6745999999999988,0.0711999999999986
103,"([0.1, 0.1, 0.1, 0.1, 0.1, 0.1, 0.1, 0.1, 0.1, 0.1], [6])","([0, 0, 0, 0, 0, 0, 0, 0, 1, 0], [8])",-0.0,-0.0,-0.0,-0.0,-0.0,-0.0,-0.986,-0.0,-0.0,-0.0,-0.986,0.8112,-1.4997999999999987,0.0711999999999986
104,"([0.1, 0.1, 0.1, 0.1, 0.1, 0.1, 0.1, 0.1, 0.1, 0.1], [7])","([0, 0, 0, 0, 0, 0, 0, 0, 1, 0], [8])",-0.0,-0.0,-0.0,-0.0,-0.0,-0.0,-0.0,-0.8690000000000001,-0.0,-0.0,-0.8690000000000001,0.8112,-1.4419999999999986,0.0711999999999986
105,"([0.1, 0.1, 0.1, 0.1, 0.1, 0.1, 0.1, 0.1, 0.1, 0.1], [9])","([0, 0, 0, 0, 0, 0, 0, 0, 1, 0], [8])",-0.0,-0.0,-0.0,-0.0,-0.0,-0.0,-0.0,-0.0,-0.0,-0.9,-0.9,0.8112,-1.3531999999999986,0.0711999999999986
106,"([0.1, 0.1, 0.1, 0.1, 0.1, 0.1, 0.1, 0.1, 0.1, 0.1], [2])","([0, 0, 0, 0, 0, 0, 0, 0, 1, 0], [8])",-0.0,-0.0,-0.8740000000000001,-0.0,-0.0,-0.0,-0.0,-0.0,-0.0,-0.0,-0.8740000000000001,0.8112,-1.2903999999999987,0.0711999999999986
107,"([0.1, 0.1, 0.1, 0.1, 0.1, 0.1, 0.1, 0.1, 0.1, 0.1], [8])","([0, 0, 0, 0, 0, 0, 0, 0, 1, 0], [8])",-0.0,-0.0,-0.0,-0.0,-0.0,-0.0,-0.0,-0.0,-0.0,-0.0,0.0,0.8112,-2.1015999999999986,0.0711999999999986
108,"([0.1, 0.1, 0.1, 0.1, 0.1, 0.1, 0.1, 0.1, 0.1, 0.1], [9])","([0, 0, 0, 0, 0, 0, 0, 0, 1, 0], [8])",-0.0,-0.0,-0.0,-0.0,-0.0,-0.0,-0.0,-0.0,-0.0,-0.9,-0.9,0.8112,-2.0127999999999986,0.0711999999999986
109,"([0.1, 0.1, 0.1, 0.1, 0.1, 0.1, 0.1, 0.1, 0.1, 0.1], [1])","([0, 0, 0, 0, 0, 0, 0, 0, 1, 0], [8])",-0.0,-0.8240000000000001,-0.0,-0.0,-0.0,-0.0,-0.0,-0.0,-0.0,-0.0,-0.8240000000000001,0.8112,-1.9999999999999987,0.0711999999999986
110,"([0.1, 0.1, 0.1, 0.1, 0.1, 0.1, 0.1, 0.1, 0.1, 0.1], [4])","([0, 0, 0, 0, 0, 0, 0, 0, 1, 0], [8])",-0.0,-0.0,-0.0,-0.0,-0.9620000000000001,-0.0,-0.0,-0.0,-0.0,-0.0,-0.9620000000000001,0.8112,-1.8491999999999986,0.0711999999999986
111,"([0.1, 0.1, 0.1, 0.1, 0.1, 0.1, 0.1, 0.1, 0.1, 0.1], [3])","([0, 0, 0, 0, 0, 0, 0, 0, 1, 0], [8])",-0.0,-0.0,-0.0,-0.852,-0.0,-0.0,-0.0,-0.0,-0.0,-0.0,-0.852,0.8112,-1.8083999999999987,0.0711999999999986
112,"([0.1, 0.1, 0.1, 0.1, 0.1, 0.1, 0.1, 0.1, 0.1, 0.1], [9])","([0, 0, 0, 0, 0, 0, 0, 0, 1, 0], [8])",-0.0,-0.0,-0.0,-0.0,-0.0,-0.0,-0.0,-0.0,-0.0,-0.9,-0.9,0.8112,-1.7195999999999987,0.0711999999999986
113,"([0.1, 0.1, 0.1, 0.1, 0.1, 0.1, 0.1, 0.1, 0.1, 0.1], [6])","([0, 0, 0, 0, 0, 0, 0, 0, 1, 0], [8])",-0.0,-0.0,-0.0,-0.0,-0.0,-0.0,-0.986,-0.0,-0.0,-0.0,-0.986,0.8112,-1.5447999999999986,0.0711999999999986
114,"([0.1, 0.1, 0.1, 0.1, 0.1, 0.1, 0.1, 0.1, 0.1, 0.1], [4])","([0, 0, 0, 0, 0, 0, 0, 0, 1, 0], [8])",-0.0,-0.0,-0.0,-0.0,-0.9620000000000001,-0.0,-0.0,-0.0,-0.0,-0.0,-0.9620000000000001,0.8112,-1.3939999999999986,0.0711999999999986
115,"([0.1, 0.1, 0.1, 0.1, 0.1, 0.1, 0.1, 0.1, 0.1, 0.1], [3])","([0, 0, 0, 0, 0, 0, 0, 0, 1, 0], [8])",-0.0,-0.0,-0.0,-0.852,-0.0,-0.0,-0.0,-0.0,-0.0,-0.0,-0.852,0.8112,-1.3531999999999986,0.0711999999999986
116,"([0.1, 0.1, 0.1, 0.1, 0.1, 0.1, 0.1, 0.1, 0.1, 0.1], [0])","([0, 0, 0, 0, 0, 0, 0, 0, 1, 0], [8])",-0.9490000000000001,-0.0,-0.0,-0.0,-0.0,-0.0,-0.0,-0.0,-0.0,-0.0,-0.9490000000000001,0.8112,-1.2153999999999985,0.0711999999999986
117,"([0.1, 0.1, 0.1, 0.1, 0.1, 0.1, 0.1, 0.1, 0.1, 0.1], [2])","([0, 0, 0, 0, 0, 0, 0, 0, 1, 0], [8])",-0.0,-0.0,-0.8740000000000001,-0.0,-0.0,-0.0,-0.0,-0.0,-0.0,-0.0,-0.8740000000000001,0.8112,-1.1525999999999983,0.0711999999999986
118,"([0.1, 0.1, 0.1, 0.1, 0.1, 0.1, 0.1, 0.1, 0.1, 0.1], [6])","([0, 0, 0, 0, 0, 0, 0, 0, 1, 0], [8])",-0.0,-0.0,-0.0,-0.0,-0.0,-0.0,-0.986,-0.0,-0.0,-0.0,-0.986,0.8112,-0.9777999999999983,0.0711999999999986
119,"([0.1, 0.1, 0.1, 0.1, 0.1, 0.1, 0.1, 0.1, 0.1, 0.1], [3])","([0, 0, 0, 0, 0, 0, 0, 0, 1, 0], [8])",-0.0,-0.0,-0.0,-0.852,-0.0,-0.0,-0.0,-0.0,-0.0,-0.0,-0.852,0.8112,-0.9369999999999984,0.0711999999999986
120,"([0.1, 0.1, 0.1, 0.1, 0.1, 0.1, 0.1, 0.1, 0.1, 0.1], [6])","([0, 0, 0, 0, 0, 0, 0, 0, 1, 0], [8])",-0.0,-0.0,-0.0,-0.0,-0.0,-0.0,-0.986,-0.0,-0.0,-0.0,-0.986,0.8112,-0.7621999999999984,0.0711999999999986
121,"([0.1, 0.1, 0.1, 0.1, 0.1, 0.1, 0.1, 0.1, 0.1, 0.1], [1])","([0, 0, 0, 0, 0, 0, 0, 0, 1, 0], [8])",-0.0,-0.8240000000000001,-0.0,-0.0,-0.0,-0.0,-0.0,-0.0,-0.0,-0.0,-0.8240000000000001,0.8112,-0.7493999999999984,0.0711999999999986
122,"([0.1, 0.1, 0.1, 0.1, 0.1, 0.1, 0.1, 0.1, 0.1, 0.1], [6])","([0, 0, 0, 0, 0, 0, 0, 0, 1, 0], [8])",-0.0,-0.0,-0.0,-0.0,-0.0,-0.0,-0.986,-0.0,-0.0,-0.0,-0.986,0.8112,-0.5745999999999984,0.0711999999999986
123,"([0.1, 0.1, 0.1, 0.1, 0.1, 0.1, 0.1, 0.1, 0.1, 0.1], [8])","([0, 0, 0, 0, 0, 0, 0, 0, 1, 0], [8])",-0.0,-0.0,-0.0,-0.0,-0.0,-0.0,-0.0,-0.0,-0.0,-0.0,0.0,0.8112,-1.3857999999999984,0.0711999999999986
124,"([0.1, 0.1, 0.1, 0.1, 0.1, 0.1, 0.1, 0.1, 0.1, 0.1], [4])","([0, 0, 0, 0, 0, 0, 0, 0, 1, 0], [8])",-0.0,-0.0,-0.0,-0.0,-0.9620000000000001,-0.0,-0.0,-0.0,-0.0,-0.0,-0.9620000000000001,0.8112,-1.2349999999999983,0.0711999999999986
125,"([0.1, 0.1, 0.1, 0.1, 0.1, 0.1, 0.1, 0.1, 0.1, 0.1], [7])","([0, 0, 0, 0, 0, 0, 0, 0, 1, 0], [8])",-0.0,-0.0,-0.0,-0.0,-0.0,-0.0,-0.0,-0.8690000000000001,-0.0,-0.0,-0.8690000000000001,0.8112,-1.1771999999999982,0.0711999999999986
126,"([0.1, 0.1, 0.1, 0.1, 0.1, 0.1, 0.1, 0.1, 0.1, 0.1], [3])","([0, 0, 0, 0, 0, 0, 0, 0, 1, 0], [8])",-0.0,-0.0,-0.0,-0.852,-0.0,-0.0,-0.0,-0.0,-0.0,-0.0,-0.852,0.8112,-1.1363999999999983,0.0711999999999986
127,"([0.1, 0.1, 0.1, 0.1, 0.1, 0.1, 0.1, 0.1, 0.1, 0.1], [4])","([0, 0, 0, 0, 0, 0, 0, 0, 1, 0], [8])",-0.0,-0.0,-0.0,-0.0,-0.9620000000000001,-0.0,-0.0,-0.0,-0.0,-0.0,-0.9620000000000001,0.8112,-0.9855999999999983,0.0711999999999986
128,"([0.1, 0.1, 0.1, 0.1, 0.1, 0.1, 0.1, 0.1, 0.1, 0.1], [2])","([0, 0, 0, 0, 0, 0, 0, 0, 1, 0], [8])",-0.0,-0.0,-0.8740000000000001,-0.0,-0.0,-0.0,-0.0,-0.0,-0.0,-0.0,-0.8740000000000001,0.8112,-0.9227999999999982,0.0711999999999986
129,"([0.1, 0.1, 0.1, 0.1, 0.1, 0.1, 0.1, 0.1, 0.1, 0.1], [5])","([0, 0, 0, 0, 0, 0, 0, 0, 1, 0], [8])",-0.0,-0.0,-0.0,-0.0,-0.0,-0.8959999999999999,-0.0,-0.0,-0.0,-0.0,-0.8959999999999999,0.8112,-0.8379999999999983,0.0711999999999986
130,"([0.1, 0.1, 0.1, 0.1, 0.1, 0.1, 0.1, 0.1, 0.1, 0.1], [2])","([0, 0, 0, 0, 0, 0, 0, 0, 1, 0], [8])",-0.0,-0.0,-0.8740000000000001,-0.0,-0.0,-0.0,-0.0,-0.0,-0.0,-0.0,-0.8740000000000001,0.8112,-0.7751999999999982,0.0711999999999986
131,"([0.1, 0.1, 0.1, 0.1, 0.1, 0.1, 0.1, 0.1, 0.1, 0.1], [4])","([0, 0, 0, 0, 0, 0, 0, 0, 1, 0], [8])",-0.0,-0.0,-0.0,-0.0,-0.9620000000000001,-0.0,-0.0,-0.0,-0.0,-0.0,-0.9620000000000001,0.8112,-0.6243999999999982,0.0711999999999986
132,"([0.1, 0.1, 0.1, 0.1, 0.1, 0.1, 0.1, 0.1, 0.1, 0.1], [8])","([0, 0, 0, 0, 0, 0, 0, 0, 1, 0], [8])",-0.0,-0.0,-0.0,-0.0,-0.0,-0.0,-0.0,-0.0,-0.0,-0.0,0.0,0.8112,-1.4355999999999982,0.0711999999999986
133,"([0.1, 0.1, 0.1, 0.1, 0.1, 0.1, 0.1, 0.1, 0.1, 0.1], [1])","([0, 0, 0, 0, 0, 0, 0, 0, 1, 0], [8])",-0.0,-0.8240000000000001,-0.0,-0.0,-0.0,-0.0,-0.0,-0.0,-0.0,-0.0,-0.8240000000000001,0.8112,-1.4227999999999983,0.0711999999999986
134,"([0.1, 0.1, 0.1, 0.1, 0.1, 0.1, 0.1, 0.1, 0.1, 0.1], [8])","([0, 0, 0, 0, 0, 0, 0, 0, 1, 0], [8])",-0.0,-0.0,-0.0,-0.0,-0.0,-0.0,-0.0,-0.0,-0.0,-0.0,0.0,0.8112,-2.233999999999998,0.0711999999999986
135,"([0.1, 0.1, 0.1, 0.1, 0.1, 0.1, 0.1, 0.1, 0.1, 0.1], [4])","([0, 0, 0, 0, 0, 0, 0, 0, 1, 0], [8])",-0.0,-0.0,-0.0,-0.0,-0.9620000000000001,-0.0,-0.0,-0.0,-0.0,-0.0,-0.9620000000000001,0.8112,-2.083199999999998,0.0711999999999986
136,"([0.1, 0.1, 0.1, 0.1, 0.1, 0.1, 0.1, 0.1, 0.1, 0.1], [4])","([0, 0, 0, 0, 0, 0, 0, 0, 1, 0], [8])",-0.0,-0.0,-0.0,-0.0,-0.9620000000000001,-0.0,-0.0,-0.0,-0.0,-0.0,-0.9620000000000001,0.8112,-1.932399999999998,0.0711999999999986
137,"([0.1, 0.1, 0.1, 0.1, 0.1, 0.1, 0.1, 0.1, 0.1, 0.1], [3])","([0, 0, 0, 0, 0, 0, 0, 0, 1, 0], [8])",-0.0,-0.0,-0.0,-0.852,-0.0,-0.0,-0.0,-0.0,-0.0,-0.0,-0.852,0.8112,-1.891599999999998,0.0711999999999986
138,"([0.1, 0.1, 0.1, 0.1, 0.1, 0.1, 0.1, 0.1, 0.1, 0.1], [1])","([0, 0, 0, 0, 0, 0, 0, 0, 1, 0], [8])",-0.0,-0.8240000000000001,-0.0,-0.0,-0.0,-0.0,-0.0,-0.0,-0.0,-0.0,-0.8240000000000001,0.8112,-1.8787999999999978,0.0711999999999986
139,"([0.1, 0.1, 0.1, 0.1, 0.1, 0.1, 0.1, 0.1, 0.1, 0.1], [0])","([0, 0, 0, 0, 0, 0, 0, 0, 1, 0], [8])",-0.9490000000000001,-0.0,-0.0,-0.0,-0.0,-0.0,-0.0,-0.0,-0.0,-0.0,-0.9490000000000001,0.8112,-1.7409999999999979,0.0711999999999986
140,"([0.1, 0.1, 0.1, 0.1, 0.1, 0.1, 0.1, 0.1, 0.1, 0.1], [1])","([0, 0, 0, 0, 0, 0, 0, 0, 1, 0], [8])",-0.0,-0.8240000000000001,-0.0,-0.0,-0.0,-0.0,-0.0,-0.0,-0.0,-0.0,-0.8240000000000001,0.8112,-1.728199999999998,0.0711999999999986
141,"([0.1, 0.1, 0.1, 0.1, 0.1, 0.1, 0.1, 0.1, 0.1, 0.1], [1])","([0, 0, 0, 0, 0, 0, 0, 0, 1, 0], [8])",-0.0,-0.8240000000000001,-0.0,-0.0,-0.0,-0.0,-0.0,-0.0,-0.0,-0.0,-0.8240000000000001,0.8112,-1.715399999999998,0.0711999999999986
142,"([0.1, 0.1, 0.1, 0.1, 0.1, 0.1, 0.1, 0.1, 0.1, 0.1], [6])","([0, 0, 0, 0, 0, 0, 0, 0, 1, 0], [8])",-0.0,-0.0,-0.0,-0.0,-0.0,-0.0,-0.986,-0.0,-0.0,-0.0,-0.986,0.8112,-1.5405999999999982,0.0711999999999986
143,"([0.1, 0.1, 0.1, 0.1, 0.1, 0.1, 0.1, 0.1, 0.1, 0.1], [6])","([0, 0, 0, 0, 0, 0, 0, 0, 1, 0], [8])",-0.0,-0.0,-0.0,-0.0,-0.0,-0.0,-0.986,-0.0,-0.0,-0.0,-0.986,0.8112,-1.3657999999999983,0.0711999999999986
144,"([0.1, 0.1, 0.1, 0.1, 0.1, 0.1, 0.1, 0.1, 0.1, 0.1], [9])","([0, 0, 0, 0, 0, 0, 0, 0, 1, 0], [8])",-0.0,-0.0,-0.0,-0.0,-0.0,-0.0,-0.0,-0.0,-0.0,-0.9,-0.9,0.8112,-1.2769999999999984,0.0711999999999986
145,"([0.1, 0.1, 0.1, 0.1, 0.1, 0.1, 0.1, 0.1, 0.1, 0.1], [0])","([0, 0, 0, 0, 0, 0, 0, 0, 1, 0], [8])",-0.9490000000000001,-0.0,-0.0,-0.0,-0.0,-0.0,-0.0,-0.0,-0.0,-0.0,-0.9490000000000001,0.8112,-1.1391999999999984,0.0711999999999986
146,"([0.1, 0.1, 0.1, 0.1, 0.1, 0.1, 0.1, 0.1, 0.1, 0.1], [1])","([0, 0, 0, 0, 0, 0, 0, 0, 1, 0], [8])",-0.0,-0.8240000000000001,-0.0,-0.0,-0.0,-0.0,-0.0,-0.0,-0.0,-0.0,-0.8240000000000001,0.8112,-1.1263999999999985,0.0711999999999986
147,"([0.1, 0.1, 0.1, 0.1, 0.1, 0.1, 0.1, 0.1, 0.1, 0.1], [7])","([0, 0, 0, 0, 0, 0, 0, 0, 1, 0], [8])",-0.0,-0.0,-0.0,-0.0,-0.0,-0.0,-0.0,-0.8690000000000001,-0.0,-0.0,-0.8690000000000001,0.8112,-1.0685999999999984,0.0711999999999986
148,"([0.1, 0.1, 0.1, 0.1, 0.1, 0.1, 0.1, 0.1, 0.1, 0.1], [9])","([0, 0, 0, 0, 0, 0, 0, 0, 1, 0], [8])",-0.0,-0.0,-0.0,-0.0,-0.0,-0.0,-0.0,-0.0,-0.0,-0.9,-0.9,0.8112,-0.9797999999999984,0.0711999999999986
149,"([0.1, 0.1, 0.1, 0.1, 0.1, 0.1, 0.1, 0.1, 0.1, 0.1], [3])","([0, 0, 0, 0, 0, 0, 0, 0, 1, 0], [8])",-0.0,-0.0,-0.0,-0.852,-0.0,-0.0,-0.0,-0.0,-0.0,-0.0,-0.852,0.8112,-0.9389999999999985,0.0711999999999986
150,"([0.1, 0.1, 0.1, 0.1, 0.1, 0.1, 0.1, 0.1, 0.1, 0.1], [6])","([0, 0, 0, 0, 0, 0, 0, 0, 1, 0], [8])",-0.0,-0.0,-0.0,-0.0,-0.0,-0.0,-0.986,-0.0,-0.0,-0.0,-0.986,0.8112,-0.7641999999999985,0.0711999999999986
151,"([0.1, 0.1, 0.1, 0.1, 0.1, 0.1, 0.1, 0.1, 0.1, 0.1], [7])","([0, 0, 0, 0, 0, 0, 0, 0, 1, 0], [8])",-0.0,-0.0,-0.0,-0.0,-0.0,-0.0,-0.0,-0.8690000000000001,-0.0,-0.0,-0.8690000000000001,0.8112,-0.7063999999999985,0.0711999999999986
152,"([0.1, 0.1, 0.1, 0.1, 0.1, 0.1, 0.1, 0.1, 0.1, 0.1], [0])","([0, 0, 0, 0, 0, 0, 0, 0, 1, 0], [8])",-0.9490000000000001,-0.0,-0.0,-0.0,-0.0,-0.0,-0.0,-0.0,-0.0,-0.0,-0.9490000000000001,0.8112,-0.5685999999999984,0.0711999999999986
153,"([0.1, 0.1, 0.1, 0.1, 0.1, 0.1, 0.1, 0.1, 0.1, 0.1], [1])","([0, 0, 0, 0, 0, 0, 0, 0, 1, 0], [8])",-0.0,-0.8240000000000001,-0.0,-0.0,-0.0,-0.0,-0.0,-0.0,-0.0,-0.0,-0.8240000000000001,0.8112,-0.5557999999999984,0.0711999999999986
154,"([0.1, 0.1, 0.1, 0.1, 0.1, 0.1, 0.1, 0.1, 0.1, 0.1], [2])","([0, 0, 0, 0, 0, 0, 0, 0, 1, 0], [8])",-0.0,-0.0,-0.8740000000000001,-0.0,-0.0,-0.0,-0.0,-0.0,-0.0,-0.0,-0.8740000000000001,0.8112,-0.49299999999999833,0.0711999999999986
155,"([0.1, 0.1, 0.1, 0.1, 0.1, 0.1, 0.1, 0.1, 0.1, 0.1], [8])","([0, 0, 0, 0, 0, 0, 0, 0, 1, 0], [8])",-0.0,-0.0,-0.0,-0.0,-0.0,-0.0,-0.0,-0.0,-0.0,-0.0,0.0,0.8112,-1.3041999999999985,0.0711999999999986
156,"([0.1, 0.1, 0.1, 0.1, 0.1, 0.1, 0.1, 0.1, 0.1, 0.1], [3])","([0, 0, 0, 0, 0, 0, 0, 0, 1, 0], [8])",-0.0,-0.0,-0.0,-0.852,-0.0,-0.0,-0.0,-0.0,-0.0,-0.0,-0.852,0.8112,-1.2633999999999985,0.0711999999999986
157,"([0.1, 0.1, 0.1, 0.1, 0.1, 0.1, 0.1, 0.1, 0.1, 0.1], [6])","([0, 0, 0, 0, 0, 0, 0, 0, 1, 0], [8])",-0.0,-0.0,-0.0,-0.0,-0.0,-0.0,-0.986,-0.0,-0.0,-0.0,-0.986,0.8112,-1.0885999999999987,0.0711999999999986
158,"([0.1, 0.1, 0.1, 0.1, 0.1, 0.1, 0.1, 0.1, 0.1, 0.1], [4])","([0, 0, 0, 0, 0, 0, 0, 0, 1, 0], [8])",-0.0,-0.0,-0.0,-0.0,-0.9620000000000001,-0.0,-0.0,-0.0,-0.0,-0.0,-0.9620000000000001,0.8112,-0.9377999999999986,0.0711999999999986
159,"([0.1, 0.1, 0.1, 0.1, 0.1, 0.1, 0.1, 0.1, 0.1, 0.1], [6])","([0, 0, 0, 0, 0, 0, 0, 0, 1, 0], [8])",-0.0,-0.0,-0.0,-0.0,-0.0,-0.0,-0.986,-0.0,-0.0,-0.0,-0.986,0.8112,-0.7629999999999987,0.0711999999999986
160,"([0.1, 0.1, 0.1, 0.1, 0.1, 0.1, 0.1, 0.1, 0.1, 0.1], [1])","([0, 0, 0, 0, 0, 0, 0, 0, 1, 0], [8])",-0.0,-0.8240000000000001,-0.0,-0.0,-0.0,-0.0,-0.0,-0.0,-0.0,-0.0,-0.8240000000000001,0.8112,-0.7501999999999986,0.0711999999999986
161,"([0.1, 0.1, 0.1, 0.1, 0.1, 0.1, 0.1, 0.1, 0.1, 0.1], [2])","([0, 0, 0, 0, 0, 0, 0, 0, 1, 0], [8])",-0.0,-0.0,-0.8740000000000001,-0.0,-0.0,-0.0,-0.0,-0.0,-0.0,-0.0,-0.8740000000000001,0.8112,-0.6873999999999986,0.0711999999999986
162,"([0.1, 0.1, 0.1, 0.1, 0.1, 0.1, 0.1, 0.1, 0.1, 0.1], [9])","([0, 0, 0, 0, 0, 0, 0, 0, 1, 0], [8])",-0.0,-0.0,-0.0,-0.0,-0.0,-0.0,-0.0,-0.0,-0.0,-0.9,-0.9,0.8112,-0.5985999999999986,0.0711999999999986
163,"([0.1, 0.1, 0.1, 0.1, 0.1, 0.1, 0.1, 0.1, 0.1, 0.1], [2])","([0, 0, 0, 0, 0, 0, 0, 0, 1, 0], [8])",-0.0,-0.0,-0.8740000000000001,-0.0,-0.0,-0.0,-0.0,-0.0,-0.0,-0.0,-0.8740000000000001,0.8112,-0.5357999999999985,0.0711999999999986
164,"([0.1, 0.1, 0.1, 0.1, 0.1, 0.1, 0.1, 0.1, 0.1, 0.1], [8])","([0, 0, 0, 0, 0, 0, 0, 0, 1, 0], [8])",-0.0,-0.0,-0.0,-0.0,-0.0,-0.0,-0.0,-0.0,-0.0,-0.0,0.0,0.8112,-1.3469999999999986,0.0711999999999986
165,"([0.1, 0.1, 0.1, 0.1, 0.1, 0.1, 0.1, 0.1, 0.1, 0.1], [4])","([0, 0, 0, 0, 0, 0, 0, 0, 1, 0], [8])",-0.0,-0.0,-0.0,-0.0,-0.9620000000000001,-0.0,-0.0,-0.0,-0.0,-0.0,-0.9620000000000001,0.8112,-1.1961999999999986,0.0711999999999986
166,"([0.1, 0.1, 0.1, 0.1, 0.1, 0.1, 0.1, 0.1, 0.1, 0.1], [7])","([0, 0, 0, 0, 0, 0, 0, 0, 1, 0], [8])",-0.0,-0.0,-0.0,-0.0,-0.0,-0.0,-0.0,-0.8690000000000001,-0.0,-0.0,-0.8690000000000001,0.8112,-1.1383999999999985,0.0711999999999986
167,"([0.1, 0.1, 0.1, 0.1, 0.1, 0.1, 0.1, 0.1, 0.1, 0.1], [2])","([0, 0, 0, 0, 0, 0, 0, 0, 1, 0], [8])",-0.0,-0.0,-0.8740000000000001,-0.0,-0.0,-0.0,-0.0,-0.0,-0.0,-0.0,-0.8740000000000001,0.8112,-1.0755999999999983,0.0711999999999986
168,"([0.1, 0.1, 0.1, 0.1, 0.1, 0.1, 0.1, 0.1, 0.1, 0.1], [8])","([0, 0, 0, 0, 0, 0, 0, 0, 1, 0], [8])",-0.0,-0.0,-0.0,-0.0,-0.0,-0.0,-0.0,-0.0,-0.0,-0.0,0.0,0.8112,-1.8867999999999983,0.0711999999999986
169,"([0.1, 0.1, 0.1, 0.1, 0.1, 0.1, 0.1, 0.1, 0.1, 0.1], [6])","([0, 0, 0, 0, 0, 0, 0, 0, 1, 0], [8])",-0.0,-0.0,-0.0,-0.0,-0.0,-0.0,-0.986,-0.0,-0.0,-0.0,-0.986,0.8112,-1.7119999999999984,0.0711999999999986
170,"([0.1, 0.1, 0.1, 0.1, 0.1, 0.1, 0.1, 0.1, 0.1, 0.1], [1])","([0, 0, 0, 0, 0, 0, 0, 0, 1, 0], [8])",-0.0,-0.8240000000000001,-0.0,-0.0,-0.0,-0.0,-0.0,-0.0,-0.0,-0.0,-0.8240000000000001,0.8112,-1.6991999999999985,0.0711999999999986
171,"([0.1, 0.1, 0.1, 0.1, 0.1, 0.1, 0.1, 0.1, 0.1, 0.1], [3])","([0, 0, 0, 0, 0, 0, 0, 0, 1, 0], [8])",-0.0,-0.0,-0.0,-0.852,-0.0,-0.0,-0.0,-0.0,-0.0,-0.0,-0.852,0.8112,-1.6583999999999985,0.0711999999999986
172,"([0.1, 0.1, 0.1, 0.1, 0.1, 0.1, 0.1, 0.1, 0.1, 0.1], [0])","([0, 0, 0, 0, 0, 0, 0, 0, 1, 0], [8])",-0.9490000000000001,-0.0,-0.0,-0.0,-0.0,-0.0,-0.0,-0.0,-0.0,-0.0,-0.9490000000000001,0.8112,-1.5205999999999986,0.0711999999999986
173,"([0.1, 0.1, 0.1, 0.1, 0.1, 0.1, 0.1, 0.1, 0.1, 0.1], [7])","([0, 0, 0, 0, 0, 0, 0, 0, 1, 0], [8])",-0.0,-0.0,-0.0,-0.0,-0.0,-0.0,-0.0,-0.8690000000000001,-0.0,-0.0,-0.8690000000000001,0.8112,-1.4627999999999985,0.0711999999999986
174,"([0.1, 0.1, 0.1, 0.1, 0.1, 0.1, 0.1, 0.1, 0.1, 0.1], [0])","([0, 0, 0, 0, 0, 0, 0, 0, 1, 0], [8])",-0.9490000000000001,-0.0,-0.0,-0.0,-0.0,-0.0,-0.0,-0.0,-0.0,-0.0,-0.9490000000000001,0.8112,-1.3249999999999984,0.0711999999999986
175,"([0.1, 0.1, 0.1, 0.1, 0.1, 0.1, 0.1, 0.1, 0.1, 0.1], [1])","([0, 0, 0, 0, 0, 0, 0, 0, 1, 0], [8])",-0.0,-0.8240000000000001,-0.0,-0.0,-0.0,-0.0,-0.0,-0.0,-0.0,-0.0,-0.8240000000000001,0.8112,-1.3121999999999985,0.0711999999999986
176,"([0.1, 0.1, 0.1, 0.1, 0.1, 0.1, 0.1, 0.1, 0.1, 0.1], [5])","([0, 0, 0, 0, 0, 0, 0, 0, 1, 0], [8])",-0.0,-0.0,-0.0,-0.0,-0.0,-0.8959999999999999,-0.0,-0.0,-0.0,-0.0,-0.8959999999999999,0.8112,-1.2273999999999985,0.0711999999999986
177,"([0.1, 0.1, 0.1, 0.1, 0.1, 0.1, 0.1, 0.1, 0.1, 0.1], [8])","([0, 0, 0, 0, 0, 0, 0, 0, 1, 0], [8])",-0.0,-0.0,-0.0,-0.0,-0.0,-0.0,-0.0,-0.0,-0.0,-0.0,0.0,0.8112,-2.0385999999999984,0.0711999999999986
178,"([0.1, 0.1, 0.1, 0.1, 0.1, 0.1, 0.1, 0.1, 0.1, 0.1], [1])","([0, 0, 0, 0, 0, 0, 0, 0, 1, 0], [8])",-0.0,-0.8240000000000001,-0.0,-0.0,-0.0,-0.0,-0.0,-0.0,-0.0,-0.0,-0.8240000000000001,0.8112,-2.0257999999999985,0.0711999999999986
179,"([0.1, 0.1, 0.1, 0.1, 0.1, 0.1, 0.1, 0.1, 0.1, 0.1], [9])","([0, 0, 0, 0, 0, 0, 0, 0, 1, 0], [8])",-0.0,-0.0,-0.0,-0.0,-0.0,-0.0,-0.0,-0.0,-0.0,-0.9,-0.9,0.8112,-1.9369999999999985,0.0711999999999986
180,"([0.1, 0.1, 0.1, 0.1, 0.1, 0.1, 0.1, 0.1, 0.1, 0.1], [2])","([0, 0, 0, 0, 0, 0, 0, 0, 1, 0], [8])",-0.0,-0.0,-0.8740000000000001,-0.0,-0.0,-0.0,-0.0,-0.0,-0.0,-0.0,-0.8740000000000001,0.8112,-1.8741999999999983,0.0711999999999986
181,"([0.1, 0.1, 0.1, 0.1, 0.1, 0.1, 0.1, 0.1, 0.1, 0.1], [1])","([0, 0, 0, 0, 0, 0, 0, 0, 1, 0], [8])",-0.0,-0.8240000000000001,-0.0,-0.0,-0.0,-0.0,-0.0,-0.0,-0.0,-0.0,-0.8240000000000001,0.8112,-1.8613999999999984,0.0711999999999986
182,"([0.1, 0.1, 0.1, 0.1, 0.1, 0.1, 0.1, 0.1, 0.1, 0.1], [7])","([0, 0, 0, 0, 0, 0, 0, 0, 1, 0], [8])",-0.0,-0.0,-0.0,-0.0,-0.0,-0.0,-0.0,-0.8690000000000001,-0.0,-0.0,-0.8690000000000001,0.8112,-1.8035999999999983,0.0711999999999986
183,"([0.1, 0.1, 0.1, 0.1, 0.1, 0.1, 0.1, 0.1, 0.1, 0.1], [0])","([0, 0, 0, 0, 0, 0, 0, 0, 1, 0], [8])",-0.9490000000000001,-0.0,-0.0,-0.0,-0.0,-0.0,-0.0,-0.0,-0.0,-0.0,-0.9490000000000001,0.8112,-1.6657999999999982,0.0711999999999986
184,"([0.1, 0.1, 0.1, 0.1, 0.1, 0.1, 0.1, 0.1, 0.1, 0.1], [6])","([0, 0, 0, 0, 0, 0, 0, 0, 1, 0], [8])",-0.0,-0.0,-0.0,-0.0,-0.0,-0.0,-0.986,-0.0,-0.0,-0.0,-0.986,0.8112,-1.4909999999999983,0.0711999999999986
185,"([0.1, 0.1, 0.1, 0.1, 0.1, 0.1, 0.1, 0.1, 0.1, 0.1], [7])","([0, 0, 0, 0, 0, 0, 0, 0, 1, 0], [8])",-0.0,-0.0,-0.0,-0.0,-0.0,-0.0,-0.0,-0.8690000000000001,-0.0,-0.0,-0.8690000000000001,0.8112,-1.4331999999999983,0.0711999999999986
186,"([0.1, 0.1, 0.1, 0.1, 0.1, 0.1, 0.1, 0.1, 0.1, 0.1], [5])","([0, 0, 0, 0, 0, 0, 0, 0, 1, 0], [8])",-0.0,-0.0,-0.0,-0.0,-0.0,-0.8959999999999999,-0.0,-0.0,-0.0,-0.0,-0.8959999999999999,0.8112,-1.3483999999999985,0.0711999999999986
187,"([0.1, 0.1, 0.1, 0.1, 0.1, 0.1, 0.1, 0.1, 0.1, 0.1], [2])","([0, 0, 0, 0, 0, 0, 0, 0, 1, 0], [8])",-0.0,-0.0,-0.8740000000000001,-0.0,-0.0,-0.0,-0.0,-0.0,-0.0,-0.0,-0.8740000000000001,0.8112,-1.2855999999999983,0.0711999999999986
188,"([0.1, 0.1, 0.1, 0.1, 0.1, 0.1, 0.1, 0.1, 0.1, 0.1], [2])","([0, 0, 0, 0, 0, 0, 0, 0, 1, 0], [8])",-0.0,-0.0,-0.8740000000000001,-0.0,-0.0,-0.0,-0.0,-0.0,-0.0,-0.0,-0.8740000000000001,0.8112,-1.222799999999998,0.0711999999999986
189,"([0.1, 0.1, 0.1, 0.1, 0.1, 0.1, 0.1, 0.1, 0.1, 0.1], [8])","([0, 0, 0, 0, 0, 0, 0, 0, 1, 0], [8])",-0.0,-0.0,-0.0,-0.0,-0.0,-0.0,-0.0,-0.0,-0.0,-0.0,0.0,0.8112,-2.033999999999998,0.0711999999999986
190,"([0.1, 0.1, 0.1, 0.1, 0.1, 0.1, 0.1, 0.1, 0.1, 0.1], [2])","([0, 0, 0, 0, 0, 0, 0, 0, 1, 0], [8])",-0.0,-0.0,-0.8740000000000001,-0.0,-0.0,-0.0,-0.0,-0.0,-0.0,-0.0,-0.8740000000000001,0.8112,-1.9711999999999978,0.0711999999999986
191,"([0.1, 0.1, 0.1, 0.1, 0.1, 0.1, 0.1, 0.1, 0.1, 0.1], [2])","([0, 0, 0, 0, 0, 0, 0, 0, 1, 0], [8])",-0.0,-0.0,-0.8740000000000001,-0.0,-0.0,-0.0,-0.0,-0.0,-0.0,-0.0,-0.8740000000000001,0.8112,-1.9083999999999977,0.0711999999999986
192,"([0.1, 0.1, 0.1, 0.1, 0.1, 0.1, 0.1, 0.1, 0.1, 0.1], [6])","([0, 0, 0, 0, 0, 0, 0, 0, 1, 0], [8])",-0.0,-0.0,-0.0,-0.0,-0.0,-0.0,-0.986,-0.0,-0.0,-0.0,-0.986,0.8112,-1.7335999999999978,0.0711999999999986
193,"([0.1, 0.1, 0.1, 0.1, 0.1, 0.1, 0.1, 0.1, 0.1, 0.1], [9])","([0, 0, 0, 0, 0, 0, 0, 0, 1, 0], [8])",-0.0,-0.0,-0.0,-0.0,-0.0,-0.0,-0.0,-0.0,-0.0,-0.9,-0.9,0.8112,-1.6447999999999978,0.0711999999999986
194,"([0.1, 0.1, 0.1, 0.1, 0.1, 0.1, 0.1, 0.1, 0.1, 0.1], [4])","([0, 0, 0, 0, 0, 0, 0, 0, 1, 0], [8])",-0.0,-0.0,-0.0,-0.0,-0.9620000000000001,-0.0,-0.0,-0.0,-0.0,-0.0,-0.9620000000000001,0.8112,-1.4939999999999978,0.0711999999999986
195,"([0.1, 0.1, 0.1, 0.1, 0.1, 0.1, 0.1, 0.1, 0.1, 0.1], [5])","([0, 0, 0, 0, 0, 0, 0, 0, 1, 0], [8])",-0.0,-0.0,-0.0,-0.0,-0.0,-0.8959999999999999,-0.0,-0.0,-0.0,-0.0,-0.8959999999999999,0.8112,-1.409199999999998,0.0711999999999986
196,"([0.1, 0.1, 0.1, 0.1, 0.1, 0.1, 0.1, 0.1, 0.1, 0.1], [4])","([0, 0, 0, 0, 0, 0, 0, 0, 1, 0], [8])",-0.0,-0.0,-0.0,-0.0,-0.9620000000000001,-0.0,-0.0,-0.0,-0.0,-0.0,-0.9620000000000001,0.8112,-1.258399999999998,0.0711999999999986
197,"([0.1, 0.1, 0.1, 0.1, 0.1, 0.1, 0.1, 0.1, 0.1, 0.1], [4])","([0, 0, 0, 0, 0, 0, 0, 0, 1, 0], [8])",-0.0,-0.0,-0.0,-0.0,-0.9620000000000001,-0.0,-0.0,-0.0,-0.0,-0.0,-0.9620000000000001,0.8112,-1.107599999999998,0.0711999999999986
198,"([0.1, 0.1, 0.1, 0.1, 0.1, 0.1, 0.1, 0.1, 0.1, 0.1], [7])","([0, 0, 0, 0, 0, 0, 0, 0, 1, 0], [8])",-0.0,-0.0,-0.0,-0.0,-0.0,-0.0,-0.0,-0.8690000000000001,-0.0,-0.0,-0.8690000000000001,0.8112,-1.0497999999999978,0.0711999999999986
199,"([0.1, 0.1, 0.1, 0.1, 0.1, 0.1, 0.1, 0.1, 0.1, 0.1], [1])","([0, 0, 0, 0, 0, 0, 0, 0, 1, 0], [8])",-0.0,-0.8240000000000001,-0.0,-0.0,-0.0,-0.0,-0.0,-0.0,-0.0,-0.0,-0.8240000000000001,0.8112,-1.0369999999999977,0.0711999999999986
200,"([0.1, 0.1, 0.1, 0.1, 0.1, 0.1, 0.1, 0.1, 0.1, 0.1], [0])","([0, 0, 0, 0, 0, 0, 0, 0, 1, 0], [8])",-0.9490000000000001,-0.0,-0.0,-0.0,-0.0,-0.0,-0.0,-0.0,-0.0,-0.0,-0.9490000000000001,0.8112,-0.8991999999999977,0.0711999999999986
201,"([0.1, 0.1, 0.1, 0.1, 0.1, 0.1, 0.1, 0.1, 0.1, 0.1], [5])","([0, 0, 0, 0, 0, 0, 0, 0, 1, 0], [8])",-0.0,-0.0,-0.0,-0.0,-0.0,-0.8959999999999999,-0.0,-0.0,-0.0,-0.0,-0.8959999999999999,0.8112,-0.8143999999999978,0.0711999999999986
202,"([0.1, 0.1, 0.1, 0.1, 0.1, 0.1, 0.1, 0.1, 0.1, 0.1], [2])","([0, 0, 0, 0, 0, 0, 0, 0, 1, 0], [8])",-0.0,-0.0,-0.8740000000000001,-0.0,-0.0,-0.0,-0.0,-0.0,-0.0,-0.0,-0.8740000000000001,0.8112,-0.7515999999999977,0.0711999999999986
203,"([0.1, 0.1, 0.1, 0.1, 0.1, 0.1, 0.1, 0.1, 0.1, 0.1], [7])","([0, 0, 0, 0, 0, 0, 0, 0, 1, 0], [8])",-0.0,-0.0,-0.0,-0.0,-0.0,-0.0,-0.0,-0.8690000000000001,-0.0,-0.0,-0.8690000000000001,0.8112,-0.6937999999999976,0.0711999999999986
204,"([0.1, 0.1, 0.1, 0.1, 0.1, 0.1, 0.1, 0.1, 0.1, 0.1], [9])","([0, 0, 0, 0, 0, 0, 0, 0, 1, 0], [8])",-0.0,-0.0,-0.0,-0.0,-0.0,-0.0,-0.0,-0.0,-0.0,-0.9,-0.9,0.8112,-0.6049999999999977,0.0711999999999986
205,"([0.1, 0.1, 0.1, 0.1, 0.1, 0.1, 0.1, 0.1, 0.1, 0.1], [3])","([0, 0, 0, 0, 0, 0, 0, 0, 1, 0], [8])",-0.0,-0.0,-0.0,-0.852,-0.0,-0.0,-0.0,-0.0,-0.0,-0.0,-0.852,0.8112,-0.5641999999999977,0.0711999999999986
206,"([0.1, 0.1, 0.1, 0.1, 0.1, 0.1, 0.1, 0.1, 0.1, 0.1], [9])","([0, 0, 0, 0, 0, 0, 0, 0, 1, 0], [8])",-0.0,-0.0,-0.0,-0.0,-0.0,-0.0,-0.0,-0.0,-0.0,-0.9,-0.9,0.8112,-0.4753999999999977,0.0711999999999986
207,"([0.1, 0.1, 0.1, 0.1, 0.1, 0.1, 0.1, 0.1, 0.1, 0.1], [4])","([0, 0, 0, 0, 0, 0, 0, 0, 1, 0], [8])",-0.0,-0.0,-0.0,-0.0,-0.9620000000000001,-0.0,-0.0,-0.0,-0.0,-0.0,-0.9620000000000001,0.8112,-0.32459999999999767,0.0711999999999986
208,"([0.1, 0.1, 0.1, 0.1, 0.1, 0.1, 0.1, 0.1, 0.1, 0.1], [8])","([0, 0, 0, 0, 0, 0, 0, 0, 1, 0], [8])",-0.0,-0.0,-0.0,-0.0,-0.0,-0.0,-0.0,-0.0,-0.0,-0.0,0.0,0.8112,-1.1357999999999977,0.0711999999999986
209,"([0.1, 0.1, 0.1, 0.1, 0.1, 0.1, 0.1, 0.1, 0.1, 0.1], [6])","([0, 0, 0, 0, 0, 0, 0, 0, 1, 0], [8])",-0.0,-0.0,-0.0,-0.0,-0.0,-0.0,-0.986,-0.0,-0.0,-0.0,-0.986,0.8112,-0.9609999999999977,0.0711999999999986
210,"([0.1, 0.1, 0.1, 0.1, 0.1, 0.1, 0.1, 0.1, 0.1, 0.1], [5])","([0, 0, 0, 0, 0, 0, 0, 0, 1, 0], [8])",-0.0,-0.0,-0.0,-0.0,-0.0,-0.8959999999999999,-0.0,-0.0,-0.0,-0.0,-0.8959999999999999,0.8112,-0.8761999999999979,0.0711999999999986
211,"([0.1, 0.1, 0.1, 0.1, 0.1, 0.1, 0.1, 0.1, 0.1, 0.1], [7])","([0, 0, 0, 0, 0, 0, 0, 0, 1, 0], [8])",-0.0,-0.0,-0.0,-0.0,-0.0,-0.0,-0.0,-0.8690000000000001,-0.0,-0.0,-0.8690000000000001,0.8112,-0.8183999999999978,0.0711999999999986
212,"([0.1, 0.1, 0.1, 0.1, 0.1, 0.1, 0.1, 0.1, 0.1, 0.1], [1])","([0, 0, 0, 0, 0, 0, 0, 0, 1, 0], [8])",-0.0,-0.8240000000000001,-0.0,-0.0,-0.0,-0.0,-0.0,-0.0,-0.0,-0.0,-0.8240000000000001,0.8112,-0.8055999999999978,0.0711999999999986
213,"([0.1, 0.1, 0.1, 0.1, 0.1, 0.1, 0.1, 0.1, 0.1, 0.1], [4])","([0, 0, 0, 0, 0, 0, 0, 0, 1, 0], [8])",-0.0,-0.0,-0.0,-0.0,-0.9620000000000001,-0.0,-0.0,-0.0,-0.0,-0.0,-0.9620000000000001,0.8112,-0.6547999999999977,0.0711999999999986
214,"([0.1, 0.1, 0.1, 0.1, 0.1, 0.1, 0.1, 0.1, 0.1, 0.1], [1])","([0, 0, 0, 0, 0, 0, 0, 0, 1, 0], [8])",-0.0,-0.8240000000000001,-0.0,-0.0,-0.0,-0.0,-0.0,-0.0,-0.0,-0.0,-0.8240000000000001,0.8112,-0.6419999999999977,0.0711999999999986
215,"([0.1, 0.1, 0.1, 0.1, 0.1, 0.1, 0.1, 0.1, 0.1, 0.1], [7])","([0, 0, 0, 0, 0, 0, 0, 0, 1, 0], [8])",-0.0,-0.0,-0.0,-0.0,-0.0,-0.0,-0.0,-0.8690000000000001,-0.0,-0.0,-0.8690000000000001,0.8112,-0.5841999999999976,0.0711999999999986
216,"([0.1, 0.1, 0.1, 0.1, 0.1, 0.1, 0.1, 0.1, 0.1, 0.1], [6])","([0, 0, 0, 0, 0, 0, 0, 0, 1, 0], [8])",-0.0,-0.0,-0.0,-0.0,-0.0,-0.0,-0.986,-0.0,-0.0,-0.0,-0.986,0.8112,-0.40939999999999765,0.0711999999999986
217,"([0.1, 0.1, 0.1, 0.1, 0.1, 0.1, 0.1, 0.1, 0.1, 0.1], [6])","([0, 0, 0, 0, 0, 0, 0, 0, 1, 0], [8])",-0.0,-0.0,-0.0,-0.0,-0.0,-0.0,-0.986,-0.0,-0.0,-0.0,-0.986,0.8112,-0.2345999999999977,0.0711999999999986
218,"([0.1, 0.1, 0.1, 0.1, 0.1, 0.1, 0.1, 0.1, 0.1, 0.1], [7])","([0, 0, 0, 0, 0, 0, 0, 0, 1, 0], [8])",-0.0,-0.0,-0.0,-0.0,-0.0,-0.0,-0.0,-0.8690000000000001,-0.0,-0.0,-0.8690000000000001,0.8112,-0.17679999999999763,0.0711999999999986
219,"([0.1, 0.1, 0.1, 0.1, 0.1, 0.1, 0.1, 0.1, 0.1, 0.1], [6])","([0, 0, 0, 0, 0, 0, 0, 0, 1, 0], [8])",-0.0,-0.0,-0.0,-0.0,-0.0,-0.0,-0.986,-0.0,-0.0,-0.0,-0.986,0.8112,-0.0019999999999976703,0.0711999999999986
220,"([0.1, 0.1, 0.1, 0.1, 0.1, 0.1, 0.1, 0.1, 0.1, 0.1], [2])","([0, 0, 0, 0, 0, 0, 0, 0, 1, 0], [8])",-0.0,-0.0,-0.8740000000000001,-0.0,-0.0,-0.0,-0.0,-0.0,-0.0,-0.0,-0.8740000000000001,0.8112,0.06080000000000241,0.0711999999999986
221,"([0.1, 0.1, 0.1, 0.1, 0.1, 0.1, 0.1, 0.1, 0.1, 0.1], [3])","([0, 0, 0, 0, 0, 0, 0, 0, 1, 0], [8])",-0.0,-0.0,-0.0,-0.852,-0.0,-0.0,-0.0,-0.0,-0.0,-0.0,-0.852,0.8112,0.10160000000000236,0.0711999999999986
222,"([0.1, 0.1, 0.1, 0.1, 0.1, 0.1, 0.1, 0.1, 0.1, 0.1], [9])","([0, 0, 0, 0, 0, 0, 0, 0, 1, 0], [8])",-0.0,-0.0,-0.0,-0.0,-0.0,-0.0,-0.0,-0.0,-0.0,-0.9,-0.9,0.8112,0.19040000000000235,0.0711999999999986
223,"([0.1, 0.1, 0.1, 0.1, 0.1, 0.1, 0.1, 0.1, 0.1, 0.1], [6])","([0, 0, 0, 0, 0, 0, 0, 0, 1, 0], [8])",-0.0,-0.0,-0.0,-0.0,-0.0,-0.0,-0.986,-0.0,-0.0,-0.0,-0.986,0.8112,0.3652000000000023,0.0711999999999986
224,"([0.1, 0.1, 0.1, 0.1, 0.1, 0.1, 0.1, 0.1, 0.1, 0.1], [9])","([0, 0, 0, 0, 0, 0, 0, 0, 1, 0], [8])",-0.0,-0.0,-0.0,-0.0,-0.0,-0.0,-0.0,-0.0,-0.0,-0.9,-0.9,0.8112,0.4540000000000023,0.0711999999999986
225,"([0.1, 0.1, 0.1, 0.1, 0.1, 0.1, 0.1, 0.1, 0.1, 0.1], [4])","([0, 0, 0, 0, 0, 0, 0, 0, 1, 0], [8])",-0.0,-0.0,-0.0,-0.0,-0.9620000000000001,-0.0,-0.0,-0.0,-0.0,-0.0,-0.9620000000000001,0.8112,0.6048000000000023,0.0711999999999986
226,"([0.1, 0.1, 0.1, 0.1, 0.1, 0.1, 0.1, 0.1, 0.1, 0.1], [4])","([0, 0, 0, 0, 0, 0, 0, 0, 1, 0], [8])",-0.0,-0.0,-0.0,-0.0,-0.9620000000000001,-0.0,-0.0,-0.0,-0.0,-0.0,-0.9620000000000001,0.8112,0.7556000000000024,0.0711999999999986
227,"([0.1, 0.1, 0.1, 0.1, 0.1, 0.1, 0.1, 0.1, 0.1, 0.1], [9])","([0, 0, 0, 0, 0, 0, 0, 0, 1, 0], [8])",-0.0,-0.0,-0.0,-0.0,-0.0,-0.0,-0.0,-0.0,-0.0,-0.9,-0.9,0.8112,0.8444000000000024,0.0711999999999986
228,"([0.1, 0.1, 0.1, 0.1, 0.1, 0.1, 0.1, 0.1, 0.1, 0.1], [3])","([0, 0, 0, 0, 0, 0, 0, 0, 1, 0], [8])",-0.0,-0.0,-0.0,-0.852,-0.0,-0.0,-0.0,-0.0,-0.0,-0.0,-0.852,0.8112,0.8852000000000023,0.0711999999999986
229,"([0.1, 0.1, 0.1, 0.1, 0.1, 0.1, 0.1, 0.1, 0.1, 0.1], [0])","([0, 0, 0, 0, 0, 0, 0, 0, 1, 0], [8])",-0.9490000000000001,-0.0,-0.0,-0.0,-0.0,-0.0,-0.0,-0.0,-0.0,-0.0,-0.9490000000000001,0.8112,1.0230000000000024,0.0711999999999986
230,"([0.1, 0.1, 0.1, 0.1, 0.1, 0.1, 0.1, 0.1, 0.1, 0.1], [4])","([0, 0, 0, 0, 0, 0, 0, 0, 1, 0], [8])",-0.0,-0.0,-0.0,-0.0,-0.9620000000000001,-0.0,-0.0,-0.0,-0.0,-0.0,-0.9620000000000001,0.8112,1.1738000000000024,0.0711999999999986
231,"([0.1, 0.1, 0.1, 0.1, 0.1, 0.1, 0.1, 0.1, 0.1, 0.1], [7])","([0, 0, 0, 0, 0, 0, 0, 0, 1, 0], [8])",-0.0,-0.0,-0.0,-0.0,-0.0,-0.0,-0.0,-0.8690000000000001,-0.0,-0.0,-0.8690000000000001,0.8112,1.2316000000000025,0.0711999999999986
232,"([0.1, 0.1, 0.1, 0.1, 0.1, 0.1, 0.1, 0.1, 0.1, 0.1], [1])","([0, 0, 0, 0, 0, 0, 0, 0, 1, 0], [8])",-0.0,-0.8240000000000001,-0.0,-0.0,-0.0,-0.0,-0.0,-0.0,-0.0,-0.0,-0.8240000000000001,0.8112,1.2444000000000024,0.0711999999999986
233,"([0.1, 0.1, 0.1, 0.1, 0.1, 0.1, 0.1, 0.1, 0.1, 0.1], [5])","([0, 0, 0, 0, 0, 0, 0, 0, 1, 0], [8])",-0.0,-0.0,-0.0,-0.0,-0.0,-0.8959999999999999,-0.0,-0.0,-0.0,-0.0,-0.8959999999999999,0.8112,1.3292000000000024,0.0711999999999986
234,"([0.1, 0.1, 0.1, 0.1, 0.1, 0.1, 0.1, 0.1, 0.1, 0.1], [6])","([0, 0, 0, 0, 0, 0, 0, 0, 1, 0], [8])",-0.0,-0.0,-0.0,-0.0,-0.0,-0.0,-0.986,-0.0,-0.0,-0.0,-0.986,0.8112,1.5040000000000022,0.0711999999999986
235,"([0.1, 0.1, 0.1, 0.1, 0.1, 0.1, 0.1, 0.1, 0.1, 0.1], [7])","([0, 0, 0, 0, 0, 0, 0, 0, 1, 0], [8])",-0.0,-0.0,-0.0,-0.0,-0.0,-0.0,-0.0,-0.8690000000000001,-0.0,-0.0,-0.8690000000000001,0.8112,1.5618000000000023,0.0711999999999986
236,"([0.1, 0.1, 0.1, 0.1, 0.1, 0.1, 0.1, 0.1, 0.1, 0.1], [7])","([0, 0, 0, 0, 0, 0, 0, 0, 1, 0], [8])",-0.0,-0.0,-0.0,-0.0,-0.0,-0.0,-0.0,-0.8690000000000001,-0.0,-0.0,-0.8690000000000001,0.8112,1.6196000000000024,0.0711999999999986
237,"([0.1, 0.1, 0.1, 0.1, 0.1, 0.1, 0.1, 0.1, 0.1, 0.1], [6])","([0, 0, 0, 0, 0, 0, 0, 0, 1, 0], [8])",-0.0,-0.0,-0.0,-0.0,-0.0,-0.0,-0.986,-0.0,-0.0,-0.0,-0.986,0.8112,1.7944000000000022,0.0711999999999986
238,"([0.1, 0.1, 0.1, 0.1, 0.1, 0.1, 0.1, 0.1, 0.1, 0.1], [5])","([0, 0, 0, 0, 0, 0, 0, 0, 1, 0], [8])",-0.0,-0.0,-0.0,-0.0,-0.0,-0.8959999999999999,-0.0,-0.0,-0.0,-0.0,-0.8959999999999999,0.8112,1.8792000000000022,0.0711999999999986
239,"([0.1, 0.1, 0.1, 0.1, 0.1, 0.1, 0.1, 0.1, 0.1, 0.1], [9])","([0, 0, 0, 0, 0, 0, 0, 0, 1, 0], [8])",-0.0,-0.0,-0.0,-0.0,-0.0,-0.0,-0.0,-0.0,-0.0,-0.9,-0.9,0.8112,1.9680000000000022,0.0711999999999986
240,"([0.1, 0.1, 0.1, 0.1, 0.1, 0.1, 0.1, 0.1, 0.1, 0.1], [8])","([0, 0, 0, 0, 0, 0, 0, 0, 1, 0], [8])",-0.0,-0.0,-0.0,-0.0,-0.0,-0.0,-0.0,-0.0,-0.0,-0.0,0.0,0.8112,1.1568000000000023,0.0711999999999986
241,"([0.1, 0.1, 0.1, 0.1, 0.1, 0.1, 0.1, 0.1, 0.1, 0.1], [8])","([0, 0, 0, 0, 0, 0, 0, 0, 1, 0], [8])",-0.0,-0.0,-0.0,-0.0,-0.0,-0.0,-0.0,-0.0,-0.0,-0.0,0.0,0.8112,0.34560000000000224,0.0711999999999986
242,"([0.1, 0.1, 0.1, 0.1, 0.1, 0.1, 0.1, 0.1, 0.1, 0.1], [5])","([0, 0, 0, 0, 0, 0, 0, 0, 1, 0], [8])",-0.0,-0.0,-0.0,-0.0,-0.0,-0.8959999999999999,-0.0,-0.0,-0.0,-0.0,-0.8959999999999999,0.8112,0.4304000000000021,0.0711999999999986
243,"([0.1, 0.1, 0.1, 0.1, 0.1, 0.1, 0.1, 0.1, 0.1, 0.1], [9])","([0, 0, 0, 0, 0, 0, 0, 0, 1, 0], [8])",-0.0,-0.0,-0.0,-0.0,-0.0,-0.0,-0.0,-0.0,-0.0,-0.9,-0.9,0.8112,0.5192000000000021,0.0711999999999986
244,"([0.1, 0.1, 0.1, 0.1, 0.1, 0.1, 0.1, 0.1, 0.1, 0.1], [7])","([0, 0, 0, 0, 0, 0, 0, 0, 1, 0], [8])",-0.0,-0.0,-0.0,-0.0,-0.0,-0.0,-0.0,-0.8690000000000001,-0.0,-0.0,-0.8690000000000001,0.8112,0.5770000000000022,0.0711999999999986
245,"([0.1, 0.1, 0.1, 0.1, 0.1, 0.1, 0.1, 0.1, 0.1, 0.1], [9])","([0, 0, 0, 0, 0, 0, 0, 0, 1, 0], [8])",-0.0,-0.0,-0.0,-0.0,-0.0,-0.0,-0.0,-0.0,-0.0,-0.9,-0.9,0.8112,0.6658000000000022,0.0711999999999986
246,"([0.1, 0.1, 0.1, 0.1, 0.1, 0.1, 0.1, 0.1, 0.1, 0.1], [4])","([0, 0, 0, 0, 0, 0, 0, 0, 1, 0], [8])",-0.0,-0.0,-0.0,-0.0,-0.9620000000000001,-0.0,-0.0,-0.0,-0.0,-0.0,-0.9620000000000001,0.8112,0.8166000000000022,0.0711999999999986
247,"([0.1, 0.1, 0.1, 0.1, 0.1, 0.1, 0.1, 0.1, 0.1, 0.1], [9])","([0, 0, 0, 0, 0, 0, 0, 0, 1, 0], [8])",-0.0,-0.0,-0.0,-0.0,-0.0,-0.0,-0.0,-0.0,-0.0,-0.9,-0.9,0.8112,0.9054000000000022,0.0711999999999986
248,"([0.1, 0.1, 0.1, 0.1, 0.1, 0.1, 0.1, 0.1, 0.1, 0.1], [2])","([0, 0, 0, 0, 0, 0, 0, 0, 1, 0], [8])",-0.0,-0.0,-0.8740000000000001,-0.0,-0.0,-0.0,-0.0,-0.0,-0.0,-0.0,-0.8740000000000001,0.8112,0.9682000000000023,0.0711999999999986
249,"([0.1, 0.1, 0.1, 0.1, 0.1, 0.1, 0.1, 0.1, 0.1, 0.1], [3])","([0, 0, 0, 0, 0, 0, 0, 0, 1, 0], [8])",-0.0,-0.0,-0.0,-0.852,-0.0,-0.0,-0.0,-0.0,-0.0,-0.0,-0.852,0.8112,1.0090000000000021,0.0711999999999986
250,"([0.1, 0.1, 0.1, 0.1, 0.1, 0.1, 0.1, 0.1, 0.1, 0.1], [6])","([0, 0, 0, 0, 0, 0, 0, 0, 1, 0], [8])",-0.0,-0.0,-0.0,-0.0,-0.0,-0.0,-0.986,-0.0,-0.0,-0.0,-0.986,0.8112,1.183800000000002,0.0711999999999986
251,"([0.1, 0.1, 0.1, 0.1, 0.1, 0.1, 0.1, 0.1, 0.1, 0.1], [6])","([0, 0, 0, 0, 0, 0, 0, 0, 1, 0], [8])",-0.0,-0.0,-0.0,-0.0,-0.0,-0.0,-0.986,-0.0,-0.0,-0.0,-0.986,0.8112,1.3586000000000018,0.0711999999999986
252,"([0.1, 0.1, 0.1, 0.1, 0.1, 0.1, 0.1, 0.1, 0.1, 0.1], [6])","([0, 0, 0, 0, 0, 0, 0, 0, 1, 0], [8])",-0.0,-0.0,-0.0,-0.0,-0.0,-0.0,-0.986,-0.0,-0.0,-0.0,-0.986,0.8112,1.5334000000000017,0.0711999999999986
253,"([0.1, 0.1, 0.1, 0.1, 0.1, 0.1, 0.1, 0.1, 0.1, 0.1], [0])","([0, 0, 0, 0, 0, 0, 0, 0, 1, 0], [8])",-0.9490000000000001,-0.0,-0.0,-0.0,-0.0,-0.0,-0.0,-0.0,-0.0,-0.0,-0.9490000000000001,0.8112,1.6712000000000016,0.0711999999999986
254,"([0.1, 0.1, 0.1, 0.1, 0.1, 0.1, 0.1, 0.1, 0.1, 0.1], [5])","([0, 0, 0, 0, 0, 0, 0, 0, 1, 0], [8])",-0.0,-0.0,-0.0,-0.0,-0.0,-0.8959999999999999,-0.0,-0.0,-0.0,-0.0,-0.8959999999999999,0.8112,1.7560000000000016,0.0711999999999986
255,"([0.1, 0.1, 0.1, 0.1, 0.1, 0.1, 0.1, 0.1, 0.1, 0.1], [4])","([0, 0, 0, 0, 0, 0, 0, 0, 1, 0], [8])",-0.0,-0.0,-0.0,-0.0,-0.9620000000000001,-0.0,-0.0,-0.0,-0.0,-0.0,-0.9620000000000001,0.8112,1.9068000000000016,0.0711999999999986
256,"([0.1, 0.1, 0.1, 0.1, 0.1, 0.1, 0.1, 0.1, 0.1, 0.1], [8])","([0, 0, 0, 0, 0, 0, 0, 0, 1, 0], [8])",-0.0,-0.0,-0.0,-0.0,-0.0,-0.0,-0.0,-0.0,-0.0,-0.0,0.0,0.8112,1.0956000000000015,0.0711999999999986
257,"([0.1, 0.1, 0.1, 0.1, 0.1, 0.1, 0.1, 0.1, 0.1, 0.1], [7])","([0, 0, 0, 0, 0, 0, 0, 0, 1, 0], [8])",-0.0,-0.0,-0.0,-0.0,-0.0,-0.0,-0.0,-0.8690000000000001,-0.0,-0.0,-0.8690000000000001,0.8112,1.1534000000000015,0.0711999999999986
258,"([0.1, 0.1, 0.1, 0.1, 0.1, 0.1, 0.1, 0.1, 0.1, 0.1], [0])","([0, 0, 0, 0, 0, 0, 0, 0, 1, 0], [8])",-0.9490000000000001,-0.0,-0.0,-0.0,-0.0,-0.0,-0.0,-0.0,-0.0,-0.0,-0.9490000000000001,0.8112,1.2912000000000017,0.0711999999999986
259,"([0.1, 0.1, 0.1, 0.1, 0.1, 0.1, 0.1, 0.1, 0.1, 0.1], [9])","([0, 0, 0, 0, 0, 0, 0, 0, 1, 0], [8])",-0.0,-0.0,-0.0,-0.0,-0.0,-0.0,-0.0,-0.0,-0.0,-0.9,-0.9,0.8112,1.3800000000000017,0.0711999999999986
260,"([0.1, 0.1, 0.1, 0.1, 0.1, 0.1, 0.1, 0.1, 0.1, 0.1], [4])","([0, 0, 0, 0, 0, 0, 0, 0, 1, 0], [8])",-0.0,-0.0,-0.0,-0.0,-0.9620000000000001,-0.0,-0.0,-0.0,-0.0,-0.0,-0.9620000000000001,0.8112,1.5308000000000017,0.0711999999999986
261,"([0.1, 0.1, 0.1, 0.1, 0.1, 0.1, 0.1, 0.1, 0.1, 0.1], [7])","([0, 0, 0, 0, 0, 0, 0, 0, 1, 0], [8])",-0.0,-0.0,-0.0,-0.0,-0.0,-0.0,-0.0,-0.8690000000000001,-0.0,-0.0,-0.8690000000000001,0.8112,1.5886000000000018,0.0711999999999986
262,"([0.1, 0.1, 0.1, 0.1, 0.1, 0.1, 0.1, 0.1, 0.1, 0.1], [4])","([0, 0, 0, 0, 0, 0, 0, 0, 1, 0], [8])",-0.0,-0.0,-0.0,-0.0,-0.9620000000000001,-0.0,-0.0,-0.0,-0.0,-0.0,-0.9620000000000001,0.8112,1.7394000000000018,0.0711999999999986
263,"([0.1, 0.1, 0.1, 0.1, 0.1, 0.1, 0.1, 0.1, 0.1, 0.1], [1])","([0, 0, 0, 0, 0, 0, 0, 0, 1, 0], [8])",-0.0,-0.8240000000000001,-0.0,-0.0,-0.0,-0.0,-0.0,-0.0,-0.0,-0.0,-0.8240000000000001,0.8112,1.752200000000002,0.0711999999999986
264,"([0.1, 0.1, 0.1, 0.1, 0.1, 0.1, 0.1, 0.1, 0.1, 0.1], [2])","([0, 0, 0, 0, 0, 0, 0, 0, 1, 0], [8])",-0.0,-0.0,-0.8740000000000001,-0.0,-0.0,-0.0,-0.0,-0.0,-0.0,-0.0,-0.8740000000000001,0.8112,1.8150000000000022,0.0711999999999986
265,"([0.1, 0.1, 0.1, 0.1, 0.1, 0.1, 0.1, 0.1, 0.1, 0.1], [7])","([0, 0, 0, 0, 0, 0, 0, 0, 1, 0], [8])",-0.0,-0.0,-0.0,-0.0,-0.0,-0.0,-0.0,-0.8690000000000001,-0.0,-0.0,-0.8690000000000001,0.8112,1.8728000000000022,0.0711999999999986
266,"([0.1, 0.1, 0.1, 0.1, 0.1, 0.1, 0.1, 0.1, 0.1, 0.1], [1])","([0, 0, 0, 0, 0, 0, 0, 0, 1, 0], [8])",-0.0,-0.8240000000000001,-0.0,-0.0,-0.0,-0.0,-0.0,-0.0,-0.0,-0.0,-0.8240000000000001,0.8112,1.8856000000000024,0.0711999999999986
267,"([0.1, 0.1, 0.1, 0.1, 0.1, 0.1, 0.1, 0.1, 0.1, 0.1], [3])","([0, 0, 0, 0, 0, 0, 0, 0, 1, 0], [8])",-0.0,-0.0,-0.0,-0.852,-0.0,-0.0,-0.0,-0.0,-0.0,-0.0,-0.852,0.8112,1.9264000000000023,0.0711999999999986
268,"([0.1, 0.1, 0.1, 0.1, 0.1, 0.1, 0.1, 0.1, 0.1, 0.1], [6])","([0, 0, 0, 0, 0, 0, 0, 0, 1, 0], [8])",-0.0,-0.0,-0.0,-0.0,-0.0,-0.0,-0.986,-0.0,-0.0,-0.0,-0.986,0.8112,2.101200000000002,0.0711999999999986
269,"([0.1, 0.1, 0.1, 0.1, 0.1, 0.1, 0.1, 0.1, 0.1, 0.1], [5])","([0, 0, 0, 0, 0, 0, 0, 0, 1, 0], [8])",-0.0,-0.0,-0.0,-0.0,-0.0,-0.8959999999999999,-0.0,-0.0,-0.0,-0.0,-0.8959999999999999,0.8112,2.186000000000002,0.0711999999999986
270,"([0.1, 0.1, 0.1, 0.1, 0.1, 0.1, 0.1, 0.1, 0.1, 0.1], [9])","([0, 0, 0, 0, 0, 0, 0, 0, 1, 0], [8])",-0.0,-0.0,-0.0,-0.0,-0.0,-0.0,-0.0,-0.0,-0.0,-0.9,-0.9,0.8112,2.274800000000002,0.0711999999999986
271,"([0.1, 0.1, 0.1, 0.1, 0.1, 0.1, 0.1, 0.1, 0.1, 0.1], [3])","([0, 0, 0, 0, 0, 0, 0, 0, 1, 0], [8])",-0.0,-0.0,-0.0,-0.852,-0.0,-0.0,-0.0,-0.0,-0.0,-0.0,-0.852,0.8112,2.315600000000002,0.0711999999999986
272,"([0.1, 0.1, 0.1, 0.1, 0.1, 0.1, 0.1, 0.1, 0.1, 0.1], [3])","([0, 0, 0, 0, 0, 0, 0, 0, 1, 0], [8])",-0.0,-0.0,-0.0,-0.852,-0.0,-0.0,-0.0,-0.0,-0.0,-0.0,-0.852,0.8112,2.356400000000002,0.0711999999999986
273,"([0.1, 0.1, 0.1, 0.1, 0.1, 0.1, 0.1, 0.1, 0.1, 0.1], [9])","([0, 0, 0, 0, 0, 0, 0, 0, 1, 0], [8])",-0.0,-0.0,-0.0,-0.0,-0.0,-0.0,-0.0,-0.0,-0.0,-0.9,-0.9,0.8112,2.445200000000002,0.0711999999999986
274,"([0.1, 0.1, 0.1, 0.1, 0.1, 0.1, 0.1, 0.1, 0.1, 0.1], [4])","([0, 0, 0, 0, 0, 0, 0, 0, 1, 0], [8])",-0.0,-0.0,-0.0,-0.0,-0.9620000000000001,-0.0,-0.0,-0.0,-0.0,-0.0,-0.9620000000000001,0.8112,2.596000000000002,0.0711999999999986
275,"([0.1, 0.1, 0.1, 0.1, 0.1, 0.1, 0.1, 0.1, 0.1, 0.1], [6])","([0, 0, 0, 0, 0, 0, 0, 0, 1, 0], [8])",-0.0,-0.0,-0.0,-0.0,-0.0,-0.0,-0.986,-0.0,-0.0,-0.0,-0.986,0.8112,2.7708000000000017,0.0711999999999986
276,"([0.1, 0.1, 0.1, 0.1, 0.1, 0.1, 0.1, 0.1, 0.1, 0.1], [8])","([0, 0, 0, 0, 0, 0, 0, 0, 1, 0], [8])",-0.0,-0.0,-0.0,-0.0,-0.0,-0.0,-0.0,-0.0,-0.0,-0.0,0.0,0.8112,1.9596000000000018,0.0711999999999986
277,"([0.1, 0.1, 0.1, 0.1, 0.1, 0.1, 0.1, 0.1, 0.1, 0.1], [3])","([0, 0, 0, 0, 0, 0, 0, 0, 1, 0], [8])",-0.0,-0.0,-0.0,-0.852,-0.0,-0.0,-0.0,-0.0,-0.0,-0.0,-0.852,0.8112,2.0004000000000017,0.0711999999999986
278,"([0.1, 0.1, 0.1, 0.1, 0.1, 0.1, 0.1, 0.1, 0.1, 0.1], [3])","([0, 0, 0, 0, 0, 0, 0, 0, 1, 0], [8])",-0.0,-0.0,-0.0,-0.852,-0.0,-0.0,-0.0,-0.0,-0.0,-0.0,-0.852,0.8112,2.0412000000000017,0.0711999999999986
279,"([0.1, 0.1, 0.1, 0.1, 0.1, 0.1, 0.1, 0.1, 0.1, 0.1], [8])","([0, 0, 0, 0, 0, 0, 0, 0, 1, 0], [8])",-0.0,-0.0,-0.0,-0.0,-0.0,-0.0,-0.0,-0.0,-0.0,-0.0,0.0,0.8112,1.2300000000000018,0.0711999999999986
280,"([0.1, 0.1, 0.1, 0.1, 0.1, 0.1, 0.1, 0.1, 0.1, 0.1], [7])","([0, 0, 0, 0, 0, 0, 0, 0, 1, 0], [8])",-0.0,-0.0,-0.0,-0.0,-0.0,-0.0,-0.0,-0.8690000000000001,-0.0,-0.0,-0.8690000000000001,0.8112,1.2878000000000018,0.0711999999999986
281,"([0.1, 0.1, 0.1, 0.1, 0.1, 0.1, 0.1, 0.1, 0.1, 0.1], [3])","([0, 0, 0, 0, 0, 0, 0, 0, 1, 0], [8])",-0.0,-0.0,-0.0,-0.852,-0.0,-0.0,-0.0,-0.0,-0.0,-0.0,-0.852,0.8112,1.3286000000000018,0.0711999999999986
282,"([0.1, 0.1, 0.1, 0.1, 0.1, 0.1, 0.1, 0.1, 0.1, 0.1], [7])","([0, 0, 0, 0, 0, 0, 0, 0, 1, 0], [8])",-0.0,-0.0,-0.0,-0.0,-0.0,-0.0,-0.0,-0.8690000000000001,-0.0,-0.0,-0.8690000000000001,0.8112,1.3864000000000019,0.0711999999999986
283,"([0.1, 0.1, 0.1, 0.1, 0.1, 0.1, 0.1, 0.1, 0.1, 0.1], [0])","([0, 0, 0, 0, 0, 0, 0, 0, 1, 0], [8])",-0.9490000000000001,-0.0,-0.0,-0.0,-0.0,-0.0,-0.0,-0.0,-0.0,-0.0,-0.9490000000000001,0.8112,1.5242000000000018,0.0711999999999986
284,"([0.1, 0.1, 0.1, 0.1, 0.1, 0.1, 0.1, 0.1, 0.1, 0.1], [3])","([0, 0, 0, 0, 0, 0, 0, 0, 1, 0], [8])",-0.0,-0.0,-0.0,-0.852,-0.0,-0.0,-0.0,-0.0,-0.0,-0.0,-0.852,0.8112,1.5650000000000017,0.0711999999999986
285,"([0.1, 0.1, 0.1, 0.1, 0.1, 0.1, 0.1, 0.1, 0.1, 0.1], [4])","([0, 0, 0, 0, 0, 0, 0, 0, 1, 0], [8])",-0.0,-0.0,-0.0,-0.0,-0.9620000000000001,-0.0,-0.0,-0.0,-0.0,-0.0,-0.9620000000000001,0.8112,1.7158000000000018,0.0711999999999986
286,"([0.1, 0.1, 0.1, 0.1, 0.1, 0.1, 0.1, 0.1, 0.1, 0.1], [1])","([0, 0, 0, 0, 0, 0, 0, 0, 1, 0], [8])",-0.0,-0.8240000000000001,-0.0,-0.0,-0.0,-0.0,-0.0,-0.0,-0.0,-0.0,-0.8240000000000001,0.8112,1.728600000000002,0.0711999999999986
287,"([0.1, 0.1, 0.1, 0.1, 0.1, 0.1, 0.1, 0.1, 0.1, 0.1], [3])","([0, 0, 0, 0, 0, 0, 0, 0, 1, 0], [8])",-0.0,-0.0,-0.0,-0.852,-0.0,-0.0,-0.0,-0.0,-0.0,-0.0,-0.852,0.8112,1.7694000000000019,0.0711999999999986
288,"([0.1, 0.1, 0.1, 0.1, 0.1, 0.1, 0.1, 0.1, 0.1, 0.1], [4])","([0, 0, 0, 0, 0, 0, 0, 0, 1, 0], [8])",-0.0,-0.0,-0.0,-0.0,-0.9620000000000001,-0.0,-0.0,-0.0,-0.0,-0.0,-0.9620000000000001,0.8112,1.920200000000002,0.0711999999999986
289,"([0.1, 0.1, 0.1, 0.1, 0.1, 0.1, 0.1, 0.1, 0.1, 0.1], [9])","([0, 0, 0, 0, 0, 0, 0, 0, 1, 0], [8])",-0.0,-0.0,-0.0,-0.0,-0.0,-0.0,-0.0,-0.0,-0.0,-0.9,-0.9,0.8112,2.009000000000002,0.0711999999999986
290,"([0.1, 0.1, 0.1, 0.1, 0.1, 0.1, 0.1, 0.1, 0.1, 0.1], [7])","([0, 0, 0, 0, 0, 0, 0, 0, 1, 0], [8])",-0.0,-0.0,-0.0,-0.0,-0.0,-0.0,-0.0,-0.8690000000000001,-0.0,-0.0,-0.8690000000000001,0.8112,2.0668000000000024,0.0711999999999986
291,"([0.1, 0.1, 0.1, 0.1, 0.1, 0.1, 0.1, 0.1, 0.1, 0.1], [1])","([0, 0, 0, 0, 0, 0, 0, 0, 1, 0], [8])",-0.0,-0.8240000000000001,-0.0,-0.0,-0.0,-0.0,-0.0,-0.0,-0.0,-0.0,-0.8240000000000001,0.8112,2.0796000000000023,0.0711999999999986
292,"([0.1, 0.1, 0.1, 0.1, 0.1, 0.1, 0.1, 0.1, 0.1, 0.1], [3])","([0, 0, 0, 0, 0, 0, 0, 0, 1, 0], [8])",-0.0,-0.0,-0.0,-0.852,-0.0,-0.0,-0.0,-0.0,-0.0,-0.0,-0.852,0.8112,2.1204000000000023,0.0711999999999986
293,"([0.1, 0.1, 0.1, 0.1, 0.1, 0.1, 0.1, 0.1, 0.1, 0.1], [4])","([0, 0, 0, 0, 0, 0, 0, 0, 1, 0], [8])",-0.0,-0.0,-0.0,-0.0,-0.9620000000000001,-0.0,-0.0,-0.0,-0.0,-0.0,-0.9620000000000001,0.8112,2.271200000000002,0.0711999999999986
294,"([0.1, 0.1, 0.1, 0.1, 0.1, 0.1, 0.1, 0.1, 0.1, 0.1], [2])","([0, 0, 0, 0, 0, 0, 0, 0, 1, 0], [8])",-0.0,-0.0,-0.8740000000000001,-0.0,-0.0,-0.0,-0.0,-0.0,-0.0,-0.0,-0.8740000000000001,0.8112,2.3340000000000023,0.0711999999999986
295,"([0.1, 0.1, 0.1, 0.1, 0.1, 0.1, 0.1, 0.1, 0.1, 0.1], [6])","([0, 0, 0, 0, 0, 0, 0, 0, 1, 0], [8])",-0.0,-0.0,-0.0,-0.0,-0.0,-0.0,-0.986,-0.0,-0.0,-0.0,-0.986,0.8112,2.508800000000002,0.0711999999999986
296,"([0.1, 0.1, 0.1, 0.1, 0.1, 0.1, 0.1, 0.1, 0.1, 0.1], [1])","([0, 0, 0, 0, 0, 0, 0, 0, 1, 0], [8])",-0.0,-0.8240000000000001,-0.0,-0.0,-0.0,-0.0,-0.0,-0.0,-0.0,-0.0,-0.8240000000000001,0.8112,2.521600000000002,0.0711999999999986
297,"([0.1, 0.1, 0.1, 0.1, 0.1, 0.1, 0.1, 0.1, 0.1, 0.1], [6])","([0, 0, 0, 0, 0, 0, 0, 0, 1, 0], [8])",-0.0,-0.0,-0.0,-0.0,-0.0,-0.0,-0.986,-0.0,-0.0,-0.0,-0.986,0.8112,2.696400000000002,0.0711999999999986
298,"([0.1, 0.1, 0.1, 0.1, 0.1, 0.1, 0.1, 0.1, 0.1, 0.1], [9])","([0, 0, 0, 0, 0, 0, 0, 0, 1, 0], [8])",-0.0,-0.0,-0.0,-0.0,-0.0,-0.0,-0.0,-0.0,-0.0,-0.9,-0.9,0.8112,2.785200000000002,0.0711999999999986
299,"([0.1, 0.1, 0.1, 0.1, 0.1, 0.1, 0.1, 0.1, 0.1, 0.1], [7])","([0, 0, 0, 0, 0, 0, 0, 0, 1, 0], [8])",-0.0,-0.0,-0.0,-0.0,-0.0,-0.0,-0.0,-0.8690000000000001,-0.0,-0.0,-0.8690000000000001,0.8112,2.8430000000000017,0.0711999999999986
