,sto-1,FB-0,feedback target 0,feedback target 1,feedback target 2,feedback target 3,feedback target 4,feedback target 5,feedback target 6,feedback target 7,feedback target 8,feedback target 9,total,exp_loss,actual_regret,exp_regret
0,"([0.1, 0.1, 0.1, 0.1, 0.1, 0.1, 0.1, 0.1, 0.1, 0.1], [4])","([0, 0, 0, 0, 0, 0, 0, 0, 1, 0], [8])",-0.0,-0.0,-0.0,-0.0,-0.9620000000000001,-0.0,-0.0,-0.0,-0.0,-0.0,-0.9620000000000001,0.8112,0.15080000000000005,0.0
1,"([0.1, 0.1, 0.1, 0.1, 0.1, 0.1, 0.1, 0.1, 0.1, 0.1], [5])","([0, 0, 0, 0, 1, 0, 0, 0, 0, 0], [4])",-0.0,-0.0,-0.0,-0.0,-0.0,-0.8959999999999999,-0.0,-0.0,-0.0,-0.0,-0.8959999999999999,0.815,0.23559999999999992,0.0037999999999999146
2,"([0.1, 0.1, 0.1, 0.1, 0.1, 0.1, 0.1, 0.1, 0.1, 0.1], [1])","([0, 0, 0, 0, 0, 1, 0, 0, 0, 0], [5])",-0.0,-0.8240000000000001,-0.0,-0.0,-0.0,-0.0,-0.0,-0.0,-0.0,-0.0,-0.8240000000000001,0.8216,0.24839999999999995,0.01419999999999988
3,"([0.1, 0.1, 0.1, 0.1, 0.1, 0.1, 0.1, 0.1, 0.1, 0.1], [2])","([0, 0, 0, 0, 1, 0, 0, 0, 0, 0], [4])",-0.0,-0.0,-0.8740000000000001,-0.0,-0.0,-0.0,-0.0,-0.0,-0.0,-0.0,-0.8740000000000001,0.815,0.31120000000000003,0.017999999999999794
4,"([0.1, 0.1, 0.1, 0.1, 0.1, 0.1, 0.1, 0.1, 0.1, 0.1], [2])","([0, 1, 0, 0, 0, 0, 0, 0, 0, 0], [1])",-0.0,-0.0,-0.8740000000000001,-0.0,-0.0,-0.0,-0.0,-0.0,-0.0,-0.0,-0.8740000000000001,0.8288,0.3740000000000001,0.03559999999999974
5,"([0.1, 0.1, 0.1, 0.1, 0.1, 0.1, 0.1, 0.1, 0.1, 0.1], [3])","([0, 1, 0, 0, 0, 0, 0, 0, 0, 0], [1])",-0.0,-0.0,-0.0,-0.852,-0.0,-0.0,-0.0,-0.0,-0.0,-0.0,-0.852,0.8288,0.41480000000000006,0.05319999999999969
6,"([0.1, 0.1, 0.1, 0.1, 0.1, 0.1, 0.1, 0.1, 0.1, 0.1], [7])","([0, 1, 0, 0, 0, 0, 0, 0, 0, 0], [1])",-0.0,-0.0,-0.0,-0.0,-0.0,-0.0,-0.0,-0.8690000000000001,-0.0,-0.0,-0.8690000000000001,0.8288,0.47260000000000013,0.07079999999999964
7,"([0.1, 0.1, 0.1, 0.1, 0.1, 0.1, 0.1, 0.1, 0.1, 0.1], [8])","([0, 1, 0, 0, 0, 0, 0, 0, 0, 0], [1])",-0.0,-0.0,-0.0,-0.0,-0.0,-0.0,-0.0,-0.0,-1.0,-0.0,-1.0,0.8288,0.6614000000000001,0.08839999999999959
8,"([0.1, 0.1, 0.1, 0.1, 0.1, 0.1, 0.1, 0.1, 0.1, 0.1], [4])","([0, 0, 0, 0, 0, 0, 0, 0, 1, 0], [8])",-0.0,-0.0,-0.0,-0.0,-0.9620000000000001,-0.0,-0.0,-0.0,-0.0,-0.0,-0.9620000000000001,0.8112,0.8122000000000001,0.08839999999999959
9,"([0.1, 0.1, 0.1, 0.1, 0.1, 0.1, 0.1, 0.1, 0.1, 0.1], [3])","([0, 0, 0, 0, 0, 0, 0, 0, 1, 0], [8])",-0.0,-0.0,-0.0,-0.852,-0.0,-0.0,-0.0,-0.0,-0.0,-0.0,-0.852,0.8112,0.8530000000000001,0.08839999999999959
10,"([0.1, 0.1, 0.1, 0.1, 0.1, 0.1, 0.1, 0.1, 0.1, 0.1], [3])","([0, 0, 0, 1, 0, 0, 0, 0, 0, 0], [3])",-0.0,-0.0,-0.0,-0.0,-0.0,-0.0,-0.0,-0.0,-0.0,-0.0,0.0,0.826,0.04180000000000006,0.10319999999999951
11,"([0.1, 0.1, 0.1, 0.1, 0.1, 0.1, 0.1, 0.1, 0.1, 0.1], [8])","([0, 0, 0, 1, 0, 0, 0, 0, 0, 0], [3])",-0.0,-0.0,-0.0,-0.0,-0.0,-0.0,-0.0,-0.0,-1.0,-0.0,-1.0,0.826,0.23060000000000003,0.11799999999999944
12,"([0.1, 0.1, 0.1, 0.1, 0.1, 0.1, 0.1, 0.1, 0.1, 0.1], [8])","([0, 0, 0, 1, 0, 0, 0, 0, 0, 0], [3])",-0.0,-0.0,-0.0,-0.0,-0.0,-0.0,-0.0,-0.0,-1.0,-0.0,-1.0,0.826,0.4194,0.13279999999999936
13,"([0.1, 0.1, 0.1, 0.1, 0.1, 0.1, 0.1, 0.1, 0.1, 0.1], [4])","([0, 0, 0, 1, 0, 0, 0, 0, 0, 0], [3])",-0.0,-0.0,-0.0,-0.0,-0.9620000000000001,-0.0,-0.0,-0.0,-0.0,-0.0,-0.9620000000000001,0.826,0.5702,0.1475999999999993
14,"([0.1, 0.1, 0.1, 0.1, 0.1, 0.1, 0.1, 0.1, 0.1, 0.1], [6])","([0, 0, 0, 1, 0, 0, 0, 0, 0, 0], [3])",-0.0,-0.0,-0.0,-0.0,-0.0,-0.0,-0.986,-0.0,-0.0,-0.0,-0.986,0.826,0.745,0.1623999999999992
15,"([0.1, 0.1, 0.1, 0.1, 0.1, 0.1, 0.1, 0.1, 0.1, 0.1], [5])","([0, 0, 0, 1, 0, 0, 0, 0, 0, 0], [3])",-0.0,-0.0,-0.0,-0.0,-0.0,-0.8959999999999999,-0.0,-0.0,-0.0,-0.0,-0.8959999999999999,0.826,0.8297999999999999,0.17719999999999914
16,"([0.1, 0.1, 0.1, 0.1, 0.1, 0.1, 0.1, 0.1, 0.1, 0.1], [3])","([0, 0, 0, 1, 0, 0, 0, 0, 0, 0], [3])",-0.0,-0.0,-0.0,-0.0,-0.0,-0.0,-0.0,-0.0,-0.0,-0.0,0.0,0.826,0.01859999999999984,0.19199999999999906
17,"([0.1, 0.1, 0.1, 0.1, 0.1, 0.1, 0.1, 0.1, 0.1, 0.1], [3])","([0, 0, 0, 1, 0, 0, 0, 0, 0, 0], [3])",-0.0,-0.0,-0.0,-0.0,-0.0,-0.0,-0.0,-0.0,-0.0,-0.0,0.0,0.826,-0.7926000000000002,0.20679999999999898
18,"([0.1, 0.1, 0.1, 0.1, 0.1, 0.1, 0.1, 0.1, 0.1, 0.1], [9])","([0, 0, 0, 1, 0, 0, 0, 0, 0, 0], [3])",-0.0,-0.0,-0.0,-0.0,-0.0,-0.0,-0.0,-0.0,-0.0,-0.9,-0.9,0.826,-0.7038000000000002,0.2215999999999989
19,"([0.1, 0.1, 0.1, 0.1, 0.1, 0.1, 0.1, 0.1, 0.1, 0.1], [1])","([0, 0, 0, 1, 0, 0, 0, 0, 0, 0], [3])",-0.0,-0.8240000000000001,-0.0,-0.0,-0.0,-0.0,-0.0,-0.0,-0.0,-0.0,-0.8240000000000001,0.826,-0.6910000000000002,0.23639999999999883
20,"([0.1, 0.1, 0.1, 0.1, 0.1, 0.1, 0.1, 0.1, 0.1, 0.1], [8])","([0, 0, 0, 1, 0, 0, 0, 0, 0, 0], [3])",-0.0,-0.0,-0.0,-0.0,-0.0,-0.0,-0.0,-0.0,-1.0,-0.0,-1.0,0.826,-0.5022000000000002,0.25119999999999876
21,"([0.1, 0.1, 0.1, 0.1, 0.1, 0.1, 0.1, 0.1, 0.1, 0.1], [3])","([0, 0, 0, 1, 0, 0, 0, 0, 0, 0], [3])",-0.0,-0.0,-0.0,-0.0,-0.0,-0.0,-0.0,-0.0,-0.0,-0.0,0.0,0.826,-1.3134000000000001,0.2659999999999987
22,"([0.1, 0.1, 0.1, 0.1, 0.1, 0.1, 0.1, 0.1, 0.1, 0.1], [2])","([0, 0, 0, 1, 0, 0, 0, 0, 0, 0], [3])",-0.0,-0.0,-0.8740000000000001,-0.0,-0.0,-0.0,-0.0,-0.0,-0.0,-0.0,-0.8740000000000001,0.826,-1.2506,0.2807999999999986
23,"([0.1, 0.1, 0.1, 0.1, 0.1, 0.1, 0.1, 0.1, 0.1, 0.1], [1])","([0, 0, 0, 1, 0, 0, 0, 0, 0, 0], [3])",-0.0,-0.8240000000000001,-0.0,-0.0,-0.0,-0.0,-0.0,-0.0,-0.0,-0.0,-0.8240000000000001,0.826,-1.2378,0.29559999999999853
24,"([0.1, 0.1, 0.1, 0.1, 0.1, 0.1, 0.1, 0.1, 0.1, 0.1], [2])","([0, 0, 0, 1, 0, 0, 0, 0, 0, 0], [3])",-0.0,-0.0,-0.8740000000000001,-0.0,-0.0,-0.0,-0.0,-0.0,-0.0,-0.0,-0.8740000000000001,0.826,-1.1749999999999998,0.31039999999999845
25,"([0.1, 0.1, 0.1, 0.1, 0.1, 0.1, 0.1, 0.1, 0.1, 0.1], [9])","([0, 0, 0, 1, 0, 0, 0, 0, 0, 0], [3])",-0.0,-0.0,-0.0,-0.0,-0.0,-0.0,-0.0,-0.0,-0.0,-0.9,-0.9,0.826,-1.0861999999999998,0.3251999999999984
26,"([0.1, 0.1, 0.1, 0.1, 0.1, 0.1, 0.1, 0.1, 0.1, 0.1], [5])","([0, 0, 0, 1, 0, 0, 0, 0, 0, 0], [3])",-0.0,-0.0,-0.0,-0.0,-0.0,-0.8959999999999999,-0.0,-0.0,-0.0,-0.0,-0.8959999999999999,0.826,-1.0013999999999998,0.3399999999999983
27,"([0.1, 0.1, 0.1, 0.1, 0.1, 0.1, 0.1, 0.1, 0.1, 0.1], [1])","([0, 0, 0, 1, 0, 0, 0, 0, 0, 0], [3])",-0.0,-0.8240000000000001,-0.0,-0.0,-0.0,-0.0,-0.0,-0.0,-0.0,-0.0,-0.8240000000000001,0.826,-0.9885999999999998,0.35479999999999823
28,"([0.1, 0.1, 0.1, 0.1, 0.1, 0.1, 0.1, 0.1, 0.1, 0.1], [1])","([0, 0, 0, 1, 0, 0, 0, 0, 0, 0], [3])",-0.0,-0.8240000000000001,-0.0,-0.0,-0.0,-0.0,-0.0,-0.0,-0.0,-0.0,-0.8240000000000001,0.826,-0.9757999999999998,0.36959999999999815
29,"([0.1, 0.1, 0.1, 0.1, 0.1, 0.1, 0.1, 0.1, 0.1, 0.1], [6])","([0, 0, 0, 1, 0, 0, 0, 0, 0, 0], [3])",-0.0,-0.0,-0.0,-0.0,-0.0,-0.0,-0.986,-0.0,-0.0,-0.0,-0.986,0.826,-0.8009999999999998,0.3843999999999981
30,"([0.1, 0.1, 0.1, 0.1, 0.1, 0.1, 0.1, 0.1, 0.1, 0.1], [5])","([0, 0, 0, 1, 0, 0, 0, 0, 0, 0], [3])",-0.0,-0.0,-0.0,-0.0,-0.0,-0.8959999999999999,-0.0,-0.0,-0.0,-0.0,-0.8959999999999999,0.826,-0.7162,0.399199999999998
31,"([0.1, 0.1, 0.1, 0.1, 0.1, 0.1, 0.1, 0.1, 0.1, 0.1], [9])","([0, 0, 0, 1, 0, 0, 0, 0, 0, 0], [3])",-0.0,-0.0,-0.0,-0.0,-0.0,-0.0,-0.0,-0.0,-0.0,-0.9,-0.9,0.826,-0.6274,0.4139999999999979
32,"([0.1, 0.1, 0.1, 0.1, 0.1, 0.1, 0.1, 0.1, 0.1, 0.1], [8])","([0, 0, 0, 0, 0, 0, 0, 0, 1, 0], [8])",-0.0,-0.0,-0.0,-0.0,-0.0,-0.0,-0.0,-0.0,-0.0,-0.0,0.0,0.8112,-1.4386,0.4139999999999979
33,"([0.1, 0.1, 0.1, 0.1, 0.1, 0.1, 0.1, 0.1, 0.1, 0.1], [6])","([0, 0, 0, 0, 0, 0, 0, 0, 1, 0], [8])",-0.0,-0.0,-0.0,-0.0,-0.0,-0.0,-0.986,-0.0,-0.0,-0.0,-0.986,0.8112,-1.2638000000000003,0.4139999999999979
34,"([0.1, 0.1, 0.1, 0.1, 0.1, 0.1, 0.1, 0.1, 0.1, 0.1], [3])","([0, 0, 0, 0, 0, 0, 0, 0, 1, 0], [8])",-0.0,-0.0,-0.0,-0.852,-0.0,-0.0,-0.0,-0.0,-0.0,-0.0,-0.852,0.8112,-1.2230000000000003,0.4139999999999979
35,"([0.1, 0.1, 0.1, 0.1, 0.1, 0.1, 0.1, 0.1, 0.1, 0.1], [1])","([0, 0, 0, 1, 0, 0, 0, 0, 0, 0], [3])",-0.0,-0.8240000000000001,-0.0,-0.0,-0.0,-0.0,-0.0,-0.0,-0.0,-0.0,-0.8240000000000001,0.826,-1.2102000000000004,0.42879999999999785
36,"([0.1, 0.1, 0.1, 0.1, 0.1, 0.1, 0.1, 0.1, 0.1, 0.1], [8])","([0, 0, 0, 1, 0, 0, 0, 0, 0, 0], [3])",-0.0,-0.0,-0.0,-0.0,-0.0,-0.0,-0.0,-0.0,-1.0,-0.0,-1.0,0.826,-1.0214000000000003,0.4435999999999978
37,"([0.1, 0.1, 0.1, 0.1, 0.1, 0.1, 0.1, 0.1, 0.1, 0.1], [5])","([0, 0, 0, 1, 0, 0, 0, 0, 0, 0], [3])",-0.0,-0.0,-0.0,-0.0,-0.0,-0.8959999999999999,-0.0,-0.0,-0.0,-0.0,-0.8959999999999999,0.826,-0.9366000000000004,0.4583999999999977
38,"([0.1, 0.1, 0.1, 0.1, 0.1, 0.1, 0.1, 0.1, 0.1, 0.1], [9])","([0, 0, 0, 1, 0, 0, 0, 0, 0, 0], [3])",-0.0,-0.0,-0.0,-0.0,-0.0,-0.0,-0.0,-0.0,-0.0,-0.9,-0.9,0.826,-0.8478000000000004,0.4731999999999976
39,"([0.1, 0.1, 0.1, 0.1, 0.1, 0.1, 0.1, 0.1, 0.1, 0.1], [9])","([0, 0, 0, 0, 0, 0, 0, 0, 1, 0], [8])",-0.0,-0.0,-0.0,-0.0,-0.0,-0.0,-0.0,-0.0,-0.0,-0.9,-0.9,0.8112,-0.7590000000000005,0.4731999999999976
40,"([0.1, 0.1, 0.1, 0.1, 0.1, 0.1, 0.1, 0.1, 0.1, 0.1], [7])","([0, 0, 0, 0, 0, 0, 0, 0, 1, 0], [8])",-0.0,-0.0,-0.0,-0.0,-0.0,-0.0,-0.0,-0.8690000000000001,-0.0,-0.0,-0.8690000000000001,0.8112,-0.7012000000000004,0.4731999999999976
41,"([0.1, 0.1, 0.1, 0.1, 0.1, 0.1, 0.1, 0.1, 0.1, 0.1], [0])","([0, 0, 0, 0, 0, 0, 0, 0, 1, 0], [8])",-0.9490000000000001,-0.0,-0.0,-0.0,-0.0,-0.0,-0.0,-0.0,-0.0,-0.0,-0.9490000000000001,0.8112,-0.5634000000000003,0.4731999999999976
42,"([0.1, 0.1, 0.1, 0.1, 0.1, 0.1, 0.1, 0.1, 0.1, 0.1], [6])","([0, 0, 0, 0, 0, 0, 0, 0, 1, 0], [8])",-0.0,-0.0,-0.0,-0.0,-0.0,-0.0,-0.986,-0.0,-0.0,-0.0,-0.986,0.8112,-0.3886000000000004,0.4731999999999976
43,"([0.1, 0.1, 0.1, 0.1, 0.1, 0.1, 0.1, 0.1, 0.1, 0.1], [9])","([0, 0, 0, 0, 0, 0, 0, 0, 1, 0], [8])",-0.0,-0.0,-0.0,-0.0,-0.0,-0.0,-0.0,-0.0,-0.0,-0.9,-0.9,0.8112,-0.2998000000000004,0.4731999999999976
44,"([0.1, 0.1, 0.1, 0.1, 0.1, 0.1, 0.1, 0.1, 0.1, 0.1], [0])","([0, 0, 0, 0, 0, 0, 0, 0, 1, 0], [8])",-0.9490000000000001,-0.0,-0.0,-0.0,-0.0,-0.0,-0.0,-0.0,-0.0,-0.0,-0.9490000000000001,0.8112,-0.16200000000000037,0.4731999999999976
45,"([0.1, 0.1, 0.1, 0.1, 0.1, 0.1, 0.1, 0.1, 0.1, 0.1], [8])","([0, 0, 0, 0, 0, 0, 0, 0, 1, 0], [8])",-0.0,-0.0,-0.0,-0.0,-0.0,-0.0,-0.0,-0.0,-0.0,-0.0,0.0,0.8112,-0.9732000000000004,0.4731999999999976
46,"([0.1, 0.1, 0.1, 0.1, 0.1, 0.1, 0.1, 0.1, 0.1, 0.1], [1])","([0, 0, 0, 0, 0, 0, 0, 0, 1, 0], [8])",-0.0,-0.8240000000000001,-0.0,-0.0,-0.0,-0.0,-0.0,-0.0,-0.0,-0.0,-0.8240000000000001,0.8112,-0.9604000000000004,0.4731999999999976
47,"([0.1, 0.1, 0.1, 0.1, 0.1, 0.1, 0.1, 0.1, 0.1, 0.1], [3])","([0, 0, 0, 0, 0, 0, 0, 0, 1, 0], [8])",-0.0,-0.0,-0.0,-0.852,-0.0,-0.0,-0.0,-0.0,-0.0,-0.0,-0.852,0.8112,-0.9196000000000004,0.4731999999999976
48,"([0.1, 0.1, 0.1, 0.1, 0.1, 0.1, 0.1, 0.1, 0.1, 0.1], [9])","([0, 0, 0, 0, 0, 0, 0, 0, 1, 0], [8])",-0.0,-0.0,-0.0,-0.0,-0.0,-0.0,-0.0,-0.0,-0.0,-0.9,-0.9,0.8112,-0.8308000000000004,0.4731999999999976
49,"([0.1, 0.1, 0.1, 0.1, 0.1, 0.1, 0.1, 0.1, 0.1, 0.1], [7])","([0, 0, 0, 0, 0, 0, 0, 0, 1, 0], [8])",-0.0,-0.0,-0.0,-0.0,-0.0,-0.0,-0.0,-0.8690000000000001,-0.0,-0.0,-0.8690000000000001,0.8112,-0.7730000000000004,0.4731999999999976
50,"([0.1, 0.1, 0.1, 0.1, 0.1, 0.1, 0.1, 0.1, 0.1, 0.1], [2])","([0, 0, 0, 0, 0, 0, 0, 0, 1, 0], [8])",-0.0,-0.0,-0.8740000000000001,-0.0,-0.0,-0.0,-0.0,-0.0,-0.0,-0.0,-0.8740000000000001,0.8112,-0.7102000000000003,0.4731999999999976
51,"([0.1, 0.1, 0.1, 0.1, 0.1, 0.1, 0.1, 0.1, 0.1, 0.1], [7])","([0, 0, 0, 0, 0, 0, 0, 0, 1, 0], [8])",-0.0,-0.0,-0.0,-0.0,-0.0,-0.0,-0.0,-0.8690000000000001,-0.0,-0.0,-0.8690000000000001,0.8112,-0.6524000000000002,0.4731999999999976
52,"([0.1, 0.1, 0.1, 0.1, 0.1, 0.1, 0.1, 0.1, 0.1, 0.1], [3])","([0, 0, 0, 0, 0, 0, 0, 0, 1, 0], [8])",-0.0,-0.0,-0.0,-0.852,-0.0,-0.0,-0.0,-0.0,-0.0,-0.0,-0.852,0.8112,-0.6116000000000003,0.4731999999999976
53,"([0.1, 0.1, 0.1, 0.1, 0.1, 0.1, 0.1, 0.1, 0.1, 0.1], [6])","([0, 0, 0, 0, 0, 0, 0, 0, 1, 0], [8])",-0.0,-0.0,-0.0,-0.0,-0.0,-0.0,-0.986,-0.0,-0.0,-0.0,-0.986,0.8112,-0.4368000000000003,0.4731999999999976
54,"([0.1, 0.1, 0.1, 0.1, 0.1, 0.1, 0.1, 0.1, 0.1, 0.1], [1])","([0, 0, 0, 0, 0, 0, 0, 0, 1, 0], [8])",-0.0,-0.8240000000000001,-0.0,-0.0,-0.0,-0.0,-0.0,-0.0,-0.0,-0.0,-0.8240000000000001,0.8112,-0.42400000000000027,0.4731999999999976
55,"([0.1, 0.1, 0.1, 0.1, 0.1, 0.1, 0.1, 0.1, 0.1, 0.1], [3])","([0, 0, 0, 0, 0, 0, 0, 0, 1, 0], [8])",-0.0,-0.0,-0.0,-0.852,-0.0,-0.0,-0.0,-0.0,-0.0,-0.0,-0.852,0.8112,-0.3832000000000003,0.4731999999999976
56,"([0.1, 0.1, 0.1, 0.1, 0.1, 0.1, 0.1, 0.1, 0.1, 0.1], [6])","([0, 0, 0, 0, 0, 0, 0, 0, 1, 0], [8])",-0.0,-0.0,-0.0,-0.0,-0.0,-0.0,-0.986,-0.0,-0.0,-0.0,-0.986,0.8112,-0.20840000000000036,0.4731999999999976
57,"([0.1, 0.1, 0.1, 0.1, 0.1, 0.1, 0.1, 0.1, 0.1, 0.1], [6])","([0, 0, 0, 0, 0, 0, 0, 0, 1, 0], [8])",-0.0,-0.0,-0.0,-0.0,-0.0,-0.0,-0.986,-0.0,-0.0,-0.0,-0.986,0.8112,-0.03360000000000041,0.4731999999999976
58,"([0.1, 0.1, 0.1, 0.1, 0.1, 0.1, 0.1, 0.1, 0.1, 0.1], [3])","([0, 0, 0, 0, 0, 0, 0, 0, 1, 0], [8])",-0.0,-0.0,-0.0,-0.852,-0.0,-0.0,-0.0,-0.0,-0.0,-0.0,-0.852,0.8112,0.00719999999999954,0.4731999999999976
59,"([0.1, 0.1, 0.1, 0.1, 0.1, 0.1, 0.1, 0.1, 0.1, 0.1], [4])","([0, 0, 0, 0, 0, 0, 0, 0, 1, 0], [8])",-0.0,-0.0,-0.0,-0.0,-0.9620000000000001,-0.0,-0.0,-0.0,-0.0,-0.0,-0.9620000000000001,0.8112,0.15799999999999959,0.4731999999999976
60,"([0.1, 0.1, 0.1, 0.1, 0.1, 0.1, 0.1, 0.1, 0.1, 0.1], [6])","([0, 0, 0, 0, 0, 0, 0, 0, 1, 0], [8])",-0.0,-0.0,-0.0,-0.0,-0.0,-0.0,-0.986,-0.0,-0.0,-0.0,-0.986,0.8112,0.33279999999999954,0.4731999999999976
61,"([0.1, 0.1, 0.1, 0.1, 0.1, 0.1, 0.1, 0.1, 0.1, 0.1], [4])","([0, 0, 0, 0, 0, 0, 0, 0, 1, 0], [8])",-0.0,-0.0,-0.0,-0.0,-0.9620000000000001,-0.0,-0.0,-0.0,-0.0,-0.0,-0.9620000000000001,0.8112,0.4835999999999996,0.4731999999999976
62,"([0.1, 0.1, 0.1, 0.1, 0.1, 0.1, 0.1, 0.1, 0.1, 0.1], [2])","([0, 0, 0, 0, 0, 0, 0, 0, 1, 0], [8])",-0.0,-0.0,-0.8740000000000001,-0.0,-0.0,-0.0,-0.0,-0.0,-0.0,-0.0,-0.8740000000000001,0.8112,0.5463999999999997,0.4731999999999976
63,"([0.1, 0.1, 0.1, 0.1, 0.1, 0.1, 0.1, 0.1, 0.1, 0.1], [9])","([0, 0, 0, 0, 0, 0, 0, 0, 1, 0], [8])",-0.0,-0.0,-0.0,-0.0,-0.0,-0.0,-0.0,-0.0,-0.0,-0.9,-0.9,0.8112,0.6351999999999997,0.4731999999999976
64,"([0.1, 0.1, 0.1, 0.1, 0.1, 0.1, 0.1, 0.1, 0.1, 0.1], [4])","([0, 0, 0, 0, 0, 0, 0, 0, 1, 0], [8])",-0.0,-0.0,-0.0,-0.0,-0.9620000000000001,-0.0,-0.0,-0.0,-0.0,-0.0,-0.9620000000000001,0.8112,0.7859999999999997,0.4731999999999976
65,"([0.1, 0.1, 0.1, 0.1, 0.1, 0.1, 0.1, 0.1, 0.1, 0.1], [7])","([0, 0, 0, 0, 0, 0, 0, 0, 1, 0], [8])",-0.0,-0.0,-0.0,-0.0,-0.0,-0.0,-0.0,-0.8690000000000001,-0.0,-0.0,-0.8690000000000001,0.8112,0.8437999999999998,0.4731999999999976
66,"([0.1, 0.1, 0.1, 0.1, 0.1, 0.1, 0.1, 0.1, 0.1, 0.1], [3])","([0, 0, 0, 0, 0, 0, 0, 0, 1, 0], [8])",-0.0,-0.0,-0.0,-0.852,-0.0,-0.0,-0.0,-0.0,-0.0,-0.0,-0.852,0.8112,0.8845999999999997,0.4731999999999976
67,"([0.1, 0.1, 0.1, 0.1, 0.1, 0.1, 0.1, 0.1, 0.1, 0.1], [2])","([0, 0, 0, 0, 0, 0, 0, 0, 1, 0], [8])",-0.0,-0.0,-0.8740000000000001,-0.0,-0.0,-0.0,-0.0,-0.0,-0.0,-0.0,-0.8740000000000001,0.8112,0.9473999999999998,0.4731999999999976
68,"([0.1, 0.1, 0.1, 0.1, 0.1, 0.1, 0.1, 0.1, 0.1, 0.1], [2])","([0, 0, 0, 0, 0, 0, 0, 0, 1, 0], [8])",-0.0,-0.0,-0.8740000000000001,-0.0,-0.0,-0.0,-0.0,-0.0,-0.0,-0.0,-0.8740000000000001,0.8112,1.0101999999999998,0.4731999999999976
69,"([0.1, 0.1, 0.1, 0.1, 0.1, 0.1, 0.1, 0.1, 0.1, 0.1], [0])","([0, 0, 0, 0, 0, 0, 0, 0, 1, 0], [8])",-0.9490000000000001,-0.0,-0.0,-0.0,-0.0,-0.0,-0.0,-0.0,-0.0,-0.0,-0.9490000000000001,0.8112,1.1479999999999997,0.4731999999999976
70,"([0.1, 0.1, 0.1, 0.1, 0.1, 0.1, 0.1, 0.1, 0.1, 0.1], [6])","([0, 0, 0, 0, 0, 0, 0, 0, 1, 0], [8])",-0.0,-0.0,-0.0,-0.0,-0.0,-0.0,-0.986,-0.0,-0.0,-0.0,-0.986,0.8112,1.3227999999999995,0.4731999999999976
71,"([0.1, 0.1, 0.1, 0.1, 0.1, 0.1, 0.1, 0.1, 0.1, 0.1], [1])","([0, 0, 0, 0, 0, 0, 0, 0, 1, 0], [8])",-0.0,-0.8240000000000001,-0.0,-0.0,-0.0,-0.0,-0.0,-0.0,-0.0,-0.0,-0.8240000000000001,0.8112,1.3355999999999995,0.4731999999999976
72,"([0.1, 0.1, 0.1, 0.1, 0.1, 0.1, 0.1, 0.1, 0.1, 0.1], [8])","([0, 0, 0, 0, 0, 0, 0, 0, 1, 0], [8])",-0.0,-0.0,-0.0,-0.0,-0.0,-0.0,-0.0,-0.0,-0.0,-0.0,0.0,0.8112,0.5243999999999994,0.4731999999999976
73,"([0.1, 0.1, 0.1, 0.1, 0.1, 0.1, 0.1, 0.1, 0.1, 0.1], [9])","([0, 0, 0, 0, 0, 0, 0, 0, 1, 0], [8])",-0.0,-0.0,-0.0,-0.0,-0.0,-0.0,-0.0,-0.0,-0.0,-0.9,-0.9,0.8112,0.6131999999999994,0.4731999999999976
74,"([0.1, 0.1, 0.1, 0.1, 0.1, 0.1, 0.1, 0.1, 0.1, 0.1], [9])","([0, 0, 0, 0, 0, 0, 0, 0, 1, 0], [8])",-0.0,-0.0,-0.0,-0.0,-0.0,-0.0,-0.0,-0.0,-0.0,-0.9,-0.9,0.8112,0.7019999999999994,0.4731999999999976
75,"([0.1, 0.1, 0.1, 0.1, 0.1, 0.1, 0.1, 0.1, 0.1, 0.1], [0])","([0, 0, 0, 0, 0, 0, 0, 0, 1, 0], [8])",-0.9490000000000001,-0.0,-0.0,-0.0,-0.0,-0.0,-0.0,-0.0,-0.0,-0.0,-0.9490000000000001,0.8112,0.8397999999999994,0.4731999999999976
76,"([0.1, 0.1, 0.1, 0.1, 0.1, 0.1, 0.1, 0.1, 0.1, 0.1], [2])","([0, 0, 0, 0, 0, 0, 0, 0, 1, 0], [8])",-0.0,-0.0,-0.8740000000000001,-0.0,-0.0,-0.0,-0.0,-0.0,-0.0,-0.0,-0.8740000000000001,0.8112,0.9025999999999995,0.4731999999999976
77,"([0.1, 0.1, 0.1, 0.1, 0.1, 0.1, 0.1, 0.1, 0.1, 0.1], [1])","([0, 0, 0, 0, 0, 0, 0, 0, 1, 0], [8])",-0.0,-0.8240000000000001,-0.0,-0.0,-0.0,-0.0,-0.0,-0.0,-0.0,-0.0,-0.8240000000000001,0.8112,0.9153999999999995,0.4731999999999976
78,"([0.1, 0.1, 0.1, 0.1, 0.1, 0.1, 0.1, 0.1, 0.1, 0.1], [0])","([0, 0, 0, 0, 0, 0, 0, 0, 1, 0], [8])",-0.9490000000000001,-0.0,-0.0,-0.0,-0.0,-0.0,-0.0,-0.0,-0.0,-0.0,-0.9490000000000001,0.8112,1.0531999999999995,0.4731999999999976
79,"([0.1, 0.1, 0.1, 0.1, 0.1, 0.1, 0.1, 0.1, 0.1, 0.1], [7])","([0, 0, 0, 0, 0, 0, 0, 0, 1, 0], [8])",-0.0,-0.0,-0.0,-0.0,-0.0,-0.0,-0.0,-0.8690000000000001,-0.0,-0.0,-0.8690000000000001,0.8112,1.1109999999999995,0.4731999999999976
80,"([0.1, 0.1, 0.1, 0.1, 0.1, 0.1, 0.1, 0.1, 0.1, 0.1], [5])","([0, 0, 0, 0, 0, 0, 0, 0, 1, 0], [8])",-0.0,-0.0,-0.0,-0.0,-0.0,-0.8959999999999999,-0.0,-0.0,-0.0,-0.0,-0.8959999999999999,0.8112,1.1957999999999993,0.4731999999999976
81,"([0.1, 0.1, 0.1, 0.1, 0.1, 0.1, 0.1, 0.1, 0.1, 0.1], [4])","([0, 0, 0, 0, 0, 0, 0, 0, 1, 0], [8])",-0.0,-0.0,-0.0,-0.0,-0.9620000000000001,-0.0,-0.0,-0.0,-0.0,-0.0,-0.9620000000000001,0.8112,1.3465999999999994,0.4731999999999976
82,"([0.1, 0.1, 0.1, 0.1, 0.1, 0.1, 0.1, 0.1, 0.1, 0.1], [2])","([0, 0, 0, 0, 0, 0, 0, 0, 1, 0], [8])",-0.0,-0.0,-0.8740000000000001,-0.0,-0.0,-0.0,-0.0,-0.0,-0.0,-0.0,-0.8740000000000001,0.8112,1.4093999999999993,0.4731999999999976
83,"([0.1, 0.1, 0.1, 0.1, 0.1, 0.1, 0.1, 0.1, 0.1, 0.1], [3])","([0, 0, 0, 0, 0, 0, 0, 0, 1, 0], [8])",-0.0,-0.0,-0.0,-0.852,-0.0,-0.0,-0.0,-0.0,-0.0,-0.0,-0.852,0.8112,1.4501999999999993,0.4731999999999976
84,"([0.1, 0.1, 0.1, 0.1, 0.1, 0.1, 0.1, 0.1, 0.1, 0.1], [7])","([0, 0, 0, 0, 0, 0, 0, 0, 1, 0], [8])",-0.0,-0.0,-0.0,-0.0,-0.0,-0.0,-0.0,-0.8690000000000001,-0.0,-0.0,-0.8690000000000001,0.8112,1.5079999999999993,0.4731999999999976
85,"([0.1, 0.1, 0.1, 0.1, 0.1, 0.1, 0.1, 0.1, 0.1, 0.1], [0])","([0, 0, 0, 0, 0, 0, 0, 0, 1, 0], [8])",-0.9490000000000001,-0.0,-0.0,-0.0,-0.0,-0.0,-0.0,-0.0,-0.0,-0.0,-0.9490000000000001,0.8112,1.6457999999999995,0.4731999999999976
86,"([0.1, 0.1, 0.1, 0.1, 0.1, 0.1, 0.1, 0.1, 0.1, 0.1], [9])","([0, 0, 0, 0, 0, 0, 0, 0, 1, 0], [8])",-0.0,-0.0,-0.0,-0.0,-0.0,-0.0,-0.0,-0.0,-0.0,-0.9,-0.9,0.8112,1.7345999999999995,0.4731999999999976
87,"([0.1, 0.1, 0.1, 0.1, 0.1, 0.1, 0.1, 0.1, 0.1, 0.1], [3])","([0, 0, 0, 0, 0, 0, 0, 0, 1, 0], [8])",-0.0,-0.0,-0.0,-0.852,-0.0,-0.0,-0.0,-0.0,-0.0,-0.0,-0.852,0.8112,1.7753999999999994,0.4731999999999976
88,"([0.1, 0.1, 0.1, 0.1, 0.1, 0.1, 0.1, 0.1, 0.1, 0.1], [1])","([0, 0, 0, 0, 0, 0, 0, 0, 1, 0], [8])",-0.0,-0.8240000000000001,-0.0,-0.0,-0.0,-0.0,-0.0,-0.0,-0.0,-0.0,-0.8240000000000001,0.8112,1.7881999999999993,0.4731999999999976
89,"([0.1, 0.1, 0.1, 0.1, 0.1, 0.1, 0.1, 0.1, 0.1, 0.1], [0])","([0, 0, 0, 0, 0, 0, 0, 0, 1, 0], [8])",-0.9490000000000001,-0.0,-0.0,-0.0,-0.0,-0.0,-0.0,-0.0,-0.0,-0.0,-0.9490000000000001,0.8112,1.9259999999999993,0.4731999999999976
90,"([0.1, 0.1, 0.1, 0.1, 0.1, 0.1, 0.1, 0.1, 0.1, 0.1], [8])","([0, 0, 0, 0, 0, 0, 0, 0, 1, 0], [8])",-0.0,-0.0,-0.0,-0.0,-0.0,-0.0,-0.0,-0.0,-0.0,-0.0,0.0,0.8112,1.1147999999999993,0.4731999999999976
91,"([0.1, 0.1, 0.1, 0.1, 0.1, 0.1, 0.1, 0.1, 0.1, 0.1], [5])","([0, 0, 0, 0, 0, 0, 0, 0, 1, 0], [8])",-0.0,-0.0,-0.0,-0.0,-0.0,-0.8959999999999999,-0.0,-0.0,-0.0,-0.0,-0.8959999999999999,0.8112,1.1995999999999993,0.4731999999999976
92,"([0.1, 0.1, 0.1, 0.1, 0.1, 0.1, 0.1, 0.1, 0.1, 0.1], [1])","([0, 0, 0, 0, 0, 0, 0, 0, 1, 0], [8])",-0.0,-0.8240000000000001,-0.0,-0.0,-0.0,-0.0,-0.0,-0.0,-0.0,-0.0,-0.8240000000000001,0.8112,1.2123999999999993,0.4731999999999976
93,"([0.1, 0.1, 0.1, 0.1, 0.1, 0.1, 0.1, 0.1, 0.1, 0.1], [7])","([0, 0, 0, 0, 0, 0, 0, 0, 1, 0], [8])",-0.0,-0.0,-0.0,-0.0,-0.0,-0.0,-0.0,-0.8690000000000001,-0.0,-0.0,-0.8690000000000001,0.8112,1.2701999999999993,0.4731999999999976
94,"([0.1, 0.1, 0.1, 0.1, 0.1, 0.1, 0.1, 0.1, 0.1, 0.1], [4])","([0, 0, 0, 0, 0, 0, 0, 0, 1, 0], [8])",-0.0,-0.0,-0.0,-0.0,-0.9620000000000001,-0.0,-0.0,-0.0,-0.0,-0.0,-0.9620000000000001,0.8112,1.4209999999999994,0.4731999999999976
95,"([0.1, 0.1, 0.1, 0.1, 0.1, 0.1, 0.1, 0.1, 0.1, 0.1], [7])","([0, 0, 0, 0, 0, 0, 0, 0, 1, 0], [8])",-0.0,-0.0,-0.0,-0.0,-0.0,-0.0,-0.0,-0.8690000000000001,-0.0,-0.0,-0.8690000000000001,0.8112,1.4787999999999994,0.4731999999999976
96,"([0.1, 0.1, 0.1, 0.1, 0.1, 0.1, 0.1, 0.1, 0.1, 0.1], [3])","([0, 0, 0, 0, 0, 0, 0, 0, 1, 0], [8])",-0.0,-0.0,-0.0,-0.852,-0.0,-0.0,-0.0,-0.0,-0.0,-0.0,-0.852,0.8112,1.5195999999999994,0.4731999999999976
97,"([0.1, 0.1, 0.1, 0.1, 0.1, 0.1, 0.1, 0.1, 0.1, 0.1], [5])","([0, 0, 0, 0, 0, 0, 0, 0, 1, 0], [8])",-0.0,-0.0,-0.0,-0.0,-0.0,-0.8959999999999999,-0.0,-0.0,-0.0,-0.0,-0.8959999999999999,0.8112,1.6043999999999992,0.4731999999999976
98,"([0.1, 0.1, 0.1, 0.1, 0.1, 0.1, 0.1, 0.1, 0.1, 0.1], [3])","([0, 0, 0, 0, 0, 0, 0, 0, 1, 0], [8])",-0.0,-0.0,-0.0,-0.852,-0.0,-0.0,-0.0,-0.0,-0.0,-0.0,-0.852,0.8112,1.645199999999999,0.4731999999999976
99,"([0.1, 0.1, 0.1, 0.1, 0.1, 0.1, 0.1, 0.1, 0.1, 0.1], [9])","([0, 0, 0, 0, 0, 0, 0, 0, 1, 0], [8])",-0.0,-0.0,-0.0,-0.0,-0.0,-0.0,-0.0,-0.0,-0.0,-0.9,-0.9,0.8112,1.733999999999999,0.4731999999999976
100,"([0.1, 0.1, 0.1, 0.1, 0.1, 0.1, 0.1, 0.1, 0.1, 0.1], [6])","([0, 0, 0, 0, 0, 0, 0, 0, 1, 0], [8])",-0.0,-0.0,-0.0,-0.0,-0.0,-0.0,-0.986,-0.0,-0.0,-0.0,-0.986,0.8112,1.908799999999999,0.4731999999999976
101,"([0.1, 0.1, 0.1, 0.1, 0.1, 0.1, 0.1, 0.1, 0.1, 0.1], [6])","([0, 0, 0, 0, 0, 0, 0, 0, 1, 0], [8])",-0.0,-0.0,-0.0,-0.0,-0.0,-0.0,-0.986,-0.0,-0.0,-0.0,-0.986,0.8112,2.083599999999999,0.4731999999999976
102,"([0.1, 0.1, 0.1, 0.1, 0.1, 0.1, 0.1, 0.1, 0.1, 0.1], [0])","([0, 0, 0, 0, 0, 0, 0, 0, 1, 0], [8])",-0.9490000000000001,-0.0,-0.0,-0.0,-0.0,-0.0,-0.0,-0.0,-0.0,-0.0,-0.9490000000000001,0.8112,2.2213999999999987,0.4731999999999976
103,"([0.1, 0.1, 0.1, 0.1, 0.1, 0.1, 0.1, 0.1, 0.1, 0.1], [3])","([0, 0, 0, 0, 0, 0, 0, 0, 1, 0], [8])",-0.0,-0.0,-0.0,-0.852,-0.0,-0.0,-0.0,-0.0,-0.0,-0.0,-0.852,0.8112,2.2621999999999987,0.4731999999999976
104,"([0.1, 0.1, 0.1, 0.1, 0.1, 0.1, 0.1, 0.1, 0.1, 0.1], [3])","([0, 0, 0, 0, 0, 0, 0, 0, 1, 0], [8])",-0.0,-0.0,-0.0,-0.852,-0.0,-0.0,-0.0,-0.0,-0.0,-0.0,-0.852,0.8112,2.3029999999999986,0.4731999999999976
105,"([0.1, 0.1, 0.1, 0.1, 0.1, 0.1, 0.1, 0.1, 0.1, 0.1], [1])","([0, 0, 0, 0, 0, 0, 0, 0, 1, 0], [8])",-0.0,-0.8240000000000001,-0.0,-0.0,-0.0,-0.0,-0.0,-0.0,-0.0,-0.0,-0.8240000000000001,0.8112,2.3157999999999985,0.4731999999999976
106,"([0.1, 0.1, 0.1, 0.1, 0.1, 0.1, 0.1, 0.1, 0.1, 0.1], [6])","([0, 0, 0, 0, 0, 0, 0, 0, 1, 0], [8])",-0.0,-0.0,-0.0,-0.0,-0.0,-0.0,-0.986,-0.0,-0.0,-0.0,-0.986,0.8112,2.4905999999999984,0.4731999999999976
107,"([0.1, 0.1, 0.1, 0.1, 0.1, 0.1, 0.1, 0.1, 0.1, 0.1], [0])","([0, 0, 0, 0, 0, 0, 0, 0, 1, 0], [8])",-0.9490000000000001,-0.0,-0.0,-0.0,-0.0,-0.0,-0.0,-0.0,-0.0,-0.0,-0.9490000000000001,0.8112,2.6283999999999983,0.4731999999999976
108,"([0.1, 0.1, 0.1, 0.1, 0.1, 0.1, 0.1, 0.1, 0.1, 0.1], [0])","([0, 0, 0, 0, 0, 0, 0, 0, 1, 0], [8])",-0.9490000000000001,-0.0,-0.0,-0.0,-0.0,-0.0,-0.0,-0.0,-0.0,-0.0,-0.9490000000000001,0.8112,2.766199999999998,0.4731999999999976
109,"([0.1, 0.1, 0.1, 0.1, 0.1, 0.1, 0.1, 0.1, 0.1, 0.1], [3])","([0, 0, 0, 0, 0, 0, 0, 0, 1, 0], [8])",-0.0,-0.0,-0.0,-0.852,-0.0,-0.0,-0.0,-0.0,-0.0,-0.0,-0.852,0.8112,2.806999999999998,0.4731999999999976
110,"([0.1, 0.1, 0.1, 0.1, 0.1, 0.1, 0.1, 0.1, 0.1, 0.1], [7])","([0, 0, 0, 0, 0, 0, 0, 0, 1, 0], [8])",-0.0,-0.0,-0.0,-0.0,-0.0,-0.0,-0.0,-0.8690000000000001,-0.0,-0.0,-0.8690000000000001,0.8112,2.864799999999998,0.4731999999999976
111,"([0.1, 0.1, 0.1, 0.1, 0.1, 0.1, 0.1, 0.1, 0.1, 0.1], [8])","([0, 0, 0, 0, 0, 0, 0, 0, 1, 0], [8])",-0.0,-0.0,-0.0,-0.0,-0.0,-0.0,-0.0,-0.0,-0.0,-0.0,0.0,0.8112,2.053599999999998,0.4731999999999976
112,"([0.1, 0.1, 0.1, 0.1, 0.1, 0.1, 0.1, 0.1, 0.1, 0.1], [2])","([0, 0, 0, 0, 0, 0, 0, 0, 1, 0], [8])",-0.0,-0.0,-0.8740000000000001,-0.0,-0.0,-0.0,-0.0,-0.0,-0.0,-0.0,-0.8740000000000001,0.8112,2.1163999999999983,0.4731999999999976
113,"([0.1, 0.1, 0.1, 0.1, 0.1, 0.1, 0.1, 0.1, 0.1, 0.1], [7])","([0, 0, 0, 0, 0, 0, 0, 0, 1, 0], [8])",-0.0,-0.0,-0.0,-0.0,-0.0,-0.0,-0.0,-0.8690000000000001,-0.0,-0.0,-0.8690000000000001,0.8112,2.174199999999998,0.4731999999999976
114,"([0.1, 0.1, 0.1, 0.1, 0.1, 0.1, 0.1, 0.1, 0.1, 0.1], [9])","([0, 0, 0, 0, 0, 0, 0, 0, 1, 0], [8])",-0.0,-0.0,-0.0,-0.0,-0.0,-0.0,-0.0,-0.0,-0.0,-0.9,-0.9,0.8112,2.262999999999998,0.4731999999999976
115,"([0.1, 0.1, 0.1, 0.1, 0.1, 0.1, 0.1, 0.1, 0.1, 0.1], [7])","([0, 0, 0, 0, 0, 0, 0, 0, 1, 0], [8])",-0.0,-0.0,-0.0,-0.0,-0.0,-0.0,-0.0,-0.8690000000000001,-0.0,-0.0,-0.8690000000000001,0.8112,2.3207999999999984,0.4731999999999976
116,"([0.1, 0.1, 0.1, 0.1, 0.1, 0.1, 0.1, 0.1, 0.1, 0.1], [2])","([0, 0, 0, 0, 0, 0, 0, 0, 1, 0], [8])",-0.0,-0.0,-0.8740000000000001,-0.0,-0.0,-0.0,-0.0,-0.0,-0.0,-0.0,-0.8740000000000001,0.8112,2.3835999999999986,0.4731999999999976
117,"([0.1, 0.1, 0.1, 0.1, 0.1, 0.1, 0.1, 0.1, 0.1, 0.1], [0])","([0, 0, 0, 0, 0, 0, 0, 0, 1, 0], [8])",-0.9490000000000001,-0.0,-0.0,-0.0,-0.0,-0.0,-0.0,-0.0,-0.0,-0.0,-0.9490000000000001,0.8112,2.5213999999999985,0.4731999999999976
118,"([0.1, 0.1, 0.1, 0.1, 0.1, 0.1, 0.1, 0.1, 0.1, 0.1], [8])","([0, 0, 0, 0, 0, 0, 0, 0, 1, 0], [8])",-0.0,-0.0,-0.0,-0.0,-0.0,-0.0,-0.0,-0.0,-0.0,-0.0,0.0,0.8112,1.7101999999999986,0.4731999999999976
119,"([0.1, 0.1, 0.1, 0.1, 0.1, 0.1, 0.1, 0.1, 0.1, 0.1], [0])","([0, 0, 0, 0, 0, 0, 0, 0, 1, 0], [8])",-0.9490000000000001,-0.0,-0.0,-0.0,-0.0,-0.0,-0.0,-0.0,-0.0,-0.0,-0.9490000000000001,0.8112,1.8479999999999985,0.4731999999999976
120,"([0.1, 0.1, 0.1, 0.1, 0.1, 0.1, 0.1, 0.1, 0.1, 0.1], [7])","([0, 0, 0, 0, 0, 0, 0, 0, 1, 0], [8])",-0.0,-0.0,-0.0,-0.0,-0.0,-0.0,-0.0,-0.8690000000000001,-0.0,-0.0,-0.8690000000000001,0.8112,1.9057999999999986,0.4731999999999976
121,"([0.1, 0.1, 0.1, 0.1, 0.1, 0.1, 0.1, 0.1, 0.1, 0.1], [4])","([0, 0, 0, 0, 0, 0, 0, 0, 1, 0], [8])",-0.0,-0.0,-0.0,-0.0,-0.9620000000000001,-0.0,-0.0,-0.0,-0.0,-0.0,-0.9620000000000001,0.8112,2.0565999999999987,0.4731999999999976
122,"([0.1, 0.1, 0.1, 0.1, 0.1, 0.1, 0.1, 0.1, 0.1, 0.1], [2])","([0, 0, 0, 0, 0, 0, 0, 0, 1, 0], [8])",-0.0,-0.0,-0.8740000000000001,-0.0,-0.0,-0.0,-0.0,-0.0,-0.0,-0.0,-0.8740000000000001,0.8112,2.119399999999999,0.4731999999999976
123,"([0.1, 0.1, 0.1, 0.1, 0.1, 0.1, 0.1, 0.1, 0.1, 0.1], [1])","([0, 0, 0, 0, 0, 0, 0, 0, 1, 0], [8])",-0.0,-0.8240000000000001,-0.0,-0.0,-0.0,-0.0,-0.0,-0.0,-0.0,-0.0,-0.8240000000000001,0.8112,2.1321999999999988,0.4731999999999976
124,"([0.1, 0.1, 0.1, 0.1, 0.1, 0.1, 0.1, 0.1, 0.1, 0.1], [7])","([0, 0, 0, 0, 0, 0, 0, 0, 1, 0], [8])",-0.0,-0.0,-0.0,-0.0,-0.0,-0.0,-0.0,-0.8690000000000001,-0.0,-0.0,-0.8690000000000001,0.8112,2.1899999999999986,0.4731999999999976
125,"([0.1, 0.1, 0.1, 0.1, 0.1, 0.1, 0.1, 0.1, 0.1, 0.1], [4])","([0, 0, 0, 0, 0, 0, 0, 0, 1, 0], [8])",-0.0,-0.0,-0.0,-0.0,-0.9620000000000001,-0.0,-0.0,-0.0,-0.0,-0.0,-0.9620000000000001,0.8112,2.340799999999999,0.4731999999999976
126,"([0.1, 0.1, 0.1, 0.1, 0.1, 0.1, 0.1, 0.1, 0.1, 0.1], [5])","([0, 0, 0, 0, 0, 0, 0, 0, 1, 0], [8])",-0.0,-0.0,-0.0,-0.0,-0.0,-0.8959999999999999,-0.0,-0.0,-0.0,-0.0,-0.8959999999999999,0.8112,2.425599999999999,0.4731999999999976
127,"([0.1, 0.1, 0.1, 0.1, 0.1, 0.1, 0.1, 0.1, 0.1, 0.1], [0])","([0, 0, 0, 0, 0, 0, 0, 0, 1, 0], [8])",-0.9490000000000001,-0.0,-0.0,-0.0,-0.0,-0.0,-0.0,-0.0,-0.0,-0.0,-0.9490000000000001,0.8112,2.563399999999999,0.4731999999999976
128,"([0.1, 0.1, 0.1, 0.1, 0.1, 0.1, 0.1, 0.1, 0.1, 0.1], [8])","([0, 0, 0, 0, 0, 0, 0, 0, 1, 0], [8])",-0.0,-0.0,-0.0,-0.0,-0.0,-0.0,-0.0,-0.0,-0.0,-0.0,0.0,0.8112,1.7521999999999989,0.4731999999999976
129,"([0.1, 0.1, 0.1, 0.1, 0.1, 0.1, 0.1, 0.1, 0.1, 0.1], [5])","([0, 0, 0, 0, 0, 0, 0, 0, 1, 0], [8])",-0.0,-0.0,-0.0,-0.0,-0.0,-0.8959999999999999,-0.0,-0.0,-0.0,-0.0,-0.8959999999999999,0.8112,1.8369999999999989,0.4731999999999976
130,"([0.1, 0.1, 0.1, 0.1, 0.1, 0.1, 0.1, 0.1, 0.1, 0.1], [4])","([0, 0, 0, 0, 0, 0, 0, 0, 1, 0], [8])",-0.0,-0.0,-0.0,-0.0,-0.9620000000000001,-0.0,-0.0,-0.0,-0.0,-0.0,-0.9620000000000001,0.8112,1.987799999999999,0.4731999999999976
131,"([0.1, 0.1, 0.1, 0.1, 0.1, 0.1, 0.1, 0.1, 0.1, 0.1], [4])","([0, 0, 0, 0, 0, 0, 0, 0, 1, 0], [8])",-0.0,-0.0,-0.0,-0.0,-0.9620000000000001,-0.0,-0.0,-0.0,-0.0,-0.0,-0.9620000000000001,0.8112,2.138599999999999,0.4731999999999976
132,"([0.1, 0.1, 0.1, 0.1, 0.1, 0.1, 0.1, 0.1, 0.1, 0.1], [8])","([0, 0, 0, 0, 0, 0, 0, 0, 1, 0], [8])",-0.0,-0.0,-0.0,-0.0,-0.0,-0.0,-0.0,-0.0,-0.0,-0.0,0.0,0.8112,1.327399999999999,0.4731999999999976
133,"([0.1, 0.1, 0.1, 0.1, 0.1, 0.1, 0.1, 0.1, 0.1, 0.1], [7])","([0, 0, 0, 0, 0, 0, 0, 0, 1, 0], [8])",-0.0,-0.0,-0.0,-0.0,-0.0,-0.0,-0.0,-0.8690000000000001,-0.0,-0.0,-0.8690000000000001,0.8112,1.385199999999999,0.4731999999999976
134,"([0.1, 0.1, 0.1, 0.1, 0.1, 0.1, 0.1, 0.1, 0.1, 0.1], [1])","([0, 0, 0, 0, 0, 0, 0, 0, 1, 0], [8])",-0.0,-0.8240000000000001,-0.0,-0.0,-0.0,-0.0,-0.0,-0.0,-0.0,-0.0,-0.8240000000000001,0.8112,1.3979999999999992,0.4731999999999976
135,"([0.1, 0.1, 0.1, 0.1, 0.1, 0.1, 0.1, 0.1, 0.1, 0.1], [1])","([0, 0, 0, 0, 0, 0, 0, 0, 1, 0], [8])",-0.0,-0.8240000000000001,-0.0,-0.0,-0.0,-0.0,-0.0,-0.0,-0.0,-0.0,-0.8240000000000001,0.8112,1.4107999999999992,0.4731999999999976
136,"([0.1, 0.1, 0.1, 0.1, 0.1, 0.1, 0.1, 0.1, 0.1, 0.1], [1])","([0, 0, 0, 0, 0, 0, 0, 0, 1, 0], [8])",-0.0,-0.8240000000000001,-0.0,-0.0,-0.0,-0.0,-0.0,-0.0,-0.0,-0.0,-0.8240000000000001,0.8112,1.423599999999999,0.4731999999999976
137,"([0.1, 0.1, 0.1, 0.1, 0.1, 0.1, 0.1, 0.1, 0.1, 0.1], [1])","([0, 0, 0, 0, 0, 0, 0, 0, 1, 0], [8])",-0.0,-0.8240000000000001,-0.0,-0.0,-0.0,-0.0,-0.0,-0.0,-0.0,-0.0,-0.8240000000000001,0.8112,1.436399999999999,0.4731999999999976
138,"([0.1, 0.1, 0.1, 0.1, 0.1, 0.1, 0.1, 0.1, 0.1, 0.1], [8])","([0, 0, 0, 0, 0, 0, 0, 0, 1, 0], [8])",-0.0,-0.0,-0.0,-0.0,-0.0,-0.0,-0.0,-0.0,-0.0,-0.0,0.0,0.8112,0.625199999999999,0.4731999999999976
139,"([0.1, 0.1, 0.1, 0.1, 0.1, 0.1, 0.1, 0.1, 0.1, 0.1], [2])","([0, 0, 0, 0, 0, 0, 0, 0, 1, 0], [8])",-0.0,-0.0,-0.8740000000000001,-0.0,-0.0,-0.0,-0.0,-0.0,-0.0,-0.0,-0.8740000000000001,0.8112,0.6879999999999991,0.4731999999999976
140,"([0.1, 0.1, 0.1, 0.1, 0.1, 0.1, 0.1, 0.1, 0.1, 0.1], [2])","([0, 0, 0, 0, 0, 0, 0, 0, 1, 0], [8])",-0.0,-0.0,-0.8740000000000001,-0.0,-0.0,-0.0,-0.0,-0.0,-0.0,-0.0,-0.8740000000000001,0.8112,0.7507999999999991,0.4731999999999976
141,"([0.1, 0.1, 0.1, 0.1, 0.1, 0.1, 0.1, 0.1, 0.1, 0.1], [7])","([0, 0, 0, 0, 0, 0, 0, 0, 1, 0], [8])",-0.0,-0.0,-0.0,-0.0,-0.0,-0.0,-0.0,-0.8690000000000001,-0.0,-0.0,-0.8690000000000001,0.8112,0.8085999999999992,0.4731999999999976
142,"([0.1, 0.1, 0.1, 0.1, 0.1, 0.1, 0.1, 0.1, 0.1, 0.1], [0])","([0, 0, 0, 0, 0, 0, 0, 0, 1, 0], [8])",-0.9490000000000001,-0.0,-0.0,-0.0,-0.0,-0.0,-0.0,-0.0,-0.0,-0.0,-0.9490000000000001,0.8112,0.9463999999999992,0.4731999999999976
143,"([0.1, 0.1, 0.1, 0.1, 0.1, 0.1, 0.1, 0.1, 0.1, 0.1], [0])","([0, 0, 0, 0, 0, 0, 0, 0, 1, 0], [8])",-0.9490000000000001,-0.0,-0.0,-0.0,-0.0,-0.0,-0.0,-0.0,-0.0,-0.0,-0.9490000000000001,0.8112,1.0841999999999992,0.4731999999999976
144,"([0.1, 0.1, 0.1, 0.1, 0.1, 0.1, 0.1, 0.1, 0.1, 0.1], [5])","([0, 0, 0, 0, 0, 0, 0, 0, 1, 0], [8])",-0.0,-0.0,-0.0,-0.0,-0.0,-0.8959999999999999,-0.0,-0.0,-0.0,-0.0,-0.8959999999999999,0.8112,1.1689999999999992,0.4731999999999976
145,"([0.1, 0.1, 0.1, 0.1, 0.1, 0.1, 0.1, 0.1, 0.1, 0.1], [8])","([0, 0, 0, 0, 0, 0, 0, 0, 1, 0], [8])",-0.0,-0.0,-0.0,-0.0,-0.0,-0.0,-0.0,-0.0,-0.0,-0.0,0.0,0.8112,0.3577999999999991,0.4731999999999976
146,"([0.1, 0.1, 0.1, 0.1, 0.1, 0.1, 0.1, 0.1, 0.1, 0.1], [8])","([0, 0, 0, 0, 0, 0, 0, 0, 1, 0], [8])",-0.0,-0.0,-0.0,-0.0,-0.0,-0.0,-0.0,-0.0,-0.0,-0.0,0.0,0.8112,-0.4534000000000009,0.4731999999999976
147,"([0.1, 0.1, 0.1, 0.1, 0.1, 0.1, 0.1, 0.1, 0.1, 0.1], [6])","([0, 0, 0, 0, 0, 0, 0, 0, 1, 0], [8])",-0.0,-0.0,-0.0,-0.0,-0.0,-0.0,-0.986,-0.0,-0.0,-0.0,-0.986,0.8112,-0.27860000000000096,0.4731999999999976
148,"([0.1, 0.1, 0.1, 0.1, 0.1, 0.1, 0.1, 0.1, 0.1, 0.1], [1])","([0, 0, 0, 0, 0, 0, 0, 0, 1, 0], [8])",-0.0,-0.8240000000000001,-0.0,-0.0,-0.0,-0.0,-0.0,-0.0,-0.0,-0.0,-0.8240000000000001,0.8112,-0.2658000000000009,0.4731999999999976
149,"([0.1, 0.1, 0.1, 0.1, 0.1, 0.1, 0.1, 0.1, 0.1, 0.1], [6])","([0, 0, 0, 0, 0, 0, 0, 0, 1, 0], [8])",-0.0,-0.0,-0.0,-0.0,-0.0,-0.0,-0.986,-0.0,-0.0,-0.0,-0.986,0.8112,-0.09100000000000097,0.4731999999999976
150,"([0.1, 0.1, 0.1, 0.1, 0.1, 0.1, 0.1, 0.1, 0.1, 0.1], [1])","([0, 0, 0, 0, 0, 0, 0, 0, 1, 0], [8])",-0.0,-0.8240000000000001,-0.0,-0.0,-0.0,-0.0,-0.0,-0.0,-0.0,-0.0,-0.8240000000000001,0.8112,-0.07820000000000094,0.4731999999999976
151,"([0.1, 0.1, 0.1, 0.1, 0.1, 0.1, 0.1, 0.1, 0.1, 0.1], [0])","([0, 0, 0, 0, 0, 0, 0, 0, 1, 0], [8])",-0.9490000000000001,-0.0,-0.0,-0.0,-0.0,-0.0,-0.0,-0.0,-0.0,-0.0,-0.9490000000000001,0.8112,0.0595999999999991,0.4731999999999976
152,"([0.1, 0.1, 0.1, 0.1, 0.1, 0.1, 0.1, 0.1, 0.1, 0.1], [7])","([0, 0, 0, 0, 0, 0, 0, 0, 1, 0], [8])",-0.0,-0.0,-0.0,-0.0,-0.0,-0.0,-0.0,-0.8690000000000001,-0.0,-0.0,-0.8690000000000001,0.8112,0.11739999999999917,0.4731999999999976
153,"([0.1, 0.1, 0.1, 0.1, 0.1, 0.1, 0.1, 0.1, 0.1, 0.1], [8])","([0, 0, 0, 0, 0, 0, 0, 0, 1, 0], [8])",-0.0,-0.0,-0.0,-0.0,-0.0,-0.0,-0.0,-0.0,-0.0,-0.0,0.0,0.8112,-0.6938000000000009,0.4731999999999976
154,"([0.1, 0.1, 0.1, 0.1, 0.1, 0.1, 0.1, 0.1, 0.1, 0.1], [9])","([0, 0, 0, 0, 0, 0, 0, 0, 1, 0], [8])",-0.0,-0.0,-0.0,-0.0,-0.0,-0.0,-0.0,-0.0,-0.0,-0.9,-0.9,0.8112,-0.6050000000000009,0.4731999999999976
155,"([0.1, 0.1, 0.1, 0.1, 0.1, 0.1, 0.1, 0.1, 0.1, 0.1], [6])","([0, 0, 0, 0, 0, 0, 0, 0, 1, 0], [8])",-0.0,-0.0,-0.0,-0.0,-0.0,-0.0,-0.986,-0.0,-0.0,-0.0,-0.986,0.8112,-0.4302000000000009,0.4731999999999976
156,"([0.1, 0.1, 0.1, 0.1, 0.1, 0.1, 0.1, 0.1, 0.1, 0.1], [1])","([0, 0, 0, 0, 0, 0, 0, 0, 1, 0], [8])",-0.0,-0.8240000000000001,-0.0,-0.0,-0.0,-0.0,-0.0,-0.0,-0.0,-0.0,-0.8240000000000001,0.8112,-0.4174000000000009,0.4731999999999976
157,"([0.1, 0.1, 0.1, 0.1, 0.1, 0.1, 0.1, 0.1, 0.1, 0.1], [6])","([0, 0, 0, 0, 0, 0, 0, 0, 1, 0], [8])",-0.0,-0.0,-0.0,-0.0,-0.0,-0.0,-0.986,-0.0,-0.0,-0.0,-0.986,0.8112,-0.24260000000000093,0.4731999999999976
158,"([0.1, 0.1, 0.1, 0.1, 0.1, 0.1, 0.1, 0.1, 0.1, 0.1], [6])","([0, 0, 0, 0, 0, 0, 0, 0, 1, 0], [8])",-0.0,-0.0,-0.0,-0.0,-0.0,-0.0,-0.986,-0.0,-0.0,-0.0,-0.986,0.8112,-0.06780000000000097,0.4731999999999976
159,"([0.1, 0.1, 0.1, 0.1, 0.1, 0.1, 0.1, 0.1, 0.1, 0.1], [3])","([0, 0, 0, 0, 0, 0, 0, 0, 1, 0], [8])",-0.0,-0.0,-0.0,-0.852,-0.0,-0.0,-0.0,-0.0,-0.0,-0.0,-0.852,0.8112,-0.027000000000001023,0.4731999999999976
160,"([0.1, 0.1, 0.1, 0.1, 0.1, 0.1, 0.1, 0.1, 0.1, 0.1], [8])","([0, 0, 0, 0, 0, 0, 0, 0, 1, 0], [8])",-0.0,-0.0,-0.0,-0.0,-0.0,-0.0,-0.0,-0.0,-0.0,-0.0,0.0,0.8112,-0.838200000000001,0.4731999999999976
161,"([0.1, 0.1, 0.1, 0.1, 0.1, 0.1, 0.1, 0.1, 0.1, 0.1], [4])","([0, 0, 0, 0, 0, 0, 0, 0, 1, 0], [8])",-0.0,-0.0,-0.0,-0.0,-0.9620000000000001,-0.0,-0.0,-0.0,-0.0,-0.0,-0.9620000000000001,0.8112,-0.687400000000001,0.4731999999999976
162,"([0.1, 0.1, 0.1, 0.1, 0.1, 0.1, 0.1, 0.1, 0.1, 0.1], [2])","([0, 0, 0, 0, 0, 0, 0, 0, 1, 0], [8])",-0.0,-0.0,-0.8740000000000001,-0.0,-0.0,-0.0,-0.0,-0.0,-0.0,-0.0,-0.8740000000000001,0.8112,-0.6246000000000009,0.4731999999999976
163,"([0.1, 0.1, 0.1, 0.1, 0.1, 0.1, 0.1, 0.1, 0.1, 0.1], [0])","([0, 0, 0, 0, 0, 0, 0, 0, 1, 0], [8])",-0.9490000000000001,-0.0,-0.0,-0.0,-0.0,-0.0,-0.0,-0.0,-0.0,-0.0,-0.9490000000000001,0.8112,-0.4868000000000009,0.4731999999999976
164,"([0.1, 0.1, 0.1, 0.1, 0.1, 0.1, 0.1, 0.1, 0.1, 0.1], [4])","([0, 0, 0, 0, 0, 0, 0, 0, 1, 0], [8])",-0.0,-0.0,-0.0,-0.0,-0.9620000000000001,-0.0,-0.0,-0.0,-0.0,-0.0,-0.9620000000000001,0.8112,-0.33600000000000085,0.4731999999999976
165,"([0.1, 0.1, 0.1, 0.1, 0.1, 0.1, 0.1, 0.1, 0.1, 0.1], [3])","([0, 0, 0, 0, 0, 0, 0, 0, 1, 0], [8])",-0.0,-0.0,-0.0,-0.852,-0.0,-0.0,-0.0,-0.0,-0.0,-0.0,-0.852,0.8112,-0.2952000000000009,0.4731999999999976
166,"([0.1, 0.1, 0.1, 0.1, 0.1, 0.1, 0.1, 0.1, 0.1, 0.1], [8])","([0, 0, 0, 0, 0, 0, 0, 0, 1, 0], [8])",-0.0,-0.0,-0.0,-0.0,-0.0,-0.0,-0.0,-0.0,-0.0,-0.0,0.0,0.8112,-1.106400000000001,0.4731999999999976
167,"([0.1, 0.1, 0.1, 0.1, 0.1, 0.1, 0.1, 0.1, 0.1, 0.1], [6])","([0, 0, 0, 0, 0, 0, 0, 0, 1, 0], [8])",-0.0,-0.0,-0.0,-0.0,-0.0,-0.0,-0.986,-0.0,-0.0,-0.0,-0.986,0.8112,-0.931600000000001,0.4731999999999976
168,"([0.1, 0.1, 0.1, 0.1, 0.1, 0.1, 0.1, 0.1, 0.1, 0.1], [3])","([0, 0, 0, 0, 0, 0, 0, 0, 1, 0], [8])",-0.0,-0.0,-0.0,-0.852,-0.0,-0.0,-0.0,-0.0,-0.0,-0.0,-0.852,0.8112,-0.890800000000001,0.4731999999999976
169,"([0.1, 0.1, 0.1, 0.1, 0.1, 0.1, 0.1, 0.1, 0.1, 0.1], [5])","([0, 0, 0, 0, 0, 0, 0, 0, 1, 0], [8])",-0.0,-0.0,-0.0,-0.0,-0.0,-0.8959999999999999,-0.0,-0.0,-0.0,-0.0,-0.8959999999999999,0.8112,-0.8060000000000012,0.4731999999999976
170,"([0.1, 0.1, 0.1, 0.1, 0.1, 0.1, 0.1, 0.1, 0.1, 0.1], [2])","([0, 0, 0, 0, 0, 0, 0, 0, 1, 0], [8])",-0.0,-0.0,-0.8740000000000001,-0.0,-0.0,-0.0,-0.0,-0.0,-0.0,-0.0,-0.8740000000000001,0.8112,-0.7432000000000011,0.4731999999999976
171,"([0.1, 0.1, 0.1, 0.1, 0.1, 0.1, 0.1, 0.1, 0.1, 0.1], [3])","([0, 0, 0, 0, 0, 0, 0, 0, 1, 0], [8])",-0.0,-0.0,-0.0,-0.852,-0.0,-0.0,-0.0,-0.0,-0.0,-0.0,-0.852,0.8112,-0.7024000000000011,0.4731999999999976
172,"([0.1, 0.1, 0.1, 0.1, 0.1, 0.1, 0.1, 0.1, 0.1, 0.1], [8])","([0, 0, 0, 0, 0, 0, 0, 0, 1, 0], [8])",-0.0,-0.0,-0.0,-0.0,-0.0,-0.0,-0.0,-0.0,-0.0,-0.0,0.0,0.8112,-1.5136000000000012,0.4731999999999976
173,"([0.1, 0.1, 0.1, 0.1, 0.1, 0.1, 0.1, 0.1, 0.1, 0.1], [2])","([0, 0, 0, 0, 0, 0, 0, 0, 1, 0], [8])",-0.0,-0.0,-0.8740000000000001,-0.0,-0.0,-0.0,-0.0,-0.0,-0.0,-0.0,-0.8740000000000001,0.8112,-1.450800000000001,0.4731999999999976
174,"([0.1, 0.1, 0.1, 0.1, 0.1, 0.1, 0.1, 0.1, 0.1, 0.1], [9])","([0, 0, 0, 0, 0, 0, 0, 0, 1, 0], [8])",-0.0,-0.0,-0.0,-0.0,-0.0,-0.0,-0.0,-0.0,-0.0,-0.9,-0.9,0.8112,-1.362000000000001,0.4731999999999976
175,"([0.1, 0.1, 0.1, 0.1, 0.1, 0.1, 0.1, 0.1, 0.1, 0.1], [0])","([0, 0, 0, 0, 0, 0, 0, 0, 1, 0], [8])",-0.9490000000000001,-0.0,-0.0,-0.0,-0.0,-0.0,-0.0,-0.0,-0.0,-0.0,-0.9490000000000001,0.8112,-1.224200000000001,0.4731999999999976
176,"([0.1, 0.1, 0.1, 0.1, 0.1, 0.1, 0.1, 0.1, 0.1, 0.1], [7])","([0, 0, 0, 0, 0, 0, 0, 0, 1, 0], [8])",-0.0,-0.0,-0.0,-0.0,-0.0,-0.0,-0.0,-0.8690000000000001,-0.0,-0.0,-0.8690000000000001,0.8112,-1.166400000000001,0.4731999999999976
177,"([0.1, 0.1, 0.1, 0.1, 0.1, 0.1, 0.1, 0.1, 0.1, 0.1], [1])","([0, 0, 0, 0, 0, 0, 0, 0, 1, 0], [8])",-0.0,-0.8240000000000001,-0.0,-0.0,-0.0,-0.0,-0.0,-0.0,-0.0,-0.0,-0.8240000000000001,0.8112,-1.1536000000000008,0.4731999999999976
178,"([0.1, 0.1, 0.1, 0.1, 0.1, 0.1, 0.1, 0.1, 0.1, 0.1], [0])","([0, 0, 0, 0, 0, 0, 0, 0, 1, 0], [8])",-0.9490000000000001,-0.0,-0.0,-0.0,-0.0,-0.0,-0.0,-0.0,-0.0,-0.0,-0.9490000000000001,0.8112,-1.015800000000001,0.4731999999999976
179,"([0.1, 0.1, 0.1, 0.1, 0.1, 0.1, 0.1, 0.1, 0.1, 0.1], [4])","([0, 0, 0, 0, 0, 0, 0, 0, 1, 0], [8])",-0.0,-0.0,-0.0,-0.0,-0.9620000000000001,-0.0,-0.0,-0.0,-0.0,-0.0,-0.9620000000000001,0.8112,-0.8650000000000009,0.4731999999999976
180,"([0.1, 0.1, 0.1, 0.1, 0.1, 0.1, 0.1, 0.1, 0.1, 0.1], [8])","([0, 0, 0, 0, 0, 0, 0, 0, 1, 0], [8])",-0.0,-0.0,-0.0,-0.0,-0.0,-0.0,-0.0,-0.0,-0.0,-0.0,0.0,0.8112,-1.676200000000001,0.4731999999999976
181,"([0.1, 0.1, 0.1, 0.1, 0.1, 0.1, 0.1, 0.1, 0.1, 0.1], [8])","([0, 0, 0, 0, 0, 0, 0, 0, 1, 0], [8])",-0.0,-0.0,-0.0,-0.0,-0.0,-0.0,-0.0,-0.0,-0.0,-0.0,0.0,0.8112,-2.487400000000001,0.4731999999999976
182,"([0.1, 0.1, 0.1, 0.1, 0.1, 0.1, 0.1, 0.1, 0.1, 0.1], [7])","([0, 0, 0, 0, 0, 0, 0, 0, 1, 0], [8])",-0.0,-0.0,-0.0,-0.0,-0.0,-0.0,-0.0,-0.8690000000000001,-0.0,-0.0,-0.8690000000000001,0.8112,-2.4296000000000006,0.4731999999999976
183,"([0.1, 0.1, 0.1, 0.1, 0.1, 0.1, 0.1, 0.1, 0.1, 0.1], [4])","([0, 0, 0, 0, 0, 0, 0, 0, 1, 0], [8])",-0.0,-0.0,-0.0,-0.0,-0.9620000000000001,-0.0,-0.0,-0.0,-0.0,-0.0,-0.9620000000000001,0.8112,-2.2788000000000004,0.4731999999999976
184,"([0.1, 0.1, 0.1, 0.1, 0.1, 0.1, 0.1, 0.1, 0.1, 0.1], [9])","([0, 0, 0, 0, 0, 0, 0, 0, 1, 0], [8])",-0.0,-0.0,-0.0,-0.0,-0.0,-0.0,-0.0,-0.0,-0.0,-0.9,-0.9,0.8112,-2.1900000000000004,0.4731999999999976
185,"([0.1, 0.1, 0.1, 0.1, 0.1, 0.1, 0.1, 0.1, 0.1, 0.1], [1])","([0, 0, 0, 0, 0, 0, 0, 0, 1, 0], [8])",-0.0,-0.8240000000000001,-0.0,-0.0,-0.0,-0.0,-0.0,-0.0,-0.0,-0.0,-0.8240000000000001,0.8112,-2.1772000000000005,0.4731999999999976
186,"([0.1, 0.1, 0.1, 0.1, 0.1, 0.1, 0.1, 0.1, 0.1, 0.1], [4])","([0, 0, 0, 0, 0, 0, 0, 0, 1, 0], [8])",-0.0,-0.0,-0.0,-0.0,-0.9620000000000001,-0.0,-0.0,-0.0,-0.0,-0.0,-0.9620000000000001,0.8112,-2.0264000000000006,0.4731999999999976
187,"([0.1, 0.1, 0.1, 0.1, 0.1, 0.1, 0.1, 0.1, 0.1, 0.1], [6])","([0, 0, 0, 0, 0, 0, 0, 0, 1, 0], [8])",-0.0,-0.0,-0.0,-0.0,-0.0,-0.0,-0.986,-0.0,-0.0,-0.0,-0.986,0.8112,-1.8516000000000008,0.4731999999999976
188,"([0.1, 0.1, 0.1, 0.1, 0.1, 0.1, 0.1, 0.1, 0.1, 0.1], [4])","([0, 0, 0, 0, 0, 0, 0, 0, 1, 0], [8])",-0.0,-0.0,-0.0,-0.0,-0.9620000000000001,-0.0,-0.0,-0.0,-0.0,-0.0,-0.9620000000000001,0.8112,-1.7008000000000008,0.4731999999999976
189,"([0.1, 0.1, 0.1, 0.1, 0.1, 0.1, 0.1, 0.1, 0.1, 0.1], [8])","([0, 0, 0, 0, 0, 0, 0, 0, 1, 0], [8])",-0.0,-0.0,-0.0,-0.0,-0.0,-0.0,-0.0,-0.0,-0.0,-0.0,0.0,0.8112,-2.512000000000001,0.4731999999999976
190,"([0.1, 0.1, 0.1, 0.1, 0.1, 0.1, 0.1, 0.1, 0.1, 0.1], [3])","([0, 0, 0, 0, 0, 0, 0, 0, 1, 0], [8])",-0.0,-0.0,-0.0,-0.852,-0.0,-0.0,-0.0,-0.0,-0.0,-0.0,-0.852,0.8112,-2.471200000000001,0.4731999999999976
191,"([0.1, 0.1, 0.1, 0.1, 0.1, 0.1, 0.1, 0.1, 0.1, 0.1], [8])","([0, 0, 0, 0, 0, 0, 0, 0, 1, 0], [8])",-0.0,-0.0,-0.0,-0.0,-0.0,-0.0,-0.0,-0.0,-0.0,-0.0,0.0,0.8112,-3.282400000000001,0.4731999999999976
192,"([0.1, 0.1, 0.1, 0.1, 0.1, 0.1, 0.1, 0.1, 0.1, 0.1], [1])","([0, 0, 0, 0, 0, 0, 0, 0, 1, 0], [8])",-0.0,-0.8240000000000001,-0.0,-0.0,-0.0,-0.0,-0.0,-0.0,-0.0,-0.0,-0.8240000000000001,0.8112,-3.269600000000001,0.4731999999999976
193,"([0.1, 0.1, 0.1, 0.1, 0.1, 0.1, 0.1, 0.1, 0.1, 0.1], [4])","([0, 0, 0, 0, 0, 0, 0, 0, 1, 0], [8])",-0.0,-0.0,-0.0,-0.0,-0.9620000000000001,-0.0,-0.0,-0.0,-0.0,-0.0,-0.9620000000000001,0.8112,-3.118800000000001,0.4731999999999976
194,"([0.1, 0.1, 0.1, 0.1, 0.1, 0.1, 0.1, 0.1, 0.1, 0.1], [0])","([0, 0, 0, 0, 0, 0, 0, 0, 1, 0], [8])",-0.9490000000000001,-0.0,-0.0,-0.0,-0.0,-0.0,-0.0,-0.0,-0.0,-0.0,-0.9490000000000001,0.8112,-2.981000000000001,0.4731999999999976
195,"([0.1, 0.1, 0.1, 0.1, 0.1, 0.1, 0.1, 0.1, 0.1, 0.1], [9])","([0, 0, 0, 0, 0, 0, 0, 0, 1, 0], [8])",-0.0,-0.0,-0.0,-0.0,-0.0,-0.0,-0.0,-0.0,-0.0,-0.9,-0.9,0.8112,-2.892200000000001,0.4731999999999976
196,"([0.1, 0.1, 0.1, 0.1, 0.1, 0.1, 0.1, 0.1, 0.1, 0.1], [7])","([0, 0, 0, 0, 0, 0, 0, 0, 1, 0], [8])",-0.0,-0.0,-0.0,-0.0,-0.0,-0.0,-0.0,-0.8690000000000001,-0.0,-0.0,-0.8690000000000001,0.8112,-2.8344000000000014,0.4731999999999976
197,"([0.1, 0.1, 0.1, 0.1, 0.1, 0.1, 0.1, 0.1, 0.1, 0.1], [0])","([0, 0, 0, 0, 0, 0, 0, 0, 1, 0], [8])",-0.9490000000000001,-0.0,-0.0,-0.0,-0.0,-0.0,-0.0,-0.0,-0.0,-0.0,-0.9490000000000001,0.8112,-2.6966000000000014,0.4731999999999976
198,"([0.1, 0.1, 0.1, 0.1, 0.1, 0.1, 0.1, 0.1, 0.1, 0.1], [6])","([0, 0, 0, 0, 0, 0, 0, 0, 1, 0], [8])",-0.0,-0.0,-0.0,-0.0,-0.0,-0.0,-0.986,-0.0,-0.0,-0.0,-0.986,0.8112,-2.5218000000000016,0.4731999999999976
199,"([0.1, 0.1, 0.1, 0.1, 0.1, 0.1, 0.1, 0.1, 0.1, 0.1], [8])","([0, 0, 0, 0, 0, 0, 0, 0, 1, 0], [8])",-0.0,-0.0,-0.0,-0.0,-0.0,-0.0,-0.0,-0.0,-0.0,-0.0,0.0,0.8112,-3.3330000000000015,0.4731999999999976
200,"([0.1, 0.1, 0.1, 0.1, 0.1, 0.1, 0.1, 0.1, 0.1, 0.1], [9])","([0, 0, 0, 0, 0, 0, 0, 0, 1, 0], [8])",-0.0,-0.0,-0.0,-0.0,-0.0,-0.0,-0.0,-0.0,-0.0,-0.9,-0.9,0.8112,-3.2442000000000015,0.4731999999999976
201,"([0.1, 0.1, 0.1, 0.1, 0.1, 0.1, 0.1, 0.1, 0.1, 0.1], [5])","([0, 0, 0, 0, 0, 0, 0, 0, 1, 0], [8])",-0.0,-0.0,-0.0,-0.0,-0.0,-0.8959999999999999,-0.0,-0.0,-0.0,-0.0,-0.8959999999999999,0.8112,-3.1594000000000015,0.4731999999999976
202,"([0.1, 0.1, 0.1, 0.1, 0.1, 0.1, 0.1, 0.1, 0.1, 0.1], [2])","([0, 0, 0, 0, 0, 0, 0, 0, 1, 0], [8])",-0.0,-0.0,-0.8740000000000001,-0.0,-0.0,-0.0,-0.0,-0.0,-0.0,-0.0,-0.8740000000000001,0.8112,-3.0966000000000014,0.4731999999999976
203,"([0.1, 0.1, 0.1, 0.1, 0.1, 0.1, 0.1, 0.1, 0.1, 0.1], [8])","([0, 0, 0, 0, 0, 0, 0, 0, 1, 0], [8])",-0.0,-0.0,-0.0,-0.0,-0.0,-0.0,-0.0,-0.0,-0.0,-0.0,0.0,0.8112,-3.9078000000000013,0.4731999999999976
204,"([0.1, 0.1, 0.1, 0.1, 0.1, 0.1, 0.1, 0.1, 0.1, 0.1], [4])","([0, 0, 0, 0, 0, 0, 0, 0, 1, 0], [8])",-0.0,-0.0,-0.0,-0.0,-0.9620000000000001,-0.0,-0.0,-0.0,-0.0,-0.0,-0.9620000000000001,0.8112,-3.7570000000000014,0.4731999999999976
205,"([0.1, 0.1, 0.1, 0.1, 0.1, 0.1, 0.1, 0.1, 0.1, 0.1], [4])","([0, 0, 0, 0, 0, 0, 0, 0, 1, 0], [8])",-0.0,-0.0,-0.0,-0.0,-0.9620000000000001,-0.0,-0.0,-0.0,-0.0,-0.0,-0.9620000000000001,0.8112,-3.606200000000001,0.4731999999999976
206,"([0.1, 0.1, 0.1, 0.1, 0.1, 0.1, 0.1, 0.1, 0.1, 0.1], [5])","([0, 0, 0, 0, 0, 0, 0, 0, 1, 0], [8])",-0.0,-0.0,-0.0,-0.0,-0.0,-0.8959999999999999,-0.0,-0.0,-0.0,-0.0,-0.8959999999999999,0.8112,-3.521400000000001,0.4731999999999976
207,"([0.1, 0.1, 0.1, 0.1, 0.1, 0.1, 0.1, 0.1, 0.1, 0.1], [0])","([0, 0, 0, 0, 0, 0, 0, 0, 1, 0], [8])",-0.9490000000000001,-0.0,-0.0,-0.0,-0.0,-0.0,-0.0,-0.0,-0.0,-0.0,-0.9490000000000001,0.8112,-3.3836000000000013,0.4731999999999976
208,"([0.1, 0.1, 0.1, 0.1, 0.1, 0.1, 0.1, 0.1, 0.1, 0.1], [2])","([0, 0, 0, 0, 0, 0, 0, 0, 1, 0], [8])",-0.0,-0.0,-0.8740000000000001,-0.0,-0.0,-0.0,-0.0,-0.0,-0.0,-0.0,-0.8740000000000001,0.8112,-3.320800000000001,0.4731999999999976
209,"([0.1, 0.1, 0.1, 0.1, 0.1, 0.1, 0.1, 0.1, 0.1, 0.1], [7])","([0, 0, 0, 0, 0, 0, 0, 0, 1, 0], [8])",-0.0,-0.0,-0.0,-0.0,-0.0,-0.0,-0.0,-0.8690000000000001,-0.0,-0.0,-0.8690000000000001,0.8112,-3.263000000000001,0.4731999999999976
210,"([0.1, 0.1, 0.1, 0.1, 0.1, 0.1, 0.1, 0.1, 0.1, 0.1], [7])","([0, 0, 0, 0, 0, 0, 0, 0, 1, 0], [8])",-0.0,-0.0,-0.0,-0.0,-0.0,-0.0,-0.0,-0.8690000000000001,-0.0,-0.0,-0.8690000000000001,0.8112,-3.2052000000000005,0.4731999999999976
211,"([0.1, 0.1, 0.1, 0.1, 0.1, 0.1, 0.1, 0.1, 0.1, 0.1], [0])","([0, 0, 0, 0, 0, 0, 0, 0, 1, 0], [8])",-0.9490000000000001,-0.0,-0.0,-0.0,-0.0,-0.0,-0.0,-0.0,-0.0,-0.0,-0.9490000000000001,0.8112,-3.0674000000000006,0.4731999999999976
212,"([0.1, 0.1, 0.1, 0.1, 0.1, 0.1, 0.1, 0.1, 0.1, 0.1], [7])","([0, 0, 0, 0, 0, 0, 0, 0, 1, 0], [8])",-0.0,-0.0,-0.0,-0.0,-0.0,-0.0,-0.0,-0.8690000000000001,-0.0,-0.0,-0.8690000000000001,0.8112,-3.0096000000000007,0.4731999999999976
213,"([0.1, 0.1, 0.1, 0.1, 0.1, 0.1, 0.1, 0.1, 0.1, 0.1], [6])","([0, 0, 0, 0, 0, 0, 0, 0, 1, 0], [8])",-0.0,-0.0,-0.0,-0.0,-0.0,-0.0,-0.986,-0.0,-0.0,-0.0,-0.986,0.8112,-2.834800000000001,0.4731999999999976
214,"([0.1, 0.1, 0.1, 0.1, 0.1, 0.1, 0.1, 0.1, 0.1, 0.1], [2])","([0, 0, 0, 0, 0, 0, 0, 0, 1, 0], [8])",-0.0,-0.0,-0.8740000000000001,-0.0,-0.0,-0.0,-0.0,-0.0,-0.0,-0.0,-0.8740000000000001,0.8112,-2.7720000000000007,0.4731999999999976
215,"([0.1, 0.1, 0.1, 0.1, 0.1, 0.1, 0.1, 0.1, 0.1, 0.1], [8])","([0, 0, 0, 0, 0, 0, 0, 0, 1, 0], [8])",-0.0,-0.0,-0.0,-0.0,-0.0,-0.0,-0.0,-0.0,-0.0,-0.0,0.0,0.8112,-3.5832000000000006,0.4731999999999976
216,"([0.1, 0.1, 0.1, 0.1, 0.1, 0.1, 0.1, 0.1, 0.1, 0.1], [5])","([0, 0, 0, 0, 0, 0, 0, 0, 1, 0], [8])",-0.0,-0.0,-0.0,-0.0,-0.0,-0.8959999999999999,-0.0,-0.0,-0.0,-0.0,-0.8959999999999999,0.8112,-3.4984000000000006,0.4731999999999976
217,"([0.1, 0.1, 0.1, 0.1, 0.1, 0.1, 0.1, 0.1, 0.1, 0.1], [2])","([0, 0, 0, 0, 0, 0, 0, 0, 1, 0], [8])",-0.0,-0.0,-0.8740000000000001,-0.0,-0.0,-0.0,-0.0,-0.0,-0.0,-0.0,-0.8740000000000001,0.8112,-3.4356000000000004,0.4731999999999976
218,"([0.1, 0.1, 0.1, 0.1, 0.1, 0.1, 0.1, 0.1, 0.1, 0.1], [7])","([0, 0, 0, 0, 0, 0, 0, 0, 1, 0], [8])",-0.0,-0.0,-0.0,-0.0,-0.0,-0.0,-0.0,-0.8690000000000001,-0.0,-0.0,-0.8690000000000001,0.8112,-3.3778000000000006,0.4731999999999976
219,"([0.1, 0.1, 0.1, 0.1, 0.1, 0.1, 0.1, 0.1, 0.1, 0.1], [9])","([0, 0, 0, 0, 0, 0, 0, 0, 1, 0], [8])",-0.0,-0.0,-0.0,-0.0,-0.0,-0.0,-0.0,-0.0,-0.0,-0.9,-0.9,0.8112,-3.2890000000000006,0.4731999999999976
220,"([0.1, 0.1, 0.1, 0.1, 0.1, 0.1, 0.1, 0.1, 0.1, 0.1], [7])","([0, 0, 0, 0, 0, 0, 0, 0, 1, 0], [8])",-0.0,-0.0,-0.0,-0.0,-0.0,-0.0,-0.0,-0.8690000000000001,-0.0,-0.0,-0.8690000000000001,0.8112,-3.2312000000000003,0.4731999999999976
221,"([0.1, 0.1, 0.1, 0.1, 0.1, 0.1, 0.1, 0.1, 0.1, 0.1], [7])","([0, 0, 0, 0, 0, 0, 0, 0, 1, 0], [8])",-0.0,-0.0,-0.0,-0.0,-0.0,-0.0,-0.0,-0.8690000000000001,-0.0,-0.0,-0.8690000000000001,0.8112,-3.1734,0.4731999999999976
222,"([0.1, 0.1, 0.1, 0.1, 0.1, 0.1, 0.1, 0.1, 0.1, 0.1], [7])","([0, 0, 0, 0, 0, 0, 0, 0, 1, 0], [8])",-0.0,-0.0,-0.0,-0.0,-0.0,-0.0,-0.0,-0.8690000000000001,-0.0,-0.0,-0.8690000000000001,0.8112,-3.1155999999999997,0.4731999999999976
223,"([0.1, 0.1, 0.1, 0.1, 0.1, 0.1, 0.1, 0.1, 0.1, 0.1], [3])","([0, 0, 0, 0, 0, 0, 0, 0, 1, 0], [8])",-0.0,-0.0,-0.0,-0.852,-0.0,-0.0,-0.0,-0.0,-0.0,-0.0,-0.852,0.8112,-3.0747999999999998,0.4731999999999976
224,"([0.1, 0.1, 0.1, 0.1, 0.1, 0.1, 0.1, 0.1, 0.1, 0.1], [1])","([0, 0, 0, 0, 0, 0, 0, 0, 1, 0], [8])",-0.0,-0.8240000000000001,-0.0,-0.0,-0.0,-0.0,-0.0,-0.0,-0.0,-0.0,-0.8240000000000001,0.8112,-3.062,0.4731999999999976
225,"([0.1, 0.1, 0.1, 0.1, 0.1, 0.1, 0.1, 0.1, 0.1, 0.1], [6])","([0, 0, 0, 0, 0, 0, 0, 0, 1, 0], [8])",-0.0,-0.0,-0.0,-0.0,-0.0,-0.0,-0.986,-0.0,-0.0,-0.0,-0.986,0.8112,-2.8872,0.4731999999999976
226,"([0.1, 0.1, 0.1, 0.1, 0.1, 0.1, 0.1, 0.1, 0.1, 0.1], [5])","([0, 0, 0, 0, 0, 0, 0, 0, 1, 0], [8])",-0.0,-0.0,-0.0,-0.0,-0.0,-0.8959999999999999,-0.0,-0.0,-0.0,-0.0,-0.8959999999999999,0.8112,-2.8024,0.4731999999999976
227,"([0.1, 0.1, 0.1, 0.1, 0.1, 0.1, 0.1, 0.1, 0.1, 0.1], [4])","([0, 0, 0, 0, 0, 0, 0, 0, 1, 0], [8])",-0.0,-0.0,-0.0,-0.0,-0.9620000000000001,-0.0,-0.0,-0.0,-0.0,-0.0,-0.9620000000000001,0.8112,-2.6516,0.4731999999999976
228,"([0.1, 0.1, 0.1, 0.1, 0.1, 0.1, 0.1, 0.1, 0.1, 0.1], [1])","([0, 0, 0, 0, 0, 0, 0, 0, 1, 0], [8])",-0.0,-0.8240000000000001,-0.0,-0.0,-0.0,-0.0,-0.0,-0.0,-0.0,-0.0,-0.8240000000000001,0.8112,-2.6388000000000003,0.4731999999999976
229,"([0.1, 0.1, 0.1, 0.1, 0.1, 0.1, 0.1, 0.1, 0.1, 0.1], [1])","([0, 0, 0, 0, 0, 0, 0, 0, 1, 0], [8])",-0.0,-0.8240000000000001,-0.0,-0.0,-0.0,-0.0,-0.0,-0.0,-0.0,-0.0,-0.8240000000000001,0.8112,-2.6260000000000003,0.4731999999999976
230,"([0.1, 0.1, 0.1, 0.1, 0.1, 0.1, 0.1, 0.1, 0.1, 0.1], [9])","([0, 0, 0, 0, 0, 0, 0, 0, 1, 0], [8])",-0.0,-0.0,-0.0,-0.0,-0.0,-0.0,-0.0,-0.0,-0.0,-0.9,-0.9,0.8112,-2.5372000000000003,0.4731999999999976
231,"([0.1, 0.1, 0.1, 0.1, 0.1, 0.1, 0.1, 0.1, 0.1, 0.1], [9])","([0, 0, 0, 0, 0, 0, 0, 0, 1, 0], [8])",-0.0,-0.0,-0.0,-0.0,-0.0,-0.0,-0.0,-0.0,-0.0,-0.9,-0.9,0.8112,-2.4484000000000004,0.4731999999999976
232,"([0.1, 0.1, 0.1, 0.1, 0.1, 0.1, 0.1, 0.1, 0.1, 0.1], [9])","([0, 0, 0, 0, 0, 0, 0, 0, 1, 0], [8])",-0.0,-0.0,-0.0,-0.0,-0.0,-0.0,-0.0,-0.0,-0.0,-0.9,-0.9,0.8112,-2.3596000000000004,0.4731999999999976
233,"([0.1, 0.1, 0.1, 0.1, 0.1, 0.1, 0.1, 0.1, 0.1, 0.1], [1])","([0, 0, 0, 0, 0, 0, 0, 0, 1, 0], [8])",-0.0,-0.8240000000000001,-0.0,-0.0,-0.0,-0.0,-0.0,-0.0,-0.0,-0.0,-0.8240000000000001,0.8112,-2.3468000000000004,0.4731999999999976
234,"([0.1, 0.1, 0.1, 0.1, 0.1, 0.1, 0.1, 0.1, 0.1, 0.1], [6])","([0, 0, 0, 0, 0, 0, 0, 0, 1, 0], [8])",-0.0,-0.0,-0.0,-0.0,-0.0,-0.0,-0.986,-0.0,-0.0,-0.0,-0.986,0.8112,-2.1720000000000006,0.4731999999999976
235,"([0.1, 0.1, 0.1, 0.1, 0.1, 0.1, 0.1, 0.1, 0.1, 0.1], [8])","([0, 0, 0, 0, 0, 0, 0, 0, 1, 0], [8])",-0.0,-0.0,-0.0,-0.0,-0.0,-0.0,-0.0,-0.0,-0.0,-0.0,0.0,0.8112,-2.9832000000000005,0.4731999999999976
236,"([0.1, 0.1, 0.1, 0.1, 0.1, 0.1, 0.1, 0.1, 0.1, 0.1], [3])","([0, 0, 0, 0, 0, 0, 0, 0, 1, 0], [8])",-0.0,-0.0,-0.0,-0.852,-0.0,-0.0,-0.0,-0.0,-0.0,-0.0,-0.852,0.8112,-2.9424000000000006,0.4731999999999976
237,"([0.1, 0.1, 0.1, 0.1, 0.1, 0.1, 0.1, 0.1, 0.1, 0.1], [3])","([0, 0, 0, 0, 0, 0, 0, 0, 1, 0], [8])",-0.0,-0.0,-0.0,-0.852,-0.0,-0.0,-0.0,-0.0,-0.0,-0.0,-0.852,0.8112,-2.9016000000000006,0.4731999999999976
238,"([0.1, 0.1, 0.1, 0.1, 0.1, 0.1, 0.1, 0.1, 0.1, 0.1], [3])","([0, 0, 0, 0, 0, 0, 0, 0, 1, 0], [8])",-0.0,-0.0,-0.0,-0.852,-0.0,-0.0,-0.0,-0.0,-0.0,-0.0,-0.852,0.8112,-2.8608000000000007,0.4731999999999976
239,"([0.1, 0.1, 0.1, 0.1, 0.1, 0.1, 0.1, 0.1, 0.1, 0.1], [7])","([0, 0, 0, 0, 0, 0, 0, 0, 1, 0], [8])",-0.0,-0.0,-0.0,-0.0,-0.0,-0.0,-0.0,-0.8690000000000001,-0.0,-0.0,-0.8690000000000001,0.8112,-2.803000000000001,0.4731999999999976
240,"([0.1, 0.1, 0.1, 0.1, 0.1, 0.1, 0.1, 0.1, 0.1, 0.1], [1])","([0, 0, 0, 0, 0, 0, 0, 0, 1, 0], [8])",-0.0,-0.8240000000000001,-0.0,-0.0,-0.0,-0.0,-0.0,-0.0,-0.0,-0.0,-0.8240000000000001,0.8112,-2.790200000000001,0.4731999999999976
241,"([0.1, 0.1, 0.1, 0.1, 0.1, 0.1, 0.1, 0.1, 0.1, 0.1], [0])","([0, 0, 0, 0, 0, 0, 0, 0, 1, 0], [8])",-0.9490000000000001,-0.0,-0.0,-0.0,-0.0,-0.0,-0.0,-0.0,-0.0,-0.0,-0.9490000000000001,0.8112,-2.652400000000001,0.4731999999999976
242,"([0.1, 0.1, 0.1, 0.1, 0.1, 0.1, 0.1, 0.1, 0.1, 0.1], [6])","([0, 0, 0, 0, 0, 0, 0, 0, 1, 0], [8])",-0.0,-0.0,-0.0,-0.0,-0.0,-0.0,-0.986,-0.0,-0.0,-0.0,-0.986,0.8112,-2.477600000000001,0.4731999999999976
243,"([0.1, 0.1, 0.1, 0.1, 0.1, 0.1, 0.1, 0.1, 0.1, 0.1], [4])","([0, 0, 0, 0, 0, 0, 0, 0, 1, 0], [8])",-0.0,-0.0,-0.0,-0.0,-0.9620000000000001,-0.0,-0.0,-0.0,-0.0,-0.0,-0.9620000000000001,0.8112,-2.3268000000000013,0.4731999999999976
244,"([0.1, 0.1, 0.1, 0.1, 0.1, 0.1, 0.1, 0.1, 0.1, 0.1], [0])","([0, 0, 0, 0, 0, 0, 0, 0, 1, 0], [8])",-0.9490000000000001,-0.0,-0.0,-0.0,-0.0,-0.0,-0.0,-0.0,-0.0,-0.0,-0.9490000000000001,0.8112,-2.1890000000000014,0.4731999999999976
245,"([0.1, 0.1, 0.1, 0.1, 0.1, 0.1, 0.1, 0.1, 0.1, 0.1], [7])","([0, 0, 0, 0, 0, 0, 0, 0, 1, 0], [8])",-0.0,-0.0,-0.0,-0.0,-0.0,-0.0,-0.0,-0.8690000000000001,-0.0,-0.0,-0.8690000000000001,0.8112,-2.1312000000000015,0.4731999999999976
246,"([0.1, 0.1, 0.1, 0.1, 0.1, 0.1, 0.1, 0.1, 0.1, 0.1], [4])","([0, 0, 0, 0, 0, 0, 0, 0, 1, 0], [8])",-0.0,-0.0,-0.0,-0.0,-0.9620000000000001,-0.0,-0.0,-0.0,-0.0,-0.0,-0.9620000000000001,0.8112,-1.9804000000000015,0.4731999999999976
247,"([0.1, 0.1, 0.1, 0.1, 0.1, 0.1, 0.1, 0.1, 0.1, 0.1], [8])","([0, 0, 0, 0, 0, 0, 0, 0, 1, 0], [8])",-0.0,-0.0,-0.0,-0.0,-0.0,-0.0,-0.0,-0.0,-0.0,-0.0,0.0,0.8112,-2.7916000000000016,0.4731999999999976
248,"([0.1, 0.1, 0.1, 0.1, 0.1, 0.1, 0.1, 0.1, 0.1, 0.1], [3])","([0, 0, 0, 0, 0, 0, 0, 0, 1, 0], [8])",-0.0,-0.0,-0.0,-0.852,-0.0,-0.0,-0.0,-0.0,-0.0,-0.0,-0.852,0.8112,-2.7508000000000017,0.4731999999999976
249,"([0.1, 0.1, 0.1, 0.1, 0.1, 0.1, 0.1, 0.1, 0.1, 0.1], [1])","([0, 0, 0, 0, 0, 0, 0, 0, 1, 0], [8])",-0.0,-0.8240000000000001,-0.0,-0.0,-0.0,-0.0,-0.0,-0.0,-0.0,-0.0,-0.8240000000000001,0.8112,-2.7380000000000018,0.4731999999999976
250,"([0.1, 0.1, 0.1, 0.1, 0.1, 0.1, 0.1, 0.1, 0.1, 0.1], [5])","([0, 0, 0, 0, 0, 0, 0, 0, 1, 0], [8])",-0.0,-0.0,-0.0,-0.0,-0.0,-0.8959999999999999,-0.0,-0.0,-0.0,-0.0,-0.8959999999999999,0.8112,-2.653200000000002,0.4731999999999976
251,"([0.1, 0.1, 0.1, 0.1, 0.1, 0.1, 0.1, 0.1, 0.1, 0.1], [9])","([0, 0, 0, 0, 0, 0, 0, 0, 1, 0], [8])",-0.0,-0.0,-0.0,-0.0,-0.0,-0.0,-0.0,-0.0,-0.0,-0.9,-0.9,0.8112,-2.564400000000002,0.4731999999999976
252,"([0.1, 0.1, 0.1, 0.1, 0.1, 0.1, 0.1, 0.1, 0.1, 0.1], [7])","([0, 0, 0, 0, 0, 0, 0, 0, 1, 0], [8])",-0.0,-0.0,-0.0,-0.0,-0.0,-0.0,-0.0,-0.8690000000000001,-0.0,-0.0,-0.8690000000000001,0.8112,-2.5066000000000015,0.4731999999999976
253,"([0.1, 0.1, 0.1, 0.1, 0.1, 0.1, 0.1, 0.1, 0.1, 0.1], [0])","([0, 0, 0, 0, 0, 0, 0, 0, 1, 0], [8])",-0.9490000000000001,-0.0,-0.0,-0.0,-0.0,-0.0,-0.0,-0.0,-0.0,-0.0,-0.9490000000000001,0.8112,-2.3688000000000016,0.4731999999999976
254,"([0.1, 0.1, 0.1, 0.1, 0.1, 0.1, 0.1, 0.1, 0.1, 0.1], [4])","([0, 0, 0, 0, 0, 0, 0, 0, 1, 0], [8])",-0.0,-0.0,-0.0,-0.0,-0.9620000000000001,-0.0,-0.0,-0.0,-0.0,-0.0,-0.9620000000000001,0.8112,-2.2180000000000017,0.4731999999999976
255,"([0.1, 0.1, 0.1, 0.1, 0.1, 0.1, 0.1, 0.1, 0.1, 0.1], [0])","([0, 0, 0, 0, 0, 0, 0, 0, 1, 0], [8])",-0.9490000000000001,-0.0,-0.0,-0.0,-0.0,-0.0,-0.0,-0.0,-0.0,-0.0,-0.9490000000000001,0.8112,-2.080200000000002,0.4731999999999976
256,"([0.1, 0.1, 0.1, 0.1, 0.1, 0.1, 0.1, 0.1, 0.1, 0.1], [6])","([0, 0, 0, 0, 0, 0, 0, 0, 1, 0], [8])",-0.0,-0.0,-0.0,-0.0,-0.0,-0.0,-0.986,-0.0,-0.0,-0.0,-0.986,0.8112,-1.905400000000002,0.4731999999999976
257,"([0.1, 0.1, 0.1, 0.1, 0.1, 0.1, 0.1, 0.1, 0.1, 0.1], [2])","([0, 0, 0, 0, 0, 0, 0, 0, 1, 0], [8])",-0.0,-0.0,-0.8740000000000001,-0.0,-0.0,-0.0,-0.0,-0.0,-0.0,-0.0,-0.8740000000000001,0.8112,-1.8426000000000018,0.4731999999999976
258,"([0.1, 0.1, 0.1, 0.1, 0.1, 0.1, 0.1, 0.1, 0.1, 0.1], [3])","([0, 0, 0, 0, 0, 0, 0, 0, 1, 0], [8])",-0.0,-0.0,-0.0,-0.852,-0.0,-0.0,-0.0,-0.0,-0.0,-0.0,-0.852,0.8112,-1.8018000000000018,0.4731999999999976
259,"([0.1, 0.1, 0.1, 0.1, 0.1, 0.1, 0.1, 0.1, 0.1, 0.1], [2])","([0, 0, 0, 0, 0, 0, 0, 0, 1, 0], [8])",-0.0,-0.0,-0.8740000000000001,-0.0,-0.0,-0.0,-0.0,-0.0,-0.0,-0.0,-0.8740000000000001,0.8112,-1.7390000000000017,0.4731999999999976
260,"([0.1, 0.1, 0.1, 0.1, 0.1, 0.1, 0.1, 0.1, 0.1, 0.1], [5])","([0, 0, 0, 0, 0, 0, 0, 0, 1, 0], [8])",-0.0,-0.0,-0.0,-0.0,-0.0,-0.8959999999999999,-0.0,-0.0,-0.0,-0.0,-0.8959999999999999,0.8112,-1.6542000000000017,0.4731999999999976
261,"([0.1, 0.1, 0.1, 0.1, 0.1, 0.1, 0.1, 0.1, 0.1, 0.1], [3])","([0, 0, 0, 0, 0, 0, 0, 0, 1, 0], [8])",-0.0,-0.0,-0.0,-0.852,-0.0,-0.0,-0.0,-0.0,-0.0,-0.0,-0.852,0.8112,-1.6134000000000017,0.4731999999999976
262,"([0.1, 0.1, 0.1, 0.1, 0.1, 0.1, 0.1, 0.1, 0.1, 0.1], [8])","([0, 0, 0, 0, 0, 0, 0, 0, 1, 0], [8])",-0.0,-0.0,-0.0,-0.0,-0.0,-0.0,-0.0,-0.0,-0.0,-0.0,0.0,0.8112,-2.4246000000000016,0.4731999999999976
263,"([0.1, 0.1, 0.1, 0.1, 0.1, 0.1, 0.1, 0.1, 0.1, 0.1], [0])","([0, 0, 0, 0, 0, 0, 0, 0, 1, 0], [8])",-0.9490000000000001,-0.0,-0.0,-0.0,-0.0,-0.0,-0.0,-0.0,-0.0,-0.0,-0.9490000000000001,0.8112,-2.2868000000000017,0.4731999999999976
264,"([0.1, 0.1, 0.1, 0.1, 0.1, 0.1, 0.1, 0.1, 0.1, 0.1], [8])","([0, 0, 0, 0, 0, 0, 0, 0, 1, 0], [8])",-0.0,-0.0,-0.0,-0.0,-0.0,-0.0,-0.0,-0.0,-0.0,-0.0,0.0,0.8112,-3.0980000000000016,0.4731999999999976
265,"([0.1, 0.1, 0.1, 0.1, 0.1, 0.1, 0.1, 0.1, 0.1, 0.1], [7])","([0, 0, 0, 0, 0, 0, 0, 0, 1, 0], [8])",-0.0,-0.0,-0.0,-0.0,-0.0,-0.0,-0.0,-0.8690000000000001,-0.0,-0.0,-0.8690000000000001,0.8112,-3.0402000000000013,0.4731999999999976
266,"([0.1, 0.1, 0.1, 0.1, 0.1, 0.1, 0.1, 0.1, 0.1, 0.1], [8])","([0, 0, 0, 0, 0, 0, 0, 0, 1, 0], [8])",-0.0,-0.0,-0.0,-0.0,-0.0,-0.0,-0.0,-0.0,-0.0,-0.0,0.0,0.8112,-3.8514000000000013,0.4731999999999976
267,"([0.1, 0.1, 0.1, 0.1, 0.1, 0.1, 0.1, 0.1, 0.1, 0.1], [5])","([0, 0, 0, 0, 0, 0, 0, 0, 1, 0], [8])",-0.0,-0.0,-0.0,-0.0,-0.0,-0.8959999999999999,-0.0,-0.0,-0.0,-0.0,-0.8959999999999999,0.8112,-3.7666000000000013,0.4731999999999976
268,"([0.1, 0.1, 0.1, 0.1, 0.1, 0.1, 0.1, 0.1, 0.1, 0.1], [4])","([0, 0, 0, 0, 0, 0, 0, 0, 1, 0], [8])",-0.0,-0.0,-0.0,-0.0,-0.9620000000000001,-0.0,-0.0,-0.0,-0.0,-0.0,-0.9620000000000001,0.8112,-3.615800000000001,0.4731999999999976
269,"([0.1, 0.1, 0.1, 0.1, 0.1, 0.1, 0.1, 0.1, 0.1, 0.1], [1])","([0, 0, 0, 0, 0, 0, 0, 0, 1, 0], [8])",-0.0,-0.8240000000000001,-0.0,-0.0,-0.0,-0.0,-0.0,-0.0,-0.0,-0.0,-0.8240000000000001,0.8112,-3.603000000000001,0.4731999999999976
270,"([0.1, 0.1, 0.1, 0.1, 0.1, 0.1, 0.1, 0.1, 0.1, 0.1], [6])","([0, 0, 0, 0, 0, 0, 0, 0, 1, 0], [8])",-0.0,-0.0,-0.0,-0.0,-0.0,-0.0,-0.986,-0.0,-0.0,-0.0,-0.986,0.8112,-3.4282000000000012,0.4731999999999976
271,"([0.1, 0.1, 0.1, 0.1, 0.1, 0.1, 0.1, 0.1, 0.1, 0.1], [6])","([0, 0, 0, 0, 0, 0, 0, 0, 1, 0], [8])",-0.0,-0.0,-0.0,-0.0,-0.0,-0.0,-0.986,-0.0,-0.0,-0.0,-0.986,0.8112,-3.2534000000000014,0.4731999999999976
272,"([0.1, 0.1, 0.1, 0.1, 0.1, 0.1, 0.1, 0.1, 0.1, 0.1], [0])","([0, 0, 0, 0, 0, 0, 0, 0, 1, 0], [8])",-0.9490000000000001,-0.0,-0.0,-0.0,-0.0,-0.0,-0.0,-0.0,-0.0,-0.0,-0.9490000000000001,0.8112,-3.1156000000000015,0.4731999999999976
273,"([0.1, 0.1, 0.1, 0.1, 0.1, 0.1, 0.1, 0.1, 0.1, 0.1], [4])","([0, 0, 0, 0, 0, 0, 0, 0, 1, 0], [8])",-0.0,-0.0,-0.0,-0.0,-0.9620000000000001,-0.0,-0.0,-0.0,-0.0,-0.0,-0.9620000000000001,0.8112,-2.964800000000001,0.4731999999999976
274,"([0.1, 0.1, 0.1, 0.1, 0.1, 0.1, 0.1, 0.1, 0.1, 0.1], [8])","([0, 0, 0, 0, 0, 0, 0, 0, 1, 0], [8])",-0.0,-0.0,-0.0,-0.0,-0.0,-0.0,-0.0,-0.0,-0.0,-0.0,0.0,0.8112,-3.776000000000001,0.4731999999999976
275,"([0.1, 0.1, 0.1, 0.1, 0.1, 0.1, 0.1, 0.1, 0.1, 0.1], [7])","([0, 0, 0, 0, 0, 0, 0, 0, 1, 0], [8])",-0.0,-0.0,-0.0,-0.0,-0.0,-0.0,-0.0,-0.8690000000000001,-0.0,-0.0,-0.8690000000000001,0.8112,-3.7182000000000013,0.4731999999999976
276,"([0.1, 0.1, 0.1, 0.1, 0.1, 0.1, 0.1, 0.1, 0.1, 0.1], [8])","([0, 0, 0, 0, 0, 0, 0, 0, 1, 0], [8])",-0.0,-0.0,-0.0,-0.0,-0.0,-0.0,-0.0,-0.0,-0.0,-0.0,0.0,0.8112,-4.529400000000002,0.4731999999999976
277,"([0.1, 0.1, 0.1, 0.1, 0.1, 0.1, 0.1, 0.1, 0.1, 0.1], [5])","([0, 0, 0, 0, 0, 0, 0, 0, 1, 0], [8])",-0.0,-0.0,-0.0,-0.0,-0.0,-0.8959999999999999,-0.0,-0.0,-0.0,-0.0,-0.8959999999999999,0.8112,-4.444600000000002,0.4731999999999976
278,"([0.1, 0.1, 0.1, 0.1, 0.1, 0.1, 0.1, 0.1, 0.1, 0.1], [0])","([0, 0, 0, 0, 0, 0, 0, 0, 1, 0], [8])",-0.9490000000000001,-0.0,-0.0,-0.0,-0.0,-0.0,-0.0,-0.0,-0.0,-0.0,-0.9490000000000001,0.8112,-4.306800000000002,0.4731999999999976
279,"([0.1, 0.1, 0.1, 0.1, 0.1, 0.1, 0.1, 0.1, 0.1, 0.1], [8])","([0, 0, 0, 0, 0, 0, 0, 0, 1, 0], [8])",-0.0,-0.0,-0.0,-0.0,-0.0,-0.0,-0.0,-0.0,-0.0,-0.0,0.0,0.8112,-5.118000000000002,0.4731999999999976
280,"([0.1, 0.1, 0.1, 0.1, 0.1, 0.1, 0.1, 0.1, 0.1, 0.1], [8])","([0, 0, 0, 0, 0, 0, 0, 0, 1, 0], [8])",-0.0,-0.0,-0.0,-0.0,-0.0,-0.0,-0.0,-0.0,-0.0,-0.0,0.0,0.8112,-5.9292000000000025,0.4731999999999976
281,"([0.1, 0.1, 0.1, 0.1, 0.1, 0.1, 0.1, 0.1, 0.1, 0.1], [8])","([0, 0, 0, 0, 0, 0, 0, 0, 1, 0], [8])",-0.0,-0.0,-0.0,-0.0,-0.0,-0.0,-0.0,-0.0,-0.0,-0.0,0.0,0.8112,-6.740400000000003,0.4731999999999976
282,"([0.1, 0.1, 0.1, 0.1, 0.1, 0.1, 0.1, 0.1, 0.1, 0.1], [9])","([0, 0, 0, 0, 0, 0, 0, 0, 1, 0], [8])",-0.0,-0.0,-0.0,-0.0,-0.0,-0.0,-0.0,-0.0,-0.0,-0.9,-0.9,0.8112,-6.651600000000003,0.4731999999999976
283,"([0.1, 0.1, 0.1, 0.1, 0.1, 0.1, 0.1, 0.1, 0.1, 0.1], [0])","([0, 0, 0, 0, 0, 0, 0, 0, 1, 0], [8])",-0.9490000000000001,-0.0,-0.0,-0.0,-0.0,-0.0,-0.0,-0.0,-0.0,-0.0,-0.9490000000000001,0.8112,-6.5138000000000025,0.4731999999999976
284,"([0.1, 0.1, 0.1, 0.1, 0.1, 0.1, 0.1, 0.1, 0.1, 0.1], [8])","([0, 0, 0, 0, 0, 0, 0, 0, 1, 0], [8])",-0.0,-0.0,-0.0,-0.0,-0.0,-0.0,-0.0,-0.0,-0.0,-0.0,0.0,0.8112,-7.325000000000003,0.4731999999999976
285,"([0.1, 0.1, 0.1, 0.1, 0.1, 0.1, 0.1, 0.1, 0.1, 0.1], [9])","([0, 0, 0, 0, 0, 0, 0, 0, 1, 0], [8])",-0.0,-0.0,-0.0,-0.0,-0.0,-0.0,-0.0,-0.0,-0.0,-0.9,-0.9,0.8112,-7.236200000000003,0.4731999999999976
286,"([0.1, 0.1, 0.1, 0.1, 0.1, 0.1, 0.1, 0.1, 0.1, 0.1], [8])","([0, 0, 0, 0, 0, 0, 0, 0, 1, 0], [8])",-0.0,-0.0,-0.0,-0.0,-0.0,-0.0,-0.0,-0.0,-0.0,-0.0,0.0,0.8112,-8.047400000000003,0.4731999999999976
287,"([0.1, 0.1, 0.1, 0.1, 0.1, 0.1, 0.1, 0.1, 0.1, 0.1], [0])","([0, 0, 0, 0, 0, 0, 0, 0, 1, 0], [8])",-0.9490000000000001,-0.0,-0.0,-0.0,-0.0,-0.0,-0.0,-0.0,-0.0,-0.0,-0.9490000000000001,0.8112,-7.909600000000003,0.4731999999999976
288,"([0.1, 0.1, 0.1, 0.1, 0.1, 0.1, 0.1, 0.1, 0.1, 0.1], [6])","([0, 0, 0, 0, 0, 0, 0, 0, 1, 0], [8])",-0.0,-0.0,-0.0,-0.0,-0.0,-0.0,-0.986,-0.0,-0.0,-0.0,-0.986,0.8112,-7.734800000000003,0.4731999999999976
289,"([0.1, 0.1, 0.1, 0.1, 0.1, 0.1, 0.1, 0.1, 0.1, 0.1], [5])","([0, 0, 0, 0, 0, 0, 0, 0, 1, 0], [8])",-0.0,-0.0,-0.0,-0.0,-0.0,-0.8959999999999999,-0.0,-0.0,-0.0,-0.0,-0.8959999999999999,0.8112,-7.650000000000003,0.4731999999999976
290,"([0.1, 0.1, 0.1, 0.1, 0.1, 0.1, 0.1, 0.1, 0.1, 0.1], [7])","([0, 0, 0, 0, 0, 0, 0, 0, 1, 0], [8])",-0.0,-0.0,-0.0,-0.0,-0.0,-0.0,-0.0,-0.8690000000000001,-0.0,-0.0,-0.8690000000000001,0.8112,-7.592200000000003,0.4731999999999976
291,"([0.1, 0.1, 0.1, 0.1, 0.1, 0.1, 0.1, 0.1, 0.1, 0.1], [1])","([0, 0, 0, 0, 0, 0, 0, 0, 1, 0], [8])",-0.0,-0.8240000000000001,-0.0,-0.0,-0.0,-0.0,-0.0,-0.0,-0.0,-0.0,-0.8240000000000001,0.8112,-7.579400000000002,0.4731999999999976
292,"([0.1, 0.1, 0.1, 0.1, 0.1, 0.1, 0.1, 0.1, 0.1, 0.1], [2])","([0, 0, 0, 0, 0, 0, 0, 0, 1, 0], [8])",-0.0,-0.0,-0.8740000000000001,-0.0,-0.0,-0.0,-0.0,-0.0,-0.0,-0.0,-0.8740000000000001,0.8112,-7.516600000000002,0.4731999999999976
293,"([0.1, 0.1, 0.1, 0.1, 0.1, 0.1, 0.1, 0.1, 0.1, 0.1], [3])","([0, 0, 0, 0, 0, 0, 0, 0, 1, 0], [8])",-0.0,-0.0,-0.0,-0.852,-0.0,-0.0,-0.0,-0.0,-0.0,-0.0,-0.852,0.8112,-7.475800000000002,0.4731999999999976
294,"([0.1, 0.1, 0.1, 0.1, 0.1, 0.1, 0.1, 0.1, 0.1, 0.1], [0])","([0, 0, 0, 0, 0, 0, 0, 0, 1, 0], [8])",-0.9490000000000001,-0.0,-0.0,-0.0,-0.0,-0.0,-0.0,-0.0,-0.0,-0.0,-0.9490000000000001,0.8112,-7.338000000000002,0.4731999999999976
295,"([0.1, 0.1, 0.1, 0.1, 0.1, 0.1, 0.1, 0.1, 0.1, 0.1], [1])","([0, 0, 0, 0, 0, 0, 0, 0, 1, 0], [8])",-0.0,-0.8240000000000001,-0.0,-0.0,-0.0,-0.0,-0.0,-0.0,-0.0,-0.0,-0.8240000000000001,0.8112,-7.3252000000000015,0.4731999999999976
296,"([0.1, 0.1, 0.1, 0.1, 0.1, 0.1, 0.1, 0.1, 0.1, 0.1], [7])","([0, 0, 0, 0, 0, 0, 0, 0, 1, 0], [8])",-0.0,-0.0,-0.0,-0.0,-0.0,-0.0,-0.0,-0.8690000000000001,-0.0,-0.0,-0.8690000000000001,0.8112,-7.267400000000001,0.4731999999999976
297,"([0.1, 0.1, 0.1, 0.1, 0.1, 0.1, 0.1, 0.1, 0.1, 0.1], [2])","([0, 0, 0, 0, 0, 0, 0, 0, 1, 0], [8])",-0.0,-0.0,-0.8740000000000001,-0.0,-0.0,-0.0,-0.0,-0.0,-0.0,-0.0,-0.8740000000000001,0.8112,-7.204600000000001,0.4731999999999976
298,"([0.1, 0.1, 0.1, 0.1, 0.1, 0.1, 0.1, 0.1, 0.1, 0.1], [3])","([0, 0, 0, 0, 0, 0, 0, 0, 1, 0], [8])",-0.0,-0.0,-0.0,-0.852,-0.0,-0.0,-0.0,-0.0,-0.0,-0.0,-0.852,0.8112,-7.163800000000001,0.4731999999999976
299,"([0.1, 0.1, 0.1, 0.1, 0.1, 0.1, 0.1, 0.1, 0.1, 0.1], [3])","([0, 0, 0, 0, 0, 0, 0, 0, 1, 0], [8])",-0.0,-0.0,-0.0,-0.852,-0.0,-0.0,-0.0,-0.0,-0.0,-0.0,-0.852,0.8112,-7.123000000000001,0.4731999999999976
