,suqr-1,FRL-0,feedback target 0,feedback target 1,feedback target 2,feedback target 3,feedback target 4,feedback target 5,total,exp_loss,actual_regret,exp_regret
0,"([0.22, 0.04, 0.02, 0.03, 0.54, 0.15], [4])","([0.09, 0.23, 0.27, 0.25, 0.02, 0.13], [1])",-0.0,-0.0,-0.0,-0.0,-0.7120000000000001,-0.0,-0.7120000000000001,0.6976036079872353,0.03131652855919698,0.016920136546432207
1,"([0.22, 0.04, 0.02, 0.03, 0.54, 0.15], [4])","([0.09, 0.23, 0.27, 0.25, 0.02, 0.13], [0])",-0.0,-0.0,-0.0,-0.0,-0.7120000000000001,-0.0,-0.7120000000000001,0.6976036079872353,0.06263305711839395,0.033840273092864415
2,"([0.22, 0.04, 0.02, 0.03, 0.54, 0.15], [4])","([0.09, 0.23, 0.27, 0.25, 0.02, 0.13], [3])",-0.0,-0.0,-0.0,-0.0,-0.7120000000000001,-0.0,-0.7120000000000001,0.6976036079872353,0.09394958567759093,0.05076040963929662
3,"([0.22, 0.04, 0.02, 0.03, 0.54, 0.15], [0])","([0.09, 0.23, 0.27, 0.25, 0.02, 0.13], [3])",-0.77,-0.0,-0.0,-0.0,-0.0,-0.0,-0.77,0.6976036079872353,0.18326611423678785,0.06768054618572883
4,"([0.21, 0.09, 0.07, 0.08, 0.37, 0.17], [4])","([0.13, 0.2, 0.22, 0.21, 0.09, 0.15], [1])",-0.0,-0.0,-0.0,-0.0,-0.7120000000000001,-0.0,-0.7120000000000001,0.6806906117020967,0.21458264279598482,0.06768768644702239
5,"([0.21, 0.09, 0.07, 0.08, 0.37, 0.17], [4])","([0.13, 0.2, 0.22, 0.21, 0.09, 0.15], [2])",-0.0,-0.0,-0.0,-0.0,-0.7120000000000001,-0.0,-0.7120000000000001,0.6806906117020967,0.2458991713551818,0.06769482670831595
6,"([0.21, 0.09, 0.07, 0.08, 0.37, 0.17], [4])","([0.13, 0.2, 0.22, 0.21, 0.09, 0.15], [3])",-0.0,-0.0,-0.0,-0.0,-0.7120000000000001,-0.0,-0.7120000000000001,0.6806906117020967,0.2772156999143788,0.0677019669696095
7,"([0.21, 0.09, 0.07, 0.08, 0.37, 0.17], [4])","([0.13, 0.2, 0.22, 0.21, 0.09, 0.15], [3])",-0.0,-0.0,-0.0,-0.0,-0.7120000000000001,-0.0,-0.7120000000000001,0.6806906117020967,0.30853222847357575,0.06770910723090307
8,"([0.21, 0.09, 0.07, 0.08, 0.37, 0.17], [4])","([0.13, 0.2, 0.22, 0.21, 0.09, 0.15], [0])",-0.0,-0.0,-0.0,-0.0,-0.7120000000000001,-0.0,-0.7120000000000001,0.6806906117020967,0.33984875703277273,0.06771624749219662
9,"([0.21, 0.09, 0.07, 0.08, 0.37, 0.17], [5])","([0.13, 0.2, 0.22, 0.21, 0.09, 0.15], [1])",-0.0,-0.0,-0.0,-0.0,-0.0,-0.799,-0.799,0.6806906117020967,0.4581652855919697,0.06772338775349018
10,"([0.21, 0.09, 0.07, 0.08, 0.37, 0.17], [0])","([0.13, 0.2, 0.22, 0.21, 0.09, 0.15], [2])",-0.77,-0.0,-0.0,-0.0,-0.0,-0.0,-0.77,0.6806906117020967,0.5474818141511666,0.06773052801478374
11,"([0.21, 0.09, 0.07, 0.08, 0.37, 0.17], [1])","([0.13, 0.2, 0.22, 0.21, 0.09, 0.15], [2])",-0.0,-0.9079999999999999,-0.0,-0.0,-0.0,-0.0,-0.9079999999999999,0.6806906117020967,0.7747983427103634,0.0677376682760773
12,"([0.21, 0.09, 0.07, 0.08, 0.37, 0.17], [0])","([0.13, 0.2, 0.22, 0.21, 0.09, 0.15], [4])",-0.77,-0.0,-0.0,-0.0,-0.0,-0.0,-0.77,0.6806906117020967,0.8641148712695603,0.06774480853737086
13,"([0.21, 0.09, 0.07, 0.08, 0.37, 0.17], [2])","([0.13, 0.2, 0.22, 0.21, 0.09, 0.15], [1])",-0.0,-0.0,-0.9620000000000001,-0.0,-0.0,-0.0,-0.9620000000000001,0.6806906117020967,1.1454313998287573,0.06775194879866442
14,"([0.21, 0.09, 0.07, 0.08, 0.37, 0.17], [0])","([0.13, 0.2, 0.22, 0.21, 0.09, 0.15], [3])",-0.77,-0.0,-0.0,-0.0,-0.0,-0.0,-0.77,0.6806906117020967,1.234747928387954,0.06775908905995798
15,"([0.21, 0.09, 0.07, 0.08, 0.37, 0.17], [4])","([0.13, 0.2, 0.22, 0.21, 0.09, 0.15], [1])",-0.0,-0.0,-0.0,-0.0,-0.7120000000000001,-0.0,-0.7120000000000001,0.6806906117020967,1.266064456947151,0.06776622932125154
16,"([0.21, 0.09, 0.07, 0.08, 0.37, 0.17], [5])","([0.13, 0.2, 0.22, 0.21, 0.09, 0.15], [2])",-0.0,-0.0,-0.0,-0.0,-0.0,-0.799,-0.799,0.6806906117020967,1.384380985506348,0.0677733695825451
17,"([0.21, 0.09, 0.07, 0.08, 0.37, 0.17], [3])","([0.13, 0.2, 0.22, 0.21, 0.09, 0.15], [2])",-0.0,-0.0,-0.0,-0.9329999999999999,-0.0,-0.0,-0.9329999999999999,0.6806906117020967,1.6366975140655449,0.06778050984383865
18,"([0.21, 0.09, 0.07, 0.08, 0.37, 0.17], [5])","([0.13, 0.2, 0.22, 0.21, 0.09, 0.15], [3])",-0.0,-0.0,-0.0,-0.0,-0.0,-0.799,-0.799,0.6806906117020967,1.7550140426247418,0.06778765010513221
19,"([0.21, 0.09, 0.07, 0.08, 0.37, 0.17], [4])","([0.13, 0.2, 0.22, 0.21, 0.09, 0.15], [1])",-0.0,-0.0,-0.0,-0.0,-0.7120000000000001,-0.0,-0.7120000000000001,0.6806906117020967,1.7863305711839388,0.06779479036642577
20,"([0.21, 0.09, 0.07, 0.08, 0.37, 0.17], [1])","([0.13, 0.2, 0.22, 0.21, 0.09, 0.15], [3])",-0.0,-0.9079999999999999,-0.0,-0.0,-0.0,-0.0,-0.9079999999999999,0.6806906117020967,2.0136470997431357,0.06780193062771933
21,"([0.21, 0.09, 0.07, 0.08, 0.37, 0.17], [0])","([0.13, 0.2, 0.22, 0.21, 0.09, 0.15], [2])",-0.77,-0.0,-0.0,-0.0,-0.0,-0.0,-0.77,0.6806906117020967,2.1029636283023327,0.06780907088901289
22,"([0.21, 0.09, 0.07, 0.08, 0.37, 0.17], [4])","([0.13, 0.2, 0.22, 0.21, 0.09, 0.15], [3])",-0.0,-0.0,-0.0,-0.0,-0.7120000000000001,-0.0,-0.7120000000000001,0.6806906117020967,2.1342801568615295,0.06781621115030645
23,"([0.21, 0.09, 0.07, 0.08, 0.37, 0.17], [0])","([0.13, 0.2, 0.22, 0.21, 0.09, 0.15], [1])",-0.77,-0.0,-0.0,-0.0,-0.0,-0.0,-0.77,0.6806906117020967,2.2235966854207265,0.06782335141160001
24,"([0.21, 0.09, 0.07, 0.08, 0.37, 0.17], [2])","([0.13, 0.2, 0.22, 0.21, 0.09, 0.15], [1])",-0.0,-0.0,-0.9620000000000001,-0.0,-0.0,-0.0,-0.9620000000000001,0.6806906117020967,2.5049132139799237,0.06783049167289357
25,"([0.21, 0.09, 0.07, 0.08, 0.37, 0.17], [4])","([0.13, 0.2, 0.22, 0.21, 0.09, 0.15], [4])",-0.0,-0.0,-0.0,-0.0,-0.0,-0.0,0.0,0.6806906117020967,1.8242297425391207,0.06783763193418713
26,"([0.21, 0.09, 0.07, 0.08, 0.37, 0.17], [2])","([0.13, 0.2, 0.22, 0.21, 0.09, 0.15], [1])",-0.0,-0.0,-0.9620000000000001,-0.0,-0.0,-0.0,-0.9620000000000001,0.6806906117020967,2.1055462710983175,0.06784477219548068
27,"([0.21, 0.09, 0.07, 0.08, 0.37, 0.17], [0])","([0.13, 0.2, 0.22, 0.21, 0.09, 0.15], [1])",-0.77,-0.0,-0.0,-0.0,-0.0,-0.0,-0.77,0.6806906117020967,2.1948627996575145,0.06785191245677424
28,"([0.21, 0.09, 0.07, 0.08, 0.37, 0.17], [4])","([0.13, 0.2, 0.22, 0.21, 0.09, 0.15], [1])",-0.0,-0.0,-0.0,-0.0,-0.7120000000000001,-0.0,-0.7120000000000001,0.6806906117020967,2.2261793282167117,0.0678590527180678
29,"([0.21, 0.09, 0.07, 0.08, 0.37, 0.17], [4])","([0.13, 0.2, 0.22, 0.21, 0.09, 0.15], [3])",-0.0,-0.0,-0.0,-0.0,-0.7120000000000001,-0.0,-0.7120000000000001,0.6806906117020967,2.2574958567759085,0.06786619297936136
30,"([0.21, 0.09, 0.07, 0.08, 0.37, 0.17], [2])","([0.13, 0.2, 0.22, 0.21, 0.09, 0.15], [4])",-0.0,-0.0,-0.9620000000000001,-0.0,-0.0,-0.0,-0.9620000000000001,0.6806906117020967,2.5388123853351052,0.06787333324065492
31,"([0.21, 0.09, 0.07, 0.08, 0.37, 0.17], [4])","([0.13, 0.2, 0.22, 0.21, 0.09, 0.15], [3])",-0.0,-0.0,-0.0,-0.0,-0.7120000000000001,-0.0,-0.7120000000000001,0.6806906117020967,2.570128913894302,0.06788047350194848
32,"([0.21, 0.09, 0.07, 0.08, 0.37, 0.17], [4])","([0.13, 0.2, 0.22, 0.21, 0.09, 0.15], [3])",-0.0,-0.0,-0.0,-0.0,-0.7120000000000001,-0.0,-0.7120000000000001,0.6806906117020967,2.6014454424534987,0.06788761376324204
33,"([0.21, 0.09, 0.07, 0.08, 0.37, 0.17], [5])","([0.13, 0.2, 0.22, 0.21, 0.09, 0.15], [1])",-0.0,-0.0,-0.0,-0.0,-0.0,-0.799,-0.799,0.6806906117020967,2.7197619710126957,0.0678947540245356
34,"([0.21, 0.09, 0.07, 0.08, 0.37, 0.17], [4])","([0.13, 0.2, 0.22, 0.21, 0.09, 0.15], [5])",-0.0,-0.0,-0.0,-0.0,-0.7120000000000001,-0.0,-0.7120000000000001,0.6806906117020967,2.751078499571893,0.06790189428582916
35,"([0.21, 0.09, 0.07, 0.08, 0.37, 0.17], [4])","([0.13, 0.2, 0.22, 0.21, 0.09, 0.15], [4])",-0.0,-0.0,-0.0,-0.0,-0.0,-0.0,0.0,0.6806906117020967,2.07039502813109,0.06790903454712272
36,"([0.21, 0.09, 0.07, 0.08, 0.37, 0.17], [1])","([0.13, 0.2, 0.22, 0.21, 0.09, 0.15], [3])",-0.0,-0.9079999999999999,-0.0,-0.0,-0.0,-0.0,-0.9079999999999999,0.6806906117020967,2.297711556690287,0.06791617480841627
37,"([0.21, 0.09, 0.07, 0.08, 0.37, 0.17], [4])","([0.13, 0.2, 0.22, 0.21, 0.09, 0.15], [0])",-0.0,-0.0,-0.0,-0.0,-0.7120000000000001,-0.0,-0.7120000000000001,0.6806906117020967,2.329028085249484,0.06792331506970983
38,"([0.21, 0.09, 0.07, 0.08, 0.37, 0.17], [1])","([0.13, 0.2, 0.22, 0.21, 0.09, 0.15], [3])",-0.0,-0.9079999999999999,-0.0,-0.0,-0.0,-0.0,-0.9079999999999999,0.6806906117020967,2.556344613808681,0.06793045533100339
39,"([0.21, 0.09, 0.07, 0.08, 0.37, 0.17], [3])","([0.13, 0.2, 0.22, 0.21, 0.09, 0.15], [1])",-0.0,-0.0,-0.0,-0.9329999999999999,-0.0,-0.0,-0.9329999999999999,0.6806906117020967,2.808661142367878,0.06793759559229695
40,"([0.21, 0.09, 0.07, 0.08, 0.37, 0.17], [4])","([0.13, 0.2, 0.22, 0.21, 0.09, 0.15], [3])",-0.0,-0.0,-0.0,-0.0,-0.7120000000000001,-0.0,-0.7120000000000001,0.6806906117020967,2.839977670927075,0.06794473585359051
41,"([0.21, 0.09, 0.07, 0.08, 0.37, 0.17], [5])","([0.13, 0.2, 0.22, 0.21, 0.09, 0.15], [3])",-0.0,-0.0,-0.0,-0.0,-0.0,-0.799,-0.799,0.6806906117020967,2.958294199486272,0.06795187611488407
42,"([0.21, 0.09, 0.07, 0.08, 0.37, 0.17], [0])","([0.13, 0.2, 0.22, 0.21, 0.09, 0.15], [3])",-0.77,-0.0,-0.0,-0.0,-0.0,-0.0,-0.77,0.6806906117020967,3.047610728045469,0.06795901637617763
43,"([0.21, 0.09, 0.07, 0.08, 0.37, 0.17], [0])","([0.13, 0.2, 0.22, 0.21, 0.09, 0.15], [4])",-0.77,-0.0,-0.0,-0.0,-0.0,-0.0,-0.77,0.6806906117020967,3.136927256604666,0.06796615663747119
44,"([0.21, 0.09, 0.07, 0.08, 0.37, 0.17], [1])","([0.13, 0.2, 0.22, 0.21, 0.09, 0.15], [2])",-0.0,-0.9079999999999999,-0.0,-0.0,-0.0,-0.0,-0.9079999999999999,0.6806906117020967,3.364243785163863,0.06797329689876475
45,"([0.21, 0.09, 0.07, 0.08, 0.37, 0.17], [5])","([0.13, 0.2, 0.22, 0.21, 0.09, 0.15], [0])",-0.0,-0.0,-0.0,-0.0,-0.0,-0.799,-0.799,0.6806906117020967,3.48256031372306,0.0679804371600583
46,"([0.21, 0.09, 0.07, 0.08, 0.37, 0.17], [3])","([0.13, 0.2, 0.22, 0.21, 0.09, 0.15], [5])",-0.0,-0.0,-0.0,-0.9329999999999999,-0.0,-0.0,-0.9329999999999999,0.6806906117020967,3.7348768422822567,0.06798757742135186
47,"([0.21, 0.09, 0.07, 0.08, 0.37, 0.17], [4])","([0.13, 0.2, 0.22, 0.21, 0.08, 0.15], [3])",-0.0,-0.0,-0.0,-0.0,-0.7120000000000001,-0.0,-0.7120000000000001,0.6806836401549242,3.766193370841454,0.06798774613547298
48,"([0.21, 0.09, 0.07, 0.08, 0.37, 0.17], [2])","([0.13, 0.2, 0.22, 0.21, 0.09, 0.15], [3])",-0.0,-0.0,-0.9620000000000001,-0.0,-0.0,-0.0,-0.9620000000000001,0.6806906117020967,4.047509899400651,0.06799488639676654
49,"([0.21, 0.09, 0.07, 0.08, 0.37, 0.17], [0])","([0.13, 0.2, 0.22, 0.21, 0.08, 0.15], [5])",-0.77,-0.0,-0.0,-0.0,-0.0,-0.0,-0.77,0.6806836401549242,4.136826427959847,0.06799505511088766
50,"([0.21, 0.09, 0.07, 0.08, 0.37, 0.17], [4])","([0.13, 0.2, 0.22, 0.21, 0.08, 0.15], [0])",-0.0,-0.0,-0.0,-0.0,-0.7120000000000001,-0.0,-0.7120000000000001,0.6806836401549242,4.168142956519044,0.06799522382500878
51,"([0.21, 0.09, 0.07, 0.08, 0.37, 0.17], [0])","([0.13, 0.2, 0.22, 0.21, 0.08, 0.15], [5])",-0.77,-0.0,-0.0,-0.0,-0.0,-0.0,-0.77,0.6806836401549242,4.257459485078241,0.0679953925391299
52,"([0.21, 0.09, 0.07, 0.08, 0.37, 0.17], [1])","([0.13, 0.2, 0.22, 0.21, 0.08, 0.15], [3])",-0.0,-0.9079999999999999,-0.0,-0.0,-0.0,-0.0,-0.9079999999999999,0.6806836401549242,4.484776013637437,0.06799556125325101
53,"([0.21, 0.09, 0.07, 0.08, 0.37, 0.17], [4])","([0.13, 0.2, 0.22, 0.21, 0.08, 0.15], [1])",-0.0,-0.0,-0.0,-0.0,-0.7120000000000001,-0.0,-0.7120000000000001,0.6806836401549242,4.516092542196634,0.06799572996737213
54,"([0.21, 0.09, 0.07, 0.08, 0.37, 0.17], [0])","([0.13, 0.2, 0.22, 0.21, 0.08, 0.15], [0])",-0.0,-0.0,-0.0,-0.0,-0.0,-0.0,0.0,0.6806836401549242,3.835409070755831,0.06799589868149325
55,"([0.21, 0.09, 0.07, 0.08, 0.37, 0.17], [2])","([0.13, 0.2, 0.22, 0.21, 0.08, 0.15], [0])",-0.0,-0.0,-0.9620000000000001,-0.0,-0.0,-0.0,-0.9620000000000001,0.6806836401549242,4.116725599315028,0.06799606739561437
56,"([0.21, 0.09, 0.07, 0.08, 0.37, 0.17], [0])","([0.13, 0.2, 0.22, 0.21, 0.08, 0.15], [2])",-0.77,-0.0,-0.0,-0.0,-0.0,-0.0,-0.77,0.6806836401549242,4.206042127874224,0.06799623610973549
57,"([0.21, 0.09, 0.07, 0.08, 0.37, 0.17], [5])","([0.13, 0.2, 0.22, 0.21, 0.08, 0.15], [2])",-0.0,-0.0,-0.0,-0.0,-0.0,-0.799,-0.799,0.6806836401549242,4.3243586564334215,0.0679964048238566
58,"([0.21, 0.09, 0.07, 0.08, 0.37, 0.17], [0])","([0.13, 0.2, 0.22, 0.21, 0.08, 0.15], [0])",-0.0,-0.0,-0.0,-0.0,-0.0,-0.0,0.0,0.6806836401549242,3.6436751849926186,0.06799657353797772
59,"([0.21, 0.09, 0.07, 0.08, 0.37, 0.17], [5])","([0.13, 0.2, 0.22, 0.21, 0.08, 0.15], [2])",-0.0,-0.0,-0.0,-0.0,-0.0,-0.799,-0.799,0.6806836401549242,3.7619917135518155,0.06799674225209884
60,"([0.21, 0.09, 0.07, 0.08, 0.37, 0.17], [4])","([0.13, 0.2, 0.22, 0.21, 0.08, 0.15], [2])",-0.0,-0.0,-0.0,-0.0,-0.7120000000000001,-0.0,-0.7120000000000001,0.6806836401549242,3.7933082421110127,0.06799691096621996
61,"([0.21, 0.09, 0.07, 0.08, 0.37, 0.17], [0])","([0.13, 0.2, 0.22, 0.21, 0.08, 0.15], [1])",-0.77,-0.0,-0.0,-0.0,-0.0,-0.0,-0.77,0.6806836401549242,3.8826247706702097,0.06799707968034108
62,"([0.21, 0.09, 0.07, 0.08, 0.37, 0.17], [4])","([0.13, 0.2, 0.22, 0.21, 0.08, 0.15], [4])",-0.0,-0.0,-0.0,-0.0,-0.0,-0.0,0.0,0.6806836401549242,3.2019412992294067,0.0679972483944622
63,"([0.21, 0.09, 0.07, 0.08, 0.37, 0.17], [3])","([0.13, 0.2, 0.22, 0.21, 0.08, 0.15], [5])",-0.0,-0.0,-0.0,-0.9329999999999999,-0.0,-0.0,-0.9329999999999999,0.6806836401549242,3.4542578277886036,0.06799741710858331
64,"([0.21, 0.09, 0.07, 0.08, 0.37, 0.17], [0])","([0.13, 0.2, 0.22, 0.21, 0.08, 0.15], [4])",-0.77,-0.0,-0.0,-0.0,-0.0,-0.0,-0.77,0.6806836401549242,3.5435743563478006,0.06799758582270443
65,"([0.21, 0.09, 0.07, 0.08, 0.37, 0.17], [1])","([0.13, 0.2, 0.22, 0.21, 0.08, 0.15], [0])",-0.0,-0.9079999999999999,-0.0,-0.0,-0.0,-0.0,-0.9079999999999999,0.6806836401549242,3.7708908849069975,0.06799775453682555
66,"([0.21, 0.09, 0.07, 0.08, 0.37, 0.17], [1])","([0.13, 0.2, 0.22, 0.21, 0.08, 0.15], [3])",-0.0,-0.9079999999999999,-0.0,-0.0,-0.0,-0.0,-0.9079999999999999,0.6806836401549242,3.9982074134661945,0.06799792325094667
67,"([0.21, 0.09, 0.07, 0.08, 0.37, 0.17], [4])","([0.13, 0.2, 0.22, 0.21, 0.08, 0.15], [4])",-0.0,-0.0,-0.0,-0.0,-0.0,-0.0,0.0,0.6806836401549242,3.3175239420253915,0.06799809196506779
68,"([0.21, 0.09, 0.07, 0.08, 0.37, 0.17], [0])","([0.13, 0.2, 0.22, 0.21, 0.08, 0.15], [2])",-0.77,-0.0,-0.0,-0.0,-0.0,-0.0,-0.77,0.6806836401549242,3.4068404705845885,0.0679982606791889
69,"([0.21, 0.09, 0.07, 0.08, 0.37, 0.17], [0])","([0.13, 0.2, 0.22, 0.21, 0.08, 0.15], [3])",-0.77,-0.0,-0.0,-0.0,-0.0,-0.0,-0.77,0.6806836401549242,3.4961569991437855,0.06799842939331002
70,"([0.21, 0.09, 0.07, 0.08, 0.37, 0.17], [1])","([0.13, 0.2, 0.22, 0.21, 0.08, 0.15], [1])",-0.0,-0.0,-0.0,-0.0,-0.0,-0.0,0.0,0.6806836401549242,2.8154735277029825,0.06799859810743114
71,"([0.21, 0.09, 0.07, 0.08, 0.37, 0.17], [1])","([0.13, 0.2, 0.22, 0.21, 0.08, 0.15], [5])",-0.0,-0.9079999999999999,-0.0,-0.0,-0.0,-0.0,-0.9079999999999999,0.6806836401549242,3.0427900562621795,0.06799876682155226
72,"([0.22, 0.09, 0.07, 0.08, 0.39, 0.17], [4])","([0.13, 0.2, 0.23, 0.22, 0.08, 0.15], [0])",-0.0,-0.0,-0.0,-0.0,-0.7120000000000001,-0.0,-0.7120000000000001,0.6808576554520533,3.0741065848213767,0.0681729508328025
73,"([0.21, 0.09, 0.07, 0.08, 0.37, 0.17], [4])","([0.13, 0.2, 0.22, 0.21, 0.08, 0.15], [3])",-0.0,-0.0,-0.0,-0.0,-0.7120000000000001,-0.0,-0.7120000000000001,0.6806836401549242,3.1054231133805734,0.06817311954692362
74,"([0.21, 0.09, 0.07, 0.08, 0.37, 0.17], [4])","([0.13, 0.2, 0.22, 0.21, 0.08, 0.15], [2])",-0.0,-0.0,-0.0,-0.0,-0.7120000000000001,-0.0,-0.7120000000000001,0.6806836401549242,3.13673964193977,0.06817328826104474
75,"([0.21, 0.09, 0.07, 0.08, 0.37, 0.17], [0])","([0.13, 0.2, 0.22, 0.21, 0.08, 0.15], [1])",-0.77,-0.0,-0.0,-0.0,-0.0,-0.0,-0.77,0.6806836401549242,3.226056170498967,0.06817345697516586
76,"([0.21, 0.09, 0.07, 0.08, 0.37, 0.17], [5])","([0.13, 0.2, 0.22, 0.21, 0.08, 0.15], [2])",-0.0,-0.0,-0.0,-0.0,-0.0,-0.799,-0.799,0.6806836401549242,3.344372699058164,0.06817362568928698
77,"([0.21, 0.09, 0.07, 0.08, 0.37, 0.17], [4])","([0.13, 0.2, 0.22, 0.21, 0.08, 0.15], [5])",-0.0,-0.0,-0.0,-0.0,-0.7120000000000001,-0.0,-0.7120000000000001,0.6806836401549242,3.375689227617361,0.0681737944034081
78,"([0.21, 0.09, 0.07, 0.08, 0.37, 0.17], [1])","([0.13, 0.2, 0.22, 0.21, 0.08, 0.15], [1])",-0.0,-0.0,-0.0,-0.0,-0.0,-0.0,0.0,0.6806836401549242,2.695005756176558,0.06817396311752921
79,"([0.21, 0.09, 0.07, 0.08, 0.37, 0.17], [4])","([0.13, 0.2, 0.22, 0.21, 0.08, 0.15], [3])",-0.0,-0.0,-0.0,-0.0,-0.7120000000000001,-0.0,-0.7120000000000001,0.6806836401549242,2.7263222847357547,0.06817413183165033
80,"([0.21, 0.09, 0.07, 0.08, 0.37, 0.17], [0])","([0.13, 0.2, 0.22, 0.21, 0.08, 0.15], [3])",-0.77,-0.0,-0.0,-0.0,-0.0,-0.0,-0.77,0.6806836401549242,2.8156388132949517,0.06817430054577145
81,"([0.21, 0.09, 0.07, 0.08, 0.37, 0.17], [2])","([0.13, 0.2, 0.22, 0.21, 0.08, 0.15], [2])",-0.0,-0.0,-0.0,-0.0,-0.0,-0.0,0.0,0.6806836401549242,2.1349553418541487,0.06817446925989257
82,"([0.21, 0.09, 0.07, 0.08, 0.37, 0.17], [0])","([0.13, 0.2, 0.22, 0.21, 0.08, 0.15], [3])",-0.77,-0.0,-0.0,-0.0,-0.0,-0.0,-0.77,0.6806836401549242,2.2242718704133457,0.06817463797401369
83,"([0.21, 0.09, 0.07, 0.08, 0.37, 0.17], [5])","([0.13, 0.2, 0.22, 0.21, 0.08, 0.15], [2])",-0.0,-0.0,-0.0,-0.0,-0.0,-0.799,-0.799,0.6806836401549242,2.3425883989725427,0.0681748066881348
84,"([0.21, 0.09, 0.07, 0.08, 0.37, 0.17], [5])","([0.13, 0.2, 0.22, 0.21, 0.08, 0.15], [1])",-0.0,-0.0,-0.0,-0.0,-0.0,-0.799,-0.799,0.6806836401549242,2.4609049275317396,0.06817497540225592
85,"([0.21, 0.09, 0.07, 0.08, 0.37, 0.17], [5])","([0.13, 0.2, 0.22, 0.21, 0.08, 0.15], [3])",-0.0,-0.0,-0.0,-0.0,-0.0,-0.799,-0.799,0.6806836401549242,2.5792214560909366,0.06817514411637704
86,"([0.21, 0.09, 0.07, 0.08, 0.37, 0.17], [0])","([0.13, 0.2, 0.22, 0.21, 0.08, 0.15], [3])",-0.77,-0.0,-0.0,-0.0,-0.0,-0.0,-0.77,0.6806836401549242,2.6685379846501336,0.06817531283049816
87,"([0.21, 0.09, 0.07, 0.08, 0.37, 0.17], [4])","([0.13, 0.2, 0.22, 0.21, 0.08, 0.15], [0])",-0.0,-0.0,-0.0,-0.0,-0.7120000000000001,-0.0,-0.7120000000000001,0.6806836401549242,2.6998545132093303,0.06817548154461928
88,"([0.21, 0.09, 0.07, 0.08, 0.37, 0.17], [4])","([0.13, 0.2, 0.22, 0.21, 0.08, 0.15], [3])",-0.0,-0.0,-0.0,-0.0,-0.7120000000000001,-0.0,-0.7120000000000001,0.6806836401549242,2.731171041768527,0.0681756502587404
89,"([0.21, 0.09, 0.07, 0.08, 0.37, 0.17], [0])","([0.13, 0.2, 0.22, 0.21, 0.08, 0.15], [2])",-0.77,-0.0,-0.0,-0.0,-0.0,-0.0,-0.77,0.6806836401549242,2.820487570327724,0.06817581897286151
90,"([0.21, 0.09, 0.07, 0.08, 0.37, 0.17], [1])","([0.13, 0.2, 0.22, 0.21, 0.08, 0.15], [2])",-0.0,-0.9079999999999999,-0.0,-0.0,-0.0,-0.0,-0.9079999999999999,0.6806836401549242,3.047804098886921,0.06817598768698263
91,"([0.21, 0.09, 0.07, 0.08, 0.37, 0.17], [2])","([0.13, 0.2, 0.22, 0.21, 0.08, 0.15], [1])",-0.0,-0.0,-0.9620000000000001,-0.0,-0.0,-0.0,-0.9620000000000001,0.6806836401549242,3.329120627446118,0.06817615640110375
92,"([0.21, 0.09, 0.07, 0.08, 0.37, 0.17], [2])","([0.13, 0.2, 0.22, 0.21, 0.08, 0.15], [0])",-0.0,-0.0,-0.9620000000000001,-0.0,-0.0,-0.0,-0.9620000000000001,0.6806836401549242,3.6104371560053146,0.06817632511522487
93,"([0.22, 0.09, 0.07, 0.08, 0.39, 0.17], [0])","([0.13, 0.2, 0.23, 0.22, 0.08, 0.15], [1])",-0.77,-0.0,-0.0,-0.0,-0.0,-0.0,-0.77,0.6808576554520533,3.6997536845645116,0.06835050912647511
94,"([0.22, 0.09, 0.07, 0.08, 0.39, 0.17], [1])","([0.13, 0.2, 0.23, 0.22, 0.08, 0.15], [1])",-0.0,-0.0,-0.0,-0.0,-0.0,-0.0,0.0,0.6808576554520533,3.0190702131237086,0.06852469313772536
95,"([0.22, 0.09, 0.07, 0.08, 0.39, 0.17], [5])","([0.13, 0.2, 0.23, 0.22, 0.08, 0.15], [1])",-0.0,-0.0,-0.0,-0.0,-0.0,-0.799,-0.799,0.6808576554520533,3.1373867416829055,0.0686988771489756
96,"([0.22, 0.09, 0.07, 0.08, 0.39, 0.17], [1])","([0.13, 0.2, 0.23, 0.22, 0.08, 0.15], [5])",-0.0,-0.9079999999999999,-0.0,-0.0,-0.0,-0.0,-0.9079999999999999,0.6808576554520533,3.3647032702421025,0.06887306116022585
97,"([0.22, 0.09, 0.07, 0.08, 0.39, 0.17], [4])","([0.13, 0.2, 0.23, 0.22, 0.08, 0.15], [4])",-0.0,-0.0,-0.0,-0.0,-0.0,-0.0,0.0,0.6808576554520533,2.6840197988012995,0.06904724517147609
98,"([0.22, 0.09, 0.07, 0.08, 0.39, 0.17], [4])","([0.13, 0.2, 0.23, 0.22, 0.08, 0.15], [4])",-0.0,-0.0,-0.0,-0.0,-0.0,-0.0,0.0,0.6808576554520533,2.0033363273604965,0.06922142918272634
99,"([0.22, 0.09, 0.07, 0.08, 0.39, 0.17], [3])","([0.13, 0.2, 0.23, 0.22, 0.08, 0.15], [1])",-0.0,-0.0,-0.0,-0.9329999999999999,-0.0,-0.0,-0.9329999999999999,0.6808576554520533,2.2556528559196933,0.06939561319397658
100,"([0.22, 0.09, 0.07, 0.08, 0.39, 0.17], [2])","([0.13, 0.2, 0.23, 0.22, 0.08, 0.15], [1])",-0.0,-0.0,-0.9620000000000001,-0.0,-0.0,-0.0,-0.9620000000000001,0.6808576554520533,2.5369693844788905,0.06956979720522682
101,"([0.22, 0.09, 0.07, 0.08, 0.39, 0.17], [4])","([0.13, 0.2, 0.23, 0.22, 0.08, 0.15], [2])",-0.0,-0.0,-0.0,-0.0,-0.7120000000000001,-0.0,-0.7120000000000001,0.6808576554520533,2.5682859130380873,0.06974398121647707
102,"([0.22, 0.09, 0.07, 0.08, 0.39, 0.17], [0])","([0.13, 0.2, 0.23, 0.22, 0.08, 0.15], [1])",-0.77,-0.0,-0.0,-0.0,-0.0,-0.0,-0.77,0.6808576554520533,2.6576024415972843,0.06991816522772731
103,"([0.22, 0.09, 0.07, 0.08, 0.39, 0.17], [5])","([0.13, 0.2, 0.23, 0.22, 0.08, 0.15], [2])",-0.0,-0.0,-0.0,-0.0,-0.0,-0.799,-0.799,0.6808576554520533,2.7759189701564813,0.07009234923897756
104,"([0.22, 0.09, 0.07, 0.08, 0.39, 0.17], [4])","([0.13, 0.2, 0.23, 0.22, 0.08, 0.15], [2])",-0.0,-0.0,-0.0,-0.0,-0.7120000000000001,-0.0,-0.7120000000000001,0.6808576554520533,2.807235498715678,0.0702665332502278
105,"([0.22, 0.09, 0.07, 0.08, 0.39, 0.17], [0])","([0.13, 0.2, 0.23, 0.22, 0.08, 0.15], [1])",-0.77,-0.0,-0.0,-0.0,-0.0,-0.0,-0.77,0.6808576554520533,2.896552027274875,0.07044071726147805
106,"([0.22, 0.09, 0.07, 0.08, 0.39, 0.17], [5])","([0.13, 0.2, 0.23, 0.22, 0.08, 0.15], [3])",-0.0,-0.0,-0.0,-0.0,-0.0,-0.799,-0.799,0.6808576554520533,3.014868555834072,0.07061490127272829
107,"([0.22, 0.09, 0.07, 0.08, 0.39, 0.17], [3])","([0.13, 0.2, 0.23, 0.22, 0.08, 0.15], [3])",-0.0,-0.0,-0.0,-0.0,-0.0,-0.0,0.0,0.6808576554520533,2.334185084393269,0.07078908528397854
108,"([0.22, 0.09, 0.07, 0.08, 0.39, 0.17], [5])","([0.13, 0.2, 0.23, 0.22, 0.08, 0.15], [1])",-0.0,-0.0,-0.0,-0.0,-0.0,-0.799,-0.799,0.6808576554520533,2.452501612952466,0.07096326929522878
109,"([0.22, 0.09, 0.07, 0.08, 0.39, 0.17], [2])","([0.13, 0.2, 0.23, 0.22, 0.08, 0.15], [0])",-0.0,-0.0,-0.9620000000000001,-0.0,-0.0,-0.0,-0.9620000000000001,0.6808576554520533,2.733818141511663,0.07113745330647903
110,"([0.22, 0.09, 0.07, 0.08, 0.39, 0.17], [4])","([0.13, 0.2, 0.23, 0.22, 0.08, 0.15], [1])",-0.0,-0.0,-0.0,-0.0,-0.7120000000000001,-0.0,-0.7120000000000001,0.6808576554520533,2.76513467007086,0.07131163731772927
111,"([0.22, 0.09, 0.07, 0.08, 0.39, 0.17], [5])","([0.13, 0.2, 0.23, 0.22, 0.08, 0.15], [3])",-0.0,-0.0,-0.0,-0.0,-0.0,-0.799,-0.799,0.6808576554520533,2.883451198630057,0.07148582132897952
112,"([0.22, 0.09, 0.07, 0.08, 0.39, 0.17], [0])","([0.13, 0.2, 0.23, 0.22, 0.08, 0.15], [5])",-0.77,-0.0,-0.0,-0.0,-0.0,-0.0,-0.77,0.6808576554520533,2.972767727189254,0.07166000534022976
113,"([0.22, 0.09, 0.07, 0.08, 0.39, 0.17], [4])","([0.13, 0.2, 0.23, 0.22, 0.08, 0.15], [1])",-0.0,-0.0,-0.0,-0.0,-0.7120000000000001,-0.0,-0.7120000000000001,0.6808576554520533,3.0040842557484506,0.07183418935148
114,"([0.22, 0.09, 0.07, 0.08, 0.39, 0.17], [0])","([0.13, 0.2, 0.23, 0.22, 0.08, 0.15], [3])",-0.77,-0.0,-0.0,-0.0,-0.0,-0.0,-0.77,0.6808576554520533,3.0934007843076476,0.07200837336273025
115,"([0.22, 0.09, 0.07, 0.08, 0.39, 0.17], [4])","([0.13, 0.2, 0.23, 0.22, 0.08, 0.15], [3])",-0.0,-0.0,-0.0,-0.0,-0.7120000000000001,-0.0,-0.7120000000000001,0.6808576554520533,3.124717312866845,0.0721825573739805
116,"([0.22, 0.09, 0.07, 0.08, 0.39, 0.17], [0])","([0.13, 0.2, 0.23, 0.22, 0.08, 0.15], [3])",-0.77,-0.0,-0.0,-0.0,-0.0,-0.0,-0.77,0.6808576554520533,3.214033841426042,0.07235674138523074
117,"([0.22, 0.09, 0.07, 0.08, 0.39, 0.17], [1])","([0.13, 0.2, 0.23, 0.22, 0.08, 0.15], [3])",-0.0,-0.9079999999999999,-0.0,-0.0,-0.0,-0.0,-0.9079999999999999,0.6808576554520533,3.441350369985239,0.07253092539648098
118,"([0.22, 0.09, 0.07, 0.08, 0.39, 0.17], [5])","([0.13, 0.2, 0.23, 0.22, 0.08, 0.15], [0])",-0.0,-0.0,-0.0,-0.0,-0.0,-0.799,-0.799,0.6808576554520533,3.5596668985444357,0.07270510940773123
119,"([0.22, 0.09, 0.07, 0.08, 0.39, 0.17], [0])","([0.13, 0.2, 0.23, 0.22, 0.08, 0.15], [2])",-0.77,-0.0,-0.0,-0.0,-0.0,-0.0,-0.77,0.6808576554520533,3.6489834271036328,0.07287929341898147
120,"([0.22, 0.09, 0.07, 0.08, 0.39, 0.17], [4])","([0.13, 0.2, 0.23, 0.22, 0.08, 0.15], [5])",-0.0,-0.0,-0.0,-0.0,-0.7120000000000001,-0.0,-0.7120000000000001,0.6808576554520533,3.6802999556628295,0.07305347743023172
121,"([0.22, 0.09, 0.07, 0.08, 0.39, 0.17], [5])","([0.13, 0.2, 0.23, 0.22, 0.08, 0.15], [1])",-0.0,-0.0,-0.0,-0.0,-0.0,-0.799,-0.799,0.6808576554520533,3.7986164842220265,0.07322766144148196
122,"([0.22, 0.09, 0.07, 0.08, 0.39, 0.17], [1])","([0.13, 0.2, 0.23, 0.22, 0.08, 0.15], [3])",-0.0,-0.9079999999999999,-0.0,-0.0,-0.0,-0.0,-0.9079999999999999,0.6808576554520533,4.025933012781223,0.0734018454527322
123,"([0.22, 0.09, 0.07, 0.08, 0.39, 0.17], [1])","([0.13, 0.2, 0.23, 0.22, 0.08, 0.15], [5])",-0.0,-0.9079999999999999,-0.0,-0.0,-0.0,-0.0,-0.9079999999999999,0.6808576554520533,4.25324954134042,0.07357602946398245
124,"([0.22, 0.09, 0.07, 0.08, 0.39, 0.17], [4])","([0.13, 0.2, 0.23, 0.22, 0.08, 0.15], [2])",-0.0,-0.0,-0.0,-0.0,-0.7120000000000001,-0.0,-0.7120000000000001,0.6808576554520533,4.284566069899617,0.0737502134752327
125,"([0.22, 0.09, 0.07, 0.08, 0.39, 0.17], [4])","([0.13, 0.2, 0.23, 0.22, 0.08, 0.15], [1])",-0.0,-0.0,-0.0,-0.0,-0.7120000000000001,-0.0,-0.7120000000000001,0.6808576554520533,4.315882598458813,0.07392439748648294
126,"([0.22, 0.09, 0.07, 0.08, 0.39, 0.17], [0])","([0.13, 0.2, 0.23, 0.22, 0.08, 0.15], [3])",-0.77,-0.0,-0.0,-0.0,-0.0,-0.0,-0.77,0.6808576554520533,4.40519912701801,0.07409858149773318
127,"([0.22, 0.09, 0.07, 0.08, 0.39, 0.17], [0])","([0.13, 0.2, 0.23, 0.22, 0.08, 0.15], [1])",-0.77,-0.0,-0.0,-0.0,-0.0,-0.0,-0.77,0.6808576554520533,4.494515655577207,0.07427276550898343
128,"([0.22, 0.09, 0.07, 0.08, 0.39, 0.17], [4])","([0.13, 0.2, 0.23, 0.22, 0.08, 0.15], [1])",-0.0,-0.0,-0.0,-0.0,-0.7120000000000001,-0.0,-0.7120000000000001,0.6808576554520533,4.525832184136403,0.07444694952023367
129,"([0.22, 0.09, 0.07, 0.08, 0.39, 0.17], [5])","([0.13, 0.2, 0.23, 0.22, 0.08, 0.15], [2])",-0.0,-0.0,-0.0,-0.0,-0.0,-0.799,-0.799,0.6808576554520533,4.6441487126956,0.07462113353148392
130,"([0.22, 0.09, 0.07, 0.08, 0.39, 0.17], [5])","([0.13, 0.2, 0.23, 0.22, 0.08, 0.15], [3])",-0.0,-0.0,-0.0,-0.0,-0.0,-0.799,-0.799,0.6808576554520533,4.762465241254796,0.07479531754273416
131,"([0.22, 0.09, 0.07, 0.08, 0.39, 0.17], [4])","([0.13, 0.2, 0.23, 0.22, 0.08, 0.15], [3])",-0.0,-0.0,-0.0,-0.0,-0.7120000000000001,-0.0,-0.7120000000000001,0.6808576554520533,4.793781769813993,0.07496950155398441
132,"([0.22, 0.09, 0.07, 0.08, 0.39, 0.17], [5])","([0.13, 0.2, 0.23, 0.22, 0.08, 0.15], [1])",-0.0,-0.0,-0.0,-0.0,-0.0,-0.799,-0.799,0.6808576554520533,4.91209829837319,0.07514368556523465
133,"([0.22, 0.09, 0.07, 0.08, 0.39, 0.17], [4])","([0.13, 0.2, 0.23, 0.22, 0.08, 0.15], [1])",-0.0,-0.0,-0.0,-0.0,-0.7120000000000001,-0.0,-0.7120000000000001,0.6808576554520533,4.943414826932386,0.0753178695764849
134,"([0.22, 0.09, 0.07, 0.08, 0.39, 0.17], [5])","([0.13, 0.2, 0.23, 0.22, 0.08, 0.15], [1])",-0.0,-0.0,-0.0,-0.0,-0.0,-0.799,-0.799,0.6808576554520533,5.061731355491583,0.07549205358773514
135,"([0.22, 0.09, 0.07, 0.08, 0.39, 0.17], [4])","([0.13, 0.2, 0.23, 0.22, 0.08, 0.15], [2])",-0.0,-0.0,-0.0,-0.0,-0.7120000000000001,-0.0,-0.7120000000000001,0.6808576554520533,5.09304788405078,0.07566623759898539
136,"([0.22, 0.09, 0.07, 0.08, 0.39, 0.17], [2])","([0.13, 0.2, 0.23, 0.22, 0.08, 0.15], [1])",-0.0,-0.0,-0.9620000000000001,-0.0,-0.0,-0.0,-0.9620000000000001,0.6808576554520533,5.374364412609976,0.07584042161023563
137,"([0.22, 0.09, 0.07, 0.08, 0.39, 0.17], [3])","([0.13, 0.2, 0.23, 0.22, 0.08, 0.15], [1])",-0.0,-0.0,-0.0,-0.9329999999999999,-0.0,-0.0,-0.9329999999999999,0.6808576554520533,5.626680941169173,0.07601460562148588
138,"([0.22, 0.09, 0.07, 0.08, 0.39, 0.17], [0])","([0.13, 0.2, 0.23, 0.22, 0.08, 0.15], [1])",-0.77,-0.0,-0.0,-0.0,-0.0,-0.0,-0.77,0.6808576554520533,5.71599746972837,0.07618878963273612
139,"([0.22, 0.09, 0.07, 0.08, 0.39, 0.17], [4])","([0.13, 0.2, 0.23, 0.22, 0.08, 0.15], [4])",-0.0,-0.0,-0.0,-0.0,-0.0,-0.0,0.0,0.6808576554520533,5.035313998287567,0.07636297364398636
140,"([0.22, 0.09, 0.07, 0.08, 0.39, 0.17], [3])","([0.13, 0.2, 0.23, 0.22, 0.08, 0.15], [5])",-0.0,-0.0,-0.0,-0.9329999999999999,-0.0,-0.0,-0.9329999999999999,0.6808576554520533,5.287630526846764,0.07653715765523661
141,"([0.22, 0.09, 0.07, 0.08, 0.39, 0.17], [4])","([0.13, 0.2, 0.23, 0.22, 0.08, 0.15], [4])",-0.0,-0.0,-0.0,-0.0,-0.0,-0.0,0.0,0.6808576554520533,4.606947055405961,0.07671134166648685
142,"([0.22, 0.09, 0.07, 0.08, 0.39, 0.17], [4])","([0.13, 0.2, 0.23, 0.22, 0.08, 0.15], [5])",-0.0,-0.0,-0.0,-0.0,-0.7120000000000001,-0.0,-0.7120000000000001,0.6808576554520533,4.638263583965157,0.0768855256777371
143,"([0.22, 0.09, 0.07, 0.08, 0.39, 0.17], [1])","([0.13, 0.2, 0.23, 0.22, 0.08, 0.15], [3])",-0.0,-0.9079999999999999,-0.0,-0.0,-0.0,-0.0,-0.9079999999999999,0.6808576554520533,4.865580112524354,0.07705970968898734
144,"([0.22, 0.09, 0.07, 0.08, 0.39, 0.17], [4])","([0.13, 0.2, 0.23, 0.22, 0.08, 0.15], [3])",-0.0,-0.0,-0.0,-0.0,-0.7120000000000001,-0.0,-0.7120000000000001,0.6808576554520533,4.896896641083551,0.07723389370023759
145,"([0.22, 0.09, 0.07, 0.08, 0.39, 0.17], [0])","([0.13, 0.2, 0.23, 0.22, 0.08, 0.15], [3])",-0.77,-0.0,-0.0,-0.0,-0.0,-0.0,-0.77,0.6808576554520533,4.986213169642747,0.07740807771148783
146,"([0.22, 0.09, 0.07, 0.08, 0.39, 0.17], [4])","([0.13, 0.2, 0.23, 0.22, 0.08, 0.15], [0])",-0.0,-0.0,-0.0,-0.0,-0.7120000000000001,-0.0,-0.7120000000000001,0.6808576554520533,5.017529698201944,0.07758226172273808
147,"([0.22, 0.09, 0.07, 0.08, 0.39, 0.17], [2])","([0.13, 0.2, 0.23, 0.22, 0.08, 0.15], [2])",-0.0,-0.0,-0.0,-0.0,-0.0,-0.0,0.0,0.6808576554520533,4.336846226761141,0.07775644573398832
148,"([0.22, 0.09, 0.07, 0.08, 0.39, 0.17], [4])","([0.13, 0.2, 0.23, 0.22, 0.08, 0.15], [3])",-0.0,-0.0,-0.0,-0.0,-0.7120000000000001,-0.0,-0.7120000000000001,0.6808576554520533,4.368162755320338,0.07793062974523857
149,"([0.22, 0.09, 0.07, 0.08, 0.39, 0.17], [0])","([0.13, 0.2, 0.23, 0.22, 0.08, 0.15], [1])",-0.77,-0.0,-0.0,-0.0,-0.0,-0.0,-0.77,0.6808576554520533,4.457479283879534,0.07810481375648881
150,"([0.22, 0.09, 0.07, 0.08, 0.39, 0.17], [4])","([0.13, 0.2, 0.23, 0.22, 0.08, 0.15], [2])",-0.0,-0.0,-0.0,-0.0,-0.7120000000000001,-0.0,-0.7120000000000001,0.6808576554520533,4.488795812438731,0.07827899776773906
151,"([0.22, 0.09, 0.07, 0.08, 0.39, 0.17], [4])","([0.13, 0.2, 0.23, 0.22, 0.08, 0.15], [2])",-0.0,-0.0,-0.0,-0.0,-0.7120000000000001,-0.0,-0.7120000000000001,0.6808576554520533,4.520112340997928,0.0784531817789893
152,"([0.21, 0.09, 0.07, 0.08, 0.37, 0.17], [0])","([0.13, 0.2, 0.22, 0.21, 0.08, 0.15], [3])",-0.77,-0.0,-0.0,-0.0,-0.0,-0.0,-0.77,0.6806836401549242,4.609428869557124,0.07845335049311042
153,"([0.21, 0.09, 0.07, 0.08, 0.37, 0.17], [5])","([0.13, 0.2, 0.22, 0.21, 0.08, 0.15], [3])",-0.0,-0.0,-0.0,-0.0,-0.0,-0.799,-0.799,0.6806836401549242,4.727745398116321,0.07845351920723154
154,"([0.21, 0.09, 0.07, 0.08, 0.37, 0.17], [4])","([0.13, 0.2, 0.22, 0.21, 0.08, 0.15], [1])",-0.0,-0.0,-0.0,-0.0,-0.7120000000000001,-0.0,-0.7120000000000001,0.6806836401549242,4.759061926675518,0.07845368792135266
155,"([0.21, 0.09, 0.07, 0.08, 0.37, 0.17], [4])","([0.13, 0.2, 0.22, 0.21, 0.08, 0.15], [2])",-0.0,-0.0,-0.0,-0.0,-0.7120000000000001,-0.0,-0.7120000000000001,0.6806836401549242,4.790378455234714,0.07845385663547377
156,"([0.21, 0.09, 0.07, 0.08, 0.37, 0.17], [4])","([0.13, 0.2, 0.22, 0.21, 0.08, 0.15], [5])",-0.0,-0.0,-0.0,-0.0,-0.7120000000000001,-0.0,-0.7120000000000001,0.6806836401549242,4.821694983793911,0.07845402534959489
157,"([0.21, 0.09, 0.07, 0.08, 0.37, 0.17], [4])","([0.13, 0.2, 0.22, 0.21, 0.08, 0.15], [2])",-0.0,-0.0,-0.0,-0.0,-0.7120000000000001,-0.0,-0.7120000000000001,0.6806836401549242,4.853011512353108,0.07845419406371601
158,"([0.21, 0.09, 0.07, 0.08, 0.37, 0.17], [2])","([0.13, 0.2, 0.22, 0.21, 0.08, 0.15], [0])",-0.0,-0.0,-0.9620000000000001,-0.0,-0.0,-0.0,-0.9620000000000001,0.6806836401549242,5.134328040912305,0.07845436277783713
159,"([0.21, 0.09, 0.07, 0.08, 0.37, 0.17], [0])","([0.13, 0.2, 0.22, 0.21, 0.08, 0.15], [0])",-0.0,-0.0,-0.0,-0.0,-0.0,-0.0,0.0,0.6806836401549242,4.453644569471502,0.07845453149195825
160,"([0.21, 0.09, 0.07, 0.08, 0.37, 0.17], [1])","([0.13, 0.2, 0.22, 0.21, 0.08, 0.15], [1])",-0.0,-0.0,-0.0,-0.0,-0.0,-0.0,0.0,0.6806836401549242,3.7729610980306987,0.07845470020607936
161,"([0.21, 0.09, 0.07, 0.08, 0.37, 0.17], [4])","([0.13, 0.2, 0.22, 0.21, 0.08, 0.15], [3])",-0.0,-0.0,-0.0,-0.0,-0.7120000000000001,-0.0,-0.7120000000000001,0.6806836401549242,3.8042776265898954,0.07845486892020048
162,"([0.21, 0.09, 0.07, 0.08, 0.37, 0.17], [3])","([0.13, 0.2, 0.22, 0.21, 0.08, 0.15], [1])",-0.0,-0.0,-0.0,-0.9329999999999999,-0.0,-0.0,-0.9329999999999999,0.6806836401549242,4.056594155149092,0.0784550376343216
163,"([0.21, 0.09, 0.07, 0.08, 0.37, 0.17], [4])","([0.13, 0.2, 0.22, 0.21, 0.08, 0.15], [3])",-0.0,-0.0,-0.0,-0.0,-0.7120000000000001,-0.0,-0.7120000000000001,0.6806836401549242,4.087910683708289,0.07845520634844272
164,"([0.21, 0.09, 0.07, 0.08, 0.37, 0.17], [0])","([0.13, 0.2, 0.22, 0.21, 0.08, 0.15], [2])",-0.77,-0.0,-0.0,-0.0,-0.0,-0.0,-0.77,0.6806836401549242,4.177227212267486,0.07845537506256384
165,"([0.21, 0.09, 0.07, 0.08, 0.37, 0.17], [4])","([0.13, 0.2, 0.22, 0.21, 0.08, 0.15], [3])",-0.0,-0.0,-0.0,-0.0,-0.7120000000000001,-0.0,-0.7120000000000001,0.6806836401549242,4.208543740826682,0.07845554377668496
166,"([0.21, 0.09, 0.07, 0.08, 0.37, 0.17], [4])","([0.13, 0.2, 0.22, 0.21, 0.08, 0.15], [0])",-0.0,-0.0,-0.0,-0.0,-0.7120000000000001,-0.0,-0.7120000000000001,0.6806836401549242,4.239860269385879,0.07845571249080607
167,"([0.21, 0.09, 0.07, 0.08, 0.37, 0.17], [4])","([0.13, 0.2, 0.22, 0.21, 0.08, 0.15], [3])",-0.0,-0.0,-0.0,-0.0,-0.7120000000000001,-0.0,-0.7120000000000001,0.6806836401549242,4.271176797945076,0.07845588120492719
168,"([0.21, 0.09, 0.07, 0.08, 0.37, 0.17], [4])","([0.13, 0.2, 0.22, 0.21, 0.08, 0.15], [2])",-0.0,-0.0,-0.0,-0.0,-0.7120000000000001,-0.0,-0.7120000000000001,0.6806836401549242,4.302493326504273,0.07845604991904831
169,"([0.21, 0.09, 0.07, 0.08, 0.37, 0.17], [0])","([0.13, 0.2, 0.22, 0.21, 0.08, 0.15], [1])",-0.77,-0.0,-0.0,-0.0,-0.0,-0.0,-0.77,0.6806836401549242,4.391809855063469,0.07845621863316943
170,"([0.21, 0.09, 0.07, 0.08, 0.37, 0.17], [4])","([0.13, 0.2, 0.22, 0.21, 0.08, 0.15], [3])",-0.0,-0.0,-0.0,-0.0,-0.7120000000000001,-0.0,-0.7120000000000001,0.6806836401549242,4.423126383622666,0.07845638734729055
171,"([0.21, 0.09, 0.07, 0.08, 0.37, 0.17], [0])","([0.13, 0.2, 0.22, 0.21, 0.08, 0.15], [5])",-0.77,-0.0,-0.0,-0.0,-0.0,-0.0,-0.77,0.6806836401549242,4.5124429121818626,0.07845655606141166
172,"([0.21, 0.09, 0.07, 0.08, 0.37, 0.17], [5])","([0.13, 0.2, 0.22, 0.21, 0.08, 0.15], [4])",-0.0,-0.0,-0.0,-0.0,-0.0,-0.799,-0.799,0.6806836401549242,4.630759440741059,0.07845672477553278
173,"([0.21, 0.09, 0.07, 0.08, 0.37, 0.17], [0])","([0.13, 0.2, 0.22, 0.21, 0.08, 0.15], [3])",-0.77,-0.0,-0.0,-0.0,-0.0,-0.0,-0.77,0.6806836401549242,4.720075969300256,0.0784568934896539
174,"([0.21, 0.09, 0.07, 0.08, 0.37, 0.17], [0])","([0.13, 0.2, 0.22, 0.21, 0.08, 0.15], [1])",-0.77,-0.0,-0.0,-0.0,-0.0,-0.0,-0.77,0.6806836401549242,4.809392497859452,0.07845706220377502
175,"([0.21, 0.09, 0.07, 0.08, 0.37, 0.17], [4])","([0.13, 0.2, 0.22, 0.21, 0.08, 0.15], [1])",-0.0,-0.0,-0.0,-0.0,-0.7120000000000001,-0.0,-0.7120000000000001,0.6806836401549242,4.840709026418649,0.07845723091789614
176,"([0.21, 0.09, 0.07, 0.08, 0.37, 0.17], [4])","([0.13, 0.2, 0.22, 0.21, 0.08, 0.15], [1])",-0.0,-0.0,-0.0,-0.0,-0.7120000000000001,-0.0,-0.7120000000000001,0.6806836401549242,4.872025554977846,0.07845739963201726
177,"([0.21, 0.09, 0.07, 0.08, 0.37, 0.17], [4])","([0.13, 0.2, 0.22, 0.21, 0.08, 0.15], [2])",-0.0,-0.0,-0.0,-0.0,-0.7120000000000001,-0.0,-0.7120000000000001,0.6806836401549242,4.9033420835370425,0.07845756834613837
178,"([0.21, 0.09, 0.07, 0.08, 0.37, 0.17], [0])","([0.13, 0.2, 0.22, 0.21, 0.08, 0.15], [3])",-0.77,-0.0,-0.0,-0.0,-0.0,-0.0,-0.77,0.6806836401549242,4.992658612096239,0.07845773706025949
179,"([0.21, 0.09, 0.07, 0.08, 0.37, 0.17], [0])","([0.13, 0.2, 0.22, 0.21, 0.08, 0.15], [5])",-0.77,-0.0,-0.0,-0.0,-0.0,-0.0,-0.77,0.6806836401549242,5.081975140655436,0.07845790577438061
180,"([0.21, 0.09, 0.07, 0.08, 0.37, 0.17], [0])","([0.13, 0.2, 0.22, 0.21, 0.08, 0.15], [2])",-0.77,-0.0,-0.0,-0.0,-0.0,-0.0,-0.77,0.6806836401549242,5.171291669214632,0.07845807448850173
181,"([0.21, 0.09, 0.07, 0.08, 0.37, 0.17], [0])","([0.13, 0.2, 0.22, 0.21, 0.08, 0.15], [3])",-0.77,-0.0,-0.0,-0.0,-0.0,-0.0,-0.77,0.6806836401549242,5.260608197773829,0.07845824320262285
182,"([0.21, 0.09, 0.07, 0.08, 0.37, 0.17], [5])","([0.13, 0.2, 0.22, 0.21, 0.08, 0.15], [0])",-0.0,-0.0,-0.0,-0.0,-0.0,-0.799,-0.799,0.6806836401549242,5.378924726333025,0.07845841191674396
183,"([0.21, 0.09, 0.07, 0.08, 0.37, 0.17], [3])","([0.13, 0.2, 0.22, 0.21, 0.08, 0.15], [0])",-0.0,-0.0,-0.0,-0.9329999999999999,-0.0,-0.0,-0.9329999999999999,0.6806836401549242,5.631241254892222,0.07845858063086508
184,"([0.21, 0.09, 0.07, 0.08, 0.37, 0.17], [4])","([0.13, 0.2, 0.22, 0.21, 0.08, 0.15], [1])",-0.0,-0.0,-0.0,-0.0,-0.7120000000000001,-0.0,-0.7120000000000001,0.6806836401549242,5.662557783451419,0.0784587493449862
185,"([0.21, 0.09, 0.07, 0.08, 0.37, 0.17], [5])","([0.13, 0.2, 0.22, 0.21, 0.08, 0.15], [1])",-0.0,-0.0,-0.0,-0.0,-0.0,-0.799,-0.799,0.6806836401549242,5.780874312010615,0.07845891805910732
186,"([0.21, 0.09, 0.07, 0.08, 0.37, 0.17], [4])","([0.13, 0.2, 0.22, 0.21, 0.08, 0.15], [2])",-0.0,-0.0,-0.0,-0.0,-0.7120000000000001,-0.0,-0.7120000000000001,0.6806836401549242,5.812190840569812,0.07845908677322844
187,"([0.21, 0.09, 0.07, 0.08, 0.37, 0.17], [1])","([0.13, 0.2, 0.22, 0.21, 0.08, 0.15], [2])",-0.0,-0.9079999999999999,-0.0,-0.0,-0.0,-0.0,-0.9079999999999999,0.6806836401549242,6.039507369129009,0.07845925548734956
188,"([0.21, 0.09, 0.07, 0.08, 0.37, 0.17], [5])","([0.13, 0.2, 0.22, 0.21, 0.08, 0.15], [5])",-0.0,-0.0,-0.0,-0.0,-0.0,-0.0,0.0,0.6806836401549242,5.358823897688206,0.07845942420147067
189,"([0.21, 0.09, 0.07, 0.08, 0.37, 0.17], [2])","([0.13, 0.2, 0.22, 0.21, 0.08, 0.15], [0])",-0.0,-0.0,-0.9620000000000001,-0.0,-0.0,-0.0,-0.9620000000000001,0.6806836401549242,5.640140426247402,0.07845959291559179
190,"([0.21, 0.09, 0.07, 0.08, 0.37, 0.17], [4])","([0.13, 0.2, 0.22, 0.21, 0.08, 0.15], [2])",-0.0,-0.0,-0.0,-0.0,-0.7120000000000001,-0.0,-0.7120000000000001,0.6806836401549242,5.671456954806599,0.07845976162971291
191,"([0.21, 0.09, 0.07, 0.08, 0.37, 0.17], [4])","([0.13, 0.2, 0.22, 0.21, 0.08, 0.15], [5])",-0.0,-0.0,-0.0,-0.0,-0.7120000000000001,-0.0,-0.7120000000000001,0.6806836401549242,5.702773483365796,0.07845993034383403
192,"([0.21, 0.09, 0.07, 0.08, 0.37, 0.17], [4])","([0.13, 0.2, 0.22, 0.21, 0.08, 0.15], [2])",-0.0,-0.0,-0.0,-0.0,-0.7120000000000001,-0.0,-0.7120000000000001,0.6806836401549242,5.734090011924993,0.07846009905795515
193,"([0.21, 0.09, 0.07, 0.08, 0.37, 0.17], [1])","([0.13, 0.2, 0.22, 0.21, 0.08, 0.15], [5])",-0.0,-0.9079999999999999,-0.0,-0.0,-0.0,-0.0,-0.9079999999999999,0.6806836401549242,5.961406540484189,0.07846026777207626
194,"([0.21, 0.09, 0.07, 0.08, 0.37, 0.17], [0])","([0.13, 0.2, 0.22, 0.21, 0.08, 0.15], [2])",-0.77,-0.0,-0.0,-0.0,-0.0,-0.0,-0.77,0.6806836401549242,6.050723069043386,0.07846043648619738
195,"([0.21, 0.09, 0.07, 0.08, 0.37, 0.17], [2])","([0.13, 0.2, 0.22, 0.21, 0.08, 0.15], [1])",-0.0,-0.0,-0.9620000000000001,-0.0,-0.0,-0.0,-0.9620000000000001,0.6806836401549242,6.3320395976025825,0.0784606052003185
196,"([0.21, 0.09, 0.07, 0.08, 0.37, 0.17], [4])","([0.13, 0.2, 0.22, 0.21, 0.08, 0.15], [1])",-0.0,-0.0,-0.0,-0.0,-0.7120000000000001,-0.0,-0.7120000000000001,0.6806836401549242,6.363356126161779,0.07846077391443962
197,"([0.21, 0.09, 0.07, 0.08, 0.37, 0.17], [4])","([0.13, 0.2, 0.22, 0.21, 0.08, 0.15], [2])",-0.0,-0.0,-0.0,-0.0,-0.7120000000000001,-0.0,-0.7120000000000001,0.6806836401549242,6.394672654720976,0.07846094262856074
198,"([0.21, 0.09, 0.07, 0.08, 0.37, 0.17], [5])","([0.13, 0.2, 0.22, 0.21, 0.08, 0.15], [2])",-0.0,-0.0,-0.0,-0.0,-0.0,-0.799,-0.799,0.6806836401549242,6.5129891832801725,0.07846111134268186
199,"([0.21, 0.09, 0.07, 0.08, 0.37, 0.17], [4])","([0.13, 0.2, 0.22, 0.21, 0.08, 0.15], [1])",-0.0,-0.0,-0.0,-0.0,-0.7120000000000001,-0.0,-0.7120000000000001,0.6806836401549242,6.544305711839369,0.07846128005680297
