,suqr-1,FB-0,feedback target 0,feedback target 1,feedback target 2,feedback target 3,feedback target 4,total,exp_loss,actual_regret,exp_regret
0,"([0.25, 0.0, 0.28, 0.23, 0.24], [0])","([0, 1, 0, 0, 0], [1])",-0.831,-0.0,-0.0,-0.0,-0.0,-0.831,0.8508851310168466,0.15636268426511657,0.1762478152819632
1,"([0.0, 0.26, 0.27, 0.23, 0.24], [4])","([1, 0, 0, 0, 0], [0])",-0.0,-0.0,-0.0,-0.0,-0.804,-0.804,0.8696485068625475,0.2857253685302332,0.3712590064096273
2,"([0.0, 0.26, 0.27, 0.23, 0.24], [4])","([1, 0, 0, 0, 0], [0])",-0.0,-0.0,-0.0,-0.0,-0.804,-0.804,0.8696485068625475,0.4150880527953499,0.5662701975372914
3,"([0.2, 0.16, 0.13, 0.28, 0.22], [2])","([0.19, 0.23, 0.27, 0.13, 0.17], [1])",-0.0,-0.0,-0.997,-0.0,-0.0,-0.997,0.6746834897181453,0.7374507370604665,0.5663163715205533
4,"([0.0, 0.26, 0.27, 0.23, 0.24], [1])","([1, 0, 0, 0, 0], [0])",-0.0,-0.905,-0.0,-0.0,-0.0,-0.905,0.8696485068625475,0.9678134213255831,0.7613275626482173
5,"([0.2, 0.16, 0.13, 0.28, 0.22], [4])","([0.19, 0.23, 0.27, 0.13, 0.17], [1])",-0.0,-0.0,-0.0,-0.0,-0.804,-0.804,0.6746834897181453,1.0971761055907,0.7613737366314792
6,"([0.2, 0.16, 0.13, 0.28, 0.22], [3])","([0.19, 0.23, 0.27, 0.13, 0.17], [4])",-0.0,-0.0,-0.0,-0.747,-0.0,-0.747,0.6746834897181453,1.1695387898558165,0.7614199106147411
7,"([0.2, 0.16, 0.13, 0.28, 0.22], [1])","([0.19, 0.23, 0.27, 0.13, 0.17], [0])",-0.0,-0.905,-0.0,-0.0,-0.0,-0.905,0.6746834897181453,1.399901474120933,0.761466084598003
8,"([0.2, 0.16, 0.13, 0.28, 0.22], [0])","([0.19, 0.23, 0.27, 0.13, 0.17], [1])",-0.831,-0.0,-0.0,-0.0,-0.0,-0.831,0.6746834897181453,1.5562641583860497,0.7615122585812649
9,"([0.2, 0.16, 0.13, 0.28, 0.22], [2])","([0.19, 0.23, 0.27, 0.13, 0.17], [2])",-0.0,-0.0,-0.0,-0.0,-0.0,0.0,0.6746834897181453,0.8816268426511663,0.7615584325645268
10,"([0.0, 0.26, 0.27, 0.23, 0.24], [1])","([1, 0, 0, 0, 0], [0])",-0.0,-0.905,-0.0,-0.0,-0.0,-0.905,0.8696485068625475,1.111989526916283,0.9565696236921909
11,"([0.2, 0.16, 0.13, 0.28, 0.22], [4])","([0.19, 0.23, 0.27, 0.13, 0.17], [4])",-0.0,-0.0,-0.0,-0.0,-0.0,0.0,0.6746834897181453,0.43735221118139955,0.9566157976754528
12,"([0.2, 0.16, 0.13, 0.28, 0.22], [4])","([0.19, 0.23, 0.27, 0.13, 0.17], [2])",-0.0,-0.0,-0.0,-0.0,-0.804,-0.804,0.6746834897181453,0.5667148954465162,0.9566619716587147
13,"([0.2, 0.16, 0.13, 0.28, 0.22], [1])","([0.19, 0.23, 0.27, 0.13, 0.17], [3])",-0.0,-0.905,-0.0,-0.0,-0.0,-0.905,0.6746834897181453,0.7970775797116328,0.9567081456419766
14,"([0.2, 0.16, 0.13, 0.28, 0.22], [3])","([0.19, 0.23, 0.27, 0.13, 0.17], [3])",-0.0,-0.0,-0.0,-0.0,-0.0,0.0,0.6746834897181453,0.12244026397674945,0.9567543196252385
15,"([0.2, 0.16, 0.13, 0.28, 0.22], [3])","([0.19, 0.23, 0.27, 0.13, 0.17], [2])",-0.0,-0.0,-0.0,-0.747,-0.0,-0.747,0.6746834897181453,0.19480294824186606,0.9568004936085004
16,"([0.2, 0.16, 0.13, 0.28, 0.22], [1])","([0.19, 0.23, 0.27, 0.13, 0.17], [4])",-0.0,-0.905,-0.0,-0.0,-0.0,-0.905,0.6746834897181453,0.4251656325069827,0.9568466675917623
17,"([0.2, 0.16, 0.13, 0.28, 0.22], [3])","([0.19, 0.23, 0.27, 0.13, 0.17], [3])",-0.0,-0.0,-0.0,-0.0,-0.0,0.0,0.6746834897181453,-0.2494716832279007,0.9568928415750242
18,"([0.2, 0.16, 0.13, 0.28, 0.22], [3])","([0.19, 0.23, 0.27, 0.13, 0.17], [2])",-0.0,-0.0,-0.0,-0.747,-0.0,-0.747,0.6746834897181453,-0.1771089989627841,0.9569390155582861
19,"([0.2, 0.16, 0.13, 0.28, 0.22], [2])","([0.19, 0.23, 0.27, 0.13, 0.17], [2])",-0.0,-0.0,-0.0,-0.0,-0.0,0.0,0.6746834897181453,-0.8517463146976675,0.956985189541548
20,"([0.2, 0.16, 0.13, 0.28, 0.22], [0])","([0.19, 0.23, 0.27, 0.13, 0.17], [0])",-0.0,-0.0,-0.0,-0.0,-0.0,0.0,0.6746834897181453,-1.5263836304325509,0.9570313635248099
21,"([0.2, 0.16, 0.13, 0.28, 0.22], [1])","([0.19, 0.23, 0.27, 0.13, 0.17], [2])",-0.0,-0.905,-0.0,-0.0,-0.0,-0.905,0.6746834897181453,-1.2960209461674341,0.9570775375080718
22,"([0.2, 0.16, 0.13, 0.28, 0.22], [0])","([0.19, 0.23, 0.27, 0.13, 0.17], [0])",-0.0,-0.0,-0.0,-0.0,-0.0,0.0,0.6746834897181453,-1.9706582619023174,0.9571237114913337
23,"([0.2, 0.16, 0.13, 0.28, 0.22], [3])","([0.19, 0.23, 0.27, 0.13, 0.17], [2])",-0.0,-0.0,-0.0,-0.747,-0.0,-0.747,0.6746834897181453,-1.8982955776372008,0.9571698854745956
24,"([0.2, 0.16, 0.13, 0.28, 0.22], [0])","([0.19, 0.23, 0.27, 0.13, 0.17], [3])",-0.831,-0.0,-0.0,-0.0,-0.0,-0.831,0.6746834897181453,-1.7419328933720841,0.9572160594578575
25,"([0.2, 0.16, 0.13, 0.28, 0.22], [1])","([0.19, 0.23, 0.27, 0.13, 0.17], [1])",-0.0,-0.0,-0.0,-0.0,-0.0,0.0,0.6746834897181453,-2.4165702091069674,0.9572622334411194
26,"([0.2, 0.16, 0.13, 0.28, 0.22], [3])","([0.19, 0.23, 0.27, 0.13, 0.17], [4])",-0.0,-0.0,-0.0,-0.747,-0.0,-0.747,0.6746834897181453,-2.344207524841851,0.9573084074243813
27,"([0.2, 0.16, 0.13, 0.28, 0.22], [2])","([0.19, 0.23, 0.27, 0.13, 0.17], [1])",-0.0,-0.0,-0.997,-0.0,-0.0,-0.997,0.6746834897181453,-2.021844840576734,0.9573545814076432
28,"([0.2, 0.16, 0.13, 0.28, 0.22], [2])","([0.19, 0.23, 0.27, 0.13, 0.17], [2])",-0.0,-0.0,-0.0,-0.0,-0.0,0.0,0.6746834897181453,-2.6964821563116175,0.9574007553909051
29,"([0.2, 0.16, 0.13, 0.28, 0.22], [0])","([0.19, 0.23, 0.27, 0.13, 0.17], [2])",-0.831,-0.0,-0.0,-0.0,-0.0,-0.831,0.6746834897181453,-2.540119472046501,0.957446929374167
30,"([0.2, 0.16, 0.13, 0.28, 0.22], [2])","([0.19, 0.23, 0.27, 0.13, 0.17], [2])",-0.0,-0.0,-0.0,-0.0,-0.0,0.0,0.6746834897181453,-3.214756787781384,0.9574931033574289
31,"([0.2, 0.16, 0.13, 0.28, 0.22], [2])","([0.19, 0.23, 0.27, 0.13, 0.17], [2])",-0.0,-0.0,-0.0,-0.0,-0.0,0.0,0.6746834897181453,-3.8893941035162674,0.9575392773406908
32,"([0.2, 0.16, 0.13, 0.28, 0.22], [4])","([0.19, 0.23, 0.27, 0.13, 0.17], [1])",-0.0,-0.0,-0.0,-0.0,-0.804,-0.804,0.6746834897181453,-3.760031419251151,0.9575854513239527
33,"([0.2, 0.16, 0.13, 0.28, 0.22], [1])","([0.19, 0.23, 0.27, 0.13, 0.17], [4])",-0.0,-0.905,-0.0,-0.0,-0.0,-0.905,0.6746834897181453,-3.5296687349860343,0.9576316253072146
34,"([0.2, 0.16, 0.13, 0.28, 0.22], [0])","([0.19, 0.23, 0.27, 0.13, 0.17], [0])",-0.0,-0.0,-0.0,-0.0,-0.0,0.0,0.6746834897181453,-4.204306050720918,0.9576777992904765
35,"([0.2, 0.16, 0.13, 0.28, 0.22], [3])","([0.19, 0.23, 0.27, 0.13, 0.17], [2])",-0.0,-0.0,-0.0,-0.747,-0.0,-0.747,0.6746834897181453,-4.131943366455801,0.9577239732737384
36,"([0.2, 0.16, 0.13, 0.28, 0.22], [0])","([0.19, 0.23, 0.27, 0.13, 0.17], [0])",-0.0,-0.0,-0.0,-0.0,-0.0,0.0,0.6746834897181453,-4.806580682190685,0.9577701472570003
37,"([0.2, 0.16, 0.13, 0.28, 0.22], [3])","([0.19, 0.23, 0.27, 0.13, 0.17], [4])",-0.0,-0.0,-0.0,-0.747,-0.0,-0.747,0.6746834897181453,-4.734217997925568,0.9578163212402622
38,"([0.2, 0.16, 0.13, 0.28, 0.22], [3])","([0.19, 0.23, 0.27, 0.13, 0.17], [4])",-0.0,-0.0,-0.0,-0.747,-0.0,-0.747,0.6746834897181453,-4.6618553136604515,0.9578624952235241
39,"([0.2, 0.16, 0.13, 0.28, 0.22], [3])","([0.19, 0.23, 0.27, 0.13, 0.17], [2])",-0.0,-0.0,-0.0,-0.747,-0.0,-0.747,0.6746834897181453,-4.589492629395335,0.957908669206786
40,"([0.2, 0.16, 0.13, 0.28, 0.22], [3])","([0.19, 0.23, 0.27, 0.13, 0.17], [3])",-0.0,-0.0,-0.0,-0.0,-0.0,0.0,0.6746834897181453,-5.264129945130218,0.9579548431900479
41,"([0.2, 0.16, 0.13, 0.28, 0.22], [3])","([0.19, 0.23, 0.27, 0.13, 0.17], [0])",-0.0,-0.0,-0.0,-0.747,-0.0,-0.747,0.6746834897181453,-5.1917672608651015,0.9580010171733098
42,"([0.2, 0.16, 0.13, 0.28, 0.22], [2])","([0.19, 0.23, 0.27, 0.13, 0.17], [4])",-0.0,-0.0,-0.997,-0.0,-0.0,-0.997,0.6746834897181453,-4.869404576599985,0.9580471911565717
43,"([0.2, 0.16, 0.13, 0.28, 0.22], [2])","([0.19, 0.23, 0.27, 0.13, 0.17], [1])",-0.0,-0.0,-0.997,-0.0,-0.0,-0.997,0.6746834897181453,-4.547041892334868,0.9580933651398336
44,"([0.2, 0.16, 0.13, 0.28, 0.22], [2])","([0.19, 0.23, 0.27, 0.13, 0.17], [0])",-0.0,-0.0,-0.997,-0.0,-0.0,-0.997,0.6746834897181453,-4.224679208069752,0.9581395391230955
45,"([0.2, 0.16, 0.13, 0.28, 0.22], [3])","([0.19, 0.23, 0.27, 0.13, 0.17], [0])",-0.0,-0.0,-0.0,-0.747,-0.0,-0.747,0.6746834897181453,-4.152316523804635,0.9581857131063574
46,"([0.2, 0.16, 0.13, 0.28, 0.22], [2])","([0.19, 0.23, 0.27, 0.13, 0.17], [3])",-0.0,-0.0,-0.997,-0.0,-0.0,-0.997,0.6746834897181453,-3.8299538395395185,0.9582318870896193
47,"([0.2, 0.16, 0.13, 0.28, 0.22], [0])","([0.19, 0.23, 0.27, 0.13, 0.17], [1])",-0.831,-0.0,-0.0,-0.0,-0.0,-0.831,0.6746834897181453,-3.673591155274402,0.9582780610728812
48,"([0.2, 0.16, 0.13, 0.28, 0.22], [0])","([0.19, 0.23, 0.27, 0.13, 0.17], [0])",-0.0,-0.0,-0.0,-0.0,-0.0,0.0,0.6746834897181453,-4.348228471009286,0.9583242350561431
49,"([0.2, 0.16, 0.13, 0.28, 0.22], [3])","([0.19, 0.23, 0.27, 0.13, 0.17], [2])",-0.0,-0.0,-0.0,-0.747,-0.0,-0.747,0.6746834897181453,-4.275865786744169,0.958370409039405
50,"([0.2, 0.16, 0.13, 0.28, 0.22], [3])","([0.19, 0.23, 0.27, 0.13, 0.17], [1])",-0.0,-0.0,-0.0,-0.747,-0.0,-0.747,0.6746834897181453,-4.203503102479052,0.9584165830226669
51,"([0.2, 0.16, 0.13, 0.28, 0.22], [0])","([0.19, 0.23, 0.27, 0.13, 0.17], [3])",-0.831,-0.0,-0.0,-0.0,-0.0,-0.831,0.6746834897181453,-4.047140418213936,0.9584627570059288
52,"([0.2, 0.16, 0.13, 0.28, 0.22], [1])","([0.19, 0.23, 0.27, 0.13, 0.17], [2])",-0.0,-0.905,-0.0,-0.0,-0.0,-0.905,0.6746834897181453,-3.8167777339488196,0.9585089309891907
53,"([0.2, 0.16, 0.13, 0.28, 0.22], [4])","([0.19, 0.23, 0.27, 0.13, 0.17], [1])",-0.0,-0.0,-0.0,-0.0,-0.804,-0.804,0.6746834897181453,-3.687415049683703,0.9585551049724526
54,"([0.2, 0.16, 0.13, 0.28, 0.22], [4])","([0.19, 0.23, 0.27, 0.13, 0.17], [2])",-0.0,-0.0,-0.0,-0.0,-0.804,-0.804,0.6746834897181453,-3.5580523654185865,0.9586012789557145
55,"([0.2, 0.16, 0.13, 0.28, 0.22], [4])","([0.19, 0.23, 0.27, 0.13, 0.17], [0])",-0.0,-0.0,-0.0,-0.0,-0.804,-0.804,0.6746834897181453,-3.42868968115347,0.9586474529389764
56,"([0.2, 0.16, 0.13, 0.28, 0.22], [3])","([0.19, 0.23, 0.27, 0.13, 0.17], [1])",-0.0,-0.0,-0.0,-0.747,-0.0,-0.747,0.6746834897181453,-3.3563269968883533,0.9586936269222383
57,"([0.2, 0.16, 0.13, 0.28, 0.22], [3])","([0.19, 0.23, 0.27, 0.13, 0.17], [4])",-0.0,-0.0,-0.0,-0.747,-0.0,-0.747,0.6746834897181453,-3.2839643126232367,0.9587398009055002
58,"([0.2, 0.16, 0.13, 0.28, 0.22], [3])","([0.19, 0.23, 0.27, 0.13, 0.17], [4])",-0.0,-0.0,-0.0,-0.747,-0.0,-0.747,0.6746834897181453,-3.21160162835812,0.958785974888762
59,"([0.2, 0.16, 0.13, 0.28, 0.22], [3])","([0.19, 0.23, 0.27, 0.13, 0.17], [1])",-0.0,-0.0,-0.0,-0.747,-0.0,-0.747,0.6746834897181453,-3.1392389440930035,0.958832148872024
60,"([0.2, 0.16, 0.13, 0.28, 0.22], [3])","([0.19, 0.23, 0.27, 0.13, 0.17], [1])",-0.0,-0.0,-0.0,-0.747,-0.0,-0.747,0.6746834897181453,-3.066876259827887,0.9588783228552858
61,"([0.2, 0.16, 0.13, 0.28, 0.22], [0])","([0.19, 0.23, 0.27, 0.13, 0.17], [2])",-0.831,-0.0,-0.0,-0.0,-0.0,-0.831,0.6746834897181453,-2.9105135755627702,0.9589244968385477
62,"([0.2, 0.16, 0.13, 0.28, 0.22], [1])","([0.19, 0.23, 0.27, 0.13, 0.17], [3])",-0.0,-0.905,-0.0,-0.0,-0.0,-0.905,0.6746834897181453,-2.6801508912976537,0.9589706708218096
63,"([0.2, 0.16, 0.13, 0.28, 0.22], [3])","([0.19, 0.23, 0.27, 0.13, 0.17], [1])",-0.0,-0.0,-0.0,-0.747,-0.0,-0.747,0.6746834897181453,-2.607788207032537,0.9590168448050715
64,"([0.2, 0.16, 0.13, 0.28, 0.22], [2])","([0.19, 0.23, 0.27, 0.13, 0.17], [1])",-0.0,-0.0,-0.997,-0.0,-0.0,-0.997,0.6746834897181453,-2.2854255227674205,0.9590630187883334
65,"([0.2, 0.16, 0.13, 0.28, 0.22], [2])","([0.19, 0.23, 0.27, 0.13, 0.17], [0])",-0.0,-0.0,-0.997,-0.0,-0.0,-0.997,0.6746834897181453,-1.963062838502304,0.9591091927715953
66,"([0.2, 0.16, 0.13, 0.28, 0.22], [3])","([0.19, 0.23, 0.27, 0.13, 0.17], [3])",-0.0,-0.0,-0.0,-0.0,-0.0,0.0,0.6746834897181453,-2.637700154237187,0.9591553667548572
67,"([0.2, 0.16, 0.13, 0.28, 0.22], [4])","([0.19, 0.23, 0.27, 0.13, 0.17], [1])",-0.0,-0.0,-0.0,-0.0,-0.804,-0.804,0.6746834897181453,-2.5083374699720706,0.9592015407381191
68,"([0.2, 0.16, 0.13, 0.28, 0.22], [1])","([0.19, 0.23, 0.27, 0.13, 0.17], [4])",-0.0,-0.905,-0.0,-0.0,-0.0,-0.905,0.6746834897181453,-2.277974785706954,0.959247714721381
69,"([0.2, 0.16, 0.13, 0.28, 0.22], [4])","([0.19, 0.23, 0.27, 0.13, 0.17], [3])",-0.0,-0.0,-0.0,-0.0,-0.804,-0.804,0.6746834897181453,-2.1486121014418376,0.9592938887046429
70,"([0.2, 0.16, 0.13, 0.28, 0.22], [0])","([0.19, 0.23, 0.27, 0.13, 0.17], [0])",-0.0,-0.0,-0.0,-0.0,-0.0,0.0,0.6746834897181453,-2.823249417176721,0.9593400626879048
71,"([0.2, 0.16, 0.13, 0.28, 0.22], [1])","([0.19, 0.23, 0.27, 0.13, 0.17], [2])",-0.0,-0.905,-0.0,-0.0,-0.0,-0.905,0.6746834897181453,-2.5928867329116043,0.9593862366711667
72,"([0.2, 0.16, 0.13, 0.28, 0.22], [0])","([0.19, 0.23, 0.27, 0.13, 0.17], [0])",-0.0,-0.0,-0.0,-0.0,-0.0,0.0,0.6746834897181453,-3.2675240486464876,0.9594324106544286
73,"([0.2, 0.16, 0.13, 0.28, 0.22], [0])","([0.19, 0.23, 0.27, 0.13, 0.17], [3])",-0.831,-0.0,-0.0,-0.0,-0.0,-0.831,0.6746834897181453,-3.111161364381371,0.9594785846376905
74,"([0.2, 0.16, 0.13, 0.28, 0.22], [3])","([0.19, 0.23, 0.27, 0.13, 0.17], [4])",-0.0,-0.0,-0.0,-0.747,-0.0,-0.747,0.6746834897181453,-3.0387986801162543,0.9595247586209524
75,"([0.2, 0.16, 0.13, 0.28, 0.22], [4])","([0.19, 0.23, 0.27, 0.13, 0.17], [2])",-0.0,-0.0,-0.0,-0.0,-0.804,-0.804,0.6746834897181453,-2.9094359958511378,0.9595709326042143
76,"([0.2, 0.16, 0.13, 0.28, 0.22], [3])","([0.19, 0.23, 0.27, 0.13, 0.17], [2])",-0.0,-0.0,-0.0,-0.747,-0.0,-0.747,0.6746834897181453,-2.837073311586021,0.9596171065874762
77,"([0.2, 0.16, 0.13, 0.28, 0.22], [0])","([0.19, 0.23, 0.27, 0.13, 0.17], [2])",-0.831,-0.0,-0.0,-0.0,-0.0,-0.831,0.6746834897181453,-2.6807106273209045,0.9596632805707381
78,"([0.2, 0.16, 0.13, 0.28, 0.22], [4])","([0.19, 0.23, 0.27, 0.13, 0.17], [3])",-0.0,-0.0,-0.0,-0.0,-0.804,-0.804,0.6746834897181453,-2.551347943055788,0.959709454554
79,"([0.2, 0.16, 0.13, 0.28, 0.22], [1])","([0.19, 0.23, 0.27, 0.13, 0.17], [1])",-0.0,-0.0,-0.0,-0.0,-0.0,0.0,0.6746834897181453,-3.225985258790671,0.9597556285372619
80,"([0.2, 0.16, 0.13, 0.28, 0.22], [4])","([0.19, 0.23, 0.27, 0.13, 0.17], [3])",-0.0,-0.0,-0.0,-0.0,-0.804,-0.804,0.6746834897181453,-3.0966225745255547,0.9598018025205238
81,"([0.2, 0.16, 0.13, 0.28, 0.22], [1])","([0.19, 0.23, 0.27, 0.13, 0.17], [2])",-0.0,-0.905,-0.0,-0.0,-0.0,-0.905,0.6746834897181453,-2.866259890260438,0.9598479765037857
82,"([0.2, 0.16, 0.13, 0.28, 0.22], [3])","([0.19, 0.23, 0.27, 0.13, 0.17], [2])",-0.0,-0.0,-0.0,-0.747,-0.0,-0.747,0.6746834897181453,-2.7938972059953215,0.9598941504870476
83,"([0.2, 0.16, 0.13, 0.28, 0.22], [3])","([0.19, 0.23, 0.27, 0.13, 0.17], [0])",-0.0,-0.0,-0.0,-0.747,-0.0,-0.747,0.6746834897181453,-2.721534521730205,0.9599403244703095
84,"([0.2, 0.16, 0.13, 0.28, 0.22], [2])","([0.19, 0.23, 0.27, 0.13, 0.17], [1])",-0.0,-0.0,-0.997,-0.0,-0.0,-0.997,0.6746834897181453,-2.3991718374650883,0.9599864984535714
85,"([0.2, 0.16, 0.13, 0.28, 0.22], [4])","([0.19, 0.23, 0.27, 0.13, 0.17], [4])",-0.0,-0.0,-0.0,-0.0,-0.0,0.0,0.6746834897181453,-3.0738091531999716,0.9600326724368333
86,"([0.2, 0.16, 0.13, 0.28, 0.22], [1])","([0.19, 0.23, 0.27, 0.13, 0.17], [3])",-0.0,-0.905,-0.0,-0.0,-0.0,-0.905,0.6746834897181453,-2.843446468934855,0.9600788464200952
87,"([0.2, 0.16, 0.13, 0.28, 0.22], [3])","([0.19, 0.23, 0.27, 0.13, 0.17], [1])",-0.0,-0.0,-0.0,-0.747,-0.0,-0.747,0.6746834897181453,-2.7710837846697385,0.9601250204033571
88,"([0.2, 0.16, 0.13, 0.28, 0.22], [4])","([0.19, 0.23, 0.27, 0.13, 0.17], [1])",-0.0,-0.0,-0.0,-0.0,-0.804,-0.804,0.6746834897181453,-2.641721100404622,0.960171194386619
89,"([0.2, 0.16, 0.13, 0.28, 0.22], [3])","([0.19, 0.23, 0.27, 0.13, 0.17], [3])",-0.0,-0.0,-0.0,-0.0,-0.0,0.0,0.6746834897181453,-3.316358416139505,0.9602173683698809
90,"([0.2, 0.16, 0.13, 0.28, 0.22], [1])","([0.19, 0.23, 0.27, 0.13, 0.17], [2])",-0.0,-0.905,-0.0,-0.0,-0.0,-0.905,0.6746834897181453,-3.0859957318743887,0.9602635423531428
91,"([0.2, 0.16, 0.13, 0.28, 0.22], [3])","([0.19, 0.23, 0.27, 0.13, 0.17], [2])",-0.0,-0.0,-0.0,-0.747,-0.0,-0.747,0.6746834897181453,-3.013633047609272,0.9603097163364047
92,"([0.2, 0.16, 0.13, 0.28, 0.22], [4])","([0.19, 0.23, 0.27, 0.13, 0.17], [3])",-0.0,-0.0,-0.0,-0.0,-0.804,-0.804,0.6746834897181453,-2.8842703633441555,0.9603558903196666
93,"([0.2, 0.16, 0.13, 0.28, 0.22], [3])","([0.19, 0.23, 0.27, 0.13, 0.17], [2])",-0.0,-0.0,-0.0,-0.747,-0.0,-0.747,0.6746834897181453,-2.811907679079039,0.9604020643029285
94,"([0.2, 0.16, 0.13, 0.28, 0.22], [0])","([0.19, 0.23, 0.27, 0.13, 0.17], [1])",-0.831,-0.0,-0.0,-0.0,-0.0,-0.831,0.6746834897181453,-2.6555449948139223,0.9604482382861904
95,"([0.2, 0.16, 0.13, 0.28, 0.22], [2])","([0.19, 0.23, 0.27, 0.13, 0.17], [2])",-0.0,-0.0,-0.0,-0.0,-0.0,0.0,0.6746834897181453,-3.3301823105488055,0.9604944122694523
96,"([0.2, 0.16, 0.13, 0.28, 0.22], [1])","([0.19, 0.23, 0.27, 0.13, 0.17], [4])",-0.0,-0.905,-0.0,-0.0,-0.0,-0.905,0.6746834897181453,-3.099819626283689,0.9605405862527142
97,"([0.2, 0.16, 0.13, 0.28, 0.22], [2])","([0.19, 0.23, 0.27, 0.13, 0.17], [4])",-0.0,-0.0,-0.997,-0.0,-0.0,-0.997,0.6746834897181453,-2.7774569420185724,0.9605867602359761
98,"([0.2, 0.16, 0.13, 0.28, 0.22], [2])","([0.19, 0.23, 0.27, 0.13, 0.17], [1])",-0.0,-0.0,-0.997,-0.0,-0.0,-0.997,0.6746834897181453,-2.455094257753456,0.960632934219238
99,"([0.2, 0.16, 0.13, 0.28, 0.22], [3])","([0.19, 0.23, 0.27, 0.13, 0.17], [3])",-0.0,-0.0,-0.0,-0.0,-0.0,0.0,0.6746834897181453,-3.129731573488339,0.9606791082024999
100,"([0.2, 0.16, 0.13, 0.28, 0.22], [0])","([0.19, 0.23, 0.27, 0.13, 0.17], [1])",-0.831,-0.0,-0.0,-0.0,-0.0,-0.831,0.6746834897181453,-2.9733688892232224,0.9607252821857618
101,"([0.2, 0.16, 0.13, 0.28, 0.22], [3])","([0.19, 0.23, 0.27, 0.13, 0.17], [2])",-0.0,-0.0,-0.0,-0.747,-0.0,-0.747,0.6746834897181453,-2.901006204958106,0.9607714561690237
102,"([0.2, 0.16, 0.13, 0.28, 0.22], [3])","([0.19, 0.23, 0.27, 0.13, 0.17], [3])",-0.0,-0.0,-0.0,-0.0,-0.0,0.0,0.6746834897181453,-3.575643520692989,0.9608176301522856
103,"([0.2, 0.16, 0.13, 0.28, 0.22], [4])","([0.19, 0.23, 0.27, 0.13, 0.17], [1])",-0.0,-0.0,-0.0,-0.0,-0.804,-0.804,0.6746834897181453,-3.4462808364278725,0.9608638041355475
104,"([0.2, 0.16, 0.13, 0.28, 0.22], [3])","([0.19, 0.23, 0.27, 0.13, 0.17], [4])",-0.0,-0.0,-0.0,-0.747,-0.0,-0.747,0.6746834897181453,-3.373918152162756,0.9609099781188094
105,"([0.2, 0.16, 0.13, 0.28, 0.22], [3])","([0.19, 0.23, 0.27, 0.13, 0.17], [2])",-0.0,-0.0,-0.0,-0.747,-0.0,-0.747,0.6746834897181453,-3.3015554678976393,0.9609561521020713
106,"([0.2, 0.16, 0.13, 0.28, 0.22], [2])","([0.19, 0.23, 0.27, 0.13, 0.17], [2])",-0.0,-0.0,-0.0,-0.0,-0.0,0.0,0.6746834897181453,-3.9761927836325226,0.9610023260853332
107,"([0.2, 0.16, 0.13, 0.28, 0.22], [4])","([0.19, 0.23, 0.27, 0.13, 0.17], [4])",-0.0,-0.0,-0.0,-0.0,-0.0,0.0,0.6746834897181453,-4.650830099367406,0.9610485000685951
108,"([0.2, 0.16, 0.13, 0.28, 0.22], [0])","([0.19, 0.23, 0.27, 0.13, 0.17], [4])",-0.831,-0.0,-0.0,-0.0,-0.0,-0.831,0.6746834897181453,-4.49446741510229,0.961094674051857
109,"([0.2, 0.16, 0.13, 0.28, 0.22], [4])","([0.19, 0.23, 0.27, 0.13, 0.17], [2])",-0.0,-0.0,-0.0,-0.0,-0.804,-0.804,0.6746834897181453,-4.365104730837173,0.9611408480351189
110,"([0.2, 0.16, 0.13, 0.28, 0.22], [2])","([0.19, 0.23, 0.27, 0.13, 0.17], [0])",-0.0,-0.0,-0.997,-0.0,-0.0,-0.997,0.6746834897181453,-4.042742046572056,0.9611870220183808
111,"([0.2, 0.16, 0.13, 0.28, 0.22], [3])","([0.19, 0.23, 0.27, 0.13, 0.17], [1])",-0.0,-0.0,-0.0,-0.747,-0.0,-0.747,0.6746834897181453,-3.9703793623069394,0.9612331960016427
112,"([0.2, 0.16, 0.13, 0.28, 0.22], [4])","([0.19, 0.23, 0.27, 0.13, 0.17], [3])",-0.0,-0.0,-0.0,-0.0,-0.804,-0.804,0.6746834897181453,-3.841016678041823,0.9612793699849046
113,"([0.2, 0.16, 0.13, 0.28, 0.22], [2])","([0.19, 0.23, 0.27, 0.13, 0.17], [4])",-0.0,-0.0,-0.997,-0.0,-0.0,-0.997,0.6746834897181453,-3.5186539937767063,0.9613255439681665
114,"([0.2, 0.16, 0.13, 0.28, 0.22], [3])","([0.19, 0.23, 0.27, 0.13, 0.17], [4])",-0.0,-0.0,-0.0,-0.747,-0.0,-0.747,0.6746834897181453,-3.4462913095115897,0.9613717179514284
115,"([0.2, 0.16, 0.13, 0.28, 0.22], [0])","([0.19, 0.23, 0.27, 0.13, 0.17], [2])",-0.831,-0.0,-0.0,-0.0,-0.0,-0.831,0.6746834897181453,-3.289928625246473,0.9614178919346903
116,"([0.2, 0.16, 0.13, 0.28, 0.22], [2])","([0.19, 0.23, 0.27, 0.13, 0.17], [2])",-0.0,-0.0,-0.0,-0.0,-0.0,0.0,0.6746834897181453,-3.9645659409813563,0.9614640659179522
117,"([0.2, 0.16, 0.13, 0.28, 0.22], [3])","([0.19, 0.23, 0.27, 0.13, 0.17], [3])",-0.0,-0.0,-0.0,-0.0,-0.0,0.0,0.6746834897181453,-4.63920325671624,0.9615102399012141
118,"([0.2, 0.16, 0.13, 0.28, 0.22], [2])","([0.19, 0.23, 0.27, 0.13, 0.17], [1])",-0.0,-0.0,-0.997,-0.0,-0.0,-0.997,0.6746834897181453,-4.316840572451123,0.961556413884476
119,"([0.2, 0.16, 0.13, 0.28, 0.22], [0])","([0.19, 0.23, 0.27, 0.13, 0.17], [4])",-0.831,-0.0,-0.0,-0.0,-0.0,-0.831,0.6746834897181453,-4.160477888186007,0.9616025878677379
120,"([0.2, 0.16, 0.13, 0.28, 0.22], [0])","([0.19, 0.23, 0.27, 0.13, 0.17], [2])",-0.831,-0.0,-0.0,-0.0,-0.0,-0.831,0.6746834897181453,-4.0041152039208905,0.9616487618509998
121,"([0.2, 0.16, 0.13, 0.28, 0.22], [0])","([0.19, 0.23, 0.27, 0.13, 0.17], [4])",-0.831,-0.0,-0.0,-0.0,-0.0,-0.831,0.6746834897181453,-3.847752519655774,0.9616949358342617
122,"([0.2, 0.16, 0.13, 0.28, 0.22], [3])","([0.19, 0.23, 0.27, 0.13, 0.17], [2])",-0.0,-0.0,-0.0,-0.747,-0.0,-0.747,0.6746834897181453,-3.775389835390657,0.9617411098175236
123,"([0.2, 0.16, 0.13, 0.28, 0.22], [3])","([0.19, 0.23, 0.27, 0.13, 0.17], [1])",-0.0,-0.0,-0.0,-0.747,-0.0,-0.747,0.6746834897181453,-3.7030271511255406,0.9617872838007855
124,"([0.2, 0.16, 0.13, 0.28, 0.22], [3])","([0.19, 0.23, 0.27, 0.13, 0.17], [0])",-0.0,-0.0,-0.0,-0.747,-0.0,-0.747,0.6746834897181453,-3.630664466860424,0.9618334577840474
125,"([0.2, 0.16, 0.13, 0.28, 0.22], [4])","([0.19, 0.23, 0.27, 0.13, 0.17], [1])",-0.0,-0.0,-0.0,-0.0,-0.804,-0.804,0.6746834897181453,-3.5013017825953074,0.9618796317673093
126,"([0.2, 0.16, 0.13, 0.28, 0.22], [3])","([0.19, 0.23, 0.27, 0.13, 0.17], [2])",-0.0,-0.0,-0.0,-0.747,-0.0,-0.747,0.6746834897181453,-3.428939098330191,0.9619258057505712
127,"([0.2, 0.16, 0.13, 0.28, 0.22], [0])","([0.19, 0.23, 0.27, 0.13, 0.17], [1])",-0.831,-0.0,-0.0,-0.0,-0.0,-0.831,0.6746834897181453,-3.272576414065074,0.9619719797338331
128,"([0.2, 0.16, 0.13, 0.28, 0.22], [4])","([0.19, 0.23, 0.27, 0.13, 0.17], [2])",-0.0,-0.0,-0.0,-0.0,-0.804,-0.804,0.6746834897181453,-3.1432137297999576,0.962018153717095
129,"([0.2, 0.16, 0.13, 0.28, 0.22], [3])","([0.19, 0.23, 0.27, 0.13, 0.17], [2])",-0.0,-0.0,-0.0,-0.747,-0.0,-0.747,0.6746834897181453,-3.070851045534841,0.9620643277003569
130,"([0.2, 0.16, 0.13, 0.28, 0.22], [2])","([0.19, 0.23, 0.27, 0.13, 0.17], [4])",-0.0,-0.0,-0.997,-0.0,-0.0,-0.997,0.6746834897181453,-2.7484883612697244,0.9621105016836188
131,"([0.2, 0.16, 0.13, 0.28, 0.22], [4])","([0.19, 0.23, 0.27, 0.13, 0.17], [0])",-0.0,-0.0,-0.0,-0.0,-0.804,-0.804,0.6746834897181453,-2.619125677004608,0.9621566756668807
132,"([0.2, 0.16, 0.13, 0.28, 0.22], [3])","([0.19, 0.23, 0.27, 0.13, 0.17], [3])",-0.0,-0.0,-0.0,-0.0,-0.0,0.0,0.6746834897181453,-3.293762992739491,0.9622028496501426
133,"([0.2, 0.16, 0.13, 0.28, 0.22], [4])","([0.19, 0.23, 0.27, 0.13, 0.17], [2])",-0.0,-0.0,-0.0,-0.0,-0.804,-0.804,0.6746834897181453,-3.1644003084743746,0.9622490236334045
134,"([0.2, 0.16, 0.13, 0.28, 0.22], [4])","([0.19, 0.23, 0.27, 0.13, 0.17], [0])",-0.0,-0.0,-0.0,-0.0,-0.804,-0.804,0.6746834897181453,-3.035037624209258,0.9622951976166664
135,"([0.2, 0.16, 0.13, 0.28, 0.22], [1])","([0.19, 0.23, 0.27, 0.13, 0.17], [4])",-0.0,-0.905,-0.0,-0.0,-0.0,-0.905,0.6746834897181453,-2.8046749399441415,0.9623413715999283
136,"([0.2, 0.16, 0.13, 0.28, 0.22], [3])","([0.19, 0.23, 0.27, 0.13, 0.17], [1])",-0.0,-0.0,-0.0,-0.747,-0.0,-0.747,0.6746834897181453,-2.732312255679025,0.9623875455831902
137,"([0.2, 0.16, 0.13, 0.28, 0.22], [4])","([0.19, 0.23, 0.27, 0.13, 0.17], [4])",-0.0,-0.0,-0.0,-0.0,-0.0,0.0,0.6746834897181453,-3.406949571413908,0.9624337195664521
138,"([0.2, 0.16, 0.13, 0.28, 0.22], [0])","([0.19, 0.23, 0.27, 0.13, 0.17], [1])",-0.831,-0.0,-0.0,-0.0,-0.0,-0.831,0.6746834897181453,-3.2505868871487915,0.962479893549714
139,"([0.2, 0.16, 0.13, 0.28, 0.22], [4])","([0.19, 0.23, 0.27, 0.13, 0.17], [1])",-0.0,-0.0,-0.0,-0.0,-0.804,-0.804,0.6746834897181453,-3.121224202883675,0.9625260675329759
140,"([0.2, 0.16, 0.13, 0.28, 0.22], [0])","([0.19, 0.23, 0.27, 0.13, 0.17], [1])",-0.831,-0.0,-0.0,-0.0,-0.0,-0.831,0.6746834897181453,-2.9648615186185583,0.9625722415162378
141,"([0.2, 0.16, 0.13, 0.28, 0.22], [3])","([0.19, 0.23, 0.27, 0.13, 0.17], [2])",-0.0,-0.0,-0.0,-0.747,-0.0,-0.747,0.6746834897181453,-2.8924988343534417,0.9626184154994997
142,"([0.2, 0.16, 0.13, 0.28, 0.22], [3])","([0.19, 0.23, 0.27, 0.13, 0.17], [4])",-0.0,-0.0,-0.0,-0.747,-0.0,-0.747,0.6746834897181453,-2.820136150088325,0.9626645894827616
143,"([0.2, 0.16, 0.13, 0.28, 0.22], [4])","([0.19, 0.23, 0.27, 0.13, 0.17], [2])",-0.0,-0.0,-0.0,-0.0,-0.804,-0.804,0.6746834897181453,-2.6907734658232085,0.9627107634660235
144,"([0.2, 0.16, 0.13, 0.28, 0.22], [1])","([0.19, 0.23, 0.27, 0.13, 0.17], [1])",-0.0,-0.0,-0.0,-0.0,-0.0,0.0,0.6746834897181453,-3.365410781558092,0.9627569374492854
145,"([0.2, 0.16, 0.13, 0.28, 0.22], [1])","([0.19, 0.23, 0.27, 0.13, 0.17], [3])",-0.0,-0.905,-0.0,-0.0,-0.0,-0.905,0.6746834897181453,-3.1350480972929753,0.9628031114325473
146,"([0.2, 0.16, 0.13, 0.28, 0.22], [2])","([0.19, 0.23, 0.27, 0.13, 0.17], [0])",-0.0,-0.0,-0.997,-0.0,-0.0,-0.997,0.6746834897181453,-2.8126854130278587,0.9628492854158092
147,"([0.2, 0.16, 0.13, 0.28, 0.22], [2])","([0.19, 0.23, 0.27, 0.13, 0.17], [2])",-0.0,-0.0,-0.0,-0.0,-0.0,0.0,0.6746834897181453,-3.487322728762742,0.9628954593990711
148,"([0.2, 0.16, 0.13, 0.28, 0.22], [0])","([0.19, 0.23, 0.27, 0.13, 0.17], [0])",-0.0,-0.0,-0.0,-0.0,-0.0,0.0,0.6746834897181453,-4.161960044497626,0.962941633382333
149,"([0.2, 0.16, 0.13, 0.28, 0.22], [0])","([0.19, 0.23, 0.27, 0.13, 0.17], [2])",-0.831,-0.0,-0.0,-0.0,-0.0,-0.831,0.6746834897181453,-4.0055973602325095,0.9629878073655949
150,"([0.2, 0.16, 0.13, 0.28, 0.22], [1])","([0.19, 0.23, 0.27, 0.13, 0.17], [1])",-0.0,-0.0,-0.0,-0.0,-0.0,0.0,0.6746834897181453,-4.680234675967393,0.9630339813488568
151,"([0.2, 0.16, 0.13, 0.28, 0.22], [2])","([0.19, 0.23, 0.27, 0.13, 0.17], [2])",-0.0,-0.0,-0.0,-0.0,-0.0,0.0,0.6746834897181453,-5.354871991702276,0.9630801553321187
152,"([0.2, 0.16, 0.13, 0.28, 0.22], [0])","([0.19, 0.23, 0.27, 0.13, 0.17], [1])",-0.831,-0.0,-0.0,-0.0,-0.0,-0.831,0.6746834897181453,-5.19850930743716,0.9631263293153806
153,"([0.2, 0.16, 0.13, 0.28, 0.22], [2])","([0.19, 0.23, 0.27, 0.13, 0.17], [2])",-0.0,-0.0,-0.0,-0.0,-0.0,0.0,0.6746834897181453,-5.873146623172043,0.9631725032986425
154,"([0.2, 0.16, 0.13, 0.28, 0.22], [3])","([0.19, 0.23, 0.27, 0.13, 0.17], [2])",-0.0,-0.0,-0.0,-0.747,-0.0,-0.747,0.6746834897181453,-5.8007839389069265,0.9632186772819044
155,"([0.2, 0.16, 0.13, 0.28, 0.22], [1])","([0.19, 0.23, 0.27, 0.13, 0.17], [0])",-0.0,-0.905,-0.0,-0.0,-0.0,-0.905,0.6746834897181453,-5.5704212546418095,0.9632648512651663
156,"([0.2, 0.16, 0.13, 0.28, 0.22], [4])","([0.19, 0.23, 0.27, 0.13, 0.17], [2])",-0.0,-0.0,-0.0,-0.0,-0.804,-0.804,0.6746834897181453,-5.4410585703766925,0.9633110252484282
157,"([0.2, 0.16, 0.13, 0.28, 0.22], [0])","([0.19, 0.23, 0.27, 0.13, 0.17], [3])",-0.831,-0.0,-0.0,-0.0,-0.0,-0.831,0.6746834897181453,-5.284695886111576,0.96335719923169
158,"([0.2, 0.16, 0.13, 0.28, 0.22], [0])","([0.19, 0.23, 0.27, 0.13, 0.17], [4])",-0.831,-0.0,-0.0,-0.0,-0.0,-0.831,0.6746834897181453,-5.12833320184646,0.963403373214952
159,"([0.2, 0.16, 0.13, 0.28, 0.22], [3])","([0.19, 0.23, 0.27, 0.13, 0.17], [1])",-0.0,-0.0,-0.0,-0.747,-0.0,-0.747,0.6746834897181453,-5.055970517581343,0.9634495471982139
160,"([0.2, 0.16, 0.13, 0.28, 0.22], [3])","([0.19, 0.23, 0.27, 0.13, 0.17], [2])",-0.0,-0.0,-0.0,-0.747,-0.0,-0.747,0.6746834897181453,-4.983607833316227,0.9634957211814758
161,"([0.2, 0.16, 0.13, 0.28, 0.22], [3])","([0.19, 0.23, 0.27, 0.13, 0.17], [0])",-0.0,-0.0,-0.0,-0.747,-0.0,-0.747,0.6746834897181453,-4.91124514905111,0.9635418951647376
162,"([0.2, 0.16, 0.13, 0.28, 0.22], [3])","([0.19, 0.23, 0.27, 0.13, 0.17], [2])",-0.0,-0.0,-0.0,-0.747,-0.0,-0.747,0.6746834897181453,-4.838882464785994,0.9635880691479995
163,"([0.2, 0.16, 0.13, 0.28, 0.22], [4])","([0.19, 0.23, 0.27, 0.13, 0.17], [3])",-0.0,-0.0,-0.0,-0.0,-0.804,-0.804,0.6746834897181453,-4.709519780520877,0.9636342431312614
164,"([0.2, 0.16, 0.13, 0.28, 0.22], [2])","([0.19, 0.23, 0.27, 0.13, 0.17], [1])",-0.0,-0.0,-0.997,-0.0,-0.0,-0.997,0.6746834897181453,-4.38715709625576,0.9636804171145233
165,"([0.2, 0.16, 0.13, 0.28, 0.22], [1])","([0.19, 0.23, 0.27, 0.13, 0.17], [1])",-0.0,-0.0,-0.0,-0.0,-0.0,0.0,0.6746834897181453,-5.061794411990643,0.9637265910977852
166,"([0.2, 0.16, 0.13, 0.28, 0.22], [4])","([0.19, 0.23, 0.27, 0.13, 0.17], [0])",-0.0,-0.0,-0.0,-0.0,-0.804,-0.804,0.6746834897181453,-4.932431727725526,0.9637727650810471
167,"([0.2, 0.16, 0.13, 0.28, 0.22], [2])","([0.19, 0.23, 0.27, 0.13, 0.17], [3])",-0.0,-0.0,-0.997,-0.0,-0.0,-0.997,0.6746834897181453,-4.61006904346041,0.963818939064309
168,"([0.2, 0.16, 0.13, 0.28, 0.22], [4])","([0.19, 0.23, 0.27, 0.13, 0.17], [2])",-0.0,-0.0,-0.0,-0.0,-0.804,-0.804,0.6746834897181453,-4.480706359195293,0.9638651130475709
169,"([0.2, 0.16, 0.13, 0.28, 0.22], [4])","([0.19, 0.23, 0.27, 0.13, 0.17], [3])",-0.0,-0.0,-0.0,-0.0,-0.804,-0.804,0.6746834897181453,-4.351343674930176,0.9639112870308328
170,"([0.2, 0.16, 0.13, 0.28, 0.22], [0])","([0.19, 0.23, 0.27, 0.13, 0.17], [0])",-0.0,-0.0,-0.0,-0.0,-0.0,0.0,0.6746834897181453,-5.025980990665059,0.9639574610140947
171,"([0.2, 0.16, 0.13, 0.28, 0.22], [3])","([0.19, 0.23, 0.27, 0.13, 0.17], [4])",-0.0,-0.0,-0.0,-0.747,-0.0,-0.747,0.6746834897181453,-4.953618306399942,0.9640036349973566
172,"([0.2, 0.16, 0.13, 0.28, 0.22], [1])","([0.19, 0.23, 0.27, 0.13, 0.17], [4])",-0.0,-0.905,-0.0,-0.0,-0.0,-0.905,0.6746834897181453,-4.723255622134825,0.9640498089806185
173,"([0.2, 0.16, 0.13, 0.28, 0.22], [3])","([0.19, 0.23, 0.27, 0.13, 0.17], [1])",-0.0,-0.0,-0.0,-0.747,-0.0,-0.747,0.6746834897181453,-4.650892937869709,0.9640959829638804
174,"([0.2, 0.16, 0.13, 0.28, 0.22], [0])","([0.19, 0.23, 0.27, 0.13, 0.17], [1])",-0.831,-0.0,-0.0,-0.0,-0.0,-0.831,0.6746834897181453,-4.494530253604593,0.9641421569471423
175,"([0.2, 0.16, 0.13, 0.28, 0.22], [4])","([0.19, 0.23, 0.27, 0.13, 0.17], [1])",-0.0,-0.0,-0.0,-0.0,-0.804,-0.804,0.6746834897181453,-4.365167569339476,0.9641883309304042
176,"([0.2, 0.16, 0.13, 0.28, 0.22], [1])","([0.19, 0.23, 0.27, 0.13, 0.17], [1])",-0.0,-0.0,-0.0,-0.0,-0.0,0.0,0.6746834897181453,-5.039804885074359,0.9642345049136661
177,"([0.2, 0.16, 0.13, 0.28, 0.22], [3])","([0.19, 0.23, 0.27, 0.13, 0.17], [2])",-0.0,-0.0,-0.0,-0.747,-0.0,-0.747,0.6746834897181453,-4.967442200809242,0.964280678896928
178,"([0.2, 0.16, 0.13, 0.28, 0.22], [0])","([0.19, 0.23, 0.27, 0.13, 0.17], [1])",-0.831,-0.0,-0.0,-0.0,-0.0,-0.831,0.6746834897181453,-4.811079516544126,0.9643268528801899
179,"([0.2, 0.16, 0.13, 0.28, 0.22], [1])","([0.19, 0.23, 0.27, 0.13, 0.17], [2])",-0.0,-0.905,-0.0,-0.0,-0.0,-0.905,0.6746834897181453,-4.580716832279009,0.9643730268634518
180,"([0.2, 0.16, 0.13, 0.28, 0.22], [3])","([0.19, 0.23, 0.27, 0.13, 0.17], [4])",-0.0,-0.0,-0.0,-0.747,-0.0,-0.747,0.6746834897181453,-4.5083541480138924,0.9644192008467137
181,"([0.2, 0.16, 0.13, 0.28, 0.22], [0])","([0.19, 0.23, 0.27, 0.13, 0.17], [1])",-0.831,-0.0,-0.0,-0.0,-0.0,-0.831,0.6746834897181453,-4.351991463748776,0.9644653748299756
182,"([0.2, 0.16, 0.13, 0.28, 0.22], [4])","([0.19, 0.23, 0.27, 0.13, 0.17], [3])",-0.0,-0.0,-0.0,-0.0,-0.804,-0.804,0.6746834897181453,-4.222628779483659,0.9645115488132375
183,"([0.2, 0.16, 0.13, 0.28, 0.22], [2])","([0.19, 0.23, 0.27, 0.13, 0.17], [2])",-0.0,-0.0,-0.0,-0.0,-0.0,0.0,0.6746834897181453,-4.8972660952185425,0.9645577227964994
184,"([0.2, 0.16, 0.13, 0.28, 0.22], [4])","([0.19, 0.23, 0.27, 0.13, 0.17], [1])",-0.0,-0.0,-0.0,-0.0,-0.804,-0.804,0.6746834897181453,-4.7679034109534255,0.9646038967797613
185,"([0.2, 0.16, 0.13, 0.28, 0.22], [3])","([0.19, 0.23, 0.27, 0.13, 0.17], [1])",-0.0,-0.0,-0.0,-0.747,-0.0,-0.747,0.6746834897181453,-4.695540726688309,0.9646500707630232
186,"([0.2, 0.16, 0.13, 0.28, 0.22], [1])","([0.19, 0.23, 0.27, 0.13, 0.17], [2])",-0.0,-0.905,-0.0,-0.0,-0.0,-0.905,0.6746834897181453,-4.465178042423192,0.9646962447462851
187,"([0.2, 0.16, 0.13, 0.28, 0.22], [1])","([0.19, 0.23, 0.27, 0.13, 0.17], [4])",-0.0,-0.905,-0.0,-0.0,-0.0,-0.905,0.6746834897181453,-4.234815358158075,0.964742418729547
188,"([0.2, 0.16, 0.13, 0.28, 0.22], [3])","([0.19, 0.23, 0.27, 0.13, 0.17], [3])",-0.0,-0.0,-0.0,-0.0,-0.0,0.0,0.6746834897181453,-4.909452673892958,0.9647885927128089
189,"([0.2, 0.16, 0.13, 0.28, 0.22], [3])","([0.19, 0.23, 0.27, 0.13, 0.17], [1])",-0.0,-0.0,-0.0,-0.747,-0.0,-0.747,0.6746834897181453,-4.837089989627842,0.9648347666960708
190,"([0.2, 0.16, 0.13, 0.28, 0.22], [4])","([0.19, 0.23, 0.27, 0.13, 0.17], [4])",-0.0,-0.0,-0.0,-0.0,-0.0,0.0,0.6746834897181453,-5.511727305362725,0.9648809406793327
191,"([0.2, 0.16, 0.13, 0.28, 0.22], [0])","([0.19, 0.23, 0.27, 0.13, 0.17], [3])",-0.831,-0.0,-0.0,-0.0,-0.0,-0.831,0.6746834897181453,-5.355364621097609,0.9649271146625946
192,"([0.2, 0.16, 0.13, 0.28, 0.22], [4])","([0.19, 0.23, 0.27, 0.13, 0.17], [0])",-0.0,-0.0,-0.0,-0.0,-0.804,-0.804,0.6746834897181453,-5.226001936832492,0.9649732886458565
193,"([0.2, 0.16, 0.13, 0.28, 0.22], [0])","([0.19, 0.23, 0.27, 0.13, 0.17], [1])",-0.831,-0.0,-0.0,-0.0,-0.0,-0.831,0.6746834897181453,-5.0696392525673755,0.9650194626291184
194,"([0.2, 0.16, 0.13, 0.28, 0.22], [0])","([0.19, 0.23, 0.27, 0.13, 0.17], [1])",-0.831,-0.0,-0.0,-0.0,-0.0,-0.831,0.6746834897181453,-4.913276568302259,0.9650656366123803
195,"([0.2, 0.16, 0.13, 0.28, 0.22], [4])","([0.19, 0.23, 0.27, 0.13, 0.17], [2])",-0.0,-0.0,-0.0,-0.0,-0.804,-0.804,0.6746834897181453,-4.783913884037142,0.9651118105956422
196,"([0.2, 0.16, 0.13, 0.28, 0.22], [2])","([0.19, 0.23, 0.27, 0.13, 0.17], [1])",-0.0,-0.0,-0.997,-0.0,-0.0,-0.997,0.6746834897181453,-4.461551199772026,0.9651579845789041
197,"([0.2, 0.16, 0.13, 0.28, 0.22], [1])","([0.19, 0.23, 0.27, 0.13, 0.17], [1])",-0.0,-0.0,-0.0,-0.0,-0.0,0.0,0.6746834897181453,-5.136188515506909,0.965204158562166
198,"([0.2, 0.16, 0.13, 0.28, 0.22], [1])","([0.19, 0.23, 0.27, 0.13, 0.17], [1])",-0.0,-0.0,-0.0,-0.0,-0.0,0.0,0.6746834897181453,-5.810825831241792,0.9652503325454279
199,"([0.2, 0.16, 0.13, 0.28, 0.22], [2])","([0.19, 0.23, 0.27, 0.13, 0.17], [1])",-0.0,-0.0,-0.997,-0.0,-0.0,-0.997,0.6746834897181453,-5.488463146976676,0.9652965065286898
200,"([0.2, 0.16, 0.13, 0.28, 0.22], [1])","([0.19, 0.23, 0.27, 0.13, 0.17], [1])",-0.0,-0.0,-0.0,-0.0,-0.0,0.0,0.6746834897181453,-6.163100462711559,0.9653426805119517
201,"([0.2, 0.16, 0.13, 0.28, 0.22], [1])","([0.19, 0.23, 0.27, 0.13, 0.17], [4])",-0.0,-0.905,-0.0,-0.0,-0.0,-0.905,0.6746834897181453,-5.932737778446442,0.9653888544952136
202,"([0.2, 0.16, 0.13, 0.28, 0.22], [3])","([0.19, 0.23, 0.27, 0.13, 0.17], [3])",-0.0,-0.0,-0.0,-0.0,-0.0,0.0,0.6746834897181453,-6.607375094181325,0.9654350284784755
203,"([0.2, 0.16, 0.13, 0.28, 0.22], [1])","([0.19, 0.23, 0.27, 0.13, 0.17], [1])",-0.0,-0.0,-0.0,-0.0,-0.0,0.0,0.6746834897181453,-7.2820124099162085,0.9654812024617374
204,"([0.2, 0.16, 0.13, 0.28, 0.22], [4])","([0.19, 0.23, 0.27, 0.13, 0.17], [1])",-0.0,-0.0,-0.0,-0.0,-0.804,-0.804,0.6746834897181453,-7.1526497256510915,0.9655273764449993
205,"([0.2, 0.16, 0.13, 0.28, 0.22], [3])","([0.19, 0.23, 0.27, 0.13, 0.17], [4])",-0.0,-0.0,-0.0,-0.747,-0.0,-0.747,0.6746834897181453,-7.080287041385975,0.9655735504282612
206,"([0.2, 0.16, 0.13, 0.28, 0.22], [4])","([0.19, 0.23, 0.27, 0.13, 0.17], [1])",-0.0,-0.0,-0.0,-0.0,-0.804,-0.804,0.6746834897181453,-6.950924357120858,0.9656197244115231
207,"([0.2, 0.16, 0.13, 0.28, 0.22], [2])","([0.19, 0.23, 0.27, 0.13, 0.17], [2])",-0.0,-0.0,-0.0,-0.0,-0.0,0.0,0.6746834897181453,-7.625561672855741,0.965665898394785
208,"([0.2, 0.16, 0.13, 0.28, 0.22], [3])","([0.19, 0.23, 0.27, 0.13, 0.17], [4])",-0.0,-0.0,-0.0,-0.747,-0.0,-0.747,0.6746834897181453,-7.5531989885906246,0.9657120723780469
209,"([0.2, 0.16, 0.13, 0.28, 0.22], [2])","([0.19, 0.23, 0.27, 0.13, 0.17], [3])",-0.0,-0.0,-0.997,-0.0,-0.0,-0.997,0.6746834897181453,-7.230836304325508,0.9657582463613088
210,"([0.2, 0.16, 0.13, 0.28, 0.22], [4])","([0.19, 0.23, 0.27, 0.13, 0.17], [2])",-0.0,-0.0,-0.0,-0.0,-0.804,-0.804,0.6746834897181453,-7.101473620060391,0.9658044203445707
211,"([0.2, 0.16, 0.13, 0.28, 0.22], [0])","([0.19, 0.23, 0.27, 0.13, 0.17], [4])",-0.831,-0.0,-0.0,-0.0,-0.0,-0.831,0.6746834897181453,-6.945110935795275,0.9658505943278326
212,"([0.2, 0.16, 0.13, 0.28, 0.22], [0])","([0.19, 0.23, 0.27, 0.13, 0.17], [3])",-0.831,-0.0,-0.0,-0.0,-0.0,-0.831,0.6746834897181453,-6.7887482515301585,0.9658967683110945
213,"([0.2, 0.16, 0.13, 0.28, 0.22], [0])","([0.19, 0.23, 0.27, 0.13, 0.17], [3])",-0.831,-0.0,-0.0,-0.0,-0.0,-0.831,0.6746834897181453,-6.632385567265042,0.9659429422943564
214,"([0.2, 0.16, 0.13, 0.28, 0.22], [3])","([0.19, 0.23, 0.27, 0.13, 0.17], [0])",-0.0,-0.0,-0.0,-0.747,-0.0,-0.747,0.6746834897181453,-6.560022882999926,0.9659891162776183
215,"([0.2, 0.16, 0.13, 0.28, 0.22], [2])","([0.19, 0.23, 0.27, 0.13, 0.17], [1])",-0.0,-0.0,-0.997,-0.0,-0.0,-0.997,0.6746834897181453,-6.237660198734809,0.9660352902608802
216,"([0.2, 0.16, 0.13, 0.28, 0.22], [0])","([0.19, 0.23, 0.27, 0.13, 0.17], [3])",-0.831,-0.0,-0.0,-0.0,-0.0,-0.831,0.6746834897181453,-6.081297514469693,0.9660814642441421
217,"([0.2, 0.16, 0.13, 0.28, 0.22], [3])","([0.19, 0.23, 0.27, 0.13, 0.17], [2])",-0.0,-0.0,-0.0,-0.747,-0.0,-0.747,0.6746834897181453,-6.008934830204576,0.966127638227404
218,"([0.2, 0.16, 0.13, 0.28, 0.22], [0])","([0.19, 0.23, 0.27, 0.13, 0.17], [2])",-0.831,-0.0,-0.0,-0.0,-0.0,-0.831,0.6746834897181453,-5.85257214593946,0.9661738122106659
219,"([0.2, 0.16, 0.13, 0.28, 0.22], [4])","([0.19, 0.23, 0.27, 0.13, 0.17], [4])",-0.0,-0.0,-0.0,-0.0,-0.0,0.0,0.6746834897181453,-6.527209461674343,0.9662199861939278
220,"([0.2, 0.16, 0.13, 0.28, 0.22], [3])","([0.19, 0.23, 0.27, 0.13, 0.17], [1])",-0.0,-0.0,-0.0,-0.747,-0.0,-0.747,0.6746834897181453,-6.454846777409227,0.9662661601771897
221,"([0.2, 0.16, 0.13, 0.28, 0.22], [1])","([0.19, 0.23, 0.27, 0.13, 0.17], [4])",-0.0,-0.905,-0.0,-0.0,-0.0,-0.905,0.6746834897181453,-6.22448409314411,0.9663123341604516
222,"([0.2, 0.16, 0.13, 0.28, 0.22], [0])","([0.19, 0.23, 0.27, 0.13, 0.17], [3])",-0.831,-0.0,-0.0,-0.0,-0.0,-0.831,0.6746834897181453,-6.068121408878993,0.9663585081437135
223,"([0.2, 0.16, 0.13, 0.28, 0.22], [1])","([0.19, 0.23, 0.27, 0.13, 0.17], [4])",-0.0,-0.905,-0.0,-0.0,-0.0,-0.905,0.6746834897181453,-5.8377587246138765,0.9664046821269754
224,"([0.2, 0.16, 0.13, 0.28, 0.22], [3])","([0.19, 0.23, 0.27, 0.13, 0.17], [1])",-0.0,-0.0,-0.0,-0.747,-0.0,-0.747,0.6746834897181453,-5.76539604034876,0.9664508561102373
225,"([0.2, 0.16, 0.13, 0.28, 0.22], [4])","([0.19, 0.23, 0.27, 0.13, 0.17], [2])",-0.0,-0.0,-0.0,-0.0,-0.804,-0.804,0.6746834897181453,-5.636033356083643,0.9664970300934992
226,"([0.2, 0.16, 0.13, 0.28, 0.22], [0])","([0.19, 0.23, 0.27, 0.13, 0.17], [2])",-0.831,-0.0,-0.0,-0.0,-0.0,-0.831,0.6746834897181453,-5.479670671818527,0.9665432040767611
227,"([0.2, 0.16, 0.13, 0.28, 0.22], [4])","([0.19, 0.23, 0.27, 0.13, 0.17], [2])",-0.0,-0.0,-0.0,-0.0,-0.804,-0.804,0.6746834897181453,-5.35030798755341,0.966589378060023
228,"([0.2, 0.16, 0.13, 0.28, 0.22], [2])","([0.19, 0.23, 0.27, 0.13, 0.17], [4])",-0.0,-0.0,-0.997,-0.0,-0.0,-0.997,0.6746834897181453,-5.027945303288293,0.9666355520432849
229,"([0.2, 0.16, 0.13, 0.28, 0.22], [0])","([0.19, 0.23, 0.27, 0.13, 0.17], [3])",-0.831,-0.0,-0.0,-0.0,-0.0,-0.831,0.6746834897181453,-4.871582619023177,0.9666817260265468
230,"([0.2, 0.16, 0.13, 0.28, 0.22], [3])","([0.19, 0.23, 0.27, 0.13, 0.17], [4])",-0.0,-0.0,-0.0,-0.747,-0.0,-0.747,0.6746834897181453,-4.79921993475806,0.9667279000098087
231,"([0.2, 0.16, 0.13, 0.28, 0.22], [4])","([0.19, 0.23, 0.27, 0.13, 0.17], [1])",-0.0,-0.0,-0.0,-0.0,-0.804,-0.804,0.6746834897181453,-4.669857250492943,0.9667740739930706
232,"([0.2, 0.16, 0.13, 0.28, 0.22], [2])","([0.19, 0.23, 0.27, 0.13, 0.17], [1])",-0.0,-0.0,-0.997,-0.0,-0.0,-0.997,0.6746834897181453,-4.347494566227827,0.9668202479763325
233,"([0.2, 0.16, 0.13, 0.28, 0.22], [3])","([0.19, 0.23, 0.27, 0.13, 0.17], [1])",-0.0,-0.0,-0.0,-0.747,-0.0,-0.747,0.6746834897181453,-4.27513188196271,0.9668664219595944
234,"([0.2, 0.16, 0.13, 0.28, 0.22], [0])","([0.19, 0.23, 0.27, 0.13, 0.17], [1])",-0.831,-0.0,-0.0,-0.0,-0.0,-0.831,0.6746834897181453,-4.118769197697594,0.9669125959428563
235,"([0.2, 0.16, 0.13, 0.28, 0.22], [0])","([0.19, 0.23, 0.27, 0.13, 0.17], [3])",-0.831,-0.0,-0.0,-0.0,-0.0,-0.831,0.6746834897181453,-3.962406513432477,0.9669587699261182
236,"([0.2, 0.16, 0.13, 0.28, 0.22], [3])","([0.19, 0.23, 0.27, 0.13, 0.17], [0])",-0.0,-0.0,-0.0,-0.747,-0.0,-0.747,0.6746834897181453,-3.8900438291673605,0.9670049439093801
237,"([0.2, 0.16, 0.13, 0.28, 0.22], [4])","([0.19, 0.23, 0.27, 0.13, 0.17], [3])",-0.0,-0.0,-0.0,-0.0,-0.804,-0.804,0.6746834897181453,-3.760681144902244,0.967051117892642
238,"([0.2, 0.16, 0.13, 0.28, 0.22], [4])","([0.19, 0.23, 0.27, 0.13, 0.17], [4])",-0.0,-0.0,-0.0,-0.0,-0.0,0.0,0.6746834897181453,-4.435318460637127,0.9670972918759039
239,"([0.2, 0.16, 0.13, 0.28, 0.22], [3])","([0.19, 0.23, 0.27, 0.13, 0.17], [1])",-0.0,-0.0,-0.0,-0.747,-0.0,-0.747,0.6746834897181453,-4.362955776372011,0.9671434658591658
240,"([0.2, 0.16, 0.13, 0.28, 0.22], [3])","([0.19, 0.23, 0.27, 0.13, 0.17], [3])",-0.0,-0.0,-0.0,-0.0,-0.0,0.0,0.6746834897181453,-5.037593092106894,0.9671896398424277
241,"([0.2, 0.16, 0.13, 0.28, 0.22], [4])","([0.19, 0.23, 0.27, 0.13, 0.17], [2])",-0.0,-0.0,-0.0,-0.0,-0.804,-0.804,0.6746834897181453,-4.908230407841777,0.9672358138256896
242,"([0.2, 0.16, 0.13, 0.28, 0.22], [3])","([0.19, 0.23, 0.27, 0.13, 0.17], [2])",-0.0,-0.0,-0.0,-0.747,-0.0,-0.747,0.6746834897181453,-4.83586772357666,0.9672819878089515
243,"([0.2, 0.16, 0.13, 0.28, 0.22], [3])","([0.19, 0.23, 0.27, 0.13, 0.17], [2])",-0.0,-0.0,-0.0,-0.747,-0.0,-0.747,0.6746834897181453,-4.763505039311544,0.9673281617922134
244,"([0.2, 0.16, 0.13, 0.28, 0.22], [0])","([0.19, 0.23, 0.27, 0.13, 0.17], [1])",-0.831,-0.0,-0.0,-0.0,-0.0,-0.831,0.6746834897181453,-4.607142355046427,0.9673743357754753
245,"([0.2, 0.16, 0.13, 0.28, 0.22], [0])","([0.19, 0.23, 0.27, 0.13, 0.17], [3])",-0.831,-0.0,-0.0,-0.0,-0.0,-0.831,0.6746834897181453,-4.450779670781311,0.9674205097587372
246,"([0.2, 0.16, 0.13, 0.28, 0.22], [4])","([0.19, 0.23, 0.27, 0.13, 0.17], [1])",-0.0,-0.0,-0.0,-0.0,-0.804,-0.804,0.6746834897181453,-4.321416986516194,0.9674666837419991
247,"([0.2, 0.16, 0.13, 0.28, 0.22], [1])","([0.19, 0.23, 0.27, 0.13, 0.17], [1])",-0.0,-0.0,-0.0,-0.0,-0.0,0.0,0.6746834897181453,-4.9960543022510775,0.967512857725261
248,"([0.2, 0.16, 0.13, 0.28, 0.22], [3])","([0.19, 0.23, 0.27, 0.13, 0.17], [1])",-0.0,-0.0,-0.0,-0.747,-0.0,-0.747,0.6746834897181453,-4.923691617985961,0.9675590317085229
249,"([0.2, 0.16, 0.13, 0.28, 0.22], [2])","([0.19, 0.23, 0.27, 0.13, 0.17], [2])",-0.0,-0.0,-0.0,-0.0,-0.0,0.0,0.6746834897181453,-5.598328933720844,0.9676052056917848
250,"([0.2, 0.16, 0.13, 0.28, 0.22], [4])","([0.19, 0.23, 0.27, 0.13, 0.17], [1])",-0.0,-0.0,-0.0,-0.0,-0.804,-0.804,0.6746834897181453,-5.468966249455727,0.9676513796750467
251,"([0.2, 0.16, 0.13, 0.28, 0.22], [4])","([0.19, 0.23, 0.27, 0.13, 0.17], [2])",-0.0,-0.0,-0.0,-0.0,-0.804,-0.804,0.6746834897181453,-5.33960356519061,0.9676975536583086
252,"([0.2, 0.16, 0.13, 0.28, 0.22], [4])","([0.19, 0.23, 0.27, 0.13, 0.17], [2])",-0.0,-0.0,-0.0,-0.0,-0.804,-0.804,0.6746834897181453,-5.210240880925493,0.9677437276415705
253,"([0.2, 0.16, 0.13, 0.28, 0.22], [0])","([0.19, 0.23, 0.27, 0.13, 0.17], [0])",-0.0,-0.0,-0.0,-0.0,-0.0,0.0,0.6746834897181453,-5.8848781966603765,0.9677899016248324
254,"([0.2, 0.16, 0.13, 0.28, 0.22], [0])","([0.19, 0.23, 0.27, 0.13, 0.17], [1])",-0.831,-0.0,-0.0,-0.0,-0.0,-0.831,0.6746834897181453,-5.72851551239526,0.9678360756080943
255,"([0.2, 0.16, 0.13, 0.28, 0.22], [4])","([0.19, 0.23, 0.27, 0.13, 0.17], [1])",-0.0,-0.0,-0.0,-0.0,-0.804,-0.804,0.6746834897181453,-5.599152828130143,0.9678822495913562
256,"([0.2, 0.16, 0.13, 0.28, 0.22], [3])","([0.19, 0.23, 0.27, 0.13, 0.17], [4])",-0.0,-0.0,-0.0,-0.747,-0.0,-0.747,0.6746834897181453,-5.526790143865027,0.9679284235746181
257,"([0.2, 0.16, 0.13, 0.28, 0.22], [1])","([0.19, 0.23, 0.27, 0.13, 0.17], [1])",-0.0,-0.0,-0.0,-0.0,-0.0,0.0,0.6746834897181453,-6.20142745959991,0.96797459755788
258,"([0.2, 0.16, 0.13, 0.28, 0.22], [0])","([0.19, 0.23, 0.27, 0.13, 0.17], [3])",-0.831,-0.0,-0.0,-0.0,-0.0,-0.831,0.6746834897181453,-6.045064775334794,0.9680207715411419
259,"([0.2, 0.16, 0.13, 0.28, 0.22], [4])","([0.19, 0.23, 0.27, 0.13, 0.17], [3])",-0.0,-0.0,-0.0,-0.0,-0.804,-0.804,0.6746834897181453,-5.915702091069677,0.9680669455244038
260,"([0.2, 0.16, 0.13, 0.28, 0.22], [2])","([0.19, 0.23, 0.27, 0.13, 0.17], [2])",-0.0,-0.0,-0.0,-0.0,-0.0,0.0,0.6746834897181453,-6.59033940680456,0.9681131195076657
261,"([0.2, 0.16, 0.13, 0.28, 0.22], [2])","([0.19, 0.23, 0.27, 0.13, 0.17], [2])",-0.0,-0.0,-0.0,-0.0,-0.0,0.0,0.6746834897181453,-7.264976722539443,0.9681592934909276
262,"([0.2, 0.16, 0.13, 0.28, 0.22], [0])","([0.19, 0.23, 0.27, 0.13, 0.17], [0])",-0.0,-0.0,-0.0,-0.0,-0.0,0.0,0.6746834897181453,-7.9396140382743265,0.9682054674741895
263,"([0.2, 0.16, 0.13, 0.28, 0.22], [4])","([0.19, 0.23, 0.27, 0.13, 0.17], [0])",-0.0,-0.0,-0.0,-0.0,-0.804,-0.804,0.6746834897181453,-7.81025135400921,0.9682516414574514
264,"([0.2, 0.16, 0.13, 0.28, 0.22], [1])","([0.19, 0.23, 0.27, 0.13, 0.17], [2])",-0.0,-0.905,-0.0,-0.0,-0.0,-0.905,0.6746834897181453,-7.579888669744093,0.9682978154407132
265,"([0.2, 0.16, 0.13, 0.28, 0.22], [3])","([0.19, 0.23, 0.27, 0.13, 0.17], [2])",-0.0,-0.0,-0.0,-0.747,-0.0,-0.747,0.6746834897181453,-7.507525985478976,0.9683439894239751
266,"([0.2, 0.16, 0.13, 0.28, 0.22], [0])","([0.19, 0.23, 0.27, 0.13, 0.17], [1])",-0.831,-0.0,-0.0,-0.0,-0.0,-0.831,0.6746834897181453,-7.35116330121386,0.968390163407237
267,"([0.2, 0.16, 0.13, 0.28, 0.22], [0])","([0.19, 0.23, 0.27, 0.13, 0.17], [3])",-0.831,-0.0,-0.0,-0.0,-0.0,-0.831,0.6746834897181453,-7.1948006169487435,0.968436337390499
268,"([0.2, 0.16, 0.13, 0.28, 0.22], [0])","([0.19, 0.23, 0.27, 0.13, 0.17], [0])",-0.0,-0.0,-0.0,-0.0,-0.0,0.0,0.6746834897181453,-7.869437932683627,0.9684825113737608
269,"([0.2, 0.16, 0.13, 0.28, 0.22], [4])","([0.19, 0.23, 0.27, 0.13, 0.17], [2])",-0.0,-0.0,-0.0,-0.0,-0.804,-0.804,0.6746834897181453,-7.74007524841851,0.9685286853570227
270,"([0.2, 0.16, 0.13, 0.28, 0.22], [2])","([0.19, 0.23, 0.27, 0.13, 0.17], [4])",-0.0,-0.0,-0.997,-0.0,-0.0,-0.997,0.6746834897181453,-7.417712564153393,0.9685748593402846
271,"([0.2, 0.16, 0.13, 0.28, 0.22], [3])","([0.19, 0.23, 0.27, 0.13, 0.17], [1])",-0.0,-0.0,-0.0,-0.747,-0.0,-0.747,0.6746834897181453,-7.345349879888277,0.9686210333235465
272,"([0.2, 0.16, 0.13, 0.28, 0.22], [0])","([0.19, 0.23, 0.27, 0.13, 0.17], [2])",-0.831,-0.0,-0.0,-0.0,-0.0,-0.831,0.6746834897181453,-7.18898719562316,0.9686672073068084
273,"([0.2, 0.16, 0.13, 0.28, 0.22], [1])","([0.19, 0.23, 0.27, 0.13, 0.17], [4])",-0.0,-0.905,-0.0,-0.0,-0.0,-0.905,0.6746834897181453,-6.958624511358043,0.9687133812900703
274,"([0.2, 0.16, 0.13, 0.28, 0.22], [3])","([0.19, 0.23, 0.27, 0.13, 0.17], [2])",-0.0,-0.0,-0.0,-0.747,-0.0,-0.747,0.6746834897181453,-6.886261827092927,0.9687595552733322
275,"([0.2, 0.16, 0.13, 0.28, 0.22], [3])","([0.19, 0.23, 0.27, 0.13, 0.17], [1])",-0.0,-0.0,-0.0,-0.747,-0.0,-0.747,0.6746834897181453,-6.81389914282781,0.9688057292565941
276,"([0.2, 0.16, 0.13, 0.28, 0.22], [4])","([0.19, 0.23, 0.27, 0.13, 0.17], [1])",-0.0,-0.0,-0.0,-0.0,-0.804,-0.804,0.6746834897181453,-6.684536458562693,0.968851903239856
277,"([0.2, 0.16, 0.13, 0.28, 0.22], [4])","([0.19, 0.23, 0.27, 0.13, 0.17], [1])",-0.0,-0.0,-0.0,-0.0,-0.804,-0.804,0.6746834897181453,-6.555173774297576,0.9688980772231179
278,"([0.2, 0.16, 0.13, 0.28, 0.22], [1])","([0.19, 0.23, 0.27, 0.13, 0.17], [2])",-0.0,-0.905,-0.0,-0.0,-0.0,-0.905,0.6746834897181453,-6.324811090032459,0.9689442512063798
279,"([0.2, 0.16, 0.13, 0.28, 0.22], [0])","([0.19, 0.23, 0.27, 0.13, 0.17], [2])",-0.831,-0.0,-0.0,-0.0,-0.0,-0.831,0.6746834897181453,-6.168448405767343,0.9689904251896417
280,"([0.2, 0.16, 0.13, 0.28, 0.22], [4])","([0.19, 0.23, 0.27, 0.13, 0.17], [2])",-0.0,-0.0,-0.0,-0.0,-0.804,-0.804,0.6746834897181453,-6.039085721502226,0.9690365991729036
281,"([0.2, 0.16, 0.13, 0.28, 0.22], [2])","([0.19, 0.23, 0.27, 0.13, 0.17], [1])",-0.0,-0.0,-0.997,-0.0,-0.0,-0.997,0.6746834897181453,-5.716723037237109,0.9690827731561655
282,"([0.2, 0.16, 0.13, 0.28, 0.22], [1])","([0.19, 0.23, 0.27, 0.13, 0.17], [3])",-0.0,-0.905,-0.0,-0.0,-0.0,-0.905,0.6746834897181453,-5.486360352971992,0.9691289471394274
283,"([0.2, 0.16, 0.13, 0.28, 0.22], [0])","([0.19, 0.23, 0.27, 0.13, 0.17], [0])",-0.0,-0.0,-0.0,-0.0,-0.0,0.0,0.6746834897181453,-6.160997668706876,0.9691751211226893
284,"([0.2, 0.16, 0.13, 0.28, 0.22], [3])","([0.19, 0.23, 0.27, 0.13, 0.17], [1])",-0.0,-0.0,-0.0,-0.747,-0.0,-0.747,0.6746834897181453,-6.088634984441759,0.9692212951059512
285,"([0.2, 0.16, 0.13, 0.28, 0.22], [2])","([0.19, 0.23, 0.27, 0.13, 0.17], [2])",-0.0,-0.0,-0.0,-0.0,-0.0,0.0,0.6746834897181453,-6.763272300176642,0.9692674690892131
286,"([0.2, 0.16, 0.13, 0.28, 0.22], [3])","([0.19, 0.23, 0.27, 0.13, 0.17], [1])",-0.0,-0.0,-0.0,-0.747,-0.0,-0.747,0.6746834897181453,-6.690909615911526,0.969313643072475
287,"([0.2, 0.16, 0.13, 0.28, 0.22], [3])","([0.19, 0.23, 0.27, 0.13, 0.17], [2])",-0.0,-0.0,-0.0,-0.747,-0.0,-0.747,0.6746834897181453,-6.618546931646409,0.9693598170557369
288,"([0.2, 0.16, 0.13, 0.28, 0.22], [4])","([0.19, 0.23, 0.27, 0.13, 0.17], [3])",-0.0,-0.0,-0.0,-0.0,-0.804,-0.804,0.6746834897181453,-6.489184247381292,0.9694059910389988
289,"([0.2, 0.16, 0.13, 0.28, 0.22], [2])","([0.19, 0.23, 0.27, 0.13, 0.17], [2])",-0.0,-0.0,-0.0,-0.0,-0.0,0.0,0.6746834897181453,-7.1638215631161755,0.9694521650222607
290,"([0.2, 0.16, 0.13, 0.28, 0.22], [1])","([0.19, 0.23, 0.27, 0.13, 0.17], [1])",-0.0,-0.0,-0.0,-0.0,-0.0,0.0,0.6746834897181453,-7.838458878851059,0.9694983390055226
291,"([0.2, 0.16, 0.13, 0.28, 0.22], [4])","([0.19, 0.23, 0.27, 0.13, 0.17], [2])",-0.0,-0.0,-0.0,-0.0,-0.804,-0.804,0.6746834897181453,-7.709096194585942,0.9695445129887845
292,"([0.2, 0.16, 0.13, 0.28, 0.22], [4])","([0.19, 0.23, 0.27, 0.13, 0.17], [1])",-0.0,-0.0,-0.0,-0.0,-0.804,-0.804,0.6746834897181453,-7.579733510320825,0.9695906869720464
293,"([0.2, 0.16, 0.13, 0.28, 0.22], [3])","([0.19, 0.23, 0.27, 0.13, 0.17], [1])",-0.0,-0.0,-0.0,-0.747,-0.0,-0.747,0.6746834897181453,-7.507370826055708,0.9696368609553083
294,"([0.2, 0.16, 0.13, 0.28, 0.22], [3])","([0.19, 0.23, 0.27, 0.13, 0.17], [4])",-0.0,-0.0,-0.0,-0.747,-0.0,-0.747,0.6746834897181453,-7.4350081417905916,0.9696830349385702
295,"([0.2, 0.16, 0.13, 0.28, 0.22], [3])","([0.19, 0.23, 0.27, 0.13, 0.17], [2])",-0.0,-0.0,-0.0,-0.747,-0.0,-0.747,0.6746834897181453,-7.362645457525475,0.9697292089218321
296,"([0.2, 0.16, 0.13, 0.28, 0.22], [4])","([0.19, 0.23, 0.27, 0.13, 0.17], [2])",-0.0,-0.0,-0.0,-0.0,-0.804,-0.804,0.6746834897181453,-7.233282773260358,0.969775382905094
297,"([0.2, 0.16, 0.13, 0.28, 0.22], [0])","([0.19, 0.23, 0.27, 0.13, 0.17], [1])",-0.831,-0.0,-0.0,-0.0,-0.0,-0.831,0.6746834897181453,-7.076920088995242,0.9698215568883559
298,"([0.2, 0.16, 0.13, 0.28, 0.22], [3])","([0.19, 0.23, 0.27, 0.13, 0.17], [0])",-0.0,-0.0,-0.0,-0.747,-0.0,-0.747,0.6746834897181453,-7.004557404730125,0.9698677308716178
299,"([0.2, 0.16, 0.13, 0.28, 0.22], [0])","([0.19, 0.23, 0.27, 0.13, 0.17], [1])",-0.831,-0.0,-0.0,-0.0,-0.0,-0.831,0.6746834897181453,-6.848194720465009,0.9699139048548797
