,suqr-1,FB-0,feedback target 0,feedback target 1,feedback target 2,feedback target 3,feedback target 4,total,exp_loss,actual_regret,exp_regret
0,"([0.0, 0.26, 0.27, 0.23, 0.24], [1])","([1, 0, 0, 0, 0], [0])",-0.0,-0.905,-0.0,-0.0,-0.0,-0.905,0.8696485068625475,0.23036268426511664,0.19501119112766407
1,"([0.25, 0.0, 0.28, 0.23, 0.24], [2])","([0, 1, 0, 0, 0], [1])",-0.0,-0.0,-0.997,-0.0,-0.0,-0.997,0.8508851310168466,0.5527253685302332,0.3712590064096273
2,"([0.25, 0.0, 0.28, 0.23, 0.24], [4])","([0, 1, 0, 0, 0], [1])",-0.0,-0.0,-0.0,-0.0,-0.804,-0.804,0.8508851310168466,0.6820880527953499,0.5475068216915905
3,"([0.2, 0.16, 0.13, 0.28, 0.22], [0])","([0.19, 0.23, 0.27, 0.13, 0.17], [4])",-0.831,-0.0,-0.0,-0.0,-0.0,-0.831,0.6746835648762668,0.8384507370604665,0.5475530708329739
4,"([0.2, 0.16, 0.13, 0.28, 0.22], [2])","([0.19, 0.23, 0.27, 0.13, 0.17], [1])",-0.0,-0.0,-0.997,-0.0,-0.0,-0.997,0.6746835648762668,1.160813421325583,0.5475993199743573
5,"([0.2, 0.16, 0.13, 0.28, 0.22], [2])","([0.19, 0.23, 0.27, 0.13, 0.17], [4])",-0.0,-0.0,-0.997,-0.0,-0.0,-0.997,0.6746835648762668,1.4831761055906996,0.5476455691157407
6,"([0.0, 0.26, 0.27, 0.23, 0.24], [4])","([1, 0, 0, 0, 0], [0])",-0.0,-0.0,-0.0,-0.0,-0.804,-0.804,0.8696485068625475,1.6125387898558161,0.7426567602434048
7,"([0.2, 0.16, 0.13, 0.28, 0.22], [2])","([0.19, 0.23, 0.27, 0.13, 0.17], [2])",-0.0,-0.0,-0.0,-0.0,-0.0,0.0,0.6746835648762668,0.9379014741209327,0.7427030093847882
8,"([0.0, 0.26, 0.27, 0.23, 0.24], [4])","([1, 0, 0, 0, 0], [0])",-0.0,-0.0,-0.0,-0.0,-0.804,-0.804,0.8696485068625475,1.0672641583860494,0.9377142005124522
9,"([0.0, 0.26, 0.27, 0.23, 0.24], [1])","([1, 0, 0, 0, 0], [0])",-0.0,-0.905,-0.0,-0.0,-0.0,-0.905,0.8696485068625475,1.297626842651166,1.1327253916401163
10,"([0.2, 0.16, 0.13, 0.28, 0.22], [4])","([0.19, 0.23, 0.27, 0.13, 0.17], [1])",-0.0,-0.0,-0.0,-0.0,-0.804,-0.804,0.6746835648762668,1.4269895269162824,1.1327716407814998
11,"([0.2, 0.16, 0.13, 0.28, 0.22], [3])","([0.19, 0.23, 0.27, 0.13, 0.17], [2])",-0.0,-0.0,-0.0,-0.747,-0.0,-0.747,0.6746835648762668,1.499352211181399,1.1328178899228831
12,"([0.2, 0.16, 0.13, 0.28, 0.22], [1])","([0.19, 0.23, 0.27, 0.13, 0.17], [0])",-0.0,-0.905,-0.0,-0.0,-0.0,-0.905,0.6746835648762668,1.7297148954465156,1.1328641390642664
13,"([0.2, 0.16, 0.13, 0.28, 0.22], [2])","([0.19, 0.23, 0.27, 0.13, 0.17], [2])",-0.0,-0.0,-0.0,-0.0,-0.0,0.0,0.6746835648762668,1.0550775797116323,1.1329103882056497
14,"([0.2, 0.16, 0.13, 0.28, 0.22], [1])","([0.19, 0.23, 0.27, 0.13, 0.17], [2])",-0.0,-0.905,-0.0,-0.0,-0.0,-0.905,0.6746835648762668,1.2854402639767488,1.132956637347033
15,"([0.2, 0.16, 0.13, 0.28, 0.22], [4])","([0.19, 0.23, 0.27, 0.13, 0.17], [4])",-0.0,-0.0,-0.0,-0.0,-0.0,0.0,0.6746835648762668,0.6108029482418654,1.1330028864884163
16,"([0.2, 0.16, 0.13, 0.28, 0.22], [4])","([0.19, 0.23, 0.27, 0.13, 0.17], [3])",-0.0,-0.0,-0.0,-0.0,-0.804,-0.804,0.6746835648762668,0.7401656325069821,1.1330491356297996
17,"([0.2, 0.16, 0.13, 0.28, 0.22], [2])","([0.19, 0.23, 0.27, 0.13, 0.17], [2])",-0.0,-0.0,-0.0,-0.0,-0.0,0.0,0.6746835648762668,0.0655283167720987,1.1330953847711829
18,"([0.2, 0.16, 0.13, 0.28, 0.22], [3])","([0.19, 0.23, 0.27, 0.13, 0.17], [2])",-0.0,-0.0,-0.0,-0.747,-0.0,-0.747,0.6746835648762668,0.1378910010372153,1.1331416339125662
19,"([0.2, 0.16, 0.13, 0.28, 0.22], [1])","([0.19, 0.23, 0.27, 0.13, 0.17], [1])",-0.0,-0.0,-0.0,-0.0,-0.0,0.0,0.6746835648762668,-0.5367463146976681,1.1331878830539495
20,"([0.2, 0.16, 0.13, 0.28, 0.22], [1])","([0.19, 0.23, 0.27, 0.13, 0.17], [2])",-0.0,-0.905,-0.0,-0.0,-0.0,-0.905,0.6746835648762668,-0.30638363043255146,1.1332341321953328
21,"([0.2, 0.16, 0.13, 0.28, 0.22], [3])","([0.19, 0.23, 0.27, 0.13, 0.17], [0])",-0.0,-0.0,-0.0,-0.747,-0.0,-0.747,0.6746835648762668,-0.23402094616743485,1.133280381336716
22,"([0.2, 0.16, 0.13, 0.28, 0.22], [2])","([0.19, 0.23, 0.27, 0.13, 0.17], [3])",-0.0,-0.0,-0.997,-0.0,-0.0,-0.997,0.6746835648762668,0.08834173809768175,1.1333266304780993
23,"([0.2, 0.16, 0.13, 0.28, 0.22], [0])","([0.19, 0.23, 0.27, 0.13, 0.17], [4])",-0.831,-0.0,-0.0,-0.0,-0.0,-0.831,0.6746835648762668,0.24470442236279832,1.1333728796194826
24,"([0.2, 0.16, 0.13, 0.28, 0.22], [0])","([0.19, 0.23, 0.27, 0.13, 0.17], [4])",-0.831,-0.0,-0.0,-0.0,-0.0,-0.831,0.6746835648762668,0.4010671066279149,1.133419128760866
25,"([0.2, 0.16, 0.13, 0.28, 0.22], [3])","([0.19, 0.23, 0.27, 0.13, 0.17], [4])",-0.0,-0.0,-0.0,-0.747,-0.0,-0.747,0.6746835648762668,0.4734297908930315,1.1334653779022492
26,"([0.2, 0.16, 0.13, 0.28, 0.22], [1])","([0.19, 0.23, 0.27, 0.13, 0.17], [2])",-0.0,-0.905,-0.0,-0.0,-0.0,-0.905,0.6746835648762668,0.7037924751581481,1.1335116270436325
27,"([0.2, 0.16, 0.13, 0.28, 0.22], [3])","([0.19, 0.23, 0.27, 0.13, 0.17], [4])",-0.0,-0.0,-0.0,-0.747,-0.0,-0.747,0.6746835648762668,0.7761551594232647,1.1335578761850158
28,"([0.2, 0.16, 0.13, 0.28, 0.22], [4])","([0.19, 0.23, 0.27, 0.13, 0.17], [3])",-0.0,-0.0,-0.0,-0.0,-0.804,-0.804,0.6746835648762668,0.9055178436883814,1.133604125326399
29,"([0.2, 0.16, 0.13, 0.28, 0.22], [4])","([0.19, 0.23, 0.27, 0.13, 0.17], [0])",-0.0,-0.0,-0.0,-0.0,-0.804,-0.804,0.6746835648762668,1.034880527953498,1.1336503744677824
30,"([0.2, 0.16, 0.13, 0.28, 0.22], [0])","([0.19, 0.23, 0.27, 0.13, 0.17], [2])",-0.831,-0.0,-0.0,-0.0,-0.0,-0.831,0.6746835648762668,1.1912432122186147,1.1336966236091657
31,"([0.2, 0.16, 0.13, 0.28, 0.22], [0])","([0.19, 0.23, 0.27, 0.13, 0.17], [0])",-0.0,-0.0,-0.0,-0.0,-0.0,0.0,0.6746835648762668,0.5166058964837313,1.133742872750549
32,"([0.2, 0.16, 0.13, 0.28, 0.22], [1])","([0.19, 0.23, 0.27, 0.13, 0.17], [1])",-0.0,-0.0,-0.0,-0.0,-0.0,0.0,0.6746835648762668,-0.15803141925115205,1.1337891218919323
33,"([0.2, 0.16, 0.13, 0.28, 0.22], [1])","([0.19, 0.23, 0.27, 0.13, 0.17], [1])",-0.0,-0.0,-0.0,-0.0,-0.0,0.0,0.6746835648762668,-0.8326687349860354,1.1338353710333156
34,"([0.2, 0.16, 0.13, 0.28, 0.22], [1])","([0.19, 0.23, 0.27, 0.13, 0.17], [0])",-0.0,-0.905,-0.0,-0.0,-0.0,-0.905,0.6746835648762668,-0.6023060507209188,1.1338816201746988
35,"([0.2, 0.16, 0.13, 0.28, 0.22], [1])","([0.19, 0.23, 0.27, 0.13, 0.17], [4])",-0.0,-0.905,-0.0,-0.0,-0.0,-0.905,0.6746835648762668,-0.37194336645580217,1.1339278693160821
36,"([0.2, 0.16, 0.13, 0.28, 0.22], [4])","([0.19, 0.23, 0.27, 0.13, 0.17], [3])",-0.0,-0.0,-0.0,-0.0,-0.804,-0.804,0.6746835648762668,-0.24258068219068551,1.1339741184574654
37,"([0.2, 0.16, 0.13, 0.28, 0.22], [4])","([0.19, 0.23, 0.27, 0.13, 0.17], [0])",-0.0,-0.0,-0.0,-0.0,-0.804,-0.804,0.6746835648762668,-0.11321799792556886,1.1340203675988487
38,"([0.2, 0.16, 0.13, 0.28, 0.22], [0])","([0.19, 0.23, 0.27, 0.13, 0.17], [1])",-0.831,-0.0,-0.0,-0.0,-0.0,-0.831,0.6746835648762668,0.04314468633954771,1.134066616740232
39,"([0.2, 0.16, 0.13, 0.28, 0.22], [0])","([0.19, 0.23, 0.27, 0.13, 0.17], [1])",-0.831,-0.0,-0.0,-0.0,-0.0,-0.831,0.6746835648762668,0.19950737060466428,1.1341128658816153
40,"([0.0, 0.26, 0.27, 0.23, 0.24], [3])","([1, 0, 0, 0, 0], [0])",-0.0,-0.0,-0.0,-0.747,-0.0,-0.747,0.8696485068625475,0.2718700548697809,1.3291240570092793
41,"([0.2, 0.16, 0.13, 0.28, 0.22], [3])","([0.19, 0.23, 0.27, 0.13, 0.17], [1])",-0.0,-0.0,-0.0,-0.747,-0.0,-0.747,0.6746835648762668,0.3442327391348975,1.3291703061506626
42,"([0.2, 0.16, 0.13, 0.28, 0.22], [0])","([0.19, 0.23, 0.27, 0.13, 0.17], [1])",-0.831,-0.0,-0.0,-0.0,-0.0,-0.831,0.6746835648762668,0.5005954234000141,1.3292165552920459
43,"([0.2, 0.16, 0.13, 0.28, 0.22], [3])","([0.19, 0.23, 0.27, 0.13, 0.17], [2])",-0.0,-0.0,-0.0,-0.747,-0.0,-0.747,0.6746835648762668,0.5729581076651307,1.3292628044334291
44,"([0.2, 0.16, 0.13, 0.28, 0.22], [3])","([0.19, 0.23, 0.27, 0.13, 0.17], [2])",-0.0,-0.0,-0.0,-0.747,-0.0,-0.747,0.6746835648762668,0.6453207919302473,1.3293090535748124
45,"([0.2, 0.16, 0.13, 0.28, 0.22], [0])","([0.19, 0.23, 0.27, 0.13, 0.17], [1])",-0.831,-0.0,-0.0,-0.0,-0.0,-0.831,0.6746835648762668,0.8016834761953638,1.3293553027161957
46,"([0.2, 0.16, 0.13, 0.28, 0.22], [4])","([0.19, 0.23, 0.27, 0.13, 0.17], [4])",-0.0,-0.0,-0.0,-0.0,-0.0,0.0,0.6746835648762668,0.12704616046048045,1.329401551857579
47,"([0.2, 0.16, 0.13, 0.28, 0.22], [3])","([0.19, 0.23, 0.27, 0.13, 0.17], [3])",-0.0,-0.0,-0.0,-0.0,-0.0,0.0,0.6746835648762668,-0.5475911552744029,1.3294478009989623
48,"([0.2, 0.16, 0.13, 0.28, 0.22], [1])","([0.19, 0.23, 0.27, 0.13, 0.17], [1])",-0.0,-0.0,-0.0,-0.0,-0.0,0.0,0.6746835648762668,-1.2222284710092863,1.3294940501403456
49,"([0.2, 0.16, 0.13, 0.28, 0.22], [0])","([0.19, 0.23, 0.27, 0.13, 0.17], [0])",-0.0,-0.0,-0.0,-0.0,-0.0,0.0,0.6746835648762668,-1.8968657867441698,1.329540299281729
50,"([0.2, 0.16, 0.13, 0.28, 0.22], [4])","([0.19, 0.23, 0.27, 0.13, 0.17], [1])",-0.0,-0.0,-0.0,-0.0,-0.804,-0.804,0.6746835648762668,-1.7675031024790533,1.3295865484231122
51,"([0.2, 0.16, 0.13, 0.28, 0.22], [1])","([0.19, 0.23, 0.27, 0.13, 0.17], [2])",-0.0,-0.905,-0.0,-0.0,-0.0,-0.905,0.6746835648762668,-1.5371404182139368,1.3296327975644955
52,"([0.2, 0.16, 0.13, 0.28, 0.22], [4])","([0.19, 0.23, 0.27, 0.13, 0.17], [2])",-0.0,-0.0,-0.0,-0.0,-0.804,-0.804,0.6746835648762668,-1.4077777339488202,1.3296790467058788
53,"([0.2, 0.16, 0.13, 0.28, 0.22], [3])","([0.19, 0.23, 0.27, 0.13, 0.17], [1])",-0.0,-0.0,-0.0,-0.747,-0.0,-0.747,0.6746835648762668,-1.3354150496837036,1.329725295847262
54,"([0.2, 0.16, 0.13, 0.28, 0.22], [1])","([0.19, 0.23, 0.27, 0.13, 0.17], [4])",-0.0,-0.905,-0.0,-0.0,-0.0,-0.905,0.6746835648762668,-1.105052365418587,1.3297715449886454
55,"([0.2, 0.16, 0.13, 0.28, 0.22], [0])","([0.19, 0.23, 0.27, 0.13, 0.17], [1])",-0.831,-0.0,-0.0,-0.0,-0.0,-0.831,0.6746835648762668,-0.9486896811534705,1.3298177941300287
56,"([0.2, 0.16, 0.13, 0.28, 0.22], [0])","([0.19, 0.23, 0.27, 0.13, 0.17], [1])",-0.831,-0.0,-0.0,-0.0,-0.0,-0.831,0.6746835648762668,-0.792326996888354,1.329864043271412
57,"([0.2, 0.16, 0.13, 0.28, 0.22], [4])","([0.19, 0.23, 0.27, 0.13, 0.17], [4])",-0.0,-0.0,-0.0,-0.0,-0.0,0.0,0.6746835648762668,-1.4669643126232375,1.3299102924127952
58,"([0.2, 0.16, 0.13, 0.28, 0.22], [4])","([0.19, 0.23, 0.27, 0.13, 0.17], [3])",-0.0,-0.0,-0.0,-0.0,-0.804,-0.804,0.6746835648762668,-1.337601628358121,1.3299565415541785
59,"([0.2, 0.16, 0.13, 0.28, 0.22], [1])","([0.19, 0.23, 0.27, 0.13, 0.17], [2])",-0.0,-0.905,-0.0,-0.0,-0.0,-0.905,0.6746835648762668,-1.1072389440930044,1.3300027906955618
60,"([0.2, 0.16, 0.13, 0.28, 0.22], [4])","([0.19, 0.23, 0.27, 0.13, 0.17], [2])",-0.0,-0.0,-0.0,-0.0,-0.804,-0.804,0.6746835648762668,-0.9778762598278877,1.3300490398369451
61,"([0.2, 0.16, 0.13, 0.28, 0.22], [4])","([0.19, 0.23, 0.27, 0.13, 0.17], [1])",-0.0,-0.0,-0.0,-0.0,-0.804,-0.804,0.6746835648762668,-0.8485135755627711,1.3300952889783284
62,"([0.2, 0.16, 0.13, 0.28, 0.22], [0])","([0.19, 0.23, 0.27, 0.13, 0.17], [0])",-0.0,-0.0,-0.0,-0.0,-0.0,0.0,0.6746835648762668,-1.5231508912976546,1.3301415381197117
63,"([0.2, 0.16, 0.13, 0.28, 0.22], [3])","([0.19, 0.23, 0.27, 0.13, 0.17], [0])",-0.0,-0.0,-0.0,-0.747,-0.0,-0.747,0.6746835648762668,-1.450788207032538,1.330187787261095
64,"([0.2, 0.16, 0.13, 0.28, 0.22], [3])","([0.19, 0.23, 0.27, 0.13, 0.17], [0])",-0.0,-0.0,-0.0,-0.747,-0.0,-0.747,0.6746835648762668,-1.3784255227674214,1.3302340364024783
65,"([0.2, 0.16, 0.13, 0.28, 0.22], [1])","([0.19, 0.23, 0.27, 0.13, 0.17], [3])",-0.0,-0.905,-0.0,-0.0,-0.0,-0.905,0.6746835648762668,-1.1480628385023048,1.3302802855438616
66,"([0.2, 0.16, 0.13, 0.28, 0.22], [1])","([0.19, 0.23, 0.27, 0.13, 0.17], [0])",-0.0,-0.905,-0.0,-0.0,-0.0,-0.905,0.6746835648762668,-0.9177001542371882,1.3303265346852449
67,"([0.2, 0.16, 0.13, 0.28, 0.22], [3])","([0.19, 0.23, 0.27, 0.13, 0.17], [4])",-0.0,-0.0,-0.0,-0.747,-0.0,-0.747,0.6746835648762668,-0.8453374699720716,1.3303727838266282
68,"([0.2, 0.16, 0.13, 0.28, 0.22], [0])","([0.19, 0.23, 0.27, 0.13, 0.17], [3])",-0.831,-0.0,-0.0,-0.0,-0.0,-0.831,0.6746835648762668,-0.688974785706955,1.3304190329680115
69,"([0.2, 0.16, 0.13, 0.28, 0.22], [1])","([0.19, 0.23, 0.27, 0.13, 0.17], [2])",-0.0,-0.905,-0.0,-0.0,-0.0,-0.905,0.6746835648762668,-0.4586121014418384,1.3304652821093947
70,"([0.2, 0.16, 0.13, 0.28, 0.22], [4])","([0.19, 0.23, 0.27, 0.13, 0.17], [3])",-0.0,-0.0,-0.0,-0.0,-0.804,-0.804,0.6746835648762668,-0.32924941717672174,1.330511531250778
71,"([0.2, 0.16, 0.13, 0.28, 0.22], [4])","([0.19, 0.23, 0.27, 0.13, 0.17], [3])",-0.0,-0.0,-0.0,-0.0,-0.804,-0.804,0.6746835648762668,-0.19988673291160508,1.3305577803921613
72,"([0.2, 0.16, 0.13, 0.28, 0.22], [2])","([0.19, 0.23, 0.27, 0.13, 0.17], [0])",-0.0,-0.0,-0.997,-0.0,-0.0,-0.997,0.6746835648762668,0.12247595135351153,1.3306040295335446
73,"([0.2, 0.16, 0.13, 0.28, 0.22], [3])","([0.19, 0.23, 0.27, 0.13, 0.17], [3])",-0.0,-0.0,-0.0,-0.0,-0.0,0.0,0.6746835648762668,-0.5521613643813719,1.330650278674928
74,"([0.2, 0.16, 0.13, 0.28, 0.22], [1])","([0.19, 0.23, 0.27, 0.13, 0.17], [3])",-0.0,-0.905,-0.0,-0.0,-0.0,-0.905,0.6746835648762668,-0.32179868011625523,1.3306965278163112
75,"([0.2, 0.16, 0.13, 0.28, 0.22], [4])","([0.19, 0.23, 0.27, 0.13, 0.17], [0])",-0.0,-0.0,-0.0,-0.0,-0.804,-0.804,0.6746835648762668,-0.19243599585113857,1.3307427769576945
76,"([0.2, 0.16, 0.13, 0.28, 0.22], [4])","([0.19, 0.23, 0.27, 0.13, 0.17], [1])",-0.0,-0.0,-0.0,-0.0,-0.804,-0.804,0.6746835648762668,-0.06307331158602192,1.3307890260990778
77,"([0.2, 0.16, 0.13, 0.28, 0.22], [4])","([0.19, 0.23, 0.27, 0.13, 0.17], [4])",-0.0,-0.0,-0.0,-0.0,-0.0,0.0,0.6746835648762668,-0.7377106273209053,1.330835275240461
78,"([0.2, 0.16, 0.13, 0.28, 0.22], [0])","([0.19, 0.23, 0.27, 0.13, 0.17], [3])",-0.831,-0.0,-0.0,-0.0,-0.0,-0.831,0.6746835648762668,-0.5813479430557887,1.3308815243818444
79,"([0.2, 0.16, 0.13, 0.28, 0.22], [0])","([0.19, 0.23, 0.27, 0.13, 0.17], [3])",-0.831,-0.0,-0.0,-0.0,-0.0,-0.831,0.6746835648762668,-0.42498525879067217,1.3309277735232277
80,"([0.2, 0.16, 0.13, 0.28, 0.22], [4])","([0.19, 0.23, 0.27, 0.13, 0.17], [0])",-0.0,-0.0,-0.0,-0.0,-0.804,-0.804,0.6746835648762668,-0.2956225745255555,1.330974022664611
81,"([0.2, 0.16, 0.13, 0.28, 0.22], [0])","([0.19, 0.23, 0.27, 0.13, 0.17], [4])",-0.831,-0.0,-0.0,-0.0,-0.0,-0.831,0.6746835648762668,-0.13925989026043895,1.3310202718059942
82,"([0.2, 0.16, 0.13, 0.28, 0.22], [0])","([0.19, 0.23, 0.27, 0.13, 0.17], [3])",-0.831,-0.0,-0.0,-0.0,-0.0,-0.831,0.6746835648762668,0.017102794004677624,1.3310665209473775
83,"([0.2, 0.16, 0.13, 0.28, 0.22], [3])","([0.19, 0.23, 0.27, 0.13, 0.17], [1])",-0.0,-0.0,-0.0,-0.747,-0.0,-0.747,0.6746835648762668,0.08946547826979423,1.3311127700887608
84,"([0.2, 0.16, 0.13, 0.28, 0.22], [3])","([0.19, 0.23, 0.27, 0.13, 0.17], [1])",-0.0,-0.0,-0.0,-0.747,-0.0,-0.747,0.6746835648762668,0.16182816253491084,1.3311590192301441
85,"([0.2, 0.16, 0.13, 0.28, 0.22], [4])","([0.19, 0.23, 0.27, 0.13, 0.17], [0])",-0.0,-0.0,-0.0,-0.0,-0.804,-0.804,0.6746835648762668,0.2911908468000275,1.3312052683715274
86,"([0.2, 0.16, 0.13, 0.28, 0.22], [1])","([0.19, 0.23, 0.27, 0.13, 0.17], [3])",-0.0,-0.905,-0.0,-0.0,-0.0,-0.905,0.6746835648762668,0.5215535310651441,1.3312515175129107
87,"([0.2, 0.16, 0.13, 0.28, 0.22], [3])","([0.19, 0.23, 0.27, 0.13, 0.17], [2])",-0.0,-0.0,-0.0,-0.747,-0.0,-0.747,0.6746835648762668,0.5939162153302607,1.331297766654294
88,"([0.2, 0.16, 0.13, 0.28, 0.22], [0])","([0.19, 0.23, 0.27, 0.13, 0.17], [2])",-0.831,-0.0,-0.0,-0.0,-0.0,-0.831,0.6746835648762668,0.7502788995953773,1.3313440157956773
89,"([0.2, 0.16, 0.13, 0.28, 0.22], [2])","([0.19, 0.23, 0.27, 0.13, 0.17], [0])",-0.0,-0.0,-0.997,-0.0,-0.0,-0.997,0.6746835648762668,1.072641583860494,1.3313902649370606
90,"([0.2, 0.16, 0.13, 0.28, 0.22], [0])","([0.19, 0.23, 0.27, 0.13, 0.17], [1])",-0.831,-0.0,-0.0,-0.0,-0.0,-0.831,0.6746835648762668,1.2290042681256104,1.3314365140784439
91,"([0.2, 0.16, 0.13, 0.28, 0.22], [3])","([0.19, 0.23, 0.27, 0.13, 0.17], [3])",-0.0,-0.0,-0.0,-0.0,-0.0,0.0,0.6746835648762668,0.554366952390727,1.3314827632198272
92,"([0.2, 0.16, 0.13, 0.28, 0.22], [4])","([0.19, 0.23, 0.27, 0.13, 0.17], [2])",-0.0,-0.0,-0.0,-0.0,-0.804,-0.804,0.6746835648762668,0.6837296366558436,1.3315290123612105
93,"([0.2, 0.16, 0.13, 0.28, 0.22], [0])","([0.19, 0.23, 0.27, 0.13, 0.17], [1])",-0.831,-0.0,-0.0,-0.0,-0.0,-0.831,0.6746835648762668,0.8400923209209602,1.3315752615025938
94,"([0.2, 0.16, 0.13, 0.28, 0.22], [1])","([0.19, 0.23, 0.27, 0.13, 0.17], [1])",-0.0,-0.0,-0.0,-0.0,-0.0,0.0,0.6746835648762668,0.1654550051860768,1.331621510643977
95,"([0.2, 0.16, 0.13, 0.28, 0.22], [3])","([0.19, 0.23, 0.27, 0.13, 0.17], [0])",-0.0,-0.0,-0.0,-0.747,-0.0,-0.747,0.6746835648762668,0.23781768945119341,1.3316677597853603
96,"([0.2, 0.16, 0.13, 0.28, 0.22], [0])","([0.19, 0.23, 0.27, 0.13, 0.17], [3])",-0.831,-0.0,-0.0,-0.0,-0.0,-0.831,0.6746835648762668,0.39418037371631,1.3317140089267436
97,"([0.2, 0.16, 0.13, 0.28, 0.22], [4])","([0.19, 0.23, 0.27, 0.13, 0.17], [2])",-0.0,-0.0,-0.0,-0.0,-0.804,-0.804,0.6746835648762668,0.5235430579814266,1.331760258068127
98,"([0.2, 0.16, 0.13, 0.28, 0.22], [1])","([0.19, 0.23, 0.27, 0.13, 0.17], [1])",-0.0,-0.0,-0.0,-0.0,-0.0,0.0,0.6746835648762668,-0.15109425775345675,1.3318065072095102
99,"([0.2, 0.16, 0.13, 0.28, 0.22], [4])","([0.19, 0.23, 0.27, 0.13, 0.17], [1])",-0.0,-0.0,-0.0,-0.0,-0.804,-0.804,0.6746835648762668,-0.021731573488340095,1.3318527563508935
100,"([0.2, 0.16, 0.13, 0.28, 0.22], [2])","([0.19, 0.23, 0.27, 0.13, 0.17], [2])",-0.0,-0.0,-0.0,-0.0,-0.0,0.0,0.6746835648762668,-0.6963688892232235,1.3318990054922768
101,"([0.2, 0.16, 0.13, 0.28, 0.22], [4])","([0.19, 0.23, 0.27, 0.13, 0.17], [2])",-0.0,-0.0,-0.0,-0.0,-0.804,-0.804,0.6746835648762668,-0.5670062049581068,1.33194525463366
102,"([0.2, 0.16, 0.13, 0.28, 0.22], [2])","([0.19, 0.23, 0.27, 0.13, 0.17], [1])",-0.0,-0.0,-0.997,-0.0,-0.0,-0.997,0.6746835648762668,-0.24464352069299022,1.3319915037750434
103,"([0.2, 0.16, 0.13, 0.28, 0.22], [3])","([0.19, 0.23, 0.27, 0.13, 0.17], [3])",-0.0,-0.0,-0.0,-0.0,-0.0,0.0,0.6746835648762668,-0.9192808364278736,1.3320377529164267
104,"([0.2, 0.16, 0.13, 0.28, 0.22], [4])","([0.19, 0.23, 0.27, 0.13, 0.17], [4])",-0.0,-0.0,-0.0,-0.0,-0.0,0.0,0.6746835648762668,-1.593918152162757,1.33208400205781
105,"([0.2, 0.16, 0.13, 0.28, 0.22], [1])","([0.19, 0.23, 0.27, 0.13, 0.17], [0])",-0.0,-0.905,-0.0,-0.0,-0.0,-0.905,0.6746835648762668,-1.3635554678976405,1.3321302511991933
106,"([0.2, 0.16, 0.13, 0.28, 0.22], [3])","([0.19, 0.23, 0.27, 0.13, 0.17], [0])",-0.0,-0.0,-0.0,-0.747,-0.0,-0.747,0.6746835648762668,-1.2911927836325239,1.3321765003405766
107,"([0.2, 0.16, 0.13, 0.28, 0.22], [1])","([0.19, 0.23, 0.27, 0.13, 0.17], [1])",-0.0,-0.0,-0.0,-0.0,-0.0,0.0,0.6746835648762668,-1.9658300993674072,1.3322227494819598
108,"([0.2, 0.16, 0.13, 0.28, 0.22], [1])","([0.19, 0.23, 0.27, 0.13, 0.17], [3])",-0.0,-0.905,-0.0,-0.0,-0.0,-0.905,0.6746835648762668,-1.7354674151022906,1.3322689986233431
109,"([0.2, 0.16, 0.13, 0.28, 0.22], [2])","([0.19, 0.23, 0.27, 0.13, 0.17], [3])",-0.0,-0.0,-0.997,-0.0,-0.0,-0.997,0.6746835648762668,-1.413104730837174,1.3323152477647264
110,"([0.2, 0.16, 0.13, 0.28, 0.22], [1])","([0.19, 0.23, 0.27, 0.13, 0.17], [1])",-0.0,-0.0,-0.0,-0.0,-0.0,0.0,0.6746835648762668,-2.0877420465720573,1.3323614969061097
111,"([0.2, 0.16, 0.13, 0.28, 0.22], [4])","([0.19, 0.23, 0.27, 0.13, 0.17], [2])",-0.0,-0.0,-0.0,-0.0,-0.804,-0.804,0.6746835648762668,-1.9583793623069408,1.332407746047493
112,"([0.2, 0.16, 0.13, 0.28, 0.22], [3])","([0.19, 0.23, 0.27, 0.13, 0.17], [3])",-0.0,-0.0,-0.0,-0.0,-0.0,0.0,0.6746835648762668,-2.633016678041824,1.3324539951888763
113,"([0.2, 0.16, 0.13, 0.28, 0.22], [0])","([0.19, 0.23, 0.27, 0.13, 0.17], [1])",-0.831,-0.0,-0.0,-0.0,-0.0,-0.831,0.6746835648762668,-2.4766539937767074,1.3325002443302596
114,"([0.2, 0.16, 0.13, 0.28, 0.22], [2])","([0.19, 0.23, 0.27, 0.13, 0.17], [4])",-0.0,-0.0,-0.997,-0.0,-0.0,-0.997,0.6746835648762668,-2.1542913095115908,1.332546493471643
115,"([0.2, 0.16, 0.13, 0.28, 0.22], [3])","([0.19, 0.23, 0.27, 0.13, 0.17], [2])",-0.0,-0.0,-0.0,-0.747,-0.0,-0.747,0.6746835648762668,-2.081928625246474,1.3325927426130262
116,"([0.2, 0.16, 0.13, 0.28, 0.22], [2])","([0.19, 0.23, 0.27, 0.13, 0.17], [2])",-0.0,-0.0,-0.0,-0.0,-0.0,0.0,0.6746835648762668,-2.7565659409813574,1.3326389917544095
117,"([0.2, 0.16, 0.13, 0.28, 0.22], [3])","([0.19, 0.23, 0.27, 0.13, 0.17], [3])",-0.0,-0.0,-0.0,-0.0,-0.0,0.0,0.6746835648762668,-3.4312032567162407,1.3326852408957928
118,"([0.2, 0.16, 0.13, 0.28, 0.22], [2])","([0.19, 0.23, 0.27, 0.13, 0.17], [2])",-0.0,-0.0,-0.0,-0.0,-0.0,0.0,0.6746835648762668,-4.105840572451124,1.332731490037176
119,"([0.2, 0.16, 0.13, 0.28, 0.22], [4])","([0.19, 0.23, 0.27, 0.13, 0.17], [2])",-0.0,-0.0,-0.0,-0.0,-0.804,-0.804,0.6746835648762668,-3.976477888186008,1.3327777391785594
120,"([0.2, 0.16, 0.13, 0.28, 0.22], [4])","([0.19, 0.23, 0.27, 0.13, 0.17], [1])",-0.0,-0.0,-0.0,-0.0,-0.804,-0.804,0.6746835648762668,-3.8471152039208913,1.3328239883199426
121,"([0.2, 0.16, 0.13, 0.28, 0.22], [3])","([0.19, 0.23, 0.27, 0.13, 0.17], [2])",-0.0,-0.0,-0.0,-0.747,-0.0,-0.747,0.6746835648762668,-3.7747525196557747,1.332870237461326
122,"([0.2, 0.16, 0.13, 0.28, 0.22], [4])","([0.19, 0.23, 0.27, 0.13, 0.17], [1])",-0.0,-0.0,-0.0,-0.0,-0.804,-0.804,0.6746835648762668,-3.645389835390658,1.3329164866027092
123,"([0.2, 0.16, 0.13, 0.28, 0.22], [4])","([0.19, 0.23, 0.27, 0.13, 0.17], [1])",-0.0,-0.0,-0.0,-0.0,-0.804,-0.804,0.6746835648762668,-3.5160271511255416,1.3329627357440925
124,"([0.2, 0.16, 0.13, 0.28, 0.22], [1])","([0.19, 0.23, 0.27, 0.13, 0.17], [1])",-0.0,-0.0,-0.0,-0.0,-0.0,0.0,0.6746835648762668,-4.190664466860425,1.3330089848854758
125,"([0.2, 0.16, 0.13, 0.28, 0.22], [3])","([0.19, 0.23, 0.27, 0.13, 0.17], [2])",-0.0,-0.0,-0.0,-0.747,-0.0,-0.747,0.6746835648762668,-4.118301782595308,1.333055234026859
126,"([0.2, 0.16, 0.13, 0.28, 0.22], [3])","([0.19, 0.23, 0.27, 0.13, 0.17], [1])",-0.0,-0.0,-0.0,-0.747,-0.0,-0.747,0.6746835648762668,-4.045939098330192,1.3331014831682424
127,"([0.2, 0.16, 0.13, 0.28, 0.22], [4])","([0.19, 0.23, 0.27, 0.13, 0.17], [2])",-0.0,-0.0,-0.0,-0.0,-0.804,-0.804,0.6746835648762668,-3.916576414065075,1.3331477323096257
128,"([0.2, 0.16, 0.13, 0.28, 0.22], [3])","([0.19, 0.23, 0.27, 0.13, 0.17], [1])",-0.0,-0.0,-0.0,-0.747,-0.0,-0.747,0.6746835648762668,-3.8442137297999586,1.333193981451009
129,"([0.2, 0.16, 0.13, 0.28, 0.22], [0])","([0.19, 0.23, 0.27, 0.13, 0.17], [1])",-0.831,-0.0,-0.0,-0.0,-0.0,-0.831,0.6746835648762668,-3.687851045534842,1.3332402305923923
130,"([0.2, 0.16, 0.13, 0.28, 0.22], [4])","([0.19, 0.23, 0.27, 0.13, 0.17], [3])",-0.0,-0.0,-0.0,-0.0,-0.804,-0.804,0.6746835648762668,-3.5584883612697253,1.3332864797337756
131,"([0.2, 0.16, 0.13, 0.28, 0.22], [0])","([0.19, 0.23, 0.27, 0.13, 0.17], [4])",-0.831,-0.0,-0.0,-0.0,-0.0,-0.831,0.6746835648762668,-3.4021256770046087,1.3333327288751589
132,"([0.2, 0.16, 0.13, 0.28, 0.22], [1])","([0.19, 0.23, 0.27, 0.13, 0.17], [4])",-0.0,-0.905,-0.0,-0.0,-0.0,-0.905,0.6746835648762668,-3.171762992739492,1.3333789780165421
133,"([0.2, 0.16, 0.13, 0.28, 0.22], [2])","([0.19, 0.23, 0.27, 0.13, 0.17], [3])",-0.0,-0.0,-0.997,-0.0,-0.0,-0.997,0.6746835648762668,-2.8494003084743755,1.3334252271579254
134,"([0.2, 0.16, 0.13, 0.28, 0.22], [1])","([0.19, 0.23, 0.27, 0.13, 0.17], [3])",-0.0,-0.905,-0.0,-0.0,-0.0,-0.905,0.6746835648762668,-2.619037624209259,1.3334714762993087
135,"([0.2, 0.16, 0.13, 0.28, 0.22], [3])","([0.19, 0.23, 0.27, 0.13, 0.17], [2])",-0.0,-0.0,-0.0,-0.747,-0.0,-0.747,0.6746835648762668,-2.5466749399441424,1.333517725440692
136,"([0.2, 0.16, 0.13, 0.28, 0.22], [1])","([0.19, 0.23, 0.27, 0.13, 0.17], [1])",-0.0,-0.0,-0.0,-0.0,-0.0,0.0,0.6746835648762668,-3.2213122556790257,1.3335639745820753
137,"([0.2, 0.16, 0.13, 0.28, 0.22], [3])","([0.19, 0.23, 0.27, 0.13, 0.17], [4])",-0.0,-0.0,-0.0,-0.747,-0.0,-0.747,0.6746835648762668,-3.148949571413909,1.3336102237234586
138,"([0.2, 0.16, 0.13, 0.28, 0.22], [3])","([0.19, 0.23, 0.27, 0.13, 0.17], [0])",-0.0,-0.0,-0.0,-0.747,-0.0,-0.747,0.6746835648762668,-3.0765868871487925,1.333656472864842
139,"([0.2, 0.16, 0.13, 0.28, 0.22], [3])","([0.19, 0.23, 0.27, 0.13, 0.17], [4])",-0.0,-0.0,-0.0,-0.747,-0.0,-0.747,0.6746835648762668,-3.004224202883676,1.3337027220062252
140,"([0.2, 0.16, 0.13, 0.28, 0.22], [4])","([0.19, 0.23, 0.27, 0.13, 0.17], [0])",-0.0,-0.0,-0.0,-0.0,-0.804,-0.804,0.6746835648762668,-2.8748615186185593,1.3337489711476085
141,"([0.2, 0.16, 0.13, 0.28, 0.22], [3])","([0.19, 0.23, 0.27, 0.13, 0.17], [2])",-0.0,-0.0,-0.0,-0.747,-0.0,-0.747,0.6746835648762668,-2.8024988343534427,1.3337952202889918
142,"([0.2, 0.16, 0.13, 0.28, 0.22], [0])","([0.19, 0.23, 0.27, 0.13, 0.17], [2])",-0.831,-0.0,-0.0,-0.0,-0.0,-0.831,0.6746835648762668,-2.646136150088326,1.333841469430375
143,"([0.2, 0.16, 0.13, 0.28, 0.22], [0])","([0.19, 0.23, 0.27, 0.13, 0.17], [2])",-0.831,-0.0,-0.0,-0.0,-0.0,-0.831,0.6746835648762668,-2.4897734658232094,1.3338877185717584
144,"([0.2, 0.16, 0.13, 0.28, 0.22], [3])","([0.19, 0.23, 0.27, 0.13, 0.17], [4])",-0.0,-0.0,-0.0,-0.747,-0.0,-0.747,0.6746835648762668,-2.4174107815580927,1.3339339677131417
145,"([0.2, 0.16, 0.13, 0.28, 0.22], [0])","([0.19, 0.23, 0.27, 0.13, 0.17], [3])",-0.831,-0.0,-0.0,-0.0,-0.0,-0.831,0.6746835648762668,-2.261048097292976,1.333980216854525
146,"([0.2, 0.16, 0.13, 0.28, 0.22], [4])","([0.19, 0.23, 0.27, 0.13, 0.17], [4])",-0.0,-0.0,-0.0,-0.0,-0.0,0.0,0.6746835648762668,-2.9356854130278593,1.3340264659959082
147,"([0.2, 0.16, 0.13, 0.28, 0.22], [4])","([0.19, 0.23, 0.27, 0.13, 0.17], [1])",-0.0,-0.0,-0.0,-0.0,-0.804,-0.804,0.6746835648762668,-2.806322728762743,1.3340727151372915
148,"([0.2, 0.16, 0.13, 0.28, 0.22], [3])","([0.19, 0.23, 0.27, 0.13, 0.17], [1])",-0.0,-0.0,-0.0,-0.747,-0.0,-0.747,0.6746835648762668,-2.733960044497626,1.3341189642786748
149,"([0.2, 0.16, 0.13, 0.28, 0.22], [4])","([0.19, 0.23, 0.27, 0.13, 0.17], [0])",-0.0,-0.0,-0.0,-0.0,-0.804,-0.804,0.6746835648762668,-2.6045973602325097,1.3341652134200581
150,"([0.2, 0.16, 0.13, 0.28, 0.22], [0])","([0.19, 0.23, 0.27, 0.13, 0.17], [4])",-0.831,-0.0,-0.0,-0.0,-0.0,-0.831,0.6746835648762668,-2.448234675967393,1.3342114625614414
151,"([0.2, 0.16, 0.13, 0.28, 0.22], [2])","([0.19, 0.23, 0.27, 0.13, 0.17], [4])",-0.0,-0.0,-0.997,-0.0,-0.0,-0.997,0.6746835648762668,-2.1258719917022764,1.3342577117028247
152,"([0.2, 0.16, 0.13, 0.28, 0.22], [0])","([0.19, 0.23, 0.27, 0.13, 0.17], [1])",-0.831,-0.0,-0.0,-0.0,-0.0,-0.831,0.6746835648762668,-1.9695093074371597,1.334303960844208
153,"([0.2, 0.16, 0.13, 0.28, 0.22], [0])","([0.19, 0.23, 0.27, 0.13, 0.17], [1])",-0.831,-0.0,-0.0,-0.0,-0.0,-0.831,0.6746835648762668,-1.813146623172043,1.3343502099855913
154,"([0.2, 0.16, 0.13, 0.28, 0.22], [3])","([0.19, 0.23, 0.27, 0.13, 0.17], [1])",-0.0,-0.0,-0.0,-0.747,-0.0,-0.747,0.6746835648762668,-1.7407839389069264,1.3343964591269746
155,"([0.2, 0.16, 0.13, 0.28, 0.22], [4])","([0.19, 0.23, 0.27, 0.13, 0.17], [1])",-0.0,-0.0,-0.0,-0.0,-0.804,-0.804,0.6746835648762668,-1.6114212546418099,1.3344427082683579
156,"([0.2, 0.16, 0.13, 0.28, 0.22], [4])","([0.19, 0.23, 0.27, 0.13, 0.17], [4])",-0.0,-0.0,-0.0,-0.0,-0.0,0.0,0.6746835648762668,-2.286058570376693,1.3344889574097412
157,"([0.2, 0.16, 0.13, 0.28, 0.22], [3])","([0.19, 0.23, 0.27, 0.13, 0.17], [3])",-0.0,-0.0,-0.0,-0.0,-0.0,0.0,0.6746835648762668,-2.9606958861115764,1.3345352065511245
158,"([0.2, 0.16, 0.13, 0.28, 0.22], [4])","([0.19, 0.23, 0.27, 0.13, 0.17], [1])",-0.0,-0.0,-0.0,-0.0,-0.804,-0.804,0.6746835648762668,-2.83133320184646,1.3345814556925077
159,"([0.2, 0.16, 0.13, 0.28, 0.22], [4])","([0.19, 0.23, 0.27, 0.13, 0.17], [2])",-0.0,-0.0,-0.0,-0.0,-0.804,-0.804,0.6746835648762668,-2.7019705175813433,1.334627704833891
160,"([0.2, 0.16, 0.13, 0.28, 0.22], [4])","([0.19, 0.23, 0.27, 0.13, 0.17], [2])",-0.0,-0.0,-0.0,-0.0,-0.804,-0.804,0.6746835648762668,-2.5726078333162268,1.3346739539752743
161,"([0.2, 0.16, 0.13, 0.28, 0.22], [1])","([0.19, 0.23, 0.27, 0.13, 0.17], [1])",-0.0,-0.0,-0.0,-0.0,-0.0,0.0,0.6746835648762668,-3.24724514905111,1.3347202031166576
162,"([0.2, 0.16, 0.13, 0.28, 0.22], [3])","([0.19, 0.23, 0.27, 0.13, 0.17], [3])",-0.0,-0.0,-0.0,-0.0,-0.0,0.0,0.6746835648762668,-3.9218824647859933,1.334766452258041
163,"([0.2, 0.16, 0.13, 0.28, 0.22], [4])","([0.19, 0.23, 0.27, 0.13, 0.17], [2])",-0.0,-0.0,-0.0,-0.0,-0.804,-0.804,0.6746835648762668,-3.792519780520877,1.3348127013994242
164,"([0.2, 0.16, 0.13, 0.28, 0.22], [0])","([0.19, 0.23, 0.27, 0.13, 0.17], [0])",-0.0,-0.0,-0.0,-0.0,-0.0,0.0,0.6746835648762668,-4.46715709625576,1.3348589505408075
165,"([0.2, 0.16, 0.13, 0.28, 0.22], [1])","([0.19, 0.23, 0.27, 0.13, 0.17], [0])",-0.0,-0.905,-0.0,-0.0,-0.0,-0.905,0.6746835648762668,-4.236794411990643,1.3349051996821908
166,"([0.2, 0.16, 0.13, 0.28, 0.22], [0])","([0.19, 0.23, 0.27, 0.13, 0.17], [1])",-0.831,-0.0,-0.0,-0.0,-0.0,-0.831,0.6746835648762668,-4.080431727725527,1.334951448823574
167,"([0.2, 0.16, 0.13, 0.28, 0.22], [4])","([0.19, 0.23, 0.27, 0.13, 0.17], [4])",-0.0,-0.0,-0.0,-0.0,-0.0,0.0,0.6746835648762668,-4.75506904346041,1.3349976979649574
168,"([0.2, 0.16, 0.13, 0.28, 0.22], [1])","([0.19, 0.23, 0.27, 0.13, 0.17], [0])",-0.0,-0.905,-0.0,-0.0,-0.0,-0.905,0.6746835648762668,-4.524706359195293,1.3350439471063407
169,"([0.2, 0.16, 0.13, 0.28, 0.22], [3])","([0.19, 0.23, 0.27, 0.13, 0.17], [2])",-0.0,-0.0,-0.0,-0.747,-0.0,-0.747,0.6746835648762668,-4.452343674930177,1.335090196247724
170,"([0.2, 0.16, 0.13, 0.28, 0.22], [0])","([0.19, 0.23, 0.27, 0.13, 0.17], [0])",-0.0,-0.0,-0.0,-0.0,-0.0,0.0,0.6746835648762668,-5.12698099066506,1.3351364453891073
171,"([0.2, 0.16, 0.13, 0.28, 0.22], [0])","([0.19, 0.23, 0.27, 0.13, 0.17], [2])",-0.831,-0.0,-0.0,-0.0,-0.0,-0.831,0.6746835648762668,-4.970618306399944,1.3351826945304905
172,"([0.2, 0.16, 0.13, 0.28, 0.22], [1])","([0.19, 0.23, 0.27, 0.13, 0.17], [2])",-0.0,-0.905,-0.0,-0.0,-0.0,-0.905,0.6746835648762668,-4.740255622134827,1.3352289436718738
173,"([0.2, 0.16, 0.13, 0.28, 0.22], [4])","([0.19, 0.23, 0.27, 0.13, 0.17], [3])",-0.0,-0.0,-0.0,-0.0,-0.804,-0.804,0.6746835648762668,-4.61089293786971,1.3352751928132571
174,"([0.2, 0.16, 0.13, 0.28, 0.22], [3])","([0.19, 0.23, 0.27, 0.13, 0.17], [0])",-0.0,-0.0,-0.0,-0.747,-0.0,-0.747,0.6746835648762668,-4.538530253604593,1.3353214419546404
175,"([0.2, 0.16, 0.13, 0.28, 0.22], [3])","([0.19, 0.23, 0.27, 0.13, 0.17], [2])",-0.0,-0.0,-0.0,-0.747,-0.0,-0.747,0.6746835648762668,-4.4661675693394765,1.3353676910960237
176,"([0.2, 0.16, 0.13, 0.28, 0.22], [3])","([0.19, 0.23, 0.27, 0.13, 0.17], [2])",-0.0,-0.0,-0.0,-0.747,-0.0,-0.747,0.6746835648762668,-4.39380488507436,1.335413940237407
177,"([0.2, 0.16, 0.13, 0.28, 0.22], [3])","([0.19, 0.23, 0.27, 0.13, 0.17], [1])",-0.0,-0.0,-0.0,-0.747,-0.0,-0.747,0.6746835648762668,-4.321442200809243,1.3354601893787903
178,"([0.2, 0.16, 0.13, 0.28, 0.22], [4])","([0.19, 0.23, 0.27, 0.13, 0.17], [4])",-0.0,-0.0,-0.0,-0.0,-0.0,0.0,0.6746835648762668,-4.9960795165441265,1.3355064385201736
179,"([0.2, 0.16, 0.13, 0.28, 0.22], [0])","([0.19, 0.23, 0.27, 0.13, 0.17], [1])",-0.831,-0.0,-0.0,-0.0,-0.0,-0.831,0.6746835648762668,-4.83971683227901,1.3355526876615569
180,"([0.2, 0.16, 0.13, 0.28, 0.22], [1])","([0.19, 0.23, 0.27, 0.13, 0.17], [2])",-0.0,-0.905,-0.0,-0.0,-0.0,-0.905,0.6746835648762668,-4.609354148013893,1.3355989368029402
181,"([0.2, 0.16, 0.13, 0.28, 0.22], [1])","([0.19, 0.23, 0.27, 0.13, 0.17], [3])",-0.0,-0.905,-0.0,-0.0,-0.0,-0.905,0.6746835648762668,-4.378991463748776,1.3356451859443235
182,"([0.2, 0.16, 0.13, 0.28, 0.22], [3])","([0.19, 0.23, 0.27, 0.13, 0.17], [1])",-0.0,-0.0,-0.0,-0.747,-0.0,-0.747,0.6746835648762668,-4.30662877948366,1.3356914350857068
183,"([0.2, 0.16, 0.13, 0.28, 0.22], [2])","([0.19, 0.23, 0.27, 0.13, 0.17], [1])",-0.0,-0.0,-0.997,-0.0,-0.0,-0.997,0.6746835648762668,-3.984266095218543,1.33573768422709
184,"([0.2, 0.16, 0.13, 0.28, 0.22], [4])","([0.19, 0.23, 0.27, 0.13, 0.17], [1])",-0.0,-0.0,-0.0,-0.0,-0.804,-0.804,0.6746835648762668,-3.8549034109534266,1.3357839333684733
185,"([0.2, 0.16, 0.13, 0.28, 0.22], [1])","([0.19, 0.23, 0.27, 0.13, 0.17], [0])",-0.0,-0.905,-0.0,-0.0,-0.0,-0.905,0.6746835648762668,-3.62454072668831,1.3358301825098566
186,"([0.2, 0.16, 0.13, 0.28, 0.22], [0])","([0.19, 0.23, 0.27, 0.13, 0.17], [2])",-0.831,-0.0,-0.0,-0.0,-0.0,-0.831,0.6746835648762668,-3.4681780424231934,1.33587643165124
187,"([0.2, 0.16, 0.13, 0.28, 0.22], [4])","([0.19, 0.23, 0.27, 0.13, 0.17], [2])",-0.0,-0.0,-0.0,-0.0,-0.804,-0.804,0.6746835648762668,-3.338815358158077,1.3359226807926232
188,"([0.2, 0.16, 0.13, 0.28, 0.22], [3])","([0.19, 0.23, 0.27, 0.13, 0.17], [4])",-0.0,-0.0,-0.0,-0.747,-0.0,-0.747,0.6746835648762668,-3.2664526738929602,1.3359689299340065
189,"([0.2, 0.16, 0.13, 0.28, 0.22], [4])","([0.19, 0.23, 0.27, 0.13, 0.17], [1])",-0.0,-0.0,-0.0,-0.0,-0.804,-0.804,0.6746835648762668,-3.1370899896278437,1.3360151790753898
190,"([0.2, 0.16, 0.13, 0.28, 0.22], [3])","([0.19, 0.23, 0.27, 0.13, 0.17], [0])",-0.0,-0.0,-0.0,-0.747,-0.0,-0.747,0.6746835648762668,-3.064727305362727,1.336061428216773
191,"([0.2, 0.16, 0.13, 0.28, 0.22], [3])","([0.19, 0.23, 0.27, 0.13, 0.17], [2])",-0.0,-0.0,-0.0,-0.747,-0.0,-0.747,0.6746835648762668,-2.9923646210976105,1.3361076773581564
192,"([0.2, 0.16, 0.13, 0.28, 0.22], [2])","([0.19, 0.23, 0.27, 0.13, 0.17], [1])",-0.0,-0.0,-0.997,-0.0,-0.0,-0.997,0.6746835648762668,-2.670001936832494,1.3361539264995397
193,"([0.2, 0.16, 0.13, 0.28, 0.22], [2])","([0.19, 0.23, 0.27, 0.13, 0.17], [1])",-0.0,-0.0,-0.997,-0.0,-0.0,-0.997,0.6746835648762668,-2.3476392525673773,1.336200175640923
194,"([0.2, 0.16, 0.13, 0.28, 0.22], [1])","([0.19, 0.23, 0.27, 0.13, 0.17], [0])",-0.0,-0.905,-0.0,-0.0,-0.0,-0.905,0.6746835648762668,-2.1172765683022607,1.3362464247823063
195,"([0.2, 0.16, 0.13, 0.28, 0.22], [0])","([0.19, 0.23, 0.27, 0.13, 0.17], [1])",-0.831,-0.0,-0.0,-0.0,-0.0,-0.831,0.6746835648762668,-1.960913884037144,1.3362926739236896
196,"([0.2, 0.16, 0.13, 0.28, 0.22], [4])","([0.19, 0.23, 0.27, 0.13, 0.17], [1])",-0.0,-0.0,-0.0,-0.0,-0.804,-0.804,0.6746835648762668,-1.8315511997720275,1.3363389230650728
197,"([0.2, 0.16, 0.13, 0.28, 0.22], [1])","([0.19, 0.23, 0.27, 0.13, 0.17], [0])",-0.0,-0.905,-0.0,-0.0,-0.0,-0.905,0.6746835648762668,-1.601188515506911,1.3363851722064561
198,"([0.2, 0.16, 0.13, 0.28, 0.22], [1])","([0.19, 0.23, 0.27, 0.13, 0.17], [1])",-0.0,-0.0,-0.0,-0.0,-0.0,0.0,0.6746835648762668,-2.2758258312417943,1.3364314213478394
199,"([0.2, 0.16, 0.13, 0.28, 0.22], [1])","([0.19, 0.23, 0.27, 0.13, 0.17], [2])",-0.0,-0.905,-0.0,-0.0,-0.0,-0.905,0.6746835648762668,-2.0454631469766777,1.3364776704892227
200,"([0.2, 0.16, 0.13, 0.28, 0.22], [3])","([0.19, 0.23, 0.27, 0.13, 0.17], [3])",-0.0,-0.0,-0.0,-0.0,-0.0,0.0,0.6746835648762668,-2.720100462711561,1.336523919630606
201,"([0.2, 0.16, 0.13, 0.28, 0.22], [3])","([0.19, 0.23, 0.27, 0.13, 0.17], [3])",-0.0,-0.0,-0.0,-0.0,-0.0,0.0,0.6746835648762668,-3.3947377784464443,1.3365701687719893
202,"([0.2, 0.16, 0.13, 0.28, 0.22], [4])","([0.19, 0.23, 0.27, 0.13, 0.17], [4])",-0.0,-0.0,-0.0,-0.0,-0.0,0.0,0.6746835648762668,-4.069375094181328,1.3366164179133726
203,"([0.2, 0.16, 0.13, 0.28, 0.22], [0])","([0.19, 0.23, 0.27, 0.13, 0.17], [3])",-0.831,-0.0,-0.0,-0.0,-0.0,-0.831,0.6746835648762668,-3.913012409916211,1.336662667054756
204,"([0.2, 0.16, 0.13, 0.28, 0.22], [1])","([0.19, 0.23, 0.27, 0.13, 0.17], [0])",-0.0,-0.905,-0.0,-0.0,-0.0,-0.905,0.6746835648762668,-3.6826497256510944,1.3367089161961392
205,"([0.2, 0.16, 0.13, 0.28, 0.22], [1])","([0.19, 0.23, 0.27, 0.13, 0.17], [1])",-0.0,-0.0,-0.0,-0.0,-0.0,0.0,0.6746835648762668,-4.357287041385978,1.3367551653375225
206,"([0.2, 0.16, 0.13, 0.28, 0.22], [3])","([0.19, 0.23, 0.27, 0.13, 0.17], [0])",-0.0,-0.0,-0.0,-0.747,-0.0,-0.747,0.6746835648762668,-4.284924357120861,1.3368014144789058
207,"([0.2, 0.16, 0.13, 0.28, 0.22], [4])","([0.19, 0.23, 0.27, 0.13, 0.17], [0])",-0.0,-0.0,-0.0,-0.0,-0.804,-0.804,0.6746835648762668,-4.155561672855744,1.336847663620289
208,"([0.2, 0.16, 0.13, 0.28, 0.22], [1])","([0.19, 0.23, 0.27, 0.13, 0.17], [4])",-0.0,-0.905,-0.0,-0.0,-0.0,-0.905,0.6746835648762668,-3.9251989885906275,1.3368939127616724
209,"([0.2, 0.16, 0.13, 0.28, 0.22], [0])","([0.19, 0.23, 0.27, 0.13, 0.17], [0])",-0.0,-0.0,-0.0,-0.0,-0.0,0.0,0.6746835648762668,-4.599836304325511,1.3369401619030556
210,"([0.2, 0.16, 0.13, 0.28, 0.22], [3])","([0.19, 0.23, 0.27, 0.13, 0.17], [2])",-0.0,-0.0,-0.0,-0.747,-0.0,-0.747,0.6746835648762668,-4.527473620060395,1.336986411044439
211,"([0.2, 0.16, 0.13, 0.28, 0.22], [4])","([0.19, 0.23, 0.27, 0.13, 0.17], [4])",-0.0,-0.0,-0.0,-0.0,-0.0,0.0,0.6746835648762668,-5.202110935795278,1.3370326601858222
212,"([0.2, 0.16, 0.13, 0.28, 0.22], [2])","([0.19, 0.23, 0.27, 0.13, 0.17], [1])",-0.0,-0.0,-0.997,-0.0,-0.0,-0.997,0.6746835648762668,-4.879748251530161,1.3370789093272055
213,"([0.2, 0.16, 0.13, 0.28, 0.22], [3])","([0.19, 0.23, 0.27, 0.13, 0.17], [1])",-0.0,-0.0,-0.0,-0.747,-0.0,-0.747,0.6746835648762668,-4.807385567265045,1.3371251584685888
214,"([0.2, 0.16, 0.13, 0.28, 0.22], [4])","([0.19, 0.23, 0.27, 0.13, 0.17], [1])",-0.0,-0.0,-0.0,-0.0,-0.804,-0.804,0.6746835648762668,-4.678022882999928,1.337171407609972
215,"([0.2, 0.16, 0.13, 0.28, 0.22], [4])","([0.19, 0.23, 0.27, 0.13, 0.17], [3])",-0.0,-0.0,-0.0,-0.0,-0.804,-0.804,0.6746835648762668,-4.548660198734811,1.3372176567513554
216,"([0.2, 0.16, 0.13, 0.28, 0.22], [3])","([0.19, 0.23, 0.27, 0.13, 0.17], [1])",-0.0,-0.0,-0.0,-0.747,-0.0,-0.747,0.6746835648762668,-4.476297514469694,1.3372639058927387
217,"([0.2, 0.16, 0.13, 0.28, 0.22], [0])","([0.19, 0.23, 0.27, 0.13, 0.17], [0])",-0.0,-0.0,-0.0,-0.0,-0.0,0.0,0.6746835648762668,-5.150934830204577,1.337310155034122
218,"([0.2, 0.16, 0.13, 0.28, 0.22], [1])","([0.19, 0.23, 0.27, 0.13, 0.17], [2])",-0.0,-0.905,-0.0,-0.0,-0.0,-0.905,0.6746835648762668,-4.9205721459394605,1.3373564041755053
219,"([0.2, 0.16, 0.13, 0.28, 0.22], [0])","([0.19, 0.23, 0.27, 0.13, 0.17], [4])",-0.831,-0.0,-0.0,-0.0,-0.0,-0.831,0.6746835648762668,-4.764209461674344,1.3374026533168886
220,"([0.2, 0.16, 0.13, 0.28, 0.22], [0])","([0.19, 0.23, 0.27, 0.13, 0.17], [0])",-0.0,-0.0,-0.0,-0.0,-0.0,0.0,0.6746835648762668,-5.4388467774092275,1.3374489024582719
221,"([0.2, 0.16, 0.13, 0.28, 0.22], [4])","([0.19, 0.23, 0.27, 0.13, 0.17], [2])",-0.0,-0.0,-0.0,-0.0,-0.804,-0.804,0.6746835648762668,-5.3094840931441105,1.3374951515996552
222,"([0.2, 0.16, 0.13, 0.28, 0.22], [0])","([0.19, 0.23, 0.27, 0.13, 0.17], [2])",-0.831,-0.0,-0.0,-0.0,-0.0,-0.831,0.6746835648762668,-5.153121408878994,1.3375414007410384
223,"([0.2, 0.16, 0.13, 0.28, 0.22], [4])","([0.19, 0.23, 0.27, 0.13, 0.17], [4])",-0.0,-0.0,-0.0,-0.0,-0.0,0.0,0.6746835648762668,-5.827758724613878,1.3375876498824217
224,"([0.2, 0.16, 0.13, 0.28, 0.22], [1])","([0.19, 0.23, 0.27, 0.13, 0.17], [2])",-0.0,-0.905,-0.0,-0.0,-0.0,-0.905,0.6746835648762668,-5.597396040348761,1.337633899023805
225,"([0.2, 0.16, 0.13, 0.28, 0.22], [3])","([0.19, 0.23, 0.27, 0.13, 0.17], [1])",-0.0,-0.0,-0.0,-0.747,-0.0,-0.747,0.6746835648762668,-5.525033356083644,1.3376801481651883
226,"([0.2, 0.16, 0.13, 0.28, 0.22], [4])","([0.19, 0.23, 0.27, 0.13, 0.17], [1])",-0.0,-0.0,-0.0,-0.0,-0.804,-0.804,0.6746835648762668,-5.395670671818527,1.3377263973065716
227,"([0.2, 0.16, 0.13, 0.28, 0.22], [1])","([0.19, 0.23, 0.27, 0.13, 0.17], [4])",-0.0,-0.905,-0.0,-0.0,-0.0,-0.905,0.6746835648762668,-5.16530798755341,1.337772646447955
228,"([0.2, 0.16, 0.13, 0.28, 0.22], [0])","([0.19, 0.23, 0.27, 0.13, 0.17], [1])",-0.831,-0.0,-0.0,-0.0,-0.0,-0.831,0.6746835648762668,-5.008945303288294,1.3378188955893382
229,"([0.2, 0.16, 0.13, 0.28, 0.22], [1])","([0.19, 0.23, 0.27, 0.13, 0.17], [1])",-0.0,-0.0,-0.0,-0.0,-0.0,0.0,0.6746835648762668,-5.683582619023177,1.3378651447307215
230,"([0.2, 0.16, 0.13, 0.28, 0.22], [4])","([0.19, 0.23, 0.27, 0.13, 0.17], [1])",-0.0,-0.0,-0.0,-0.0,-0.804,-0.804,0.6746835648762668,-5.55421993475806,1.3379113938721048
231,"([0.2, 0.16, 0.13, 0.28, 0.22], [3])","([0.19, 0.23, 0.27, 0.13, 0.17], [1])",-0.0,-0.0,-0.0,-0.747,-0.0,-0.747,0.6746835648762668,-5.4818572504929435,1.337957643013488
232,"([0.2, 0.16, 0.13, 0.28, 0.22], [1])","([0.19, 0.23, 0.27, 0.13, 0.17], [4])",-0.0,-0.905,-0.0,-0.0,-0.0,-0.905,0.6746835648762668,-5.2514945662278265,1.3380038921548714
233,"([0.2, 0.16, 0.13, 0.28, 0.22], [3])","([0.19, 0.23, 0.27, 0.13, 0.17], [3])",-0.0,-0.0,-0.0,-0.0,-0.0,0.0,0.6746835648762668,-5.92613188196271,1.3380501412962547
234,"([0.2, 0.16, 0.13, 0.28, 0.22], [1])","([0.19, 0.23, 0.27, 0.13, 0.17], [0])",-0.0,-0.905,-0.0,-0.0,-0.0,-0.905,0.6746835648762668,-5.695769197697593,1.338096390437638
235,"([0.2, 0.16, 0.13, 0.28, 0.22], [0])","([0.19, 0.23, 0.27, 0.13, 0.17], [4])",-0.831,-0.0,-0.0,-0.0,-0.0,-0.831,0.6746835648762668,-5.539406513432477,1.3381426395790212
236,"([0.2, 0.16, 0.13, 0.28, 0.22], [4])","([0.19, 0.23, 0.27, 0.13, 0.17], [2])",-0.0,-0.0,-0.0,-0.0,-0.804,-0.804,0.6746835648762668,-5.41004382916736,1.3381888887204045
237,"([0.2, 0.16, 0.13, 0.28, 0.22], [4])","([0.19, 0.23, 0.27, 0.13, 0.17], [2])",-0.0,-0.0,-0.0,-0.0,-0.804,-0.804,0.6746835648762668,-5.280681144902243,1.3382351378617878
238,"([0.2, 0.16, 0.13, 0.28, 0.22], [0])","([0.19, 0.23, 0.27, 0.13, 0.17], [1])",-0.831,-0.0,-0.0,-0.0,-0.0,-0.831,0.6746835648762668,-5.124318460637126,1.3382813870031711
239,"([0.2, 0.16, 0.13, 0.28, 0.22], [4])","([0.19, 0.23, 0.27, 0.13, 0.17], [1])",-0.0,-0.0,-0.0,-0.0,-0.804,-0.804,0.6746835648762668,-4.994955776372009,1.3383276361445544
240,"([0.2, 0.16, 0.13, 0.28, 0.22], [4])","([0.19, 0.23, 0.27, 0.13, 0.17], [3])",-0.0,-0.0,-0.0,-0.0,-0.804,-0.804,0.6746835648762668,-4.865593092106892,1.3383738852859377
241,"([0.2, 0.16, 0.13, 0.28, 0.22], [4])","([0.19, 0.23, 0.27, 0.13, 0.17], [1])",-0.0,-0.0,-0.0,-0.0,-0.804,-0.804,0.6746835648762668,-4.736230407841775,1.338420134427321
242,"([0.2, 0.16, 0.13, 0.28, 0.22], [4])","([0.19, 0.23, 0.27, 0.13, 0.17], [1])",-0.0,-0.0,-0.0,-0.0,-0.804,-0.804,0.6746835648762668,-4.606867723576658,1.3384663835687043
243,"([0.2, 0.16, 0.13, 0.28, 0.22], [1])","([0.19, 0.23, 0.27, 0.13, 0.17], [4])",-0.0,-0.905,-0.0,-0.0,-0.0,-0.905,0.6746835648762668,-4.3765050393115414,1.3385126327100876
244,"([0.2, 0.16, 0.13, 0.28, 0.22], [3])","([0.19, 0.23, 0.27, 0.13, 0.17], [1])",-0.0,-0.0,-0.0,-0.747,-0.0,-0.747,0.6746835648762668,-4.304142355046425,1.3385588818514709
245,"([0.2, 0.16, 0.13, 0.28, 0.22], [3])","([0.19, 0.23, 0.27, 0.13, 0.17], [2])",-0.0,-0.0,-0.0,-0.747,-0.0,-0.747,0.6746835648762668,-4.231779670781308,1.3386051309928542
246,"([0.2, 0.16, 0.13, 0.28, 0.22], [3])","([0.19, 0.23, 0.27, 0.13, 0.17], [2])",-0.0,-0.0,-0.0,-0.747,-0.0,-0.747,0.6746835648762668,-4.159416986516192,1.3386513801342375
247,"([0.2, 0.16, 0.13, 0.28, 0.22], [1])","([0.19, 0.23, 0.27, 0.13, 0.17], [4])",-0.0,-0.905,-0.0,-0.0,-0.0,-0.905,0.6746835648762668,-3.929054302251075,1.3386976292756207
248,"([0.2, 0.16, 0.13, 0.28, 0.22], [0])","([0.19, 0.23, 0.27, 0.13, 0.17], [1])",-0.831,-0.0,-0.0,-0.0,-0.0,-0.831,0.6746835648762668,-3.7726916179859584,1.338743878417004
249,"([0.2, 0.16, 0.13, 0.28, 0.22], [2])","([0.19, 0.23, 0.27, 0.13, 0.17], [1])",-0.0,-0.0,-0.997,-0.0,-0.0,-0.997,0.6746835648762668,-3.450328933720842,1.3387901275583873
250,"([0.2, 0.16, 0.13, 0.28, 0.22], [2])","([0.19, 0.23, 0.27, 0.13, 0.17], [4])",-0.0,-0.0,-0.997,-0.0,-0.0,-0.997,0.6746835648762668,-3.127966249455725,1.3388363766997706
251,"([0.2, 0.16, 0.13, 0.28, 0.22], [1])","([0.19, 0.23, 0.27, 0.13, 0.17], [1])",-0.0,-0.0,-0.0,-0.0,-0.0,0.0,0.6746835648762668,-3.8026035651906085,1.338882625841154
252,"([0.2, 0.16, 0.13, 0.28, 0.22], [1])","([0.19, 0.23, 0.27, 0.13, 0.17], [2])",-0.0,-0.905,-0.0,-0.0,-0.0,-0.905,0.6746835648762668,-3.572240880925492,1.3389288749825372
253,"([0.2, 0.16, 0.13, 0.28, 0.22], [3])","([0.19, 0.23, 0.27, 0.13, 0.17], [4])",-0.0,-0.0,-0.0,-0.747,-0.0,-0.747,0.6746835648762668,-3.4998781966603754,1.3389751241239205
254,"([0.2, 0.16, 0.13, 0.28, 0.22], [3])","([0.19, 0.23, 0.27, 0.13, 0.17], [0])",-0.0,-0.0,-0.0,-0.747,-0.0,-0.747,0.6746835648762668,-3.4275155123952588,1.3390213732653038
255,"([0.2, 0.16, 0.13, 0.28, 0.22], [3])","([0.19, 0.23, 0.27, 0.13, 0.17], [0])",-0.0,-0.0,-0.0,-0.747,-0.0,-0.747,0.6746835648762668,-3.355152828130142,1.339067622406687
256,"([0.2, 0.16, 0.13, 0.28, 0.22], [0])","([0.19, 0.23, 0.27, 0.13, 0.17], [0])",-0.0,-0.0,-0.0,-0.0,-0.0,0.0,0.6746835648762668,-4.029790143865026,1.3391138715480704
257,"([0.2, 0.16, 0.13, 0.28, 0.22], [4])","([0.19, 0.23, 0.27, 0.13, 0.17], [3])",-0.0,-0.0,-0.0,-0.0,-0.804,-0.804,0.6746835648762668,-3.9004274595999093,1.3391601206894537
258,"([0.2, 0.16, 0.13, 0.28, 0.22], [0])","([0.19, 0.23, 0.27, 0.13, 0.17], [1])",-0.831,-0.0,-0.0,-0.0,-0.0,-0.831,0.6746835648762668,-3.7440647753347926,1.339206369830837
259,"([0.2, 0.16, 0.13, 0.28, 0.22], [3])","([0.19, 0.23, 0.27, 0.13, 0.17], [1])",-0.0,-0.0,-0.0,-0.747,-0.0,-0.747,0.6746835648762668,-3.671702091069676,1.3392526189722203
260,"([0.2, 0.16, 0.13, 0.28, 0.22], [0])","([0.19, 0.23, 0.27, 0.13, 0.17], [1])",-0.831,-0.0,-0.0,-0.0,-0.0,-0.831,0.6746835648762668,-3.5153394068045594,1.3392988681136035
261,"([0.2, 0.16, 0.13, 0.28, 0.22], [2])","([0.19, 0.23, 0.27, 0.13, 0.17], [1])",-0.0,-0.0,-0.997,-0.0,-0.0,-0.997,0.6746835648762668,-3.1929767225394428,1.3393451172549868
262,"([0.2, 0.16, 0.13, 0.28, 0.22], [1])","([0.19, 0.23, 0.27, 0.13, 0.17], [1])",-0.0,-0.0,-0.0,-0.0,-0.0,0.0,0.6746835648762668,-3.867614038274326,1.3393913663963701
263,"([0.2, 0.16, 0.13, 0.28, 0.22], [4])","([0.19, 0.23, 0.27, 0.13, 0.17], [1])",-0.0,-0.0,-0.0,-0.0,-0.804,-0.804,0.6746835648762668,-3.7382513540092095,1.3394376155377534
264,"([0.2, 0.16, 0.13, 0.28, 0.22], [3])","([0.19, 0.23, 0.27, 0.13, 0.17], [4])",-0.0,-0.0,-0.0,-0.747,-0.0,-0.747,0.6746835648762668,-3.665888669744093,1.3394838646791367
265,"([0.2, 0.16, 0.13, 0.28, 0.22], [3])","([0.19, 0.23, 0.27, 0.13, 0.17], [2])",-0.0,-0.0,-0.0,-0.747,-0.0,-0.747,0.6746835648762668,-3.5935259854789763,1.33953011382052
266,"([0.2, 0.16, 0.13, 0.28, 0.22], [2])","([0.19, 0.23, 0.27, 0.13, 0.17], [2])",-0.0,-0.0,-0.0,-0.0,-0.0,0.0,0.6746835648762668,-4.26816330121386,1.3395763629619033
267,"([0.2, 0.16, 0.13, 0.28, 0.22], [3])","([0.19, 0.23, 0.27, 0.13, 0.17], [0])",-0.0,-0.0,-0.0,-0.747,-0.0,-0.747,0.6746835648762668,-4.195800616948743,1.3396226121032866
268,"([0.2, 0.16, 0.13, 0.28, 0.22], [0])","([0.19, 0.23, 0.27, 0.13, 0.17], [2])",-0.831,-0.0,-0.0,-0.0,-0.0,-0.831,0.6746835648762668,-4.039437932683627,1.3396688612446699
269,"([0.2, 0.16, 0.13, 0.28, 0.22], [0])","([0.19, 0.23, 0.27, 0.13, 0.17], [4])",-0.831,-0.0,-0.0,-0.0,-0.0,-0.831,0.6746835648762668,-3.88307524841851,1.3397151103860532
270,"([0.2, 0.16, 0.13, 0.28, 0.22], [4])","([0.19, 0.23, 0.27, 0.13, 0.17], [0])",-0.0,-0.0,-0.0,-0.0,-0.804,-0.804,0.6746835648762668,-3.7537125641533935,1.3397613595274365
271,"([0.2, 0.16, 0.13, 0.28, 0.22], [2])","([0.19, 0.23, 0.27, 0.13, 0.17], [1])",-0.0,-0.0,-0.997,-0.0,-0.0,-0.997,0.6746835648762668,-3.431349879888277,1.3398076086688198
272,"([0.2, 0.16, 0.13, 0.28, 0.22], [4])","([0.19, 0.23, 0.27, 0.13, 0.17], [3])",-0.0,-0.0,-0.0,-0.0,-0.804,-0.804,0.6746835648762668,-3.3019871956231603,1.339853857810203
273,"([0.2, 0.16, 0.13, 0.28, 0.22], [4])","([0.19, 0.23, 0.27, 0.13, 0.17], [0])",-0.0,-0.0,-0.0,-0.0,-0.804,-0.804,0.6746835648762668,-3.172624511358044,1.3399001069515863
274,"([0.2, 0.16, 0.13, 0.28, 0.22], [3])","([0.19, 0.23, 0.27, 0.13, 0.17], [0])",-0.0,-0.0,-0.0,-0.747,-0.0,-0.747,0.6746835648762668,-3.100261827092927,1.3399463560929696
275,"([0.2, 0.16, 0.13, 0.28, 0.22], [3])","([0.19, 0.23, 0.27, 0.13, 0.17], [1])",-0.0,-0.0,-0.0,-0.747,-0.0,-0.747,0.6746835648762668,-3.0278991428278106,1.339992605234353
276,"([0.2, 0.16, 0.13, 0.28, 0.22], [3])","([0.19, 0.23, 0.27, 0.13, 0.17], [1])",-0.0,-0.0,-0.0,-0.747,-0.0,-0.747,0.6746835648762668,-2.955536458562694,1.3400388543757362
277,"([0.2, 0.16, 0.13, 0.28, 0.22], [1])","([0.19, 0.23, 0.27, 0.13, 0.17], [4])",-0.0,-0.905,-0.0,-0.0,-0.0,-0.905,0.6746835648762668,-2.7251737742975775,1.3400851035171195
278,"([0.2, 0.16, 0.13, 0.28, 0.22], [3])","([0.19, 0.23, 0.27, 0.13, 0.17], [4])",-0.0,-0.0,-0.0,-0.747,-0.0,-0.747,0.6746835648762668,-2.652811090032461,1.3401313526585028
279,"([0.2, 0.16, 0.13, 0.28, 0.22], [0])","([0.19, 0.23, 0.27, 0.13, 0.17], [3])",-0.831,-0.0,-0.0,-0.0,-0.0,-0.831,0.6746835648762668,-2.496448405767344,1.340177601799886
280,"([0.2, 0.16, 0.13, 0.28, 0.22], [2])","([0.19, 0.23, 0.27, 0.13, 0.17], [1])",-0.0,-0.0,-0.997,-0.0,-0.0,-0.997,0.6746835648762668,-2.1740857215022276,1.3402238509412694
281,"([0.2, 0.16, 0.13, 0.28, 0.22], [3])","([0.19, 0.23, 0.27, 0.13, 0.17], [0])",-0.0,-0.0,-0.0,-0.747,-0.0,-0.747,0.6746835648762668,-2.101723037237111,1.3402701000826527
282,"([0.2, 0.16, 0.13, 0.28, 0.22], [4])","([0.19, 0.23, 0.27, 0.13, 0.17], [1])",-0.0,-0.0,-0.0,-0.0,-0.804,-0.804,0.6746835648762668,-1.9723603529719944,1.340316349224036
283,"([0.2, 0.16, 0.13, 0.28, 0.22], [2])","([0.19, 0.23, 0.27, 0.13, 0.17], [3])",-0.0,-0.0,-0.997,-0.0,-0.0,-0.997,0.6746835648762668,-1.6499976687068778,1.3403625983654193
284,"([0.2, 0.16, 0.13, 0.28, 0.22], [3])","([0.19, 0.23, 0.27, 0.13, 0.17], [1])",-0.0,-0.0,-0.0,-0.747,-0.0,-0.747,0.6746835648762668,-1.5776349844417612,1.3404088475068026
285,"([0.2, 0.16, 0.13, 0.28, 0.22], [1])","([0.19, 0.23, 0.27, 0.13, 0.17], [3])",-0.0,-0.905,-0.0,-0.0,-0.0,-0.905,0.6746835648762668,-1.3472723001766447,1.3404550966481859
286,"([0.2, 0.16, 0.13, 0.28, 0.22], [4])","([0.19, 0.23, 0.27, 0.13, 0.17], [0])",-0.0,-0.0,-0.0,-0.0,-0.804,-0.804,0.6746835648762668,-1.2179096159115281,1.3405013457895691
287,"([0.2, 0.16, 0.13, 0.28, 0.22], [4])","([0.19, 0.23, 0.27, 0.13, 0.17], [2])",-0.0,-0.0,-0.0,-0.0,-0.804,-0.804,0.6746835648762668,-1.0885469316464116,1.3405475949309524
288,"([0.2, 0.16, 0.13, 0.28, 0.22], [0])","([0.19, 0.23, 0.27, 0.13, 0.17], [2])",-0.831,-0.0,-0.0,-0.0,-0.0,-0.831,0.6746835648762668,-0.932184247381295,1.3405938440723357
289,"([0.2, 0.16, 0.13, 0.28, 0.22], [0])","([0.19, 0.23, 0.27, 0.13, 0.17], [3])",-0.831,-0.0,-0.0,-0.0,-0.0,-0.831,0.6746835648762668,-0.7758215631161784,1.340640093213719
290,"([0.2, 0.16, 0.13, 0.28, 0.22], [4])","([0.19, 0.23, 0.27, 0.13, 0.17], [4])",-0.0,-0.0,-0.0,-0.0,-0.0,0.0,0.6746835648762668,-1.450458878851062,1.3406863423551023
291,"([0.2, 0.16, 0.13, 0.28, 0.22], [1])","([0.19, 0.23, 0.27, 0.13, 0.17], [0])",-0.0,-0.905,-0.0,-0.0,-0.0,-0.905,0.6746835648762668,-1.2200961945859454,1.3407325914964856
292,"([0.2, 0.16, 0.13, 0.28, 0.22], [4])","([0.19, 0.23, 0.27, 0.13, 0.17], [0])",-0.0,-0.0,-0.0,-0.0,-0.804,-0.804,0.6746835648762668,-1.0907335103208289,1.340778840637869
293,"([0.2, 0.16, 0.13, 0.28, 0.22], [3])","([0.19, 0.23, 0.27, 0.13, 0.17], [2])",-0.0,-0.0,-0.0,-0.747,-0.0,-0.747,0.6746835648762668,-1.0183708260557123,1.3408250897792522
294,"([0.2, 0.16, 0.13, 0.28, 0.22], [1])","([0.19, 0.23, 0.27, 0.13, 0.17], [2])",-0.0,-0.905,-0.0,-0.0,-0.0,-0.905,0.6746835648762668,-0.7880081417905956,1.3408713389206355
295,"([0.2, 0.16, 0.13, 0.28, 0.22], [3])","([0.19, 0.23, 0.27, 0.13, 0.17], [3])",-0.0,-0.0,-0.0,-0.0,-0.0,0.0,0.6746835648762668,-1.462645457525479,1.3409175880620188
296,"([0.2, 0.16, 0.13, 0.28, 0.22], [3])","([0.19, 0.23, 0.27, 0.13, 0.17], [3])",-0.0,-0.0,-0.0,-0.0,-0.0,0.0,0.6746835648762668,-2.1372827732603623,1.340963837203402
297,"([0.2, 0.16, 0.13, 0.28, 0.22], [3])","([0.19, 0.23, 0.27, 0.13, 0.17], [0])",-0.0,-0.0,-0.0,-0.747,-0.0,-0.747,0.6746835648762668,-2.0649200889952457,1.3410100863447854
298,"([0.2, 0.16, 0.13, 0.28, 0.22], [3])","([0.19, 0.23, 0.27, 0.13, 0.17], [2])",-0.0,-0.0,-0.0,-0.747,-0.0,-0.747,0.6746835648762668,-1.992557404730129,1.3410563354861686
299,"([0.2, 0.16, 0.13, 0.28, 0.22], [2])","([0.19, 0.23, 0.27, 0.13, 0.17], [2])",-0.0,-0.0,-0.0,-0.0,-0.0,0.0,0.6746835648762668,-2.6671947204650124,1.341102584627552
