,sto-1,FB-0,feedback target 0,feedback target 1,feedback target 2,feedback target 3,feedback target 4,feedback target 5,total,exp_loss,actual_regret,exp_regret
0,"([0.08, 0.12, 0.13, 0.05, 0.44, 0.18], [4])","([0.13, 0.22, 0.23, 0.12, 0.1, 0.19], [1])",-0.0,-0.0,-0.0,-0.0,-0.728,-0.0,-0.728,0.6798550719372324,0.23808399999999996,0.18993907193723236
1,"([0.08, 0.12, 0.13, 0.05, 0.44, 0.18], [4])","([0.14, 0.21, 0.22, 0.13, 0.11, 0.19], [2])",-0.0,-0.0,-0.0,-0.0,-0.728,-0.0,-0.728,0.6792456890916363,0.4761679999999999,0.37926876102886864
2,"([0.08, 0.12, 0.13, 0.05, 0.44, 0.18], [4])","([0.0, 0.0, 0.0, 0.0, 1.0, 0.0], [4])",-0.0,-0.0,-0.0,-0.0,-0.0,-0.0,0.0,0.489916,-0.013748000000000093,0.37926876102886864
3,"([0.08, 0.12, 0.13, 0.05, 0.44, 0.18], [4])","([0.0, 0.0, 0.0, 0.0, 1.0, 0.0], [4])",-0.0,-0.0,-0.0,-0.0,-0.0,-0.0,0.0,0.489916,-0.5036640000000001,0.37926876102886864
4,"([0.08, 0.12, 0.13, 0.05, 0.44, 0.18], [4])","([0.0, 0.0, 0.0, 0.0, 1.0, 0.0], [4])",-0.0,-0.0,-0.0,-0.0,-0.0,-0.0,0.0,0.489916,-0.9935800000000001,0.37926876102886864
5,"([0.08, 0.12, 0.13, 0.05, 0.44, 0.18], [4])","([0.0, 0.0, 0.0, 0.0, 1.0, 0.0], [4])",-0.0,-0.0,-0.0,-0.0,-0.0,-0.0,0.0,0.489916,-1.4834960000000001,0.37926876102886864
6,"([0.08, 0.12, 0.13, 0.05, 0.44, 0.18], [2])","([0.0, 0.0, 0.0, 0.0, 1.0, 0.0], [4])",-0.0,-0.0,-0.94,-0.0,-0.0,-0.0,-0.94,0.489916,-1.0334120000000002,0.37926876102886864
7,"([0.08, 0.12, 0.13, 0.05, 0.44, 0.18], [4])","([0.0, 0.0, 0.0, 0.0, 1.0, 0.0], [4])",-0.0,-0.0,-0.0,-0.0,-0.0,-0.0,0.0,0.489916,-1.5233280000000002,0.37926876102886864
8,"([0.08, 0.12, 0.13, 0.05, 0.44, 0.18], [4])","([0.0, 0.0, 0.0, 0.0, 1.0, 0.0], [4])",-0.0,-0.0,-0.0,-0.0,-0.0,-0.0,0.0,0.489916,-2.0132440000000003,0.37926876102886864
9,"([0.08, 0.12, 0.13, 0.05, 0.44, 0.18], [5])","([0.0, 0.0, 0.0, 0.0, 1.0, 0.0], [4])",-0.0,-0.0,-0.0,-0.0,-0.0,-0.858,-0.858,0.489916,-1.6451600000000002,0.37926876102886864
10,"([0.08, 0.12, 0.13, 0.05, 0.44, 0.18], [5])","([0.0, 0.0, 0.0, 0.0, 1.0, 0.0], [4])",-0.0,-0.0,-0.0,-0.0,-0.0,-0.858,-0.858,0.489916,-1.277076,0.37926876102886864
11,"([0.08, 0.12, 0.13, 0.05, 0.44, 0.18], [5])","([0.0, 0.0, 0.0, 0.0, 1.0, 0.0], [4])",-0.0,-0.0,-0.0,-0.0,-0.0,-0.858,-0.858,0.489916,-0.9089920000000001,0.37926876102886864
12,"([0.08, 0.12, 0.13, 0.05, 0.44, 0.18], [4])","([0.0, 0.0, 0.0, 0.0, 1.0, 0.0], [4])",-0.0,-0.0,-0.0,-0.0,-0.0,-0.0,0.0,0.489916,-1.398908,0.37926876102886864
13,"([0.08, 0.12, 0.13, 0.05, 0.44, 0.18], [5])","([0.0, 0.0, 0.0, 0.0, 1.0, 0.0], [4])",-0.0,-0.0,-0.0,-0.0,-0.0,-0.858,-0.858,0.489916,-1.030824,0.37926876102886864
14,"([0.08, 0.12, 0.13, 0.05, 0.44, 0.18], [3])","([0.0, 0.0, 0.0, 0.0, 1.0, 0.0], [4])",-0.0,-0.0,-0.0,-0.758,-0.0,-0.0,-0.758,0.489916,-0.76274,0.37926876102886864
15,"([0.08, 0.12, 0.13, 0.05, 0.44, 0.18], [0])","([0.0, 0.0, 0.0, 0.0, 1.0, 0.0], [4])",-0.772,-0.0,-0.0,-0.0,-0.0,-0.0,-0.772,0.489916,-0.48065599999999997,0.37926876102886864
16,"([0.08, 0.12, 0.13, 0.05, 0.44, 0.18], [2])","([0.0, 0.0, 0.0, 0.0, 1.0, 0.0], [4])",-0.0,-0.0,-0.94,-0.0,-0.0,-0.0,-0.94,0.489916,-0.030572000000000044,0.37926876102886864
17,"([0.08, 0.12, 0.13, 0.05, 0.44, 0.18], [4])","([0.0, 0.0, 0.0, 0.0, 1.0, 0.0], [4])",-0.0,-0.0,-0.0,-0.0,-0.0,-0.0,0.0,0.489916,-0.5204880000000001,0.37926876102886864
18,"([0.08, 0.12, 0.13, 0.05, 0.44, 0.18], [5])","([0.0, 0.0, 0.0, 0.0, 1.0, 0.0], [4])",-0.0,-0.0,-0.0,-0.0,-0.0,-0.858,-0.858,0.489916,-0.1524040000000001,0.37926876102886864
19,"([0.08, 0.12, 0.13, 0.05, 0.44, 0.18], [2])","([0.0, 0.0, 0.0, 0.0, 1.0, 0.0], [4])",-0.0,-0.0,-0.94,-0.0,-0.0,-0.0,-0.94,0.489916,0.29767999999999983,0.37926876102886864
20,"([0.08, 0.12, 0.13, 0.05, 0.44, 0.18], [4])","([0.0, 0.0, 0.0, 0.0, 1.0, 0.0], [4])",-0.0,-0.0,-0.0,-0.0,-0.0,-0.0,0.0,0.489916,-0.19223600000000018,0.37926876102886864
21,"([0.08, 0.12, 0.13, 0.05, 0.44, 0.18], [0])","([0.0, 0.0, 0.0, 0.0, 1.0, 0.0], [4])",-0.772,-0.0,-0.0,-0.0,-0.0,-0.0,-0.772,0.489916,0.08984799999999982,0.37926876102886864
22,"([0.08, 0.12, 0.13, 0.05, 0.44, 0.18], [4])","([0.0, 0.0, 0.0, 0.0, 1.0, 0.0], [4])",-0.0,-0.0,-0.0,-0.0,-0.0,-0.0,0.0,0.489916,-0.4000680000000002,0.37926876102886864
23,"([0.08, 0.12, 0.13, 0.05, 0.44, 0.18], [2])","([0.0, 0.0, 0.0, 0.0, 1.0, 0.0], [4])",-0.0,-0.0,-0.94,-0.0,-0.0,-0.0,-0.94,0.489916,0.05001599999999973,0.37926876102886864
24,"([0.08, 0.12, 0.13, 0.05, 0.44, 0.18], [4])","([0.0, 0.0, 0.0, 0.0, 1.0, 0.0], [4])",-0.0,-0.0,-0.0,-0.0,-0.0,-0.0,0.0,0.489916,-0.4399000000000003,0.37926876102886864
25,"([0.08, 0.12, 0.13, 0.05, 0.44, 0.18], [2])","([0.0, 0.0, 0.0, 0.0, 1.0, 0.0], [4])",-0.0,-0.0,-0.94,-0.0,-0.0,-0.0,-0.94,0.489916,0.010183999999999638,0.37926876102886864
26,"([0.08, 0.12, 0.13, 0.05, 0.44, 0.18], [4])","([0.0, 0.0, 0.0, 0.0, 1.0, 0.0], [4])",-0.0,-0.0,-0.0,-0.0,-0.0,-0.0,0.0,0.489916,-0.4797320000000004,0.37926876102886864
27,"([0.08, 0.12, 0.13, 0.05, 0.44, 0.18], [4])","([0.0, 0.0, 0.0, 0.0, 1.0, 0.0], [4])",-0.0,-0.0,-0.0,-0.0,-0.0,-0.0,0.0,0.489916,-0.9696480000000004,0.37926876102886864
28,"([0.08, 0.12, 0.13, 0.05, 0.44, 0.18], [0])","([0.0, 0.0, 0.0, 0.0, 1.0, 0.0], [4])",-0.772,-0.0,-0.0,-0.0,-0.0,-0.0,-0.772,0.489916,-0.6875640000000004,0.37926876102886864
29,"([0.08, 0.12, 0.13, 0.05, 0.44, 0.18], [5])","([0.0, 0.0, 0.0, 0.0, 1.0, 0.0], [4])",-0.0,-0.0,-0.0,-0.0,-0.0,-0.858,-0.858,0.489916,-0.31948000000000043,0.37926876102886864
30,"([0.08, 0.12, 0.13, 0.05, 0.44, 0.18], [4])","([0.0, 0.0, 0.0, 0.0, 1.0, 0.0], [4])",-0.0,-0.0,-0.0,-0.0,-0.0,-0.0,0.0,0.489916,-0.8093960000000004,0.37926876102886864
31,"([0.08, 0.12, 0.13, 0.05, 0.44, 0.18], [2])","([0.0, 0.0, 0.0, 0.0, 1.0, 0.0], [4])",-0.0,-0.0,-0.94,-0.0,-0.0,-0.0,-0.94,0.489916,-0.3593120000000005,0.37926876102886864
32,"([0.08, 0.12, 0.13, 0.05, 0.44, 0.18], [1])","([0.0, 0.0, 0.0, 0.0, 1.0, 0.0], [4])",-0.0,-0.914,-0.0,-0.0,-0.0,-0.0,-0.914,0.489916,0.0647719999999995,0.37926876102886864
33,"([0.08, 0.12, 0.13, 0.05, 0.44, 0.18], [0])","([0.0, 0.0, 0.0, 0.0, 1.0, 0.0], [4])",-0.772,-0.0,-0.0,-0.0,-0.0,-0.0,-0.772,0.489916,0.3468559999999995,0.37926876102886864
34,"([0.08, 0.12, 0.13, 0.05, 0.44, 0.18], [3])","([0.0, 0.0, 0.0, 0.0, 1.0, 0.0], [4])",-0.0,-0.0,-0.0,-0.758,-0.0,-0.0,-0.758,0.489916,0.6149399999999995,0.37926876102886864
35,"([0.08, 0.12, 0.13, 0.05, 0.44, 0.18], [2])","([0.0, 0.0, 0.0, 0.0, 1.0, 0.0], [4])",-0.0,-0.0,-0.94,-0.0,-0.0,-0.0,-0.94,0.489916,1.0650239999999993,0.37926876102886864
36,"([0.08, 0.12, 0.13, 0.05, 0.44, 0.18], [2])","([0.0, 0.0, 0.0, 0.0, 1.0, 0.0], [4])",-0.0,-0.0,-0.94,-0.0,-0.0,-0.0,-0.94,0.489916,1.5151079999999992,0.37926876102886864
37,"([0.08, 0.12, 0.13, 0.05, 0.44, 0.18], [2])","([0.0, 0.0, 0.0, 0.0, 1.0, 0.0], [4])",-0.0,-0.0,-0.94,-0.0,-0.0,-0.0,-0.94,0.489916,1.9651919999999992,0.37926876102886864
38,"([0.08, 0.12, 0.13, 0.05, 0.44, 0.18], [2])","([0.0, 0.0, 0.0, 0.0, 1.0, 0.0], [4])",-0.0,-0.0,-0.94,-0.0,-0.0,-0.0,-0.94,0.489916,2.415275999999999,0.37926876102886864
39,"([0.08, 0.12, 0.13, 0.05, 0.44, 0.18], [4])","([0.0, 0.0, 0.0, 0.0, 1.0, 0.0], [4])",-0.0,-0.0,-0.0,-0.0,-0.0,-0.0,0.0,0.489916,1.925359999999999,0.37926876102886864
40,"([0.08, 0.12, 0.13, 0.05, 0.44, 0.18], [1])","([0.0, 0.0, 0.0, 0.0, 1.0, 0.0], [4])",-0.0,-0.914,-0.0,-0.0,-0.0,-0.0,-0.914,0.489916,2.349443999999999,0.37926876102886864
41,"([0.08, 0.12, 0.13, 0.05, 0.44, 0.18], [4])","([0.0, 0.0, 0.0, 0.0, 1.0, 0.0], [4])",-0.0,-0.0,-0.0,-0.0,-0.0,-0.0,0.0,0.489916,1.8595279999999992,0.37926876102886864
42,"([0.08, 0.12, 0.13, 0.05, 0.44, 0.18], [5])","([0.0, 0.0, 0.0, 0.0, 1.0, 0.0], [4])",-0.0,-0.0,-0.0,-0.0,-0.0,-0.858,-0.858,0.489916,2.2276119999999993,0.37926876102886864
43,"([0.08, 0.12, 0.13, 0.05, 0.44, 0.18], [4])","([0.0, 0.0, 0.0, 0.0, 1.0, 0.0], [4])",-0.0,-0.0,-0.0,-0.0,-0.0,-0.0,0.0,0.489916,1.7376959999999992,0.37926876102886864
44,"([0.08, 0.12, 0.13, 0.05, 0.44, 0.18], [2])","([0.0, 0.0, 0.0, 0.0, 1.0, 0.0], [4])",-0.0,-0.0,-0.94,-0.0,-0.0,-0.0,-0.94,0.489916,2.187779999999999,0.37926876102886864
45,"([0.08, 0.12, 0.13, 0.05, 0.44, 0.18], [4])","([0.0, 0.0, 0.0, 0.0, 1.0, 0.0], [4])",-0.0,-0.0,-0.0,-0.0,-0.0,-0.0,0.0,0.489916,1.6978639999999992,0.37926876102886864
46,"([0.08, 0.12, 0.13, 0.05, 0.44, 0.18], [5])","([0.0, 0.0, 0.0, 0.0, 1.0, 0.0], [4])",-0.0,-0.0,-0.0,-0.0,-0.0,-0.858,-0.858,0.489916,2.0659479999999992,0.37926876102886864
47,"([0.08, 0.12, 0.13, 0.05, 0.44, 0.18], [4])","([0.0, 0.0, 0.0, 0.0, 1.0, 0.0], [4])",-0.0,-0.0,-0.0,-0.0,-0.0,-0.0,0.0,0.489916,1.5760319999999992,0.37926876102886864
48,"([0.08, 0.12, 0.13, 0.05, 0.44, 0.18], [4])","([0.0, 0.0, 0.0, 0.0, 1.0, 0.0], [4])",-0.0,-0.0,-0.0,-0.0,-0.0,-0.0,0.0,0.489916,1.0861159999999992,0.37926876102886864
49,"([0.08, 0.12, 0.13, 0.05, 0.44, 0.18], [4])","([0.0, 0.0, 0.0, 0.0, 1.0, 0.0], [4])",-0.0,-0.0,-0.0,-0.0,-0.0,-0.0,0.0,0.489916,0.5961999999999992,0.37926876102886864
50,"([0.08, 0.12, 0.13, 0.05, 0.44, 0.18], [4])","([0.0, 0.0, 0.0, 0.0, 1.0, 0.0], [4])",-0.0,-0.0,-0.0,-0.0,-0.0,-0.0,0.0,0.489916,0.10628399999999916,0.37926876102886864
51,"([0.08, 0.12, 0.13, 0.05, 0.44, 0.18], [5])","([0.0, 0.0, 0.0, 0.0, 1.0, 0.0], [4])",-0.0,-0.0,-0.0,-0.0,-0.0,-0.858,-0.858,0.489916,0.4743679999999991,0.37926876102886864
52,"([0.08, 0.12, 0.13, 0.05, 0.44, 0.18], [2])","([0.0, 0.0, 0.0, 0.0, 1.0, 0.0], [4])",-0.0,-0.0,-0.94,-0.0,-0.0,-0.0,-0.94,0.489916,0.924451999999999,0.37926876102886864
53,"([0.08, 0.12, 0.13, 0.05, 0.44, 0.18], [4])","([0.0, 0.0, 0.0, 0.0, 1.0, 0.0], [4])",-0.0,-0.0,-0.0,-0.0,-0.0,-0.0,0.0,0.489916,0.43453599999999903,0.37926876102886864
54,"([0.08, 0.12, 0.13, 0.05, 0.44, 0.18], [4])","([0.0, 0.0, 0.0, 0.0, 1.0, 0.0], [4])",-0.0,-0.0,-0.0,-0.0,-0.0,-0.0,0.0,0.489916,-0.055380000000000984,0.37926876102886864
55,"([0.08, 0.12, 0.13, 0.05, 0.44, 0.18], [4])","([0.0, 0.0, 0.0, 0.0, 1.0, 0.0], [4])",-0.0,-0.0,-0.0,-0.0,-0.0,-0.0,0.0,0.489916,-0.545296000000001,0.37926876102886864
56,"([0.08, 0.12, 0.13, 0.05, 0.44, 0.18], [4])","([0.0, 0.0, 0.0, 0.0, 1.0, 0.0], [4])",-0.0,-0.0,-0.0,-0.0,-0.0,-0.0,0.0,0.489916,-1.035212000000001,0.37926876102886864
57,"([0.08, 0.12, 0.13, 0.05, 0.44, 0.18], [4])","([0.0, 0.0, 0.0, 0.0, 1.0, 0.0], [4])",-0.0,-0.0,-0.0,-0.0,-0.0,-0.0,0.0,0.489916,-1.525128000000001,0.37926876102886864
58,"([0.08, 0.12, 0.13, 0.05, 0.44, 0.18], [2])","([0.0, 0.0, 0.0, 0.0, 1.0, 0.0], [4])",-0.0,-0.0,-0.94,-0.0,-0.0,-0.0,-0.94,0.489916,-1.075044000000001,0.37926876102886864
59,"([0.08, 0.12, 0.13, 0.05, 0.44, 0.18], [1])","([0.0, 0.0, 0.0, 0.0, 1.0, 0.0], [4])",-0.0,-0.914,-0.0,-0.0,-0.0,-0.0,-0.914,0.489916,-0.650960000000001,0.37926876102886864
60,"([0.08, 0.12, 0.13, 0.05, 0.44, 0.18], [1])","([0.0, 0.0, 0.0, 0.0, 1.0, 0.0], [4])",-0.0,-0.914,-0.0,-0.0,-0.0,-0.0,-0.914,0.489916,-0.22687600000000097,0.37926876102886864
61,"([0.08, 0.12, 0.13, 0.05, 0.44, 0.18], [4])","([0.0, 0.0, 0.0, 0.0, 1.0, 0.0], [4])",-0.0,-0.0,-0.0,-0.0,-0.0,-0.0,0.0,0.489916,-0.716792000000001,0.37926876102886864
62,"([0.08, 0.12, 0.13, 0.05, 0.44, 0.18], [1])","([0.0, 0.0, 0.0, 0.0, 1.0, 0.0], [4])",-0.0,-0.914,-0.0,-0.0,-0.0,-0.0,-0.914,0.489916,-0.29270800000000097,0.37926876102886864
63,"([0.08, 0.12, 0.13, 0.05, 0.44, 0.18], [2])","([0.0, 0.0, 0.0, 0.0, 1.0, 0.0], [4])",-0.0,-0.0,-0.94,-0.0,-0.0,-0.0,-0.94,0.489916,0.15737599999999896,0.37926876102886864
64,"([0.08, 0.12, 0.13, 0.05, 0.44, 0.18], [4])","([0.0, 0.0, 0.0, 0.0, 1.0, 0.0], [4])",-0.0,-0.0,-0.0,-0.0,-0.0,-0.0,0.0,0.489916,-0.33254000000000106,0.37926876102886864
65,"([0.08, 0.12, 0.13, 0.05, 0.44, 0.18], [5])","([0.0, 0.0, 0.0, 0.0, 1.0, 0.0], [4])",-0.0,-0.0,-0.0,-0.0,-0.0,-0.858,-0.858,0.489916,0.03554399999999891,0.37926876102886864
66,"([0.08, 0.12, 0.13, 0.05, 0.44, 0.18], [4])","([0.0, 0.0, 0.0, 0.0, 1.0, 0.0], [4])",-0.0,-0.0,-0.0,-0.0,-0.0,-0.0,0.0,0.489916,-0.4543720000000011,0.37926876102886864
67,"([0.08, 0.12, 0.13, 0.05, 0.44, 0.18], [3])","([0.0, 0.0, 0.0, 0.0, 1.0, 0.0], [4])",-0.0,-0.0,-0.0,-0.758,-0.0,-0.0,-0.758,0.489916,-0.18628800000000112,0.37926876102886864
68,"([0.08, 0.12, 0.13, 0.05, 0.44, 0.18], [0])","([0.0, 0.0, 0.0, 0.0, 1.0, 0.0], [4])",-0.772,-0.0,-0.0,-0.0,-0.0,-0.0,-0.772,0.489916,0.09579599999999888,0.37926876102886864
69,"([0.08, 0.12, 0.13, 0.05, 0.44, 0.18], [1])","([0.0, 0.0, 0.0, 0.0, 1.0, 0.0], [4])",-0.0,-0.914,-0.0,-0.0,-0.0,-0.0,-0.914,0.489916,0.5198799999999989,0.37926876102886864
70,"([0.08, 0.12, 0.13, 0.05, 0.44, 0.18], [4])","([0.0, 0.0, 0.0, 0.0, 1.0, 0.0], [4])",-0.0,-0.0,-0.0,-0.0,-0.0,-0.0,0.0,0.489916,0.02996399999999888,0.37926876102886864
71,"([0.08, 0.12, 0.13, 0.05, 0.44, 0.18], [2])","([0.0, 0.0, 0.0, 0.0, 1.0, 0.0], [4])",-0.0,-0.0,-0.94,-0.0,-0.0,-0.0,-0.94,0.489916,0.4800479999999988,0.37926876102886864
72,"([0.08, 0.12, 0.13, 0.05, 0.44, 0.18], [2])","([0.0, 0.0, 0.0, 0.0, 1.0, 0.0], [4])",-0.0,-0.0,-0.94,-0.0,-0.0,-0.0,-0.94,0.489916,0.9301319999999987,0.37926876102886864
73,"([0.08, 0.12, 0.13, 0.05, 0.44, 0.18], [4])","([0.0, 0.0, 0.0, 0.0, 1.0, 0.0], [4])",-0.0,-0.0,-0.0,-0.0,-0.0,-0.0,0.0,0.489916,0.4402159999999987,0.37926876102886864
74,"([0.08, 0.12, 0.13, 0.05, 0.44, 0.18], [4])","([0.0, 0.0, 0.0, 0.0, 1.0, 0.0], [4])",-0.0,-0.0,-0.0,-0.0,-0.0,-0.0,0.0,0.489916,-0.0497000000000013,0.37926876102886864
75,"([0.08, 0.12, 0.13, 0.05, 0.44, 0.18], [4])","([0.0, 0.0, 0.0, 0.0, 1.0, 0.0], [4])",-0.0,-0.0,-0.0,-0.0,-0.0,-0.0,0.0,0.489916,-0.5396160000000013,0.37926876102886864
76,"([0.08, 0.12, 0.13, 0.05, 0.44, 0.18], [3])","([0.0, 0.0, 0.0, 0.0, 1.0, 0.0], [4])",-0.0,-0.0,-0.0,-0.758,-0.0,-0.0,-0.758,0.489916,-0.27153200000000133,0.37926876102886864
77,"([0.08, 0.12, 0.13, 0.05, 0.44, 0.18], [4])","([0.0, 0.0, 0.0, 0.0, 1.0, 0.0], [4])",-0.0,-0.0,-0.0,-0.0,-0.0,-0.0,0.0,0.489916,-0.7614480000000013,0.37926876102886864
78,"([0.08, 0.12, 0.13, 0.05, 0.44, 0.18], [4])","([0.0, 0.0, 0.0, 0.0, 1.0, 0.0], [4])",-0.0,-0.0,-0.0,-0.0,-0.0,-0.0,0.0,0.489916,-1.2513640000000015,0.37926876102886864
79,"([0.08, 0.12, 0.13, 0.05, 0.44, 0.18], [4])","([0.0, 0.0, 0.0, 0.0, 1.0, 0.0], [4])",-0.0,-0.0,-0.0,-0.0,-0.0,-0.0,0.0,0.489916,-1.7412800000000015,0.37926876102886864
80,"([0.08, 0.12, 0.13, 0.05, 0.44, 0.18], [4])","([0.0, 0.0, 0.0, 0.0, 1.0, 0.0], [4])",-0.0,-0.0,-0.0,-0.0,-0.0,-0.0,0.0,0.489916,-2.2311960000000015,0.37926876102886864
81,"([0.08, 0.12, 0.13, 0.05, 0.44, 0.18], [3])","([0.0, 0.0, 0.0, 0.0, 1.0, 0.0], [4])",-0.0,-0.0,-0.0,-0.758,-0.0,-0.0,-0.758,0.489916,-1.9631120000000015,0.37926876102886864
82,"([0.08, 0.12, 0.13, 0.05, 0.44, 0.18], [0])","([0.0, 0.0, 0.0, 0.0, 1.0, 0.0], [4])",-0.772,-0.0,-0.0,-0.0,-0.0,-0.0,-0.772,0.489916,-1.6810280000000015,0.37926876102886864
83,"([0.08, 0.12, 0.13, 0.05, 0.44, 0.18], [4])","([0.0, 0.0, 0.0, 0.0, 1.0, 0.0], [4])",-0.0,-0.0,-0.0,-0.0,-0.0,-0.0,0.0,0.489916,-2.1709440000000013,0.37926876102886864
84,"([0.08, 0.12, 0.13, 0.05, 0.44, 0.18], [4])","([0.0, 0.0, 0.0, 0.0, 1.0, 0.0], [4])",-0.0,-0.0,-0.0,-0.0,-0.0,-0.0,0.0,0.489916,-2.6608600000000013,0.37926876102886864
85,"([0.08, 0.12, 0.13, 0.05, 0.44, 0.18], [2])","([0.0, 0.0, 0.0, 0.0, 1.0, 0.0], [4])",-0.0,-0.0,-0.94,-0.0,-0.0,-0.0,-0.94,0.489916,-2.2107760000000014,0.37926876102886864
86,"([0.08, 0.12, 0.13, 0.05, 0.44, 0.18], [4])","([0.0, 0.0, 0.0, 0.0, 1.0, 0.0], [4])",-0.0,-0.0,-0.0,-0.0,-0.0,-0.0,0.0,0.489916,-2.7006920000000014,0.37926876102886864
87,"([0.08, 0.12, 0.13, 0.05, 0.44, 0.18], [4])","([0.0, 0.0, 0.0, 0.0, 1.0, 0.0], [4])",-0.0,-0.0,-0.0,-0.0,-0.0,-0.0,0.0,0.489916,-3.1906080000000014,0.37926876102886864
88,"([0.08, 0.12, 0.13, 0.05, 0.44, 0.18], [4])","([0.0, 0.0, 0.0, 0.0, 1.0, 0.0], [4])",-0.0,-0.0,-0.0,-0.0,-0.0,-0.0,0.0,0.489916,-3.6805240000000015,0.37926876102886864
89,"([0.08, 0.12, 0.13, 0.05, 0.44, 0.18], [2])","([0.0, 0.0, 0.0, 0.0, 1.0, 0.0], [4])",-0.0,-0.0,-0.94,-0.0,-0.0,-0.0,-0.94,0.489916,-3.2304400000000015,0.37926876102886864
90,"([0.08, 0.12, 0.13, 0.05, 0.44, 0.18], [3])","([0.0, 0.0, 0.0, 0.0, 1.0, 0.0], [4])",-0.0,-0.0,-0.0,-0.758,-0.0,-0.0,-0.758,0.489916,-2.9623560000000015,0.37926876102886864
91,"([0.08, 0.12, 0.13, 0.05, 0.44, 0.18], [2])","([0.0, 0.0, 0.0, 0.0, 1.0, 0.0], [4])",-0.0,-0.0,-0.94,-0.0,-0.0,-0.0,-0.94,0.489916,-2.5122720000000016,0.37926876102886864
92,"([0.08, 0.12, 0.13, 0.05, 0.44, 0.18], [2])","([0.0, 0.0, 0.0, 0.0, 1.0, 0.0], [4])",-0.0,-0.0,-0.94,-0.0,-0.0,-0.0,-0.94,0.489916,-2.0621880000000017,0.37926876102886864
93,"([0.08, 0.12, 0.13, 0.05, 0.44, 0.18], [4])","([0.0, 0.0, 0.0, 0.0, 1.0, 0.0], [4])",-0.0,-0.0,-0.0,-0.0,-0.0,-0.0,0.0,0.489916,-2.5521040000000017,0.37926876102886864
94,"([0.08, 0.12, 0.13, 0.05, 0.44, 0.18], [4])","([0.0, 0.0, 0.0, 0.0, 1.0, 0.0], [4])",-0.0,-0.0,-0.0,-0.0,-0.0,-0.0,0.0,0.489916,-3.0420200000000017,0.37926876102886864
95,"([0.08, 0.12, 0.13, 0.05, 0.44, 0.18], [4])","([0.0, 0.0, 0.0, 0.0, 1.0, 0.0], [4])",-0.0,-0.0,-0.0,-0.0,-0.0,-0.0,0.0,0.489916,-3.5319360000000017,0.37926876102886864
96,"([0.08, 0.12, 0.13, 0.05, 0.44, 0.18], [2])","([0.0, 0.0, 0.0, 0.0, 1.0, 0.0], [4])",-0.0,-0.0,-0.94,-0.0,-0.0,-0.0,-0.94,0.489916,-3.081852000000002,0.37926876102886864
97,"([0.08, 0.12, 0.13, 0.05, 0.44, 0.18], [4])","([0.0, 0.0, 0.0, 0.0, 1.0, 0.0], [4])",-0.0,-0.0,-0.0,-0.0,-0.0,-0.0,0.0,0.489916,-3.571768000000002,0.37926876102886864
98,"([0.08, 0.12, 0.13, 0.05, 0.44, 0.18], [0])","([0.0, 0.0, 0.0, 0.0, 1.0, 0.0], [4])",-0.772,-0.0,-0.0,-0.0,-0.0,-0.0,-0.772,0.489916,-3.289684000000002,0.37926876102886864
99,"([0.08, 0.12, 0.13, 0.05, 0.44, 0.18], [1])","([0.0, 0.0, 0.0, 0.0, 1.0, 0.0], [4])",-0.0,-0.914,-0.0,-0.0,-0.0,-0.0,-0.914,0.489916,-2.865600000000002,0.37926876102886864
