,sto-1,FB-0,feedback target 0,feedback target 1,feedback target 2,feedback target 3,feedback target 4,feedback target 5,total,target_observed?,exp_loss,actual_regret,exp_regret
0,"([0.08, 0.12, 0.13, 0.05, 0.44, 0.18], [4])","([0.14, 0.21, 0.22, 0.13, 0.11, 0.19], [4])",-0.0,-0.0,-0.0,-0.0,-0.0,-0.0,0.0,observed,0.6792713624492869,-0.489916,0.18935536244928686
1,"([0.08, 0.12, 0.13, 0.05, 0.44, 0.18], [4])","([0.14, 0.21, 0.22, 0.13, 0.11, 0.19], [0])",-0.0,-0.0,-0.0,-0.0,-0.0,-0.0,0.0,not observed,0.6792713624492869,-0.25183200000000006,0.3787107248985737
2,"([0.08, 0.12, 0.13, 0.05, 0.44, 0.18], [0])","([0.14, 0.21, 0.22, 0.13, 0.11, 0.19], [1])",-0.0,-0.0,-0.0,-0.0,-0.0,-0.0,0.0,not observed,0.6792713624492869,0.030251999999999946,0.5680660873478606
3,"([0.08, 0.12, 0.13, 0.05, 0.44, 0.18], [0])","([0.14, 0.21, 0.22, 0.13, 0.11, 0.19], [5])",-0.0,-0.0,-0.0,-0.0,-0.0,-0.0,0.0,not observed,0.6792713624492869,0.31233599999999995,0.7574214497971474
4,"([0.08, 0.12, 0.13, 0.05, 0.44, 0.18], [4])","([0.14, 0.21, 0.22, 0.13, 0.11, 0.19], [3])",-0.0,-0.0,-0.0,-0.0,-0.0,-0.0,0.0,not observed,0.6792713624492869,0.5504199999999999,0.9467768122464343
5,"([0.08, 0.12, 0.13, 0.05, 0.44, 0.18], [2])","([0.14, 0.21, 0.22, 0.13, 0.11, 0.19], [1])",-0.0,-0.0,-0.0,-0.0,-0.0,-0.0,0.0,not observed,0.6792713624492869,1.0005039999999998,1.1361321746957211
6,"([0.08, 0.12, 0.13, 0.05, 0.44, 0.18], [1])","([0.14, 0.21, 0.22, 0.13, 0.11, 0.19], [3])",-0.0,-0.0,-0.0,-0.0,-0.0,-0.0,0.0,not observed,0.6792713624492869,1.424588,1.3254875371450079
7,"([0.08, 0.12, 0.13, 0.05, 0.44, 0.18], [0])","([0.14, 0.21, 0.22, 0.13, 0.11, 0.19], [1])",-0.0,-0.0,-0.0,-0.0,-0.0,-0.0,0.0,not observed,0.6792713624492869,1.706672,1.5148428995942949
8,"([0.08, 0.12, 0.13, 0.05, 0.44, 0.18], [3])","([0.14, 0.21, 0.22, 0.13, 0.11, 0.19], [3])",-0.0,-0.0,-0.0,-0.0,-0.0,-0.0,0.0,observed,0.6792713624492869,1.216756,1.7041982620435818
9,"([0.08, 0.12, 0.13, 0.05, 0.44, 0.18], [4])","([0.14, 0.21, 0.22, 0.13, 0.11, 0.19], [2])",-0.0,-0.0,-0.0,-0.0,-0.0,-0.0,0.0,not observed,0.6792713624492869,1.45484,1.8935536244928688
10,"([0.08, 0.12, 0.13, 0.05, 0.44, 0.18], [4])","([0.14, 0.21, 0.22, 0.13, 0.11, 0.19], [4])",-0.0,-0.0,-0.0,-0.0,-0.0,-0.0,0.0,observed,0.6792713624492869,0.9649239999999999,2.0829089869421558
11,"([0.08, 0.12, 0.13, 0.05, 0.44, 0.18], [5])","([0.14, 0.21, 0.22, 0.13, 0.11, 0.19], [1])",-0.0,-0.0,-0.0,-0.0,-0.0,-0.0,0.0,not observed,0.6792713624492869,1.333008,2.2722643493914427
12,"([0.08, 0.12, 0.13, 0.05, 0.44, 0.18], [5])","([0.14, 0.21, 0.22, 0.13, 0.11, 0.19], [3])",-0.0,-0.0,-0.0,-0.0,-0.0,-0.0,0.0,not observed,0.6792713624492869,1.701092,2.4616197118407297
13,"([0.08, 0.12, 0.13, 0.05, 0.44, 0.18], [0])","([0.14, 0.21, 0.22, 0.13, 0.11, 0.19], [3])",-0.0,-0.0,-0.0,-0.0,-0.0,-0.0,0.0,not observed,0.6792713624492869,1.983176,2.6509750742900167
14,"([0.08, 0.12, 0.13, 0.05, 0.44, 0.18], [3])","([0.14, 0.21, 0.22, 0.13, 0.11, 0.19], [0])",-0.0,-0.0,-0.0,-0.0,-0.0,-0.0,0.0,not observed,0.6792713624492869,2.2512600000000003,2.8403304367393036
15,"([0.08, 0.12, 0.13, 0.05, 0.44, 0.18], [4])","([0.14, 0.21, 0.22, 0.13, 0.11, 0.19], [1])",-0.0,-0.0,-0.0,-0.0,-0.0,-0.0,0.0,not observed,0.6792713624492869,2.489344,3.0296857991885906
16,"([0.08, 0.12, 0.13, 0.05, 0.44, 0.18], [1])","([0.14, 0.21, 0.22, 0.13, 0.11, 0.19], [1])",-0.0,-0.0,-0.0,-0.0,-0.0,-0.0,0.0,observed,0.6792713624492869,1.999428,3.2190411616378776
17,"([0.08, 0.12, 0.13, 0.05, 0.44, 0.18], [0])","([0.14, 0.21, 0.22, 0.13, 0.11, 0.19], [5])",-0.0,-0.0,-0.0,-0.0,-0.0,-0.0,0.0,not observed,0.6792713624492869,2.281512,3.4083965240871645
18,"([0.08, 0.12, 0.13, 0.05, 0.44, 0.18], [5])","([0.14, 0.21, 0.22, 0.13, 0.11, 0.19], [4])",-0.0,-0.0,-0.0,-0.0,-0.0,-0.0,0.0,not observed,0.6792713624492869,2.6495960000000003,3.5977518865364515
19,"([0.08, 0.12, 0.13, 0.05, 0.44, 0.18], [5])","([0.14, 0.21, 0.22, 0.13, 0.11, 0.19], [3])",-0.0,-0.0,-0.0,-0.0,-0.0,-0.0,0.0,not observed,0.6792713624492869,3.0176800000000004,3.7871072489857385
20,"([0.08, 0.12, 0.13, 0.05, 0.44, 0.18], [1])","([0.14, 0.21, 0.22, 0.13, 0.11, 0.19], [3])",-0.0,-0.0,-0.0,-0.0,-0.0,-0.0,0.0,not observed,0.6792713624492869,3.4417640000000005,3.9764626114350254
21,"([0.08, 0.12, 0.13, 0.05, 0.44, 0.18], [4])","([0.14, 0.21, 0.22, 0.13, 0.11, 0.19], [2])",-0.0,-0.0,-0.0,-0.0,-0.0,-0.0,0.0,not observed,0.6792713624492869,3.6798480000000007,4.165817973884312
22,"([0.08, 0.12, 0.13, 0.05, 0.44, 0.18], [1])","([0.14, 0.21, 0.22, 0.13, 0.11, 0.19], [2])",-0.0,-0.0,-0.0,-0.0,-0.0,-0.0,0.0,not observed,0.6792713624492869,4.103932,4.355173336333599
23,"([0.08, 0.12, 0.13, 0.05, 0.44, 0.18], [4])","([0.14, 0.21, 0.22, 0.13, 0.11, 0.19], [2])",-0.0,-0.0,-0.0,-0.0,-0.0,-0.0,0.0,not observed,0.6792713624492869,4.342016,4.5445286987828855
24,"([0.08, 0.12, 0.13, 0.05, 0.44, 0.18], [2])","([0.14, 0.21, 0.22, 0.13, 0.11, 0.19], [0])",-0.0,-0.0,-0.0,-0.0,-0.0,-0.0,0.0,not observed,0.6792713624492869,4.7921,4.733884061232172
25,"([0.08, 0.12, 0.13, 0.05, 0.44, 0.18], [4])","([0.14, 0.21, 0.22, 0.13, 0.11, 0.19], [2])",-0.0,-0.0,-0.0,-0.0,-0.0,-0.0,0.0,not observed,0.6792713624492869,5.030183999999999,4.9232394236814585
26,"([0.08, 0.12, 0.13, 0.05, 0.44, 0.18], [2])","([0.14, 0.21, 0.22, 0.13, 0.11, 0.19], [1])",-0.0,-0.0,-0.0,-0.0,-0.0,-0.0,0.0,not observed,0.6792713624492869,5.480267999999999,5.112594786130745
27,"([0.08, 0.12, 0.13, 0.05, 0.44, 0.18], [4])","([0.14, 0.21, 0.22, 0.13, 0.11, 0.19], [5])",-0.0,-0.0,-0.0,-0.0,-0.0,-0.0,0.0,not observed,0.6792713624492869,5.7183519999999985,5.3019501485800316
28,"([0.08, 0.12, 0.13, 0.05, 0.44, 0.18], [1])","([0.14, 0.21, 0.22, 0.13, 0.11, 0.19], [1])",-0.0,-0.0,-0.0,-0.0,-0.0,-0.0,0.0,observed,0.6792713624492869,5.2284359999999985,5.491305511029318
29,"([0.08, 0.12, 0.13, 0.05, 0.44, 0.18], [4])","([0.14, 0.21, 0.22, 0.13, 0.11, 0.19], [3])",-0.0,-0.0,-0.0,-0.0,-0.0,-0.0,0.0,not observed,0.6792713624492869,5.466519999999998,5.680660873478605
30,"([0.08, 0.12, 0.13, 0.05, 0.44, 0.18], [4])","([0.14, 0.21, 0.22, 0.13, 0.11, 0.19], [5])",-0.0,-0.0,-0.0,-0.0,-0.0,-0.0,0.0,not observed,0.6792713624492869,5.704603999999998,5.870016235927891
31,"([0.08, 0.12, 0.13, 0.05, 0.44, 0.18], [5])","([0.14, 0.21, 0.22, 0.13, 0.11, 0.19], [3])",-0.0,-0.0,-0.0,-0.0,-0.0,-0.0,0.0,not observed,0.6792713624492869,6.072687999999998,6.059371598377178
32,"([0.08, 0.12, 0.13, 0.05, 0.44, 0.18], [4])","([0.14, 0.21, 0.22, 0.13, 0.11, 0.19], [5])",-0.0,-0.0,-0.0,-0.0,-0.0,-0.0,0.0,not observed,0.6792713624492869,6.310771999999997,6.248726960826464
33,"([0.08, 0.12, 0.13, 0.05, 0.44, 0.18], [2])","([0.14, 0.21, 0.22, 0.13, 0.11, 0.19], [4])",-0.0,-0.0,-0.0,-0.0,-0.0,-0.0,0.0,not observed,0.6792713624492869,6.760855999999997,6.438082323275751
34,"([0.08, 0.12, 0.13, 0.05, 0.44, 0.18], [4])","([0.14, 0.22, 0.23, 0.13, 0.1, 0.19], [1])",-0.0,-0.0,-0.0,-0.0,-0.0,-0.0,0.0,not observed,0.6796648666135225,6.998939999999997,6.627831189889273
35,"([0.08, 0.12, 0.13, 0.05, 0.44, 0.18], [1])","([0.14, 0.21, 0.22, 0.13, 0.11, 0.19], [0])",-0.0,-0.0,-0.0,-0.0,-0.0,-0.0,0.0,not observed,0.6792713624492869,7.423023999999996,6.817186552338559
36,"([0.08, 0.12, 0.13, 0.05, 0.44, 0.18], [4])","([0.14, 0.21, 0.22, 0.13, 0.11, 0.19], [5])",-0.0,-0.0,-0.0,-0.0,-0.0,-0.0,0.0,not observed,0.6792713624492869,7.661107999999996,7.006541914787846
37,"([0.08, 0.12, 0.13, 0.05, 0.44, 0.18], [3])","([0.14, 0.21, 0.22, 0.13, 0.11, 0.19], [1])",-0.0,-0.0,-0.0,-0.0,-0.0,-0.0,0.0,not observed,0.6792713624492869,7.929191999999996,7.195897277237132
38,"([0.08, 0.12, 0.13, 0.05, 0.44, 0.18], [1])","([0.14, 0.21, 0.22, 0.13, 0.11, 0.19], [1])",-0.0,-0.0,-0.0,-0.0,-0.0,-0.0,0.0,observed,0.6792713624492869,7.439275999999996,7.385252639686419
39,"([0.08, 0.12, 0.13, 0.05, 0.44, 0.18], [1])","([0.14, 0.22, 0.23, 0.13, 0.1, 0.19], [2])",-0.0,-0.0,-0.0,-0.0,-0.0,-0.0,0.0,not observed,0.6796131780227006,7.863359999999996,7.574949817709119
40,"([0.08, 0.12, 0.13, 0.05, 0.44, 0.18], [4])","([0.14, 0.22, 0.23, 0.13, 0.1, 0.19], [2])",-0.0,-0.0,-0.0,-0.0,-0.0,-0.0,0.0,not observed,0.6796648666135225,8.101443999999995,7.764698684322642
41,"([0.08, 0.12, 0.13, 0.05, 0.44, 0.18], [5])","([0.14, 0.22, 0.23, 0.13, 0.1, 0.19], [3])",-0.0,-0.0,-0.0,-0.0,-0.0,-0.0,0.0,not observed,0.6796648666135225,8.469527999999995,7.954447550936164
42,"([0.08, 0.12, 0.13, 0.05, 0.44, 0.18], [2])","([0.14, 0.22, 0.23, 0.13, 0.1, 0.19], [2])",-0.0,-0.0,-0.0,-0.0,-0.0,-0.0,0.0,observed,0.6796648666135225,7.979611999999995,8.144196417549686
43,"([0.08, 0.12, 0.13, 0.05, 0.44, 0.18], [4])","([0.13, 0.22, 0.23, 0.12, 0.1, 0.19], [3])",-0.0,-0.0,-0.0,-0.0,-0.0,-0.0,0.0,not observed,0.6798714965796966,8.217695999999995,8.334151914129382
44,"([0.08, 0.12, 0.13, 0.05, 0.44, 0.18], [5])","([0.13, 0.22, 0.23, 0.12, 0.1, 0.19], [2])",-0.0,-0.0,-0.0,-0.0,-0.0,-0.0,0.0,not observed,0.6798714965796966,8.585779999999994,8.524107410709078
45,"([0.08, 0.12, 0.13, 0.05, 0.44, 0.18], [4])","([0.13, 0.22, 0.23, 0.12, 0.1, 0.19], [5])",-0.0,-0.0,-0.0,-0.0,-0.0,-0.0,0.0,not observed,0.6798714965796966,8.823863999999995,8.714062907288774
46,"([0.08, 0.12, 0.13, 0.05, 0.44, 0.18], [3])","([0.13, 0.22, 0.23, 0.12, 0.1, 0.19], [1])",-0.0,-0.0,-0.0,-0.0,-0.0,-0.0,0.0,not observed,0.6798714965796966,9.091947999999995,8.90401840386847
47,"([0.08, 0.12, 0.13, 0.05, 0.44, 0.18], [5])","([0.13, 0.22, 0.23, 0.12, 0.1, 0.19], [2])",-0.0,-0.0,-0.0,-0.0,-0.0,-0.0,0.0,not observed,0.6798714965796966,9.460031999999995,9.093973900448166
48,"([0.08, 0.12, 0.13, 0.05, 0.44, 0.18], [5])","([0.13, 0.22, 0.23, 0.12, 0.1, 0.19], [0])",-0.0,-0.0,-0.0,-0.0,-0.0,-0.0,0.0,not observed,0.6798714965796966,9.828115999999994,9.283929397027862
49,"([0.08, 0.12, 0.13, 0.05, 0.44, 0.18], [1])","([0.13, 0.22, 0.23, 0.12, 0.1, 0.19], [2])",-0.0,-0.0,-0.0,-0.0,-0.0,-0.0,0.0,not observed,0.6798714965796966,10.252199999999995,9.473884893607558
50,"([0.08, 0.12, 0.13, 0.05, 0.44, 0.18], [2])","([0.13, 0.22, 0.23, 0.12, 0.1, 0.19], [3])",-0.0,-0.0,-0.0,-0.0,-0.0,-0.0,0.0,not observed,0.6798714965796966,10.702283999999995,9.663840390187254
51,"([0.08, 0.12, 0.13, 0.05, 0.44, 0.18], [4])","([0.13, 0.22, 0.23, 0.12, 0.1, 0.19], [0])",-0.0,-0.0,-0.0,-0.0,-0.0,-0.0,0.0,not observed,0.6798714965796966,10.940367999999996,9.85379588676695
52,"([0.08, 0.12, 0.13, 0.05, 0.44, 0.18], [2])","([0.13, 0.22, 0.23, 0.12, 0.1, 0.19], [2])",-0.0,-0.0,-0.0,-0.0,-0.0,-0.0,0.0,observed,0.6798714965796966,10.450451999999995,10.043751383346645
53,"([0.08, 0.12, 0.13, 0.05, 0.44, 0.18], [4])","([0.13, 0.22, 0.23, 0.12, 0.1, 0.19], [2])",-0.0,-0.0,-0.0,-0.0,-0.0,-0.0,0.0,not observed,0.6798714965796966,10.688535999999996,10.233706879926341
54,"([0.08, 0.12, 0.13, 0.05, 0.44, 0.18], [4])","([0.13, 0.22, 0.23, 0.12, 0.1, 0.19], [2])",-0.0,-0.0,-0.0,-0.0,-0.0,-0.0,0.0,not observed,0.6798714965796966,10.926619999999996,10.423662376506037
55,"([0.08, 0.12, 0.13, 0.05, 0.44, 0.18], [4])","([0.13, 0.22, 0.23, 0.12, 0.1, 0.19], [0])",-0.0,-0.0,-0.0,-0.0,-0.0,-0.0,0.0,not observed,0.6798714965796966,11.164703999999997,10.613617873085733
56,"([0.08, 0.12, 0.13, 0.05, 0.44, 0.18], [1])","([0.13, 0.22, 0.23, 0.12, 0.1, 0.19], [3])",-0.0,-0.0,-0.0,-0.0,-0.0,-0.0,0.0,not observed,0.6798714965796966,11.588787999999997,10.803573369665429
57,"([0.08, 0.12, 0.13, 0.05, 0.44, 0.18], [0])","([0.13, 0.22, 0.23, 0.12, 0.1, 0.19], [3])",-0.0,-0.0,-0.0,-0.0,-0.0,-0.0,0.0,not observed,0.6798714965796966,11.870871999999997,10.993528866245125
58,"([0.08, 0.12, 0.13, 0.05, 0.44, 0.18], [4])","([0.13, 0.22, 0.23, 0.12, 0.1, 0.19], [2])",-0.0,-0.0,-0.0,-0.0,-0.0,-0.0,0.0,not observed,0.6798714965796966,12.108955999999997,11.18348436282482
59,"([0.08, 0.12, 0.13, 0.05, 0.44, 0.18], [0])","([0.13, 0.22, 0.23, 0.12, 0.1, 0.19], [5])",-0.0,-0.0,-0.0,-0.0,-0.0,-0.0,0.0,not observed,0.6798714965796966,12.391039999999997,11.373439859404517
60,"([0.08, 0.12, 0.13, 0.05, 0.44, 0.18], [4])","([0.13, 0.22, 0.23, 0.12, 0.1, 0.19], [1])",-0.0,-0.0,-0.0,-0.0,-0.0,-0.0,0.0,not observed,0.6798714965796966,12.629123999999997,11.563395355984213
61,"([0.08, 0.12, 0.13, 0.05, 0.44, 0.18], [5])","([0.13, 0.22, 0.23, 0.12, 0.1, 0.19], [5])",-0.0,-0.0,-0.0,-0.0,-0.0,-0.0,0.0,observed,0.6798714965796966,12.139207999999996,11.753350852563909
62,"([0.08, 0.12, 0.13, 0.05, 0.44, 0.18], [2])","([0.13, 0.22, 0.23, 0.12, 0.1, 0.19], [5])",-0.0,-0.0,-0.0,-0.0,-0.0,-0.0,0.0,not observed,0.6798714965796966,12.589291999999997,11.943306349143604
63,"([0.08, 0.12, 0.13, 0.05, 0.44, 0.18], [0])","([0.13, 0.22, 0.23, 0.12, 0.1, 0.19], [3])",-0.0,-0.0,-0.0,-0.0,-0.0,-0.0,0.0,not observed,0.6798714965796966,12.871375999999996,12.1332618457233
64,"([0.08, 0.12, 0.13, 0.05, 0.44, 0.18], [4])","([0.13, 0.22, 0.23, 0.12, 0.1, 0.19], [5])",-0.0,-0.0,-0.0,-0.0,-0.0,-0.0,0.0,not observed,0.6798714965796966,13.109459999999997,12.323217342302996
65,"([0.08, 0.12, 0.13, 0.05, 0.44, 0.18], [2])","([0.13, 0.22, 0.23, 0.12, 0.1, 0.19], [3])",-0.0,-0.0,-0.0,-0.0,-0.0,-0.0,0.0,not observed,0.6798714965796966,13.559543999999997,12.513172838882692
66,"([0.08, 0.12, 0.13, 0.05, 0.44, 0.18], [4])","([0.13, 0.22, 0.23, 0.12, 0.1, 0.19], [0])",-0.0,-0.0,-0.0,-0.0,-0.0,-0.0,0.0,not observed,0.6798714965796966,13.797627999999998,12.703128335462388
67,"([0.08, 0.12, 0.13, 0.05, 0.44, 0.18], [4])","([0.13, 0.22, 0.23, 0.12, 0.1, 0.19], [0])",-0.0,-0.0,-0.0,-0.0,-0.0,-0.0,0.0,not observed,0.6798714965796966,14.035711999999998,12.893083832042084
68,"([0.08, 0.12, 0.13, 0.05, 0.44, 0.18], [4])","([0.13, 0.22, 0.23, 0.12, 0.1, 0.19], [1])",-0.0,-0.0,-0.0,-0.0,-0.0,-0.0,0.0,not observed,0.6798714965796966,14.273795999999999,13.08303932862178
69,"([0.08, 0.12, 0.13, 0.05, 0.44, 0.18], [2])","([0.13, 0.22, 0.23, 0.12, 0.1, 0.19], [5])",-0.0,-0.0,-0.0,-0.0,-0.0,-0.0,0.0,not observed,0.6798714965796966,14.72388,13.272994825201476
70,"([0.08, 0.12, 0.13, 0.05, 0.44, 0.18], [5])","([0.13, 0.22, 0.23, 0.12, 0.1, 0.19], [5])",-0.0,-0.0,-0.0,-0.0,-0.0,-0.0,0.0,observed,0.6798714965796966,14.233964,13.462950321781172
71,"([0.08, 0.12, 0.13, 0.05, 0.44, 0.18], [4])","([0.13, 0.22, 0.23, 0.12, 0.1, 0.19], [3])",-0.0,-0.0,-0.0,-0.0,-0.0,-0.0,0.0,not observed,0.6798714965796966,14.472048000000001,13.652905818360868
72,"([0.08, 0.12, 0.13, 0.05, 0.44, 0.18], [5])","([0.13, 0.22, 0.23, 0.12, 0.1, 0.19], [5])",-0.0,-0.0,-0.0,-0.0,-0.0,-0.0,0.0,observed,0.6798714965796966,13.982132,13.842861314940563
73,"([0.08, 0.12, 0.13, 0.05, 0.44, 0.18], [4])","([0.13, 0.22, 0.23, 0.12, 0.1, 0.19], [3])",-0.0,-0.0,-0.0,-0.0,-0.0,-0.0,0.0,not observed,0.6798714965796966,14.220216,14.03281681152026
74,"([0.08, 0.12, 0.13, 0.05, 0.44, 0.18], [1])","([0.13, 0.22, 0.23, 0.12, 0.1, 0.19], [5])",-0.0,-0.0,-0.0,-0.0,-0.0,-0.0,0.0,not observed,0.6798714965796966,14.644300000000001,14.222772308099955
75,"([0.08, 0.12, 0.13, 0.05, 0.44, 0.18], [1])","([0.13, 0.22, 0.23, 0.12, 0.1, 0.19], [3])",-0.0,-0.0,-0.0,-0.0,-0.0,-0.0,0.0,not observed,0.6798714965796966,15.068384000000002,14.412727804679651
76,"([0.08, 0.12, 0.13, 0.05, 0.44, 0.18], [5])","([0.13, 0.22, 0.23, 0.12, 0.1, 0.19], [5])",-0.0,-0.0,-0.0,-0.0,-0.0,-0.0,0.0,observed,0.6798714965796966,14.578468,14.602683301259347
77,"([0.08, 0.12, 0.13, 0.05, 0.44, 0.18], [4])","([0.13, 0.22, 0.23, 0.12, 0.1, 0.19], [4])",-0.0,-0.0,-0.0,-0.0,-0.0,-0.0,0.0,observed,0.6798714965796966,14.088552,14.792638797839043
78,"([0.08, 0.12, 0.13, 0.05, 0.44, 0.18], [4])","([0.13, 0.22, 0.23, 0.12, 0.1, 0.19], [1])",-0.0,-0.0,-0.0,-0.0,-0.0,-0.0,0.0,not observed,0.6798714965796966,14.326636,14.982594294418739
79,"([0.08, 0.12, 0.13, 0.05, 0.44, 0.18], [4])","([0.13, 0.22, 0.23, 0.12, 0.1, 0.19], [1])",-0.0,-0.0,-0.0,-0.0,-0.0,-0.0,0.0,not observed,0.6798714965796966,14.564720000000001,15.172549790998435
80,"([0.08, 0.12, 0.13, 0.05, 0.44, 0.18], [5])","([0.13, 0.22, 0.23, 0.12, 0.1, 0.19], [4])",-0.0,-0.0,-0.0,-0.0,-0.0,-0.0,0.0,not observed,0.6798714965796966,14.932804,15.36250528757813
81,"([0.08, 0.12, 0.13, 0.05, 0.44, 0.18], [2])","([0.13, 0.22, 0.23, 0.12, 0.1, 0.19], [3])",-0.0,-0.0,-0.0,-0.0,-0.0,-0.0,0.0,not observed,0.6798714965796966,15.382888000000001,15.552460784157827
82,"([0.08, 0.12, 0.13, 0.05, 0.44, 0.18], [2])","([0.13, 0.22, 0.23, 0.12, 0.1, 0.19], [2])",-0.0,-0.0,-0.0,-0.0,-0.0,-0.0,0.0,observed,0.6798714965796966,14.892972,15.742416280737523
83,"([0.08, 0.12, 0.13, 0.05, 0.44, 0.18], [4])","([0.13, 0.22, 0.23, 0.12, 0.1, 0.19], [2])",-0.0,-0.0,-0.0,-0.0,-0.0,-0.0,0.0,not observed,0.6798714965796966,15.131056000000001,15.932371777317218
84,"([0.08, 0.12, 0.13, 0.05, 0.44, 0.18], [2])","([0.13, 0.22, 0.23, 0.12, 0.1, 0.19], [3])",-0.0,-0.0,-0.0,-0.0,-0.0,-0.0,0.0,not observed,0.6798714965796966,15.581140000000001,16.122327273896914
85,"([0.08, 0.12, 0.13, 0.05, 0.44, 0.18], [4])","([0.13, 0.22, 0.23, 0.12, 0.1, 0.19], [5])",-0.0,-0.0,-0.0,-0.0,-0.0,-0.0,0.0,not observed,0.6798714965796966,15.819224000000002,16.31228277047661
86,"([0.08, 0.12, 0.13, 0.05, 0.44, 0.18], [1])","([0.13, 0.22, 0.23, 0.12, 0.1, 0.19], [4])",-0.0,-0.0,-0.0,-0.0,-0.0,-0.0,0.0,not observed,0.6798714965796966,16.243308000000003,16.502238267056306
87,"([0.08, 0.12, 0.13, 0.05, 0.44, 0.18], [4])","([0.13, 0.22, 0.23, 0.12, 0.1, 0.19], [0])",-0.0,-0.0,-0.0,-0.0,-0.0,-0.0,0.0,not observed,0.6798714965796966,16.481392000000003,16.692193763636002
88,"([0.08, 0.12, 0.13, 0.05, 0.44, 0.18], [5])","([0.13, 0.22, 0.23, 0.12, 0.1, 0.19], [3])",-0.0,-0.0,-0.0,-0.0,-0.0,-0.0,0.0,not observed,0.6798714965796966,16.849476000000003,16.882149260215698
89,"([0.08, 0.12, 0.13, 0.05, 0.44, 0.18], [1])","([0.13, 0.22, 0.23, 0.12, 0.1, 0.19], [1])",-0.0,-0.0,-0.0,-0.0,-0.0,-0.0,0.0,observed,0.6798714965796966,16.359560000000002,17.072104756795394
90,"([0.08, 0.12, 0.13, 0.05, 0.44, 0.18], [5])","([0.13, 0.22, 0.23, 0.12, 0.1, 0.19], [3])",-0.0,-0.0,-0.0,-0.0,-0.0,-0.0,0.0,not observed,0.6798714965796966,16.727644,17.26206025337509
91,"([0.08, 0.12, 0.13, 0.05, 0.44, 0.18], [1])","([0.13, 0.22, 0.23, 0.12, 0.1, 0.19], [2])",-0.0,-0.0,-0.0,-0.0,-0.0,-0.0,0.0,not observed,0.6798714965796966,17.151728000000002,17.452015749954786
92,"([0.08, 0.12, 0.13, 0.05, 0.44, 0.18], [0])","([0.13, 0.22, 0.23, 0.12, 0.1, 0.19], [2])",-0.0,-0.0,-0.0,-0.0,-0.0,-0.0,0.0,not observed,0.6798714965796966,17.433812000000003,17.64197124653448
93,"([0.08, 0.12, 0.13, 0.05, 0.44, 0.18], [2])","([0.13, 0.22, 0.23, 0.12, 0.1, 0.19], [1])",-0.0,-0.0,-0.0,-0.0,-0.0,-0.0,0.0,not observed,0.6798714965796966,17.883896000000004,17.831926743114177
94,"([0.08, 0.12, 0.13, 0.05, 0.44, 0.18], [5])","([0.13, 0.22, 0.23, 0.12, 0.1, 0.19], [0])",-0.0,-0.0,-0.0,-0.0,-0.0,-0.0,0.0,not observed,0.6798714965796966,18.251980000000003,18.021882239693873
95,"([0.08, 0.12, 0.13, 0.05, 0.44, 0.18], [1])","([0.13, 0.22, 0.23, 0.12, 0.1, 0.19], [3])",-0.0,-0.0,-0.0,-0.0,-0.0,-0.0,0.0,not observed,0.6798714965796966,18.676064000000004,18.21183773627357
96,"([0.08, 0.12, 0.13, 0.05, 0.44, 0.18], [4])","([0.13, 0.22, 0.23, 0.12, 0.1, 0.19], [5])",-0.0,-0.0,-0.0,-0.0,-0.0,-0.0,0.0,not observed,0.6798714965796966,18.914148000000004,18.401793232853265
97,"([0.08, 0.12, 0.13, 0.05, 0.44, 0.18], [5])","([0.13, 0.22, 0.23, 0.12, 0.1, 0.19], [0])",-0.0,-0.0,-0.0,-0.0,-0.0,-0.0,0.0,not observed,0.6798714965796966,19.282232000000004,18.59174872943296
98,"([0.08, 0.12, 0.13, 0.05, 0.44, 0.18], [1])","([0.13, 0.22, 0.23, 0.12, 0.1, 0.19], [1])",-0.0,-0.0,-0.0,-0.0,-0.0,-0.0,0.0,observed,0.6798714965796966,18.792316000000003,18.781704226012657
99,"([0.08, 0.12, 0.13, 0.05, 0.44, 0.18], [4])","([0.13, 0.22, 0.23, 0.12, 0.1, 0.19], [1])",-0.0,-0.0,-0.0,-0.0,-0.0,-0.0,0.0,not observed,0.6798714965796966,19.030400000000004,18.971659722592353
