,sto-1,FB-0,feedback target 0,feedback target 1,feedback target 2,feedback target 3,feedback target 4,feedback target 5,total,target_observed?,exp_loss,actual_regret,exp_regret
0,"([0.08, 0.12, 0.13, 0.05, 0.44, 0.18], [2])","([0.14, 0.22, 0.23, 0.13, 0.1, 0.19], [5])",-0.0,-0.0,-0.0,-0.0,-0.0,-0.0,0.0,not observed,0.6795976510105313,0.45008399999999993,0.18968165101053125
1,"([0.08, 0.12, 0.13, 0.05, 0.44, 0.18], [5])","([0.11, 0.25, 0.27, 0.1, 0.06, 0.2], [2])",-0.0,-0.0,-0.0,-0.0,-0.0,-0.0,0.0,not observed,0.6838404318181908,0.8181679999999999,0.383606082828722
2,"([0.08, 0.12, 0.13, 0.05, 0.44, 0.18], [2])","([0.11, 0.25, 0.27, 0.1, 0.06, 0.2], [2])",-0.0,-0.0,-0.0,-0.0,-0.0,-0.0,0.0,observed,0.6838404318181908,0.3282519999999999,0.5775305146469127
3,"([0.08, 0.12, 0.13, 0.05, 0.44, 0.18], [1])","([0.13, 0.22, 0.23, 0.12, 0.1, 0.19], [5])",-0.0,-0.0,-0.0,-0.0,-0.0,-0.0,0.0,not observed,0.6798564008292536,0.7523359999999999,0.7674709154761663
4,"([0.08, 0.12, 0.13, 0.05, 0.44, 0.18], [0])","([0.13, 0.22, 0.23, 0.12, 0.1, 0.19], [4])",-0.0,-0.0,-0.0,-0.0,-0.0,-0.0,0.0,not observed,0.6798564008292536,1.03442,0.9574113163054199
5,"([0.08, 0.12, 0.13, 0.05, 0.44, 0.18], [2])","([0.13, 0.22, 0.23, 0.12, 0.1, 0.19], [1])",-0.0,-0.0,-0.0,-0.0,-0.0,-0.0,0.0,not observed,0.6798564008292536,1.4845039999999998,1.1473517171346734
6,"([0.08, 0.12, 0.13, 0.05, 0.44, 0.18], [5])","([0.13, 0.22, 0.23, 0.12, 0.1, 0.19], [5])",-0.0,-0.0,-0.0,-0.0,-0.0,-0.0,0.0,observed,0.6798564008292536,0.9945879999999998,1.337292117963927
7,"([0.08, 0.12, 0.13, 0.05, 0.44, 0.18], [5])","([0.13, 0.22, 0.23, 0.12, 0.1, 0.19], [1])",-0.0,-0.0,-0.0,-0.0,-0.0,-0.0,0.0,not observed,0.6798564008292536,1.3626719999999999,1.5272325187931806
8,"([0.08, 0.12, 0.13, 0.05, 0.44, 0.18], [5])","([0.13, 0.22, 0.23, 0.12, 0.1, 0.19], [3])",-0.0,-0.0,-0.0,-0.0,-0.0,-0.0,0.0,not observed,0.6798564008292536,1.730756,1.7171729196224341
9,"([0.08, 0.12, 0.13, 0.05, 0.44, 0.18], [4])","([0.13, 0.22, 0.23, 0.12, 0.1, 0.19], [3])",-0.0,-0.0,-0.0,-0.0,-0.0,-0.0,0.0,not observed,0.6798564008292536,1.96884,1.9071133204516877
10,"([0.08, 0.12, 0.13, 0.05, 0.44, 0.18], [1])","([0.13, 0.22, 0.23, 0.12, 0.1, 0.19], [1])",-0.0,-0.0,-0.0,-0.0,-0.0,-0.0,0.0,observed,0.6798564008292536,1.478924,2.0970537212809415
11,"([0.08, 0.12, 0.13, 0.05, 0.44, 0.18], [1])","([0.13, 0.22, 0.23, 0.12, 0.1, 0.19], [4])",-0.0,-0.0,-0.0,-0.0,-0.0,-0.0,0.0,not observed,0.6798564008292536,1.9030079999999998,2.286994122110195
12,"([0.08, 0.12, 0.13, 0.05, 0.44, 0.18], [4])","([0.13, 0.22, 0.23, 0.12, 0.1, 0.19], [3])",-0.0,-0.0,-0.0,-0.0,-0.0,-0.0,0.0,not observed,0.6798564008292536,2.1410919999999996,2.476934522939448
13,"([0.08, 0.12, 0.13, 0.05, 0.44, 0.18], [5])","([0.13, 0.22, 0.23, 0.12, 0.1, 0.19], [2])",-0.0,-0.0,-0.0,-0.0,-0.0,-0.0,0.0,not observed,0.6798564008292536,2.5091759999999996,2.6668749237687015
14,"([0.08, 0.12, 0.13, 0.05, 0.44, 0.18], [3])","([0.13, 0.22, 0.23, 0.12, 0.1, 0.19], [0])",-0.0,-0.0,-0.0,-0.0,-0.0,-0.0,0.0,not observed,0.6798564008292536,2.7772599999999996,2.856815324597955
15,"([0.08, 0.12, 0.13, 0.05, 0.44, 0.18], [4])","([0.13, 0.22, 0.23, 0.12, 0.1, 0.19], [5])",-0.0,-0.0,-0.0,-0.0,-0.0,-0.0,0.0,not observed,0.6798564008292536,3.015344,3.046755725427208
16,"([0.08, 0.12, 0.13, 0.05, 0.44, 0.18], [4])","([0.13, 0.22, 0.23, 0.12, 0.1, 0.19], [4])",-0.0,-0.0,-0.0,-0.0,-0.0,-0.0,0.0,observed,0.6798564008292536,2.525428,3.2366961262564615
17,"([0.08, 0.12, 0.13, 0.05, 0.44, 0.18], [2])","([0.13, 0.22, 0.23, 0.12, 0.1, 0.19], [3])",-0.0,-0.0,-0.0,-0.0,-0.0,-0.0,0.0,not observed,0.6798564008292536,2.9755119999999997,3.426636527085715
18,"([0.08, 0.12, 0.13, 0.05, 0.44, 0.18], [5])","([0.13, 0.22, 0.23, 0.12, 0.1, 0.19], [5])",-0.0,-0.0,-0.0,-0.0,-0.0,-0.0,0.0,observed,0.6798564008292536,2.4855959999999997,3.616576927914968
19,"([0.08, 0.12, 0.13, 0.05, 0.44, 0.18], [4])","([0.13, 0.22, 0.23, 0.12, 0.1, 0.19], [3])",-0.0,-0.0,-0.0,-0.0,-0.0,-0.0,0.0,not observed,0.6798564008292536,2.72368,3.8065173287442216
20,"([0.08, 0.12, 0.13, 0.05, 0.44, 0.18], [4])","([0.13, 0.22, 0.23, 0.12, 0.1, 0.19], [0])",-0.0,-0.0,-0.0,-0.0,-0.0,-0.0,0.0,not observed,0.6798564008292536,2.9617639999999996,3.996457729573475
21,"([0.08, 0.12, 0.13, 0.05, 0.44, 0.18], [4])","([0.13, 0.22, 0.23, 0.12, 0.1, 0.19], [2])",-0.0,-0.0,-0.0,-0.0,-0.0,-0.0,0.0,not observed,0.6798564008292536,3.1998479999999994,4.186398130402728
22,"([0.08, 0.12, 0.13, 0.05, 0.44, 0.18], [5])","([0.13, 0.22, 0.23, 0.12, 0.1, 0.19], [0])",-0.0,-0.0,-0.0,-0.0,-0.0,-0.0,0.0,not observed,0.6798564008292536,3.5679319999999994,4.376338531231982
23,"([0.08, 0.12, 0.13, 0.05, 0.44, 0.18], [4])","([0.13, 0.22, 0.23, 0.12, 0.1, 0.19], [2])",-0.0,-0.0,-0.0,-0.0,-0.0,-0.0,0.0,not observed,0.6798564008292536,3.8060159999999996,4.566278932061235
24,"([0.08, 0.12, 0.13, 0.05, 0.44, 0.18], [1])","([0.13, 0.22, 0.23, 0.12, 0.1, 0.19], [5])",-0.0,-0.0,-0.0,-0.0,-0.0,-0.0,0.0,not observed,0.6798564008292536,4.230099999999999,4.756219332890488
25,"([0.08, 0.12, 0.13, 0.05, 0.44, 0.18], [4])","([0.13, 0.22, 0.23, 0.12, 0.1, 0.19], [1])",-0.0,-0.0,-0.0,-0.0,-0.0,-0.0,0.0,not observed,0.6798564008292536,4.468183999999999,4.946159733719742
26,"([0.08, 0.12, 0.13, 0.05, 0.44, 0.18], [4])","([0.13, 0.22, 0.23, 0.12, 0.1, 0.19], [1])",-0.0,-0.0,-0.0,-0.0,-0.0,-0.0,0.0,not observed,0.6798564008292536,4.706267999999999,5.136100134548995
27,"([0.08, 0.12, 0.13, 0.05, 0.44, 0.18], [2])","([0.13, 0.22, 0.23, 0.12, 0.1, 0.19], [2])",-0.0,-0.0,-0.0,-0.0,-0.0,-0.0,0.0,observed,0.6798564008292536,4.216351999999999,5.326040535378248
28,"([0.08, 0.12, 0.13, 0.05, 0.44, 0.18], [2])","([0.13, 0.22, 0.23, 0.12, 0.1, 0.19], [5])",-0.0,-0.0,-0.0,-0.0,-0.0,-0.0,0.0,not observed,0.6798564008292536,4.666435999999999,5.515980936207502
29,"([0.08, 0.12, 0.13, 0.05, 0.44, 0.18], [0])","([0.13, 0.22, 0.23, 0.12, 0.1, 0.19], [4])",-0.0,-0.0,-0.0,-0.0,-0.0,-0.0,0.0,not observed,0.6798564008292536,4.948519999999999,5.705921337036755
30,"([0.08, 0.12, 0.13, 0.05, 0.44, 0.18], [2])","([0.13, 0.22, 0.23, 0.12, 0.1, 0.19], [1])",-0.0,-0.0,-0.0,-0.0,-0.0,-0.0,0.0,not observed,0.6798564008292536,5.398603999999999,5.895861737866008
31,"([0.08, 0.12, 0.13, 0.05, 0.44, 0.18], [4])","([0.13, 0.22, 0.23, 0.12, 0.1, 0.19], [0])",-0.0,-0.0,-0.0,-0.0,-0.0,-0.0,0.0,not observed,0.6798564008292536,5.636687999999999,6.085802138695262
32,"([0.08, 0.12, 0.13, 0.05, 0.44, 0.18], [0])","([0.13, 0.22, 0.23, 0.12, 0.1, 0.19], [2])",-0.0,-0.0,-0.0,-0.0,-0.0,-0.0,0.0,not observed,0.6798564008292536,5.918771999999999,6.275742539524515
33,"([0.08, 0.12, 0.13, 0.05, 0.44, 0.18], [1])","([0.13, 0.22, 0.23, 0.12, 0.1, 0.19], [2])",-0.0,-0.0,-0.0,-0.0,-0.0,-0.0,0.0,not observed,0.6798564008292536,6.3428559999999985,6.465682940353768
34,"([0.08, 0.12, 0.13, 0.05, 0.44, 0.18], [1])","([0.13, 0.22, 0.23, 0.12, 0.1, 0.19], [1])",-0.0,-0.0,-0.0,-0.0,-0.0,-0.0,0.0,observed,0.6798564008292536,5.8529399999999985,6.655623341183022
35,"([0.08, 0.12, 0.13, 0.05, 0.44, 0.18], [2])","([0.13, 0.22, 0.23, 0.12, 0.1, 0.19], [1])",-0.0,-0.0,-0.0,-0.0,-0.0,-0.0,0.0,not observed,0.6798564008292536,6.303023999999999,6.845563742012275
36,"([0.08, 0.12, 0.13, 0.05, 0.44, 0.18], [5])","([0.13, 0.22, 0.23, 0.12, 0.1, 0.19], [4])",-0.0,-0.0,-0.0,-0.0,-0.0,-0.0,0.0,not observed,0.6798564008292536,6.6711079999999985,7.035504142841528
37,"([0.08, 0.12, 0.13, 0.05, 0.44, 0.18], [4])","([0.13, 0.22, 0.23, 0.12, 0.1, 0.19], [5])",-0.0,-0.0,-0.0,-0.0,-0.0,-0.0,0.0,not observed,0.6798564008292536,6.909191999999998,7.225444543670782
38,"([0.08, 0.12, 0.13, 0.05, 0.44, 0.18], [1])","([0.13, 0.22, 0.23, 0.12, 0.1, 0.19], [2])",-0.0,-0.0,-0.0,-0.0,-0.0,-0.0,0.0,not observed,0.6798564008292536,7.333275999999998,7.415384944500035
39,"([0.08, 0.12, 0.13, 0.05, 0.44, 0.18], [4])","([0.13, 0.22, 0.23, 0.12, 0.1, 0.19], [4])",-0.0,-0.0,-0.0,-0.0,-0.0,-0.0,0.0,observed,0.6798564008292536,6.843359999999998,7.605325345329288
40,"([0.08, 0.12, 0.13, 0.05, 0.44, 0.18], [2])","([0.13, 0.22, 0.23, 0.12, 0.1, 0.19], [1])",-0.0,-0.0,-0.0,-0.0,-0.0,-0.0,0.0,not observed,0.6798564008292536,7.293443999999997,7.795265746158542
41,"([0.08, 0.12, 0.13, 0.05, 0.44, 0.18], [4])","([0.13, 0.22, 0.23, 0.12, 0.1, 0.19], [4])",-0.0,-0.0,-0.0,-0.0,-0.0,-0.0,0.0,observed,0.6798564008292536,6.803527999999997,7.985206146987795
42,"([0.08, 0.12, 0.13, 0.05, 0.44, 0.18], [4])","([0.13, 0.22, 0.23, 0.12, 0.1, 0.19], [0])",-0.0,-0.0,-0.0,-0.0,-0.0,-0.0,0.0,not observed,0.6798564008292536,7.041611999999997,8.175146547817048
43,"([0.08, 0.12, 0.13, 0.05, 0.44, 0.18], [1])","([0.13, 0.22, 0.23, 0.12, 0.1, 0.19], [4])",-0.0,-0.0,-0.0,-0.0,-0.0,-0.0,0.0,not observed,0.6798564008292536,7.465695999999997,8.365086948646303
44,"([0.08, 0.12, 0.13, 0.05, 0.44, 0.18], [4])","([0.13, 0.22, 0.23, 0.12, 0.1, 0.19], [5])",-0.0,-0.0,-0.0,-0.0,-0.0,-0.0,0.0,not observed,0.6798564008292536,7.7037799999999965,8.555027349475557
45,"([0.08, 0.12, 0.13, 0.05, 0.44, 0.18], [5])","([0.13, 0.22, 0.23, 0.12, 0.1, 0.19], [2])",-0.0,-0.0,-0.0,-0.0,-0.0,-0.0,0.0,not observed,0.6798564008292536,8.071863999999996,8.744967750304811
46,"([0.08, 0.12, 0.13, 0.05, 0.44, 0.18], [2])","([0.13, 0.22, 0.23, 0.12, 0.1, 0.19], [5])",-0.0,-0.0,-0.0,-0.0,-0.0,-0.0,0.0,not observed,0.6798564008292536,8.521947999999997,8.934908151134065
47,"([0.08, 0.12, 0.13, 0.05, 0.44, 0.18], [5])","([0.13, 0.22, 0.23, 0.12, 0.1, 0.19], [2])",-0.0,-0.0,-0.0,-0.0,-0.0,-0.0,0.0,not observed,0.6798564008292536,8.890031999999996,9.12484855196332
48,"([0.08, 0.12, 0.13, 0.05, 0.44, 0.18], [4])","([0.13, 0.22, 0.23, 0.12, 0.1, 0.19], [1])",-0.0,-0.0,-0.0,-0.0,-0.0,-0.0,0.0,not observed,0.6798564008292536,9.128115999999997,9.314788952792574
49,"([0.08, 0.12, 0.13, 0.05, 0.44, 0.18], [4])","([0.13, 0.22, 0.23, 0.12, 0.1, 0.19], [5])",-0.0,-0.0,-0.0,-0.0,-0.0,-0.0,0.0,not observed,0.6798564008292536,9.366199999999997,9.504729353621828
50,"([0.08, 0.12, 0.13, 0.05, 0.44, 0.18], [4])","([0.13, 0.22, 0.23, 0.12, 0.1, 0.19], [2])",-0.0,-0.0,-0.0,-0.0,-0.0,-0.0,0.0,not observed,0.6798564008292536,9.604283999999998,9.694669754451082
51,"([0.08, 0.12, 0.13, 0.05, 0.44, 0.18], [1])","([0.13, 0.22, 0.23, 0.12, 0.1, 0.19], [3])",-0.0,-0.0,-0.0,-0.0,-0.0,-0.0,0.0,not observed,0.6798564008292536,10.028367999999999,9.884610155280336
52,"([0.08, 0.12, 0.13, 0.05, 0.44, 0.18], [4])","([0.13, 0.22, 0.23, 0.12, 0.1, 0.19], [1])",-0.0,-0.0,-0.0,-0.0,-0.0,-0.0,0.0,not observed,0.6798564008292536,10.266452,10.07455055610959
53,"([0.08, 0.12, 0.13, 0.05, 0.44, 0.18], [2])","([0.13, 0.22, 0.23, 0.12, 0.1, 0.19], [0])",-0.0,-0.0,-0.0,-0.0,-0.0,-0.0,0.0,not observed,0.6798564008292536,10.716536,10.264490956938845
54,"([0.08, 0.12, 0.13, 0.05, 0.44, 0.18], [4])","([0.13, 0.22, 0.23, 0.12, 0.1, 0.19], [5])",-0.0,-0.0,-0.0,-0.0,-0.0,-0.0,0.0,not observed,0.6798564008292536,10.95462,10.4544313577681
55,"([0.08, 0.12, 0.13, 0.05, 0.44, 0.18], [0])","([0.13, 0.22, 0.23, 0.12, 0.1, 0.19], [5])",-0.0,-0.0,-0.0,-0.0,-0.0,-0.0,0.0,not observed,0.6798564008292536,11.236704,10.644371758597353
56,"([0.08, 0.12, 0.13, 0.05, 0.44, 0.18], [4])","([0.13, 0.22, 0.23, 0.12, 0.1, 0.19], [1])",-0.0,-0.0,-0.0,-0.0,-0.0,-0.0,0.0,not observed,0.6798564008292536,11.474788,10.834312159426608
57,"([0.08, 0.12, 0.13, 0.05, 0.44, 0.18], [1])","([0.13, 0.22, 0.23, 0.12, 0.1, 0.19], [5])",-0.0,-0.0,-0.0,-0.0,-0.0,-0.0,0.0,not observed,0.6798564008292536,11.898872,11.024252560255862
58,"([0.08, 0.12, 0.13, 0.05, 0.44, 0.18], [0])","([0.13, 0.22, 0.23, 0.12, 0.1, 0.19], [0])",-0.0,-0.0,-0.0,-0.0,-0.0,-0.0,0.0,observed,0.6798564008292536,11.408956,11.214192961085116
59,"([0.08, 0.12, 0.13, 0.05, 0.44, 0.18], [0])","([0.13, 0.22, 0.23, 0.12, 0.1, 0.19], [1])",-0.0,-0.0,-0.0,-0.0,-0.0,-0.0,0.0,not observed,0.6798564008292536,11.69104,11.40413336191437
60,"([0.08, 0.12, 0.13, 0.05, 0.44, 0.18], [4])","([0.13, 0.22, 0.23, 0.12, 0.1, 0.19], [0])",-0.0,-0.0,-0.0,-0.0,-0.0,-0.0,0.0,not observed,0.6798564008292536,11.929124,11.594073762743625
61,"([0.08, 0.12, 0.13, 0.05, 0.44, 0.18], [4])","([0.13, 0.22, 0.23, 0.12, 0.1, 0.19], [1])",-0.0,-0.0,-0.0,-0.0,-0.0,-0.0,0.0,not observed,0.6798564008292536,12.167208,11.784014163572879
62,"([0.08, 0.12, 0.13, 0.05, 0.44, 0.18], [5])","([0.13, 0.22, 0.23, 0.12, 0.1, 0.19], [0])",-0.0,-0.0,-0.0,-0.0,-0.0,-0.0,0.0,not observed,0.6798564008292536,12.535292,11.973954564402133
63,"([0.08, 0.12, 0.13, 0.05, 0.44, 0.18], [4])","([0.13, 0.22, 0.23, 0.12, 0.1, 0.19], [5])",-0.0,-0.0,-0.0,-0.0,-0.0,-0.0,0.0,not observed,0.6798564008292536,12.773376,12.163894965231387
64,"([0.08, 0.12, 0.13, 0.05, 0.44, 0.18], [4])","([0.13, 0.22, 0.23, 0.12, 0.1, 0.19], [1])",-0.0,-0.0,-0.0,-0.0,-0.0,-0.0,0.0,not observed,0.6798564008292536,13.011460000000001,12.353835366060641
65,"([0.08, 0.12, 0.13, 0.05, 0.44, 0.18], [4])","([0.13, 0.22, 0.23, 0.12, 0.1, 0.19], [1])",-0.0,-0.0,-0.0,-0.0,-0.0,-0.0,0.0,not observed,0.6798564008292536,13.249544000000002,12.543775766889896
66,"([0.08, 0.12, 0.13, 0.05, 0.44, 0.18], [5])","([0.13, 0.22, 0.23, 0.12, 0.1, 0.19], [0])",-0.0,-0.0,-0.0,-0.0,-0.0,-0.0,0.0,not observed,0.6798564008292536,13.617628000000002,12.73371616771915
67,"([0.08, 0.12, 0.13, 0.05, 0.44, 0.18], [1])","([0.13, 0.22, 0.23, 0.12, 0.1, 0.19], [2])",-0.0,-0.0,-0.0,-0.0,-0.0,-0.0,0.0,not observed,0.6798564008292536,14.041712000000002,12.923656568548404
68,"([0.08, 0.12, 0.13, 0.05, 0.44, 0.18], [5])","([0.13, 0.22, 0.23, 0.12, 0.1, 0.19], [0])",-0.0,-0.0,-0.0,-0.0,-0.0,-0.0,0.0,not observed,0.6798564008292536,14.409796000000002,13.113596969377658
69,"([0.08, 0.12, 0.13, 0.05, 0.44, 0.18], [1])","([0.13, 0.22, 0.23, 0.12, 0.1, 0.19], [5])",-0.0,-0.0,-0.0,-0.0,-0.0,-0.0,0.0,not observed,0.6798564008292536,14.833880000000002,13.303537370206913
70,"([0.08, 0.12, 0.13, 0.05, 0.44, 0.18], [4])","([0.13, 0.22, 0.23, 0.12, 0.1, 0.19], [2])",-0.0,-0.0,-0.0,-0.0,-0.0,-0.0,0.0,not observed,0.6798564008292536,15.071964000000003,13.493477771036167
71,"([0.08, 0.12, 0.13, 0.05, 0.44, 0.18], [4])","([0.13, 0.22, 0.23, 0.12, 0.1, 0.19], [5])",-0.0,-0.0,-0.0,-0.0,-0.0,-0.0,0.0,not observed,0.6798564008292536,15.310048000000004,13.683418171865421
72,"([0.08, 0.12, 0.13, 0.05, 0.44, 0.18], [4])","([0.13, 0.22, 0.23, 0.12, 0.1, 0.19], [0])",-0.0,-0.0,-0.0,-0.0,-0.0,-0.0,0.0,not observed,0.6798564008292536,15.548132000000004,13.873358572694675
73,"([0.08, 0.12, 0.13, 0.05, 0.44, 0.18], [4])","([0.13, 0.22, 0.23, 0.12, 0.1, 0.19], [4])",-0.0,-0.0,-0.0,-0.0,-0.0,-0.0,0.0,observed,0.6798564008292536,15.058216000000005,14.06329897352393
74,"([0.08, 0.12, 0.13, 0.05, 0.44, 0.18], [5])","([0.13, 0.22, 0.23, 0.12, 0.1, 0.19], [5])",-0.0,-0.0,-0.0,-0.0,-0.0,-0.0,0.0,observed,0.6798564008292536,14.568300000000004,14.253239374353184
75,"([0.08, 0.12, 0.13, 0.05, 0.44, 0.18], [1])","([0.13, 0.22, 0.23, 0.12, 0.1, 0.19], [5])",-0.0,-0.0,-0.0,-0.0,-0.0,-0.0,0.0,not observed,0.6798564008292536,14.992384000000005,14.443179775182438
76,"([0.08, 0.12, 0.13, 0.05, 0.44, 0.18], [5])","([0.13, 0.22, 0.23, 0.12, 0.1, 0.19], [2])",-0.0,-0.0,-0.0,-0.0,-0.0,-0.0,0.0,not observed,0.6798564008292536,15.360468000000004,14.633120176011692
77,"([0.08, 0.12, 0.13, 0.05, 0.44, 0.18], [5])","([0.13, 0.22, 0.23, 0.12, 0.1, 0.19], [2])",-0.0,-0.0,-0.0,-0.0,-0.0,-0.0,0.0,not observed,0.6798564008292536,15.728552000000004,14.823060576840946
78,"([0.08, 0.12, 0.13, 0.05, 0.44, 0.18], [4])","([0.13, 0.22, 0.23, 0.12, 0.1, 0.19], [0])",-0.0,-0.0,-0.0,-0.0,-0.0,-0.0,0.0,not observed,0.6798564008292536,15.966636000000005,15.0130009776702
79,"([0.08, 0.12, 0.13, 0.05, 0.44, 0.18], [2])","([0.13, 0.22, 0.23, 0.12, 0.1, 0.19], [0])",-0.0,-0.0,-0.0,-0.0,-0.0,-0.0,0.0,not observed,0.6798564008292536,16.416720000000005,15.202941378499455
80,"([0.08, 0.12, 0.13, 0.05, 0.44, 0.18], [2])","([0.13, 0.22, 0.23, 0.12, 0.1, 0.19], [5])",-0.0,-0.0,-0.0,-0.0,-0.0,-0.0,0.0,not observed,0.6798564008292536,16.866804000000005,15.39288177932871
81,"([0.08, 0.12, 0.13, 0.05, 0.44, 0.18], [0])","([0.13, 0.22, 0.23, 0.12, 0.1, 0.19], [0])",-0.0,-0.0,-0.0,-0.0,-0.0,-0.0,0.0,observed,0.6798564008292536,16.376888000000005,15.582822180157963
82,"([0.08, 0.12, 0.13, 0.05, 0.44, 0.18], [4])","([0.13, 0.22, 0.23, 0.12, 0.1, 0.19], [1])",-0.0,-0.0,-0.0,-0.0,-0.0,-0.0,0.0,not observed,0.6798564008292536,16.614972000000005,15.772762580987218
83,"([0.08, 0.12, 0.13, 0.05, 0.44, 0.18], [3])","([0.14, 0.22, 0.23, 0.13, 0.1, 0.19], [0])",-0.0,-0.0,-0.0,-0.0,-0.0,-0.0,0.0,not observed,0.6795976510105313,16.883056000000003,15.962444231997749
84,"([0.08, 0.12, 0.13, 0.05, 0.44, 0.18], [4])","([0.14, 0.22, 0.23, 0.13, 0.1, 0.19], [3])",-0.0,-0.0,-0.0,-0.0,-0.0,-0.0,0.0,not observed,0.6795976510105313,17.121140000000004,16.15212588300828
85,"([0.08, 0.12, 0.13, 0.05, 0.44, 0.18], [4])","([0.13, 0.22, 0.23, 0.12, 0.1, 0.19], [4])",-0.0,-0.0,-0.0,-0.0,-0.0,-0.0,0.0,observed,0.6798564008292536,16.631224000000003,16.342066283837536
86,"([0.08, 0.12, 0.13, 0.05, 0.44, 0.18], [1])","([0.14, 0.22, 0.23, 0.13, 0.1, 0.19], [1])",-0.0,-0.0,-0.0,-0.0,-0.0,-0.0,0.0,observed,0.6795976510105313,16.141308000000002,16.531747934848067
87,"([0.08, 0.12, 0.13, 0.05, 0.44, 0.18], [5])","([0.13, 0.22, 0.23, 0.12, 0.1, 0.19], [3])",-0.0,-0.0,-0.0,-0.0,-0.0,-0.0,0.0,not observed,0.6798564008292536,16.509392000000002,16.72168833567732
88,"([0.08, 0.12, 0.13, 0.05, 0.44, 0.18], [4])","([0.13, 0.22, 0.23, 0.12, 0.1, 0.19], [2])",-0.0,-0.0,-0.0,-0.0,-0.0,-0.0,0.0,not observed,0.6798564008292536,16.747476000000002,16.911628736506575
89,"([0.08, 0.12, 0.13, 0.05, 0.44, 0.18], [4])","([0.13, 0.22, 0.23, 0.12, 0.1, 0.19], [3])",-0.0,-0.0,-0.0,-0.0,-0.0,-0.0,0.0,not observed,0.6798564008292536,16.985560000000003,17.10156913733583
90,"([0.08, 0.12, 0.13, 0.05, 0.44, 0.18], [3])","([0.13, 0.22, 0.23, 0.12, 0.1, 0.19], [2])",-0.0,-0.0,-0.0,-0.0,-0.0,-0.0,0.0,not observed,0.6798564008292536,17.253644,17.291509538165084
91,"([0.08, 0.12, 0.13, 0.05, 0.44, 0.18], [1])","([0.13, 0.22, 0.23, 0.12, 0.1, 0.19], [2])",-0.0,-0.0,-0.0,-0.0,-0.0,-0.0,0.0,not observed,0.6798564008292536,17.677728000000002,17.481449938994338
92,"([0.08, 0.12, 0.13, 0.05, 0.44, 0.18], [1])","([0.13, 0.22, 0.23, 0.12, 0.1, 0.19], [2])",-0.0,-0.0,-0.0,-0.0,-0.0,-0.0,0.0,not observed,0.6798564008292536,18.101812000000002,17.671390339823592
93,"([0.08, 0.12, 0.13, 0.05, 0.44, 0.18], [4])","([0.14, 0.22, 0.23, 0.13, 0.1, 0.19], [3])",-0.0,-0.0,-0.0,-0.0,-0.0,-0.0,0.0,not observed,0.6795976510105313,18.339896000000003,17.861071990834123
94,"([0.08, 0.12, 0.13, 0.05, 0.44, 0.18], [4])","([0.14, 0.22, 0.23, 0.13, 0.1, 0.19], [3])",-0.0,-0.0,-0.0,-0.0,-0.0,-0.0,0.0,not observed,0.6795976510105313,18.577980000000004,18.050753641844654
95,"([0.08, 0.12, 0.13, 0.05, 0.44, 0.18], [5])","([0.13, 0.22, 0.23, 0.12, 0.1, 0.19], [2])",-0.0,-0.0,-0.0,-0.0,-0.0,-0.0,0.0,not observed,0.6798564008292536,18.946064000000003,18.24069404267391
96,"([0.08, 0.12, 0.13, 0.05, 0.44, 0.18], [2])","([0.14, 0.22, 0.23, 0.13, 0.1, 0.19], [4])",-0.0,-0.0,-0.0,-0.0,-0.0,-0.0,0.0,not observed,0.6795976510105313,19.396148000000004,18.43037569368444
97,"([0.08, 0.12, 0.13, 0.05, 0.44, 0.18], [3])","([0.13, 0.22, 0.23, 0.12, 0.1, 0.19], [5])",-0.0,-0.0,-0.0,-0.0,-0.0,-0.0,0.0,not observed,0.6798564008292536,19.664232000000005,18.620316094513694
98,"([0.08, 0.12, 0.13, 0.05, 0.44, 0.18], [2])","([0.13, 0.22, 0.23, 0.12, 0.1, 0.19], [5])",-0.0,-0.0,-0.0,-0.0,-0.0,-0.0,0.0,not observed,0.6798564008292536,20.114316000000006,18.810256495342948
99,"([0.08, 0.12, 0.13, 0.05, 0.44, 0.18], [4])","([0.14, 0.22, 0.23, 0.13, 0.1, 0.19], [5])",-0.0,-0.0,-0.0,-0.0,-0.0,-0.0,0.0,not observed,0.6795976510105313,20.352400000000006,18.99993814635348
