,fusto-1,FB-0,feedback target 0,feedback target 1,feedback target 2,feedback target 3,feedback target 4,feedback target 5,total,exp_loss,actual_regret,exp_regret
0,"([0.05, 0.5, 0.09, 0.14, 0.23, 0.0], [4])","([0, 0, 0, 0, 1, 0], [4])",-0.0,-0.0,-0.0,-0.0,-0.0,-0.0,0.0,0.5568248248248249,-0.3851411411411412,0.1716836836836837
1,"([0.05, 0.5, 0.09, 0.14, 0.23, 0.0], [4])","([0, 0, 0, 0, 1, 0], [4])",-0.0,-0.0,-0.0,-0.0,-0.0,-0.0,0.0,0.5568248248248249,-0.7702822822822823,0.3433673673673674
2,"([0.05, 0.5, 0.09, 0.14, 0.23, 0.0], [2])","([0, 0, 0, 0, 1, 0], [4])",-0.0,-0.0,-0.7390000000000001,-0.0,-0.0,-0.0,-0.7390000000000001,0.5568248248248249,-0.4164234234234234,0.5150510510510511
3,"([0.05, 0.5, 0.09, 0.14, 0.23, 0.0], [3])","([0, 0, 0, 0, 1, 0], [4])",-0.0,-0.0,-0.0,-0.7170000000000001,-0.0,-0.0,-0.7170000000000001,0.5568248248248249,-0.08456456456456451,0.6867347347347348
4,"([0.05, 0.5, 0.09, 0.14, 0.23, 0.0], [1])","([0, 0, 0, 0, 1, 0], [4])",-0.0,-0.713,-0.0,-0.0,-0.0,-0.0,-0.713,0.5568248248248249,0.24329429429429428,0.8584184184184185
5,"([0.05, 0.5, 0.09, 0.14, 0.23, 0.0], [3])","([0, 0, 0, 0, 1, 0], [4])",-0.0,-0.0,-0.0,-0.7170000000000001,-0.0,-0.0,-0.7170000000000001,0.5568248248248249,0.5751531531531532,1.0301021021021022
6,"([0.05, 0.5, 0.09, 0.14, 0.23, 0.0], [1])","([0, 0, 0, 0, 1, 0], [4])",-0.0,-0.713,-0.0,-0.0,-0.0,-0.0,-0.713,0.5568248248248249,0.903012012012012,1.2017857857857859
7,"([0.05, 0.5, 0.09, 0.14, 0.23, 0.0], [4])","([0, 0, 0, 0, 1, 0], [4])",-0.0,-0.0,-0.0,-0.0,-0.0,-0.0,0.0,0.5568248248248249,0.5178708708708708,1.3734694694694696
8,"([0.05, 0.5, 0.09, 0.14, 0.23, 0.0], [1])","([0, 0, 0, 0, 1, 0], [4])",-0.0,-0.713,-0.0,-0.0,-0.0,-0.0,-0.713,0.5568248248248249,0.8457297297297296,1.5451531531531533
9,"([0.05, 0.5, 0.09, 0.14, 0.23, 0.0], [4])","([0, 0, 0, 0, 1, 0], [4])",-0.0,-0.0,-0.0,-0.0,-0.0,-0.0,0.0,0.5568248248248249,0.4605885885885884,1.716836836836837
10,"([0.05, 0.5, 0.09, 0.14, 0.23, 0.0], [1])","([0, 0, 0, 0, 1, 0], [4])",-0.0,-0.713,-0.0,-0.0,-0.0,-0.0,-0.713,0.5568248248248249,0.7884474474474472,1.8885205205205207
11,"([0.05, 0.5, 0.09, 0.14, 0.23, 0.0], [3])","([0, 0, 0, 0, 1, 0], [4])",-0.0,-0.0,-0.0,-0.7170000000000001,-0.0,-0.0,-0.7170000000000001,0.5568248248248249,1.1203063063063061,2.0602042042042044
12,"([0.05, 0.5, 0.09, 0.14, 0.23, 0.0], [2])","([0, 0, 0, 0, 1, 0], [4])",-0.0,-0.0,-0.7390000000000001,-0.0,-0.0,-0.0,-0.7390000000000001,0.5568248248248249,1.474165165165165,2.231887887887888
13,"([0.05, 0.5, 0.09, 0.14, 0.23, 0.0], [2])","([0, 0, 0, 0, 1, 0], [4])",-0.0,-0.0,-0.7390000000000001,-0.0,-0.0,-0.0,-0.7390000000000001,0.5568248248248249,1.828024024024024,2.4035715715715718
14,"([0.05, 0.5, 0.09, 0.14, 0.23, 0.0], [3])","([0, 0, 0, 0, 1, 0], [4])",-0.0,-0.0,-0.0,-0.7170000000000001,-0.0,-0.0,-0.7170000000000001,0.5568248248248249,2.159882882882883,2.5752552552552554
15,"([0.05, 0.5, 0.09, 0.14, 0.23, 0.0], [4])","([0, 0, 0, 0, 1, 0], [4])",-0.0,-0.0,-0.0,-0.0,-0.0,-0.0,0.0,0.5568248248248249,1.7747417417417417,2.746938938938939
16,"([0.05, 0.5, 0.09, 0.14, 0.23, 0.0], [4])","([0, 0, 0, 0, 1, 0], [4])",-0.0,-0.0,-0.0,-0.0,-0.0,-0.0,0.0,0.5568248248248249,1.3896006006006005,2.918622622622623
17,"([0.05, 0.5, 0.09, 0.14, 0.23, 0.0], [4])","([0, 0, 0, 0, 1, 0], [4])",-0.0,-0.0,-0.0,-0.0,-0.0,-0.0,0.0,0.5568248248248249,1.0044594594594594,3.0903063063063065
18,"([0.05, 0.5, 0.09, 0.14, 0.23, 0.0], [1])","([0, 0, 0, 0, 1, 0], [4])",-0.0,-0.713,-0.0,-0.0,-0.0,-0.0,-0.713,0.5568248248248249,1.3323183183183183,3.2619899899899902
19,"([0.05, 0.5, 0.09, 0.14, 0.23, 0.0], [4])","([0, 0, 0, 0, 1, 0], [4])",-0.0,-0.0,-0.0,-0.0,-0.0,-0.0,0.0,0.5568248248248249,0.9471771771771771,3.433673673673674
20,"([0.05, 0.5, 0.09, 0.14, 0.23, 0.0], [2])","([0, 0, 0, 0, 1, 0], [4])",-0.0,-0.0,-0.7390000000000001,-0.0,-0.0,-0.0,-0.7390000000000001,0.5568248248248249,1.301036036036036,3.6053573573573576
21,"([0.05, 0.5, 0.09, 0.14, 0.23, 0.0], [1])","([0, 0, 0, 0, 1, 0], [4])",-0.0,-0.713,-0.0,-0.0,-0.0,-0.0,-0.713,0.5568248248248249,1.628894894894895,3.7770410410410413
22,"([0.05, 0.5, 0.09, 0.14, 0.23, 0.0], [1])","([0, 0, 0, 0, 1, 0], [4])",-0.0,-0.713,-0.0,-0.0,-0.0,-0.0,-0.713,0.5568248248248249,1.9567537537537536,3.948724724724725
23,"([0.05, 0.5, 0.09, 0.14, 0.23, 0.0], [4])","([0, 0, 0, 0, 1, 0], [4])",-0.0,-0.0,-0.0,-0.0,-0.0,-0.0,0.0,0.5568248248248249,1.5716126126126124,4.120408408408409
24,"([0.05, 0.5, 0.09, 0.14, 0.23, 0.0], [0])","([0, 0, 0, 0, 1, 0], [4])",-0.747,-0.0,-0.0,-0.0,-0.0,-0.0,-0.747,0.5568248248248249,1.9334714714714711,4.292092092092092
25,"([0.05, 0.5, 0.09, 0.14, 0.23, 0.0], [4])","([0, 0, 0, 0, 1, 0], [4])",-0.0,-0.0,-0.0,-0.0,-0.0,-0.0,0.0,0.5568248248248249,1.54833033033033,4.463775775775776
26,"([0.05, 0.5, 0.09, 0.14, 0.23, 0.0], [4])","([0, 0, 0, 0, 1, 0], [4])",-0.0,-0.0,-0.0,-0.0,-0.0,-0.0,0.0,0.5568248248248249,1.1631891891891888,4.63545945945946
27,"([0.05, 0.5, 0.09, 0.14, 0.23, 0.0], [1])","([0, 0, 0, 0, 1, 0], [4])",-0.0,-0.713,-0.0,-0.0,-0.0,-0.0,-0.713,0.5568248248248249,1.4910480480480475,4.8071431431431435
28,"([0.05, 0.5, 0.09, 0.14, 0.23, 0.0], [4])","([0, 0, 0, 0, 1, 0], [4])",-0.0,-0.0,-0.0,-0.0,-0.0,-0.0,0.0,0.5568248248248249,1.1059069069069063,4.978826826826827
29,"([0.05, 0.5, 0.09, 0.14, 0.23, 0.0], [3])","([0, 0, 0, 0, 1, 0], [4])",-0.0,-0.0,-0.0,-0.7170000000000001,-0.0,-0.0,-0.7170000000000001,0.5568248248248249,1.4377657657657652,5.150510510510511
30,"([0.05, 0.5, 0.09, 0.14, 0.23, 0.0], [1])","([0, 0, 0, 0, 1, 0], [4])",-0.0,-0.713,-0.0,-0.0,-0.0,-0.0,-0.713,0.5568248248248249,1.7656246246246239,5.322194194194195
31,"([0.05, 0.5, 0.09, 0.14, 0.23, 0.0], [1])","([0, 0, 0, 0, 1, 0], [4])",-0.0,-0.713,-0.0,-0.0,-0.0,-0.0,-0.713,0.5568248248248249,2.0934834834834826,5.493877877877878
32,"([0.05, 0.5, 0.09, 0.14, 0.23, 0.0], [4])","([0, 0, 0, 0, 1, 0], [4])",-0.0,-0.0,-0.0,-0.0,-0.0,-0.0,0.0,0.5568248248248249,1.7083423423423414,5.665561561561562
33,"([0.05, 0.5, 0.09, 0.14, 0.23, 0.0], [1])","([0, 0, 0, 0, 1, 0], [4])",-0.0,-0.713,-0.0,-0.0,-0.0,-0.0,-0.713,0.5568248248248249,2.0362012012012003,5.837245245245246
34,"([0.05, 0.5, 0.09, 0.14, 0.23, 0.0], [1])","([0, 0, 0, 0, 1, 0], [4])",-0.0,-0.713,-0.0,-0.0,-0.0,-0.0,-0.713,0.5568248248248249,2.364060060060059,6.008928928928929
35,"([0.05, 0.5, 0.09, 0.14, 0.23, 0.0], [1])","([0, 0, 0, 0, 1, 0], [4])",-0.0,-0.713,-0.0,-0.0,-0.0,-0.0,-0.713,0.5568248248248249,2.6919189189189177,6.180612612612613
36,"([0.05, 0.5, 0.09, 0.14, 0.23, 0.0], [3])","([0, 0, 0, 0, 1, 0], [4])",-0.0,-0.0,-0.0,-0.7170000000000001,-0.0,-0.0,-0.7170000000000001,0.5568248248248249,3.0237777777777763,6.352296296296297
37,"([0.05, 0.5, 0.09, 0.14, 0.23, 0.0], [4])","([0, 0, 0, 0, 1, 0], [4])",-0.0,-0.0,-0.0,-0.0,-0.0,-0.0,0.0,0.5568248248248249,2.638636636636635,6.5239799799799805
38,"([0.05, 0.5, 0.09, 0.14, 0.23, 0.0], [1])","([0, 0, 0, 0, 1, 0], [4])",-0.0,-0.713,-0.0,-0.0,-0.0,-0.0,-0.713,0.5568248248248249,2.9664954954954936,6.695663663663664
39,"([0.05, 0.5, 0.09, 0.14, 0.23, 0.0], [1])","([0, 0, 0, 0, 1, 0], [4])",-0.0,-0.713,-0.0,-0.0,-0.0,-0.0,-0.713,0.5568248248248249,3.2943543543543523,6.867347347347348
40,"([0.05, 0.5, 0.09, 0.14, 0.23, 0.0], [3])","([0, 0, 0, 0, 1, 0], [4])",-0.0,-0.0,-0.0,-0.7170000000000001,-0.0,-0.0,-0.7170000000000001,0.5568248248248249,3.6262132132132114,7.039031031031032
41,"([0.05, 0.5, 0.09, 0.14, 0.23, 0.0], [4])","([0, 0, 0, 0, 1, 0], [4])",-0.0,-0.0,-0.0,-0.0,-0.0,-0.0,0.0,0.5568248248248249,3.24107207207207,7.210714714714715
42,"([0.05, 0.5, 0.09, 0.14, 0.23, 0.0], [1])","([0, 0, 0, 0, 1, 0], [4])",-0.0,-0.713,-0.0,-0.0,-0.0,-0.0,-0.713,0.5568248248248249,3.5689309309309287,7.382398398398399
43,"([0.05, 0.5, 0.09, 0.14, 0.23, 0.0], [1])","([0, 0, 0, 0, 1, 0], [4])",-0.0,-0.713,-0.0,-0.0,-0.0,-0.0,-0.713,0.5568248248248249,3.8967897897897874,7.554082082082083
44,"([0.05, 0.5, 0.09, 0.14, 0.23, 0.0], [2])","([0, 0, 0, 0, 1, 0], [4])",-0.0,-0.0,-0.7390000000000001,-0.0,-0.0,-0.0,-0.7390000000000001,0.5568248248248249,4.250648648648646,7.725765765765766
45,"([0.05, 0.5, 0.09, 0.14, 0.23, 0.0], [4])","([0, 0, 0, 0, 1, 0], [4])",-0.0,-0.0,-0.0,-0.0,-0.0,-0.0,0.0,0.5568248248248249,3.8655075075075045,7.89744944944945
46,"([0.05, 0.5, 0.09, 0.14, 0.23, 0.0], [0])","([0, 0, 0, 0, 1, 0], [4])",-0.747,-0.0,-0.0,-0.0,-0.0,-0.0,-0.747,0.5568248248248249,4.227366366366363,8.069133133133134
47,"([0.05, 0.5, 0.09, 0.14, 0.23, 0.0], [1])","([0, 0, 0, 0, 1, 0], [4])",-0.0,-0.713,-0.0,-0.0,-0.0,-0.0,-0.713,0.5568248248248249,4.555225225225222,8.240816816816817
48,"([0.05, 0.5, 0.09, 0.14, 0.23, 0.0], [2])","([0, 0, 0, 0, 1, 0], [4])",-0.0,-0.0,-0.7390000000000001,-0.0,-0.0,-0.0,-0.7390000000000001,0.5568248248248249,4.90908408408408,8.412500500500501
49,"([0.05, 0.5, 0.09, 0.14, 0.23, 0.0], [4])","([0, 0, 0, 0, 1, 0], [4])",-0.0,-0.0,-0.0,-0.0,-0.0,-0.0,0.0,0.5568248248248249,4.523942942942939,8.584184184184185
50,"([0.05, 0.5, 0.09, 0.14, 0.23, 0.0], [0])","([0, 0, 0, 0, 1, 0], [4])",-0.747,-0.0,-0.0,-0.0,-0.0,-0.0,-0.747,0.5568248248248249,4.885801801801797,8.755867867867869
51,"([0.05, 0.5, 0.09, 0.14, 0.23, 0.0], [1])","([0, 0, 0, 0, 1, 0], [4])",-0.0,-0.713,-0.0,-0.0,-0.0,-0.0,-0.713,0.5568248248248249,5.213660660660656,8.927551551551552
52,"([0.05, 0.5, 0.09, 0.14, 0.23, 0.0], [1])","([0, 0, 0, 0, 1, 0], [4])",-0.0,-0.713,-0.0,-0.0,-0.0,-0.0,-0.713,0.5568248248248249,5.541519519519515,9.099235235235236
53,"([0.05, 0.5, 0.09, 0.14, 0.23, 0.0], [3])","([0, 1, 0, 0, 0, 0], [1])",-0.0,-0.0,-0.0,-0.7170000000000001,-0.0,-0.0,-0.7170000000000001,0.3851411411411412,5.873378378378374,9.099235235235236
54,"([0.05, 0.5, 0.09, 0.14, 0.23, 0.0], [1])","([0, 1, 0, 0, 0, 0], [1])",-0.0,-0.0,-0.0,-0.0,-0.0,-0.0,0.0,0.3851411411411412,5.488237237237232,9.099235235235236
55,"([0.05, 0.5, 0.09, 0.14, 0.23, 0.0], [3])","([0, 1, 0, 0, 0, 0], [1])",-0.0,-0.0,-0.0,-0.7170000000000001,-0.0,-0.0,-0.7170000000000001,0.3851411411411412,5.8200960960960915,9.099235235235236
56,"([0.05, 0.5, 0.09, 0.14, 0.23, 0.0], [4])","([0, 1, 0, 0, 0, 0], [1])",-0.0,-0.0,-0.0,-0.0,-0.8190000000000001,-0.0,-0.8190000000000001,0.3851411411411412,6.25395495495495,9.099235235235236
57,"([0.05, 0.5, 0.09, 0.14, 0.23, 0.0], [1])","([0, 1, 0, 0, 0, 0], [1])",-0.0,-0.0,-0.0,-0.0,-0.0,-0.0,0.0,0.3851411411411412,5.868813813813809,9.099235235235236
58,"([0.05, 0.5, 0.09, 0.14, 0.23, 0.0], [4])","([0, 1, 0, 0, 0, 0], [1])",-0.0,-0.0,-0.0,-0.0,-0.8190000000000001,-0.0,-0.8190000000000001,0.3851411411411412,6.302672672672667,9.099235235235236
59,"([0.05, 0.5, 0.09, 0.14, 0.23, 0.0], [1])","([0, 1, 0, 0, 0, 0], [1])",-0.0,-0.0,-0.0,-0.0,-0.0,-0.0,0.0,0.3851411411411412,5.917531531531526,9.099235235235236
60,"([0.05, 0.5, 0.09, 0.14, 0.23, 0.0], [1])","([0, 1, 0, 0, 0, 0], [1])",-0.0,-0.0,-0.0,-0.0,-0.0,-0.0,0.0,0.3851411411411412,5.532390390390384,9.099235235235236
61,"([0.05, 0.5, 0.09, 0.14, 0.23, 0.0], [1])","([0, 1, 0, 0, 0, 0], [1])",-0.0,-0.0,-0.0,-0.0,-0.0,-0.0,0.0,0.3851411411411412,5.147249249249243,9.099235235235236
62,"([0.05, 0.5, 0.09, 0.14, 0.23, 0.0], [3])","([0, 1, 0, 0, 0, 0], [1])",-0.0,-0.0,-0.0,-0.7170000000000001,-0.0,-0.0,-0.7170000000000001,0.3851411411411412,5.479108108108102,9.099235235235236
63,"([0.05, 0.5, 0.09, 0.14, 0.23, 0.0], [2])","([0, 1, 0, 0, 0, 0], [1])",-0.0,-0.0,-0.7390000000000001,-0.0,-0.0,-0.0,-0.7390000000000001,0.3851411411411412,5.832966966966961,9.099235235235236
64,"([0.05, 0.5, 0.09, 0.14, 0.23, 0.0], [1])","([0, 1, 0, 0, 0, 0], [1])",-0.0,-0.0,-0.0,-0.0,-0.0,-0.0,0.0,0.3851411411411412,5.447825825825819,9.099235235235236
65,"([0.05, 0.5, 0.09, 0.14, 0.23, 0.0], [4])","([0, 1, 0, 0, 0, 0], [1])",-0.0,-0.0,-0.0,-0.0,-0.8190000000000001,-0.0,-0.8190000000000001,0.3851411411411412,5.881684684684678,9.099235235235236
66,"([0.05, 0.5, 0.09, 0.14, 0.23, 0.0], [3])","([0, 1, 0, 0, 0, 0], [1])",-0.0,-0.0,-0.0,-0.7170000000000001,-0.0,-0.0,-0.7170000000000001,0.3851411411411412,6.213543543543537,9.099235235235236
67,"([0.05, 0.5, 0.09, 0.14, 0.23, 0.0], [1])","([0, 1, 0, 0, 0, 0], [1])",-0.0,-0.0,-0.0,-0.0,-0.0,-0.0,0.0,0.3851411411411412,5.8284024024023955,9.099235235235236
68,"([0.05, 0.5, 0.09, 0.14, 0.23, 0.0], [4])","([0, 1, 0, 0, 0, 0], [1])",-0.0,-0.0,-0.0,-0.0,-0.8190000000000001,-0.0,-0.8190000000000001,0.3851411411411412,6.262261261261254,9.099235235235236
69,"([0.05, 0.5, 0.09, 0.14, 0.23, 0.0], [1])","([0, 1, 0, 0, 0, 0], [1])",-0.0,-0.0,-0.0,-0.0,-0.0,-0.0,0.0,0.3851411411411412,5.877120120120113,9.099235235235236
70,"([0.05, 0.5, 0.09, 0.14, 0.23, 0.0], [1])","([0, 1, 0, 0, 0, 0], [1])",-0.0,-0.0,-0.0,-0.0,-0.0,-0.0,0.0,0.3851411411411412,5.491978978978971,9.099235235235236
71,"([0.05, 0.5, 0.09, 0.14, 0.23, 0.0], [2])","([0, 1, 0, 0, 0, 0], [1])",-0.0,-0.0,-0.7390000000000001,-0.0,-0.0,-0.0,-0.7390000000000001,0.3851411411411412,5.845837837837831,9.099235235235236
72,"([0.05, 0.5, 0.09, 0.14, 0.23, 0.0], [4])","([0, 1, 0, 0, 0, 0], [1])",-0.0,-0.0,-0.0,-0.0,-0.8190000000000001,-0.0,-0.8190000000000001,0.3851411411411412,6.279696696696689,9.099235235235236
73,"([0.05, 0.5, 0.09, 0.14, 0.23, 0.0], [2])","([0, 1, 0, 0, 0, 0], [1])",-0.0,-0.0,-0.7390000000000001,-0.0,-0.0,-0.0,-0.7390000000000001,0.3851411411411412,6.633555555555548,9.099235235235236
74,"([0.05, 0.5, 0.09, 0.14, 0.23, 0.0], [4])","([0, 1, 0, 0, 0, 0], [1])",-0.0,-0.0,-0.0,-0.0,-0.8190000000000001,-0.0,-0.8190000000000001,0.3851411411411412,7.067414414414406,9.099235235235236
75,"([0.05, 0.5, 0.09, 0.14, 0.23, 0.0], [4])","([0, 1, 0, 0, 0, 0], [1])",-0.0,-0.0,-0.0,-0.0,-0.8190000000000001,-0.0,-0.8190000000000001,0.3851411411411412,7.501273273273265,9.099235235235236
76,"([0.05, 0.5, 0.09, 0.14, 0.23, 0.0], [1])","([0, 1, 0, 0, 0, 0], [1])",-0.0,-0.0,-0.0,-0.0,-0.0,-0.0,0.0,0.3851411411411412,7.116132132132123,9.099235235235236
77,"([0.05, 0.5, 0.09, 0.14, 0.23, 0.0], [3])","([0, 1, 0, 0, 0, 0], [1])",-0.0,-0.0,-0.0,-0.7170000000000001,-0.0,-0.0,-0.7170000000000001,0.3851411411411412,7.4479909909909825,9.099235235235236
78,"([0.05, 0.5, 0.09, 0.14, 0.23, 0.0], [3])","([0, 1, 0, 0, 0, 0], [1])",-0.0,-0.0,-0.0,-0.7170000000000001,-0.0,-0.0,-0.7170000000000001,0.3851411411411412,7.779849849849842,9.099235235235236
79,"([0.05, 0.5, 0.09, 0.14, 0.23, 0.0], [4])","([0, 1, 0, 0, 0, 0], [1])",-0.0,-0.0,-0.0,-0.0,-0.8190000000000001,-0.0,-0.8190000000000001,0.3851411411411412,8.213708708708701,9.099235235235236
80,"([0.05, 0.5, 0.09, 0.14, 0.23, 0.0], [4])","([0, 1, 0, 0, 0, 0], [1])",-0.0,-0.0,-0.0,-0.0,-0.8190000000000001,-0.0,-0.8190000000000001,0.3851411411411412,8.64756756756756,9.099235235235236
81,"([0.05, 0.5, 0.09, 0.14, 0.23, 0.0], [1])","([0, 1, 0, 0, 0, 0], [1])",-0.0,-0.0,-0.0,-0.0,-0.0,-0.0,0.0,0.3851411411411412,8.26242642642642,9.099235235235236
82,"([0.05, 0.5, 0.09, 0.14, 0.23, 0.0], [1])","([0, 1, 0, 0, 0, 0], [1])",-0.0,-0.0,-0.0,-0.0,-0.0,-0.0,0.0,0.3851411411411412,7.877285285285278,9.099235235235236
83,"([0.05, 0.5, 0.09, 0.14, 0.23, 0.0], [1])","([0, 1, 0, 0, 0, 0], [1])",-0.0,-0.0,-0.0,-0.0,-0.0,-0.0,0.0,0.3851411411411412,7.492144144144136,9.099235235235236
84,"([0.05, 0.5, 0.09, 0.14, 0.23, 0.0], [1])","([0, 1, 0, 0, 0, 0], [1])",-0.0,-0.0,-0.0,-0.0,-0.0,-0.0,0.0,0.3851411411411412,7.107003003002995,9.099235235235236
85,"([0.05, 0.5, 0.09, 0.14, 0.23, 0.0], [4])","([0, 1, 0, 0, 0, 0], [1])",-0.0,-0.0,-0.0,-0.0,-0.8190000000000001,-0.0,-0.8190000000000001,0.3851411411411412,7.5408618618618535,9.099235235235236
86,"([0.05, 0.5, 0.09, 0.14, 0.23, 0.0], [4])","([0, 1, 0, 0, 0, 0], [1])",-0.0,-0.0,-0.0,-0.0,-0.8190000000000001,-0.0,-0.8190000000000001,0.3851411411411412,7.974720720720712,9.099235235235236
87,"([0.05, 0.5, 0.09, 0.14, 0.23, 0.0], [1])","([0, 1, 0, 0, 0, 0], [1])",-0.0,-0.0,-0.0,-0.0,-0.0,-0.0,0.0,0.3851411411411412,7.589579579579571,9.099235235235236
88,"([0.05, 0.5, 0.09, 0.14, 0.23, 0.0], [1])","([0, 1, 0, 0, 0, 0], [1])",-0.0,-0.0,-0.0,-0.0,-0.0,-0.0,0.0,0.3851411411411412,7.204438438438429,9.099235235235236
89,"([0.05, 0.5, 0.09, 0.14, 0.23, 0.0], [3])","([0, 1, 0, 0, 0, 0], [1])",-0.0,-0.0,-0.0,-0.7170000000000001,-0.0,-0.0,-0.7170000000000001,0.3851411411411412,7.536297297297288,9.099235235235236
90,"([0.05, 0.5, 0.09, 0.14, 0.23, 0.0], [1])","([0, 1, 0, 0, 0, 0], [1])",-0.0,-0.0,-0.0,-0.0,-0.0,-0.0,0.0,0.3851411411411412,7.151156156156147,9.099235235235236
91,"([0.05, 0.5, 0.09, 0.14, 0.23, 0.0], [0])","([0, 1, 0, 0, 0, 0], [1])",-0.747,-0.0,-0.0,-0.0,-0.0,-0.0,-0.747,0.3851411411411412,7.5130150150150055,9.099235235235236
92,"([0.05, 0.5, 0.09, 0.14, 0.23, 0.0], [1])","([0, 1, 0, 0, 0, 0], [1])",-0.0,-0.0,-0.0,-0.0,-0.0,-0.0,0.0,0.3851411411411412,7.127873873873864,9.099235235235236
93,"([0.05, 0.5, 0.09, 0.14, 0.23, 0.0], [1])","([0, 1, 0, 0, 0, 0], [1])",-0.0,-0.0,-0.0,-0.0,-0.0,-0.0,0.0,0.3851411411411412,6.742732732732723,9.099235235235236
94,"([0.05, 0.5, 0.09, 0.14, 0.23, 0.0], [4])","([0, 1, 0, 0, 0, 0], [1])",-0.0,-0.0,-0.0,-0.0,-0.8190000000000001,-0.0,-0.8190000000000001,0.3851411411411412,7.176591591591581,9.099235235235236
95,"([0.05, 0.5, 0.09, 0.14, 0.23, 0.0], [1])","([0, 1, 0, 0, 0, 0], [1])",-0.0,-0.0,-0.0,-0.0,-0.0,-0.0,0.0,0.3851411411411412,6.79145045045044,9.099235235235236
96,"([0.05, 0.5, 0.09, 0.14, 0.23, 0.0], [1])","([0, 1, 0, 0, 0, 0], [1])",-0.0,-0.0,-0.0,-0.0,-0.0,-0.0,0.0,0.3851411411411412,6.406309309309298,9.099235235235236
97,"([0.05, 0.5, 0.09, 0.14, 0.23, 0.0], [2])","([0, 1, 0, 0, 0, 0], [1])",-0.0,-0.0,-0.7390000000000001,-0.0,-0.0,-0.0,-0.7390000000000001,0.3851411411411412,6.760168168168157,9.099235235235236
98,"([0.05, 0.5, 0.09, 0.14, 0.23, 0.0], [1])","([0, 1, 0, 0, 0, 0], [1])",-0.0,-0.0,-0.0,-0.0,-0.0,-0.0,0.0,0.3851411411411412,6.3750270270270155,9.099235235235236
99,"([0.05, 0.5, 0.09, 0.14, 0.23, 0.0], [4])","([0, 1, 0, 0, 0, 0], [1])",-0.0,-0.0,-0.0,-0.0,-0.8190000000000001,-0.0,-0.8190000000000001,0.3851411411411412,6.808885885885874,9.099235235235236
100,"([0.05, 0.5, 0.09, 0.14, 0.23, 0.0], [1])","([0, 1, 0, 0, 0, 0], [1])",-0.0,-0.0,-0.0,-0.0,-0.0,-0.0,0.0,0.3851411411411412,6.423744744744733,9.099235235235236
101,"([0.05, 0.5, 0.09, 0.14, 0.23, 0.0], [1])","([0, 1, 0, 0, 0, 0], [1])",-0.0,-0.0,-0.0,-0.0,-0.0,-0.0,0.0,0.3851411411411412,6.038603603603591,9.099235235235236
102,"([0.05, 0.5, 0.09, 0.14, 0.23, 0.0], [4])","([0, 1, 0, 0, 0, 0], [1])",-0.0,-0.0,-0.0,-0.0,-0.8190000000000001,-0.0,-0.8190000000000001,0.3851411411411412,6.47246246246245,9.099235235235236
103,"([0.05, 0.5, 0.09, 0.14, 0.23, 0.0], [2])","([0, 1, 0, 0, 0, 0], [1])",-0.0,-0.0,-0.7390000000000001,-0.0,-0.0,-0.0,-0.7390000000000001,0.3851411411411412,6.826321321321309,9.099235235235236
104,"([0.05, 0.5, 0.09, 0.14, 0.23, 0.0], [1])","([0, 1, 0, 0, 0, 0], [1])",-0.0,-0.0,-0.0,-0.0,-0.0,-0.0,0.0,0.3851411411411412,6.441180180180168,9.099235235235236
105,"([0.05, 0.5, 0.09, 0.14, 0.23, 0.0], [1])","([0, 1, 0, 0, 0, 0], [1])",-0.0,-0.0,-0.0,-0.0,-0.0,-0.0,0.0,0.3851411411411412,6.056039039039026,9.099235235235236
106,"([0.05, 0.5, 0.09, 0.14, 0.23, 0.0], [4])","([0, 1, 0, 0, 0, 0], [1])",-0.0,-0.0,-0.0,-0.0,-0.8190000000000001,-0.0,-0.8190000000000001,0.3851411411411412,6.489897897897885,9.099235235235236
107,"([0.05, 0.5, 0.09, 0.14, 0.23, 0.0], [2])","([0, 1, 0, 0, 0, 0], [1])",-0.0,-0.0,-0.7390000000000001,-0.0,-0.0,-0.0,-0.7390000000000001,0.3851411411411412,6.843756756756743,9.099235235235236
108,"([0.05, 0.5, 0.09, 0.14, 0.23, 0.0], [1])","([0, 1, 0, 0, 0, 0], [1])",-0.0,-0.0,-0.0,-0.0,-0.0,-0.0,0.0,0.3851411411411412,6.458615615615602,9.099235235235236
109,"([0.05, 0.5, 0.09, 0.14, 0.23, 0.0], [3])","([0, 1, 0, 0, 0, 0], [1])",-0.0,-0.0,-0.0,-0.7170000000000001,-0.0,-0.0,-0.7170000000000001,0.3851411411411412,6.790474474474461,9.099235235235236
110,"([0.05, 0.5, 0.09, 0.14, 0.23, 0.0], [1])","([0, 1, 0, 0, 0, 0], [1])",-0.0,-0.0,-0.0,-0.0,-0.0,-0.0,0.0,0.3851411411411412,6.40533333333332,9.099235235235236
111,"([0.05, 0.5, 0.09, 0.14, 0.23, 0.0], [1])","([0, 1, 0, 0, 0, 0], [1])",-0.0,-0.0,-0.0,-0.0,-0.0,-0.0,0.0,0.3851411411411412,6.020192192192178,9.099235235235236
112,"([0.05, 0.5, 0.09, 0.14, 0.23, 0.0], [1])","([0, 1, 0, 0, 0, 0], [1])",-0.0,-0.0,-0.0,-0.0,-0.0,-0.0,0.0,0.3851411411411412,5.635051051051037,9.099235235235236
113,"([0.05, 0.5, 0.09, 0.14, 0.23, 0.0], [1])","([0, 1, 0, 0, 0, 0], [1])",-0.0,-0.0,-0.0,-0.0,-0.0,-0.0,0.0,0.3851411411411412,5.249909909909896,9.099235235235236
114,"([0.05, 0.5, 0.09, 0.14, 0.23, 0.0], [2])","([0, 1, 0, 0, 0, 0], [1])",-0.0,-0.0,-0.7390000000000001,-0.0,-0.0,-0.0,-0.7390000000000001,0.3851411411411412,5.603768768768754,9.099235235235236
115,"([0.05, 0.5, 0.09, 0.14, 0.23, 0.0], [3])","([0, 1, 0, 0, 0, 0], [1])",-0.0,-0.0,-0.0,-0.7170000000000001,-0.0,-0.0,-0.7170000000000001,0.3851411411411412,5.935627627627613,9.099235235235236
116,"([0.05, 0.5, 0.09, 0.14, 0.23, 0.0], [2])","([0, 1, 0, 0, 0, 0], [1])",-0.0,-0.0,-0.7390000000000001,-0.0,-0.0,-0.0,-0.7390000000000001,0.3851411411411412,6.289486486486473,9.099235235235236
117,"([0.05, 0.5, 0.09, 0.14, 0.23, 0.0], [2])","([0, 1, 0, 0, 0, 0], [1])",-0.0,-0.0,-0.7390000000000001,-0.0,-0.0,-0.0,-0.7390000000000001,0.3851411411411412,6.643345345345331,9.099235235235236
118,"([0.05, 0.5, 0.09, 0.14, 0.23, 0.0], [3])","([0, 1, 0, 0, 0, 0], [1])",-0.0,-0.0,-0.0,-0.7170000000000001,-0.0,-0.0,-0.7170000000000001,0.3851411411411412,6.97520420420419,9.099235235235236
119,"([0.05, 0.5, 0.09, 0.14, 0.23, 0.0], [1])","([0, 1, 0, 0, 0, 0], [1])",-0.0,-0.0,-0.0,-0.0,-0.0,-0.0,0.0,0.3851411411411412,6.590063063063049,9.099235235235236
120,"([0.05, 0.5, 0.09, 0.14, 0.23, 0.0], [1])","([0, 1, 0, 0, 0, 0], [1])",-0.0,-0.0,-0.0,-0.0,-0.0,-0.0,0.0,0.3851411411411412,6.204921921921907,9.099235235235236
121,"([0.05, 0.5, 0.09, 0.14, 0.23, 0.0], [1])","([0, 1, 0, 0, 0, 0], [1])",-0.0,-0.0,-0.0,-0.0,-0.0,-0.0,0.0,0.3851411411411412,5.819780780780766,9.099235235235236
122,"([0.05, 0.5, 0.09, 0.14, 0.23, 0.0], [3])","([0, 1, 0, 0, 0, 0], [1])",-0.0,-0.0,-0.0,-0.7170000000000001,-0.0,-0.0,-0.7170000000000001,0.3851411411411412,6.151639639639625,9.099235235235236
123,"([0.05, 0.5, 0.09, 0.14, 0.23, 0.0], [2])","([0, 1, 0, 0, 0, 0], [1])",-0.0,-0.0,-0.7390000000000001,-0.0,-0.0,-0.0,-0.7390000000000001,0.3851411411411412,6.5054984984984845,9.099235235235236
124,"([0.05, 0.5, 0.09, 0.14, 0.23, 0.0], [2])","([0, 1, 0, 0, 0, 0], [1])",-0.0,-0.0,-0.7390000000000001,-0.0,-0.0,-0.0,-0.7390000000000001,0.3851411411411412,6.859357357357343,9.099235235235236
125,"([0.05, 0.5, 0.09, 0.14, 0.23, 0.0], [1])","([0, 1, 0, 0, 0, 0], [1])",-0.0,-0.0,-0.0,-0.0,-0.0,-0.0,0.0,0.3851411411411412,6.474216216216202,9.099235235235236
126,"([0.05, 0.5, 0.09, 0.14, 0.23, 0.0], [1])","([0, 1, 0, 0, 0, 0], [1])",-0.0,-0.0,-0.0,-0.0,-0.0,-0.0,0.0,0.3851411411411412,6.08907507507506,9.099235235235236
127,"([0.05, 0.5, 0.09, 0.14, 0.23, 0.0], [3])","([0, 1, 0, 0, 0, 0], [1])",-0.0,-0.0,-0.0,-0.7170000000000001,-0.0,-0.0,-0.7170000000000001,0.3851411411411412,6.420933933933919,9.099235235235236
128,"([0.05, 0.5, 0.09, 0.14, 0.23, 0.0], [4])","([0, 1, 0, 0, 0, 0], [1])",-0.0,-0.0,-0.0,-0.0,-0.8190000000000001,-0.0,-0.8190000000000001,0.3851411411411412,6.854792792792778,9.099235235235236
129,"([0.05, 0.5, 0.09, 0.14, 0.23, 0.0], [3])","([0, 1, 0, 0, 0, 0], [1])",-0.0,-0.0,-0.0,-0.7170000000000001,-0.0,-0.0,-0.7170000000000001,0.3851411411411412,7.186651651651637,9.099235235235236
130,"([0.05, 0.5, 0.09, 0.14, 0.23, 0.0], [3])","([0, 1, 0, 0, 0, 0], [1])",-0.0,-0.0,-0.0,-0.7170000000000001,-0.0,-0.0,-0.7170000000000001,0.3851411411411412,7.518510510510496,9.099235235235236
131,"([0.05, 0.5, 0.09, 0.14, 0.23, 0.0], [5])","([0, 1, 0, 0, 0, 0], [1])",-0.0,-0.0,-0.0,-0.0,-0.0,-0.722,-0.722,0.3851411411411412,7.855369369369355,9.099235235235236
132,"([0.05, 0.5, 0.09, 0.14, 0.23, 0.0], [3])","([0, 1, 0, 0, 0, 0], [1])",-0.0,-0.0,-0.0,-0.7170000000000001,-0.0,-0.0,-0.7170000000000001,0.3851411411411412,8.187228228228214,9.099235235235236
133,"([0.05, 0.5, 0.09, 0.14, 0.23, 0.0], [1])","([0, 1, 0, 0, 0, 0], [1])",-0.0,-0.0,-0.0,-0.0,-0.0,-0.0,0.0,0.3851411411411412,7.802087087087073,9.099235235235236
134,"([0.05, 0.5, 0.09, 0.14, 0.23, 0.0], [1])","([0, 1, 0, 0, 0, 0], [1])",-0.0,-0.0,-0.0,-0.0,-0.0,-0.0,0.0,0.3851411411411412,7.4169459459459315,9.099235235235236
135,"([0.05, 0.5, 0.09, 0.14, 0.23, 0.0], [1])","([0, 1, 0, 0, 0, 0], [1])",-0.0,-0.0,-0.0,-0.0,-0.0,-0.0,0.0,0.3851411411411412,7.03180480480479,9.099235235235236
136,"([0.05, 0.5, 0.09, 0.14, 0.23, 0.0], [4])","([0, 1, 0, 0, 0, 0], [1])",-0.0,-0.0,-0.0,-0.0,-0.8190000000000001,-0.0,-0.8190000000000001,0.3851411411411412,7.465663663663649,9.099235235235236
137,"([0.05, 0.5, 0.09, 0.14, 0.23, 0.0], [0])","([0, 1, 0, 0, 0, 0], [1])",-0.747,-0.0,-0.0,-0.0,-0.0,-0.0,-0.747,0.3851411411411412,7.827522522522507,9.099235235235236
138,"([0.05, 0.5, 0.09, 0.14, 0.23, 0.0], [0])","([0, 1, 0, 0, 0, 0], [1])",-0.747,-0.0,-0.0,-0.0,-0.0,-0.0,-0.747,0.3851411411411412,8.189381381381367,9.099235235235236
139,"([0.05, 0.5, 0.09, 0.14, 0.23, 0.0], [3])","([0, 1, 0, 0, 0, 0], [1])",-0.0,-0.0,-0.0,-0.7170000000000001,-0.0,-0.0,-0.7170000000000001,0.3851411411411412,8.521240240240225,9.099235235235236
140,"([0.05, 0.5, 0.09, 0.14, 0.23, 0.0], [3])","([0, 1, 0, 0, 0, 0], [1])",-0.0,-0.0,-0.0,-0.7170000000000001,-0.0,-0.0,-0.7170000000000001,0.3851411411411412,8.853099099099083,9.099235235235236
141,"([0.05, 0.5, 0.09, 0.14, 0.23, 0.0], [3])","([0, 1, 0, 0, 0, 0], [1])",-0.0,-0.0,-0.0,-0.7170000000000001,-0.0,-0.0,-0.7170000000000001,0.3851411411411412,9.184957957957941,9.099235235235236
142,"([0.05, 0.5, 0.09, 0.14, 0.23, 0.0], [1])","([0, 1, 0, 0, 0, 0], [1])",-0.0,-0.0,-0.0,-0.0,-0.0,-0.0,0.0,0.3851411411411412,8.7998168168168,9.099235235235236
143,"([0.05, 0.5, 0.09, 0.14, 0.23, 0.0], [1])","([0, 1, 0, 0, 0, 0], [1])",-0.0,-0.0,-0.0,-0.0,-0.0,-0.0,0.0,0.3851411411411412,8.41467567567566,9.099235235235236
144,"([0.05, 0.5, 0.09, 0.14, 0.23, 0.0], [1])","([0, 1, 0, 0, 0, 0], [1])",-0.0,-0.0,-0.0,-0.0,-0.0,-0.0,0.0,0.3851411411411412,8.02953453453452,9.099235235235236
145,"([0.05, 0.5, 0.09, 0.14, 0.23, 0.0], [2])","([0, 1, 0, 0, 0, 0], [1])",-0.0,-0.0,-0.7390000000000001,-0.0,-0.0,-0.0,-0.7390000000000001,0.3851411411411412,8.383393393393378,9.099235235235236
146,"([0.05, 0.5, 0.09, 0.14, 0.23, 0.0], [1])","([0, 1, 0, 0, 0, 0], [1])",-0.0,-0.0,-0.0,-0.0,-0.0,-0.0,0.0,0.3851411411411412,7.998252252252237,9.099235235235236
147,"([0.05, 0.5, 0.09, 0.14, 0.23, 0.0], [3])","([0, 1, 0, 0, 0, 0], [1])",-0.0,-0.0,-0.0,-0.7170000000000001,-0.0,-0.0,-0.7170000000000001,0.3851411411411412,8.330111111111096,9.099235235235236
148,"([0.05, 0.5, 0.09, 0.14, 0.23, 0.0], [4])","([0, 1, 0, 0, 0, 0], [1])",-0.0,-0.0,-0.0,-0.0,-0.8190000000000001,-0.0,-0.8190000000000001,0.3851411411411412,8.763969969969954,9.099235235235236
149,"([0.05, 0.5, 0.09, 0.14, 0.23, 0.0], [1])","([0, 1, 0, 0, 0, 0], [1])",-0.0,-0.0,-0.0,-0.0,-0.0,-0.0,0.0,0.3851411411411412,8.378828828828814,9.099235235235236
150,"([0.05, 0.5, 0.09, 0.14, 0.23, 0.0], [4])","([0, 1, 0, 0, 0, 0], [1])",-0.0,-0.0,-0.0,-0.0,-0.8190000000000001,-0.0,-0.8190000000000001,0.3851411411411412,8.812687687687673,9.099235235235236
151,"([0.05, 0.5, 0.09, 0.14, 0.23, 0.0], [1])","([0, 1, 0, 0, 0, 0], [1])",-0.0,-0.0,-0.0,-0.0,-0.0,-0.0,0.0,0.3851411411411412,8.427546546546532,9.099235235235236
152,"([0.05, 0.5, 0.09, 0.14, 0.23, 0.0], [1])","([0, 1, 0, 0, 0, 0], [1])",-0.0,-0.0,-0.0,-0.0,-0.0,-0.0,0.0,0.3851411411411412,8.042405405405392,9.099235235235236
153,"([0.05, 0.5, 0.09, 0.14, 0.23, 0.0], [1])","([0, 1, 0, 0, 0, 0], [1])",-0.0,-0.0,-0.0,-0.0,-0.0,-0.0,0.0,0.3851411411411412,7.65726426426425,9.099235235235236
154,"([0.05, 0.5, 0.09, 0.14, 0.23, 0.0], [4])","([0, 1, 0, 0, 0, 0], [1])",-0.0,-0.0,-0.0,-0.0,-0.8190000000000001,-0.0,-0.8190000000000001,0.3851411411411412,8.09112312312311,9.099235235235236
155,"([0.05, 0.5, 0.09, 0.14, 0.23, 0.0], [3])","([0, 1, 0, 0, 0, 0], [1])",-0.0,-0.0,-0.0,-0.7170000000000001,-0.0,-0.0,-0.7170000000000001,0.3851411411411412,8.422981981981968,9.099235235235236
156,"([0.05, 0.5, 0.09, 0.14, 0.23, 0.0], [1])","([0, 1, 0, 0, 0, 0], [1])",-0.0,-0.0,-0.0,-0.0,-0.0,-0.0,0.0,0.3851411411411412,8.037840840840827,9.099235235235236
157,"([0.05, 0.5, 0.09, 0.14, 0.23, 0.0], [3])","([0, 1, 0, 0, 0, 0], [1])",-0.0,-0.0,-0.0,-0.7170000000000001,-0.0,-0.0,-0.7170000000000001,0.3851411411411412,8.369699699699686,9.099235235235236
158,"([0.05, 0.5, 0.09, 0.14, 0.23, 0.0], [1])","([0, 1, 0, 0, 0, 0], [1])",-0.0,-0.0,-0.0,-0.0,-0.0,-0.0,0.0,0.3851411411411412,7.984558558558544,9.099235235235236
159,"([0.05, 0.5, 0.09, 0.14, 0.23, 0.0], [4])","([0, 1, 0, 0, 0, 0], [1])",-0.0,-0.0,-0.0,-0.0,-0.8190000000000001,-0.0,-0.8190000000000001,0.3851411411411412,8.418417417417404,9.099235235235236
160,"([0.05, 0.5, 0.09, 0.14, 0.23, 0.0], [3])","([0, 1, 0, 0, 0, 0], [1])",-0.0,-0.0,-0.0,-0.7170000000000001,-0.0,-0.0,-0.7170000000000001,0.3851411411411412,8.750276276276262,9.099235235235236
161,"([0.05, 0.5, 0.09, 0.14, 0.23, 0.0], [1])","([0, 1, 0, 0, 0, 0], [1])",-0.0,-0.0,-0.0,-0.0,-0.0,-0.0,0.0,0.3851411411411412,8.365135135135121,9.099235235235236
162,"([0.05, 0.5, 0.09, 0.14, 0.23, 0.0], [2])","([0, 1, 0, 0, 0, 0], [1])",-0.0,-0.0,-0.7390000000000001,-0.0,-0.0,-0.0,-0.7390000000000001,0.3851411411411412,8.71899399399398,9.099235235235236
163,"([0.05, 0.5, 0.09, 0.14, 0.23, 0.0], [4])","([0, 1, 0, 0, 0, 0], [1])",-0.0,-0.0,-0.0,-0.0,-0.8190000000000001,-0.0,-0.8190000000000001,0.3851411411411412,9.152852852852838,9.099235235235236
164,"([0.05, 0.5, 0.09, 0.14, 0.23, 0.0], [1])","([0, 1, 0, 0, 0, 0], [1])",-0.0,-0.0,-0.0,-0.0,-0.0,-0.0,0.0,0.3851411411411412,8.767711711711698,9.099235235235236
165,"([0.05, 0.5, 0.09, 0.14, 0.23, 0.0], [1])","([0, 1, 0, 0, 0, 0], [1])",-0.0,-0.0,-0.0,-0.0,-0.0,-0.0,0.0,0.3851411411411412,8.382570570570557,9.099235235235236
166,"([0.05, 0.5, 0.09, 0.14, 0.23, 0.0], [1])","([0, 1, 0, 0, 0, 0], [1])",-0.0,-0.0,-0.0,-0.0,-0.0,-0.0,0.0,0.3851411411411412,7.997429429429416,9.099235235235236
167,"([0.05, 0.5, 0.09, 0.14, 0.23, 0.0], [2])","([0, 1, 0, 0, 0, 0], [1])",-0.0,-0.0,-0.7390000000000001,-0.0,-0.0,-0.0,-0.7390000000000001,0.3851411411411412,8.351288288288275,9.099235235235236
168,"([0.05, 0.5, 0.09, 0.14, 0.23, 0.0], [1])","([0, 1, 0, 0, 0, 0], [1])",-0.0,-0.0,-0.0,-0.0,-0.0,-0.0,0.0,0.3851411411411412,7.966147147147134,9.099235235235236
169,"([0.05, 0.5, 0.09, 0.14, 0.23, 0.0], [1])","([0, 1, 0, 0, 0, 0], [1])",-0.0,-0.0,-0.0,-0.0,-0.0,-0.0,0.0,0.3851411411411412,7.5810060060059925,9.099235235235236
170,"([0.05, 0.5, 0.09, 0.14, 0.23, 0.0], [4])","([0, 1, 0, 0, 0, 0], [1])",-0.0,-0.0,-0.0,-0.0,-0.8190000000000001,-0.0,-0.8190000000000001,0.3851411411411412,8.014864864864851,9.099235235235236
171,"([0.05, 0.5, 0.09, 0.14, 0.23, 0.0], [2])","([0, 1, 0, 0, 0, 0], [1])",-0.0,-0.0,-0.7390000000000001,-0.0,-0.0,-0.0,-0.7390000000000001,0.3851411411411412,8.36872372372371,9.099235235235236
172,"([0.05, 0.5, 0.09, 0.14, 0.23, 0.0], [1])","([0, 1, 0, 0, 0, 0], [1])",-0.0,-0.0,-0.0,-0.0,-0.0,-0.0,0.0,0.3851411411411412,7.983582582582568,9.099235235235236
173,"([0.05, 0.5, 0.09, 0.14, 0.23, 0.0], [1])","([0, 1, 0, 0, 0, 0], [1])",-0.0,-0.0,-0.0,-0.0,-0.0,-0.0,0.0,0.3851411411411412,7.598441441441427,9.099235235235236
174,"([0.05, 0.5, 0.09, 0.14, 0.23, 0.0], [1])","([0, 1, 0, 0, 0, 0], [1])",-0.0,-0.0,-0.0,-0.0,-0.0,-0.0,0.0,0.3851411411411412,7.213300300300285,9.099235235235236
175,"([0.05, 0.5, 0.09, 0.14, 0.23, 0.0], [4])","([0, 1, 0, 0, 0, 0], [1])",-0.0,-0.0,-0.0,-0.0,-0.8190000000000001,-0.0,-0.8190000000000001,0.3851411411411412,7.647159159159144,9.099235235235236
176,"([0.05, 0.5, 0.09, 0.14, 0.23, 0.0], [3])","([0, 1, 0, 0, 0, 0], [1])",-0.0,-0.0,-0.0,-0.7170000000000001,-0.0,-0.0,-0.7170000000000001,0.3851411411411412,7.979018018018003,9.099235235235236
177,"([0.05, 0.5, 0.09, 0.14, 0.23, 0.0], [4])","([0, 1, 0, 0, 0, 0], [1])",-0.0,-0.0,-0.0,-0.0,-0.8190000000000001,-0.0,-0.8190000000000001,0.3851411411411412,8.412876876876862,9.099235235235236
178,"([0.05, 0.5, 0.09, 0.14, 0.23, 0.0], [3])","([0, 1, 0, 0, 0, 0], [1])",-0.0,-0.0,-0.0,-0.7170000000000001,-0.0,-0.0,-0.7170000000000001,0.3851411411411412,8.74473573573572,9.099235235235236
179,"([0.05, 0.5, 0.09, 0.14, 0.23, 0.0], [4])","([0, 1, 0, 0, 0, 0], [1])",-0.0,-0.0,-0.0,-0.0,-0.8190000000000001,-0.0,-0.8190000000000001,0.3851411411411412,9.178594594594578,9.099235235235236
180,"([0.05, 0.5, 0.09, 0.14, 0.23, 0.0], [1])","([0, 1, 0, 0, 0, 0], [1])",-0.0,-0.0,-0.0,-0.0,-0.0,-0.0,0.0,0.3851411411411412,8.793453453453438,9.099235235235236
181,"([0.05, 0.5, 0.09, 0.14, 0.23, 0.0], [1])","([0, 1, 0, 0, 0, 0], [1])",-0.0,-0.0,-0.0,-0.0,-0.0,-0.0,0.0,0.3851411411411412,8.408312312312297,9.099235235235236
182,"([0.05, 0.5, 0.09, 0.14, 0.23, 0.0], [4])","([0, 1, 0, 0, 0, 0], [1])",-0.0,-0.0,-0.0,-0.0,-0.8190000000000001,-0.0,-0.8190000000000001,0.3851411411411412,8.842171171171156,9.099235235235236
183,"([0.05, 0.5, 0.09, 0.14, 0.23, 0.0], [1])","([0, 1, 0, 0, 0, 0], [1])",-0.0,-0.0,-0.0,-0.0,-0.0,-0.0,0.0,0.3851411411411412,8.457030030030015,9.099235235235236
184,"([0.05, 0.5, 0.09, 0.14, 0.23, 0.0], [1])","([0, 1, 0, 0, 0, 0], [1])",-0.0,-0.0,-0.0,-0.0,-0.0,-0.0,0.0,0.3851411411411412,8.071888888888875,9.099235235235236
185,"([0.05, 0.5, 0.09, 0.14, 0.23, 0.0], [3])","([0, 1, 0, 0, 0, 0], [1])",-0.0,-0.0,-0.0,-0.7170000000000001,-0.0,-0.0,-0.7170000000000001,0.3851411411411412,8.403747747747733,9.099235235235236
186,"([0.05, 0.5, 0.09, 0.14, 0.23, 0.0], [1])","([0, 1, 0, 0, 0, 0], [1])",-0.0,-0.0,-0.0,-0.0,-0.0,-0.0,0.0,0.3851411411411412,8.018606606606593,9.099235235235236
187,"([0.05, 0.5, 0.09, 0.14, 0.23, 0.0], [3])","([0, 1, 0, 0, 0, 0], [1])",-0.0,-0.0,-0.0,-0.7170000000000001,-0.0,-0.0,-0.7170000000000001,0.3851411411411412,8.35046546546545,9.099235235235236
188,"([0.05, 0.5, 0.09, 0.14, 0.23, 0.0], [4])","([0, 1, 0, 0, 0, 0], [1])",-0.0,-0.0,-0.0,-0.0,-0.8190000000000001,-0.0,-0.8190000000000001,0.3851411411411412,8.78432432432431,9.099235235235236
189,"([0.05, 0.5, 0.09, 0.14, 0.23, 0.0], [1])","([0, 1, 0, 0, 0, 0], [1])",-0.0,-0.0,-0.0,-0.0,-0.0,-0.0,0.0,0.3851411411411412,8.399183183183169,9.099235235235236
190,"([0.05, 0.5, 0.09, 0.14, 0.23, 0.0], [1])","([0, 1, 0, 0, 0, 0], [1])",-0.0,-0.0,-0.0,-0.0,-0.0,-0.0,0.0,0.3851411411411412,8.014042042042028,9.099235235235236
191,"([0.05, 0.5, 0.09, 0.14, 0.23, 0.0], [4])","([0, 1, 0, 0, 0, 0], [1])",-0.0,-0.0,-0.0,-0.0,-0.8190000000000001,-0.0,-0.8190000000000001,0.3851411411411412,8.447900900900887,9.099235235235236
192,"([0.05, 0.5, 0.09, 0.14, 0.23, 0.0], [0])","([0, 1, 0, 0, 0, 0], [1])",-0.747,-0.0,-0.0,-0.0,-0.0,-0.0,-0.747,0.3851411411411412,8.809759759759746,9.099235235235236
193,"([0.05, 0.5, 0.09, 0.14, 0.23, 0.0], [3])","([0, 1, 0, 0, 0, 0], [1])",-0.0,-0.0,-0.0,-0.7170000000000001,-0.0,-0.0,-0.7170000000000001,0.3851411411411412,9.141618618618605,9.099235235235236
194,"([0.05, 0.5, 0.09, 0.14, 0.23, 0.0], [1])","([0, 1, 0, 0, 0, 0], [1])",-0.0,-0.0,-0.0,-0.0,-0.0,-0.0,0.0,0.3851411411411412,8.756477477477464,9.099235235235236
195,"([0.05, 0.5, 0.09, 0.14, 0.23, 0.0], [1])","([0, 1, 0, 0, 0, 0], [1])",-0.0,-0.0,-0.0,-0.0,-0.0,-0.0,0.0,0.3851411411411412,8.371336336336324,9.099235235235236
196,"([0.05, 0.5, 0.09, 0.14, 0.23, 0.0], [4])","([0, 1, 0, 0, 0, 0], [1])",-0.0,-0.0,-0.0,-0.0,-0.8190000000000001,-0.0,-0.8190000000000001,0.3851411411411412,8.805195195195182,9.099235235235236
197,"([0.05, 0.5, 0.09, 0.14, 0.23, 0.0], [4])","([0, 1, 0, 0, 0, 0], [1])",-0.0,-0.0,-0.0,-0.0,-0.8190000000000001,-0.0,-0.8190000000000001,0.3851411411411412,9.23905405405404,9.099235235235236
198,"([0.05, 0.5, 0.09, 0.14, 0.23, 0.0], [3])","([0, 1, 0, 0, 0, 0], [1])",-0.0,-0.0,-0.0,-0.7170000000000001,-0.0,-0.0,-0.7170000000000001,0.3851411411411412,9.570912912912899,9.099235235235236
199,"([0.05, 0.5, 0.09, 0.14, 0.23, 0.0], [3])","([0, 1, 0, 0, 0, 0], [1])",-0.0,-0.0,-0.0,-0.7170000000000001,-0.0,-0.0,-0.7170000000000001,0.3851411411411412,9.902771771771757,9.099235235235236
