,sto-1,FB-0,feedback target 0,feedback target 1,feedback target 2,feedback target 3,feedback target 4,feedback target 5,total,exp_loss,actual_regret,exp_regret
0,"([0.23, 0.04, 0.05, 0.02, 0.14, 0.52], [0])","([0, 0, 0, 0, 0, 1], [5])",-0.715,-0.0,-0.0,-0.0,-0.0,-0.0,-0.715,0.374215,0.34078499999999995,0.0
1,"([0.23, 0.04, 0.05, 0.02, 0.14, 0.52], [4])","([1, 0, 0, 0, 0, 0], [0])",-0.0,-0.0,-0.0,-0.0,-0.845,-0.0,-0.845,0.722188,0.8115699999999999,0.34797300000000003
2,"([0.23, 0.04, 0.05, 0.02, 0.14, 0.52], [5])","([0, 0, 0, 0, 1, 0], [4])",-0.0,-0.0,-0.0,-0.0,-0.0,-0.982,-0.982,0.773863,1.419355,0.747621
3,"([0.23, 0.04, 0.05, 0.02, 0.14, 0.52], [3])","([0, 0, 0, 0, 0, 1], [5])",-0.0,-0.0,-0.0,-0.794,-0.0,-0.0,-0.794,0.374215,1.83914,0.747621
4,"([0.23, 0.04, 0.05, 0.02, 0.14, 0.52], [2])","([0, 0, 0, 0, 1, 0], [4])",-0.0,-0.0,-0.9129999999999999,-0.0,-0.0,-0.0,-0.9129999999999999,0.773863,2.377925,1.1472689999999999
5,"([0.23, 0.04, 0.05, 0.02, 0.14, 0.52], [5])","([0, 0, 0, 0, 1, 0], [4])",-0.0,-0.0,-0.0,-0.0,-0.0,-0.982,-0.982,0.773863,2.98571,1.5469169999999999
6,"([0.23, 0.04, 0.05, 0.02, 0.14, 0.52], [5])","([0, 0, 0, 0, 0, 1], [5])",-0.0,-0.0,-0.0,-0.0,-0.0,-0.0,0.0,0.374215,2.611495,1.5469169999999999
7,"([0.23, 0.04, 0.05, 0.02, 0.14, 0.52], [4])","([0, 0, 0, 0, 0, 1], [5])",-0.0,-0.0,-0.0,-0.0,-0.845,-0.0,-0.845,0.374215,3.08228,1.5469169999999999
8,"([0.23, 0.04, 0.05, 0.02, 0.14, 0.52], [5])","([0, 0, 0, 0, 0, 1], [5])",-0.0,-0.0,-0.0,-0.0,-0.0,-0.0,0.0,0.374215,2.708065,1.5469169999999999
9,"([0.23, 0.04, 0.05, 0.02, 0.14, 0.52], [5])","([0, 0, 0, 0, 0, 1], [5])",-0.0,-0.0,-0.0,-0.0,-0.0,-0.0,0.0,0.374215,2.33385,1.5469169999999999
10,"([0.23, 0.04, 0.05, 0.02, 0.14, 0.52], [5])","([0, 0, 0, 0, 0, 1], [5])",-0.0,-0.0,-0.0,-0.0,-0.0,-0.0,0.0,0.374215,1.959635,1.5469169999999999
11,"([0.23, 0.04, 0.05, 0.02, 0.14, 0.52], [4])","([0, 0, 0, 0, 0, 1], [5])",-0.0,-0.0,-0.0,-0.0,-0.845,-0.0,-0.845,0.374215,2.43042,1.5469169999999999
12,"([0.23, 0.04, 0.05, 0.02, 0.14, 0.52], [4])","([0, 0, 0, 0, 0, 1], [5])",-0.0,-0.0,-0.0,-0.0,-0.845,-0.0,-0.845,0.374215,2.9012049999999996,1.5469169999999999
13,"([0.23, 0.04, 0.05, 0.02, 0.14, 0.52], [5])","([0, 0, 0, 0, 0, 1], [5])",-0.0,-0.0,-0.0,-0.0,-0.0,-0.0,0.0,0.374215,2.5269899999999996,1.5469169999999999
14,"([0.23, 0.04, 0.05, 0.02, 0.14, 0.52], [5])","([0, 0, 0, 0, 0, 1], [5])",-0.0,-0.0,-0.0,-0.0,-0.0,-0.0,0.0,0.374215,2.1527749999999997,1.5469169999999999
15,"([0.23, 0.04, 0.05, 0.02, 0.14, 0.52], [0])","([0, 0, 0, 0, 0, 1], [5])",-0.715,-0.0,-0.0,-0.0,-0.0,-0.0,-0.715,0.374215,2.4935599999999996,1.5469169999999999
16,"([0.23, 0.04, 0.05, 0.02, 0.14, 0.52], [5])","([0, 0, 0, 0, 0, 1], [5])",-0.0,-0.0,-0.0,-0.0,-0.0,-0.0,0.0,0.374215,2.1193449999999996,1.5469169999999999
17,"([0.23, 0.04, 0.05, 0.02, 0.14, 0.52], [0])","([0, 0, 0, 0, 0, 1], [5])",-0.715,-0.0,-0.0,-0.0,-0.0,-0.0,-0.715,0.374215,2.4601299999999995,1.5469169999999999
18,"([0.23, 0.04, 0.05, 0.02, 0.14, 0.52], [1])","([0, 0, 0, 0, 0, 1], [5])",-0.0,-0.852,-0.0,-0.0,-0.0,-0.0,-0.852,0.374215,2.9379149999999994,1.5469169999999999
19,"([0.23, 0.04, 0.05, 0.02, 0.14, 0.52], [5])","([0, 0, 0, 0, 0, 1], [5])",-0.0,-0.0,-0.0,-0.0,-0.0,-0.0,0.0,0.374215,2.5636999999999994,1.5469169999999999
20,"([0.23, 0.04, 0.05, 0.02, 0.14, 0.52], [4])","([0, 0, 0, 0, 0, 1], [5])",-0.0,-0.0,-0.0,-0.0,-0.845,-0.0,-0.845,0.374215,3.034484999999999,1.5469169999999999
21,"([0.23, 0.04, 0.05, 0.02, 0.14, 0.52], [5])","([0, 0, 0, 0, 0, 1], [5])",-0.0,-0.0,-0.0,-0.0,-0.0,-0.0,0.0,0.374215,2.6602699999999992,1.5469169999999999
22,"([0.23, 0.04, 0.05, 0.02, 0.14, 0.52], [5])","([0, 0, 0, 0, 0, 1], [5])",-0.0,-0.0,-0.0,-0.0,-0.0,-0.0,0.0,0.374215,2.2860549999999993,1.5469169999999999
23,"([0.23, 0.04, 0.05, 0.02, 0.14, 0.52], [4])","([0, 0, 0, 0, 0, 1], [5])",-0.0,-0.0,-0.0,-0.0,-0.845,-0.0,-0.845,0.374215,2.756839999999999,1.5469169999999999
24,"([0.23, 0.04, 0.05, 0.02, 0.14, 0.52], [2])","([0, 0, 0, 0, 0, 1], [5])",-0.0,-0.0,-0.9129999999999999,-0.0,-0.0,-0.0,-0.9129999999999999,0.374215,3.295624999999999,1.5469169999999999
25,"([0.23, 0.04, 0.05, 0.02, 0.14, 0.52], [5])","([0, 0, 0, 0, 0, 1], [5])",-0.0,-0.0,-0.0,-0.0,-0.0,-0.0,0.0,0.374215,2.921409999999999,1.5469169999999999
26,"([0.23, 0.04, 0.05, 0.02, 0.14, 0.52], [5])","([0, 0, 0, 0, 0, 1], [5])",-0.0,-0.0,-0.0,-0.0,-0.0,-0.0,0.0,0.374215,2.547194999999999,1.5469169999999999
27,"([0.23, 0.04, 0.05, 0.02, 0.14, 0.52], [1])","([0, 0, 0, 0, 0, 1], [5])",-0.0,-0.852,-0.0,-0.0,-0.0,-0.0,-0.852,0.374215,3.024979999999999,1.5469169999999999
28,"([0.23, 0.04, 0.05, 0.02, 0.14, 0.52], [5])","([0, 0, 0, 0, 0, 1], [5])",-0.0,-0.0,-0.0,-0.0,-0.0,-0.0,0.0,0.374215,2.650764999999999,1.5469169999999999
29,"([0.23, 0.04, 0.05, 0.02, 0.14, 0.52], [4])","([0, 0, 0, 0, 0, 1], [5])",-0.0,-0.0,-0.0,-0.0,-0.845,-0.0,-0.845,0.374215,3.1215499999999987,1.5469169999999999
30,"([0.23, 0.04, 0.05, 0.02, 0.14, 0.52], [5])","([0, 0, 0, 0, 0, 1], [5])",-0.0,-0.0,-0.0,-0.0,-0.0,-0.0,0.0,0.374215,2.7473349999999988,1.5469169999999999
31,"([0.23, 0.04, 0.05, 0.02, 0.14, 0.52], [5])","([0, 0, 0, 0, 0, 1], [5])",-0.0,-0.0,-0.0,-0.0,-0.0,-0.0,0.0,0.374215,2.373119999999999,1.5469169999999999
32,"([0.23, 0.04, 0.05, 0.02, 0.14, 0.52], [0])","([0, 0, 0, 0, 0, 1], [5])",-0.715,-0.0,-0.0,-0.0,-0.0,-0.0,-0.715,0.374215,2.7139049999999987,1.5469169999999999
33,"([0.23, 0.04, 0.05, 0.02, 0.14, 0.52], [2])","([0, 0, 0, 0, 0, 1], [5])",-0.0,-0.0,-0.9129999999999999,-0.0,-0.0,-0.0,-0.9129999999999999,0.374215,3.2526899999999985,1.5469169999999999
34,"([0.23, 0.04, 0.05, 0.02, 0.14, 0.52], [5])","([0, 0, 0, 0, 0, 1], [5])",-0.0,-0.0,-0.0,-0.0,-0.0,-0.0,0.0,0.374215,2.8784749999999986,1.5469169999999999
35,"([0.23, 0.04, 0.05, 0.02, 0.14, 0.52], [0])","([0, 0, 0, 0, 0, 1], [5])",-0.715,-0.0,-0.0,-0.0,-0.0,-0.0,-0.715,0.374215,3.2192599999999985,1.5469169999999999
36,"([0.23, 0.04, 0.05, 0.02, 0.14, 0.52], [5])","([0, 0, 0, 0, 0, 1], [5])",-0.0,-0.0,-0.0,-0.0,-0.0,-0.0,0.0,0.374215,2.8450449999999985,1.5469169999999999
37,"([0.23, 0.04, 0.05, 0.02, 0.14, 0.52], [2])","([0, 0, 0, 0, 0, 1], [5])",-0.0,-0.0,-0.9129999999999999,-0.0,-0.0,-0.0,-0.9129999999999999,0.374215,3.3838299999999983,1.5469169999999999
38,"([0.23, 0.04, 0.05, 0.02, 0.14, 0.52], [5])","([0, 0, 0, 0, 0, 1], [5])",-0.0,-0.0,-0.0,-0.0,-0.0,-0.0,0.0,0.374215,3.0096149999999984,1.5469169999999999
39,"([0.23, 0.04, 0.05, 0.02, 0.14, 0.52], [5])","([0, 0, 0, 0, 0, 1], [5])",-0.0,-0.0,-0.0,-0.0,-0.0,-0.0,0.0,0.374215,2.6353999999999984,1.5469169999999999
40,"([0.23, 0.04, 0.05, 0.02, 0.14, 0.52], [4])","([0, 0, 0, 0, 0, 1], [5])",-0.0,-0.0,-0.0,-0.0,-0.845,-0.0,-0.845,0.374215,3.106184999999998,1.5469169999999999
41,"([0.23, 0.04, 0.05, 0.02, 0.14, 0.52], [0])","([0, 0, 0, 0, 0, 1], [5])",-0.715,-0.0,-0.0,-0.0,-0.0,-0.0,-0.715,0.374215,3.446969999999998,1.5469169999999999
42,"([0.23, 0.04, 0.05, 0.02, 0.14, 0.52], [5])","([0, 0, 0, 0, 0, 1], [5])",-0.0,-0.0,-0.0,-0.0,-0.0,-0.0,0.0,0.374215,3.072754999999998,1.5469169999999999
43,"([0.23, 0.04, 0.05, 0.02, 0.14, 0.52], [5])","([0, 0, 0, 0, 0, 1], [5])",-0.0,-0.0,-0.0,-0.0,-0.0,-0.0,0.0,0.374215,2.698539999999998,1.5469169999999999
44,"([0.23, 0.04, 0.05, 0.02, 0.14, 0.52], [5])","([0, 0, 0, 0, 0, 1], [5])",-0.0,-0.0,-0.0,-0.0,-0.0,-0.0,0.0,0.374215,2.324324999999998,1.5469169999999999
45,"([0.23, 0.04, 0.05, 0.02, 0.14, 0.52], [5])","([0, 0, 0, 0, 0, 1], [5])",-0.0,-0.0,-0.0,-0.0,-0.0,-0.0,0.0,0.374215,1.9501099999999982,1.5469169999999999
46,"([0.23, 0.04, 0.05, 0.02, 0.14, 0.52], [4])","([0, 0, 0, 0, 0, 1], [5])",-0.0,-0.0,-0.0,-0.0,-0.845,-0.0,-0.845,0.374215,2.420894999999998,1.5469169999999999
47,"([0.23, 0.04, 0.05, 0.02, 0.14, 0.52], [5])","([0, 0, 0, 0, 0, 1], [5])",-0.0,-0.0,-0.0,-0.0,-0.0,-0.0,0.0,0.374215,2.046679999999998,1.5469169999999999
48,"([0.23, 0.04, 0.05, 0.02, 0.14, 0.52], [0])","([0, 0, 0, 0, 0, 1], [5])",-0.715,-0.0,-0.0,-0.0,-0.0,-0.0,-0.715,0.374215,2.387464999999998,1.5469169999999999
49,"([0.23, 0.04, 0.05, 0.02, 0.14, 0.52], [5])","([0, 0, 0, 0, 0, 1], [5])",-0.0,-0.0,-0.0,-0.0,-0.0,-0.0,0.0,0.374215,2.013249999999998,1.5469169999999999
50,"([0.23, 0.04, 0.05, 0.02, 0.14, 0.52], [1])","([0, 0, 0, 0, 0, 1], [5])",-0.0,-0.852,-0.0,-0.0,-0.0,-0.0,-0.852,0.374215,2.491034999999998,1.5469169999999999
51,"([0.23, 0.04, 0.05, 0.02, 0.14, 0.52], [5])","([0, 0, 0, 0, 0, 1], [5])",-0.0,-0.0,-0.0,-0.0,-0.0,-0.0,0.0,0.374215,2.116819999999998,1.5469169999999999
52,"([0.23, 0.04, 0.05, 0.02, 0.14, 0.52], [5])","([0, 0, 0, 0, 0, 1], [5])",-0.0,-0.0,-0.0,-0.0,-0.0,-0.0,0.0,0.374215,1.742604999999998,1.5469169999999999
53,"([0.23, 0.04, 0.05, 0.02, 0.14, 0.52], [4])","([0, 0, 0, 0, 0, 1], [5])",-0.0,-0.0,-0.0,-0.0,-0.845,-0.0,-0.845,0.374215,2.2133899999999977,1.5469169999999999
54,"([0.23, 0.04, 0.05, 0.02, 0.14, 0.52], [5])","([0, 0, 0, 0, 0, 1], [5])",-0.0,-0.0,-0.0,-0.0,-0.0,-0.0,0.0,0.374215,1.8391749999999978,1.5469169999999999
55,"([0.23, 0.04, 0.05, 0.02, 0.14, 0.52], [5])","([0, 0, 0, 0, 0, 1], [5])",-0.0,-0.0,-0.0,-0.0,-0.0,-0.0,0.0,0.374215,1.4649599999999978,1.5469169999999999
56,"([0.23, 0.04, 0.05, 0.02, 0.14, 0.52], [0])","([0, 0, 0, 0, 0, 1], [5])",-0.715,-0.0,-0.0,-0.0,-0.0,-0.0,-0.715,0.374215,1.8057449999999977,1.5469169999999999
57,"([0.23, 0.04, 0.05, 0.02, 0.14, 0.52], [5])","([0, 0, 0, 0, 0, 1], [5])",-0.0,-0.0,-0.0,-0.0,-0.0,-0.0,0.0,0.374215,1.4315299999999977,1.5469169999999999
58,"([0.23, 0.04, 0.05, 0.02, 0.14, 0.52], [4])","([0, 0, 0, 0, 0, 1], [5])",-0.0,-0.0,-0.0,-0.0,-0.845,-0.0,-0.845,0.374215,1.9023149999999978,1.5469169999999999
59,"([0.23, 0.04, 0.05, 0.02, 0.14, 0.52], [0])","([0, 0, 0, 0, 0, 1], [5])",-0.715,-0.0,-0.0,-0.0,-0.0,-0.0,-0.715,0.374215,2.243099999999998,1.5469169999999999
60,"([0.23, 0.04, 0.05, 0.02, 0.14, 0.52], [5])","([0, 0, 0, 0, 0, 1], [5])",-0.0,-0.0,-0.0,-0.0,-0.0,-0.0,0.0,0.374215,1.868884999999998,1.5469169999999999
61,"([0.23, 0.04, 0.05, 0.02, 0.14, 0.52], [4])","([0, 0, 0, 0, 0, 1], [5])",-0.0,-0.0,-0.0,-0.0,-0.845,-0.0,-0.845,0.374215,2.3396699999999977,1.5469169999999999
62,"([0.23, 0.04, 0.05, 0.02, 0.14, 0.52], [5])","([0, 0, 0, 0, 0, 1], [5])",-0.0,-0.0,-0.0,-0.0,-0.0,-0.0,0.0,0.374215,1.9654549999999977,1.5469169999999999
63,"([0.23, 0.04, 0.05, 0.02, 0.14, 0.52], [0])","([0, 0, 0, 0, 0, 1], [5])",-0.715,-0.0,-0.0,-0.0,-0.0,-0.0,-0.715,0.374215,2.3062399999999976,1.5469169999999999
64,"([0.23, 0.04, 0.05, 0.02, 0.14, 0.52], [5])","([0, 0, 0, 0, 0, 1], [5])",-0.0,-0.0,-0.0,-0.0,-0.0,-0.0,0.0,0.374215,1.9320249999999977,1.5469169999999999
65,"([0.23, 0.04, 0.05, 0.02, 0.14, 0.52], [5])","([0, 0, 0, 0, 0, 1], [5])",-0.0,-0.0,-0.0,-0.0,-0.0,-0.0,0.0,0.374215,1.5578099999999977,1.5469169999999999
66,"([0.23, 0.04, 0.05, 0.02, 0.14, 0.52], [5])","([0, 0, 0, 0, 0, 1], [5])",-0.0,-0.0,-0.0,-0.0,-0.0,-0.0,0.0,0.374215,1.1835949999999977,1.5469169999999999
67,"([0.23, 0.04, 0.05, 0.02, 0.14, 0.52], [0])","([0, 0, 0, 0, 0, 1], [5])",-0.715,-0.0,-0.0,-0.0,-0.0,-0.0,-0.715,0.374215,1.5243799999999976,1.5469169999999999
68,"([0.23, 0.04, 0.05, 0.02, 0.14, 0.52], [5])","([0, 0, 0, 0, 0, 1], [5])",-0.0,-0.0,-0.0,-0.0,-0.0,-0.0,0.0,0.374215,1.1501649999999977,1.5469169999999999
69,"([0.23, 0.04, 0.05, 0.02, 0.14, 0.52], [5])","([0, 0, 0, 0, 0, 1], [5])",-0.0,-0.0,-0.0,-0.0,-0.0,-0.0,0.0,0.374215,0.7759499999999977,1.5469169999999999
70,"([0.23, 0.04, 0.05, 0.02, 0.14, 0.52], [4])","([0, 0, 0, 0, 0, 1], [5])",-0.0,-0.0,-0.0,-0.0,-0.845,-0.0,-0.845,0.374215,1.2467349999999977,1.5469169999999999
71,"([0.23, 0.04, 0.05, 0.02, 0.14, 0.52], [5])","([0, 0, 0, 0, 0, 1], [5])",-0.0,-0.0,-0.0,-0.0,-0.0,-0.0,0.0,0.374215,0.8725199999999977,1.5469169999999999
72,"([0.23, 0.04, 0.05, 0.02, 0.14, 0.52], [0])","([0, 0, 0, 0, 0, 1], [5])",-0.715,-0.0,-0.0,-0.0,-0.0,-0.0,-0.715,0.374215,1.2133049999999976,1.5469169999999999
73,"([0.23, 0.04, 0.05, 0.02, 0.14, 0.52], [4])","([0, 0, 0, 0, 0, 1], [5])",-0.0,-0.0,-0.0,-0.0,-0.845,-0.0,-0.845,0.374215,1.6840899999999976,1.5469169999999999
74,"([0.23, 0.04, 0.05, 0.02, 0.14, 0.52], [5])","([0, 0, 0, 0, 0, 1], [5])",-0.0,-0.0,-0.0,-0.0,-0.0,-0.0,0.0,0.374215,1.3098749999999977,1.5469169999999999
75,"([0.23, 0.04, 0.05, 0.02, 0.14, 0.52], [4])","([0, 0, 0, 0, 0, 1], [5])",-0.0,-0.0,-0.0,-0.0,-0.845,-0.0,-0.845,0.374215,1.7806599999999977,1.5469169999999999
76,"([0.23, 0.04, 0.05, 0.02, 0.14, 0.52], [5])","([0, 0, 0, 0, 0, 1], [5])",-0.0,-0.0,-0.0,-0.0,-0.0,-0.0,0.0,0.374215,1.4064449999999977,1.5469169999999999
77,"([0.23, 0.04, 0.05, 0.02, 0.14, 0.52], [5])","([0, 0, 0, 0, 0, 1], [5])",-0.0,-0.0,-0.0,-0.0,-0.0,-0.0,0.0,0.374215,1.0322299999999978,1.5469169999999999
78,"([0.23, 0.04, 0.05, 0.02, 0.14, 0.52], [5])","([0, 0, 0, 0, 0, 1], [5])",-0.0,-0.0,-0.0,-0.0,-0.0,-0.0,0.0,0.374215,0.6580149999999978,1.5469169999999999
79,"([0.23, 0.04, 0.05, 0.02, 0.14, 0.52], [5])","([0, 0, 0, 0, 0, 1], [5])",-0.0,-0.0,-0.0,-0.0,-0.0,-0.0,0.0,0.374215,0.2837999999999978,1.5469169999999999
80,"([0.23, 0.04, 0.05, 0.02, 0.14, 0.52], [5])","([0, 0, 0, 0, 0, 1], [5])",-0.0,-0.0,-0.0,-0.0,-0.0,-0.0,0.0,0.374215,-0.09041500000000224,1.5469169999999999
81,"([0.23, 0.04, 0.05, 0.02, 0.14, 0.52], [0])","([0, 0, 0, 0, 0, 1], [5])",-0.715,-0.0,-0.0,-0.0,-0.0,-0.0,-0.715,0.374215,0.2503699999999977,1.5469169999999999
82,"([0.23, 0.04, 0.05, 0.02, 0.14, 0.52], [5])","([0, 0, 0, 0, 0, 1], [5])",-0.0,-0.0,-0.0,-0.0,-0.0,-0.0,0.0,0.374215,-0.12384500000000231,1.5469169999999999
83,"([0.23, 0.04, 0.05, 0.02, 0.14, 0.52], [1])","([0, 0, 0, 0, 0, 1], [5])",-0.0,-0.852,-0.0,-0.0,-0.0,-0.0,-0.852,0.374215,0.35393999999999765,1.5469169999999999
84,"([0.23, 0.04, 0.05, 0.02, 0.14, 0.52], [5])","([0, 0, 0, 0, 0, 1], [5])",-0.0,-0.0,-0.0,-0.0,-0.0,-0.0,0.0,0.374215,-0.020275000000002374,1.5469169999999999
85,"([0.23, 0.04, 0.05, 0.02, 0.14, 0.52], [5])","([0, 0, 0, 0, 0, 1], [5])",-0.0,-0.0,-0.0,-0.0,-0.0,-0.0,0.0,0.374215,-0.3944900000000024,1.5469169999999999
86,"([0.23, 0.04, 0.05, 0.02, 0.14, 0.52], [5])","([0, 0, 0, 0, 0, 1], [5])",-0.0,-0.0,-0.0,-0.0,-0.0,-0.0,0.0,0.374215,-0.7687050000000024,1.5469169999999999
87,"([0.23, 0.04, 0.05, 0.02, 0.14, 0.52], [0])","([0, 0, 0, 0, 0, 1], [5])",-0.715,-0.0,-0.0,-0.0,-0.0,-0.0,-0.715,0.374215,-0.42792000000000247,1.5469169999999999
88,"([0.23, 0.04, 0.05, 0.02, 0.14, 0.52], [5])","([0, 0, 0, 0, 0, 1], [5])",-0.0,-0.0,-0.0,-0.0,-0.0,-0.0,0.0,0.374215,-0.8021350000000025,1.5469169999999999
89,"([0.23, 0.04, 0.05, 0.02, 0.14, 0.52], [5])","([0, 0, 0, 0, 0, 1], [5])",-0.0,-0.0,-0.0,-0.0,-0.0,-0.0,0.0,0.374215,-1.1763500000000024,1.5469169999999999
90,"([0.23, 0.04, 0.05, 0.02, 0.14, 0.52], [1])","([0, 0, 0, 0, 0, 1], [5])",-0.0,-0.852,-0.0,-0.0,-0.0,-0.0,-0.852,0.374215,-0.6985650000000025,1.5469169999999999
91,"([0.23, 0.04, 0.05, 0.02, 0.14, 0.52], [0])","([0, 0, 0, 0, 0, 1], [5])",-0.715,-0.0,-0.0,-0.0,-0.0,-0.0,-0.715,0.374215,-0.3577800000000026,1.5469169999999999
92,"([0.23, 0.04, 0.05, 0.02, 0.14, 0.52], [5])","([0, 0, 0, 0, 0, 1], [5])",-0.0,-0.0,-0.0,-0.0,-0.0,-0.0,0.0,0.374215,-0.7319950000000026,1.5469169999999999
93,"([0.23, 0.04, 0.05, 0.02, 0.14, 0.52], [4])","([0, 0, 0, 0, 0, 1], [5])",-0.0,-0.0,-0.0,-0.0,-0.845,-0.0,-0.845,0.374215,-0.26121000000000266,1.5469169999999999
94,"([0.23, 0.04, 0.05, 0.02, 0.14, 0.52], [5])","([0, 0, 0, 0, 0, 1], [5])",-0.0,-0.0,-0.0,-0.0,-0.0,-0.0,0.0,0.374215,-0.6354250000000027,1.5469169999999999
95,"([0.23, 0.04, 0.05, 0.02, 0.14, 0.52], [0])","([0, 0, 0, 0, 0, 1], [5])",-0.715,-0.0,-0.0,-0.0,-0.0,-0.0,-0.715,0.374215,-0.29464000000000273,1.5469169999999999
96,"([0.23, 0.04, 0.05, 0.02, 0.14, 0.52], [1])","([0, 0, 0, 0, 0, 1], [5])",-0.0,-0.852,-0.0,-0.0,-0.0,-0.0,-0.852,0.374215,0.18314499999999723,1.5469169999999999
97,"([0.23, 0.04, 0.05, 0.02, 0.14, 0.52], [5])","([0, 0, 0, 0, 0, 1], [5])",-0.0,-0.0,-0.0,-0.0,-0.0,-0.0,0.0,0.374215,-0.1910700000000028,1.5469169999999999
98,"([0.23, 0.04, 0.05, 0.02, 0.14, 0.52], [5])","([0, 0, 0, 0, 0, 1], [5])",-0.0,-0.0,-0.0,-0.0,-0.0,-0.0,0.0,0.374215,-0.5652850000000028,1.5469169999999999
99,"([0.23, 0.04, 0.05, 0.02, 0.14, 0.52], [0])","([0, 0, 0, 0, 0, 1], [5])",-0.715,-0.0,-0.0,-0.0,-0.0,-0.0,-0.715,0.374215,-0.22450000000000286,1.5469169999999999
100,"([0.23, 0.04, 0.05, 0.02, 0.14, 0.52], [5])","([0, 0, 0, 0, 0, 1], [5])",-0.0,-0.0,-0.0,-0.0,-0.0,-0.0,0.0,0.374215,-0.5987150000000029,1.5469169999999999
101,"([0.23, 0.04, 0.05, 0.02, 0.14, 0.52], [5])","([0, 0, 0, 0, 0, 1], [5])",-0.0,-0.0,-0.0,-0.0,-0.0,-0.0,0.0,0.374215,-0.972930000000003,1.5469169999999999
102,"([0.23, 0.04, 0.05, 0.02, 0.14, 0.52], [5])","([0, 0, 0, 0, 0, 1], [5])",-0.0,-0.0,-0.0,-0.0,-0.0,-0.0,0.0,0.374215,-1.347145000000003,1.5469169999999999
103,"([0.23, 0.04, 0.05, 0.02, 0.14, 0.52], [0])","([0, 0, 0, 0, 0, 1], [5])",-0.715,-0.0,-0.0,-0.0,-0.0,-0.0,-0.715,0.374215,-1.006360000000003,1.5469169999999999
104,"([0.23, 0.04, 0.05, 0.02, 0.14, 0.52], [0])","([0, 0, 0, 0, 0, 1], [5])",-0.715,-0.0,-0.0,-0.0,-0.0,-0.0,-0.715,0.374215,-0.6655750000000031,1.5469169999999999
105,"([0.23, 0.04, 0.05, 0.02, 0.14, 0.52], [4])","([0, 0, 0, 0, 0, 1], [5])",-0.0,-0.0,-0.0,-0.0,-0.845,-0.0,-0.845,0.374215,-0.19479000000000318,1.5469169999999999
106,"([0.23, 0.04, 0.05, 0.02, 0.14, 0.52], [4])","([0, 0, 0, 0, 0, 1], [5])",-0.0,-0.0,-0.0,-0.0,-0.845,-0.0,-0.845,0.374215,0.27599499999999677,1.5469169999999999
107,"([0.23, 0.04, 0.05, 0.02, 0.14, 0.52], [3])","([0, 0, 0, 0, 0, 1], [5])",-0.0,-0.0,-0.0,-0.794,-0.0,-0.0,-0.794,0.374215,0.6957799999999967,1.5469169999999999
108,"([0.23, 0.04, 0.05, 0.02, 0.14, 0.52], [0])","([0, 0, 0, 0, 0, 1], [5])",-0.715,-0.0,-0.0,-0.0,-0.0,-0.0,-0.715,0.374215,1.0365649999999966,1.5469169999999999
109,"([0.23, 0.04, 0.05, 0.02, 0.14, 0.52], [4])","([0, 0, 0, 0, 0, 1], [5])",-0.0,-0.0,-0.0,-0.0,-0.845,-0.0,-0.845,0.374215,1.5073499999999966,1.5469169999999999
110,"([0.23, 0.04, 0.05, 0.02, 0.14, 0.52], [0])","([0, 0, 0, 0, 0, 1], [5])",-0.715,-0.0,-0.0,-0.0,-0.0,-0.0,-0.715,0.374215,1.8481349999999965,1.5469169999999999
111,"([0.23, 0.04, 0.05, 0.02, 0.14, 0.52], [5])","([0, 0, 0, 0, 0, 1], [5])",-0.0,-0.0,-0.0,-0.0,-0.0,-0.0,0.0,0.374215,1.4739199999999966,1.5469169999999999
112,"([0.23, 0.04, 0.05, 0.02, 0.14, 0.52], [0])","([0, 0, 0, 0, 0, 1], [5])",-0.715,-0.0,-0.0,-0.0,-0.0,-0.0,-0.715,0.374215,1.8147049999999965,1.5469169999999999
113,"([0.23, 0.04, 0.05, 0.02, 0.14, 0.52], [5])","([0, 0, 0, 0, 0, 1], [5])",-0.0,-0.0,-0.0,-0.0,-0.0,-0.0,0.0,0.374215,1.4404899999999965,1.5469169999999999
114,"([0.23, 0.04, 0.05, 0.02, 0.14, 0.52], [5])","([0, 0, 0, 0, 0, 1], [5])",-0.0,-0.0,-0.0,-0.0,-0.0,-0.0,0.0,0.374215,1.0662749999999965,1.5469169999999999
115,"([0.23, 0.04, 0.05, 0.02, 0.14, 0.52], [0])","([0, 0, 0, 0, 0, 1], [5])",-0.715,-0.0,-0.0,-0.0,-0.0,-0.0,-0.715,0.374215,1.4070599999999964,1.5469169999999999
116,"([0.23, 0.04, 0.05, 0.02, 0.14, 0.52], [0])","([0, 0, 0, 0, 0, 1], [5])",-0.715,-0.0,-0.0,-0.0,-0.0,-0.0,-0.715,0.374215,1.7478449999999963,1.5469169999999999
117,"([0.23, 0.04, 0.05, 0.02, 0.14, 0.52], [5])","([0, 0, 0, 0, 0, 1], [5])",-0.0,-0.0,-0.0,-0.0,-0.0,-0.0,0.0,0.374215,1.3736299999999964,1.5469169999999999
118,"([0.23, 0.04, 0.05, 0.02, 0.14, 0.52], [5])","([0, 0, 0, 0, 0, 1], [5])",-0.0,-0.0,-0.0,-0.0,-0.0,-0.0,0.0,0.374215,0.9994149999999964,1.5469169999999999
119,"([0.23, 0.04, 0.05, 0.02, 0.14, 0.52], [5])","([0, 0, 0, 0, 0, 1], [5])",-0.0,-0.0,-0.0,-0.0,-0.0,-0.0,0.0,0.374215,0.6251999999999964,1.5469169999999999
120,"([0.23, 0.04, 0.05, 0.02, 0.14, 0.52], [5])","([0, 0, 0, 0, 0, 1], [5])",-0.0,-0.0,-0.0,-0.0,-0.0,-0.0,0.0,0.374215,0.2509849999999964,1.5469169999999999
121,"([0.23, 0.04, 0.05, 0.02, 0.14, 0.52], [1])","([0, 0, 0, 0, 0, 1], [5])",-0.0,-0.852,-0.0,-0.0,-0.0,-0.0,-0.852,0.374215,0.7287699999999964,1.5469169999999999
122,"([0.23, 0.04, 0.05, 0.02, 0.14, 0.52], [4])","([0, 0, 0, 0, 0, 1], [5])",-0.0,-0.0,-0.0,-0.0,-0.845,-0.0,-0.845,0.374215,1.1995549999999964,1.5469169999999999
123,"([0.23, 0.04, 0.05, 0.02, 0.14, 0.52], [4])","([0, 0, 0, 0, 0, 1], [5])",-0.0,-0.0,-0.0,-0.0,-0.845,-0.0,-0.845,0.374215,1.6703399999999964,1.5469169999999999
124,"([0.23, 0.04, 0.05, 0.02, 0.14, 0.52], [5])","([0, 0, 0, 0, 0, 1], [5])",-0.0,-0.0,-0.0,-0.0,-0.0,-0.0,0.0,0.374215,1.2961249999999964,1.5469169999999999
125,"([0.23, 0.04, 0.05, 0.02, 0.14, 0.52], [4])","([0, 0, 0, 0, 0, 1], [5])",-0.0,-0.0,-0.0,-0.0,-0.845,-0.0,-0.845,0.374215,1.7669099999999964,1.5469169999999999
126,"([0.23, 0.04, 0.05, 0.02, 0.14, 0.52], [0])","([0, 0, 0, 0, 0, 1], [5])",-0.715,-0.0,-0.0,-0.0,-0.0,-0.0,-0.715,0.374215,2.1076949999999965,1.5469169999999999
127,"([0.23, 0.04, 0.05, 0.02, 0.14, 0.52], [5])","([0, 0, 0, 0, 0, 1], [5])",-0.0,-0.0,-0.0,-0.0,-0.0,-0.0,0.0,0.374215,1.7334799999999966,1.5469169999999999
128,"([0.23, 0.04, 0.05, 0.02, 0.14, 0.52], [3])","([0, 0, 0, 0, 0, 1], [5])",-0.0,-0.0,-0.0,-0.794,-0.0,-0.0,-0.794,0.374215,2.1532649999999967,1.5469169999999999
129,"([0.23, 0.04, 0.05, 0.02, 0.14, 0.52], [5])","([0, 0, 0, 0, 0, 1], [5])",-0.0,-0.0,-0.0,-0.0,-0.0,-0.0,0.0,0.374215,1.7790499999999967,1.5469169999999999
130,"([0.23, 0.04, 0.05, 0.02, 0.14, 0.52], [5])","([0, 0, 0, 0, 0, 1], [5])",-0.0,-0.0,-0.0,-0.0,-0.0,-0.0,0.0,0.374215,1.4048349999999967,1.5469169999999999
131,"([0.23, 0.04, 0.05, 0.02, 0.14, 0.52], [1])","([0, 0, 0, 0, 0, 1], [5])",-0.0,-0.852,-0.0,-0.0,-0.0,-0.0,-0.852,0.374215,1.8826199999999966,1.5469169999999999
132,"([0.23, 0.04, 0.05, 0.02, 0.14, 0.52], [0])","([0, 0, 0, 0, 0, 1], [5])",-0.715,-0.0,-0.0,-0.0,-0.0,-0.0,-0.715,0.374215,2.2234049999999965,1.5469169999999999
133,"([0.23, 0.04, 0.05, 0.02, 0.14, 0.52], [5])","([0, 0, 0, 0, 0, 1], [5])",-0.0,-0.0,-0.0,-0.0,-0.0,-0.0,0.0,0.374215,1.8491899999999966,1.5469169999999999
134,"([0.23, 0.04, 0.05, 0.02, 0.14, 0.52], [5])","([0, 0, 0, 0, 0, 1], [5])",-0.0,-0.0,-0.0,-0.0,-0.0,-0.0,0.0,0.374215,1.4749749999999966,1.5469169999999999
135,"([0.23, 0.04, 0.05, 0.02, 0.14, 0.52], [5])","([0, 0, 0, 0, 0, 1], [5])",-0.0,-0.0,-0.0,-0.0,-0.0,-0.0,0.0,0.374215,1.1007599999999966,1.5469169999999999
136,"([0.23, 0.04, 0.05, 0.02, 0.14, 0.52], [0])","([0, 0, 0, 0, 0, 1], [5])",-0.715,-0.0,-0.0,-0.0,-0.0,-0.0,-0.715,0.374215,1.4415449999999965,1.5469169999999999
137,"([0.23, 0.04, 0.05, 0.02, 0.14, 0.52], [5])","([0, 0, 0, 0, 0, 1], [5])",-0.0,-0.0,-0.0,-0.0,-0.0,-0.0,0.0,0.374215,1.0673299999999966,1.5469169999999999
138,"([0.23, 0.04, 0.05, 0.02, 0.14, 0.52], [3])","([0, 0, 0, 0, 0, 1], [5])",-0.0,-0.0,-0.0,-0.794,-0.0,-0.0,-0.794,0.374215,1.4871149999999966,1.5469169999999999
139,"([0.23, 0.04, 0.05, 0.02, 0.14, 0.52], [5])","([0, 0, 0, 0, 0, 1], [5])",-0.0,-0.0,-0.0,-0.0,-0.0,-0.0,0.0,0.374215,1.1128999999999967,1.5469169999999999
140,"([0.23, 0.04, 0.05, 0.02, 0.14, 0.52], [0])","([0, 0, 0, 0, 0, 1], [5])",-0.715,-0.0,-0.0,-0.0,-0.0,-0.0,-0.715,0.374215,1.4536849999999966,1.5469169999999999
141,"([0.23, 0.04, 0.05, 0.02, 0.14, 0.52], [5])","([0, 0, 0, 0, 0, 1], [5])",-0.0,-0.0,-0.0,-0.0,-0.0,-0.0,0.0,0.374215,1.0794699999999966,1.5469169999999999
142,"([0.23, 0.04, 0.05, 0.02, 0.14, 0.52], [0])","([0, 0, 0, 0, 0, 1], [5])",-0.715,-0.0,-0.0,-0.0,-0.0,-0.0,-0.715,0.374215,1.4202549999999965,1.5469169999999999
143,"([0.23, 0.04, 0.05, 0.02, 0.14, 0.52], [5])","([0, 0, 0, 0, 0, 1], [5])",-0.0,-0.0,-0.0,-0.0,-0.0,-0.0,0.0,0.374215,1.0460399999999965,1.5469169999999999
144,"([0.23, 0.04, 0.05, 0.02, 0.14, 0.52], [5])","([0, 0, 0, 0, 0, 1], [5])",-0.0,-0.0,-0.0,-0.0,-0.0,-0.0,0.0,0.374215,0.6718249999999966,1.5469169999999999
145,"([0.23, 0.04, 0.05, 0.02, 0.14, 0.52], [4])","([0, 0, 0, 0, 0, 1], [5])",-0.0,-0.0,-0.0,-0.0,-0.845,-0.0,-0.845,0.374215,1.1426099999999966,1.5469169999999999
146,"([0.23, 0.04, 0.05, 0.02, 0.14, 0.52], [2])","([0, 0, 0, 0, 0, 1], [5])",-0.0,-0.0,-0.9129999999999999,-0.0,-0.0,-0.0,-0.9129999999999999,0.374215,1.6813949999999964,1.5469169999999999
147,"([0.23, 0.04, 0.05, 0.02, 0.14, 0.52], [5])","([0, 0, 0, 0, 0, 1], [5])",-0.0,-0.0,-0.0,-0.0,-0.0,-0.0,0.0,0.374215,1.3071799999999965,1.5469169999999999
148,"([0.23, 0.04, 0.05, 0.02, 0.14, 0.52], [4])","([0, 0, 0, 0, 0, 1], [5])",-0.0,-0.0,-0.0,-0.0,-0.845,-0.0,-0.845,0.374215,1.7779649999999965,1.5469169999999999
149,"([0.23, 0.04, 0.05, 0.02, 0.14, 0.52], [5])","([0, 0, 0, 0, 0, 1], [5])",-0.0,-0.0,-0.0,-0.0,-0.0,-0.0,0.0,0.374215,1.4037499999999965,1.5469169999999999
150,"([0.23, 0.04, 0.05, 0.02, 0.14, 0.52], [5])","([0, 0, 0, 0, 0, 1], [5])",-0.0,-0.0,-0.0,-0.0,-0.0,-0.0,0.0,0.374215,1.0295349999999965,1.5469169999999999
151,"([0.23, 0.04, 0.05, 0.02, 0.14, 0.52], [0])","([0, 0, 0, 0, 0, 1], [5])",-0.715,-0.0,-0.0,-0.0,-0.0,-0.0,-0.715,0.374215,1.3703199999999964,1.5469169999999999
152,"([0.23, 0.04, 0.05, 0.02, 0.14, 0.52], [0])","([0, 0, 0, 0, 0, 1], [5])",-0.715,-0.0,-0.0,-0.0,-0.0,-0.0,-0.715,0.374215,1.7111049999999963,1.5469169999999999
153,"([0.23, 0.04, 0.05, 0.02, 0.14, 0.52], [0])","([0, 0, 0, 0, 0, 1], [5])",-0.715,-0.0,-0.0,-0.0,-0.0,-0.0,-0.715,0.374215,2.051889999999996,1.5469169999999999
154,"([0.23, 0.04, 0.05, 0.02, 0.14, 0.52], [0])","([0, 0, 0, 0, 0, 1], [5])",-0.715,-0.0,-0.0,-0.0,-0.0,-0.0,-0.715,0.374215,2.392674999999996,1.5469169999999999
155,"([0.23, 0.04, 0.05, 0.02, 0.14, 0.52], [5])","([0, 0, 0, 0, 0, 1], [5])",-0.0,-0.0,-0.0,-0.0,-0.0,-0.0,0.0,0.374215,2.018459999999996,1.5469169999999999
156,"([0.23, 0.04, 0.05, 0.02, 0.14, 0.52], [5])","([0, 0, 0, 0, 0, 1], [5])",-0.0,-0.0,-0.0,-0.0,-0.0,-0.0,0.0,0.374215,1.6442449999999962,1.5469169999999999
157,"([0.23, 0.04, 0.05, 0.02, 0.14, 0.52], [5])","([0, 0, 0, 0, 0, 1], [5])",-0.0,-0.0,-0.0,-0.0,-0.0,-0.0,0.0,0.374215,1.2700299999999962,1.5469169999999999
158,"([0.23, 0.04, 0.05, 0.02, 0.14, 0.52], [2])","([0, 0, 0, 0, 0, 1], [5])",-0.0,-0.0,-0.9129999999999999,-0.0,-0.0,-0.0,-0.9129999999999999,0.374215,1.808814999999996,1.5469169999999999
159,"([0.23, 0.04, 0.05, 0.02, 0.14, 0.52], [5])","([0, 0, 0, 0, 0, 1], [5])",-0.0,-0.0,-0.0,-0.0,-0.0,-0.0,0.0,0.374215,1.434599999999996,1.5469169999999999
160,"([0.23, 0.04, 0.05, 0.02, 0.14, 0.52], [5])","([0, 0, 0, 0, 0, 1], [5])",-0.0,-0.0,-0.0,-0.0,-0.0,-0.0,0.0,0.374215,1.0603849999999961,1.5469169999999999
161,"([0.23, 0.04, 0.05, 0.02, 0.14, 0.52], [5])","([0, 0, 0, 0, 0, 1], [5])",-0.0,-0.0,-0.0,-0.0,-0.0,-0.0,0.0,0.374215,0.6861699999999962,1.5469169999999999
162,"([0.23, 0.04, 0.05, 0.02, 0.14, 0.52], [5])","([0, 0, 0, 0, 0, 1], [5])",-0.0,-0.0,-0.0,-0.0,-0.0,-0.0,0.0,0.374215,0.31195499999999615,1.5469169999999999
163,"([0.23, 0.04, 0.05, 0.02, 0.14, 0.52], [5])","([0, 0, 0, 0, 0, 1], [5])",-0.0,-0.0,-0.0,-0.0,-0.0,-0.0,0.0,0.374215,-0.06226000000000387,1.5469169999999999
164,"([0.23, 0.04, 0.05, 0.02, 0.14, 0.52], [4])","([0, 0, 0, 0, 0, 1], [5])",-0.0,-0.0,-0.0,-0.0,-0.845,-0.0,-0.845,0.374215,0.4085249999999961,1.5469169999999999
165,"([0.23, 0.04, 0.05, 0.02, 0.14, 0.52], [5])","([0, 0, 0, 0, 0, 1], [5])",-0.0,-0.0,-0.0,-0.0,-0.0,-0.0,0.0,0.374215,0.034309999999996066,1.5469169999999999
166,"([0.23, 0.04, 0.05, 0.02, 0.14, 0.52], [5])","([0, 0, 0, 0, 0, 1], [5])",-0.0,-0.0,-0.0,-0.0,-0.0,-0.0,0.0,0.374215,-0.33990500000000395,1.5469169999999999
167,"([0.23, 0.04, 0.05, 0.02, 0.14, 0.52], [5])","([0, 0, 0, 0, 0, 1], [5])",-0.0,-0.0,-0.0,-0.0,-0.0,-0.0,0.0,0.374215,-0.714120000000004,1.5469169999999999
168,"([0.23, 0.04, 0.05, 0.02, 0.14, 0.52], [4])","([0, 0, 0, 0, 0, 1], [5])",-0.0,-0.0,-0.0,-0.0,-0.845,-0.0,-0.845,0.374215,-0.24333500000000402,1.5469169999999999
169,"([0.23, 0.04, 0.05, 0.02, 0.14, 0.52], [5])","([0, 0, 0, 0, 0, 1], [5])",-0.0,-0.0,-0.0,-0.0,-0.0,-0.0,0.0,0.374215,-0.617550000000004,1.5469169999999999
170,"([0.23, 0.04, 0.05, 0.02, 0.14, 0.52], [0])","([0, 0, 0, 0, 0, 1], [5])",-0.715,-0.0,-0.0,-0.0,-0.0,-0.0,-0.715,0.374215,-0.2767650000000041,1.5469169999999999
171,"([0.23, 0.04, 0.05, 0.02, 0.14, 0.52], [1])","([0, 0, 0, 0, 0, 1], [5])",-0.0,-0.852,-0.0,-0.0,-0.0,-0.0,-0.852,0.374215,0.20101999999999587,1.5469169999999999
172,"([0.23, 0.04, 0.05, 0.02, 0.14, 0.52], [5])","([0, 0, 0, 0, 0, 1], [5])",-0.0,-0.0,-0.0,-0.0,-0.0,-0.0,0.0,0.374215,-0.17319500000000415,1.5469169999999999
173,"([0.23, 0.04, 0.05, 0.02, 0.14, 0.52], [5])","([0, 0, 0, 0, 0, 1], [5])",-0.0,-0.0,-0.0,-0.0,-0.0,-0.0,0.0,0.374215,-0.5474100000000042,1.5469169999999999
174,"([0.23, 0.04, 0.05, 0.02, 0.14, 0.52], [5])","([0, 0, 0, 0, 0, 1], [5])",-0.0,-0.0,-0.0,-0.0,-0.0,-0.0,0.0,0.374215,-0.9216250000000041,1.5469169999999999
175,"([0.23, 0.04, 0.05, 0.02, 0.14, 0.52], [5])","([0, 0, 0, 0, 0, 1], [5])",-0.0,-0.0,-0.0,-0.0,-0.0,-0.0,0.0,0.374215,-1.295840000000004,1.5469169999999999
176,"([0.23, 0.04, 0.05, 0.02, 0.14, 0.52], [0])","([0, 0, 0, 0, 0, 1], [5])",-0.715,-0.0,-0.0,-0.0,-0.0,-0.0,-0.715,0.374215,-0.9550550000000042,1.5469169999999999
177,"([0.23, 0.04, 0.05, 0.02, 0.14, 0.52], [4])","([0, 0, 0, 0, 0, 1], [5])",-0.0,-0.0,-0.0,-0.0,-0.845,-0.0,-0.845,0.374215,-0.48427000000000425,1.5469169999999999
178,"([0.23, 0.04, 0.05, 0.02, 0.14, 0.52], [3])","([0, 0, 0, 0, 0, 1], [5])",-0.0,-0.0,-0.0,-0.794,-0.0,-0.0,-0.794,0.374215,-0.06448500000000423,1.5469169999999999
179,"([0.23, 0.04, 0.05, 0.02, 0.14, 0.52], [5])","([0, 0, 0, 0, 0, 1], [5])",-0.0,-0.0,-0.0,-0.0,-0.0,-0.0,0.0,0.374215,-0.43870000000000425,1.5469169999999999
180,"([0.23, 0.04, 0.05, 0.02, 0.14, 0.52], [5])","([0, 0, 0, 0, 0, 1], [5])",-0.0,-0.0,-0.0,-0.0,-0.0,-0.0,0.0,0.374215,-0.8129150000000043,1.5469169999999999
181,"([0.23, 0.04, 0.05, 0.02, 0.14, 0.52], [4])","([0, 0, 0, 0, 0, 1], [5])",-0.0,-0.0,-0.0,-0.0,-0.845,-0.0,-0.845,0.374215,-0.3421300000000043,1.5469169999999999
182,"([0.23, 0.04, 0.05, 0.02, 0.14, 0.52], [5])","([0, 0, 0, 0, 0, 1], [5])",-0.0,-0.0,-0.0,-0.0,-0.0,-0.0,0.0,0.374215,-0.7163450000000043,1.5469169999999999
183,"([0.23, 0.04, 0.05, 0.02, 0.14, 0.52], [5])","([0, 0, 0, 0, 0, 1], [5])",-0.0,-0.0,-0.0,-0.0,-0.0,-0.0,0.0,0.374215,-1.0905600000000044,1.5469169999999999
184,"([0.23, 0.04, 0.05, 0.02, 0.14, 0.52], [5])","([0, 0, 0, 0, 0, 1], [5])",-0.0,-0.0,-0.0,-0.0,-0.0,-0.0,0.0,0.374215,-1.4647750000000044,1.5469169999999999
185,"([0.23, 0.04, 0.05, 0.02, 0.14, 0.52], [5])","([0, 0, 0, 0, 0, 1], [5])",-0.0,-0.0,-0.0,-0.0,-0.0,-0.0,0.0,0.374215,-1.8389900000000043,1.5469169999999999
186,"([0.23, 0.04, 0.05, 0.02, 0.14, 0.52], [5])","([0, 0, 0, 0, 0, 1], [5])",-0.0,-0.0,-0.0,-0.0,-0.0,-0.0,0.0,0.374215,-2.2132050000000043,1.5469169999999999
187,"([0.23, 0.04, 0.05, 0.02, 0.14, 0.52], [5])","([0, 0, 0, 0, 0, 1], [5])",-0.0,-0.0,-0.0,-0.0,-0.0,-0.0,0.0,0.374215,-2.5874200000000043,1.5469169999999999
188,"([0.23, 0.04, 0.05, 0.02, 0.14, 0.52], [0])","([0, 0, 0, 0, 0, 1], [5])",-0.715,-0.0,-0.0,-0.0,-0.0,-0.0,-0.715,0.374215,-2.2466350000000044,1.5469169999999999
189,"([0.23, 0.04, 0.05, 0.02, 0.14, 0.52], [5])","([0, 0, 0, 0, 0, 1], [5])",-0.0,-0.0,-0.0,-0.0,-0.0,-0.0,0.0,0.374215,-2.6208500000000043,1.5469169999999999
190,"([0.23, 0.04, 0.05, 0.02, 0.14, 0.52], [5])","([0, 0, 0, 0, 0, 1], [5])",-0.0,-0.0,-0.0,-0.0,-0.0,-0.0,0.0,0.374215,-2.9950650000000043,1.5469169999999999
191,"([0.23, 0.04, 0.05, 0.02, 0.14, 0.52], [4])","([0, 0, 0, 0, 0, 1], [5])",-0.0,-0.0,-0.0,-0.0,-0.845,-0.0,-0.845,0.374215,-2.5242800000000045,1.5469169999999999
192,"([0.23, 0.04, 0.05, 0.02, 0.14, 0.52], [5])","([0, 0, 0, 0, 0, 1], [5])",-0.0,-0.0,-0.0,-0.0,-0.0,-0.0,0.0,0.374215,-2.8984950000000045,1.5469169999999999
193,"([0.23, 0.04, 0.05, 0.02, 0.14, 0.52], [5])","([0, 0, 0, 0, 0, 1], [5])",-0.0,-0.0,-0.0,-0.0,-0.0,-0.0,0.0,0.374215,-3.2727100000000044,1.5469169999999999
194,"([0.23, 0.04, 0.05, 0.02, 0.14, 0.52], [5])","([0, 0, 0, 0, 0, 1], [5])",-0.0,-0.0,-0.0,-0.0,-0.0,-0.0,0.0,0.374215,-3.6469250000000044,1.5469169999999999
195,"([0.23, 0.04, 0.05, 0.02, 0.14, 0.52], [0])","([0, 0, 0, 0, 0, 1], [5])",-0.715,-0.0,-0.0,-0.0,-0.0,-0.0,-0.715,0.374215,-3.3061400000000045,1.5469169999999999
196,"([0.23, 0.04, 0.05, 0.02, 0.14, 0.52], [5])","([0, 0, 0, 0, 0, 1], [5])",-0.0,-0.0,-0.0,-0.0,-0.0,-0.0,0.0,0.374215,-3.6803550000000045,1.5469169999999999
197,"([0.23, 0.04, 0.05, 0.02, 0.14, 0.52], [5])","([0, 0, 0, 0, 0, 1], [5])",-0.0,-0.0,-0.0,-0.0,-0.0,-0.0,0.0,0.374215,-4.0545700000000044,1.5469169999999999
198,"([0.23, 0.04, 0.05, 0.02, 0.14, 0.52], [4])","([0, 0, 0, 0, 0, 1], [5])",-0.0,-0.0,-0.0,-0.0,-0.845,-0.0,-0.845,0.374215,-3.5837850000000047,1.5469169999999999
199,"([0.23, 0.04, 0.05, 0.02, 0.14, 0.52], [0])","([0, 0, 0, 0, 0, 1], [5])",-0.715,-0.0,-0.0,-0.0,-0.0,-0.0,-0.715,0.374215,-3.2430000000000048,1.5469169999999999
