,sto-1,FB-0,feedback target 0,feedback target 1,feedback target 2,feedback target 3,feedback target 4,feedback target 5,total,exp_loss,actual_regret,exp_regret
0,"([0.23, 0.04, 0.05, 0.02, 0.14, 0.52], [0])","([0, 0, 0, 0, 0, 1], [5])",-0.715,-0.0,-0.0,-0.0,-0.0,-0.0,-0.715,0.374215,0.34078499999999995,0.0
1,"([0.23, 0.04, 0.05, 0.02, 0.14, 0.52], [0])","([1, 0, 0, 0, 0, 0], [0])",-0.0,-0.0,-0.0,-0.0,-0.0,-0.0,0.0,0.722188,-0.03343000000000007,0.34797300000000003
2,"([0.23, 0.04, 0.05, 0.02, 0.14, 0.52], [5])","([1, 0, 0, 0, 0, 0], [0])",-0.0,-0.0,-0.0,-0.0,-0.0,-0.982,-0.982,0.722188,0.574355,0.6959460000000001
3,"([0.23, 0.04, 0.05, 0.02, 0.14, 0.52], [5])","([0, 0, 0, 0, 0, 1], [5])",-0.0,-0.0,-0.0,-0.0,-0.0,-0.0,0.0,0.374215,0.20013999999999993,0.6959460000000001
4,"([0.23, 0.04, 0.05, 0.02, 0.14, 0.52], [0])","([0, 0, 0, 0, 0, 1], [5])",-0.715,-0.0,-0.0,-0.0,-0.0,-0.0,-0.715,0.374215,0.5409249999999999,0.6959460000000001
5,"([0.23, 0.04, 0.05, 0.02, 0.14, 0.52], [1])","([0, 0, 0, 0, 0, 1], [5])",-0.0,-0.852,-0.0,-0.0,-0.0,-0.0,-0.852,0.374215,1.0187099999999998,0.6959460000000001
6,"([0.23, 0.04, 0.05, 0.02, 0.14, 0.52], [4])","([0, 0, 0, 0, 0, 1], [5])",-0.0,-0.0,-0.0,-0.0,-0.845,-0.0,-0.845,0.374215,1.4894949999999998,0.6959460000000001
7,"([0.23, 0.04, 0.05, 0.02, 0.14, 0.52], [5])","([0, 0, 0, 0, 0, 1], [5])",-0.0,-0.0,-0.0,-0.0,-0.0,-0.0,0.0,0.374215,1.1152799999999998,0.6959460000000001
8,"([0.23, 0.04, 0.05, 0.02, 0.14, 0.52], [5])","([0, 0, 0, 0, 0, 1], [5])",-0.0,-0.0,-0.0,-0.0,-0.0,-0.0,0.0,0.374215,0.7410649999999999,0.6959460000000001
9,"([0.23, 0.04, 0.05, 0.02, 0.14, 0.52], [0])","([0, 0, 0, 0, 0, 1], [5])",-0.715,-0.0,-0.0,-0.0,-0.0,-0.0,-0.715,0.374215,1.0818499999999998,0.6959460000000001
10,"([0.23, 0.04, 0.05, 0.02, 0.14, 0.52], [5])","([0, 0, 0, 0, 0, 1], [5])",-0.0,-0.0,-0.0,-0.0,-0.0,-0.0,0.0,0.374215,0.7076349999999998,0.6959460000000001
11,"([0.23, 0.04, 0.05, 0.02, 0.14, 0.52], [5])","([0, 0, 0, 0, 0, 1], [5])",-0.0,-0.0,-0.0,-0.0,-0.0,-0.0,0.0,0.374215,0.33341999999999977,0.6959460000000001
12,"([0.23, 0.04, 0.05, 0.02, 0.14, 0.52], [0])","([0, 0, 0, 0, 0, 1], [5])",-0.715,-0.0,-0.0,-0.0,-0.0,-0.0,-0.715,0.374215,0.6742049999999997,0.6959460000000001
13,"([0.23, 0.04, 0.05, 0.02, 0.14, 0.52], [5])","([0, 0, 0, 0, 0, 1], [5])",-0.0,-0.0,-0.0,-0.0,-0.0,-0.0,0.0,0.374215,0.2999899999999997,0.6959460000000001
14,"([0.23, 0.04, 0.05, 0.02, 0.14, 0.52], [5])","([0, 0, 0, 0, 0, 1], [5])",-0.0,-0.0,-0.0,-0.0,-0.0,-0.0,0.0,0.374215,-0.07422500000000032,0.6959460000000001
15,"([0.23, 0.04, 0.05, 0.02, 0.14, 0.52], [1])","([0, 0, 0, 0, 0, 1], [5])",-0.0,-0.852,-0.0,-0.0,-0.0,-0.0,-0.852,0.374215,0.40355999999999964,0.6959460000000001
16,"([0.23, 0.04, 0.05, 0.02, 0.14, 0.52], [5])","([0, 0, 0, 0, 0, 1], [5])",-0.0,-0.0,-0.0,-0.0,-0.0,-0.0,0.0,0.374215,0.02934499999999962,0.6959460000000001
17,"([0.23, 0.04, 0.05, 0.02, 0.14, 0.52], [5])","([0, 0, 0, 0, 0, 1], [5])",-0.0,-0.0,-0.0,-0.0,-0.0,-0.0,0.0,0.374215,-0.3448700000000004,0.6959460000000001
18,"([0.23, 0.04, 0.05, 0.02, 0.14, 0.52], [3])","([0, 0, 0, 0, 0, 1], [5])",-0.0,-0.0,-0.0,-0.794,-0.0,-0.0,-0.794,0.374215,0.07491499999999962,0.6959460000000001
19,"([0.23, 0.04, 0.05, 0.02, 0.14, 0.52], [4])","([0, 0, 0, 0, 0, 1], [5])",-0.0,-0.0,-0.0,-0.0,-0.845,-0.0,-0.845,0.374215,0.5456999999999996,0.6959460000000001
20,"([0.23, 0.04, 0.05, 0.02, 0.14, 0.52], [0])","([0, 0, 0, 0, 0, 1], [5])",-0.715,-0.0,-0.0,-0.0,-0.0,-0.0,-0.715,0.374215,0.8864849999999995,0.6959460000000001
21,"([0.23, 0.04, 0.05, 0.02, 0.14, 0.52], [5])","([0, 0, 0, 0, 0, 1], [5])",-0.0,-0.0,-0.0,-0.0,-0.0,-0.0,0.0,0.374215,0.5122699999999996,0.6959460000000001
22,"([0.23, 0.04, 0.05, 0.02, 0.14, 0.52], [5])","([0, 0, 0, 0, 0, 1], [5])",-0.0,-0.0,-0.0,-0.0,-0.0,-0.0,0.0,0.374215,0.13805499999999954,0.6959460000000001
23,"([0.23, 0.04, 0.05, 0.02, 0.14, 0.52], [5])","([0, 0, 0, 0, 0, 1], [5])",-0.0,-0.0,-0.0,-0.0,-0.0,-0.0,0.0,0.374215,-0.23616000000000048,0.6959460000000001
24,"([0.23, 0.04, 0.05, 0.02, 0.14, 0.52], [5])","([0, 0, 0, 0, 0, 1], [5])",-0.0,-0.0,-0.0,-0.0,-0.0,-0.0,0.0,0.374215,-0.6103750000000006,0.6959460000000001
25,"([0.23, 0.04, 0.05, 0.02, 0.14, 0.52], [4])","([0, 0, 0, 0, 0, 1], [5])",-0.0,-0.0,-0.0,-0.0,-0.845,-0.0,-0.845,0.374215,-0.1395900000000006,0.6959460000000001
26,"([0.23, 0.04, 0.05, 0.02, 0.14, 0.52], [5])","([0, 0, 0, 0, 0, 1], [5])",-0.0,-0.0,-0.0,-0.0,-0.0,-0.0,0.0,0.374215,-0.5138050000000006,0.6959460000000001
27,"([0.23, 0.04, 0.05, 0.02, 0.14, 0.52], [5])","([0, 0, 0, 0, 0, 1], [5])",-0.0,-0.0,-0.0,-0.0,-0.0,-0.0,0.0,0.374215,-0.8880200000000007,0.6959460000000001
28,"([0.23, 0.04, 0.05, 0.02, 0.14, 0.52], [3])","([0, 0, 0, 0, 0, 1], [5])",-0.0,-0.0,-0.0,-0.794,-0.0,-0.0,-0.794,0.374215,-0.4682350000000007,0.6959460000000001
29,"([0.23, 0.04, 0.05, 0.02, 0.14, 0.52], [2])","([0, 0, 0, 0, 0, 1], [5])",-0.0,-0.0,-0.9129999999999999,-0.0,-0.0,-0.0,-0.9129999999999999,0.374215,0.07054999999999917,0.6959460000000001
30,"([0.23, 0.04, 0.05, 0.02, 0.14, 0.52], [1])","([0, 0, 0, 0, 0, 1], [5])",-0.0,-0.852,-0.0,-0.0,-0.0,-0.0,-0.852,0.374215,0.5483349999999991,0.6959460000000001
31,"([0.23, 0.04, 0.05, 0.02, 0.14, 0.52], [3])","([0, 0, 0, 0, 0, 1], [5])",-0.0,-0.0,-0.0,-0.794,-0.0,-0.0,-0.794,0.374215,0.9681199999999992,0.6959460000000001
32,"([0.23, 0.04, 0.05, 0.02, 0.14, 0.52], [4])","([0, 0, 0, 0, 0, 1], [5])",-0.0,-0.0,-0.0,-0.0,-0.845,-0.0,-0.845,0.374215,1.4389049999999992,0.6959460000000001
33,"([0.23, 0.04, 0.05, 0.02, 0.14, 0.52], [1])","([0, 0, 0, 0, 0, 1], [5])",-0.0,-0.852,-0.0,-0.0,-0.0,-0.0,-0.852,0.374215,1.9166899999999991,0.6959460000000001
34,"([0.23, 0.04, 0.05, 0.02, 0.14, 0.52], [5])","([0, 0, 0, 0, 0, 1], [5])",-0.0,-0.0,-0.0,-0.0,-0.0,-0.0,0.0,0.374215,1.5424749999999992,0.6959460000000001
35,"([0.23, 0.04, 0.05, 0.02, 0.14, 0.52], [5])","([0, 0, 0, 0, 0, 1], [5])",-0.0,-0.0,-0.0,-0.0,-0.0,-0.0,0.0,0.374215,1.1682599999999992,0.6959460000000001
36,"([0.23, 0.04, 0.05, 0.02, 0.14, 0.52], [0])","([0, 0, 0, 0, 0, 1], [5])",-0.715,-0.0,-0.0,-0.0,-0.0,-0.0,-0.715,0.374215,1.509044999999999,0.6959460000000001
37,"([0.23, 0.04, 0.05, 0.02, 0.14, 0.52], [2])","([0, 0, 0, 0, 0, 1], [5])",-0.0,-0.0,-0.9129999999999999,-0.0,-0.0,-0.0,-0.9129999999999999,0.374215,2.047829999999999,0.6959460000000001
38,"([0.23, 0.04, 0.05, 0.02, 0.14, 0.52], [0])","([0, 0, 0, 0, 0, 1], [5])",-0.715,-0.0,-0.0,-0.0,-0.0,-0.0,-0.715,0.374215,2.388614999999999,0.6959460000000001
39,"([0.23, 0.04, 0.05, 0.02, 0.14, 0.52], [5])","([0, 0, 0, 0, 0, 1], [5])",-0.0,-0.0,-0.0,-0.0,-0.0,-0.0,0.0,0.374215,2.014399999999999,0.6959460000000001
40,"([0.23, 0.04, 0.05, 0.02, 0.14, 0.52], [0])","([0, 0, 0, 0, 0, 1], [5])",-0.715,-0.0,-0.0,-0.0,-0.0,-0.0,-0.715,0.374215,2.3551849999999988,0.6959460000000001
41,"([0.23, 0.04, 0.05, 0.02, 0.14, 0.52], [5])","([0, 0, 0, 0, 0, 1], [5])",-0.0,-0.0,-0.0,-0.0,-0.0,-0.0,0.0,0.374215,1.9809699999999988,0.6959460000000001
42,"([0.23, 0.04, 0.05, 0.02, 0.14, 0.52], [0])","([0, 0, 0, 0, 0, 1], [5])",-0.715,-0.0,-0.0,-0.0,-0.0,-0.0,-0.715,0.374215,2.3217549999999987,0.6959460000000001
43,"([0.23, 0.04, 0.05, 0.02, 0.14, 0.52], [5])","([0, 0, 0, 0, 0, 1], [5])",-0.0,-0.0,-0.0,-0.0,-0.0,-0.0,0.0,0.374215,1.9475399999999987,0.6959460000000001
44,"([0.23, 0.04, 0.05, 0.02, 0.14, 0.52], [5])","([0, 0, 0, 0, 0, 1], [5])",-0.0,-0.0,-0.0,-0.0,-0.0,-0.0,0.0,0.374215,1.5733249999999988,0.6959460000000001
45,"([0.23, 0.04, 0.05, 0.02, 0.14, 0.52], [5])","([0, 0, 0, 0, 0, 1], [5])",-0.0,-0.0,-0.0,-0.0,-0.0,-0.0,0.0,0.374215,1.1991099999999988,0.6959460000000001
46,"([0.23, 0.04, 0.05, 0.02, 0.14, 0.52], [0])","([0, 0, 0, 0, 0, 1], [5])",-0.715,-0.0,-0.0,-0.0,-0.0,-0.0,-0.715,0.374215,1.5398949999999987,0.6959460000000001
47,"([0.23, 0.04, 0.05, 0.02, 0.14, 0.52], [0])","([0, 0, 0, 0, 0, 1], [5])",-0.715,-0.0,-0.0,-0.0,-0.0,-0.0,-0.715,0.374215,1.8806799999999986,0.6959460000000001
48,"([0.23, 0.04, 0.05, 0.02, 0.14, 0.52], [1])","([0, 0, 0, 0, 0, 1], [5])",-0.0,-0.852,-0.0,-0.0,-0.0,-0.0,-0.852,0.374215,2.3584649999999985,0.6959460000000001
49,"([0.23, 0.04, 0.05, 0.02, 0.14, 0.52], [5])","([0, 0, 0, 0, 0, 1], [5])",-0.0,-0.0,-0.0,-0.0,-0.0,-0.0,0.0,0.374215,1.9842499999999985,0.6959460000000001
50,"([0.23, 0.04, 0.05, 0.02, 0.14, 0.52], [0])","([0, 0, 0, 0, 0, 1], [5])",-0.715,-0.0,-0.0,-0.0,-0.0,-0.0,-0.715,0.374215,2.3250349999999984,0.6959460000000001
51,"([0.23, 0.04, 0.05, 0.02, 0.14, 0.52], [5])","([0, 0, 0, 0, 0, 1], [5])",-0.0,-0.0,-0.0,-0.0,-0.0,-0.0,0.0,0.374215,1.9508199999999984,0.6959460000000001
52,"([0.23, 0.04, 0.05, 0.02, 0.14, 0.52], [5])","([0, 0, 0, 0, 0, 1], [5])",-0.0,-0.0,-0.0,-0.0,-0.0,-0.0,0.0,0.374215,1.5766049999999985,0.6959460000000001
53,"([0.23, 0.04, 0.05, 0.02, 0.14, 0.52], [5])","([0, 0, 0, 0, 0, 1], [5])",-0.0,-0.0,-0.0,-0.0,-0.0,-0.0,0.0,0.374215,1.2023899999999985,0.6959460000000001
54,"([0.23, 0.04, 0.05, 0.02, 0.14, 0.52], [4])","([0, 0, 0, 0, 0, 1], [5])",-0.0,-0.0,-0.0,-0.0,-0.845,-0.0,-0.845,0.374215,1.6731749999999985,0.6959460000000001
55,"([0.23, 0.04, 0.05, 0.02, 0.14, 0.52], [5])","([0, 0, 0, 0, 0, 1], [5])",-0.0,-0.0,-0.0,-0.0,-0.0,-0.0,0.0,0.374215,1.2989599999999986,0.6959460000000001
56,"([0.23, 0.04, 0.05, 0.02, 0.14, 0.52], [4])","([0, 0, 0, 0, 0, 1], [5])",-0.0,-0.0,-0.0,-0.0,-0.845,-0.0,-0.845,0.374215,1.7697449999999986,0.6959460000000001
57,"([0.23, 0.04, 0.05, 0.02, 0.14, 0.52], [0])","([0, 0, 0, 0, 0, 1], [5])",-0.715,-0.0,-0.0,-0.0,-0.0,-0.0,-0.715,0.374215,2.1105299999999985,0.6959460000000001
58,"([0.23, 0.04, 0.05, 0.02, 0.14, 0.52], [4])","([0, 0, 0, 0, 0, 1], [5])",-0.0,-0.0,-0.0,-0.0,-0.845,-0.0,-0.845,0.374215,2.5813149999999982,0.6959460000000001
59,"([0.23, 0.04, 0.05, 0.02, 0.14, 0.52], [5])","([0, 0, 0, 0, 0, 1], [5])",-0.0,-0.0,-0.0,-0.0,-0.0,-0.0,0.0,0.374215,2.2070999999999983,0.6959460000000001
60,"([0.23, 0.04, 0.05, 0.02, 0.14, 0.52], [5])","([0, 0, 0, 0, 0, 1], [5])",-0.0,-0.0,-0.0,-0.0,-0.0,-0.0,0.0,0.374215,1.8328849999999983,0.6959460000000001
61,"([0.23, 0.04, 0.05, 0.02, 0.14, 0.52], [5])","([0, 0, 0, 0, 0, 1], [5])",-0.0,-0.0,-0.0,-0.0,-0.0,-0.0,0.0,0.374215,1.4586699999999984,0.6959460000000001
62,"([0.23, 0.04, 0.05, 0.02, 0.14, 0.52], [5])","([0, 0, 0, 0, 0, 1], [5])",-0.0,-0.0,-0.0,-0.0,-0.0,-0.0,0.0,0.374215,1.0844549999999984,0.6959460000000001
63,"([0.23, 0.04, 0.05, 0.02, 0.14, 0.52], [5])","([0, 0, 0, 0, 0, 1], [5])",-0.0,-0.0,-0.0,-0.0,-0.0,-0.0,0.0,0.374215,0.7102399999999984,0.6959460000000001
64,"([0.23, 0.04, 0.05, 0.02, 0.14, 0.52], [0])","([0, 0, 0, 0, 0, 1], [5])",-0.715,-0.0,-0.0,-0.0,-0.0,-0.0,-0.715,0.374215,1.0510249999999983,0.6959460000000001
65,"([0.23, 0.04, 0.05, 0.02, 0.14, 0.52], [0])","([0, 0, 0, 0, 0, 1], [5])",-0.715,-0.0,-0.0,-0.0,-0.0,-0.0,-0.715,0.374215,1.3918099999999982,0.6959460000000001
66,"([0.23, 0.04, 0.05, 0.02, 0.14, 0.52], [0])","([0, 0, 0, 0, 0, 1], [5])",-0.715,-0.0,-0.0,-0.0,-0.0,-0.0,-0.715,0.374215,1.732594999999998,0.6959460000000001
67,"([0.23, 0.04, 0.05, 0.02, 0.14, 0.52], [5])","([0, 0, 0, 0, 0, 1], [5])",-0.0,-0.0,-0.0,-0.0,-0.0,-0.0,0.0,0.374215,1.3583799999999981,0.6959460000000001
68,"([0.23, 0.04, 0.05, 0.02, 0.14, 0.52], [5])","([0, 0, 0, 0, 0, 1], [5])",-0.0,-0.0,-0.0,-0.0,-0.0,-0.0,0.0,0.374215,0.9841649999999982,0.6959460000000001
69,"([0.23, 0.04, 0.05, 0.02, 0.14, 0.52], [5])","([0, 0, 0, 0, 0, 1], [5])",-0.0,-0.0,-0.0,-0.0,-0.0,-0.0,0.0,0.374215,0.6099499999999982,0.6959460000000001
70,"([0.23, 0.04, 0.05, 0.02, 0.14, 0.52], [2])","([0, 0, 0, 0, 0, 1], [5])",-0.0,-0.0,-0.9129999999999999,-0.0,-0.0,-0.0,-0.9129999999999999,0.374215,1.148734999999998,0.6959460000000001
71,"([0.23, 0.04, 0.05, 0.02, 0.14, 0.52], [5])","([0, 0, 0, 0, 0, 1], [5])",-0.0,-0.0,-0.0,-0.0,-0.0,-0.0,0.0,0.374215,0.7745199999999981,0.6959460000000001
72,"([0.23, 0.04, 0.05, 0.02, 0.14, 0.52], [0])","([0, 0, 0, 0, 0, 1], [5])",-0.715,-0.0,-0.0,-0.0,-0.0,-0.0,-0.715,0.374215,1.115304999999998,0.6959460000000001
73,"([0.23, 0.04, 0.05, 0.02, 0.14, 0.52], [5])","([0, 0, 0, 0, 0, 1], [5])",-0.0,-0.0,-0.0,-0.0,-0.0,-0.0,0.0,0.374215,0.741089999999998,0.6959460000000001
74,"([0.23, 0.04, 0.05, 0.02, 0.14, 0.52], [5])","([0, 0, 0, 0, 0, 1], [5])",-0.0,-0.0,-0.0,-0.0,-0.0,-0.0,0.0,0.374215,0.366874999999998,0.6959460000000001
75,"([0.23, 0.04, 0.05, 0.02, 0.14, 0.52], [5])","([0, 0, 0, 0, 0, 1], [5])",-0.0,-0.0,-0.0,-0.0,-0.0,-0.0,0.0,0.374215,-0.007340000000002012,0.6959460000000001
76,"([0.23, 0.04, 0.05, 0.02, 0.14, 0.52], [5])","([0, 0, 0, 0, 0, 1], [5])",-0.0,-0.0,-0.0,-0.0,-0.0,-0.0,0.0,0.374215,-0.38155500000000203,0.6959460000000001
77,"([0.23, 0.04, 0.05, 0.02, 0.14, 0.52], [4])","([0, 0, 0, 0, 0, 1], [5])",-0.0,-0.0,-0.0,-0.0,-0.845,-0.0,-0.845,0.374215,0.08922999999999792,0.6959460000000001
78,"([0.23, 0.04, 0.05, 0.02, 0.14, 0.52], [5])","([0, 0, 0, 0, 0, 1], [5])",-0.0,-0.0,-0.0,-0.0,-0.0,-0.0,0.0,0.374215,-0.2849850000000021,0.6959460000000001
79,"([0.23, 0.04, 0.05, 0.02, 0.14, 0.52], [0])","([0, 0, 0, 0, 0, 1], [5])",-0.715,-0.0,-0.0,-0.0,-0.0,-0.0,-0.715,0.374215,0.05579999999999785,0.6959460000000001
80,"([0.23, 0.04, 0.05, 0.02, 0.14, 0.52], [0])","([0, 0, 0, 0, 0, 1], [5])",-0.715,-0.0,-0.0,-0.0,-0.0,-0.0,-0.715,0.374215,0.3965849999999978,0.6959460000000001
81,"([0.23, 0.04, 0.05, 0.02, 0.14, 0.52], [5])","([0, 0, 0, 0, 0, 1], [5])",-0.0,-0.0,-0.0,-0.0,-0.0,-0.0,0.0,0.374215,0.02236999999999778,0.6959460000000001
82,"([0.23, 0.04, 0.05, 0.02, 0.14, 0.52], [5])","([0, 0, 0, 0, 0, 1], [5])",-0.0,-0.0,-0.0,-0.0,-0.0,-0.0,0.0,0.374215,-0.35184500000000224,0.6959460000000001
83,"([0.23, 0.04, 0.05, 0.02, 0.14, 0.52], [5])","([0, 0, 0, 0, 0, 1], [5])",-0.0,-0.0,-0.0,-0.0,-0.0,-0.0,0.0,0.374215,-0.7260600000000023,0.6959460000000001
84,"([0.23, 0.04, 0.05, 0.02, 0.14, 0.52], [4])","([0, 0, 0, 0, 0, 1], [5])",-0.0,-0.0,-0.0,-0.0,-0.845,-0.0,-0.845,0.374215,-0.2552750000000023,0.6959460000000001
85,"([0.23, 0.04, 0.05, 0.02, 0.14, 0.52], [5])","([0, 0, 0, 0, 0, 1], [5])",-0.0,-0.0,-0.0,-0.0,-0.0,-0.0,0.0,0.374215,-0.6294900000000023,0.6959460000000001
86,"([0.23, 0.04, 0.05, 0.02, 0.14, 0.52], [5])","([0, 0, 0, 0, 0, 1], [5])",-0.0,-0.0,-0.0,-0.0,-0.0,-0.0,0.0,0.374215,-1.0037050000000023,0.6959460000000001
87,"([0.23, 0.04, 0.05, 0.02, 0.14, 0.52], [0])","([0, 0, 0, 0, 0, 1], [5])",-0.715,-0.0,-0.0,-0.0,-0.0,-0.0,-0.715,0.374215,-0.6629200000000024,0.6959460000000001
88,"([0.23, 0.04, 0.05, 0.02, 0.14, 0.52], [5])","([0, 0, 0, 0, 0, 1], [5])",-0.0,-0.0,-0.0,-0.0,-0.0,-0.0,0.0,0.374215,-1.0371350000000024,0.6959460000000001
89,"([0.23, 0.04, 0.05, 0.02, 0.14, 0.52], [5])","([0, 0, 0, 0, 0, 1], [5])",-0.0,-0.0,-0.0,-0.0,-0.0,-0.0,0.0,0.374215,-1.4113500000000023,0.6959460000000001
90,"([0.23, 0.04, 0.05, 0.02, 0.14, 0.52], [5])","([0, 0, 0, 0, 0, 1], [5])",-0.0,-0.0,-0.0,-0.0,-0.0,-0.0,0.0,0.374215,-1.7855650000000023,0.6959460000000001
91,"([0.23, 0.04, 0.05, 0.02, 0.14, 0.52], [0])","([0, 0, 0, 0, 0, 1], [5])",-0.715,-0.0,-0.0,-0.0,-0.0,-0.0,-0.715,0.374215,-1.4447800000000024,0.6959460000000001
92,"([0.23, 0.04, 0.05, 0.02, 0.14, 0.52], [5])","([0, 0, 0, 0, 0, 1], [5])",-0.0,-0.0,-0.0,-0.0,-0.0,-0.0,0.0,0.374215,-1.8189950000000024,0.6959460000000001
93,"([0.23, 0.04, 0.05, 0.02, 0.14, 0.52], [5])","([0, 0, 0, 0, 0, 1], [5])",-0.0,-0.0,-0.0,-0.0,-0.0,-0.0,0.0,0.374215,-2.1932100000000023,0.6959460000000001
94,"([0.23, 0.04, 0.05, 0.02, 0.14, 0.52], [0])","([0, 0, 0, 0, 0, 1], [5])",-0.715,-0.0,-0.0,-0.0,-0.0,-0.0,-0.715,0.374215,-1.8524250000000024,0.6959460000000001
95,"([0.23, 0.04, 0.05, 0.02, 0.14, 0.52], [5])","([0, 0, 0, 0, 0, 1], [5])",-0.0,-0.0,-0.0,-0.0,-0.0,-0.0,0.0,0.374215,-2.2266400000000024,0.6959460000000001
96,"([0.23, 0.04, 0.05, 0.02, 0.14, 0.52], [2])","([0, 0, 0, 0, 0, 1], [5])",-0.0,-0.0,-0.9129999999999999,-0.0,-0.0,-0.0,-0.9129999999999999,0.374215,-1.6878550000000025,0.6959460000000001
97,"([0.23, 0.04, 0.05, 0.02, 0.14, 0.52], [0])","([0, 0, 0, 0, 0, 1], [5])",-0.715,-0.0,-0.0,-0.0,-0.0,-0.0,-0.715,0.374215,-1.3470700000000027,0.6959460000000001
98,"([0.23, 0.04, 0.05, 0.02, 0.14, 0.52], [4])","([0, 0, 0, 0, 0, 1], [5])",-0.0,-0.0,-0.0,-0.0,-0.845,-0.0,-0.845,0.374215,-0.8762850000000026,0.6959460000000001
99,"([0.23, 0.04, 0.05, 0.02, 0.14, 0.52], [5])","([0, 0, 0, 0, 0, 1], [5])",-0.0,-0.0,-0.0,-0.0,-0.0,-0.0,0.0,0.374215,-1.2505000000000026,0.6959460000000001
100,"([0.23, 0.04, 0.05, 0.02, 0.14, 0.52], [5])","([0, 0, 0, 0, 0, 1], [5])",-0.0,-0.0,-0.0,-0.0,-0.0,-0.0,0.0,0.374215,-1.6247150000000026,0.6959460000000001
101,"([0.23, 0.04, 0.05, 0.02, 0.14, 0.52], [0])","([0, 0, 0, 0, 0, 1], [5])",-0.715,-0.0,-0.0,-0.0,-0.0,-0.0,-0.715,0.374215,-1.2839300000000027,0.6959460000000001
102,"([0.23, 0.04, 0.05, 0.02, 0.14, 0.52], [4])","([0, 0, 0, 0, 0, 1], [5])",-0.0,-0.0,-0.0,-0.0,-0.845,-0.0,-0.845,0.374215,-0.8131450000000027,0.6959460000000001
103,"([0.23, 0.04, 0.05, 0.02, 0.14, 0.52], [0])","([0, 0, 0, 0, 0, 1], [5])",-0.715,-0.0,-0.0,-0.0,-0.0,-0.0,-0.715,0.374215,-0.4723600000000027,0.6959460000000001
104,"([0.23, 0.04, 0.05, 0.02, 0.14, 0.52], [4])","([0, 0, 0, 0, 0, 1], [5])",-0.0,-0.0,-0.0,-0.0,-0.845,-0.0,-0.845,0.374215,-0.0015750000000027686,0.6959460000000001
105,"([0.23, 0.04, 0.05, 0.02, 0.14, 0.52], [5])","([0, 0, 0, 0, 0, 1], [5])",-0.0,-0.0,-0.0,-0.0,-0.0,-0.0,0.0,0.374215,-0.3757900000000028,0.6959460000000001
106,"([0.23, 0.04, 0.05, 0.02, 0.14, 0.52], [5])","([0, 0, 0, 0, 0, 1], [5])",-0.0,-0.0,-0.0,-0.0,-0.0,-0.0,0.0,0.374215,-0.7500050000000028,0.6959460000000001
107,"([0.23, 0.04, 0.05, 0.02, 0.14, 0.52], [5])","([0, 0, 0, 0, 0, 1], [5])",-0.0,-0.0,-0.0,-0.0,-0.0,-0.0,0.0,0.374215,-1.1242200000000029,0.6959460000000001
108,"([0.23, 0.04, 0.05, 0.02, 0.14, 0.52], [4])","([0, 0, 0, 0, 0, 1], [5])",-0.0,-0.0,-0.0,-0.0,-0.845,-0.0,-0.845,0.374215,-0.6534350000000029,0.6959460000000001
109,"([0.23, 0.04, 0.05, 0.02, 0.14, 0.52], [5])","([0, 0, 0, 0, 0, 1], [5])",-0.0,-0.0,-0.0,-0.0,-0.0,-0.0,0.0,0.374215,-1.0276500000000028,0.6959460000000001
110,"([0.23, 0.04, 0.05, 0.02, 0.14, 0.52], [5])","([0, 0, 0, 0, 0, 1], [5])",-0.0,-0.0,-0.0,-0.0,-0.0,-0.0,0.0,0.374215,-1.4018650000000028,0.6959460000000001
111,"([0.23, 0.04, 0.05, 0.02, 0.14, 0.52], [4])","([0, 0, 0, 0, 0, 1], [5])",-0.0,-0.0,-0.0,-0.0,-0.845,-0.0,-0.845,0.374215,-0.9310800000000028,0.6959460000000001
112,"([0.23, 0.04, 0.05, 0.02, 0.14, 0.52], [0])","([0, 0, 0, 0, 0, 1], [5])",-0.715,-0.0,-0.0,-0.0,-0.0,-0.0,-0.715,0.374215,-0.5902950000000029,0.6959460000000001
113,"([0.23, 0.04, 0.05, 0.02, 0.14, 0.52], [0])","([0, 0, 0, 0, 0, 1], [5])",-0.715,-0.0,-0.0,-0.0,-0.0,-0.0,-0.715,0.374215,-0.24951000000000295,0.6959460000000001
114,"([0.23, 0.04, 0.05, 0.02, 0.14, 0.52], [5])","([0, 0, 0, 0, 0, 1], [5])",-0.0,-0.0,-0.0,-0.0,-0.0,-0.0,0.0,0.374215,-0.623725000000003,0.6959460000000001
115,"([0.23, 0.04, 0.05, 0.02, 0.14, 0.52], [0])","([0, 0, 0, 0, 0, 1], [5])",-0.715,-0.0,-0.0,-0.0,-0.0,-0.0,-0.715,0.374215,-0.282940000000003,0.6959460000000001
116,"([0.23, 0.04, 0.05, 0.02, 0.14, 0.52], [1])","([0, 0, 0, 0, 0, 1], [5])",-0.0,-0.852,-0.0,-0.0,-0.0,-0.0,-0.852,0.374215,0.19484499999999694,0.6959460000000001
117,"([0.23, 0.04, 0.05, 0.02, 0.14, 0.52], [5])","([0, 0, 0, 0, 0, 1], [5])",-0.0,-0.0,-0.0,-0.0,-0.0,-0.0,0.0,0.374215,-0.17937000000000308,0.6959460000000001
118,"([0.23, 0.04, 0.05, 0.02, 0.14, 0.52], [5])","([0, 0, 0, 0, 0, 1], [5])",-0.0,-0.0,-0.0,-0.0,-0.0,-0.0,0.0,0.374215,-0.5535850000000031,0.6959460000000001
119,"([0.23, 0.04, 0.05, 0.02, 0.14, 0.52], [5])","([0, 0, 0, 0, 0, 1], [5])",-0.0,-0.0,-0.0,-0.0,-0.0,-0.0,0.0,0.374215,-0.9278000000000031,0.6959460000000001
120,"([0.23, 0.04, 0.05, 0.02, 0.14, 0.52], [0])","([0, 0, 0, 0, 0, 1], [5])",-0.715,-0.0,-0.0,-0.0,-0.0,-0.0,-0.715,0.374215,-0.5870150000000032,0.6959460000000001
121,"([0.23, 0.04, 0.05, 0.02, 0.14, 0.52], [0])","([0, 0, 0, 0, 0, 1], [5])",-0.715,-0.0,-0.0,-0.0,-0.0,-0.0,-0.715,0.374215,-0.24623000000000322,0.6959460000000001
122,"([0.23, 0.04, 0.05, 0.02, 0.14, 0.52], [4])","([0, 0, 0, 0, 0, 1], [5])",-0.0,-0.0,-0.0,-0.0,-0.845,-0.0,-0.845,0.374215,0.22455499999999673,0.6959460000000001
123,"([0.23, 0.04, 0.05, 0.02, 0.14, 0.52], [5])","([0, 0, 0, 0, 0, 1], [5])",-0.0,-0.0,-0.0,-0.0,-0.0,-0.0,0.0,0.374215,-0.1496600000000033,0.6959460000000001
124,"([0.23, 0.04, 0.05, 0.02, 0.14, 0.52], [5])","([0, 0, 0, 0, 0, 1], [5])",-0.0,-0.0,-0.0,-0.0,-0.0,-0.0,0.0,0.374215,-0.5238750000000033,0.6959460000000001
125,"([0.23, 0.04, 0.05, 0.02, 0.14, 0.52], [5])","([0, 0, 0, 0, 0, 1], [5])",-0.0,-0.0,-0.0,-0.0,-0.0,-0.0,0.0,0.374215,-0.8980900000000034,0.6959460000000001
126,"([0.23, 0.04, 0.05, 0.02, 0.14, 0.52], [0])","([0, 0, 0, 0, 0, 1], [5])",-0.715,-0.0,-0.0,-0.0,-0.0,-0.0,-0.715,0.374215,-0.5573050000000035,0.6959460000000001
127,"([0.23, 0.04, 0.05, 0.02, 0.14, 0.52], [5])","([0, 0, 0, 0, 0, 1], [5])",-0.0,-0.0,-0.0,-0.0,-0.0,-0.0,0.0,0.374215,-0.9315200000000035,0.6959460000000001
128,"([0.23, 0.04, 0.05, 0.02, 0.14, 0.52], [5])","([0, 0, 0, 0, 0, 1], [5])",-0.0,-0.0,-0.0,-0.0,-0.0,-0.0,0.0,0.374215,-1.3057350000000034,0.6959460000000001
129,"([0.23, 0.04, 0.05, 0.02, 0.14, 0.52], [5])","([0, 0, 0, 0, 0, 1], [5])",-0.0,-0.0,-0.0,-0.0,-0.0,-0.0,0.0,0.374215,-1.6799500000000034,0.6959460000000001
130,"([0.23, 0.04, 0.05, 0.02, 0.14, 0.52], [5])","([0, 0, 0, 0, 0, 1], [5])",-0.0,-0.0,-0.0,-0.0,-0.0,-0.0,0.0,0.374215,-2.0541650000000033,0.6959460000000001
131,"([0.23, 0.04, 0.05, 0.02, 0.14, 0.52], [1])","([0, 0, 0, 0, 0, 1], [5])",-0.0,-0.852,-0.0,-0.0,-0.0,-0.0,-0.852,0.374215,-1.5763800000000034,0.6959460000000001
132,"([0.23, 0.04, 0.05, 0.02, 0.14, 0.52], [4])","([0, 0, 0, 0, 0, 1], [5])",-0.0,-0.0,-0.0,-0.0,-0.845,-0.0,-0.845,0.374215,-1.1055950000000034,0.6959460000000001
133,"([0.23, 0.04, 0.05, 0.02, 0.14, 0.52], [5])","([0, 0, 0, 0, 0, 1], [5])",-0.0,-0.0,-0.0,-0.0,-0.0,-0.0,0.0,0.374215,-1.4798100000000034,0.6959460000000001
134,"([0.23, 0.04, 0.05, 0.02, 0.14, 0.52], [5])","([0, 0, 0, 0, 0, 1], [5])",-0.0,-0.0,-0.0,-0.0,-0.0,-0.0,0.0,0.374215,-1.8540250000000034,0.6959460000000001
135,"([0.23, 0.04, 0.05, 0.02, 0.14, 0.52], [5])","([0, 0, 0, 0, 0, 1], [5])",-0.0,-0.0,-0.0,-0.0,-0.0,-0.0,0.0,0.374215,-2.2282400000000036,0.6959460000000001
136,"([0.23, 0.04, 0.05, 0.02, 0.14, 0.52], [5])","([0, 0, 0, 0, 0, 1], [5])",-0.0,-0.0,-0.0,-0.0,-0.0,-0.0,0.0,0.374215,-2.6024550000000035,0.6959460000000001
137,"([0.23, 0.04, 0.05, 0.02, 0.14, 0.52], [0])","([0, 0, 0, 0, 0, 1], [5])",-0.715,-0.0,-0.0,-0.0,-0.0,-0.0,-0.715,0.374215,-2.2616700000000036,0.6959460000000001
138,"([0.23, 0.04, 0.05, 0.02, 0.14, 0.52], [2])","([0, 0, 0, 0, 0, 1], [5])",-0.0,-0.0,-0.9129999999999999,-0.0,-0.0,-0.0,-0.9129999999999999,0.374215,-1.7228850000000038,0.6959460000000001
139,"([0.23, 0.04, 0.05, 0.02, 0.14, 0.52], [5])","([0, 0, 0, 0, 0, 1], [5])",-0.0,-0.0,-0.0,-0.0,-0.0,-0.0,0.0,0.374215,-2.0971000000000037,0.6959460000000001
140,"([0.23, 0.04, 0.05, 0.02, 0.14, 0.52], [5])","([0, 0, 0, 0, 0, 1], [5])",-0.0,-0.0,-0.0,-0.0,-0.0,-0.0,0.0,0.374215,-2.4713150000000037,0.6959460000000001
141,"([0.23, 0.04, 0.05, 0.02, 0.14, 0.52], [1])","([0, 0, 0, 0, 0, 1], [5])",-0.0,-0.852,-0.0,-0.0,-0.0,-0.0,-0.852,0.374215,-1.9935300000000038,0.6959460000000001
142,"([0.23, 0.04, 0.05, 0.02, 0.14, 0.52], [5])","([0, 0, 0, 0, 0, 1], [5])",-0.0,-0.0,-0.0,-0.0,-0.0,-0.0,0.0,0.374215,-2.3677450000000038,0.6959460000000001
143,"([0.23, 0.04, 0.05, 0.02, 0.14, 0.52], [4])","([0, 0, 0, 0, 0, 1], [5])",-0.0,-0.0,-0.0,-0.0,-0.845,-0.0,-0.845,0.374215,-1.8969600000000038,0.6959460000000001
144,"([0.23, 0.04, 0.05, 0.02, 0.14, 0.52], [3])","([0, 0, 0, 0, 0, 1], [5])",-0.0,-0.0,-0.0,-0.794,-0.0,-0.0,-0.794,0.374215,-1.4771750000000037,0.6959460000000001
145,"([0.23, 0.04, 0.05, 0.02, 0.14, 0.52], [5])","([0, 0, 0, 0, 0, 1], [5])",-0.0,-0.0,-0.0,-0.0,-0.0,-0.0,0.0,0.374215,-1.8513900000000036,0.6959460000000001
146,"([0.23, 0.04, 0.05, 0.02, 0.14, 0.52], [0])","([0, 0, 0, 0, 0, 1], [5])",-0.715,-0.0,-0.0,-0.0,-0.0,-0.0,-0.715,0.374215,-1.5106050000000038,0.6959460000000001
147,"([0.23, 0.04, 0.05, 0.02, 0.14, 0.52], [5])","([0, 0, 0, 0, 0, 1], [5])",-0.0,-0.0,-0.0,-0.0,-0.0,-0.0,0.0,0.374215,-1.8848200000000037,0.6959460000000001
148,"([0.23, 0.04, 0.05, 0.02, 0.14, 0.52], [5])","([0, 0, 0, 0, 0, 1], [5])",-0.0,-0.0,-0.0,-0.0,-0.0,-0.0,0.0,0.374215,-2.259035000000004,0.6959460000000001
149,"([0.23, 0.04, 0.05, 0.02, 0.14, 0.52], [0])","([0, 0, 0, 0, 0, 1], [5])",-0.715,-0.0,-0.0,-0.0,-0.0,-0.0,-0.715,0.374215,-1.918250000000004,0.6959460000000001
150,"([0.23, 0.04, 0.05, 0.02, 0.14, 0.52], [5])","([0, 0, 0, 0, 0, 1], [5])",-0.0,-0.0,-0.0,-0.0,-0.0,-0.0,0.0,0.374215,-2.292465000000004,0.6959460000000001
151,"([0.23, 0.04, 0.05, 0.02, 0.14, 0.52], [4])","([0, 0, 0, 0, 0, 1], [5])",-0.0,-0.0,-0.0,-0.0,-0.845,-0.0,-0.845,0.374215,-1.821680000000004,0.6959460000000001
152,"([0.23, 0.04, 0.05, 0.02, 0.14, 0.52], [5])","([0, 0, 0, 0, 0, 1], [5])",-0.0,-0.0,-0.0,-0.0,-0.0,-0.0,0.0,0.374215,-2.195895000000004,0.6959460000000001
153,"([0.23, 0.04, 0.05, 0.02, 0.14, 0.52], [0])","([0, 0, 0, 0, 0, 1], [5])",-0.715,-0.0,-0.0,-0.0,-0.0,-0.0,-0.715,0.374215,-1.8551100000000043,0.6959460000000001
154,"([0.23, 0.04, 0.05, 0.02, 0.14, 0.52], [5])","([0, 0, 0, 0, 0, 1], [5])",-0.0,-0.0,-0.0,-0.0,-0.0,-0.0,0.0,0.374215,-2.229325000000004,0.6959460000000001
155,"([0.23, 0.04, 0.05, 0.02, 0.14, 0.52], [5])","([0, 0, 0, 0, 0, 1], [5])",-0.0,-0.0,-0.0,-0.0,-0.0,-0.0,0.0,0.374215,-2.603540000000004,0.6959460000000001
156,"([0.23, 0.04, 0.05, 0.02, 0.14, 0.52], [0])","([0, 0, 0, 0, 0, 1], [5])",-0.715,-0.0,-0.0,-0.0,-0.0,-0.0,-0.715,0.374215,-2.2627550000000043,0.6959460000000001
157,"([0.23, 0.04, 0.05, 0.02, 0.14, 0.52], [5])","([0, 0, 0, 0, 0, 1], [5])",-0.0,-0.0,-0.0,-0.0,-0.0,-0.0,0.0,0.374215,-2.6369700000000043,0.6959460000000001
158,"([0.23, 0.04, 0.05, 0.02, 0.14, 0.52], [0])","([0, 0, 0, 0, 0, 1], [5])",-0.715,-0.0,-0.0,-0.0,-0.0,-0.0,-0.715,0.374215,-2.2961850000000044,0.6959460000000001
159,"([0.23, 0.04, 0.05, 0.02, 0.14, 0.52], [2])","([0, 0, 0, 0, 0, 1], [5])",-0.0,-0.0,-0.9129999999999999,-0.0,-0.0,-0.0,-0.9129999999999999,0.374215,-1.7574000000000045,0.6959460000000001
160,"([0.23, 0.04, 0.05, 0.02, 0.14, 0.52], [4])","([0, 0, 0, 0, 0, 1], [5])",-0.0,-0.0,-0.0,-0.0,-0.845,-0.0,-0.845,0.374215,-1.2866150000000045,0.6959460000000001
161,"([0.23, 0.04, 0.05, 0.02, 0.14, 0.52], [5])","([0, 0, 0, 0, 0, 1], [5])",-0.0,-0.0,-0.0,-0.0,-0.0,-0.0,0.0,0.374215,-1.6608300000000045,0.6959460000000001
162,"([0.23, 0.04, 0.05, 0.02, 0.14, 0.52], [5])","([0, 0, 0, 0, 0, 1], [5])",-0.0,-0.0,-0.0,-0.0,-0.0,-0.0,0.0,0.374215,-2.0350450000000047,0.6959460000000001
163,"([0.23, 0.04, 0.05, 0.02, 0.14, 0.52], [5])","([0, 0, 0, 0, 0, 1], [5])",-0.0,-0.0,-0.0,-0.0,-0.0,-0.0,0.0,0.374215,-2.4092600000000046,0.6959460000000001
164,"([0.23, 0.04, 0.05, 0.02, 0.14, 0.52], [0])","([0, 0, 0, 0, 0, 1], [5])",-0.715,-0.0,-0.0,-0.0,-0.0,-0.0,-0.715,0.374215,-2.0684750000000047,0.6959460000000001
165,"([0.23, 0.04, 0.05, 0.02, 0.14, 0.52], [4])","([0, 0, 0, 0, 0, 1], [5])",-0.0,-0.0,-0.0,-0.0,-0.845,-0.0,-0.845,0.374215,-1.5976900000000047,0.6959460000000001
166,"([0.23, 0.04, 0.05, 0.02, 0.14, 0.52], [5])","([0, 0, 0, 0, 0, 1], [5])",-0.0,-0.0,-0.0,-0.0,-0.0,-0.0,0.0,0.374215,-1.9719050000000047,0.6959460000000001
167,"([0.23, 0.04, 0.05, 0.02, 0.14, 0.52], [2])","([0, 0, 0, 0, 0, 1], [5])",-0.0,-0.0,-0.9129999999999999,-0.0,-0.0,-0.0,-0.9129999999999999,0.374215,-1.4331200000000048,0.6959460000000001
168,"([0.23, 0.04, 0.05, 0.02, 0.14, 0.52], [5])","([0, 0, 0, 0, 0, 1], [5])",-0.0,-0.0,-0.0,-0.0,-0.0,-0.0,0.0,0.374215,-1.8073350000000048,0.6959460000000001
169,"([0.23, 0.04, 0.05, 0.02, 0.14, 0.52], [5])","([0, 0, 0, 0, 0, 1], [5])",-0.0,-0.0,-0.0,-0.0,-0.0,-0.0,0.0,0.374215,-2.181550000000005,0.6959460000000001
170,"([0.23, 0.04, 0.05, 0.02, 0.14, 0.52], [5])","([0, 0, 0, 0, 0, 1], [5])",-0.0,-0.0,-0.0,-0.0,-0.0,-0.0,0.0,0.374215,-2.555765000000005,0.6959460000000001
171,"([0.23, 0.04, 0.05, 0.02, 0.14, 0.52], [5])","([0, 0, 0, 0, 0, 1], [5])",-0.0,-0.0,-0.0,-0.0,-0.0,-0.0,0.0,0.374215,-2.929980000000005,0.6959460000000001
172,"([0.23, 0.04, 0.05, 0.02, 0.14, 0.52], [5])","([0, 0, 0, 0, 0, 1], [5])",-0.0,-0.0,-0.0,-0.0,-0.0,-0.0,0.0,0.374215,-3.304195000000005,0.6959460000000001
173,"([0.23, 0.04, 0.05, 0.02, 0.14, 0.52], [5])","([0, 0, 0, 0, 0, 1], [5])",-0.0,-0.0,-0.0,-0.0,-0.0,-0.0,0.0,0.374215,-3.678410000000005,0.6959460000000001
174,"([0.23, 0.04, 0.05, 0.02, 0.14, 0.52], [5])","([0, 0, 0, 0, 0, 1], [5])",-0.0,-0.0,-0.0,-0.0,-0.0,-0.0,0.0,0.374215,-4.052625000000005,0.6959460000000001
175,"([0.23, 0.04, 0.05, 0.02, 0.14, 0.52], [0])","([0, 0, 0, 0, 0, 1], [5])",-0.715,-0.0,-0.0,-0.0,-0.0,-0.0,-0.715,0.374215,-3.7118400000000054,0.6959460000000001
176,"([0.23, 0.04, 0.05, 0.02, 0.14, 0.52], [5])","([0, 0, 0, 0, 0, 1], [5])",-0.0,-0.0,-0.0,-0.0,-0.0,-0.0,0.0,0.374215,-4.086055000000005,0.6959460000000001
177,"([0.23, 0.04, 0.05, 0.02, 0.14, 0.52], [4])","([0, 0, 0, 0, 0, 1], [5])",-0.0,-0.0,-0.0,-0.0,-0.845,-0.0,-0.845,0.374215,-3.6152700000000055,0.6959460000000001
178,"([0.23, 0.04, 0.05, 0.02, 0.14, 0.52], [5])","([0, 0, 0, 0, 0, 1], [5])",-0.0,-0.0,-0.0,-0.0,-0.0,-0.0,0.0,0.374215,-3.9894850000000055,0.6959460000000001
179,"([0.23, 0.04, 0.05, 0.02, 0.14, 0.52], [5])","([0, 0, 0, 0, 0, 1], [5])",-0.0,-0.0,-0.0,-0.0,-0.0,-0.0,0.0,0.374215,-4.363700000000006,0.6959460000000001
180,"([0.23, 0.04, 0.05, 0.02, 0.14, 0.52], [4])","([0, 0, 0, 0, 0, 1], [5])",-0.0,-0.0,-0.0,-0.0,-0.845,-0.0,-0.845,0.374215,-3.892915000000006,0.6959460000000001
181,"([0.23, 0.04, 0.05, 0.02, 0.14, 0.52], [5])","([0, 0, 0, 0, 0, 1], [5])",-0.0,-0.0,-0.0,-0.0,-0.0,-0.0,0.0,0.374215,-4.267130000000006,0.6959460000000001
182,"([0.23, 0.04, 0.05, 0.02, 0.14, 0.52], [5])","([0, 0, 0, 0, 0, 1], [5])",-0.0,-0.0,-0.0,-0.0,-0.0,-0.0,0.0,0.374215,-4.6413450000000065,0.6959460000000001
183,"([0.23, 0.04, 0.05, 0.02, 0.14, 0.52], [1])","([0, 0, 0, 0, 0, 1], [5])",-0.0,-0.852,-0.0,-0.0,-0.0,-0.0,-0.852,0.374215,-4.163560000000007,0.6959460000000001
184,"([0.23, 0.04, 0.05, 0.02, 0.14, 0.52], [5])","([0, 0, 0, 0, 0, 1], [5])",-0.0,-0.0,-0.0,-0.0,-0.0,-0.0,0.0,0.374215,-4.537775000000007,0.6959460000000001
185,"([0.23, 0.04, 0.05, 0.02, 0.14, 0.52], [5])","([0, 0, 0, 0, 0, 1], [5])",-0.0,-0.0,-0.0,-0.0,-0.0,-0.0,0.0,0.374215,-4.911990000000007,0.6959460000000001
186,"([0.23, 0.04, 0.05, 0.02, 0.14, 0.52], [5])","([0, 0, 0, 0, 0, 1], [5])",-0.0,-0.0,-0.0,-0.0,-0.0,-0.0,0.0,0.374215,-5.286205000000008,0.6959460000000001
187,"([0.23, 0.04, 0.05, 0.02, 0.14, 0.52], [0])","([0, 0, 0, 0, 0, 1], [5])",-0.715,-0.0,-0.0,-0.0,-0.0,-0.0,-0.715,0.374215,-4.9454200000000075,0.6959460000000001
188,"([0.23, 0.04, 0.05, 0.02, 0.14, 0.52], [0])","([0, 0, 0, 0, 0, 1], [5])",-0.715,-0.0,-0.0,-0.0,-0.0,-0.0,-0.715,0.374215,-4.604635000000007,0.6959460000000001
189,"([0.23, 0.04, 0.05, 0.02, 0.14, 0.52], [5])","([0, 0, 0, 0, 0, 1], [5])",-0.0,-0.0,-0.0,-0.0,-0.0,-0.0,0.0,0.374215,-4.9788500000000075,0.6959460000000001
190,"([0.23, 0.04, 0.05, 0.02, 0.14, 0.52], [5])","([0, 0, 0, 0, 0, 1], [5])",-0.0,-0.0,-0.0,-0.0,-0.0,-0.0,0.0,0.374215,-5.353065000000008,0.6959460000000001
191,"([0.23, 0.04, 0.05, 0.02, 0.14, 0.52], [5])","([0, 0, 0, 0, 0, 1], [5])",-0.0,-0.0,-0.0,-0.0,-0.0,-0.0,0.0,0.374215,-5.727280000000008,0.6959460000000001
192,"([0.23, 0.04, 0.05, 0.02, 0.14, 0.52], [5])","([0, 0, 0, 0, 0, 1], [5])",-0.0,-0.0,-0.0,-0.0,-0.0,-0.0,0.0,0.374215,-6.101495000000009,0.6959460000000001
193,"([0.23, 0.04, 0.05, 0.02, 0.14, 0.52], [3])","([0, 0, 0, 0, 0, 1], [5])",-0.0,-0.0,-0.0,-0.794,-0.0,-0.0,-0.794,0.374215,-5.681710000000009,0.6959460000000001
194,"([0.23, 0.04, 0.05, 0.02, 0.14, 0.52], [5])","([0, 0, 0, 0, 0, 1], [5])",-0.0,-0.0,-0.0,-0.0,-0.0,-0.0,0.0,0.374215,-6.055925000000009,0.6959460000000001
195,"([0.23, 0.04, 0.05, 0.02, 0.14, 0.52], [4])","([0, 0, 0, 0, 0, 1], [5])",-0.0,-0.0,-0.0,-0.0,-0.845,-0.0,-0.845,0.374215,-5.585140000000009,0.6959460000000001
196,"([0.23, 0.04, 0.05, 0.02, 0.14, 0.52], [5])","([0, 0, 0, 0, 0, 1], [5])",-0.0,-0.0,-0.0,-0.0,-0.0,-0.0,0.0,0.374215,-5.959355000000009,0.6959460000000001
197,"([0.23, 0.04, 0.05, 0.02, 0.14, 0.52], [5])","([0, 0, 0, 0, 0, 1], [5])",-0.0,-0.0,-0.0,-0.0,-0.0,-0.0,0.0,0.374215,-6.33357000000001,0.6959460000000001
198,"([0.23, 0.04, 0.05, 0.02, 0.14, 0.52], [5])","([0, 0, 0, 0, 0, 1], [5])",-0.0,-0.0,-0.0,-0.0,-0.0,-0.0,0.0,0.374215,-6.70778500000001,0.6959460000000001
199,"([0.23, 0.04, 0.05, 0.02, 0.14, 0.52], [5])","([0, 0, 0, 0, 0, 1], [5])",-0.0,-0.0,-0.0,-0.0,-0.0,-0.0,0.0,0.374215,-7.0820000000000105,0.6959460000000001
