,busto-1,BD-0,feedback target 0,feedback target 1,feedback target 2,feedback target 3,feedback target 4,feedback target 5,total,exp_loss,actual_regret,exp_regret
0,"([0.2, 0.13, 0.06, 0.18, 0.01, 0.42], [5])","([0, 0, 0, 0, 1, 0], [4])",-0.0,-0.0,-0.0,-0.0,-0.0,-0.722,-0.722,0.717249,0.30177299999999996,0.297022
1,"([0.2, 0.13, 0.06, 0.18, 0.01, 0.42], [1])","([0, 0, 0, 0, 0, 1], [5])",-0.0,-0.713,-0.0,-0.0,-0.0,-0.0,-0.713,0.420227,0.5945459999999999,0.297022
2,"([0.2, 0.13, 0.06, 0.18, 0.01, 0.42], [5])","([0, 0, 0, 0, 0, 1], [5])",-0.0,-0.0,-0.0,-0.0,-0.0,-0.0,0.0,0.420227,0.1743189999999999,0.297022
3,"([0.2, 0.13, 0.06, 0.18, 0.01, 0.42], [5])","([0, 0, 0, 0, 0, 1], [5])",-0.0,-0.0,-0.0,-0.0,-0.0,-0.0,0.0,0.420227,-0.24590800000000013,0.297022
4,"([0.2, 0.13, 0.06, 0.18, 0.01, 0.42], [5])","([0, 0, 0, 0, 0, 1], [5])",-0.0,-0.0,-0.0,-0.0,-0.0,-0.0,0.0,0.420227,-0.6661350000000001,0.297022
5,"([0.2, 0.13, 0.06, 0.18, 0.01, 0.42], [1])","([0, 0, 0, 0, 0, 1], [5])",-0.0,-0.713,-0.0,-0.0,-0.0,-0.0,-0.713,0.420227,-0.3733620000000002,0.297022
6,"([0.2, 0.13, 0.06, 0.18, 0.01, 0.42], [5])","([0, 0, 0, 0, 0, 1], [5])",-0.0,-0.0,-0.0,-0.0,-0.0,-0.0,0.0,0.420227,-0.7935890000000002,0.297022
7,"([0.2, 0.13, 0.06, 0.18, 0.01, 0.42], [0])","([0, 0, 0, 0, 0, 1], [5])",-0.747,-0.0,-0.0,-0.0,-0.0,-0.0,-0.747,0.420227,-0.46681600000000023,0.297022
8,"([0.2, 0.13, 0.06, 0.18, 0.01, 0.42], [2])","([0, 0, 0, 0, 0, 1], [5])",-0.0,-0.0,-0.7390000000000001,-0.0,-0.0,-0.0,-0.7390000000000001,0.420227,-0.14804300000000015,0.297022
9,"([0.2, 0.13, 0.06, 0.18, 0.01, 0.42], [5])","([0, 0, 0, 0, 0, 1], [5])",-0.0,-0.0,-0.0,-0.0,-0.0,-0.0,0.0,0.420227,-0.5682700000000002,0.297022
10,"([0.2, 0.13, 0.06, 0.18, 0.01, 0.42], [5])","([0, 0, 0, 0, 0, 1], [5])",-0.0,-0.0,-0.0,-0.0,-0.0,-0.0,0.0,0.420227,-0.9884970000000002,0.297022
11,"([0.2, 0.13, 0.06, 0.18, 0.01, 0.42], [3])","([0, 0, 0, 0, 0, 1], [5])",-0.0,-0.0,-0.0,-0.7170000000000001,-0.0,-0.0,-0.7170000000000001,0.420227,-0.6917240000000001,0.297022
12,"([0.2, 0.13, 0.06, 0.18, 0.01, 0.42], [5])","([0, 0, 0, 0, 0, 1], [5])",-0.0,-0.0,-0.0,-0.0,-0.0,-0.0,0.0,0.420227,-1.1119510000000001,0.297022
13,"([0.2, 0.13, 0.06, 0.18, 0.01, 0.42], [1])","([0, 0, 0, 0, 0, 1], [5])",-0.0,-0.713,-0.0,-0.0,-0.0,-0.0,-0.713,0.420227,-0.8191780000000002,0.297022
14,"([0.2, 0.13, 0.06, 0.18, 0.01, 0.42], [5])","([0, 0, 0, 0, 0, 1], [5])",-0.0,-0.0,-0.0,-0.0,-0.0,-0.0,0.0,0.420227,-1.239405,0.297022
15,"([0.2, 0.13, 0.06, 0.18, 0.01, 0.42], [3])","([0, 0, 0, 0, 0, 1], [5])",-0.0,-0.0,-0.0,-0.7170000000000001,-0.0,-0.0,-0.7170000000000001,0.420227,-0.942632,0.297022
16,"([0.2, 0.13, 0.06, 0.18, 0.01, 0.42], [3])","([0, 0, 0, 0, 0, 1], [5])",-0.0,-0.0,-0.0,-0.7170000000000001,-0.0,-0.0,-0.7170000000000001,0.420227,-0.645859,0.297022
17,"([0.2, 0.13, 0.06, 0.18, 0.01, 0.42], [0])","([0, 0, 0, 0, 0, 1], [5])",-0.747,-0.0,-0.0,-0.0,-0.0,-0.0,-0.747,0.420227,-0.319086,0.297022
18,"([0.2, 0.13, 0.06, 0.18, 0.01, 0.42], [1])","([0, 0, 0, 0, 0, 1], [5])",-0.0,-0.713,-0.0,-0.0,-0.0,-0.0,-0.713,0.420227,-0.02631300000000003,0.297022
19,"([0.2, 0.13, 0.06, 0.18, 0.01, 0.42], [3])","([0, 0, 0, 0, 0, 1], [5])",-0.0,-0.0,-0.0,-0.7170000000000001,-0.0,-0.0,-0.7170000000000001,0.420227,0.27046000000000003,0.297022
20,"([0.2, 0.13, 0.06, 0.18, 0.01, 0.42], [2])","([0, 0, 0, 0, 0, 1], [5])",-0.0,-0.0,-0.7390000000000001,-0.0,-0.0,-0.0,-0.7390000000000001,0.420227,0.5892330000000001,0.297022
21,"([0.2, 0.13, 0.06, 0.18, 0.01, 0.42], [1])","([0, 0, 0, 0, 0, 1], [5])",-0.0,-0.713,-0.0,-0.0,-0.0,-0.0,-0.713,0.420227,0.8820060000000001,0.297022
22,"([0.2, 0.13, 0.06, 0.18, 0.01, 0.42], [5])","([0, 0, 0, 0, 0, 1], [5])",-0.0,-0.0,-0.0,-0.0,-0.0,-0.0,0.0,0.420227,0.46177900000000005,0.297022
23,"([0.2, 0.13, 0.06, 0.18, 0.01, 0.42], [5])","([0, 0, 0, 0, 0, 1], [5])",-0.0,-0.0,-0.0,-0.0,-0.0,-0.0,0.0,0.420227,0.04155200000000003,0.297022
24,"([0.2, 0.13, 0.06, 0.18, 0.01, 0.42], [5])","([0, 0, 0, 0, 0, 1], [5])",-0.0,-0.0,-0.0,-0.0,-0.0,-0.0,0.0,0.420227,-0.378675,0.297022
25,"([0.2, 0.13, 0.06, 0.18, 0.01, 0.42], [5])","([0, 0, 0, 0, 0, 1], [5])",-0.0,-0.0,-0.0,-0.0,-0.0,-0.0,0.0,0.420227,-0.798902,0.297022
26,"([0.2, 0.13, 0.06, 0.18, 0.01, 0.42], [1])","([0, 0, 0, 0, 0, 1], [5])",-0.0,-0.713,-0.0,-0.0,-0.0,-0.0,-0.713,0.420227,-0.506129,0.297022
27,"([0.2, 0.13, 0.06, 0.18, 0.01, 0.42], [3])","([0, 0, 0, 0, 0, 1], [5])",-0.0,-0.0,-0.0,-0.7170000000000001,-0.0,-0.0,-0.7170000000000001,0.420227,-0.209356,0.297022
28,"([0.2, 0.13, 0.06, 0.18, 0.01, 0.42], [0])","([0, 0, 0, 0, 0, 1], [5])",-0.747,-0.0,-0.0,-0.0,-0.0,-0.0,-0.747,0.420227,0.117417,0.297022
29,"([0.2, 0.13, 0.06, 0.18, 0.01, 0.42], [1])","([0, 0, 0, 0, 0, 1], [5])",-0.0,-0.713,-0.0,-0.0,-0.0,-0.0,-0.713,0.420227,0.41018999999999994,0.297022
30,"([0.2, 0.13, 0.06, 0.18, 0.01, 0.42], [5])","([0, 0, 0, 0, 0, 1], [5])",-0.0,-0.0,-0.0,-0.0,-0.0,-0.0,0.0,0.420227,-0.010037000000000074,0.297022
31,"([0.2, 0.13, 0.06, 0.18, 0.01, 0.42], [0])","([0, 0, 0, 0, 0, 1], [5])",-0.747,-0.0,-0.0,-0.0,-0.0,-0.0,-0.747,0.420227,0.3167359999999999,0.297022
32,"([0.2, 0.13, 0.06, 0.18, 0.01, 0.42], [5])","([0, 0, 0, 0, 0, 1], [5])",-0.0,-0.0,-0.0,-0.0,-0.0,-0.0,0.0,0.420227,-0.10349100000000011,0.297022
33,"([0.2, 0.13, 0.06, 0.18, 0.01, 0.42], [1])","([0, 0, 0, 0, 0, 1], [5])",-0.0,-0.713,-0.0,-0.0,-0.0,-0.0,-0.713,0.420227,0.18928199999999984,0.297022
34,"([0.2, 0.13, 0.06, 0.18, 0.01, 0.42], [3])","([0, 0, 0, 0, 0, 1], [5])",-0.0,-0.0,-0.0,-0.7170000000000001,-0.0,-0.0,-0.7170000000000001,0.420227,0.4860549999999999,0.297022
35,"([0.2, 0.13, 0.06, 0.18, 0.01, 0.42], [5])","([0, 0, 0, 0, 0, 1], [5])",-0.0,-0.0,-0.0,-0.0,-0.0,-0.0,0.0,0.420227,0.06582799999999989,0.297022
36,"([0.2, 0.13, 0.06, 0.18, 0.01, 0.42], [5])","([0, 0, 0, 0, 0, 1], [5])",-0.0,-0.0,-0.0,-0.0,-0.0,-0.0,0.0,0.420227,-0.35439900000000013,0.297022
37,"([0.2, 0.13, 0.06, 0.18, 0.01, 0.42], [3])","([0, 0, 0, 0, 0, 1], [5])",-0.0,-0.0,-0.0,-0.7170000000000001,-0.0,-0.0,-0.7170000000000001,0.420227,-0.057626000000000066,0.297022
38,"([0.2, 0.13, 0.06, 0.18, 0.01, 0.42], [3])","([0, 0, 0, 0, 0, 1], [5])",-0.0,-0.0,-0.0,-0.7170000000000001,-0.0,-0.0,-0.7170000000000001,0.420227,0.239147,0.297022
39,"([0.2, 0.13, 0.06, 0.18, 0.01, 0.42], [1])","([0, 0, 0, 0, 0, 1], [5])",-0.0,-0.713,-0.0,-0.0,-0.0,-0.0,-0.713,0.420227,0.53192,0.297022
40,"([0.2, 0.13, 0.06, 0.18, 0.01, 0.42], [1])","([0, 0, 0, 0, 0, 1], [5])",-0.0,-0.713,-0.0,-0.0,-0.0,-0.0,-0.713,0.420227,0.8246929999999999,0.297022
41,"([0.2, 0.13, 0.06, 0.18, 0.01, 0.42], [5])","([0, 0, 0, 0, 0, 1], [5])",-0.0,-0.0,-0.0,-0.0,-0.0,-0.0,0.0,0.420227,0.4044659999999999,0.297022
42,"([0.2, 0.13, 0.06, 0.18, 0.01, 0.42], [0])","([0, 0, 0, 0, 0, 1], [5])",-0.747,-0.0,-0.0,-0.0,-0.0,-0.0,-0.747,0.420227,0.7312389999999999,0.297022
43,"([0.2, 0.13, 0.06, 0.18, 0.01, 0.42], [5])","([0, 0, 0, 0, 0, 1], [5])",-0.0,-0.0,-0.0,-0.0,-0.0,-0.0,0.0,0.420227,0.31101199999999984,0.297022
44,"([0.2, 0.13, 0.06, 0.18, 0.01, 0.42], [5])","([0, 0, 0, 0, 0, 1], [5])",-0.0,-0.0,-0.0,-0.0,-0.0,-0.0,0.0,0.420227,-0.10921500000000017,0.297022
45,"([0.2, 0.13, 0.06, 0.18, 0.01, 0.42], [0])","([0, 0, 0, 0, 0, 1], [5])",-0.747,-0.0,-0.0,-0.0,-0.0,-0.0,-0.747,0.420227,0.2175579999999998,0.297022
46,"([0.2, 0.13, 0.06, 0.18, 0.01, 0.42], [5])","([0, 0, 0, 0, 0, 1], [5])",-0.0,-0.0,-0.0,-0.0,-0.0,-0.0,0.0,0.420227,-0.2026690000000002,0.297022
47,"([0.2, 0.13, 0.06, 0.18, 0.01, 0.42], [5])","([0, 0, 0, 0, 0, 1], [5])",-0.0,-0.0,-0.0,-0.0,-0.0,-0.0,0.0,0.420227,-0.6228960000000002,0.297022
48,"([0.2, 0.13, 0.06, 0.18, 0.01, 0.42], [5])","([0, 0, 0, 0, 0, 1], [5])",-0.0,-0.0,-0.0,-0.0,-0.0,-0.0,0.0,0.420227,-1.0431230000000002,0.297022
49,"([0.2, 0.13, 0.06, 0.18, 0.01, 0.42], [5])","([0, 0, 0, 0, 0, 1], [5])",-0.0,-0.0,-0.0,-0.0,-0.0,-0.0,0.0,0.420227,-1.4633500000000002,0.297022
50,"([0.2, 0.13, 0.06, 0.18, 0.01, 0.42], [5])","([0, 0, 0, 0, 0, 1], [5])",-0.0,-0.0,-0.0,-0.0,-0.0,-0.0,0.0,0.420227,-1.8835770000000003,0.297022
51,"([0.2, 0.13, 0.06, 0.18, 0.01, 0.42], [3])","([0, 0, 0, 0, 0, 1], [5])",-0.0,-0.0,-0.0,-0.7170000000000001,-0.0,-0.0,-0.7170000000000001,0.420227,-1.5868040000000003,0.297022
52,"([0.2, 0.13, 0.06, 0.18, 0.01, 0.42], [1])","([0, 0, 0, 0, 0, 1], [5])",-0.0,-0.713,-0.0,-0.0,-0.0,-0.0,-0.713,0.420227,-1.2940310000000004,0.297022
53,"([0.2, 0.13, 0.06, 0.18, 0.01, 0.42], [2])","([0, 0, 0, 0, 0, 1], [5])",-0.0,-0.0,-0.7390000000000001,-0.0,-0.0,-0.0,-0.7390000000000001,0.420227,-0.9752580000000003,0.297022
54,"([0.2, 0.13, 0.06, 0.18, 0.01, 0.42], [5])","([0, 0, 0, 0, 0, 1], [5])",-0.0,-0.0,-0.0,-0.0,-0.0,-0.0,0.0,0.420227,-1.3954850000000003,0.297022
55,"([0.2, 0.13, 0.06, 0.18, 0.01, 0.42], [5])","([0, 0, 0, 0, 0, 1], [5])",-0.0,-0.0,-0.0,-0.0,-0.0,-0.0,0.0,0.420227,-1.8157120000000004,0.297022
56,"([0.2, 0.13, 0.06, 0.18, 0.01, 0.42], [3])","([0, 0, 0, 0, 0, 1], [5])",-0.0,-0.0,-0.0,-0.7170000000000001,-0.0,-0.0,-0.7170000000000001,0.420227,-1.5189390000000005,0.297022
57,"([0.2, 0.13, 0.06, 0.18, 0.01, 0.42], [1])","([0, 0, 0, 0, 0, 1], [5])",-0.0,-0.713,-0.0,-0.0,-0.0,-0.0,-0.713,0.420227,-1.2261660000000005,0.297022
58,"([0.2, 0.13, 0.06, 0.18, 0.01, 0.42], [5])","([0, 0, 0, 0, 0, 1], [5])",-0.0,-0.0,-0.0,-0.0,-0.0,-0.0,0.0,0.420227,-1.6463930000000007,0.297022
59,"([0.2, 0.13, 0.06, 0.18, 0.01, 0.42], [3])","([0, 0, 0, 0, 0, 1], [5])",-0.0,-0.0,-0.0,-0.7170000000000001,-0.0,-0.0,-0.7170000000000001,0.420227,-1.3496200000000007,0.297022
60,"([0.2, 0.13, 0.06, 0.18, 0.01, 0.42], [5])","([0, 0, 0, 0, 0, 1], [5])",-0.0,-0.0,-0.0,-0.0,-0.0,-0.0,0.0,0.420227,-1.7698470000000008,0.297022
61,"([0.2, 0.13, 0.06, 0.18, 0.01, 0.42], [0])","([0, 0, 0, 0, 0, 1], [5])",-0.747,-0.0,-0.0,-0.0,-0.0,-0.0,-0.747,0.420227,-1.4430740000000009,0.297022
62,"([0.2, 0.13, 0.06, 0.18, 0.01, 0.42], [5])","([0, 0, 0, 0, 0, 1], [5])",-0.0,-0.0,-0.0,-0.0,-0.0,-0.0,0.0,0.420227,-1.8633010000000008,0.297022
63,"([0.2, 0.13, 0.06, 0.18, 0.01, 0.42], [3])","([0, 0, 0, 0, 0, 1], [5])",-0.0,-0.0,-0.0,-0.7170000000000001,-0.0,-0.0,-0.7170000000000001,0.420227,-1.5665280000000008,0.297022
64,"([0.2, 0.13, 0.06, 0.18, 0.01, 0.42], [5])","([0, 0, 0, 0, 0, 1], [5])",-0.0,-0.0,-0.0,-0.0,-0.0,-0.0,0.0,0.420227,-1.986755000000001,0.297022
65,"([0.2, 0.13, 0.06, 0.18, 0.01, 0.42], [5])","([0, 0, 0, 0, 0, 1], [5])",-0.0,-0.0,-0.0,-0.0,-0.0,-0.0,0.0,0.420227,-2.406982000000001,0.297022
66,"([0.2, 0.13, 0.06, 0.18, 0.01, 0.42], [2])","([0, 0, 0, 0, 0, 1], [5])",-0.0,-0.0,-0.7390000000000001,-0.0,-0.0,-0.0,-0.7390000000000001,0.420227,-2.088209000000001,0.297022
67,"([0.2, 0.13, 0.06, 0.18, 0.01, 0.42], [3])","([0, 0, 0, 0, 0, 1], [5])",-0.0,-0.0,-0.0,-0.7170000000000001,-0.0,-0.0,-0.7170000000000001,0.420227,-1.791436000000001,0.297022
68,"([0.2, 0.13, 0.06, 0.18, 0.01, 0.42], [5])","([0, 0, 0, 0, 0, 1], [5])",-0.0,-0.0,-0.0,-0.0,-0.0,-0.0,0.0,0.420227,-2.211663000000001,0.297022
69,"([0.2, 0.13, 0.06, 0.18, 0.01, 0.42], [2])","([0, 0, 0, 0, 0, 1], [5])",-0.0,-0.0,-0.7390000000000001,-0.0,-0.0,-0.0,-0.7390000000000001,0.420227,-1.8928900000000008,0.297022
70,"([0.2, 0.13, 0.06, 0.18, 0.01, 0.42], [5])","([0, 0, 0, 0, 0, 1], [5])",-0.0,-0.0,-0.0,-0.0,-0.0,-0.0,0.0,0.420227,-2.313117000000001,0.297022
71,"([0.2, 0.13, 0.06, 0.18, 0.01, 0.42], [3])","([0, 0, 0, 0, 0, 1], [5])",-0.0,-0.0,-0.0,-0.7170000000000001,-0.0,-0.0,-0.7170000000000001,0.420227,-2.016344000000001,0.297022
72,"([0.2, 0.13, 0.06, 0.18, 0.01, 0.42], [0])","([0, 0, 0, 0, 0, 1], [5])",-0.747,-0.0,-0.0,-0.0,-0.0,-0.0,-0.747,0.420227,-1.689571000000001,0.297022
73,"([0.2, 0.13, 0.06, 0.18, 0.01, 0.42], [5])","([0, 0, 0, 0, 0, 1], [5])",-0.0,-0.0,-0.0,-0.0,-0.0,-0.0,0.0,0.420227,-2.109798000000001,0.297022
74,"([0.2, 0.13, 0.06, 0.18, 0.01, 0.42], [5])","([0, 0, 0, 0, 0, 1], [5])",-0.0,-0.0,-0.0,-0.0,-0.0,-0.0,0.0,0.420227,-2.530025000000001,0.297022
75,"([0.2, 0.13, 0.06, 0.18, 0.01, 0.42], [5])","([0, 0, 0, 0, 0, 1], [5])",-0.0,-0.0,-0.0,-0.0,-0.0,-0.0,0.0,0.420227,-2.950252000000001,0.297022
76,"([0.2, 0.13, 0.06, 0.18, 0.01, 0.42], [5])","([0, 0, 0, 0, 0, 1], [5])",-0.0,-0.0,-0.0,-0.0,-0.0,-0.0,0.0,0.420227,-3.3704790000000013,0.297022
77,"([0.2, 0.13, 0.06, 0.18, 0.01, 0.42], [3])","([0, 0, 0, 0, 0, 1], [5])",-0.0,-0.0,-0.0,-0.7170000000000001,-0.0,-0.0,-0.7170000000000001,0.420227,-3.0737060000000014,0.297022
78,"([0.2, 0.13, 0.06, 0.18, 0.01, 0.42], [5])","([0, 0, 0, 0, 0, 1], [5])",-0.0,-0.0,-0.0,-0.0,-0.0,-0.0,0.0,0.420227,-3.4939330000000015,0.297022
79,"([0.2, 0.13, 0.06, 0.18, 0.01, 0.42], [0])","([0, 0, 0, 0, 0, 1], [5])",-0.747,-0.0,-0.0,-0.0,-0.0,-0.0,-0.747,0.420227,-3.1671600000000018,0.297022
80,"([0.2, 0.13, 0.06, 0.18, 0.01, 0.42], [5])","([0, 0, 0, 0, 0, 1], [5])",-0.0,-0.0,-0.0,-0.0,-0.0,-0.0,0.0,0.420227,-3.587387000000002,0.297022
81,"([0.2, 0.13, 0.06, 0.18, 0.01, 0.42], [2])","([0, 0, 0, 0, 0, 1], [5])",-0.0,-0.0,-0.7390000000000001,-0.0,-0.0,-0.0,-0.7390000000000001,0.420227,-3.2686140000000017,0.297022
82,"([0.2, 0.13, 0.06, 0.18, 0.01, 0.42], [1])","([0, 0, 0, 0, 0, 1], [5])",-0.0,-0.713,-0.0,-0.0,-0.0,-0.0,-0.713,0.420227,-2.9758410000000017,0.297022
83,"([0.2, 0.13, 0.06, 0.18, 0.01, 0.42], [3])","([0, 0, 0, 0, 0, 1], [5])",-0.0,-0.0,-0.0,-0.7170000000000001,-0.0,-0.0,-0.7170000000000001,0.420227,-2.679068000000002,0.297022
84,"([0.2, 0.13, 0.06, 0.18, 0.01, 0.42], [5])","([0, 0, 0, 0, 0, 1], [5])",-0.0,-0.0,-0.0,-0.0,-0.0,-0.0,0.0,0.420227,-3.099295000000002,0.297022
85,"([0.2, 0.13, 0.06, 0.18, 0.01, 0.42], [0])","([0, 0, 0, 0, 0, 1], [5])",-0.747,-0.0,-0.0,-0.0,-0.0,-0.0,-0.747,0.420227,-2.772522000000002,0.297022
86,"([0.2, 0.13, 0.06, 0.18, 0.01, 0.42], [5])","([0, 0, 0, 0, 0, 1], [5])",-0.0,-0.0,-0.0,-0.0,-0.0,-0.0,0.0,0.420227,-3.1927490000000023,0.297022
87,"([0.2, 0.13, 0.06, 0.18, 0.01, 0.42], [3])","([0, 0, 0, 0, 0, 1], [5])",-0.0,-0.0,-0.0,-0.7170000000000001,-0.0,-0.0,-0.7170000000000001,0.420227,-2.8959760000000023,0.297022
88,"([0.2, 0.13, 0.06, 0.18, 0.01, 0.42], [5])","([0, 0, 0, 0, 0, 1], [5])",-0.0,-0.0,-0.0,-0.0,-0.0,-0.0,0.0,0.420227,-3.3162030000000025,0.297022
89,"([0.2, 0.13, 0.06, 0.18, 0.01, 0.42], [5])","([0, 0, 0, 0, 0, 1], [5])",-0.0,-0.0,-0.0,-0.0,-0.0,-0.0,0.0,0.420227,-3.7364300000000026,0.297022
90,"([0.2, 0.13, 0.06, 0.18, 0.01, 0.42], [1])","([0, 0, 0, 0, 0, 1], [5])",-0.0,-0.713,-0.0,-0.0,-0.0,-0.0,-0.713,0.420227,-3.4436570000000026,0.297022
91,"([0.2, 0.13, 0.06, 0.18, 0.01, 0.42], [3])","([0, 0, 0, 0, 0, 1], [5])",-0.0,-0.0,-0.0,-0.7170000000000001,-0.0,-0.0,-0.7170000000000001,0.420227,-3.1468840000000027,0.297022
92,"([0.2, 0.13, 0.06, 0.18, 0.01, 0.42], [5])","([0, 0, 0, 0, 0, 1], [5])",-0.0,-0.0,-0.0,-0.0,-0.0,-0.0,0.0,0.420227,-3.567111000000003,0.297022
93,"([0.2, 0.13, 0.06, 0.18, 0.01, 0.42], [3])","([0, 0, 0, 0, 0, 1], [5])",-0.0,-0.0,-0.0,-0.7170000000000001,-0.0,-0.0,-0.7170000000000001,0.420227,-3.270338000000003,0.297022
94,"([0.2, 0.13, 0.06, 0.18, 0.01, 0.42], [1])","([0, 0, 0, 0, 0, 1], [5])",-0.0,-0.713,-0.0,-0.0,-0.0,-0.0,-0.713,0.420227,-2.977565000000003,0.297022
95,"([0.2, 0.13, 0.06, 0.18, 0.01, 0.42], [2])","([0, 0, 0, 0, 0, 1], [5])",-0.0,-0.0,-0.7390000000000001,-0.0,-0.0,-0.0,-0.7390000000000001,0.420227,-2.6587920000000027,0.297022
96,"([0.2, 0.13, 0.06, 0.18, 0.01, 0.42], [3])","([0, 0, 0, 0, 0, 1], [5])",-0.0,-0.0,-0.0,-0.7170000000000001,-0.0,-0.0,-0.7170000000000001,0.420227,-2.3620190000000028,0.297022
97,"([0.2, 0.13, 0.06, 0.18, 0.01, 0.42], [0])","([0, 0, 0, 0, 0, 1], [5])",-0.747,-0.0,-0.0,-0.0,-0.0,-0.0,-0.747,0.420227,-2.0352460000000026,0.297022
98,"([0.2, 0.13, 0.06, 0.18, 0.01, 0.42], [0])","([0, 0, 0, 0, 0, 1], [5])",-0.747,-0.0,-0.0,-0.0,-0.0,-0.0,-0.747,0.420227,-1.7084730000000026,0.297022
99,"([0.2, 0.13, 0.06, 0.18, 0.01, 0.42], [1])","([0, 0, 0, 0, 0, 1], [5])",-0.0,-0.713,-0.0,-0.0,-0.0,-0.0,-0.713,0.420227,-1.4157000000000026,0.297022
