,sto-1,FB-0,feedback target 0,feedback target 1,feedback target 2,feedback target 3,feedback target 4,feedback target 5,total,target_observed?,exp_loss,actual_regret,exp_regret
0,"([0.14, 0.14, 0.39, 0.1, 0.16, 0.07], [2])","([0.15, 0.18, 0.13, 0.21, 0.21, 0.13], [3])",-0.0,-0.0,-0.0,-0.0,-0.0,-0.0,0.0,not observed,0.7432332601688327,0.25341000000000014,0.1746432601688328
1,"([0.14, 0.14, 0.39, 0.1, 0.16, 0.07], [3])","([0.15, 0.18, 0.13, 0.21, 0.21, 0.13], [3])",-0.0,-0.0,-0.0,-0.0,-0.0,-0.0,0.0,observed,0.7432332601688327,-0.3151799999999998,0.3492865203376656
2,"([0.14, 0.14, 0.39, 0.1, 0.16, 0.07], [1])","([0, 0, 0, 0, 1, 0], [4])",-0.0,-0.0,-0.0,-0.0,-0.0,-0.0,0.0,not observed,0.72403,0.033230000000000315,0.5047265203376656
3,"([0.14, 0.14, 0.39, 0.1, 0.16, 0.07], [2])","([0, 1, 0, 0, 0, 0], [1])",-0.0,-0.0,-0.0,-0.0,-0.0,-0.0,0.0,not observed,0.7537389999999999,0.28664000000000045,0.6898755203376656
4,"([0.14, 0.14, 0.39, 0.1, 0.16, 0.07], [1])","([0.14, 0.18, 0.12, 0.22, 0.22, 0.12], [0])",-0.0,-0.0,-0.0,-0.0,-0.0,-0.0,0.0,not observed,0.744164171340831,0.6350500000000006,0.8654496916784967
5,"([0.14, 0.14, 0.39, 0.1, 0.16, 0.07], [1])","([0.14, 0.18, 0.12, 0.22, 0.22, 0.12], [3])",-0.0,-0.0,-0.0,-0.0,-0.0,-0.0,0.0,not observed,0.744164171340831,0.9834600000000007,1.0410238630193278
6,"([0.14, 0.14, 0.39, 0.1, 0.16, 0.07], [4])","([0.14, 0.18, 0.12, 0.22, 0.22, 0.12], [1])",-0.0,-0.0,-0.0,-0.0,-0.0,-0.0,0.0,not observed,0.744164171340831,1.4128700000000007,1.216598034360159
7,"([0.14, 0.14, 0.39, 0.1, 0.16, 0.07], [5])","([0, 0, 1, 0, 0, 0], [2])",-0.0,-0.0,-0.0,-0.0,-0.0,-0.0,0.0,not observed,0.5685899999999999,1.6672800000000008,1.216598034360159
8,"([0.14, 0.14, 0.39, 0.1, 0.16, 0.07], [4])","([0.14, 0.18, 0.12, 0.22, 0.22, 0.12], [3])",-0.0,-0.0,-0.0,-0.0,-0.0,-0.0,0.0,not observed,0.744164171340831,2.0966900000000006,1.39217220570099
9,"([0.14, 0.14, 0.39, 0.1, 0.16, 0.07], [4])","([0.14, 0.18, 0.12, 0.22, 0.22, 0.12], [2])",-0.0,-0.0,-0.0,-0.0,-0.0,-0.0,0.0,not observed,0.744164171340831,2.5261000000000005,1.567746377041821
10,"([0.14, 0.14, 0.39, 0.1, 0.16, 0.07], [2])","([0.14, 0.18, 0.12, 0.22, 0.22, 0.12], [2])",-0.0,-0.0,-0.0,-0.0,-0.0,-0.0,0.0,observed,0.744164171340831,1.9575100000000005,1.743320548382652
11,"([0.14, 0.14, 0.39, 0.1, 0.16, 0.07], [2])","([0.14, 0.18, 0.12, 0.22, 0.22, 0.12], [4])",-0.0,-0.0,-0.0,-0.0,-0.0,-0.0,0.0,not observed,0.743799721634199,2.2109200000000007,1.9185302700168512
12,"([0.14, 0.14, 0.39, 0.1, 0.16, 0.07], [2])","([0.14, 0.18, 0.12, 0.22, 0.22, 0.12], [1])",-0.0,-0.0,-0.0,-0.0,-0.0,-0.0,0.0,not observed,0.743799721634199,2.464330000000001,2.0937399916510504
13,"([0.14, 0.14, 0.39, 0.1, 0.16, 0.07], [3])","([0.14, 0.18, 0.12, 0.22, 0.22, 0.12], [5])",-0.0,-0.0,-0.0,-0.0,-0.0,-0.0,0.0,not observed,0.743799721634199,2.894740000000001,2.2689497132852496
14,"([0.14, 0.14, 0.39, 0.1, 0.16, 0.07], [5])","([0.14, 0.18, 0.12, 0.22, 0.22, 0.12], [1])",-0.0,-0.0,-0.0,-0.0,-0.0,-0.0,0.0,not observed,0.743799721634199,3.149150000000001,2.444159434919449
15,"([0.14, 0.14, 0.39, 0.1, 0.16, 0.07], [0])","([0.14, 0.18, 0.12, 0.22, 0.22, 0.12], [0])",-0.0,-0.0,-0.0,-0.0,-0.0,-0.0,0.0,observed,0.743799721634199,2.580560000000001,2.619369156553648
16,"([0.14, 0.14, 0.39, 0.1, 0.16, 0.07], [2])","([0.15, 0.18, 0.12, 0.21, 0.21, 0.12], [1])",-0.0,-0.0,-0.0,-0.0,-0.0,-0.0,0.0,not observed,0.7434558351290058,2.833970000000001,2.794234991682654
17,"([0.14, 0.14, 0.39, 0.1, 0.16, 0.07], [1])","([0.15, 0.18, 0.12, 0.21, 0.21, 0.12], [1])",-0.0,-0.0,-0.0,-0.0,-0.0,-0.0,0.0,observed,0.7434558351290058,2.2653800000000013,2.96910082681166
18,"([0.14, 0.14, 0.39, 0.1, 0.16, 0.07], [2])","([0.14, 0.18, 0.12, 0.22, 0.22, 0.12], [0])",-0.0,-0.0,-0.0,-0.0,-0.0,-0.0,0.0,not observed,0.743799721634199,2.5187900000000014,3.1443105484458593
19,"([0.14, 0.14, 0.39, 0.1, 0.16, 0.07], [2])","([0.14, 0.18, 0.12, 0.22, 0.22, 0.12], [4])",-0.0,-0.0,-0.0,-0.0,-0.0,-0.0,0.0,not observed,0.743799721634199,2.7722000000000016,3.3195202700800586
20,"([0.14, 0.14, 0.39, 0.1, 0.16, 0.07], [4])","([0.14, 0.18, 0.12, 0.22, 0.22, 0.12], [2])",-0.0,-0.0,-0.0,-0.0,-0.0,-0.0,0.0,not observed,0.743799721634199,3.2016100000000014,3.494729991714258
21,"([0.14, 0.14, 0.39, 0.1, 0.16, 0.07], [2])","([0.14, 0.18, 0.12, 0.22, 0.22, 0.12], [1])",-0.0,-0.0,-0.0,-0.0,-0.0,-0.0,0.0,not observed,0.743799721634199,3.4550200000000015,3.669939713348457
22,"([0.14, 0.14, 0.39, 0.1, 0.16, 0.07], [2])","([0.14, 0.18, 0.12, 0.22, 0.22, 0.12], [1])",-0.0,-0.0,-0.0,-0.0,-0.0,-0.0,0.0,not observed,0.743799721634199,3.7084300000000017,3.8451494349826563
23,"([0.14, 0.14, 0.39, 0.1, 0.16, 0.07], [4])","([0.14, 0.18, 0.12, 0.22, 0.22, 0.12], [3])",-0.0,-0.0,-0.0,-0.0,-0.0,-0.0,0.0,not observed,0.743799721634199,4.1378400000000015,4.0203591566168555
24,"([0.14, 0.14, 0.39, 0.1, 0.16, 0.07], [0])","([0.14, 0.18, 0.12, 0.22, 0.22, 0.12], [0])",-0.0,-0.0,-0.0,-0.0,-0.0,-0.0,0.0,observed,0.743799721634199,3.5692500000000016,4.195568878251055
25,"([0.14, 0.14, 0.39, 0.1, 0.16, 0.07], [4])","([0.15, 0.18, 0.12, 0.21, 0.21, 0.12], [4])",-0.0,-0.0,-0.0,-0.0,-0.0,-0.0,0.0,observed,0.7434558351290058,3.0006600000000017,4.37043471338006
26,"([0.14, 0.14, 0.39, 0.1, 0.16, 0.07], [0])","([0.14, 0.18, 0.12, 0.22, 0.22, 0.12], [4])",-0.0,-0.0,-0.0,-0.0,-0.0,-0.0,0.0,not observed,0.7441584956442289,3.2870700000000017,4.546003209024289
27,"([0.14, 0.14, 0.39, 0.1, 0.16, 0.07], [2])","([0.14, 0.18, 0.12, 0.22, 0.22, 0.12], [4])",-0.0,-0.0,-0.0,-0.0,-0.0,-0.0,0.0,not observed,0.7441584956442289,3.540480000000002,4.721571704668518
28,"([0.14, 0.14, 0.39, 0.1, 0.16, 0.07], [1])","([0.14, 0.18, 0.12, 0.22, 0.22, 0.12], [4])",-0.0,-0.0,-0.0,-0.0,-0.0,-0.0,0.0,not observed,0.7441584956442289,3.8888900000000017,4.897140200312747
29,"([0.14, 0.14, 0.39, 0.1, 0.16, 0.07], [0])","([0.14, 0.18, 0.12, 0.22, 0.22, 0.12], [3])",-0.0,-0.0,-0.0,-0.0,-0.0,-0.0,0.0,not observed,0.7441584956442289,4.175300000000002,5.072708695956976
30,"([0.14, 0.14, 0.39, 0.1, 0.16, 0.07], [1])","([0.14, 0.18, 0.12, 0.22, 0.22, 0.12], [3])",-0.0,-0.0,-0.0,-0.0,-0.0,-0.0,0.0,not observed,0.743799721634199,4.523710000000002,5.247918417591175
31,"([0.14, 0.14, 0.39, 0.1, 0.16, 0.07], [1])","([0.14, 0.18, 0.12, 0.22, 0.22, 0.12], [3])",-0.0,-0.0,-0.0,-0.0,-0.0,-0.0,0.0,not observed,0.743799721634199,4.8721200000000024,5.4231281392253745
32,"([0.14, 0.14, 0.39, 0.1, 0.16, 0.07], [3])","([0.14, 0.18, 0.12, 0.22, 0.22, 0.12], [3])",-0.0,-0.0,-0.0,-0.0,-0.0,-0.0,0.0,observed,0.743799721634199,4.303530000000002,5.598337860859574
33,"([0.14, 0.14, 0.39, 0.1, 0.16, 0.07], [4])","([0.14, 0.18, 0.12, 0.22, 0.22, 0.12], [4])",-0.0,-0.0,-0.0,-0.0,-0.0,-0.0,0.0,observed,0.7441584956442289,3.734940000000002,5.773906356503803
34,"([0.14, 0.14, 0.39, 0.1, 0.16, 0.07], [4])","([0.14, 0.18, 0.12, 0.22, 0.22, 0.12], [2])",-0.0,-0.0,-0.0,-0.0,-0.0,-0.0,0.0,not observed,0.744164171340831,4.164350000000002,5.949480527844634
35,"([0.14, 0.14, 0.39, 0.1, 0.16, 0.07], [2])","([0.14, 0.18, 0.12, 0.22, 0.22, 0.12], [2])",-0.0,-0.0,-0.0,-0.0,-0.0,-0.0,0.0,observed,0.744164171340831,3.5957600000000025,6.1250546991854655
36,"([0.14, 0.14, 0.39, 0.1, 0.16, 0.07], [3])","([0.14, 0.18, 0.12, 0.22, 0.22, 0.12], [3])",-0.0,-0.0,-0.0,-0.0,-0.0,-0.0,0.0,observed,0.744164171340831,3.0271700000000026,6.300628870526297
37,"([0.14, 0.14, 0.39, 0.1, 0.16, 0.07], [4])","([0.14, 0.18, 0.12, 0.22, 0.22, 0.12], [0])",-0.0,-0.0,-0.0,-0.0,-0.0,-0.0,0.0,not observed,0.744164171340831,3.4565800000000024,6.476203041867128
38,"([0.14, 0.14, 0.39, 0.1, 0.16, 0.07], [2])","([0.14, 0.18, 0.12, 0.22, 0.22, 0.12], [4])",-0.0,-0.0,-0.0,-0.0,-0.0,-0.0,0.0,not observed,0.744164171340831,3.7099900000000026,6.65177721320796
39,"([0.14, 0.14, 0.39, 0.1, 0.16, 0.07], [0])","([0.14, 0.18, 0.12, 0.22, 0.22, 0.12], [0])",-0.0,-0.0,-0.0,-0.0,-0.0,-0.0,0.0,observed,0.744164171340831,3.1414000000000026,6.827351384548791
40,"([0.14, 0.14, 0.39, 0.1, 0.16, 0.07], [1])","([0.14, 0.18, 0.12, 0.22, 0.22, 0.12], [0])",-0.0,-0.0,-0.0,-0.0,-0.0,-0.0,0.0,not observed,0.744164171340831,3.489810000000003,7.002925555889623
41,"([0.14, 0.14, 0.39, 0.1, 0.16, 0.07], [2])","([0.14, 0.18, 0.12, 0.22, 0.22, 0.12], [2])",-0.0,-0.0,-0.0,-0.0,-0.0,-0.0,0.0,observed,0.744164171340831,2.921220000000003,7.178499727230454
42,"([0.14, 0.14, 0.39, 0.1, 0.16, 0.07], [0])","([0.14, 0.18, 0.12, 0.22, 0.22, 0.12], [5])",-0.0,-0.0,-0.0,-0.0,-0.0,-0.0,0.0,not observed,0.744164171340831,3.207630000000003,7.3540738985712855
43,"([0.14, 0.14, 0.39, 0.1, 0.16, 0.07], [0])","([0.14, 0.18, 0.12, 0.22, 0.22, 0.12], [3])",-0.0,-0.0,-0.0,-0.0,-0.0,-0.0,0.0,not observed,0.744164171340831,3.494040000000003,7.529648069912117
44,"([0.14, 0.14, 0.39, 0.1, 0.16, 0.07], [4])","([0.14, 0.18, 0.12, 0.22, 0.22, 0.12], [4])",-0.0,-0.0,-0.0,-0.0,-0.0,-0.0,0.0,observed,0.744164171340831,2.925450000000003,7.705222241252948
45,"([0.14, 0.14, 0.39, 0.1, 0.16, 0.07], [2])","([0.14, 0.18, 0.12, 0.22, 0.22, 0.12], [1])",-0.0,-0.0,-0.0,-0.0,-0.0,-0.0,0.0,not observed,0.744164171340831,3.1788600000000033,7.88079641259378
46,"([0.14, 0.14, 0.39, 0.1, 0.16, 0.07], [2])","([0.14, 0.18, 0.12, 0.22, 0.22, 0.12], [0])",-0.0,-0.0,-0.0,-0.0,-0.0,-0.0,0.0,not observed,0.744164171340831,3.4322700000000035,8.05637058393461
47,"([0.14, 0.14, 0.39, 0.1, 0.16, 0.07], [0])","([0.14, 0.18, 0.12, 0.22, 0.22, 0.12], [3])",-0.0,-0.0,-0.0,-0.0,-0.0,-0.0,0.0,not observed,0.744164171340831,3.7186800000000035,8.23194475527544
48,"([0.14, 0.14, 0.39, 0.1, 0.16, 0.07], [4])","([0, 0, 1, 0, 0, 0], [2])",-0.0,-0.0,-0.0,-0.0,-0.0,-0.0,0.0,not observed,0.5685899999999999,4.148090000000003,8.23194475527544
49,"([0.14, 0.14, 0.39, 0.1, 0.16, 0.07], [5])","([0.14, 0.18, 0.12, 0.22, 0.22, 0.12], [2])",-0.0,-0.0,-0.0,-0.0,-0.0,-0.0,0.0,not observed,0.744164171340831,4.402500000000003,8.407518926616271
50,"([0.14, 0.14, 0.39, 0.1, 0.16, 0.07], [2])","([0.14, 0.18, 0.12, 0.22, 0.22, 0.12], [3])",-0.0,-0.0,-0.0,-0.0,-0.0,-0.0,0.0,not observed,0.744164171340831,4.655910000000004,8.583093097957102
51,"([0.14, 0.14, 0.39, 0.1, 0.16, 0.07], [0])","([0.14, 0.18, 0.12, 0.22, 0.22, 0.12], [4])",-0.0,-0.0,-0.0,-0.0,-0.0,-0.0,0.0,not observed,0.744164171340831,4.942320000000004,8.758667269297932
52,"([0.14, 0.14, 0.39, 0.1, 0.16, 0.07], [4])","([0.14, 0.18, 0.12, 0.22, 0.22, 0.12], [3])",-0.0,-0.0,-0.0,-0.0,-0.0,-0.0,0.0,not observed,0.744164171340831,5.371730000000004,8.934241440638763
53,"([0.14, 0.14, 0.39, 0.1, 0.16, 0.07], [4])","([0.14, 0.18, 0.12, 0.22, 0.22, 0.12], [3])",-0.0,-0.0,-0.0,-0.0,-0.0,-0.0,0.0,not observed,0.744164171340831,5.801140000000004,9.109815611979593
54,"([0.14, 0.14, 0.39, 0.1, 0.16, 0.07], [0])","([0.14, 0.18, 0.12, 0.22, 0.22, 0.12], [4])",-0.0,-0.0,-0.0,-0.0,-0.0,-0.0,0.0,not observed,0.744164171340831,6.087550000000004,9.285389783320424
55,"([0.14, 0.14, 0.39, 0.1, 0.16, 0.07], [4])","([0.14, 0.18, 0.12, 0.22, 0.22, 0.12], [3])",-0.0,-0.0,-0.0,-0.0,-0.0,-0.0,0.0,not observed,0.744164171340831,6.516960000000004,9.460963954661255
56,"([0.14, 0.14, 0.39, 0.1, 0.16, 0.07], [2])","([0.14, 0.18, 0.12, 0.22, 0.22, 0.12], [4])",-0.0,-0.0,-0.0,-0.0,-0.0,-0.0,0.0,not observed,0.744164171340831,6.770370000000003,9.636538126002085
57,"([0.14, 0.14, 0.39, 0.1, 0.16, 0.07], [1])","([0.14, 0.18, 0.12, 0.22, 0.22, 0.12], [1])",-0.0,-0.0,-0.0,-0.0,-0.0,-0.0,0.0,observed,0.744164171340831,6.201780000000003,9.812112297342916
58,"([0.14, 0.14, 0.39, 0.1, 0.16, 0.07], [2])","([0.14, 0.18, 0.12, 0.22, 0.22, 0.12], [2])",-0.0,-0.0,-0.0,-0.0,-0.0,-0.0,0.0,observed,0.744164171340831,5.633190000000003,9.987686468683746
59,"([0.14, 0.14, 0.39, 0.1, 0.16, 0.07], [2])","([0.14, 0.18, 0.12, 0.22, 0.22, 0.12], [1])",-0.0,-0.0,-0.0,-0.0,-0.0,-0.0,0.0,not observed,0.744164171340831,5.886600000000003,10.163260640024577
60,"([0.14, 0.14, 0.39, 0.1, 0.16, 0.07], [3])","([0.14, 0.18, 0.12, 0.22, 0.22, 0.12], [3])",-0.0,-0.0,-0.0,-0.0,-0.0,-0.0,0.0,observed,0.744164171340831,5.318010000000003,10.338834811365407
61,"([0.14, 0.14, 0.39, 0.1, 0.16, 0.07], [5])","([0.14, 0.18, 0.12, 0.22, 0.22, 0.12], [4])",-0.0,-0.0,-0.0,-0.0,-0.0,-0.0,0.0,not observed,0.744164171340831,5.572420000000003,10.514408982706238
62,"([0.14, 0.14, 0.39, 0.1, 0.16, 0.07], [5])","([0.14, 0.18, 0.12, 0.22, 0.22, 0.12], [1])",-0.0,-0.0,-0.0,-0.0,-0.0,-0.0,0.0,not observed,0.744164171340831,5.826830000000003,10.689983154047068
63,"([0.14, 0.14, 0.39, 0.1, 0.16, 0.07], [2])","([0.14, 0.18, 0.12, 0.22, 0.22, 0.12], [1])",-0.0,-0.0,-0.0,-0.0,-0.0,-0.0,0.0,not observed,0.744164171340831,6.080240000000003,10.865557325387899
64,"([0.14, 0.14, 0.39, 0.1, 0.16, 0.07], [1])","([0.14, 0.18, 0.12, 0.22, 0.22, 0.12], [0])",-0.0,-0.0,-0.0,-0.0,-0.0,-0.0,0.0,not observed,0.744164171340831,6.428650000000004,11.04113149672873
65,"([0.14, 0.14, 0.39, 0.1, 0.16, 0.07], [1])","([0.14, 0.18, 0.12, 0.22, 0.22, 0.12], [5])",-0.0,-0.0,-0.0,-0.0,-0.0,-0.0,0.0,not observed,0.744164171340831,6.777060000000004,11.21670566806956
66,"([0.14, 0.14, 0.39, 0.1, 0.16, 0.07], [2])","([0.14, 0.18, 0.12, 0.22, 0.22, 0.12], [4])",-0.0,-0.0,-0.0,-0.0,-0.0,-0.0,0.0,not observed,0.744164171340831,7.030470000000005,11.39227983941039
67,"([0.14, 0.14, 0.39, 0.1, 0.16, 0.07], [4])","([0.14, 0.18, 0.12, 0.22, 0.22, 0.12], [2])",-0.0,-0.0,-0.0,-0.0,-0.0,-0.0,0.0,not observed,0.744164171340831,7.4598800000000045,11.56785401075122
68,"([0.14, 0.14, 0.39, 0.1, 0.16, 0.07], [2])","([0.14, 0.18, 0.12, 0.22, 0.22, 0.12], [4])",-0.0,-0.0,-0.0,-0.0,-0.0,-0.0,0.0,not observed,0.744164171340831,7.713290000000004,11.743428182092051
69,"([0.14, 0.14, 0.39, 0.1, 0.16, 0.07], [2])","([0.14, 0.18, 0.12, 0.22, 0.22, 0.12], [4])",-0.0,-0.0,-0.0,-0.0,-0.0,-0.0,0.0,not observed,0.744164171340831,7.966700000000005,11.919002353432882
70,"([0.14, 0.14, 0.39, 0.1, 0.16, 0.07], [0])","([0.14, 0.18, 0.12, 0.22, 0.22, 0.12], [0])",-0.0,-0.0,-0.0,-0.0,-0.0,-0.0,0.0,observed,0.744164171340831,7.398110000000004,12.094576524773712
71,"([0.14, 0.14, 0.39, 0.1, 0.16, 0.07], [4])","([0.14, 0.18, 0.12, 0.22, 0.22, 0.12], [4])",-0.0,-0.0,-0.0,-0.0,-0.0,-0.0,0.0,observed,0.744164171340831,6.829520000000004,12.270150696114543
72,"([0.14, 0.14, 0.39, 0.1, 0.16, 0.07], [3])","([0.14, 0.18, 0.12, 0.22, 0.22, 0.12], [0])",-0.0,-0.0,-0.0,-0.0,-0.0,-0.0,0.0,not observed,0.744164171340831,7.259930000000004,12.445724867455374
73,"([0.14, 0.14, 0.39, 0.1, 0.16, 0.07], [0])","([0.14, 0.18, 0.12, 0.22, 0.22, 0.12], [5])",-0.0,-0.0,-0.0,-0.0,-0.0,-0.0,0.0,not observed,0.744164171340831,7.546340000000004,12.621299038796204
74,"([0.14, 0.14, 0.39, 0.1, 0.16, 0.07], [4])","([0.14, 0.18, 0.12, 0.22, 0.22, 0.12], [1])",-0.0,-0.0,-0.0,-0.0,-0.0,-0.0,0.0,not observed,0.744164171340831,7.975750000000004,12.796873210137035
75,"([0.14, 0.14, 0.39, 0.1, 0.16, 0.07], [2])","([0.14, 0.18, 0.12, 0.22, 0.22, 0.12], [1])",-0.0,-0.0,-0.0,-0.0,-0.0,-0.0,0.0,not observed,0.744164171340831,8.229160000000004,12.972447381477865
76,"([0.14, 0.14, 0.39, 0.1, 0.16, 0.07], [2])","([0.14, 0.18, 0.12, 0.22, 0.22, 0.12], [3])",-0.0,-0.0,-0.0,-0.0,-0.0,-0.0,0.0,not observed,0.744164171340831,8.482570000000004,13.148021552818696
77,"([0.14, 0.14, 0.39, 0.1, 0.16, 0.07], [2])","([0.14, 0.18, 0.12, 0.22, 0.22, 0.12], [4])",-0.0,-0.0,-0.0,-0.0,-0.0,-0.0,0.0,not observed,0.744164171340831,8.735980000000005,13.323595724159526
78,"([0.14, 0.14, 0.39, 0.1, 0.16, 0.07], [0])","([0.14, 0.18, 0.12, 0.22, 0.22, 0.12], [4])",-0.0,-0.0,-0.0,-0.0,-0.0,-0.0,0.0,not observed,0.744164171340831,9.022390000000005,13.499169895500357
79,"([0.14, 0.14, 0.39, 0.1, 0.16, 0.07], [2])","([0.14, 0.18, 0.12, 0.22, 0.22, 0.12], [3])",-0.0,-0.0,-0.0,-0.0,-0.0,-0.0,0.0,not observed,0.744164171340831,9.275800000000006,13.674744066841187
80,"([0.14, 0.14, 0.39, 0.1, 0.16, 0.07], [2])","([0.14, 0.18, 0.12, 0.22, 0.22, 0.12], [0])",-0.0,-0.0,-0.0,-0.0,-0.0,-0.0,0.0,not observed,0.744164171340831,9.529210000000006,13.850318238182018
81,"([0.14, 0.14, 0.39, 0.1, 0.16, 0.07], [0])","([0.14, 0.18, 0.12, 0.22, 0.22, 0.12], [4])",-0.0,-0.0,-0.0,-0.0,-0.0,-0.0,0.0,not observed,0.744164171340831,9.815620000000006,14.025892409522848
82,"([0.14, 0.14, 0.39, 0.1, 0.16, 0.07], [0])","([0.14, 0.18, 0.12, 0.22, 0.22, 0.12], [2])",-0.0,-0.0,-0.0,-0.0,-0.0,-0.0,0.0,not observed,0.744164171340831,10.102030000000006,14.201466580863679
83,"([0.14, 0.14, 0.39, 0.1, 0.16, 0.07], [1])","([0.14, 0.18, 0.12, 0.22, 0.22, 0.12], [3])",-0.0,-0.0,-0.0,-0.0,-0.0,-0.0,0.0,not observed,0.744164171340831,10.450440000000006,14.37704075220451
84,"([0.14, 0.14, 0.39, 0.1, 0.16, 0.07], [1])","([0.14, 0.18, 0.12, 0.22, 0.22, 0.12], [5])",-0.0,-0.0,-0.0,-0.0,-0.0,-0.0,0.0,not observed,0.744164171340831,10.798850000000005,14.55261492354534
85,"([0.14, 0.14, 0.39, 0.1, 0.16, 0.07], [3])","([0.14, 0.18, 0.12, 0.22, 0.22, 0.12], [3])",-0.0,-0.0,-0.0,-0.0,-0.0,-0.0,0.0,observed,0.744164171340831,10.230260000000005,14.72818909488617
86,"([0.14, 0.14, 0.39, 0.1, 0.16, 0.07], [3])","([0.14, 0.18, 0.12, 0.22, 0.22, 0.12], [3])",-0.0,-0.0,-0.0,-0.0,-0.0,-0.0,0.0,observed,0.744164171340831,9.661670000000004,14.903763266227001
87,"([0.14, 0.14, 0.39, 0.1, 0.16, 0.07], [2])","([0.14, 0.18, 0.12, 0.22, 0.22, 0.12], [1])",-0.0,-0.0,-0.0,-0.0,-0.0,-0.0,0.0,not observed,0.744164171340831,9.915080000000005,15.079337437567832
88,"([0.14, 0.14, 0.39, 0.1, 0.16, 0.07], [1])","([0.14, 0.18, 0.12, 0.22, 0.22, 0.12], [4])",-0.0,-0.0,-0.0,-0.0,-0.0,-0.0,0.0,not observed,0.744164171340831,10.263490000000004,15.254911608908662
89,"([0.14, 0.14, 0.39, 0.1, 0.16, 0.07], [1])","([0.14, 0.18, 0.12, 0.22, 0.22, 0.12], [1])",-0.0,-0.0,-0.0,-0.0,-0.0,-0.0,0.0,observed,0.744164171340831,9.694900000000004,15.430485780249493
90,"([0.14, 0.14, 0.39, 0.1, 0.16, 0.07], [4])","([0.14, 0.18, 0.12, 0.22, 0.22, 0.12], [4])",-0.0,-0.0,-0.0,-0.0,-0.0,-0.0,0.0,observed,0.744164171340831,9.126310000000004,15.606059951590323
91,"([0.14, 0.14, 0.39, 0.1, 0.16, 0.07], [5])","([0.14, 0.18, 0.12, 0.22, 0.22, 0.12], [1])",-0.0,-0.0,-0.0,-0.0,-0.0,-0.0,0.0,not observed,0.744164171340831,9.380720000000004,15.781634122931154
92,"([0.14, 0.14, 0.39, 0.1, 0.16, 0.07], [3])","([0.14, 0.18, 0.12, 0.22, 0.22, 0.12], [3])",-0.0,-0.0,-0.0,-0.0,-0.0,-0.0,0.0,observed,0.744164171340831,8.812130000000003,15.957208294271984
93,"([0.14, 0.14, 0.39, 0.1, 0.16, 0.07], [4])","([0.14, 0.18, 0.12, 0.22, 0.22, 0.12], [2])",-0.0,-0.0,-0.0,-0.0,-0.0,-0.0,0.0,not observed,0.744164171340831,9.241540000000004,16.132782465612816
94,"([0.14, 0.14, 0.39, 0.1, 0.16, 0.07], [3])","([0.14, 0.18, 0.12, 0.22, 0.22, 0.12], [3])",-0.0,-0.0,-0.0,-0.0,-0.0,-0.0,0.0,observed,0.744164171340831,8.672950000000004,16.308356636953647
95,"([0.14, 0.14, 0.39, 0.1, 0.16, 0.07], [4])","([0.14, 0.18, 0.12, 0.22, 0.22, 0.12], [5])",-0.0,-0.0,-0.0,-0.0,-0.0,-0.0,0.0,not observed,0.744164171340831,9.102360000000004,16.483930808294478
96,"([0.14, 0.14, 0.39, 0.1, 0.16, 0.07], [2])","([0.14, 0.18, 0.12, 0.22, 0.22, 0.12], [2])",-0.0,-0.0,-0.0,-0.0,-0.0,-0.0,0.0,observed,0.744164171340831,8.533770000000004,16.659504979635308
97,"([0.14, 0.14, 0.39, 0.1, 0.16, 0.07], [1])","([0.14, 0.18, 0.12, 0.22, 0.22, 0.12], [4])",-0.0,-0.0,-0.0,-0.0,-0.0,-0.0,0.0,not observed,0.744164171340831,8.882180000000004,16.83507915097614
98,"([0.14, 0.14, 0.39, 0.1, 0.16, 0.07], [2])","([0.14, 0.18, 0.12, 0.22, 0.22, 0.12], [4])",-0.0,-0.0,-0.0,-0.0,-0.0,-0.0,0.0,not observed,0.744164171340831,9.135590000000004,17.01065332231697
99,"([0.14, 0.14, 0.39, 0.1, 0.16, 0.07], [5])","([0.14, 0.18, 0.12, 0.22, 0.22, 0.12], [5])",-0.0,-0.0,-0.0,-0.0,-0.0,-0.0,0.0,observed,0.744164171340831,8.567000000000004,17.1862274936578
