,sto-1,FB-0,feedback target 0,feedback target 1,feedback target 2,feedback target 3,feedback target 4,feedback target 5,total,target_observed?,exp_loss,actual_regret,exp_regret
0,"([0.14, 0.14, 0.39, 0.1, 0.16, 0.07], [2])","([0.13, 0.19, 0.09, 0.25, 0.25, 0.09], [4])",-0.0,-0.0,-0.0,-0.0,-0.0,-0.0,0.0,not observed,0.7468572210020118,0.25341000000000014,0.17826722100201187
1,"([0.14, 0.14, 0.39, 0.1, 0.16, 0.07], [4])","([0.13, 0.19, 0.09, 0.25, 0.25, 0.09], [3])",-0.0,-0.0,-0.0,-0.0,-0.0,-0.0,0.0,not observed,0.7468572210020118,0.6828200000000002,0.35653444200402373
2,"([0.14, 0.14, 0.39, 0.1, 0.16, 0.07], [4])","([0.13, 0.19, 0.09, 0.25, 0.25, 0.09], [2])",-0.0,-0.0,-0.0,-0.0,-0.0,-0.0,0.0,not observed,0.7468572210020118,1.1122300000000003,0.5348016630060356
3,"([0.14, 0.14, 0.39, 0.1, 0.16, 0.07], [2])","([0, 1, 0, 0, 0, 0], [1])",-0.0,-0.0,-0.0,-0.0,-0.0,-0.0,0.0,not observed,0.7537389999999999,1.3656400000000004,0.7199506630060356
4,"([0.14, 0.14, 0.39, 0.1, 0.16, 0.07], [4])","([0.14, 0.18, 0.12, 0.21, 0.21, 0.12], [1])",-0.0,-0.0,-0.0,-0.0,-0.0,-0.0,0.0,not observed,0.7434545970203701,1.7950500000000005,0.8948152600264058
5,"([0.14, 0.14, 0.39, 0.1, 0.16, 0.07], [3])","([0.15, 0.18, 0.13, 0.21, 0.21, 0.13], [1])",-0.0,-0.0,-0.0,-0.0,-0.0,-0.0,0.0,not observed,0.7432347350071593,2.225460000000001,1.069459995033565
6,"([0.14, 0.14, 0.39, 0.1, 0.16, 0.07], [2])","([0.15, 0.18, 0.13, 0.21, 0.21, 0.13], [1])",-0.0,-0.0,-0.0,-0.0,-0.0,-0.0,0.0,not observed,0.7432347350071593,2.478870000000001,1.2441047300407244
7,"([0.14, 0.14, 0.39, 0.1, 0.16, 0.07], [2])","([0.15, 0.18, 0.13, 0.21, 0.21, 0.13], [4])",-0.0,-0.0,-0.0,-0.0,-0.0,-0.0,0.0,not observed,0.7432347350071593,2.732280000000001,1.4187494650478838
8,"([0.14, 0.14, 0.39, 0.1, 0.16, 0.07], [2])","([0.15, 0.18, 0.13, 0.21, 0.21, 0.13], [3])",-0.0,-0.0,-0.0,-0.0,-0.0,-0.0,0.0,not observed,0.7432347350071593,2.9856900000000013,1.5933942000550432
9,"([0.14, 0.14, 0.39, 0.1, 0.16, 0.07], [4])","([0.15, 0.18, 0.13, 0.21, 0.21, 0.13], [1])",-0.0,-0.0,-0.0,-0.0,-0.0,-0.0,0.0,not observed,0.7432347350071593,3.4151000000000016,1.7680389350622026
10,"([0.14, 0.14, 0.39, 0.1, 0.16, 0.07], [0])","([0.15, 0.18, 0.13, 0.21, 0.21, 0.13], [3])",-0.0,-0.0,-0.0,-0.0,-0.0,-0.0,0.0,not observed,0.7432347350071593,3.7015100000000016,1.942683670069362
11,"([0.14, 0.14, 0.39, 0.1, 0.16, 0.07], [1])","([0.15, 0.18, 0.13, 0.21, 0.21, 0.13], [3])",-0.0,-0.0,-0.0,-0.0,-0.0,-0.0,0.0,not observed,0.7432347350071593,4.049920000000002,2.1173284050765213
12,"([0.14, 0.14, 0.39, 0.1, 0.16, 0.07], [0])","([0.15, 0.18, 0.13, 0.21, 0.21, 0.13], [5])",-0.0,-0.0,-0.0,-0.0,-0.0,-0.0,0.0,not observed,0.7432347350071593,4.336330000000002,2.2919731400836807
13,"([0.14, 0.14, 0.39, 0.1, 0.16, 0.07], [4])","([0.15, 0.18, 0.13, 0.21, 0.21, 0.13], [4])",-0.0,-0.0,-0.0,-0.0,-0.0,-0.0,0.0,observed,0.7432347350071593,3.767740000000002,2.46661787509084
14,"([0.14, 0.14, 0.39, 0.1, 0.16, 0.07], [0])","([0, 0, 0, 0, 1, 0], [4])",-0.0,-0.0,-0.0,-0.0,-0.0,-0.0,0.0,not observed,0.72403,4.054150000000002,2.62205787509084
15,"([0.14, 0.14, 0.39, 0.1, 0.16, 0.07], [0])","([0.14, 0.18, 0.12, 0.22, 0.22, 0.12], [4])",-0.0,-0.0,-0.0,-0.0,-0.0,-0.0,0.0,not observed,0.7440648833621628,4.340560000000002,2.797532758453003
16,"([0.14, 0.14, 0.39, 0.1, 0.16, 0.07], [2])","([0.14, 0.18, 0.12, 0.22, 0.22, 0.12], [0])",-0.0,-0.0,-0.0,-0.0,-0.0,-0.0,0.0,not observed,0.7440648833621628,4.593970000000002,2.973007641815166
17,"([0.14, 0.14, 0.39, 0.1, 0.16, 0.07], [3])","([0.14, 0.18, 0.12, 0.22, 0.22, 0.12], [0])",-0.0,-0.0,-0.0,-0.0,-0.0,-0.0,0.0,not observed,0.7440648833621628,5.0243800000000025,3.1484825251773287
18,"([0.14, 0.14, 0.39, 0.1, 0.16, 0.07], [1])","([0, 0, 1, 0, 0, 0], [2])",-0.0,-0.0,-0.0,-0.0,-0.0,-0.0,0.0,not observed,0.5685899999999999,5.372790000000003,3.1484825251773287
19,"([0.14, 0.14, 0.39, 0.1, 0.16, 0.07], [3])","([0.14, 0.18, 0.12, 0.22, 0.22, 0.12], [5])",-0.0,-0.0,-0.0,-0.0,-0.0,-0.0,0.0,not observed,0.7440648833621628,5.803200000000003,3.3239574085394916
20,"([0.14, 0.14, 0.39, 0.1, 0.16, 0.07], [2])","([0.14, 0.18, 0.12, 0.22, 0.22, 0.12], [5])",-0.0,-0.0,-0.0,-0.0,-0.0,-0.0,0.0,not observed,0.7440648833621628,6.056610000000003,3.4994322919016545
21,"([0.14, 0.14, 0.39, 0.1, 0.16, 0.07], [2])","([0.14, 0.18, 0.12, 0.22, 0.22, 0.12], [3])",-0.0,-0.0,-0.0,-0.0,-0.0,-0.0,0.0,not observed,0.7441886558073928,6.310020000000003,3.6750309477090473
22,"([0.14, 0.14, 0.39, 0.1, 0.16, 0.07], [1])","([0.14, 0.18, 0.12, 0.22, 0.22, 0.12], [5])",-0.0,-0.0,-0.0,-0.0,-0.0,-0.0,0.0,not observed,0.7440648833621628,6.658430000000004,3.85050583107121
23,"([0.14, 0.14, 0.39, 0.1, 0.16, 0.07], [2])","([0.14, 0.18, 0.12, 0.22, 0.22, 0.12], [4])",-0.0,-0.0,-0.0,-0.0,-0.0,-0.0,0.0,not observed,0.7441886558073928,6.911840000000003,4.026104486878603
24,"([0.14, 0.14, 0.39, 0.1, 0.16, 0.07], [2])","([0.14, 0.18, 0.12, 0.22, 0.22, 0.12], [1])",-0.0,-0.0,-0.0,-0.0,-0.0,-0.0,0.0,not observed,0.7441886558073928,7.165250000000004,4.2017031426859965
25,"([0.14, 0.14, 0.39, 0.1, 0.16, 0.07], [1])","([0.14, 0.18, 0.12, 0.22, 0.22, 0.12], [1])",-0.0,-0.0,-0.0,-0.0,-0.0,-0.0,0.0,observed,0.7440648833621628,6.5966600000000035,4.37717802604816
26,"([0.14, 0.14, 0.39, 0.1, 0.16, 0.07], [0])","([0.14, 0.18, 0.12, 0.22, 0.22, 0.12], [3])",-0.0,-0.0,-0.0,-0.0,-0.0,-0.0,0.0,not observed,0.7441886558073928,6.883070000000004,4.552776681855553
27,"([0.14, 0.14, 0.39, 0.1, 0.16, 0.07], [0])","([0.14, 0.18, 0.12, 0.22, 0.22, 0.12], [5])",-0.0,-0.0,-0.0,-0.0,-0.0,-0.0,0.0,not observed,0.7441886558073928,7.169480000000004,4.728375337662946
28,"([0.14, 0.14, 0.39, 0.1, 0.16, 0.07], [2])","([0, 0, 1, 0, 0, 0], [2])",-0.0,-0.0,-0.0,-0.0,-0.0,-0.0,0.0,observed,0.5685899999999999,6.600890000000003,4.728375337662946
29,"([0.14, 0.14, 0.39, 0.1, 0.16, 0.07], [1])","([0, 0, 1, 0, 0, 0], [2])",-0.0,-0.0,-0.0,-0.0,-0.0,-0.0,0.0,not observed,0.5685899999999999,6.949300000000004,4.728375337662946
30,"([0.14, 0.14, 0.39, 0.1, 0.16, 0.07], [2])","([0, 0, 1, 0, 0, 0], [2])",-0.0,-0.0,-0.0,-0.0,-0.0,-0.0,0.0,observed,0.5685899999999999,6.380710000000004,4.728375337662946
31,"([0.14, 0.14, 0.39, 0.1, 0.16, 0.07], [2])","([0, 0, 1, 0, 0, 0], [2])",-0.0,-0.0,-0.0,-0.0,-0.0,-0.0,0.0,observed,0.5685899999999999,5.812120000000004,4.728375337662946
32,"([0.14, 0.14, 0.39, 0.1, 0.16, 0.07], [1])","([0, 0, 1, 0, 0, 0], [2])",-0.0,-0.0,-0.0,-0.0,-0.0,-0.0,0.0,not observed,0.5685899999999999,6.160530000000004,4.728375337662946
33,"([0.14, 0.14, 0.39, 0.1, 0.16, 0.07], [4])","([0, 0, 1, 0, 0, 0], [2])",-0.0,-0.0,-0.0,-0.0,-0.0,-0.0,0.0,not observed,0.5685899999999999,6.589940000000004,4.728375337662946
34,"([0.14, 0.14, 0.39, 0.1, 0.16, 0.07], [4])","([0, 0, 1, 0, 0, 0], [2])",-0.0,-0.0,-0.0,-0.0,-0.0,-0.0,0.0,not observed,0.5685899999999999,7.019350000000004,4.728375337662946
35,"([0.14, 0.14, 0.39, 0.1, 0.16, 0.07], [4])","([0, 0, 1, 0, 0, 0], [2])",-0.0,-0.0,-0.0,-0.0,-0.0,-0.0,0.0,not observed,0.5685899999999999,7.448760000000004,4.728375337662946
36,"([0.14, 0.14, 0.39, 0.1, 0.16, 0.07], [4])","([0, 0, 1, 0, 0, 0], [2])",-0.0,-0.0,-0.0,-0.0,-0.0,-0.0,0.0,not observed,0.5685899999999999,7.8781700000000034,4.728375337662946
37,"([0.14, 0.14, 0.39, 0.1, 0.16, 0.07], [2])","([0, 0, 1, 0, 0, 0], [2])",-0.0,-0.0,-0.0,-0.0,-0.0,-0.0,0.0,observed,0.5685899999999999,7.309580000000004,4.728375337662946
38,"([0.14, 0.14, 0.39, 0.1, 0.16, 0.07], [3])","([0, 0, 1, 0, 0, 0], [2])",-0.0,-0.0,-0.0,-0.0,-0.0,-0.0,0.0,not observed,0.5685899999999999,7.739990000000004,4.728375337662946
39,"([0.14, 0.14, 0.39, 0.1, 0.16, 0.07], [4])","([0, 0, 1, 0, 0, 0], [2])",-0.0,-0.0,-0.0,-0.0,-0.0,-0.0,0.0,not observed,0.5685899999999999,8.169400000000005,4.728375337662946
40,"([0.14, 0.14, 0.39, 0.1, 0.16, 0.07], [2])","([0, 0, 1, 0, 0, 0], [2])",-0.0,-0.0,-0.0,-0.0,-0.0,-0.0,0.0,observed,0.5685899999999999,7.6008100000000045,4.728375337662946
41,"([0.14, 0.14, 0.39, 0.1, 0.16, 0.07], [5])","([0, 0, 1, 0, 0, 0], [2])",-0.0,-0.0,-0.0,-0.0,-0.0,-0.0,0.0,not observed,0.5685899999999999,7.8552200000000045,4.728375337662946
42,"([0.14, 0.14, 0.39, 0.1, 0.16, 0.07], [4])","([0, 0, 1, 0, 0, 0], [2])",-0.0,-0.0,-0.0,-0.0,-0.0,-0.0,0.0,not observed,0.5685899999999999,8.284630000000005,4.728375337662946
43,"([0.14, 0.14, 0.39, 0.1, 0.16, 0.07], [5])","([0, 0, 1, 0, 0, 0], [2])",-0.0,-0.0,-0.0,-0.0,-0.0,-0.0,0.0,not observed,0.5685899999999999,8.539040000000005,4.728375337662946
44,"([0.14, 0.14, 0.39, 0.1, 0.16, 0.07], [2])","([0, 0, 1, 0, 0, 0], [2])",-0.0,-0.0,-0.0,-0.0,-0.0,-0.0,0.0,observed,0.5685899999999999,7.970450000000005,4.728375337662946
45,"([0.14, 0.14, 0.39, 0.1, 0.16, 0.07], [5])","([0, 0, 1, 0, 0, 0], [2])",-0.0,-0.0,-0.0,-0.0,-0.0,-0.0,0.0,not observed,0.5685899999999999,8.224860000000005,4.728375337662946
46,"([0.14, 0.14, 0.39, 0.1, 0.16, 0.07], [3])","([0, 0, 1, 0, 0, 0], [2])",-0.0,-0.0,-0.0,-0.0,-0.0,-0.0,0.0,not observed,0.5685899999999999,8.655270000000005,4.728375337662946
47,"([0.14, 0.14, 0.39, 0.1, 0.16, 0.07], [0])","([0, 0, 1, 0, 0, 0], [2])",-0.0,-0.0,-0.0,-0.0,-0.0,-0.0,0.0,not observed,0.5685899999999999,8.941680000000005,4.728375337662946
48,"([0.14, 0.14, 0.39, 0.1, 0.16, 0.07], [4])","([0, 0, 1, 0, 0, 0], [2])",-0.0,-0.0,-0.0,-0.0,-0.0,-0.0,0.0,not observed,0.5685899999999999,9.371090000000006,4.728375337662946
49,"([0.14, 0.14, 0.39, 0.1, 0.16, 0.07], [2])","([0, 0, 1, 0, 0, 0], [2])",-0.0,-0.0,-0.0,-0.0,-0.0,-0.0,0.0,observed,0.5685899999999999,8.802500000000006,4.728375337662946
50,"([0.14, 0.14, 0.39, 0.1, 0.16, 0.07], [5])","([0, 0, 1, 0, 0, 0], [2])",-0.0,-0.0,-0.0,-0.0,-0.0,-0.0,0.0,not observed,0.5685899999999999,9.056910000000006,4.728375337662946
51,"([0.14, 0.14, 0.39, 0.1, 0.16, 0.07], [2])","([0, 0, 1, 0, 0, 0], [2])",-0.0,-0.0,-0.0,-0.0,-0.0,-0.0,0.0,observed,0.5685899999999999,8.488320000000005,4.728375337662946
52,"([0.14, 0.14, 0.39, 0.1, 0.16, 0.07], [2])","([0, 0, 1, 0, 0, 0], [2])",-0.0,-0.0,-0.0,-0.0,-0.0,-0.0,0.0,observed,0.5685899999999999,7.919730000000005,4.728375337662946
53,"([0.14, 0.14, 0.39, 0.1, 0.16, 0.07], [4])","([0, 0, 1, 0, 0, 0], [2])",-0.0,-0.0,-0.0,-0.0,-0.0,-0.0,0.0,not observed,0.5685899999999999,8.349140000000006,4.728375337662946
54,"([0.14, 0.14, 0.39, 0.1, 0.16, 0.07], [3])","([0, 0, 1, 0, 0, 0], [2])",-0.0,-0.0,-0.0,-0.0,-0.0,-0.0,0.0,not observed,0.5685899999999999,8.779550000000006,4.728375337662946
55,"([0.14, 0.14, 0.39, 0.1, 0.16, 0.07], [2])","([0, 0, 1, 0, 0, 0], [2])",-0.0,-0.0,-0.0,-0.0,-0.0,-0.0,0.0,observed,0.5685899999999999,8.210960000000005,4.728375337662946
56,"([0.14, 0.14, 0.39, 0.1, 0.16, 0.07], [1])","([0, 0, 1, 0, 0, 0], [2])",-0.0,-0.0,-0.0,-0.0,-0.0,-0.0,0.0,not observed,0.5685899999999999,8.559370000000005,4.728375337662946
57,"([0.14, 0.14, 0.39, 0.1, 0.16, 0.07], [1])","([0, 0, 1, 0, 0, 0], [2])",-0.0,-0.0,-0.0,-0.0,-0.0,-0.0,0.0,not observed,0.5685899999999999,8.907780000000004,4.728375337662946
58,"([0.14, 0.14, 0.39, 0.1, 0.16, 0.07], [2])","([0, 0, 1, 0, 0, 0], [2])",-0.0,-0.0,-0.0,-0.0,-0.0,-0.0,0.0,observed,0.5685899999999999,8.339190000000004,4.728375337662946
59,"([0.14, 0.14, 0.39, 0.1, 0.16, 0.07], [2])","([0, 0, 1, 0, 0, 0], [2])",-0.0,-0.0,-0.0,-0.0,-0.0,-0.0,0.0,observed,0.5685899999999999,7.7706000000000035,4.728375337662946
60,"([0.14, 0.14, 0.39, 0.1, 0.16, 0.07], [2])","([0, 0, 1, 0, 0, 0], [2])",-0.0,-0.0,-0.0,-0.0,-0.0,-0.0,0.0,observed,0.5685899999999999,7.202010000000003,4.728375337662946
61,"([0.14, 0.14, 0.39, 0.1, 0.16, 0.07], [2])","([0, 0, 1, 0, 0, 0], [2])",-0.0,-0.0,-0.0,-0.0,-0.0,-0.0,0.0,observed,0.5685899999999999,6.633420000000003,4.728375337662946
62,"([0.14, 0.14, 0.39, 0.1, 0.16, 0.07], [2])","([0, 0, 1, 0, 0, 0], [2])",-0.0,-0.0,-0.0,-0.0,-0.0,-0.0,0.0,observed,0.5685899999999999,6.064830000000002,4.728375337662946
63,"([0.14, 0.14, 0.39, 0.1, 0.16, 0.07], [0])","([0, 0, 1, 0, 0, 0], [2])",-0.0,-0.0,-0.0,-0.0,-0.0,-0.0,0.0,not observed,0.5685899999999999,6.351240000000002,4.728375337662946
64,"([0.14, 0.14, 0.39, 0.1, 0.16, 0.07], [2])","([0, 0, 1, 0, 0, 0], [2])",-0.0,-0.0,-0.0,-0.0,-0.0,-0.0,0.0,observed,0.5685899999999999,5.782650000000002,4.728375337662946
65,"([0.14, 0.14, 0.39, 0.1, 0.16, 0.07], [2])","([0, 0, 1, 0, 0, 0], [2])",-0.0,-0.0,-0.0,-0.0,-0.0,-0.0,0.0,observed,0.5685899999999999,5.214060000000002,4.728375337662946
66,"([0.14, 0.14, 0.39, 0.1, 0.16, 0.07], [1])","([0, 0, 1, 0, 0, 0], [2])",-0.0,-0.0,-0.0,-0.0,-0.0,-0.0,0.0,not observed,0.5685899999999999,5.562470000000002,4.728375337662946
67,"([0.14, 0.14, 0.39, 0.1, 0.16, 0.07], [0])","([0, 0, 1, 0, 0, 0], [2])",-0.0,-0.0,-0.0,-0.0,-0.0,-0.0,0.0,not observed,0.5685899999999999,5.848880000000002,4.728375337662946
68,"([0.14, 0.14, 0.39, 0.1, 0.16, 0.07], [2])","([0, 0, 1, 0, 0, 0], [2])",-0.0,-0.0,-0.0,-0.0,-0.0,-0.0,0.0,observed,0.5685899999999999,5.280290000000003,4.728375337662946
69,"([0.14, 0.14, 0.39, 0.1, 0.16, 0.07], [2])","([0, 0, 1, 0, 0, 0], [2])",-0.0,-0.0,-0.0,-0.0,-0.0,-0.0,0.0,observed,0.5685899999999999,4.711700000000002,4.728375337662946
70,"([0.14, 0.14, 0.39, 0.1, 0.16, 0.07], [2])","([0, 0, 1, 0, 0, 0], [2])",-0.0,-0.0,-0.0,-0.0,-0.0,-0.0,0.0,observed,0.5685899999999999,4.143110000000002,4.728375337662946
71,"([0.14, 0.14, 0.39, 0.1, 0.16, 0.07], [2])","([0, 0, 1, 0, 0, 0], [2])",-0.0,-0.0,-0.0,-0.0,-0.0,-0.0,0.0,observed,0.5685899999999999,3.574520000000002,4.728375337662946
72,"([0.14, 0.14, 0.39, 0.1, 0.16, 0.07], [4])","([0, 0, 1, 0, 0, 0], [2])",-0.0,-0.0,-0.0,-0.0,-0.0,-0.0,0.0,not observed,0.5685899999999999,4.003930000000002,4.728375337662946
73,"([0.14, 0.14, 0.39, 0.1, 0.16, 0.07], [2])","([0, 0, 1, 0, 0, 0], [2])",-0.0,-0.0,-0.0,-0.0,-0.0,-0.0,0.0,observed,0.5685899999999999,3.4353400000000023,4.728375337662946
74,"([0.14, 0.14, 0.39, 0.1, 0.16, 0.07], [1])","([0, 0, 1, 0, 0, 0], [2])",-0.0,-0.0,-0.0,-0.0,-0.0,-0.0,0.0,not observed,0.5685899999999999,3.783750000000002,4.728375337662946
75,"([0.14, 0.14, 0.39, 0.1, 0.16, 0.07], [1])","([0, 0, 1, 0, 0, 0], [2])",-0.0,-0.0,-0.0,-0.0,-0.0,-0.0,0.0,not observed,0.5685899999999999,4.1321600000000025,4.728375337662946
76,"([0.14, 0.14, 0.39, 0.1, 0.16, 0.07], [3])","([0, 0, 1, 0, 0, 0], [2])",-0.0,-0.0,-0.0,-0.0,-0.0,-0.0,0.0,not observed,0.5685899999999999,4.562570000000003,4.728375337662946
77,"([0.14, 0.14, 0.39, 0.1, 0.16, 0.07], [3])","([0, 0, 1, 0, 0, 0], [2])",-0.0,-0.0,-0.0,-0.0,-0.0,-0.0,0.0,not observed,0.5685899999999999,4.992980000000003,4.728375337662946
78,"([0.14, 0.14, 0.39, 0.1, 0.16, 0.07], [0])","([0, 0, 1, 0, 0, 0], [2])",-0.0,-0.0,-0.0,-0.0,-0.0,-0.0,0.0,not observed,0.5685899999999999,5.279390000000003,4.728375337662946
79,"([0.14, 0.14, 0.39, 0.1, 0.16, 0.07], [2])","([0, 0, 1, 0, 0, 0], [2])",-0.0,-0.0,-0.0,-0.0,-0.0,-0.0,0.0,observed,0.5685899999999999,4.7108000000000025,4.728375337662946
80,"([0.14, 0.14, 0.39, 0.1, 0.16, 0.07], [1])","([0, 0, 1, 0, 0, 0], [2])",-0.0,-0.0,-0.0,-0.0,-0.0,-0.0,0.0,not observed,0.5685899999999999,5.059210000000003,4.728375337662946
81,"([0.14, 0.14, 0.39, 0.1, 0.16, 0.07], [0])","([0, 0, 1, 0, 0, 0], [2])",-0.0,-0.0,-0.0,-0.0,-0.0,-0.0,0.0,not observed,0.5685899999999999,5.345620000000003,4.728375337662946
82,"([0.14, 0.14, 0.39, 0.1, 0.16, 0.07], [5])","([0, 0, 1, 0, 0, 0], [2])",-0.0,-0.0,-0.0,-0.0,-0.0,-0.0,0.0,not observed,0.5685899999999999,5.600030000000003,4.728375337662946
83,"([0.14, 0.14, 0.39, 0.1, 0.16, 0.07], [4])","([0, 0, 1, 0, 0, 0], [2])",-0.0,-0.0,-0.0,-0.0,-0.0,-0.0,0.0,not observed,0.5685899999999999,6.029440000000003,4.728375337662946
84,"([0.14, 0.14, 0.39, 0.1, 0.16, 0.07], [0])","([0, 0, 1, 0, 0, 0], [2])",-0.0,-0.0,-0.0,-0.0,-0.0,-0.0,0.0,not observed,0.5685899999999999,6.315850000000003,4.728375337662946
85,"([0.14, 0.14, 0.39, 0.1, 0.16, 0.07], [4])","([0, 0, 1, 0, 0, 0], [2])",-0.0,-0.0,-0.0,-0.0,-0.0,-0.0,0.0,not observed,0.5685899999999999,6.745260000000003,4.728375337662946
86,"([0.14, 0.14, 0.39, 0.1, 0.16, 0.07], [2])","([0, 0, 1, 0, 0, 0], [2])",-0.0,-0.0,-0.0,-0.0,-0.0,-0.0,0.0,observed,0.5685899999999999,6.176670000000003,4.728375337662946
87,"([0.14, 0.14, 0.39, 0.1, 0.16, 0.07], [2])","([0, 0, 1, 0, 0, 0], [2])",-0.0,-0.0,-0.0,-0.0,-0.0,-0.0,0.0,observed,0.5685899999999999,5.608080000000003,4.728375337662946
88,"([0.14, 0.14, 0.39, 0.1, 0.16, 0.07], [3])","([0, 0, 1, 0, 0, 0], [2])",-0.0,-0.0,-0.0,-0.0,-0.0,-0.0,0.0,not observed,0.5685899999999999,6.038490000000003,4.728375337662946
89,"([0.14, 0.14, 0.39, 0.1, 0.16, 0.07], [3])","([0, 0, 1, 0, 0, 0], [2])",-0.0,-0.0,-0.0,-0.0,-0.0,-0.0,0.0,not observed,0.5685899999999999,6.468900000000003,4.728375337662946
90,"([0.14, 0.14, 0.39, 0.1, 0.16, 0.07], [4])","([0, 0, 1, 0, 0, 0], [2])",-0.0,-0.0,-0.0,-0.0,-0.0,-0.0,0.0,not observed,0.5685899999999999,6.898310000000003,4.728375337662946
91,"([0.14, 0.14, 0.39, 0.1, 0.16, 0.07], [2])","([0, 0, 1, 0, 0, 0], [2])",-0.0,-0.0,-0.0,-0.0,-0.0,-0.0,0.0,observed,0.5685899999999999,6.329720000000004,4.728375337662946
92,"([0.14, 0.14, 0.39, 0.1, 0.16, 0.07], [5])","([0, 0, 1, 0, 0, 0], [2])",-0.0,-0.0,-0.0,-0.0,-0.0,-0.0,0.0,not observed,0.5685899999999999,6.584130000000004,4.728375337662946
93,"([0.14, 0.14, 0.39, 0.1, 0.16, 0.07], [4])","([0, 0, 1, 0, 0, 0], [2])",-0.0,-0.0,-0.0,-0.0,-0.0,-0.0,0.0,not observed,0.5685899999999999,7.013540000000003,4.728375337662946
94,"([0.14, 0.14, 0.39, 0.1, 0.16, 0.07], [2])","([0, 0, 1, 0, 0, 0], [2])",-0.0,-0.0,-0.0,-0.0,-0.0,-0.0,0.0,observed,0.5685899999999999,6.444950000000004,4.728375337662946
95,"([0.14, 0.14, 0.39, 0.1, 0.16, 0.07], [3])","([0, 0, 1, 0, 0, 0], [2])",-0.0,-0.0,-0.0,-0.0,-0.0,-0.0,0.0,not observed,0.5685899999999999,6.875360000000004,4.728375337662946
96,"([0.14, 0.14, 0.39, 0.1, 0.16, 0.07], [5])","([0, 0, 1, 0, 0, 0], [2])",-0.0,-0.0,-0.0,-0.0,-0.0,-0.0,0.0,not observed,0.5685899999999999,7.129770000000004,4.728375337662946
97,"([0.14, 0.14, 0.39, 0.1, 0.16, 0.07], [2])","([0, 0, 1, 0, 0, 0], [2])",-0.0,-0.0,-0.0,-0.0,-0.0,-0.0,0.0,observed,0.5685899999999999,6.561180000000004,4.728375337662946
98,"([0.14, 0.14, 0.39, 0.1, 0.16, 0.07], [5])","([0, 0, 1, 0, 0, 0], [2])",-0.0,-0.0,-0.0,-0.0,-0.0,-0.0,0.0,not observed,0.5685899999999999,6.815590000000004,4.728375337662946
99,"([0.14, 0.14, 0.39, 0.1, 0.16, 0.07], [2])","([0, 0, 1, 0, 0, 0], [2])",-0.0,-0.0,-0.0,-0.0,-0.0,-0.0,0.0,observed,0.5685899999999999,6.247000000000003,4.728375337662946
