,sto-1,FB-0,feedback target 0,feedback target 1,feedback target 2,feedback target 3,feedback target 4,feedback target 5,total,target_observed?,exp_loss,actual_regret,exp_regret
0,"([0.14, 0.14, 0.39, 0.1, 0.16, 0.07], [4])","([0, 0, 0, 0, 1, 0], [4])",-0.0,-0.0,-0.0,-0.0,-0.0,-0.0,0.0,observed,0.72403,-0.5685899999999999,0.15544000000000002
1,"([0.14, 0.14, 0.39, 0.1, 0.16, 0.07], [2])","([0, 0, 0, 0, 1, 0], [4])",-0.0,-0.0,-0.0,-0.0,-0.0,-0.0,0.0,not observed,0.72403,-0.3151799999999998,0.31088000000000005
2,"([0.14, 0.14, 0.39, 0.1, 0.16, 0.07], [3])","([0, 0, 0, 0, 1, 0], [4])",-0.0,-0.0,-0.0,-0.0,-0.0,-0.0,0.0,not observed,0.72403,0.11523000000000039,0.46632000000000007
3,"([0.14, 0.14, 0.39, 0.1, 0.16, 0.07], [3])","([0, 0, 0, 0, 1, 0], [4])",-0.0,-0.0,-0.0,-0.0,-0.0,-0.0,0.0,not observed,0.72403,0.5456400000000006,0.6217600000000001
4,"([0.14, 0.14, 0.39, 0.1, 0.16, 0.07], [2])","([0, 0, 0, 0, 1, 0], [4])",-0.0,-0.0,-0.0,-0.0,-0.0,-0.0,0.0,not observed,0.72403,0.7990500000000007,0.7772000000000001
5,"([0.14, 0.14, 0.39, 0.1, 0.16, 0.07], [4])","([0, 0, 1, 0, 0, 0], [2])",-0.0,-0.0,-0.0,-0.0,-0.0,-0.0,0.0,not observed,0.5685899999999999,1.2284600000000008,0.7772000000000001
6,"([0.14, 0.14, 0.39, 0.1, 0.16, 0.07], [0])","([0, 0, 0, 0, 1, 0], [4])",-0.0,-0.0,-0.0,-0.0,-0.0,-0.0,0.0,not observed,0.72403,1.5148700000000008,0.9326400000000001
7,"([0.14, 0.14, 0.39, 0.1, 0.16, 0.07], [2])","([0, 1, 0, 0, 0, 0], [1])",-0.0,-0.0,-0.0,-0.0,-0.0,-0.0,0.0,not observed,0.7537389999999999,1.768280000000001,1.1177890000000001
8,"([0.14, 0.14, 0.39, 0.1, 0.16, 0.07], [3])","([0, 0, 0, 0, 1, 0], [4])",-0.0,-0.0,-0.0,-0.0,-0.0,-0.0,0.0,not observed,0.72403,2.198690000000001,1.2732290000000002
9,"([0.14, 0.14, 0.39, 0.1, 0.16, 0.07], [3])","([0, 0, 1, 0, 0, 0], [2])",-0.0,-0.0,-0.0,-0.0,-0.0,-0.0,0.0,not observed,0.5685899999999999,2.629100000000001,1.2732290000000002
10,"([0.14, 0.14, 0.39, 0.1, 0.16, 0.07], [1])","([0, 1, 0, 0, 0, 0], [1])",-0.0,-0.0,-0.0,-0.0,-0.0,-0.0,0.0,observed,0.7537389999999999,2.060510000000001,1.4583780000000002
11,"([0.14, 0.14, 0.39, 0.1, 0.16, 0.07], [2])","([0, 1, 0, 0, 0, 0], [1])",-0.0,-0.0,-0.0,-0.0,-0.0,-0.0,0.0,not observed,0.7537389999999999,2.3139200000000013,1.6435270000000002
12,"([0.14, 0.14, 0.39, 0.1, 0.16, 0.07], [4])","([0, 1, 0, 0, 0, 0], [1])",-0.0,-0.0,-0.0,-0.0,-0.0,-0.0,0.0,not observed,0.7537389999999999,2.743330000000001,1.8286760000000002
13,"([0.14, 0.14, 0.39, 0.1, 0.16, 0.07], [4])","([0, 1, 0, 0, 0, 0], [1])",-0.0,-0.0,-0.0,-0.0,-0.0,-0.0,0.0,not observed,0.7537389999999999,3.172740000000001,2.013825
14,"([0.14, 0.14, 0.39, 0.1, 0.16, 0.07], [0])","([0, 0, 0, 0, 1, 0], [4])",-0.0,-0.0,-0.0,-0.0,-0.0,-0.0,0.0,not observed,0.72403,3.459150000000001,2.169265
15,"([0.14, 0.14, 0.39, 0.1, 0.16, 0.07], [2])","([0, 1, 0, 0, 0, 0], [1])",-0.0,-0.0,-0.0,-0.0,-0.0,-0.0,0.0,not observed,0.7537389999999999,3.712560000000001,2.3544140000000002
16,"([0.14, 0.14, 0.39, 0.1, 0.16, 0.07], [2])","([0, 0, 1, 0, 0, 0], [2])",-0.0,-0.0,-0.0,-0.0,-0.0,-0.0,0.0,observed,0.5685899999999999,3.1439700000000013,2.3544140000000002
17,"([0.14, 0.14, 0.39, 0.1, 0.16, 0.07], [1])","([0, 0, 1, 0, 0, 0], [2])",-0.0,-0.0,-0.0,-0.0,-0.0,-0.0,0.0,not observed,0.5685899999999999,3.4923800000000016,2.3544140000000002
18,"([0.14, 0.14, 0.39, 0.1, 0.16, 0.07], [0])","([0, 0, 1, 0, 0, 0], [2])",-0.0,-0.0,-0.0,-0.0,-0.0,-0.0,0.0,not observed,0.5685899999999999,3.7787900000000016,2.3544140000000002
19,"([0.14, 0.14, 0.39, 0.1, 0.16, 0.07], [3])","([0, 0, 1, 0, 0, 0], [2])",-0.0,-0.0,-0.0,-0.0,-0.0,-0.0,0.0,not observed,0.5685899999999999,4.209200000000002,2.3544140000000002
20,"([0.14, 0.14, 0.39, 0.1, 0.16, 0.07], [4])","([0, 0, 1, 0, 0, 0], [2])",-0.0,-0.0,-0.0,-0.0,-0.0,-0.0,0.0,not observed,0.5685899999999999,4.638610000000002,2.3544140000000002
21,"([0.14, 0.14, 0.39, 0.1, 0.16, 0.07], [3])","([0, 0, 0, 0, 1, 0], [4])",-0.0,-0.0,-0.0,-0.0,-0.0,-0.0,0.0,not observed,0.72403,5.069020000000002,2.5098540000000003
22,"([0.14, 0.14, 0.39, 0.1, 0.16, 0.07], [1])","([0, 1, 0, 0, 0, 0], [1])",-0.0,-0.0,-0.0,-0.0,-0.0,-0.0,0.0,observed,0.7537389999999999,4.5004300000000015,2.6950030000000003
23,"([0.14, 0.14, 0.39, 0.1, 0.16, 0.07], [1])","([0, 1, 0, 0, 0, 0], [1])",-0.0,-0.0,-0.0,-0.0,-0.0,-0.0,0.0,observed,0.7537389999999999,3.9318400000000016,2.8801520000000003
24,"([0.14, 0.14, 0.39, 0.1, 0.16, 0.07], [0])","([0, 1, 0, 0, 0, 0], [1])",-0.0,-0.0,-0.0,-0.0,-0.0,-0.0,0.0,not observed,0.7537389999999999,4.218250000000001,3.0653010000000003
25,"([0.14, 0.14, 0.39, 0.1, 0.16, 0.07], [2])","([0, 1, 0, 0, 0, 0], [1])",-0.0,-0.0,-0.0,-0.0,-0.0,-0.0,0.0,not observed,0.7537389999999999,4.471660000000002,3.2504500000000003
26,"([0.14, 0.14, 0.39, 0.1, 0.16, 0.07], [0])","([0, 1, 0, 0, 0, 0], [1])",-0.0,-0.0,-0.0,-0.0,-0.0,-0.0,0.0,not observed,0.7537389999999999,4.758070000000002,3.4355990000000003
27,"([0.14, 0.14, 0.39, 0.1, 0.16, 0.07], [0])","([0, 1, 0, 0, 0, 0], [1])",-0.0,-0.0,-0.0,-0.0,-0.0,-0.0,0.0,not observed,0.7537389999999999,5.044480000000002,3.6207480000000003
28,"([0.14, 0.14, 0.39, 0.1, 0.16, 0.07], [0])","([0, 1, 0, 0, 0, 0], [1])",-0.0,-0.0,-0.0,-0.0,-0.0,-0.0,0.0,not observed,0.7537389999999999,5.330890000000002,3.8058970000000003
29,"([0.14, 0.14, 0.39, 0.1, 0.16, 0.07], [4])","([0, 0, 0, 0, 1, 0], [4])",-0.0,-0.0,-0.0,-0.0,-0.0,-0.0,0.0,observed,0.72403,4.7623000000000015,3.9613370000000003
30,"([0.14, 0.14, 0.39, 0.1, 0.16, 0.07], [4])","([0, 0, 0, 0, 1, 0], [4])",-0.0,-0.0,-0.0,-0.0,-0.0,-0.0,0.0,observed,0.72403,4.193710000000001,4.116777000000001
31,"([0.14, 0.14, 0.39, 0.1, 0.16, 0.07], [1])","([0, 0, 0, 0, 1, 0], [4])",-0.0,-0.0,-0.0,-0.0,-0.0,-0.0,0.0,not observed,0.72403,4.5421200000000015,4.272217000000001
32,"([0.14, 0.14, 0.39, 0.1, 0.16, 0.07], [2])","([0, 0, 0, 0, 1, 0], [4])",-0.0,-0.0,-0.0,-0.0,-0.0,-0.0,0.0,not observed,0.72403,4.795530000000001,4.427657000000002
33,"([0.14, 0.14, 0.39, 0.1, 0.16, 0.07], [1])","([0, 0, 0, 0, 1, 0], [4])",-0.0,-0.0,-0.0,-0.0,-0.0,-0.0,0.0,not observed,0.72403,5.1439400000000015,4.583097000000002
34,"([0.14, 0.14, 0.39, 0.1, 0.16, 0.07], [2])","([0, 0, 0, 0, 1, 0], [4])",-0.0,-0.0,-0.0,-0.0,-0.0,-0.0,0.0,not observed,0.72403,5.397350000000001,4.738537000000003
35,"([0.14, 0.14, 0.39, 0.1, 0.16, 0.07], [2])","([0, 0, 0, 0, 1, 0], [4])",-0.0,-0.0,-0.0,-0.0,-0.0,-0.0,0.0,not observed,0.72403,5.650760000000002,4.893977000000003
36,"([0.14, 0.14, 0.39, 0.1, 0.16, 0.07], [0])","([0, 0, 0, 0, 1, 0], [4])",-0.0,-0.0,-0.0,-0.0,-0.0,-0.0,0.0,not observed,0.72403,5.937170000000002,5.049417000000004
37,"([0.14, 0.14, 0.39, 0.1, 0.16, 0.07], [1])","([0, 0, 0, 0, 1, 0], [4])",-0.0,-0.0,-0.0,-0.0,-0.0,-0.0,0.0,not observed,0.72403,6.285580000000002,5.204857000000004
38,"([0.14, 0.14, 0.39, 0.1, 0.16, 0.07], [1])","([0, 0, 0, 0, 1, 0], [4])",-0.0,-0.0,-0.0,-0.0,-0.0,-0.0,0.0,not observed,0.72403,6.6339900000000025,5.3602970000000045
39,"([0.14, 0.14, 0.39, 0.1, 0.16, 0.07], [4])","([0, 0, 0, 0, 1, 0], [4])",-0.0,-0.0,-0.0,-0.0,-0.0,-0.0,0.0,observed,0.72403,6.065400000000002,5.515737000000005
40,"([0.14, 0.14, 0.39, 0.1, 0.16, 0.07], [0])","([0, 0, 0, 0, 1, 0], [4])",-0.0,-0.0,-0.0,-0.0,-0.0,-0.0,0.0,not observed,0.72403,6.351810000000002,5.6711770000000055
41,"([0.14, 0.14, 0.39, 0.1, 0.16, 0.07], [2])","([0, 0, 0, 0, 1, 0], [4])",-0.0,-0.0,-0.0,-0.0,-0.0,-0.0,0.0,not observed,0.72403,6.605220000000003,5.826617000000006
42,"([0.14, 0.14, 0.39, 0.1, 0.16, 0.07], [4])","([0, 0, 0, 0, 1, 0], [4])",-0.0,-0.0,-0.0,-0.0,-0.0,-0.0,0.0,observed,0.72403,6.036630000000002,5.982057000000006
43,"([0.14, 0.14, 0.39, 0.1, 0.16, 0.07], [4])","([0, 0, 0, 0, 1, 0], [4])",-0.0,-0.0,-0.0,-0.0,-0.0,-0.0,0.0,observed,0.72403,5.468040000000002,6.137497000000007
44,"([0.14, 0.14, 0.39, 0.1, 0.16, 0.07], [1])","([0, 0, 0, 0, 1, 0], [4])",-0.0,-0.0,-0.0,-0.0,-0.0,-0.0,0.0,not observed,0.72403,5.816450000000002,6.292937000000007
45,"([0.14, 0.14, 0.39, 0.1, 0.16, 0.07], [4])","([0, 0, 0, 0, 1, 0], [4])",-0.0,-0.0,-0.0,-0.0,-0.0,-0.0,0.0,observed,0.72403,5.247860000000003,6.448377000000008
46,"([0.14, 0.14, 0.39, 0.1, 0.16, 0.07], [2])","([0, 0, 0, 0, 1, 0], [4])",-0.0,-0.0,-0.0,-0.0,-0.0,-0.0,0.0,not observed,0.72403,5.501270000000003,6.603817000000008
47,"([0.14, 0.14, 0.39, 0.1, 0.16, 0.07], [0])","([0, 0, 0, 0, 1, 0], [4])",-0.0,-0.0,-0.0,-0.0,-0.0,-0.0,0.0,not observed,0.72403,5.7876800000000035,6.759257000000009
48,"([0.14, 0.14, 0.39, 0.1, 0.16, 0.07], [4])","([0, 0, 0, 0, 1, 0], [4])",-0.0,-0.0,-0.0,-0.0,-0.0,-0.0,0.0,observed,0.72403,5.219090000000003,6.914697000000009
49,"([0.14, 0.14, 0.39, 0.1, 0.16, 0.07], [4])","([0, 0, 0, 0, 1, 0], [4])",-0.0,-0.0,-0.0,-0.0,-0.0,-0.0,0.0,observed,0.72403,4.650500000000003,7.07013700000001
50,"([0.14, 0.14, 0.39, 0.1, 0.16, 0.07], [5])","([0, 0, 0, 0, 1, 0], [4])",-0.0,-0.0,-0.0,-0.0,-0.0,-0.0,0.0,not observed,0.72403,4.904910000000003,7.22557700000001
51,"([0.14, 0.14, 0.39, 0.1, 0.16, 0.07], [2])","([0, 0, 0, 0, 1, 0], [4])",-0.0,-0.0,-0.0,-0.0,-0.0,-0.0,0.0,not observed,0.72403,5.158320000000003,7.381017000000011
52,"([0.14, 0.14, 0.39, 0.1, 0.16, 0.07], [1])","([0, 0, 0, 0, 1, 0], [4])",-0.0,-0.0,-0.0,-0.0,-0.0,-0.0,0.0,not observed,0.72403,5.506730000000004,7.536457000000011
53,"([0.14, 0.14, 0.39, 0.1, 0.16, 0.07], [0])","([0, 0, 0, 0, 1, 0], [4])",-0.0,-0.0,-0.0,-0.0,-0.0,-0.0,0.0,not observed,0.72403,5.793140000000004,7.6918970000000115
54,"([0.14, 0.14, 0.39, 0.1, 0.16, 0.07], [4])","([0, 0, 0, 0, 1, 0], [4])",-0.0,-0.0,-0.0,-0.0,-0.0,-0.0,0.0,observed,0.72403,5.224550000000004,7.847337000000012
55,"([0.14, 0.14, 0.39, 0.1, 0.16, 0.07], [1])","([0, 0, 0, 0, 1, 0], [4])",-0.0,-0.0,-0.0,-0.0,-0.0,-0.0,0.0,not observed,0.72403,5.572960000000005,8.002777000000012
56,"([0.14, 0.14, 0.39, 0.1, 0.16, 0.07], [4])","([0, 0, 0, 0, 1, 0], [4])",-0.0,-0.0,-0.0,-0.0,-0.0,-0.0,0.0,observed,0.72403,5.004370000000005,8.158217000000013
57,"([0.14, 0.14, 0.39, 0.1, 0.16, 0.07], [2])","([0, 0, 0, 0, 1, 0], [4])",-0.0,-0.0,-0.0,-0.0,-0.0,-0.0,0.0,not observed,0.72403,5.257780000000006,8.313657000000013
58,"([0.14, 0.14, 0.39, 0.1, 0.16, 0.07], [2])","([0, 0, 0, 0, 1, 0], [4])",-0.0,-0.0,-0.0,-0.0,-0.0,-0.0,0.0,not observed,0.72403,5.511190000000006,8.469097000000014
59,"([0.14, 0.14, 0.39, 0.1, 0.16, 0.07], [3])","([0, 0, 0, 0, 1, 0], [4])",-0.0,-0.0,-0.0,-0.0,-0.0,-0.0,0.0,not observed,0.72403,5.941600000000006,8.624537000000014
60,"([0.14, 0.14, 0.39, 0.1, 0.16, 0.07], [4])","([0, 0, 0, 0, 1, 0], [4])",-0.0,-0.0,-0.0,-0.0,-0.0,-0.0,0.0,observed,0.72403,5.373010000000006,8.779977000000015
61,"([0.14, 0.14, 0.39, 0.1, 0.16, 0.07], [2])","([0, 0, 0, 0, 1, 0], [4])",-0.0,-0.0,-0.0,-0.0,-0.0,-0.0,0.0,not observed,0.72403,5.626420000000007,8.935417000000015
62,"([0.14, 0.14, 0.39, 0.1, 0.16, 0.07], [1])","([0, 0, 0, 0, 1, 0], [4])",-0.0,-0.0,-0.0,-0.0,-0.0,-0.0,0.0,not observed,0.72403,5.974830000000007,9.090857000000016
63,"([0.14, 0.14, 0.39, 0.1, 0.16, 0.07], [4])","([0, 0, 0, 0, 1, 0], [4])",-0.0,-0.0,-0.0,-0.0,-0.0,-0.0,0.0,observed,0.72403,5.4062400000000075,9.246297000000016
64,"([0.14, 0.14, 0.39, 0.1, 0.16, 0.07], [3])","([0, 0, 0, 0, 1, 0], [4])",-0.0,-0.0,-0.0,-0.0,-0.0,-0.0,0.0,not observed,0.72403,5.836650000000008,9.401737000000017
65,"([0.14, 0.14, 0.39, 0.1, 0.16, 0.07], [4])","([0, 0, 0, 0, 1, 0], [4])",-0.0,-0.0,-0.0,-0.0,-0.0,-0.0,0.0,observed,0.72403,5.268060000000007,9.557177000000017
66,"([0.14, 0.14, 0.39, 0.1, 0.16, 0.07], [2])","([0, 0, 0, 0, 1, 0], [4])",-0.0,-0.0,-0.0,-0.0,-0.0,-0.0,0.0,not observed,0.72403,5.521470000000008,9.712617000000018
67,"([0.14, 0.14, 0.39, 0.1, 0.16, 0.07], [4])","([0, 0, 0, 0, 1, 0], [4])",-0.0,-0.0,-0.0,-0.0,-0.0,-0.0,0.0,observed,0.72403,4.9528800000000075,9.868057000000018
68,"([0.14, 0.14, 0.39, 0.1, 0.16, 0.07], [1])","([0, 0, 0, 0, 1, 0], [4])",-0.0,-0.0,-0.0,-0.0,-0.0,-0.0,0.0,not observed,0.72403,5.301290000000008,10.023497000000019
69,"([0.14, 0.14, 0.39, 0.1, 0.16, 0.07], [4])","([0, 0, 0, 0, 1, 0], [4])",-0.0,-0.0,-0.0,-0.0,-0.0,-0.0,0.0,observed,0.72403,4.732700000000008,10.178937000000019
70,"([0.14, 0.14, 0.39, 0.1, 0.16, 0.07], [0])","([0, 0, 0, 0, 1, 0], [4])",-0.0,-0.0,-0.0,-0.0,-0.0,-0.0,0.0,not observed,0.72403,5.019110000000008,10.33437700000002
71,"([0.14, 0.14, 0.39, 0.1, 0.16, 0.07], [2])","([0, 0, 0, 0, 1, 0], [4])",-0.0,-0.0,-0.0,-0.0,-0.0,-0.0,0.0,not observed,0.72403,5.272520000000009,10.48981700000002
72,"([0.14, 0.14, 0.39, 0.1, 0.16, 0.07], [5])","([0, 0, 0, 0, 1, 0], [4])",-0.0,-0.0,-0.0,-0.0,-0.0,-0.0,0.0,not observed,0.72403,5.526930000000009,10.64525700000002
73,"([0.14, 0.14, 0.39, 0.1, 0.16, 0.07], [2])","([0, 0, 0, 0, 1, 0], [4])",-0.0,-0.0,-0.0,-0.0,-0.0,-0.0,0.0,not observed,0.72403,5.78034000000001,10.80069700000002
74,"([0.14, 0.14, 0.39, 0.1, 0.16, 0.07], [1])","([0, 0, 0, 0, 1, 0], [4])",-0.0,-0.0,-0.0,-0.0,-0.0,-0.0,0.0,not observed,0.72403,6.12875000000001,10.956137000000021
75,"([0.14, 0.14, 0.39, 0.1, 0.16, 0.07], [2])","([0, 0, 0, 0, 1, 0], [4])",-0.0,-0.0,-0.0,-0.0,-0.0,-0.0,0.0,not observed,0.72403,6.38216000000001,11.111577000000022
76,"([0.14, 0.14, 0.39, 0.1, 0.16, 0.07], [2])","([0, 0, 0, 0, 1, 0], [4])",-0.0,-0.0,-0.0,-0.0,-0.0,-0.0,0.0,not observed,0.72403,6.63557000000001,11.267017000000022
77,"([0.14, 0.14, 0.39, 0.1, 0.16, 0.07], [2])","([0, 0, 0, 0, 1, 0], [4])",-0.0,-0.0,-0.0,-0.0,-0.0,-0.0,0.0,not observed,0.72403,6.888980000000011,11.422457000000023
78,"([0.14, 0.14, 0.39, 0.1, 0.16, 0.07], [4])","([0, 0, 0, 0, 1, 0], [4])",-0.0,-0.0,-0.0,-0.0,-0.0,-0.0,0.0,observed,0.72403,6.32039000000001,11.577897000000023
79,"([0.14, 0.14, 0.39, 0.1, 0.16, 0.07], [4])","([0, 0, 0, 0, 1, 0], [4])",-0.0,-0.0,-0.0,-0.0,-0.0,-0.0,0.0,observed,0.72403,5.75180000000001,11.733337000000024
80,"([0.14, 0.14, 0.39, 0.1, 0.16, 0.07], [2])","([0, 0, 0, 0, 1, 0], [4])",-0.0,-0.0,-0.0,-0.0,-0.0,-0.0,0.0,not observed,0.72403,6.005210000000011,11.888777000000024
81,"([0.14, 0.14, 0.39, 0.1, 0.16, 0.07], [3])","([0, 0, 0, 0, 1, 0], [4])",-0.0,-0.0,-0.0,-0.0,-0.0,-0.0,0.0,not observed,0.72403,6.435620000000011,12.044217000000025
82,"([0.14, 0.14, 0.39, 0.1, 0.16, 0.07], [4])","([0, 0, 0, 0, 1, 0], [4])",-0.0,-0.0,-0.0,-0.0,-0.0,-0.0,0.0,observed,0.72403,5.86703000000001,12.199657000000025
83,"([0.14, 0.14, 0.39, 0.1, 0.16, 0.07], [2])","([0, 0, 0, 0, 1, 0], [4])",-0.0,-0.0,-0.0,-0.0,-0.0,-0.0,0.0,not observed,0.72403,6.120440000000011,12.355097000000026
84,"([0.14, 0.14, 0.39, 0.1, 0.16, 0.07], [4])","([0, 0, 0, 0, 1, 0], [4])",-0.0,-0.0,-0.0,-0.0,-0.0,-0.0,0.0,observed,0.72403,5.551850000000011,12.510537000000026
85,"([0.14, 0.14, 0.39, 0.1, 0.16, 0.07], [5])","([0, 0, 0, 0, 1, 0], [4])",-0.0,-0.0,-0.0,-0.0,-0.0,-0.0,0.0,not observed,0.72403,5.806260000000011,12.665977000000026
86,"([0.14, 0.14, 0.39, 0.1, 0.16, 0.07], [4])","([0, 0, 0, 0, 1, 0], [4])",-0.0,-0.0,-0.0,-0.0,-0.0,-0.0,0.0,observed,0.72403,5.23767000000001,12.821417000000027
87,"([0.14, 0.14, 0.39, 0.1, 0.16, 0.07], [2])","([0, 0, 0, 0, 1, 0], [4])",-0.0,-0.0,-0.0,-0.0,-0.0,-0.0,0.0,not observed,0.72403,5.491080000000011,12.976857000000027
88,"([0.14, 0.14, 0.39, 0.1, 0.16, 0.07], [1])","([0, 0, 0, 0, 1, 0], [4])",-0.0,-0.0,-0.0,-0.0,-0.0,-0.0,0.0,not observed,0.72403,5.839490000000011,13.132297000000028
89,"([0.14, 0.14, 0.39, 0.1, 0.16, 0.07], [0])","([0, 0, 0, 0, 1, 0], [4])",-0.0,-0.0,-0.0,-0.0,-0.0,-0.0,0.0,not observed,0.72403,6.125900000000011,13.287737000000028
90,"([0.14, 0.14, 0.39, 0.1, 0.16, 0.07], [3])","([0, 0, 0, 0, 1, 0], [4])",-0.0,-0.0,-0.0,-0.0,-0.0,-0.0,0.0,not observed,0.72403,6.556310000000011,13.443177000000029
91,"([0.14, 0.14, 0.39, 0.1, 0.16, 0.07], [2])","([0, 0, 0, 0, 1, 0], [4])",-0.0,-0.0,-0.0,-0.0,-0.0,-0.0,0.0,not observed,0.72403,6.809720000000011,13.59861700000003
92,"([0.14, 0.14, 0.39, 0.1, 0.16, 0.07], [2])","([0, 0, 0, 0, 1, 0], [4])",-0.0,-0.0,-0.0,-0.0,-0.0,-0.0,0.0,not observed,0.72403,7.063130000000012,13.75405700000003
93,"([0.14, 0.14, 0.39, 0.1, 0.16, 0.07], [4])","([0, 0, 0, 0, 1, 0], [4])",-0.0,-0.0,-0.0,-0.0,-0.0,-0.0,0.0,observed,0.72403,6.494540000000011,13.90949700000003
94,"([0.14, 0.14, 0.39, 0.1, 0.16, 0.07], [2])","([0, 0, 0, 0, 1, 0], [4])",-0.0,-0.0,-0.0,-0.0,-0.0,-0.0,0.0,not observed,0.72403,6.747950000000012,14.06493700000003
95,"([0.14, 0.14, 0.39, 0.1, 0.16, 0.07], [4])","([0, 0, 0, 0, 1, 0], [4])",-0.0,-0.0,-0.0,-0.0,-0.0,-0.0,0.0,observed,0.72403,6.1793600000000115,14.220377000000031
96,"([0.14, 0.14, 0.39, 0.1, 0.16, 0.07], [2])","([0, 0, 0, 0, 1, 0], [4])",-0.0,-0.0,-0.0,-0.0,-0.0,-0.0,0.0,not observed,0.72403,6.432770000000012,14.375817000000032
97,"([0.14, 0.14, 0.39, 0.1, 0.16, 0.07], [4])","([0, 0, 0, 0, 1, 0], [4])",-0.0,-0.0,-0.0,-0.0,-0.0,-0.0,0.0,observed,0.72403,5.864180000000012,14.531257000000032
98,"([0.14, 0.14, 0.39, 0.1, 0.16, 0.07], [1])","([0, 0, 0, 0, 1, 0], [4])",-0.0,-0.0,-0.0,-0.0,-0.0,-0.0,0.0,not observed,0.72403,6.212590000000012,14.686697000000033
99,"([0.14, 0.14, 0.39, 0.1, 0.16, 0.07], [1])","([0, 0, 0, 0, 1, 0], [4])",-0.0,-0.0,-0.0,-0.0,-0.0,-0.0,0.0,not observed,0.72403,6.561000000000012,14.842137000000033
