,sta-1,FB-0,feedback target 0,feedback target 1,feedback target 2,feedback target 3,feedback target 4,feedback target 5,total,exp_loss,actual_regret,exp_regret
0,"([0, 0, 1, 0, 0, 0], [2])","([0, 1, 0, 0, 0, 0], [1])",-0.0,-0.0,-0.94,-0.0,-0.0,-0.0,-0.94,0.94,0.25615956818180907,0.25615956818180907
1,"([0, 0, 0, 0, 1, 0], [4])","([0.11, 0.25, 0.27, 0.1, 0.06, 0.2], [1])",-0.0,-0.0,-0.0,-0.0,-0.728,-0.0,-0.728,0.6838404318181909,0.3003191363636182,0.25615956818180907
2,"([0, 0, 0, 0, 1, 0], [4])","([0.11, 0.25, 0.27, 0.1, 0.06, 0.2], [1])",-0.0,-0.0,-0.0,-0.0,-0.728,-0.0,-0.728,0.6838404318181909,0.3444787045454273,0.25615956818180907
3,"([0, 0, 0, 0, 1, 0], [4])","([0.11, 0.25, 0.27, 0.1, 0.06, 0.2], [3])",-0.0,-0.0,-0.0,-0.0,-0.728,-0.0,-0.728,0.6838404318181909,0.3886382727272364,0.25615956818180907
4,"([0, 0, 0, 0, 1, 0], [4])","([0.11, 0.25, 0.27, 0.1, 0.06, 0.2], [5])",-0.0,-0.0,-0.0,-0.0,-0.728,-0.0,-0.728,0.6838404318181909,0.4327978409090455,0.25615956818180907
5,"([0, 0, 0, 0, 1, 0], [4])","([0.11, 0.25, 0.27, 0.1, 0.06, 0.2], [1])",-0.0,-0.0,-0.0,-0.0,-0.728,-0.0,-0.728,0.6838404318181909,0.4769574090908546,0.25615956818180907
6,"([0, 0, 0, 0, 1, 0], [4])","([0.11, 0.25, 0.27, 0.1, 0.06, 0.2], [2])",-0.0,-0.0,-0.0,-0.0,-0.728,-0.0,-0.728,0.6838404318181909,0.5211169772726637,0.25615956818180907
7,"([0, 0, 0, 0, 1, 0], [4])","([0.11, 0.25, 0.27, 0.1, 0.06, 0.2], [0])",-0.0,-0.0,-0.0,-0.0,-0.728,-0.0,-0.728,0.6838404318181909,0.5652765454544728,0.25615956818180907
8,"([0, 0, 0, 0, 1, 0], [4])","([0.11, 0.25, 0.27, 0.1, 0.06, 0.2], [5])",-0.0,-0.0,-0.0,-0.0,-0.728,-0.0,-0.728,0.6838404318181909,0.6094361136362819,0.25615956818180907
9,"([0, 0, 0, 0, 1, 0], [4])","([0.11, 0.25, 0.27, 0.1, 0.06, 0.2], [3])",-0.0,-0.0,-0.0,-0.0,-0.728,-0.0,-0.728,0.6838404318181909,0.653595681818091,0.25615956818180907
10,"([0, 0, 0, 0, 1, 0], [4])","([0.11, 0.25, 0.27, 0.1, 0.06, 0.2], [1])",-0.0,-0.0,-0.0,-0.0,-0.728,-0.0,-0.728,0.6838404318181909,0.6977552499999001,0.25615956818180907
11,"([0, 0, 0, 0, 1, 0], [4])","([0.11, 0.25, 0.27, 0.1, 0.06, 0.2], [2])",-0.0,-0.0,-0.0,-0.0,-0.728,-0.0,-0.728,0.6838404318181909,0.7419148181817092,0.25615956818180907
12,"([0, 0, 0, 0, 1, 0], [4])","([0.11, 0.25, 0.27, 0.1, 0.06, 0.2], [2])",-0.0,-0.0,-0.0,-0.0,-0.728,-0.0,-0.728,0.6838404318181909,0.7860743863635183,0.25615956818180907
13,"([0, 0, 0, 0, 1, 0], [4])","([0.11, 0.25, 0.27, 0.1, 0.06, 0.2], [1])",-0.0,-0.0,-0.0,-0.0,-0.728,-0.0,-0.728,0.6838404318181909,0.8302339545453274,0.25615956818180907
14,"([0, 0, 0, 0, 1, 0], [4])","([0.11, 0.25, 0.27, 0.1, 0.06, 0.2], [0])",-0.0,-0.0,-0.0,-0.0,-0.728,-0.0,-0.728,0.6838404318181909,0.8743935227271366,0.25615956818180907
15,"([0, 0, 0, 0, 1, 0], [4])","([0.11, 0.25, 0.27, 0.1, 0.06, 0.2], [5])",-0.0,-0.0,-0.0,-0.0,-0.728,-0.0,-0.728,0.6838404318181909,0.9185530909089457,0.25615956818180907
16,"([0, 0, 0, 0, 1, 0], [4])","([0.11, 0.25, 0.27, 0.1, 0.06, 0.2], [5])",-0.0,-0.0,-0.0,-0.0,-0.728,-0.0,-0.728,0.6838404318181909,0.9627126590907548,0.25615956818180907
17,"([0, 0, 0, 0, 1, 0], [4])","([0.11, 0.25, 0.27, 0.1, 0.06, 0.2], [0])",-0.0,-0.0,-0.0,-0.0,-0.728,-0.0,-0.728,0.6838404318181909,1.0068722272725639,0.25615956818180907
18,"([0, 0, 0, 0, 1, 0], [4])","([0.11, 0.25, 0.27, 0.1, 0.06, 0.2], [1])",-0.0,-0.0,-0.0,-0.0,-0.728,-0.0,-0.728,0.6838404318181909,1.051031795454373,0.25615956818180907
19,"([0, 0, 0, 0, 1, 0], [4])","([0.11, 0.25, 0.27, 0.1, 0.06, 0.2], [1])",-0.0,-0.0,-0.0,-0.0,-0.728,-0.0,-0.728,0.6838404318181909,1.0951913636361823,0.25615956818180907
20,"([0, 0, 0, 0, 1, 0], [4])","([0.11, 0.25, 0.27, 0.1, 0.06, 0.2], [5])",-0.0,-0.0,-0.0,-0.0,-0.728,-0.0,-0.728,0.6838404318181909,1.1393509318179915,0.25615956818180907
21,"([0, 0, 0, 0, 1, 0], [4])","([0.11, 0.25, 0.27, 0.1, 0.06, 0.2], [1])",-0.0,-0.0,-0.0,-0.0,-0.728,-0.0,-0.728,0.6838404318181909,1.1835104999998007,0.25615956818180907
22,"([0, 0, 0, 0, 1, 0], [4])","([0.11, 0.25, 0.27, 0.1, 0.06, 0.2], [1])",-0.0,-0.0,-0.0,-0.0,-0.728,-0.0,-0.728,0.6838404318181909,1.22767006818161,0.25615956818180907
23,"([0, 0, 0, 0, 1, 0], [4])","([0.11, 0.25, 0.27, 0.1, 0.06, 0.2], [2])",-0.0,-0.0,-0.0,-0.0,-0.728,-0.0,-0.728,0.6838404318181909,1.2718296363634192,0.25615956818180907
24,"([0, 0, 0, 0, 1, 0], [4])","([0.11, 0.25, 0.27, 0.1, 0.06, 0.2], [5])",-0.0,-0.0,-0.0,-0.0,-0.728,-0.0,-0.728,0.6838404318181909,1.3159892045452284,0.25615956818180907
25,"([0, 0, 0, 0, 1, 0], [4])","([0.11, 0.25, 0.27, 0.1, 0.06, 0.2], [1])",-0.0,-0.0,-0.0,-0.0,-0.728,-0.0,-0.728,0.6838404318181909,1.3601487727270376,0.25615956818180907
26,"([0, 0, 0, 0, 1, 0], [4])","([0.11, 0.25, 0.27, 0.1, 0.06, 0.2], [4])",-0.0,-0.0,-0.0,-0.0,-0.0,-0.0,0.0,0.6838404318181909,0.6763083409088467,0.25615956818180907
27,"([0, 0, 0, 0, 1, 0], [4])","([0.11, 0.25, 0.27, 0.1, 0.06, 0.2], [2])",-0.0,-0.0,-0.0,-0.0,-0.728,-0.0,-0.728,0.6838404318181909,0.7204679090906558,0.25615956818180907
28,"([0, 0, 0, 0, 1, 0], [4])","([0.11, 0.25, 0.27, 0.1, 0.06, 0.2], [2])",-0.0,-0.0,-0.0,-0.0,-0.728,-0.0,-0.728,0.6838404318181909,0.7646274772724649,0.25615956818180907
29,"([0, 0, 0, 0, 1, 0], [4])","([0.11, 0.25, 0.27, 0.1, 0.06, 0.2], [1])",-0.0,-0.0,-0.0,-0.0,-0.728,-0.0,-0.728,0.6838404318181909,0.808787045454274,0.25615956818180907
30,"([0, 0, 0, 0, 1, 0], [4])","([0.11, 0.25, 0.27, 0.1, 0.06, 0.2], [1])",-0.0,-0.0,-0.0,-0.0,-0.728,-0.0,-0.728,0.6838404318181909,0.8529466136360832,0.25615956818180907
31,"([0, 0, 0, 0, 1, 0], [4])","([0.11, 0.25, 0.27, 0.1, 0.06, 0.2], [2])",-0.0,-0.0,-0.0,-0.0,-0.728,-0.0,-0.728,0.6838404318181909,0.8971061818178923,0.25615956818180907
32,"([0, 0, 0, 0, 1, 0], [4])","([0.11, 0.25, 0.27, 0.1, 0.06, 0.2], [4])",-0.0,-0.0,-0.0,-0.0,-0.0,-0.0,0.0,0.6838404318181909,0.21326574999970138,0.25615956818180907
33,"([0, 0, 0, 0, 1, 0], [4])","([0.11, 0.25, 0.27, 0.1, 0.06, 0.2], [2])",-0.0,-0.0,-0.0,-0.0,-0.728,-0.0,-0.728,0.6838404318181909,0.2574253181815105,0.25615956818180907
34,"([0, 0, 0, 0, 1, 0], [4])","([0.11, 0.25, 0.27, 0.1, 0.06, 0.2], [2])",-0.0,-0.0,-0.0,-0.0,-0.728,-0.0,-0.728,0.6838404318181909,0.3015848863633196,0.25615956818180907
35,"([0, 0, 0, 0, 1, 0], [4])","([0.11, 0.25, 0.27, 0.1, 0.06, 0.2], [2])",-0.0,-0.0,-0.0,-0.0,-0.728,-0.0,-0.728,0.6838404318181909,0.3457444545451287,0.25615956818180907
36,"([0, 0, 0, 0, 1, 0], [4])","([0.11, 0.25, 0.27, 0.1, 0.06, 0.2], [2])",-0.0,-0.0,-0.0,-0.0,-0.728,-0.0,-0.728,0.6838404318181909,0.3899040227269378,0.25615956818180907
37,"([0, 0, 0, 0, 1, 0], [4])","([0.11, 0.25, 0.27, 0.1, 0.06, 0.2], [1])",-0.0,-0.0,-0.0,-0.0,-0.728,-0.0,-0.728,0.6838404318181909,0.4340635909087469,0.25615956818180907
38,"([0, 0, 0, 0, 1, 0], [4])","([0.11, 0.25, 0.27, 0.1, 0.06, 0.2], [1])",-0.0,-0.0,-0.0,-0.0,-0.728,-0.0,-0.728,0.6838404318181909,0.478223159090556,0.25615956818180907
39,"([0, 0, 0, 0, 1, 0], [4])","([0.11, 0.25, 0.27, 0.1, 0.06, 0.2], [2])",-0.0,-0.0,-0.0,-0.0,-0.728,-0.0,-0.728,0.6838404318181909,0.5223827272723651,0.25615956818180907
40,"([0, 0, 0, 0, 1, 0], [4])","([0.11, 0.25, 0.27, 0.1, 0.06, 0.2], [3])",-0.0,-0.0,-0.0,-0.0,-0.728,-0.0,-0.728,0.6838404318181909,0.5665422954541742,0.25615956818180907
41,"([0, 0, 0, 0, 1, 0], [4])","([0.11, 0.25, 0.27, 0.1, 0.06, 0.2], [5])",-0.0,-0.0,-0.0,-0.0,-0.728,-0.0,-0.728,0.6838404318181909,0.6107018636359833,0.25615956818180907
42,"([0, 0, 0, 0, 1, 0], [4])","([0.11, 0.25, 0.27, 0.1, 0.06, 0.2], [0])",-0.0,-0.0,-0.0,-0.0,-0.728,-0.0,-0.728,0.6838404318181909,0.6548614318177924,0.25615956818180907
43,"([0, 0, 0, 0, 1, 0], [4])","([0.11, 0.25, 0.27, 0.1, 0.06, 0.2], [2])",-0.0,-0.0,-0.0,-0.0,-0.728,-0.0,-0.728,0.6838404318181909,0.6990209999996015,0.25615956818180907
44,"([0, 0, 0, 0, 1, 0], [4])","([0.11, 0.25, 0.27, 0.1, 0.06, 0.2], [0])",-0.0,-0.0,-0.0,-0.0,-0.728,-0.0,-0.728,0.6838404318181909,0.7431805681814107,0.25615956818180907
45,"([0, 0, 0, 0, 1, 0], [4])","([0.11, 0.25, 0.27, 0.1, 0.06, 0.2], [4])",-0.0,-0.0,-0.0,-0.0,-0.0,-0.0,0.0,0.6838404318181909,0.059340136363219775,0.25615956818180907
46,"([0, 0, 0, 0, 1, 0], [4])","([0.11, 0.25, 0.27, 0.1, 0.06, 0.2], [3])",-0.0,-0.0,-0.0,-0.0,-0.728,-0.0,-0.728,0.6838404318181909,0.10349970454502888,0.25615956818180907
47,"([0, 0, 0, 0, 1, 0], [4])","([0.11, 0.25, 0.27, 0.1, 0.06, 0.2], [1])",-0.0,-0.0,-0.0,-0.0,-0.728,-0.0,-0.728,0.6838404318181909,0.147659272726838,0.25615956818180907
48,"([0, 0, 0, 0, 1, 0], [4])","([0.11, 0.25, 0.27, 0.1, 0.06, 0.2], [4])",-0.0,-0.0,-0.0,-0.0,-0.0,-0.0,0.0,0.6838404318181909,-0.5361811590913529,0.25615956818180907
49,"([0, 0, 0, 0, 1, 0], [4])","([0.11, 0.25, 0.27, 0.1, 0.06, 0.2], [5])",-0.0,-0.0,-0.0,-0.0,-0.728,-0.0,-0.728,0.6838404318181909,-0.4920215909095438,0.25615956818180907
50,"([0, 0, 0, 0, 1, 0], [4])","([0.11, 0.25, 0.27, 0.1, 0.06, 0.2], [1])",-0.0,-0.0,-0.0,-0.0,-0.728,-0.0,-0.728,0.6838404318181909,-0.4478620227277347,0.25615956818180907
51,"([0, 0, 0, 0, 1, 0], [4])","([0.11, 0.25, 0.27, 0.1, 0.06, 0.2], [1])",-0.0,-0.0,-0.0,-0.0,-0.728,-0.0,-0.728,0.6838404318181909,-0.40370245454592557,0.25615956818180907
52,"([0, 0, 0, 0, 1, 0], [4])","([0.11, 0.25, 0.27, 0.1, 0.06, 0.2], [2])",-0.0,-0.0,-0.0,-0.0,-0.728,-0.0,-0.728,0.6838404318181909,-0.35954288636411647,0.25615956818180907
53,"([0, 0, 0, 0, 1, 0], [4])","([0.11, 0.25, 0.27, 0.1, 0.06, 0.2], [1])",-0.0,-0.0,-0.0,-0.0,-0.728,-0.0,-0.728,0.6838404318181909,-0.31538331818230736,0.25615956818180907
54,"([0, 0, 0, 0, 1, 0], [4])","([0.11, 0.25, 0.27, 0.1, 0.06, 0.2], [1])",-0.0,-0.0,-0.0,-0.0,-0.728,-0.0,-0.728,0.6838404318181909,-0.27122375000049825,0.25615956818180907
55,"([0, 0, 0, 0, 1, 0], [4])","([0.11, 0.25, 0.27, 0.1, 0.06, 0.2], [4])",-0.0,-0.0,-0.0,-0.0,-0.0,-0.0,0.0,0.6838404318181909,-0.9550641818186891,0.25615956818180907
56,"([0, 0, 0, 0, 1, 0], [4])","([0.11, 0.25, 0.27, 0.1, 0.06, 0.2], [1])",-0.0,-0.0,-0.0,-0.0,-0.728,-0.0,-0.728,0.6838404318181909,-0.91090461363688,0.25615956818180907
57,"([0, 0, 0, 0, 1, 0], [4])","([0.11, 0.25, 0.27, 0.1, 0.06, 0.2], [1])",-0.0,-0.0,-0.0,-0.0,-0.728,-0.0,-0.728,0.6838404318181909,-0.8667450454550709,0.25615956818180907
58,"([0, 0, 0, 0, 1, 0], [4])","([0.11, 0.25, 0.27, 0.1, 0.06, 0.2], [1])",-0.0,-0.0,-0.0,-0.0,-0.728,-0.0,-0.728,0.6838404318181909,-0.8225854772732618,0.25615956818180907
59,"([0, 0, 0, 0, 1, 0], [4])","([0.11, 0.25, 0.27, 0.1, 0.06, 0.2], [5])",-0.0,-0.0,-0.0,-0.0,-0.728,-0.0,-0.728,0.6838404318181909,-0.7784259090914527,0.25615956818180907
60,"([0, 0, 0, 0, 1, 0], [4])","([0.11, 0.25, 0.27, 0.1, 0.06, 0.2], [2])",-0.0,-0.0,-0.0,-0.0,-0.728,-0.0,-0.728,0.6838404318181909,-0.7342663409096436,0.25615956818180907
61,"([0, 0, 0, 0, 1, 0], [4])","([0.11, 0.25, 0.27, 0.1, 0.06, 0.2], [1])",-0.0,-0.0,-0.0,-0.0,-0.728,-0.0,-0.728,0.6838404318181909,-0.6901067727278345,0.25615956818180907
62,"([0, 0, 0, 0, 1, 0], [4])","([0.11, 0.25, 0.27, 0.1, 0.06, 0.2], [2])",-0.0,-0.0,-0.0,-0.0,-0.728,-0.0,-0.728,0.6838404318181909,-0.6459472045460254,0.25615956818180907
63,"([0, 0, 0, 0, 1, 0], [4])","([0.11, 0.25, 0.27, 0.1, 0.06, 0.2], [5])",-0.0,-0.0,-0.0,-0.0,-0.728,-0.0,-0.728,0.6838404318181909,-0.6017876363642163,0.25615956818180907
64,"([0, 0, 0, 0, 1, 0], [4])","([0.11, 0.25, 0.27, 0.1, 0.06, 0.2], [0])",-0.0,-0.0,-0.0,-0.0,-0.728,-0.0,-0.728,0.6838404318181909,-0.5576280681824072,0.25615956818180907
65,"([0, 0, 0, 0, 1, 0], [4])","([0.11, 0.25, 0.27, 0.1, 0.06, 0.2], [1])",-0.0,-0.0,-0.0,-0.0,-0.728,-0.0,-0.728,0.6838404318181909,-0.5134685000005981,0.25615956818180907
66,"([0, 0, 0, 0, 1, 0], [4])","([0.11, 0.25, 0.27, 0.1, 0.06, 0.2], [1])",-0.0,-0.0,-0.0,-0.0,-0.728,-0.0,-0.728,0.6838404318181909,-0.46930893181878897,0.25615956818180907
67,"([0, 0, 0, 0, 1, 0], [4])","([0.11, 0.25, 0.27, 0.1, 0.06, 0.2], [5])",-0.0,-0.0,-0.0,-0.0,-0.728,-0.0,-0.728,0.6838404318181909,-0.42514936363697986,0.25615956818180907
68,"([0, 0, 0, 0, 1, 0], [4])","([0.11, 0.25, 0.27, 0.1, 0.06, 0.2], [1])",-0.0,-0.0,-0.0,-0.0,-0.728,-0.0,-0.728,0.6838404318181909,-0.38098979545517075,0.25615956818180907
69,"([0, 0, 0, 0, 1, 0], [4])","([0.11, 0.25, 0.27, 0.1, 0.06, 0.2], [1])",-0.0,-0.0,-0.0,-0.0,-0.728,-0.0,-0.728,0.6838404318181909,-0.33683022727336165,0.25615956818180907
70,"([0, 0, 0, 0, 1, 0], [4])","([0.11, 0.25, 0.27, 0.1, 0.06, 0.2], [3])",-0.0,-0.0,-0.0,-0.0,-0.728,-0.0,-0.728,0.6838404318181909,-0.29267065909155254,0.25615956818180907
71,"([0, 0, 0, 0, 1, 0], [4])","([0.11, 0.25, 0.27, 0.1, 0.06, 0.2], [0])",-0.0,-0.0,-0.0,-0.0,-0.728,-0.0,-0.728,0.6838404318181909,-0.24851109090974344,0.25615956818180907
72,"([0, 0, 0, 0, 1, 0], [4])","([0.11, 0.25, 0.27, 0.1, 0.06, 0.2], [4])",-0.0,-0.0,-0.0,-0.0,-0.0,-0.0,0.0,0.6838404318181909,-0.9323515227279343,0.25615956818180907
73,"([0, 0, 0, 0, 1, 0], [4])","([0.11, 0.25, 0.27, 0.1, 0.06, 0.2], [2])",-0.0,-0.0,-0.0,-0.0,-0.728,-0.0,-0.728,0.6838404318181909,-0.8881919545461252,0.25615956818180907
74,"([0, 0, 0, 0, 1, 0], [4])","([0.11, 0.25, 0.27, 0.1, 0.06, 0.2], [0])",-0.0,-0.0,-0.0,-0.0,-0.728,-0.0,-0.728,0.6838404318181909,-0.8440323863643161,0.25615956818180907
75,"([0, 0, 0, 0, 1, 0], [4])","([0.11, 0.25, 0.27, 0.1, 0.06, 0.2], [5])",-0.0,-0.0,-0.0,-0.0,-0.728,-0.0,-0.728,0.6838404318181909,-0.799872818182507,0.25615956818180907
76,"([0, 0, 0, 0, 1, 0], [4])","([0.11, 0.25, 0.27, 0.1, 0.06, 0.2], [2])",-0.0,-0.0,-0.0,-0.0,-0.728,-0.0,-0.728,0.6838404318181909,-0.7557132500006979,0.25615956818180907
77,"([0, 0, 0, 0, 1, 0], [4])","([0.11, 0.25, 0.27, 0.1, 0.06, 0.2], [1])",-0.0,-0.0,-0.0,-0.0,-0.728,-0.0,-0.728,0.6838404318181909,-0.7115536818188888,0.25615956818180907
78,"([0, 0, 0, 0, 1, 0], [4])","([0.11, 0.25, 0.27, 0.1, 0.06, 0.2], [3])",-0.0,-0.0,-0.0,-0.0,-0.728,-0.0,-0.728,0.6838404318181909,-0.6673941136370797,0.25615956818180907
79,"([0, 0, 0, 0, 1, 0], [4])","([0.11, 0.25, 0.27, 0.1, 0.06, 0.2], [4])",-0.0,-0.0,-0.0,-0.0,-0.0,-0.0,0.0,0.6838404318181909,-1.3512345454552706,0.25615956818180907
80,"([0, 0, 0, 0, 1, 0], [4])","([0.11, 0.25, 0.27, 0.1, 0.06, 0.2], [1])",-0.0,-0.0,-0.0,-0.0,-0.728,-0.0,-0.728,0.6838404318181909,-1.3070749772734613,0.25615956818180907
81,"([0, 0, 0, 0, 1, 0], [4])","([0.11, 0.25, 0.27, 0.1, 0.06, 0.2], [5])",-0.0,-0.0,-0.0,-0.0,-0.728,-0.0,-0.728,0.6838404318181909,-1.2629154090916521,0.25615956818180907
82,"([0, 0, 0, 0, 1, 0], [4])","([0.11, 0.25, 0.27, 0.1, 0.06, 0.2], [0])",-0.0,-0.0,-0.0,-0.0,-0.728,-0.0,-0.728,0.6838404318181909,-1.218755840909843,0.25615956818180907
83,"([0, 0, 0, 0, 1, 0], [4])","([0.11, 0.25, 0.27, 0.1, 0.06, 0.2], [2])",-0.0,-0.0,-0.0,-0.0,-0.728,-0.0,-0.728,0.6838404318181909,-1.1745962727280337,0.25615956818180907
84,"([0, 0, 0, 0, 1, 0], [4])","([0.11, 0.25, 0.27, 0.1, 0.06, 0.2], [1])",-0.0,-0.0,-0.0,-0.0,-0.728,-0.0,-0.728,0.6838404318181909,-1.1304367045462245,0.25615956818180907
85,"([0, 0, 0, 0, 1, 0], [4])","([0.11, 0.25, 0.27, 0.1, 0.06, 0.2], [1])",-0.0,-0.0,-0.0,-0.0,-0.728,-0.0,-0.728,0.6838404318181909,-1.0862771363644153,0.25615956818180907
86,"([0, 0, 0, 0, 1, 0], [4])","([0.11, 0.25, 0.27, 0.1, 0.06, 0.2], [2])",-0.0,-0.0,-0.0,-0.0,-0.728,-0.0,-0.728,0.6838404318181909,-1.042117568182606,0.25615956818180907
87,"([0, 0, 0, 0, 1, 0], [4])","([0.11, 0.25, 0.27, 0.1, 0.06, 0.2], [5])",-0.0,-0.0,-0.0,-0.0,-0.728,-0.0,-0.728,0.6838404318181909,-0.9979580000007969,0.25615956818180907
88,"([0, 0, 0, 0, 1, 0], [4])","([0.11, 0.25, 0.27, 0.1, 0.06, 0.2], [1])",-0.0,-0.0,-0.0,-0.0,-0.728,-0.0,-0.728,0.6838404318181909,-0.9537984318189878,0.25615956818180907
89,"([0, 0, 0, 0, 1, 0], [4])","([0.11, 0.25, 0.27, 0.1, 0.06, 0.2], [5])",-0.0,-0.0,-0.0,-0.0,-0.728,-0.0,-0.728,0.6838404318181909,-0.9096388636371787,0.25615956818180907
90,"([0, 0, 0, 0, 1, 0], [4])","([0.11, 0.25, 0.27, 0.1, 0.06, 0.2], [5])",-0.0,-0.0,-0.0,-0.0,-0.728,-0.0,-0.728,0.6838404318181909,-0.8654792954553696,0.25615956818180907
91,"([0, 0, 0, 0, 1, 0], [4])","([0.11, 0.25, 0.27, 0.1, 0.06, 0.2], [2])",-0.0,-0.0,-0.0,-0.0,-0.728,-0.0,-0.728,0.6838404318181909,-0.8213197272735605,0.25615956818180907
92,"([0, 0, 0, 0, 1, 0], [4])","([0.11, 0.25, 0.27, 0.1, 0.06, 0.2], [2])",-0.0,-0.0,-0.0,-0.0,-0.728,-0.0,-0.728,0.6838404318181909,-0.7771601590917514,0.25615956818180907
93,"([0, 0, 0, 0, 1, 0], [4])","([0.11, 0.25, 0.27, 0.1, 0.06, 0.2], [1])",-0.0,-0.0,-0.0,-0.0,-0.728,-0.0,-0.728,0.6838404318181909,-0.7330005909099423,0.25615956818180907
94,"([0, 0, 0, 0, 1, 0], [4])","([0.11, 0.25, 0.27, 0.1, 0.06, 0.2], [5])",-0.0,-0.0,-0.0,-0.0,-0.728,-0.0,-0.728,0.6838404318181909,-0.6888410227281332,0.25615956818180907
95,"([0, 0, 0, 0, 1, 0], [4])","([0.11, 0.25, 0.27, 0.1, 0.06, 0.2], [0])",-0.0,-0.0,-0.0,-0.0,-0.728,-0.0,-0.728,0.6838404318181909,-0.6446814545463241,0.25615956818180907
96,"([0, 0, 0, 0, 1, 0], [4])","([0.11, 0.25, 0.27, 0.1, 0.06, 0.2], [1])",-0.0,-0.0,-0.0,-0.0,-0.728,-0.0,-0.728,0.6838404318181909,-0.600521886364515,0.25615956818180907
97,"([0, 0, 0, 0, 1, 0], [4])","([0.11, 0.25, 0.27, 0.1, 0.06, 0.2], [1])",-0.0,-0.0,-0.0,-0.0,-0.728,-0.0,-0.728,0.6838404318181909,-0.5563623181827059,0.25615956818180907
98,"([0, 0, 0, 0, 1, 0], [4])","([0.11, 0.25, 0.27, 0.1, 0.06, 0.2], [5])",-0.0,-0.0,-0.0,-0.0,-0.728,-0.0,-0.728,0.6838404318181909,-0.5122027500008968,0.25615956818180907
99,"([0, 0, 0, 0, 1, 0], [4])","([0.11, 0.25, 0.27, 0.1, 0.06, 0.2], [0])",-0.0,-0.0,-0.0,-0.0,-0.728,-0.0,-0.728,0.6838404318181909,-0.46804318181908766,0.25615956818180907
