,sto-1,FB-0,feedback target 0,feedback target 1,feedback target 2,feedback target 3,feedback target 4,feedback target 5,total,exp_loss,actual_regret,exp_regret
0,"([0.5, 0.15, 0.12, 0.19, 0.02, 0.03], [0])","([0.2, 0.14, 0.24, 0.16, 0.08, 0.18], [1])",-0.711,-0.0,-0.0,-0.0,-0.0,-0.0,-0.711,0.5550983680128412,0.3798668668668669,0.2239652348797081
1,"([0.5, 0.15, 0.12, 0.19, 0.02, 0.03], [2])","([1, 0, 0, 0, 0, 0], [0])",-0.0,-0.0,-0.7909999999999999,-0.0,-0.0,-0.0,-0.7909999999999999,0.3311331331331331,0.8397337337337337,0.2239652348797081
2,"([0.5, 0.15, 0.12, 0.19, 0.02, 0.03], [0])","([1, 0, 0, 0, 0, 0], [0])",-0.0,-0.0,-0.0,-0.0,-0.0,-0.0,0.0,0.3311331331331331,0.5086006006006006,0.2239652348797081
3,"([0.5, 0.15, 0.12, 0.19, 0.02, 0.03], [0])","([1, 0, 0, 0, 0, 0], [0])",-0.0,-0.0,-0.0,-0.0,-0.0,-0.0,0.0,0.3311331331331331,0.17746746746746755,0.2239652348797081
4,"([0.5, 0.15, 0.12, 0.19, 0.02, 0.03], [3])","([1, 0, 0, 0, 0, 0], [0])",-0.0,-0.0,-0.0,-0.63,-0.0,-0.0,-0.63,0.3311331331331331,0.4763343343343345,0.2239652348797081
5,"([0.5, 0.15, 0.12, 0.19, 0.02, 0.03], [0])","([1, 0, 0, 0, 0, 0], [0])",-0.0,-0.0,-0.0,-0.0,-0.0,-0.0,0.0,0.3311331331331331,0.1452012012012014,0.2239652348797081
6,"([0.5, 0.15, 0.12, 0.19, 0.02, 0.03], [0])","([1, 0, 0, 0, 0, 0], [0])",-0.0,-0.0,-0.0,-0.0,-0.0,-0.0,0.0,0.3311331331331331,-0.1859319319319317,0.2239652348797081
7,"([0.5, 0.15, 0.12, 0.19, 0.02, 0.03], [0])","([1, 0, 0, 0, 0, 0], [0])",-0.0,-0.0,-0.0,-0.0,-0.0,-0.0,0.0,0.3311331331331331,-0.5170650650650648,0.2239652348797081
8,"([0.5, 0.15, 0.12, 0.19, 0.02, 0.03], [0])","([1, 0, 0, 0, 0, 0], [0])",-0.0,-0.0,-0.0,-0.0,-0.0,-0.0,0.0,0.3311331331331331,-0.8481981981981979,0.2239652348797081
9,"([0.5, 0.15, 0.12, 0.19, 0.02, 0.03], [1])","([1, 0, 0, 0, 0, 0], [0])",-0.0,-0.61,-0.0,-0.0,-0.0,-0.0,-0.61,0.3311331331331331,-0.569331331331331,0.2239652348797081
10,"([0.5, 0.15, 0.12, 0.19, 0.02, 0.03], [0])","([1, 0, 0, 0, 0, 0], [0])",-0.0,-0.0,-0.0,-0.0,-0.0,-0.0,0.0,0.3311331331331331,-0.900464464464464,0.2239652348797081
11,"([0.5, 0.15, 0.12, 0.19, 0.02, 0.03], [3])","([1, 0, 0, 0, 0, 0], [0])",-0.0,-0.0,-0.0,-0.63,-0.0,-0.0,-0.63,0.3311331331331331,-0.6015975975975971,0.2239652348797081
12,"([0.5, 0.15, 0.12, 0.19, 0.02, 0.03], [0])","([1, 0, 0, 0, 0, 0], [0])",-0.0,-0.0,-0.0,-0.0,-0.0,-0.0,0.0,0.3311331331331331,-0.9327307307307302,0.2239652348797081
13,"([0.5, 0.15, 0.12, 0.19, 0.02, 0.03], [2])","([1, 0, 0, 0, 0, 0], [0])",-0.0,-0.0,-0.7909999999999999,-0.0,-0.0,-0.0,-0.7909999999999999,0.3311331331331331,-0.47286386386386337,0.2239652348797081
14,"([0.5, 0.15, 0.12, 0.19, 0.02, 0.03], [0])","([1, 0, 0, 0, 0, 0], [0])",-0.0,-0.0,-0.0,-0.0,-0.0,-0.0,0.0,0.3311331331331331,-0.8039969969969964,0.2239652348797081
15,"([0.5, 0.15, 0.12, 0.19, 0.02, 0.03], [0])","([1, 0, 0, 0, 0, 0], [0])",-0.0,-0.0,-0.0,-0.0,-0.0,-0.0,0.0,0.3311331331331331,-1.1351301301301295,0.2239652348797081
16,"([0.5, 0.15, 0.12, 0.19, 0.02, 0.03], [0])","([1, 0, 0, 0, 0, 0], [0])",-0.0,-0.0,-0.0,-0.0,-0.0,-0.0,0.0,0.3311331331331331,-1.4662632632632626,0.2239652348797081
17,"([0.5, 0.15, 0.12, 0.19, 0.02, 0.03], [0])","([1, 0, 0, 0, 0, 0], [0])",-0.0,-0.0,-0.0,-0.0,-0.0,-0.0,0.0,0.3311331331331331,-1.7973963963963957,0.2239652348797081
18,"([0.5, 0.15, 0.12, 0.19, 0.02, 0.03], [2])","([1, 0, 0, 0, 0, 0], [0])",-0.0,-0.0,-0.7909999999999999,-0.0,-0.0,-0.0,-0.7909999999999999,0.3311331331331331,-1.3375295295295289,0.2239652348797081
19,"([0.5, 0.15, 0.12, 0.19, 0.02, 0.03], [3])","([1, 0, 0, 0, 0, 0], [0])",-0.0,-0.0,-0.0,-0.63,-0.0,-0.0,-0.63,0.3311331331331331,-1.038662662662662,0.2239652348797081
20,"([0.5, 0.15, 0.12, 0.19, 0.02, 0.03], [2])","([1, 0, 0, 0, 0, 0], [0])",-0.0,-0.0,-0.7909999999999999,-0.0,-0.0,-0.0,-0.7909999999999999,0.3311331331331331,-0.5787957957957952,0.2239652348797081
21,"([0.5, 0.15, 0.12, 0.19, 0.02, 0.03], [3])","([1, 0, 0, 0, 0, 0], [0])",-0.0,-0.0,-0.0,-0.63,-0.0,-0.0,-0.63,0.3311331331331331,-0.2799289289289283,0.2239652348797081
22,"([0.5, 0.15, 0.12, 0.19, 0.02, 0.03], [3])","([1, 0, 0, 0, 0, 0], [0])",-0.0,-0.0,-0.0,-0.63,-0.0,-0.0,-0.63,0.3311331331331331,0.01893793793793863,0.2239652348797081
23,"([0.5, 0.15, 0.12, 0.19, 0.02, 0.03], [0])","([1, 0, 0, 0, 0, 0], [0])",-0.0,-0.0,-0.0,-0.0,-0.0,-0.0,0.0,0.3311331331331331,-0.31219519519519445,0.2239652348797081
24,"([0.5, 0.15, 0.12, 0.19, 0.02, 0.03], [1])","([1, 0, 0, 0, 0, 0], [0])",-0.0,-0.61,-0.0,-0.0,-0.0,-0.0,-0.61,0.3311331331331331,-0.03332832832832755,0.2239652348797081
25,"([0.5, 0.15, 0.12, 0.19, 0.02, 0.03], [1])","([1, 0, 0, 0, 0, 0], [0])",-0.0,-0.61,-0.0,-0.0,-0.0,-0.0,-0.61,0.3311331331331331,0.24553853853853935,0.2239652348797081
26,"([0.5, 0.15, 0.12, 0.19, 0.02, 0.03], [0])","([1, 0, 0, 0, 0, 0], [0])",-0.0,-0.0,-0.0,-0.0,-0.0,-0.0,0.0,0.3311331331331331,-0.08559459459459373,0.2239652348797081
27,"([0.5, 0.15, 0.12, 0.19, 0.02, 0.03], [1])","([1, 0, 0, 0, 0, 0], [0])",-0.0,-0.61,-0.0,-0.0,-0.0,-0.0,-0.61,0.3311331331331331,0.19327227227227317,0.2239652348797081
28,"([0.5, 0.15, 0.12, 0.19, 0.02, 0.03], [0])","([1, 0, 0, 0, 0, 0], [0])",-0.0,-0.0,-0.0,-0.0,-0.0,-0.0,0.0,0.3311331331331331,-0.1378608608608599,0.2239652348797081
29,"([0.5, 0.15, 0.12, 0.19, 0.02, 0.03], [0])","([1, 0, 0, 0, 0, 0], [0])",-0.0,-0.0,-0.0,-0.0,-0.0,-0.0,0.0,0.3311331331331331,-0.468993993993993,0.2239652348797081
30,"([0.5, 0.15, 0.12, 0.19, 0.02, 0.03], [2])","([1, 0, 0, 0, 0, 0], [0])",-0.0,-0.0,-0.7909999999999999,-0.0,-0.0,-0.0,-0.7909999999999999,0.3311331331331331,-0.009127127127126156,0.2239652348797081
31,"([0.5, 0.15, 0.12, 0.19, 0.02, 0.03], [2])","([1, 0, 0, 0, 0, 0], [0])",-0.0,-0.0,-0.7909999999999999,-0.0,-0.0,-0.0,-0.7909999999999999,0.3311331331331331,0.4507397397397407,0.2239652348797081
32,"([0.5, 0.15, 0.12, 0.19, 0.02, 0.03], [0])","([1, 0, 0, 0, 0, 0], [0])",-0.0,-0.0,-0.0,-0.0,-0.0,-0.0,0.0,0.3311331331331331,0.1196066066066076,0.2239652348797081
33,"([0.5, 0.15, 0.12, 0.19, 0.02, 0.03], [0])","([1, 0, 0, 0, 0, 0], [0])",-0.0,-0.0,-0.0,-0.0,-0.0,-0.0,0.0,0.3311331331331331,-0.21152652652652548,0.2239652348797081
34,"([0.5, 0.15, 0.12, 0.19, 0.02, 0.03], [2])","([1, 0, 0, 0, 0, 0], [0])",-0.0,-0.0,-0.7909999999999999,-0.0,-0.0,-0.0,-0.7909999999999999,0.3311331331331331,0.24834034034034136,0.2239652348797081
35,"([0.5, 0.15, 0.12, 0.19, 0.02, 0.03], [0])","([1, 0, 0, 0, 0, 0], [0])",-0.0,-0.0,-0.0,-0.0,-0.0,-0.0,0.0,0.3311331331331331,-0.08279279279279173,0.2239652348797081
36,"([0.5, 0.15, 0.12, 0.19, 0.02, 0.03], [0])","([1, 0, 0, 0, 0, 0], [0])",-0.0,-0.0,-0.0,-0.0,-0.0,-0.0,0.0,0.3311331331331331,-0.4139259259259248,0.2239652348797081
37,"([0.5, 0.15, 0.12, 0.19, 0.02, 0.03], [3])","([1, 0, 0, 0, 0, 0], [0])",-0.0,-0.0,-0.0,-0.63,-0.0,-0.0,-0.63,0.3311331331331331,-0.11505905905905789,0.2239652348797081
38,"([0.5, 0.15, 0.12, 0.19, 0.02, 0.03], [0])","([1, 0, 0, 0, 0, 0], [0])",-0.0,-0.0,-0.0,-0.0,-0.0,-0.0,0.0,0.3311331331331331,-0.446192192192191,0.2239652348797081
39,"([0.5, 0.15, 0.12, 0.19, 0.02, 0.03], [3])","([1, 0, 0, 0, 0, 0], [0])",-0.0,-0.0,-0.0,-0.63,-0.0,-0.0,-0.63,0.3311331331331331,-0.14732532532532405,0.2239652348797081
40,"([0.5, 0.15, 0.12, 0.19, 0.02, 0.03], [0])","([1, 0, 0, 0, 0, 0], [0])",-0.0,-0.0,-0.0,-0.0,-0.0,-0.0,0.0,0.3311331331331331,-0.47845845845845714,0.2239652348797081
41,"([0.5, 0.15, 0.12, 0.19, 0.02, 0.03], [3])","([1, 0, 0, 0, 0, 0], [0])",-0.0,-0.0,-0.0,-0.63,-0.0,-0.0,-0.63,0.3311331331331331,-0.17959159159159022,0.2239652348797081
42,"([0.5, 0.15, 0.12, 0.19, 0.02, 0.03], [1])","([1, 0, 0, 0, 0, 0], [0])",-0.0,-0.61,-0.0,-0.0,-0.0,-0.0,-0.61,0.3311331331331331,0.09927527527527669,0.2239652348797081
43,"([0.5, 0.15, 0.12, 0.19, 0.02, 0.03], [0])","([1, 0, 0, 0, 0, 0], [0])",-0.0,-0.0,-0.0,-0.0,-0.0,-0.0,0.0,0.3311331331331331,-0.2318578578578564,0.2239652348797081
44,"([0.5, 0.15, 0.12, 0.19, 0.02, 0.03], [2])","([1, 0, 0, 0, 0, 0], [0])",-0.0,-0.0,-0.7909999999999999,-0.0,-0.0,-0.0,-0.7909999999999999,0.3311331331331331,0.22800900900901044,0.2239652348797081
45,"([0.5, 0.15, 0.12, 0.19, 0.02, 0.03], [0])","([1, 0, 0, 0, 0, 0], [0])",-0.0,-0.0,-0.0,-0.0,-0.0,-0.0,0.0,0.3311331331331331,-0.10312412412412264,0.2239652348797081
46,"([0.5, 0.15, 0.12, 0.19, 0.02, 0.03], [0])","([1, 0, 0, 0, 0, 0], [0])",-0.0,-0.0,-0.0,-0.0,-0.0,-0.0,0.0,0.3311331331331331,-0.4342572572572557,0.2239652348797081
47,"([0.5, 0.15, 0.12, 0.19, 0.02, 0.03], [3])","([1, 0, 0, 0, 0, 0], [0])",-0.0,-0.0,-0.0,-0.63,-0.0,-0.0,-0.63,0.3311331331331331,-0.1353903903903888,0.2239652348797081
48,"([0.5, 0.15, 0.12, 0.19, 0.02, 0.03], [0])","([1, 0, 0, 0, 0, 0], [0])",-0.0,-0.0,-0.0,-0.0,-0.0,-0.0,0.0,0.3311331331331331,-0.4665235235235219,0.2239652348797081
49,"([0.5, 0.15, 0.12, 0.19, 0.02, 0.03], [0])","([1, 0, 0, 0, 0, 0], [0])",-0.0,-0.0,-0.0,-0.0,-0.0,-0.0,0.0,0.3311331331331331,-0.797656656656655,0.2239652348797081
50,"([0.5, 0.15, 0.12, 0.19, 0.02, 0.03], [2])","([1, 0, 0, 0, 0, 0], [0])",-0.0,-0.0,-0.7909999999999999,-0.0,-0.0,-0.0,-0.7909999999999999,0.3311331331331331,-0.33778978978978813,0.2239652348797081
51,"([0.5, 0.15, 0.12, 0.19, 0.02, 0.03], [3])","([1, 0, 0, 0, 0, 0], [0])",-0.0,-0.0,-0.0,-0.63,-0.0,-0.0,-0.63,0.3311331331331331,-0.03892292292292121,0.2239652348797081
52,"([0.5, 0.15, 0.12, 0.19, 0.02, 0.03], [4])","([1, 0, 0, 0, 0, 0], [0])",-0.0,-0.0,-0.0,-0.0,-0.544,-0.0,-0.544,0.3311331331331331,0.17394394394394574,0.2239652348797081
53,"([0.5, 0.15, 0.12, 0.19, 0.02, 0.03], [1])","([1, 0, 0, 0, 0, 0], [0])",-0.0,-0.61,-0.0,-0.0,-0.0,-0.0,-0.61,0.3311331331331331,0.45281081081081265,0.2239652348797081
54,"([0.5, 0.15, 0.12, 0.19, 0.02, 0.03], [2])","([1, 0, 0, 0, 0, 0], [0])",-0.0,-0.0,-0.7909999999999999,-0.0,-0.0,-0.0,-0.7909999999999999,0.3311331331331331,0.9126776776776795,0.2239652348797081
55,"([0.5, 0.15, 0.12, 0.19, 0.02, 0.03], [0])","([1, 0, 0, 0, 0, 0], [0])",-0.0,-0.0,-0.0,-0.0,-0.0,-0.0,0.0,0.3311331331331331,0.5815445445445464,0.2239652348797081
56,"([0.5, 0.15, 0.12, 0.19, 0.02, 0.03], [3])","([1, 0, 0, 0, 0, 0], [0])",-0.0,-0.0,-0.0,-0.63,-0.0,-0.0,-0.63,0.3311331331331331,0.8804114114114133,0.2239652348797081
57,"([0.5, 0.15, 0.12, 0.19, 0.02, 0.03], [4])","([1, 0, 0, 0, 0, 0], [0])",-0.0,-0.0,-0.0,-0.0,-0.544,-0.0,-0.544,0.3311331331331331,1.0932782782782802,0.2239652348797081
58,"([0.5, 0.15, 0.12, 0.19, 0.02, 0.03], [0])","([1, 0, 0, 0, 0, 0], [0])",-0.0,-0.0,-0.0,-0.0,-0.0,-0.0,0.0,0.3311331331331331,0.7621451451451471,0.2239652348797081
59,"([0.5, 0.15, 0.12, 0.19, 0.02, 0.03], [0])","([1, 0, 0, 0, 0, 0], [0])",-0.0,-0.0,-0.0,-0.0,-0.0,-0.0,0.0,0.3311331331331331,0.431012012012014,0.2239652348797081
60,"([0.5, 0.15, 0.12, 0.19, 0.02, 0.03], [0])","([1, 0, 0, 0, 0, 0], [0])",-0.0,-0.0,-0.0,-0.0,-0.0,-0.0,0.0,0.3311331331331331,0.09987887887888092,0.2239652348797081
61,"([0.5, 0.15, 0.12, 0.19, 0.02, 0.03], [2])","([1, 0, 0, 0, 0, 0], [0])",-0.0,-0.0,-0.7909999999999999,-0.0,-0.0,-0.0,-0.7909999999999999,0.3311331331331331,0.5597457457457478,0.2239652348797081
62,"([0.5, 0.15, 0.12, 0.19, 0.02, 0.03], [0])","([1, 0, 0, 0, 0, 0], [0])",-0.0,-0.0,-0.0,-0.0,-0.0,-0.0,0.0,0.3311331331331331,0.22861261261261467,0.2239652348797081
63,"([0.5, 0.15, 0.12, 0.19, 0.02, 0.03], [0])","([1, 0, 0, 0, 0, 0], [0])",-0.0,-0.0,-0.0,-0.0,-0.0,-0.0,0.0,0.3311331331331331,-0.10252052052051841,0.2239652348797081
64,"([0.5, 0.15, 0.12, 0.19, 0.02, 0.03], [3])","([1, 0, 0, 0, 0, 0], [0])",-0.0,-0.0,-0.0,-0.63,-0.0,-0.0,-0.63,0.3311331331331331,0.1963463463463485,0.2239652348797081
65,"([0.5, 0.15, 0.12, 0.19, 0.02, 0.03], [0])","([1, 0, 0, 0, 0, 0], [0])",-0.0,-0.0,-0.0,-0.0,-0.0,-0.0,0.0,0.3311331331331331,-0.13478678678678457,0.2239652348797081
66,"([0.5, 0.15, 0.12, 0.19, 0.02, 0.03], [0])","([1, 0, 0, 0, 0, 0], [0])",-0.0,-0.0,-0.0,-0.0,-0.0,-0.0,0.0,0.3311331331331331,-0.46591991991991766,0.2239652348797081
67,"([0.5, 0.15, 0.12, 0.19, 0.02, 0.03], [1])","([1, 0, 0, 0, 0, 0], [0])",-0.0,-0.61,-0.0,-0.0,-0.0,-0.0,-0.61,0.3311331331331331,-0.18705305305305076,0.2239652348797081
68,"([0.5, 0.15, 0.12, 0.19, 0.02, 0.03], [2])","([1, 0, 0, 0, 0, 0], [0])",-0.0,-0.0,-0.7909999999999999,-0.0,-0.0,-0.0,-0.7909999999999999,0.3311331331331331,0.2728138138138161,0.2239652348797081
69,"([0.5, 0.15, 0.12, 0.19, 0.02, 0.03], [1])","([1, 0, 0, 0, 0, 0], [0])",-0.0,-0.61,-0.0,-0.0,-0.0,-0.0,-0.61,0.3311331331331331,0.551680680680683,0.2239652348797081
70,"([0.5, 0.15, 0.12, 0.19, 0.02, 0.03], [1])","([1, 0, 0, 0, 0, 0], [0])",-0.0,-0.61,-0.0,-0.0,-0.0,-0.0,-0.61,0.3311331331331331,0.8305475475475499,0.2239652348797081
71,"([0.5, 0.15, 0.12, 0.19, 0.02, 0.03], [0])","([1, 0, 0, 0, 0, 0], [0])",-0.0,-0.0,-0.0,-0.0,-0.0,-0.0,0.0,0.3311331331331331,0.4994144144144168,0.2239652348797081
72,"([0.5, 0.15, 0.12, 0.19, 0.02, 0.03], [0])","([1, 0, 0, 0, 0, 0], [0])",-0.0,-0.0,-0.0,-0.0,-0.0,-0.0,0.0,0.3311331331331331,0.16828128128128372,0.2239652348797081
73,"([0.5, 0.15, 0.12, 0.19, 0.02, 0.03], [3])","([1, 0, 0, 0, 0, 0], [0])",-0.0,-0.0,-0.0,-0.63,-0.0,-0.0,-0.63,0.3311331331331331,0.46714814814815064,0.2239652348797081
74,"([0.5, 0.15, 0.12, 0.19, 0.02, 0.03], [2])","([1, 0, 0, 0, 0, 0], [0])",-0.0,-0.0,-0.7909999999999999,-0.0,-0.0,-0.0,-0.7909999999999999,0.3311331331331331,0.9270150150150175,0.2239652348797081
75,"([0.5, 0.15, 0.12, 0.19, 0.02, 0.03], [0])","([1, 0, 0, 0, 0, 0], [0])",-0.0,-0.0,-0.0,-0.0,-0.0,-0.0,0.0,0.3311331331331331,0.5958818818818844,0.2239652348797081
76,"([0.5, 0.15, 0.12, 0.19, 0.02, 0.03], [2])","([1, 0, 0, 0, 0, 0], [0])",-0.0,-0.0,-0.7909999999999999,-0.0,-0.0,-0.0,-0.7909999999999999,0.3311331331331331,1.0557487487487514,0.2239652348797081
77,"([0.5, 0.15, 0.12, 0.19, 0.02, 0.03], [2])","([1, 0, 0, 0, 0, 0], [0])",-0.0,-0.0,-0.7909999999999999,-0.0,-0.0,-0.0,-0.7909999999999999,0.3311331331331331,1.5156156156156182,0.2239652348797081
78,"([0.5, 0.15, 0.12, 0.19, 0.02, 0.03], [1])","([1, 0, 0, 0, 0, 0], [0])",-0.0,-0.61,-0.0,-0.0,-0.0,-0.0,-0.61,0.3311331331331331,1.794482482482485,0.2239652348797081
79,"([0.5, 0.15, 0.12, 0.19, 0.02, 0.03], [0])","([1, 0, 0, 0, 0, 0], [0])",-0.0,-0.0,-0.0,-0.0,-0.0,-0.0,0.0,0.3311331331331331,1.463349349349352,0.2239652348797081
80,"([0.5, 0.15, 0.12, 0.19, 0.02, 0.03], [2])","([1, 0, 0, 0, 0, 0], [0])",-0.0,-0.0,-0.7909999999999999,-0.0,-0.0,-0.0,-0.7909999999999999,0.3311331331331331,1.9232162162162187,0.2239652348797081
81,"([0.5, 0.15, 0.12, 0.19, 0.02, 0.03], [0])","([1, 0, 0, 0, 0, 0], [0])",-0.0,-0.0,-0.0,-0.0,-0.0,-0.0,0.0,0.3311331331331331,1.5920830830830857,0.2239652348797081
82,"([0.5, 0.15, 0.12, 0.19, 0.02, 0.03], [4])","([1, 0, 0, 0, 0, 0], [0])",-0.0,-0.0,-0.0,-0.0,-0.544,-0.0,-0.544,0.3311331331331331,1.8049499499499526,0.2239652348797081
83,"([0.5, 0.15, 0.12, 0.19, 0.02, 0.03], [1])","([1, 0, 0, 0, 0, 0], [0])",-0.0,-0.61,-0.0,-0.0,-0.0,-0.0,-0.61,0.3311331331331331,2.0838168168168196,0.2239652348797081
84,"([0.5, 0.15, 0.12, 0.19, 0.02, 0.03], [0])","([1, 0, 0, 0, 0, 0], [0])",-0.0,-0.0,-0.0,-0.0,-0.0,-0.0,0.0,0.3311331331331331,1.7526836836836865,0.2239652348797081
85,"([0.5, 0.15, 0.12, 0.19, 0.02, 0.03], [0])","([1, 0, 0, 0, 0, 0], [0])",-0.0,-0.0,-0.0,-0.0,-0.0,-0.0,0.0,0.3311331331331331,1.4215505505505535,0.2239652348797081
86,"([0.5, 0.15, 0.12, 0.19, 0.02, 0.03], [3])","([1, 0, 0, 0, 0, 0], [0])",-0.0,-0.0,-0.0,-0.63,-0.0,-0.0,-0.63,0.3311331331331331,1.7204174174174205,0.2239652348797081
87,"([0.5, 0.15, 0.12, 0.19, 0.02, 0.03], [0])","([1, 0, 0, 0, 0, 0], [0])",-0.0,-0.0,-0.0,-0.0,-0.0,-0.0,0.0,0.3311331331331331,1.3892842842842874,0.2239652348797081
88,"([0.5, 0.15, 0.12, 0.19, 0.02, 0.03], [3])","([1, 0, 0, 0, 0, 0], [0])",-0.0,-0.0,-0.0,-0.63,-0.0,-0.0,-0.63,0.3311331331331331,1.6881511511511542,0.2239652348797081
89,"([0.5, 0.15, 0.12, 0.19, 0.02, 0.03], [3])","([1, 0, 0, 0, 0, 0], [0])",-0.0,-0.0,-0.0,-0.63,-0.0,-0.0,-0.63,0.3311331331331331,1.9870180180180212,0.2239652348797081
90,"([0.5, 0.15, 0.12, 0.19, 0.02, 0.03], [2])","([1, 0, 0, 0, 0, 0], [0])",-0.0,-0.0,-0.7909999999999999,-0.0,-0.0,-0.0,-0.7909999999999999,0.3311331331331331,2.446884884884888,0.2239652348797081
91,"([0.5, 0.15, 0.12, 0.19, 0.02, 0.03], [3])","([1, 0, 0, 0, 0, 0], [0])",-0.0,-0.0,-0.0,-0.63,-0.0,-0.0,-0.63,0.3311331331331331,2.745751751751755,0.2239652348797081
92,"([0.5, 0.15, 0.12, 0.19, 0.02, 0.03], [0])","([1, 0, 0, 0, 0, 0], [0])",-0.0,-0.0,-0.0,-0.0,-0.0,-0.0,0.0,0.3311331331331331,2.414618618618622,0.2239652348797081
93,"([0.5, 0.15, 0.12, 0.19, 0.02, 0.03], [0])","([1, 0, 0, 0, 0, 0], [0])",-0.0,-0.0,-0.0,-0.0,-0.0,-0.0,0.0,0.3311331331331331,2.0834854854854887,0.2239652348797081
94,"([0.5, 0.15, 0.12, 0.19, 0.02, 0.03], [0])","([1, 0, 0, 0, 0, 0], [0])",-0.0,-0.0,-0.0,-0.0,-0.0,-0.0,0.0,0.3311331331331331,1.7523523523523556,0.2239652348797081
95,"([0.5, 0.15, 0.12, 0.19, 0.02, 0.03], [1])","([1, 0, 0, 0, 0, 0], [0])",-0.0,-0.61,-0.0,-0.0,-0.0,-0.0,-0.61,0.3311331331331331,2.0312192192192224,0.2239652348797081
96,"([0.5, 0.15, 0.12, 0.19, 0.02, 0.03], [0])","([1, 0, 0, 0, 0, 0], [0])",-0.0,-0.0,-0.0,-0.0,-0.0,-0.0,0.0,0.3311331331331331,1.7000860860860894,0.2239652348797081
97,"([0.5, 0.15, 0.12, 0.19, 0.02, 0.03], [0])","([1, 0, 0, 0, 0, 0], [0])",-0.0,-0.0,-0.0,-0.0,-0.0,-0.0,0.0,0.3311331331331331,1.3689529529529563,0.2239652348797081
98,"([0.5, 0.15, 0.12, 0.19, 0.02, 0.03], [0])","([1, 0, 0, 0, 0, 0], [0])",-0.0,-0.0,-0.0,-0.0,-0.0,-0.0,0.0,0.3311331331331331,1.0378198198198232,0.2239652348797081
99,"([0.5, 0.15, 0.12, 0.19, 0.02, 0.03], [0])","([1, 0, 0, 0, 0, 0], [0])",-0.0,-0.0,-0.0,-0.0,-0.0,-0.0,0.0,0.3311331331331331,0.7066866866866901,0.2239652348797081
