,sto-1,FB-0,feedback target 0,feedback target 1,feedback target 2,feedback target 3,feedback target 4,feedback target 5,total,exp_loss,actual_regret,exp_regret
0,"([0.5, 0.15, 0.12, 0.19, 0.02, 0.03], [0])","([0, 0, 1, 0, 0, 0], [2])",-0.711,-0.0,-0.0,-0.0,-0.0,-0.0,-0.711,0.5937177177177175,0.3798668668668669,0.26258458458458445
1,"([0.5, 0.15, 0.12, 0.19, 0.02, 0.03], [3])","([0.24, 0.11, 0.32, 0.14, 0.01, 0.19], [2])",-0.0,-0.0,-0.0,-0.63,-0.0,-0.0,-0.63,0.5410320020698809,0.6787337337337338,0.47248345352133225
2,"([0.5, 0.15, 0.12, 0.19, 0.02, 0.03], [0])","([1, 0, 0, 0, 0, 0], [0])",-0.0,-0.0,-0.0,-0.0,-0.0,-0.0,0.0,0.3311331331331331,0.3476006006006007,0.47248345352133225
3,"([0.5, 0.15, 0.12, 0.19, 0.02, 0.03], [0])","([1, 0, 0, 0, 0, 0], [0])",-0.0,-0.0,-0.0,-0.0,-0.0,-0.0,0.0,0.3311331331331331,0.016467467467467634,0.47248345352133225
4,"([0.5, 0.15, 0.12, 0.19, 0.02, 0.03], [2])","([1, 0, 0, 0, 0, 0], [0])",-0.0,-0.0,-0.7909999999999999,-0.0,-0.0,-0.0,-0.7909999999999999,0.3311331331331331,0.4763343343343345,0.47248345352133225
5,"([0.5, 0.15, 0.12, 0.19, 0.02, 0.03], [2])","([1, 0, 0, 0, 0, 0], [0])",-0.0,-0.0,-0.7909999999999999,-0.0,-0.0,-0.0,-0.7909999999999999,0.3311331331331331,0.9362012012012013,0.47248345352133225
6,"([0.5, 0.15, 0.12, 0.19, 0.02, 0.03], [0])","([1, 0, 0, 0, 0, 0], [0])",-0.0,-0.0,-0.0,-0.0,-0.0,-0.0,0.0,0.3311331331331331,0.6050680680680682,0.47248345352133225
7,"([0.5, 0.15, 0.12, 0.19, 0.02, 0.03], [3])","([1, 0, 0, 0, 0, 0], [0])",-0.0,-0.0,-0.0,-0.63,-0.0,-0.0,-0.63,0.3311331331331331,0.9039349349349352,0.47248345352133225
8,"([0.5, 0.15, 0.12, 0.19, 0.02, 0.03], [0])","([1, 0, 0, 0, 0, 0], [0])",-0.0,-0.0,-0.0,-0.0,-0.0,-0.0,0.0,0.3311331331331331,0.5728018018018021,0.47248345352133225
9,"([0.5, 0.15, 0.12, 0.19, 0.02, 0.03], [1])","([1, 0, 0, 0, 0, 0], [0])",-0.0,-0.61,-0.0,-0.0,-0.0,-0.0,-0.61,0.3311331331331331,0.851668668668669,0.47248345352133225
10,"([0.5, 0.15, 0.12, 0.19, 0.02, 0.03], [0])","([1, 0, 0, 0, 0, 0], [0])",-0.0,-0.0,-0.0,-0.0,-0.0,-0.0,0.0,0.3311331331331331,0.5205355355355359,0.47248345352133225
11,"([0.5, 0.15, 0.12, 0.19, 0.02, 0.03], [0])","([1, 0, 0, 0, 0, 0], [0])",-0.0,-0.0,-0.0,-0.0,-0.0,-0.0,0.0,0.3311331331331331,0.1894024024024028,0.47248345352133225
12,"([0.5, 0.15, 0.12, 0.19, 0.02, 0.03], [0])","([1, 0, 0, 0, 0, 0], [0])",-0.0,-0.0,-0.0,-0.0,-0.0,-0.0,0.0,0.3311331331331331,-0.14173073073073028,0.47248345352133225
13,"([0.5, 0.15, 0.12, 0.19, 0.02, 0.03], [0])","([1, 0, 0, 0, 0, 0], [0])",-0.0,-0.0,-0.0,-0.0,-0.0,-0.0,0.0,0.3311331331331331,-0.47286386386386337,0.47248345352133225
14,"([0.5, 0.15, 0.12, 0.19, 0.02, 0.03], [3])","([1, 0, 0, 0, 0, 0], [0])",-0.0,-0.0,-0.0,-0.63,-0.0,-0.0,-0.63,0.3311331331331331,-0.17399699699699644,0.47248345352133225
15,"([0.5, 0.15, 0.12, 0.19, 0.02, 0.03], [0])","([1, 0, 0, 0, 0, 0], [0])",-0.0,-0.0,-0.0,-0.0,-0.0,-0.0,0.0,0.3311331331331331,-0.5051301301301295,0.47248345352133225
16,"([0.5, 0.15, 0.12, 0.19, 0.02, 0.03], [1])","([1, 0, 0, 0, 0, 0], [0])",-0.0,-0.61,-0.0,-0.0,-0.0,-0.0,-0.61,0.3311331331331331,-0.22626326326326263,0.47248345352133225
17,"([0.5, 0.15, 0.12, 0.19, 0.02, 0.03], [3])","([1, 0, 0, 0, 0, 0], [0])",-0.0,-0.0,-0.0,-0.63,-0.0,-0.0,-0.63,0.3311331331331331,0.0726036036036043,0.47248345352133225
18,"([0.5, 0.15, 0.12, 0.19, 0.02, 0.03], [2])","([1, 0, 0, 0, 0, 0], [0])",-0.0,-0.0,-0.7909999999999999,-0.0,-0.0,-0.0,-0.7909999999999999,0.3311331331331331,0.5324704704704711,0.47248345352133225
19,"([0.5, 0.15, 0.12, 0.19, 0.02, 0.03], [0])","([1, 0, 0, 0, 0, 0], [0])",-0.0,-0.0,-0.0,-0.0,-0.0,-0.0,0.0,0.3311331331331331,0.20133733733733805,0.47248345352133225
20,"([0.5, 0.15, 0.12, 0.19, 0.02, 0.03], [0])","([1, 0, 0, 0, 0, 0], [0])",-0.0,-0.0,-0.0,-0.0,-0.0,-0.0,0.0,0.3311331331331331,-0.12979579579579503,0.47248345352133225
21,"([0.5, 0.15, 0.12, 0.19, 0.02, 0.03], [1])","([1, 0, 0, 0, 0, 0], [0])",-0.0,-0.61,-0.0,-0.0,-0.0,-0.0,-0.61,0.3311331331331331,0.14907107107107187,0.47248345352133225
22,"([0.5, 0.15, 0.12, 0.19, 0.02, 0.03], [1])","([1, 0, 0, 0, 0, 0], [0])",-0.0,-0.61,-0.0,-0.0,-0.0,-0.0,-0.61,0.3311331331331331,0.4279379379379388,0.47248345352133225
23,"([0.5, 0.15, 0.12, 0.19, 0.02, 0.03], [0])","([1, 0, 0, 0, 0, 0], [0])",-0.0,-0.0,-0.0,-0.0,-0.0,-0.0,0.0,0.3311331331331331,0.09680480480480569,0.47248345352133225
24,"([0.5, 0.15, 0.12, 0.19, 0.02, 0.03], [1])","([1, 0, 0, 0, 0, 0], [0])",-0.0,-0.61,-0.0,-0.0,-0.0,-0.0,-0.61,0.3311331331331331,0.3756716716716726,0.47248345352133225
25,"([0.5, 0.15, 0.12, 0.19, 0.02, 0.03], [2])","([1, 0, 0, 0, 0, 0], [0])",-0.0,-0.0,-0.7909999999999999,-0.0,-0.0,-0.0,-0.7909999999999999,0.3311331331331331,0.8355385385385394,0.47248345352133225
26,"([0.5, 0.15, 0.12, 0.19, 0.02, 0.03], [2])","([1, 0, 0, 0, 0, 0], [0])",-0.0,-0.0,-0.7909999999999999,-0.0,-0.0,-0.0,-0.7909999999999999,0.3311331331331331,1.2954054054054063,0.47248345352133225
27,"([0.5, 0.15, 0.12, 0.19, 0.02, 0.03], [0])","([1, 0, 0, 0, 0, 0], [0])",-0.0,-0.0,-0.0,-0.0,-0.0,-0.0,0.0,0.3311331331331331,0.9642722722722732,0.47248345352133225
28,"([0.5, 0.15, 0.12, 0.19, 0.02, 0.03], [0])","([1, 0, 0, 0, 0, 0], [0])",-0.0,-0.0,-0.0,-0.0,-0.0,-0.0,0.0,0.3311331331331331,0.6331391391391401,0.47248345352133225
29,"([0.5, 0.15, 0.12, 0.19, 0.02, 0.03], [0])","([1, 0, 0, 0, 0, 0], [0])",-0.0,-0.0,-0.0,-0.0,-0.0,-0.0,0.0,0.3311331331331331,0.302006006006007,0.47248345352133225
30,"([0.5, 0.15, 0.12, 0.19, 0.02, 0.03], [0])","([1, 0, 0, 0, 0, 0], [0])",-0.0,-0.0,-0.0,-0.0,-0.0,-0.0,0.0,0.3311331331331331,-0.029127127127126062,0.47248345352133225
31,"([0.5, 0.15, 0.12, 0.19, 0.02, 0.03], [5])","([1, 0, 0, 0, 0, 0], [0])",-0.0,-0.0,-0.0,-0.0,-0.0,-0.664,-0.664,0.3311331331331331,0.3037397397397409,0.47248345352133225
32,"([0.5, 0.15, 0.12, 0.19, 0.02, 0.03], [0])","([1, 0, 0, 0, 0, 0], [0])",-0.0,-0.0,-0.0,-0.0,-0.0,-0.0,0.0,0.3311331331331331,-0.027393393393392196,0.47248345352133225
33,"([0.5, 0.15, 0.12, 0.19, 0.02, 0.03], [0])","([1, 0, 0, 0, 0, 0], [0])",-0.0,-0.0,-0.0,-0.0,-0.0,-0.0,0.0,0.3311331331331331,-0.3585265265265253,0.47248345352133225
34,"([0.5, 0.15, 0.12, 0.19, 0.02, 0.03], [1])","([1, 0, 0, 0, 0, 0], [0])",-0.0,-0.61,-0.0,-0.0,-0.0,-0.0,-0.61,0.3311331331331331,-0.07965965965965838,0.47248345352133225
35,"([0.5, 0.15, 0.12, 0.19, 0.02, 0.03], [2])","([1, 0, 0, 0, 0, 0], [0])",-0.0,-0.0,-0.7909999999999999,-0.0,-0.0,-0.0,-0.7909999999999999,0.3311331331331331,0.38020720720720846,0.47248345352133225
36,"([0.5, 0.15, 0.12, 0.19, 0.02, 0.03], [0])","([1, 0, 0, 0, 0, 0], [0])",-0.0,-0.0,-0.0,-0.0,-0.0,-0.0,0.0,0.3311331331331331,0.04907407407407538,0.47248345352133225
37,"([0.5, 0.15, 0.12, 0.19, 0.02, 0.03], [0])","([1, 0, 0, 0, 0, 0], [0])",-0.0,-0.0,-0.0,-0.0,-0.0,-0.0,0.0,0.3311331331331331,-0.2820590590590577,0.47248345352133225
38,"([0.5, 0.15, 0.12, 0.19, 0.02, 0.03], [0])","([1, 0, 0, 0, 0, 0], [0])",-0.0,-0.0,-0.0,-0.0,-0.0,-0.0,0.0,0.3311331331331331,-0.6131921921921908,0.47248345352133225
39,"([0.5, 0.15, 0.12, 0.19, 0.02, 0.03], [0])","([1, 0, 0, 0, 0, 0], [0])",-0.0,-0.0,-0.0,-0.0,-0.0,-0.0,0.0,0.3311331331331331,-0.9443253253253239,0.47248345352133225
40,"([0.5, 0.15, 0.12, 0.19, 0.02, 0.03], [3])","([1, 0, 0, 0, 0, 0], [0])",-0.0,-0.0,-0.0,-0.63,-0.0,-0.0,-0.63,0.3311331331331331,-0.645458458458457,0.47248345352133225
41,"([0.5, 0.15, 0.12, 0.19, 0.02, 0.03], [0])","([1, 0, 0, 0, 0, 0], [0])",-0.0,-0.0,-0.0,-0.0,-0.0,-0.0,0.0,0.3311331331331331,-0.97659159159159,0.47248345352133225
42,"([0.5, 0.15, 0.12, 0.19, 0.02, 0.03], [3])","([1, 0, 0, 0, 0, 0], [0])",-0.0,-0.0,-0.0,-0.63,-0.0,-0.0,-0.63,0.3311331331331331,-0.6777247247247231,0.47248345352133225
43,"([0.5, 0.15, 0.12, 0.19, 0.02, 0.03], [2])","([1, 0, 0, 0, 0, 0], [0])",-0.0,-0.0,-0.7909999999999999,-0.0,-0.0,-0.0,-0.7909999999999999,0.3311331331331331,-0.21785785785785627,0.47248345352133225
44,"([0.5, 0.15, 0.12, 0.19, 0.02, 0.03], [2])","([1, 0, 0, 0, 0, 0], [0])",-0.0,-0.0,-0.7909999999999999,-0.0,-0.0,-0.0,-0.7909999999999999,0.3311331331331331,0.24200900900901057,0.47248345352133225
45,"([0.5, 0.15, 0.12, 0.19, 0.02, 0.03], [0])","([1, 0, 0, 0, 0, 0], [0])",-0.0,-0.0,-0.0,-0.0,-0.0,-0.0,0.0,0.3311331331331331,-0.08912412412412252,0.47248345352133225
46,"([0.5, 0.15, 0.12, 0.19, 0.02, 0.03], [0])","([1, 0, 0, 0, 0, 0], [0])",-0.0,-0.0,-0.0,-0.0,-0.0,-0.0,0.0,0.3311331331331331,-0.4202572572572556,0.47248345352133225
47,"([0.5, 0.15, 0.12, 0.19, 0.02, 0.03], [1])","([1, 0, 0, 0, 0, 0], [0])",-0.0,-0.61,-0.0,-0.0,-0.0,-0.0,-0.61,0.3311331331331331,-0.1413903903903887,0.47248345352133225
48,"([0.5, 0.15, 0.12, 0.19, 0.02, 0.03], [2])","([1, 0, 0, 0, 0, 0], [0])",-0.0,-0.0,-0.7909999999999999,-0.0,-0.0,-0.0,-0.7909999999999999,0.3311331331331331,0.31847647647647814,0.47248345352133225
49,"([0.5, 0.15, 0.12, 0.19, 0.02, 0.03], [1])","([1, 0, 0, 0, 0, 0], [0])",-0.0,-0.61,-0.0,-0.0,-0.0,-0.0,-0.61,0.3311331331331331,0.597343343343345,0.47248345352133225
50,"([0.5, 0.15, 0.12, 0.19, 0.02, 0.03], [0])","([1, 0, 0, 0, 0, 0], [0])",-0.0,-0.0,-0.0,-0.0,-0.0,-0.0,0.0,0.3311331331331331,0.26621021021021196,0.47248345352133225
51,"([0.5, 0.15, 0.12, 0.19, 0.02, 0.03], [1])","([1, 0, 0, 0, 0, 0], [0])",-0.0,-0.61,-0.0,-0.0,-0.0,-0.0,-0.61,0.3311331331331331,0.5450770770770789,0.47248345352133225
52,"([0.5, 0.15, 0.12, 0.19, 0.02, 0.03], [0])","([1, 0, 0, 0, 0, 0], [0])",-0.0,-0.0,-0.0,-0.0,-0.0,-0.0,0.0,0.3311331331331331,0.21394394394394578,0.47248345352133225
53,"([0.5, 0.15, 0.12, 0.19, 0.02, 0.03], [0])","([1, 0, 0, 0, 0, 0], [0])",-0.0,-0.0,-0.0,-0.0,-0.0,-0.0,0.0,0.3311331331331331,-0.1171891891891873,0.47248345352133225
54,"([0.5, 0.15, 0.12, 0.19, 0.02, 0.03], [3])","([1, 0, 0, 0, 0, 0], [0])",-0.0,-0.0,-0.0,-0.63,-0.0,-0.0,-0.63,0.3311331331331331,0.18167767767767962,0.47248345352133225
55,"([0.5, 0.15, 0.12, 0.19, 0.02, 0.03], [2])","([1, 0, 0, 0, 0, 0], [0])",-0.0,-0.0,-0.7909999999999999,-0.0,-0.0,-0.0,-0.7909999999999999,0.3311331331331331,0.6415445445445465,0.47248345352133225
56,"([0.5, 0.15, 0.12, 0.19, 0.02, 0.03], [1])","([1, 0, 0, 0, 0, 0], [0])",-0.0,-0.61,-0.0,-0.0,-0.0,-0.0,-0.61,0.3311331331331331,0.9204114114114134,0.47248345352133225
57,"([0.5, 0.15, 0.12, 0.19, 0.02, 0.03], [0])","([1, 0, 0, 0, 0, 0], [0])",-0.0,-0.0,-0.0,-0.0,-0.0,-0.0,0.0,0.3311331331331331,0.5892782782782803,0.47248345352133225
58,"([0.5, 0.15, 0.12, 0.19, 0.02, 0.03], [3])","([1, 0, 0, 0, 0, 0], [0])",-0.0,-0.0,-0.0,-0.63,-0.0,-0.0,-0.63,0.3311331331331331,0.8881451451451472,0.47248345352133225
59,"([0.5, 0.15, 0.12, 0.19, 0.02, 0.03], [1])","([1, 0, 0, 0, 0, 0], [0])",-0.0,-0.61,-0.0,-0.0,-0.0,-0.0,-0.61,0.3311331331331331,1.1670120120120142,0.47248345352133225
60,"([0.5, 0.15, 0.12, 0.19, 0.02, 0.03], [1])","([1, 0, 0, 0, 0, 0], [0])",-0.0,-0.61,-0.0,-0.0,-0.0,-0.0,-0.61,0.3311331331331331,1.4458788788788812,0.47248345352133225
61,"([0.5, 0.15, 0.12, 0.19, 0.02, 0.03], [3])","([1, 0, 0, 0, 0, 0], [0])",-0.0,-0.0,-0.0,-0.63,-0.0,-0.0,-0.63,0.3311331331331331,1.7447457457457483,0.47248345352133225
62,"([0.5, 0.15, 0.12, 0.19, 0.02, 0.03], [0])","([1, 0, 0, 0, 0, 0], [0])",-0.0,-0.0,-0.0,-0.0,-0.0,-0.0,0.0,0.3311331331331331,1.4136126126126152,0.47248345352133225
63,"([0.5, 0.15, 0.12, 0.19, 0.02, 0.03], [5])","([1, 0, 0, 0, 0, 0], [0])",-0.0,-0.0,-0.0,-0.0,-0.0,-0.664,-0.664,0.3311331331331331,1.7464794794794822,0.47248345352133225
64,"([0.5, 0.15, 0.12, 0.19, 0.02, 0.03], [2])","([1, 0, 0, 0, 0, 0], [0])",-0.0,-0.0,-0.7909999999999999,-0.0,-0.0,-0.0,-0.7909999999999999,0.3311331331331331,2.206346346346349,0.47248345352133225
65,"([0.5, 0.15, 0.12, 0.19, 0.02, 0.03], [0])","([1, 0, 0, 0, 0, 0], [0])",-0.0,-0.0,-0.0,-0.0,-0.0,-0.0,0.0,0.3311331331331331,1.8752132132132158,0.47248345352133225
66,"([0.5, 0.15, 0.12, 0.19, 0.02, 0.03], [0])","([1, 0, 0, 0, 0, 0], [0])",-0.0,-0.0,-0.0,-0.0,-0.0,-0.0,0.0,0.3311331331331331,1.5440800800800827,0.47248345352133225
67,"([0.5, 0.15, 0.12, 0.19, 0.02, 0.03], [2])","([1, 0, 0, 0, 0, 0], [0])",-0.0,-0.0,-0.7909999999999999,-0.0,-0.0,-0.0,-0.7909999999999999,0.3311331331331331,2.0039469469469493,0.47248345352133225
68,"([0.5, 0.15, 0.12, 0.19, 0.02, 0.03], [0])","([1, 0, 0, 0, 0, 0], [0])",-0.0,-0.0,-0.0,-0.0,-0.0,-0.0,0.0,0.3311331331331331,1.6728138138138162,0.47248345352133225
69,"([0.5, 0.15, 0.12, 0.19, 0.02, 0.03], [0])","([1, 0, 0, 0, 0, 0], [0])",-0.0,-0.0,-0.0,-0.0,-0.0,-0.0,0.0,0.3311331331331331,1.3416806806806831,0.47248345352133225
70,"([0.5, 0.15, 0.12, 0.19, 0.02, 0.03], [4])","([1, 0, 0, 0, 0, 0], [0])",-0.0,-0.0,-0.0,-0.0,-0.544,-0.0,-0.544,0.3311331331331331,1.55454754754755,0.47248345352133225
71,"([0.5, 0.15, 0.12, 0.19, 0.02, 0.03], [1])","([1, 0, 0, 0, 0, 0], [0])",-0.0,-0.61,-0.0,-0.0,-0.0,-0.0,-0.61,0.3311331331331331,1.8334144144144169,0.47248345352133225
72,"([0.5, 0.15, 0.12, 0.19, 0.02, 0.03], [0])","([1, 0, 0, 0, 0, 0], [0])",-0.0,-0.0,-0.0,-0.0,-0.0,-0.0,0.0,0.3311331331331331,1.5022812812812838,0.47248345352133225
73,"([0.5, 0.15, 0.12, 0.19, 0.02, 0.03], [3])","([1, 0, 0, 0, 0, 0], [0])",-0.0,-0.0,-0.0,-0.63,-0.0,-0.0,-0.63,0.3311331331331331,1.8011481481481506,0.47248345352133225
74,"([0.5, 0.15, 0.12, 0.19, 0.02, 0.03], [0])","([1, 0, 0, 0, 0, 0], [0])",-0.0,-0.0,-0.0,-0.0,-0.0,-0.0,0.0,0.3311331331331331,1.4700150150150175,0.47248345352133225
75,"([0.5, 0.15, 0.12, 0.19, 0.02, 0.03], [2])","([1, 0, 0, 0, 0, 0], [0])",-0.0,-0.0,-0.7909999999999999,-0.0,-0.0,-0.0,-0.7909999999999999,0.3311331331331331,1.9298818818818844,0.47248345352133225
76,"([0.5, 0.15, 0.12, 0.19, 0.02, 0.03], [0])","([1, 0, 0, 0, 0, 0], [0])",-0.0,-0.0,-0.0,-0.0,-0.0,-0.0,0.0,0.3311331331331331,1.5987487487487513,0.47248345352133225
77,"([0.5, 0.15, 0.12, 0.19, 0.02, 0.03], [3])","([1, 0, 0, 0, 0, 0], [0])",-0.0,-0.0,-0.0,-0.63,-0.0,-0.0,-0.63,0.3311331331331331,1.897615615615618,0.47248345352133225
78,"([0.5, 0.15, 0.12, 0.19, 0.02, 0.03], [3])","([1, 0, 0, 0, 0, 0], [0])",-0.0,-0.0,-0.0,-0.63,-0.0,-0.0,-0.63,0.3311331331331331,2.196482482482485,0.47248345352133225
79,"([0.5, 0.15, 0.12, 0.19, 0.02, 0.03], [0])","([1, 0, 0, 0, 0, 0], [0])",-0.0,-0.0,-0.0,-0.0,-0.0,-0.0,0.0,0.3311331331331331,1.865349349349352,0.47248345352133225
80,"([0.5, 0.15, 0.12, 0.19, 0.02, 0.03], [3])","([1, 0, 0, 0, 0, 0], [0])",-0.0,-0.0,-0.0,-0.63,-0.0,-0.0,-0.63,0.3311331331331331,2.164216216216219,0.47248345352133225
81,"([0.5, 0.15, 0.12, 0.19, 0.02, 0.03], [1])","([1, 0, 0, 0, 0, 0], [0])",-0.0,-0.61,-0.0,-0.0,-0.0,-0.0,-0.61,0.3311331331331331,2.443083083083086,0.47248345352133225
82,"([0.5, 0.15, 0.12, 0.19, 0.02, 0.03], [2])","([1, 0, 0, 0, 0, 0], [0])",-0.0,-0.0,-0.7909999999999999,-0.0,-0.0,-0.0,-0.7909999999999999,0.3311331331331331,2.902949949949953,0.47248345352133225
83,"([0.5, 0.15, 0.12, 0.19, 0.02, 0.03], [0])","([1, 0, 0, 0, 0, 0], [0])",-0.0,-0.0,-0.0,-0.0,-0.0,-0.0,0.0,0.3311331331331331,2.5718168168168196,0.47248345352133225
84,"([0.5, 0.15, 0.12, 0.19, 0.02, 0.03], [0])","([1, 0, 0, 0, 0, 0], [0])",-0.0,-0.0,-0.0,-0.0,-0.0,-0.0,0.0,0.3311331331331331,2.2406836836836863,0.47248345352133225
85,"([0.5, 0.15, 0.12, 0.19, 0.02, 0.03], [3])","([1, 0, 0, 0, 0, 0], [0])",-0.0,-0.0,-0.0,-0.63,-0.0,-0.0,-0.63,0.3311331331331331,2.5395505505505533,0.47248345352133225
86,"([0.5, 0.15, 0.12, 0.19, 0.02, 0.03], [0])","([1, 0, 0, 0, 0, 0], [0])",-0.0,-0.0,-0.0,-0.0,-0.0,-0.0,0.0,0.3311331331331331,2.2084174174174205,0.47248345352133225
87,"([0.5, 0.15, 0.12, 0.19, 0.02, 0.03], [1])","([1, 0, 0, 0, 0, 0], [0])",-0.0,-0.61,-0.0,-0.0,-0.0,-0.0,-0.61,0.3311331331331331,2.4872842842842875,0.47248345352133225
88,"([0.5, 0.15, 0.12, 0.19, 0.02, 0.03], [0])","([1, 0, 0, 0, 0, 0], [0])",-0.0,-0.0,-0.0,-0.0,-0.0,-0.0,0.0,0.3311331331331331,2.156151151151154,0.47248345352133225
89,"([0.5, 0.15, 0.12, 0.19, 0.02, 0.03], [0])","([1, 0, 0, 0, 0, 0], [0])",-0.0,-0.0,-0.0,-0.0,-0.0,-0.0,0.0,0.3311331331331331,1.825018018018021,0.47248345352133225
90,"([0.5, 0.15, 0.12, 0.19, 0.02, 0.03], [3])","([1, 0, 0, 0, 0, 0], [0])",-0.0,-0.0,-0.0,-0.63,-0.0,-0.0,-0.63,0.3311331331331331,2.123884884884888,0.47248345352133225
91,"([0.5, 0.15, 0.12, 0.19, 0.02, 0.03], [1])","([1, 0, 0, 0, 0, 0], [0])",-0.0,-0.61,-0.0,-0.0,-0.0,-0.0,-0.61,0.3311331331331331,2.402751751751755,0.47248345352133225
92,"([0.5, 0.15, 0.12, 0.19, 0.02, 0.03], [0])","([1, 0, 0, 0, 0, 0], [0])",-0.0,-0.0,-0.0,-0.0,-0.0,-0.0,0.0,0.3311331331331331,2.071618618618622,0.47248345352133225
93,"([0.5, 0.15, 0.12, 0.19, 0.02, 0.03], [0])","([1, 0, 0, 0, 0, 0], [0])",-0.0,-0.0,-0.0,-0.0,-0.0,-0.0,0.0,0.3311331331331331,1.740485485485489,0.47248345352133225
94,"([0.5, 0.15, 0.12, 0.19, 0.02, 0.03], [2])","([1, 0, 0, 0, 0, 0], [0])",-0.0,-0.0,-0.7909999999999999,-0.0,-0.0,-0.0,-0.7909999999999999,0.3311331331331331,2.200352352352356,0.47248345352133225
95,"([0.5, 0.15, 0.12, 0.19, 0.02, 0.03], [1])","([1, 0, 0, 0, 0, 0], [0])",-0.0,-0.61,-0.0,-0.0,-0.0,-0.0,-0.61,0.3311331331331331,2.479219219219223,0.47248345352133225
96,"([0.5, 0.15, 0.12, 0.19, 0.02, 0.03], [3])","([1, 0, 0, 0, 0, 0], [0])",-0.0,-0.0,-0.0,-0.63,-0.0,-0.0,-0.63,0.3311331331331331,2.77808608608609,0.47248345352133225
97,"([0.5, 0.15, 0.12, 0.19, 0.02, 0.03], [0])","([1, 0, 0, 0, 0, 0], [0])",-0.0,-0.0,-0.0,-0.0,-0.0,-0.0,0.0,0.3311331331331331,2.446952952952957,0.47248345352133225
98,"([0.5, 0.15, 0.12, 0.19, 0.02, 0.03], [0])","([1, 0, 0, 0, 0, 0], [0])",-0.0,-0.0,-0.0,-0.0,-0.0,-0.0,0.0,0.3311331331331331,2.1158198198198237,0.47248345352133225
99,"([0.5, 0.15, 0.12, 0.19, 0.02, 0.03], [4])","([1, 0, 0, 0, 0, 0], [0])",-0.0,-0.0,-0.0,-0.0,-0.544,-0.0,-0.544,0.3311331331331331,2.328686686686691,0.47248345352133225
