,sto-1,FB-0,feedback target 0,feedback target 1,feedback target 2,feedback target 3,feedback target 4,feedback target 5,total,exp_loss,actual_regret,exp_regret
0,"([0.5, 0.15, 0.12, 0.19, 0.02, 0.03], [2])","([0.21, 0.13, 0.26, 0.15, 0.06, 0.18], [1])",-0.0,-0.0,-0.7909999999999999,-0.0,-0.0,-0.0,-0.7909999999999999,0.5514559898342092,0.45986686686686684,0.2203228567010761
1,"([0.5, 0.15, 0.12, 0.19, 0.02, 0.03], [5])","([0.24, 0.11, 0.32, 0.14, 0.01, 0.19], [2])",-0.0,-0.0,-0.0,-0.0,-0.0,-0.664,-0.664,0.5410320020698809,0.7927337337337338,0.4302217256378239
2,"([0.5, 0.15, 0.12, 0.19, 0.02, 0.03], [0])","([0, 0, 1, 0, 0, 0], [2])",-0.711,-0.0,-0.0,-0.0,-0.0,-0.0,-0.711,0.5937177177177175,1.1726006006006007,0.6928063102224084
3,"([0.5, 0.15, 0.12, 0.19, 0.02, 0.03], [4])","([1, 0, 0, 0, 0, 0], [0])",-0.0,-0.0,-0.0,-0.0,-0.544,-0.0,-0.544,0.3311331331331331,1.3854674674674676,0.6928063102224084
4,"([0.5, 0.15, 0.12, 0.19, 0.02, 0.03], [0])","([1, 0, 0, 0, 0, 0], [0])",-0.0,-0.0,-0.0,-0.0,-0.0,-0.0,0.0,0.3311331331331331,1.0543343343343345,0.6928063102224084
5,"([0.5, 0.15, 0.12, 0.19, 0.02, 0.03], [1])","([1, 0, 0, 0, 0, 0], [0])",-0.0,-0.61,-0.0,-0.0,-0.0,-0.0,-0.61,0.3311331331331331,1.3332012012012013,0.6928063102224084
6,"([0.5, 0.15, 0.12, 0.19, 0.02, 0.03], [0])","([1, 0, 0, 0, 0, 0], [0])",-0.0,-0.0,-0.0,-0.0,-0.0,-0.0,0.0,0.3311331331331331,1.0020680680680683,0.6928063102224084
7,"([0.5, 0.15, 0.12, 0.19, 0.02, 0.03], [1])","([1, 0, 0, 0, 0, 0], [0])",-0.0,-0.61,-0.0,-0.0,-0.0,-0.0,-0.61,0.3311331331331331,1.280934934934935,0.6928063102224084
8,"([0.5, 0.15, 0.12, 0.19, 0.02, 0.03], [0])","([1, 0, 0, 0, 0, 0], [0])",-0.0,-0.0,-0.0,-0.0,-0.0,-0.0,0.0,0.3311331331331331,0.949801801801802,0.6928063102224084
9,"([0.5, 0.15, 0.12, 0.19, 0.02, 0.03], [0])","([1, 0, 0, 0, 0, 0], [0])",-0.0,-0.0,-0.0,-0.0,-0.0,-0.0,0.0,0.3311331331331331,0.6186686686686689,0.6928063102224084
10,"([0.5, 0.15, 0.12, 0.19, 0.02, 0.03], [0])","([1, 0, 0, 0, 0, 0], [0])",-0.0,-0.0,-0.0,-0.0,-0.0,-0.0,0.0,0.3311331331331331,0.2875355355355358,0.6928063102224084
11,"([0.5, 0.15, 0.12, 0.19, 0.02, 0.03], [0])","([1, 0, 0, 0, 0, 0], [0])",-0.0,-0.0,-0.0,-0.0,-0.0,-0.0,0.0,0.3311331331331331,-0.04359759759759729,0.6928063102224084
12,"([0.5, 0.15, 0.12, 0.19, 0.02, 0.03], [0])","([1, 0, 0, 0, 0, 0], [0])",-0.0,-0.0,-0.0,-0.0,-0.0,-0.0,0.0,0.3311331331331331,-0.3747307307307304,0.6928063102224084
13,"([0.5, 0.15, 0.12, 0.19, 0.02, 0.03], [3])","([1, 0, 0, 0, 0, 0], [0])",-0.0,-0.0,-0.0,-0.63,-0.0,-0.0,-0.63,0.3311331331331331,-0.07586386386386346,0.6928063102224084
14,"([0.5, 0.15, 0.12, 0.19, 0.02, 0.03], [3])","([1, 0, 0, 0, 0, 0], [0])",-0.0,-0.0,-0.0,-0.63,-0.0,-0.0,-0.63,0.3311331331331331,0.22300300300300346,0.6928063102224084
15,"([0.5, 0.15, 0.12, 0.19, 0.02, 0.03], [0])","([1, 0, 0, 0, 0, 0], [0])",-0.0,-0.0,-0.0,-0.0,-0.0,-0.0,0.0,0.3311331331331331,-0.10813013013012962,0.6928063102224084
16,"([0.5, 0.15, 0.12, 0.19, 0.02, 0.03], [1])","([1, 0, 0, 0, 0, 0], [0])",-0.0,-0.61,-0.0,-0.0,-0.0,-0.0,-0.61,0.3311331331331331,0.17073673673673728,0.6928063102224084
17,"([0.5, 0.15, 0.12, 0.19, 0.02, 0.03], [0])","([1, 0, 0, 0, 0, 0], [0])",-0.0,-0.0,-0.0,-0.0,-0.0,-0.0,0.0,0.3311331331331331,-0.1603963963963958,0.6928063102224084
18,"([0.5, 0.15, 0.12, 0.19, 0.02, 0.03], [1])","([1, 0, 0, 0, 0, 0], [0])",-0.0,-0.61,-0.0,-0.0,-0.0,-0.0,-0.61,0.3311331331331331,0.1184704704704711,0.6928063102224084
19,"([0.5, 0.15, 0.12, 0.19, 0.02, 0.03], [3])","([1, 0, 0, 0, 0, 0], [0])",-0.0,-0.0,-0.0,-0.63,-0.0,-0.0,-0.63,0.3311331331331331,0.417337337337338,0.6928063102224084
20,"([0.5, 0.15, 0.12, 0.19, 0.02, 0.03], [0])","([1, 0, 0, 0, 0, 0], [0])",-0.0,-0.0,-0.0,-0.0,-0.0,-0.0,0.0,0.3311331331331331,0.08620420420420494,0.6928063102224084
21,"([0.5, 0.15, 0.12, 0.19, 0.02, 0.03], [0])","([1, 0, 0, 0, 0, 0], [0])",-0.0,-0.0,-0.0,-0.0,-0.0,-0.0,0.0,0.3311331331331331,-0.24492892892892815,0.6928063102224084
22,"([0.5, 0.15, 0.12, 0.19, 0.02, 0.03], [0])","([1, 0, 0, 0, 0, 0], [0])",-0.0,-0.0,-0.0,-0.0,-0.0,-0.0,0.0,0.3311331331331331,-0.5760620620620612,0.6928063102224084
23,"([0.5, 0.15, 0.12, 0.19, 0.02, 0.03], [3])","([1, 0, 0, 0, 0, 0], [0])",-0.0,-0.0,-0.0,-0.63,-0.0,-0.0,-0.63,0.3311331331331331,-0.2771951951951943,0.6928063102224084
24,"([0.5, 0.15, 0.12, 0.19, 0.02, 0.03], [0])","([1, 0, 0, 0, 0, 0], [0])",-0.0,-0.0,-0.0,-0.0,-0.0,-0.0,0.0,0.3311331331331331,-0.6083283283283274,0.6928063102224084
25,"([0.5, 0.15, 0.12, 0.19, 0.02, 0.03], [0])","([1, 0, 0, 0, 0, 0], [0])",-0.0,-0.0,-0.0,-0.0,-0.0,-0.0,0.0,0.3311331331331331,-0.9394614614614605,0.6928063102224084
26,"([0.5, 0.15, 0.12, 0.19, 0.02, 0.03], [0])","([1, 0, 0, 0, 0, 0], [0])",-0.0,-0.0,-0.0,-0.0,-0.0,-0.0,0.0,0.3311331331331331,-1.2705945945945936,0.6928063102224084
27,"([0.5, 0.15, 0.12, 0.19, 0.02, 0.03], [1])","([1, 0, 0, 0, 0, 0], [0])",-0.0,-0.61,-0.0,-0.0,-0.0,-0.0,-0.61,0.3311331331331331,-0.9917277277277267,0.6928063102224084
28,"([0.5, 0.15, 0.12, 0.19, 0.02, 0.03], [0])","([1, 0, 0, 0, 0, 0], [0])",-0.0,-0.0,-0.0,-0.0,-0.0,-0.0,0.0,0.3311331331331331,-1.3228608608608599,0.6928063102224084
29,"([0.5, 0.15, 0.12, 0.19, 0.02, 0.03], [3])","([1, 0, 0, 0, 0, 0], [0])",-0.0,-0.0,-0.0,-0.63,-0.0,-0.0,-0.63,0.3311331331331331,-1.0239939939939928,0.6928063102224084
30,"([0.5, 0.15, 0.12, 0.19, 0.02, 0.03], [2])","([1, 0, 0, 0, 0, 0], [0])",-0.0,-0.0,-0.7909999999999999,-0.0,-0.0,-0.0,-0.7909999999999999,0.3311331331331331,-0.564127127127126,0.6928063102224084
31,"([0.5, 0.15, 0.12, 0.19, 0.02, 0.03], [4])","([1, 0, 0, 0, 0, 0], [0])",-0.0,-0.0,-0.0,-0.0,-0.544,-0.0,-0.544,0.3311331331331331,-0.351260260260259,0.6928063102224084
32,"([0.5, 0.15, 0.12, 0.19, 0.02, 0.03], [0])","([1, 0, 0, 0, 0, 0], [0])",-0.0,-0.0,-0.0,-0.0,-0.0,-0.0,0.0,0.3311331331331331,-0.6823933933933921,0.6928063102224084
33,"([0.5, 0.15, 0.12, 0.19, 0.02, 0.03], [1])","([1, 0, 0, 0, 0, 0], [0])",-0.0,-0.61,-0.0,-0.0,-0.0,-0.0,-0.61,0.3311331331331331,-0.4035265265265252,0.6928063102224084
34,"([0.5, 0.15, 0.12, 0.19, 0.02, 0.03], [0])","([1, 0, 0, 0, 0, 0], [0])",-0.0,-0.0,-0.0,-0.0,-0.0,-0.0,0.0,0.3311331331331331,-0.7346596596596583,0.6928063102224084
35,"([0.5, 0.15, 0.12, 0.19, 0.02, 0.03], [2])","([1, 0, 0, 0, 0, 0], [0])",-0.0,-0.0,-0.7909999999999999,-0.0,-0.0,-0.0,-0.7909999999999999,0.3311331331331331,-0.27479279279279145,0.6928063102224084
36,"([0.5, 0.15, 0.12, 0.19, 0.02, 0.03], [3])","([1, 0, 0, 0, 0, 0], [0])",-0.0,-0.0,-0.0,-0.63,-0.0,-0.0,-0.63,0.3311331331331331,0.02407407407407547,0.6928063102224084
37,"([0.5, 0.15, 0.12, 0.19, 0.02, 0.03], [0])","([1, 0, 0, 0, 0, 0], [0])",-0.0,-0.0,-0.0,-0.0,-0.0,-0.0,0.0,0.3311331331331331,-0.3070590590590576,0.6928063102224084
38,"([0.5, 0.15, 0.12, 0.19, 0.02, 0.03], [0])","([1, 0, 0, 0, 0, 0], [0])",-0.0,-0.0,-0.0,-0.0,-0.0,-0.0,0.0,0.3311331331331331,-0.6381921921921907,0.6928063102224084
39,"([0.5, 0.15, 0.12, 0.19, 0.02, 0.03], [0])","([1, 0, 0, 0, 0, 0], [0])",-0.0,-0.0,-0.0,-0.0,-0.0,-0.0,0.0,0.3311331331331331,-0.9693253253253238,0.6928063102224084
40,"([0.5, 0.15, 0.12, 0.19, 0.02, 0.03], [0])","([1, 0, 0, 0, 0, 0], [0])",-0.0,-0.0,-0.0,-0.0,-0.0,-0.0,0.0,0.3311331331331331,-1.3004584584584569,0.6928063102224084
41,"([0.5, 0.15, 0.12, 0.19, 0.02, 0.03], [0])","([1, 0, 0, 0, 0, 0], [0])",-0.0,-0.0,-0.0,-0.0,-0.0,-0.0,0.0,0.3311331331331331,-1.63159159159159,0.6928063102224084
42,"([0.5, 0.15, 0.12, 0.19, 0.02, 0.03], [3])","([1, 0, 0, 0, 0, 0], [0])",-0.0,-0.0,-0.0,-0.63,-0.0,-0.0,-0.63,0.3311331331331331,-1.3327247247247231,0.6928063102224084
43,"([0.5, 0.15, 0.12, 0.19, 0.02, 0.03], [2])","([1, 0, 0, 0, 0, 0], [0])",-0.0,-0.0,-0.7909999999999999,-0.0,-0.0,-0.0,-0.7909999999999999,0.3311331331331331,-0.8728578578578563,0.6928063102224084
44,"([0.5, 0.15, 0.12, 0.19, 0.02, 0.03], [0])","([1, 0, 0, 0, 0, 0], [0])",-0.0,-0.0,-0.0,-0.0,-0.0,-0.0,0.0,0.3311331331331331,-1.2039909909909894,0.6928063102224084
45,"([0.5, 0.15, 0.12, 0.19, 0.02, 0.03], [2])","([1, 0, 0, 0, 0, 0], [0])",-0.0,-0.0,-0.7909999999999999,-0.0,-0.0,-0.0,-0.7909999999999999,0.3311331331331331,-0.7441241241241225,0.6928063102224084
46,"([0.5, 0.15, 0.12, 0.19, 0.02, 0.03], [0])","([1, 0, 0, 0, 0, 0], [0])",-0.0,-0.0,-0.0,-0.0,-0.0,-0.0,0.0,0.3311331331331331,-1.0752572572572556,0.6928063102224084
47,"([0.5, 0.15, 0.12, 0.19, 0.02, 0.03], [0])","([1, 0, 0, 0, 0, 0], [0])",-0.0,-0.0,-0.0,-0.0,-0.0,-0.0,0.0,0.3311331331331331,-1.4063903903903887,0.6928063102224084
48,"([0.5, 0.15, 0.12, 0.19, 0.02, 0.03], [2])","([1, 0, 0, 0, 0, 0], [0])",-0.0,-0.0,-0.7909999999999999,-0.0,-0.0,-0.0,-0.7909999999999999,0.3311331331331331,-0.9465235235235219,0.6928063102224084
49,"([0.5, 0.15, 0.12, 0.19, 0.02, 0.03], [0])","([1, 0, 0, 0, 0, 0], [0])",-0.0,-0.0,-0.0,-0.0,-0.0,-0.0,0.0,0.3311331331331331,-1.277656656656655,0.6928063102224084
50,"([0.5, 0.15, 0.12, 0.19, 0.02, 0.03], [1])","([1, 0, 0, 0, 0, 0], [0])",-0.0,-0.61,-0.0,-0.0,-0.0,-0.0,-0.61,0.3311331331331331,-0.998789789789788,0.6928063102224084
51,"([0.5, 0.15, 0.12, 0.19, 0.02, 0.03], [3])","([1, 0, 0, 0, 0, 0], [0])",-0.0,-0.0,-0.0,-0.63,-0.0,-0.0,-0.63,0.3311331331331331,-0.6999229229229211,0.6928063102224084
52,"([0.5, 0.15, 0.12, 0.19, 0.02, 0.03], [1])","([1, 0, 0, 0, 0, 0], [0])",-0.0,-0.61,-0.0,-0.0,-0.0,-0.0,-0.61,0.3311331331331331,-0.42105605605605423,0.6928063102224084
53,"([0.5, 0.15, 0.12, 0.19, 0.02, 0.03], [0])","([1, 0, 0, 0, 0, 0], [0])",-0.0,-0.0,-0.0,-0.0,-0.0,-0.0,0.0,0.3311331331331331,-0.7521891891891873,0.6928063102224084
54,"([0.5, 0.15, 0.12, 0.19, 0.02, 0.03], [0])","([1, 0, 0, 0, 0, 0], [0])",-0.0,-0.0,-0.0,-0.0,-0.0,-0.0,0.0,0.3311331331331331,-1.0833223223223203,0.6928063102224084
55,"([0.5, 0.15, 0.12, 0.19, 0.02, 0.03], [1])","([1, 0, 0, 0, 0, 0], [0])",-0.0,-0.61,-0.0,-0.0,-0.0,-0.0,-0.61,0.3311331331331331,-0.8044554554554534,0.6928063102224084
56,"([0.5, 0.15, 0.12, 0.19, 0.02, 0.03], [2])","([1, 0, 0, 0, 0, 0], [0])",-0.0,-0.0,-0.7909999999999999,-0.0,-0.0,-0.0,-0.7909999999999999,0.3311331331331331,-0.34458858858858654,0.6928063102224084
57,"([0.5, 0.15, 0.12, 0.19, 0.02, 0.03], [3])","([1, 0, 0, 0, 0, 0], [0])",-0.0,-0.0,-0.0,-0.63,-0.0,-0.0,-0.63,0.3311331331331331,-0.04572172172171962,0.6928063102224084
58,"([0.5, 0.15, 0.12, 0.19, 0.02, 0.03], [0])","([1, 0, 0, 0, 0, 0], [0])",-0.0,-0.0,-0.0,-0.0,-0.0,-0.0,0.0,0.3311331331331331,-0.3768548548548527,0.6928063102224084
59,"([0.5, 0.15, 0.12, 0.19, 0.02, 0.03], [0])","([1, 0, 0, 0, 0, 0], [0])",-0.0,-0.0,-0.0,-0.0,-0.0,-0.0,0.0,0.3311331331331331,-0.7079879879879858,0.6928063102224084
60,"([0.5, 0.15, 0.12, 0.19, 0.02, 0.03], [0])","([1, 0, 0, 0, 0, 0], [0])",-0.0,-0.0,-0.0,-0.0,-0.0,-0.0,0.0,0.3311331331331331,-1.0391211211211189,0.6928063102224084
61,"([0.5, 0.15, 0.12, 0.19, 0.02, 0.03], [0])","([1, 0, 0, 0, 0, 0], [0])",-0.0,-0.0,-0.0,-0.0,-0.0,-0.0,0.0,0.3311331331331331,-1.370254254254252,0.6928063102224084
62,"([0.5, 0.15, 0.12, 0.19, 0.02, 0.03], [1])","([1, 0, 0, 0, 0, 0], [0])",-0.0,-0.61,-0.0,-0.0,-0.0,-0.0,-0.61,0.3311331331331331,-1.091387387387385,0.6928063102224084
63,"([0.5, 0.15, 0.12, 0.19, 0.02, 0.03], [0])","([1, 0, 0, 0, 0, 0], [0])",-0.0,-0.0,-0.0,-0.0,-0.0,-0.0,0.0,0.3311331331331331,-1.422520520520518,0.6928063102224084
64,"([0.5, 0.15, 0.12, 0.19, 0.02, 0.03], [0])","([1, 0, 0, 0, 0, 0], [0])",-0.0,-0.0,-0.0,-0.0,-0.0,-0.0,0.0,0.3311331331331331,-1.7536536536536511,0.6928063102224084
65,"([0.5, 0.15, 0.12, 0.19, 0.02, 0.03], [1])","([1, 0, 0, 0, 0, 0], [0])",-0.0,-0.61,-0.0,-0.0,-0.0,-0.0,-0.61,0.3311331331331331,-1.474786786786784,0.6928063102224084
66,"([0.5, 0.15, 0.12, 0.19, 0.02, 0.03], [3])","([1, 0, 0, 0, 0, 0], [0])",-0.0,-0.0,-0.0,-0.63,-0.0,-0.0,-0.63,0.3311331331331331,-1.175919919919917,0.6928063102224084
67,"([0.5, 0.15, 0.12, 0.19, 0.02, 0.03], [0])","([1, 0, 0, 0, 0, 0], [0])",-0.0,-0.0,-0.0,-0.0,-0.0,-0.0,0.0,0.3311331331331331,-1.5070530530530502,0.6928063102224084
68,"([0.5, 0.15, 0.12, 0.19, 0.02, 0.03], [1])","([1, 0, 0, 0, 0, 0], [0])",-0.0,-0.61,-0.0,-0.0,-0.0,-0.0,-0.61,0.3311331331331331,-1.2281861861861834,0.6928063102224084
69,"([0.5, 0.15, 0.12, 0.19, 0.02, 0.03], [0])","([1, 0, 0, 0, 0, 0], [0])",-0.0,-0.0,-0.0,-0.0,-0.0,-0.0,0.0,0.3311331331331331,-1.5593193193193164,0.6928063102224084
70,"([0.5, 0.15, 0.12, 0.19, 0.02, 0.03], [4])","([1, 0, 0, 0, 0, 0], [0])",-0.0,-0.0,-0.0,-0.0,-0.544,-0.0,-0.544,0.3311331331331331,-1.3464524524524495,0.6928063102224084
71,"([0.5, 0.15, 0.12, 0.19, 0.02, 0.03], [5])","([1, 0, 0, 0, 0, 0], [0])",-0.0,-0.0,-0.0,-0.0,-0.0,-0.664,-0.664,0.3311331331331331,-1.0135855855855826,0.6928063102224084
72,"([0.5, 0.15, 0.12, 0.19, 0.02, 0.03], [0])","([1, 0, 0, 0, 0, 0], [0])",-0.0,-0.0,-0.0,-0.0,-0.0,-0.0,0.0,0.3311331331331331,-1.3447187187187157,0.6928063102224084
73,"([0.5, 0.15, 0.12, 0.19, 0.02, 0.03], [3])","([1, 0, 0, 0, 0, 0], [0])",-0.0,-0.0,-0.0,-0.63,-0.0,-0.0,-0.63,0.3311331331331331,-1.045851851851849,0.6928063102224084
74,"([0.5, 0.15, 0.12, 0.19, 0.02, 0.03], [0])","([1, 0, 0, 0, 0, 0], [0])",-0.0,-0.0,-0.0,-0.0,-0.0,-0.0,0.0,0.3311331331331331,-1.376984984984982,0.6928063102224084
75,"([0.5, 0.15, 0.12, 0.19, 0.02, 0.03], [0])","([1, 0, 0, 0, 0, 0], [0])",-0.0,-0.0,-0.0,-0.0,-0.0,-0.0,0.0,0.3311331331331331,-1.708118118118115,0.6928063102224084
76,"([0.5, 0.15, 0.12, 0.19, 0.02, 0.03], [0])","([1, 0, 0, 0, 0, 0], [0])",-0.0,-0.0,-0.0,-0.0,-0.0,-0.0,0.0,0.3311331331331331,-2.0392512512512484,0.6928063102224084
77,"([0.5, 0.15, 0.12, 0.19, 0.02, 0.03], [2])","([1, 0, 0, 0, 0, 0], [0])",-0.0,-0.0,-0.7909999999999999,-0.0,-0.0,-0.0,-0.7909999999999999,0.3311331331331331,-1.5793843843843816,0.6928063102224084
78,"([0.5, 0.15, 0.12, 0.19, 0.02, 0.03], [0])","([1, 0, 0, 0, 0, 0], [0])",-0.0,-0.0,-0.0,-0.0,-0.0,-0.0,0.0,0.3311331331331331,-1.9105175175175146,0.6928063102224084
79,"([0.5, 0.15, 0.12, 0.19, 0.02, 0.03], [5])","([1, 0, 0, 0, 0, 0], [0])",-0.0,-0.0,-0.0,-0.0,-0.0,-0.664,-0.664,0.3311331331331331,-1.5776506506506478,0.6928063102224084
80,"([0.5, 0.15, 0.12, 0.19, 0.02, 0.03], [0])","([1, 0, 0, 0, 0, 0], [0])",-0.0,-0.0,-0.0,-0.0,-0.0,-0.0,0.0,0.3311331331331331,-1.9087837837837809,0.6928063102224084
81,"([0.5, 0.15, 0.12, 0.19, 0.02, 0.03], [3])","([1, 0, 0, 0, 0, 0], [0])",-0.0,-0.0,-0.0,-0.63,-0.0,-0.0,-0.63,0.3311331331331331,-1.609916916916914,0.6928063102224084
82,"([0.5, 0.15, 0.12, 0.19, 0.02, 0.03], [0])","([1, 0, 0, 0, 0, 0], [0])",-0.0,-0.0,-0.0,-0.0,-0.0,-0.0,0.0,0.3311331331331331,-1.9410500500500472,0.6928063102224084
83,"([0.5, 0.15, 0.12, 0.19, 0.02, 0.03], [0])","([1, 0, 0, 0, 0, 0], [0])",-0.0,-0.0,-0.0,-0.0,-0.0,-0.0,0.0,0.3311331331331331,-2.2721831831831802,0.6928063102224084
84,"([0.5, 0.15, 0.12, 0.19, 0.02, 0.03], [3])","([1, 0, 0, 0, 0, 0], [0])",-0.0,-0.0,-0.0,-0.63,-0.0,-0.0,-0.63,0.3311331331331331,-1.9733163163163132,0.6928063102224084
85,"([0.5, 0.15, 0.12, 0.19, 0.02, 0.03], [3])","([1, 0, 0, 0, 0, 0], [0])",-0.0,-0.0,-0.0,-0.63,-0.0,-0.0,-0.63,0.3311331331331331,-1.6744494494494462,0.6928063102224084
86,"([0.5, 0.15, 0.12, 0.19, 0.02, 0.03], [0])","([1, 0, 0, 0, 0, 0], [0])",-0.0,-0.0,-0.0,-0.0,-0.0,-0.0,0.0,0.3311331331331331,-2.005582582582579,0.6928063102224084
87,"([0.5, 0.15, 0.12, 0.19, 0.02, 0.03], [3])","([1, 0, 0, 0, 0, 0], [0])",-0.0,-0.0,-0.0,-0.63,-0.0,-0.0,-0.63,0.3311331331331331,-1.706715715715712,0.6928063102224084
88,"([0.5, 0.15, 0.12, 0.19, 0.02, 0.03], [2])","([1, 0, 0, 0, 0, 0], [0])",-0.0,-0.0,-0.7909999999999999,-0.0,-0.0,-0.0,-0.7909999999999999,0.3311331331331331,-1.2468488488488452,0.6928063102224084
89,"([0.5, 0.15, 0.12, 0.19, 0.02, 0.03], [0])","([1, 0, 0, 0, 0, 0], [0])",-0.0,-0.0,-0.0,-0.0,-0.0,-0.0,0.0,0.3311331331331331,-1.5779819819819783,0.6928063102224084
90,"([0.5, 0.15, 0.12, 0.19, 0.02, 0.03], [0])","([1, 0, 0, 0, 0, 0], [0])",-0.0,-0.0,-0.0,-0.0,-0.0,-0.0,0.0,0.3311331331331331,-1.9091151151151113,0.6928063102224084
91,"([0.5, 0.15, 0.12, 0.19, 0.02, 0.03], [0])","([1, 0, 0, 0, 0, 0], [0])",-0.0,-0.0,-0.0,-0.0,-0.0,-0.0,0.0,0.3311331331331331,-2.2402482482482444,0.6928063102224084
92,"([0.5, 0.15, 0.12, 0.19, 0.02, 0.03], [2])","([1, 0, 0, 0, 0, 0], [0])",-0.0,-0.0,-0.7909999999999999,-0.0,-0.0,-0.0,-0.7909999999999999,0.3311331331331331,-1.7803813813813776,0.6928063102224084
93,"([0.5, 0.15, 0.12, 0.19, 0.02, 0.03], [2])","([1, 0, 0, 0, 0, 0], [0])",-0.0,-0.0,-0.7909999999999999,-0.0,-0.0,-0.0,-0.7909999999999999,0.3311331331331331,-1.3205145145145107,0.6928063102224084
94,"([0.5, 0.15, 0.12, 0.19, 0.02, 0.03], [0])","([1, 0, 0, 0, 0, 0], [0])",-0.0,-0.0,-0.0,-0.0,-0.0,-0.0,0.0,0.3311331331331331,-1.6516476476476438,0.6928063102224084
95,"([0.5, 0.15, 0.12, 0.19, 0.02, 0.03], [0])","([1, 0, 0, 0, 0, 0], [0])",-0.0,-0.0,-0.0,-0.0,-0.0,-0.0,0.0,0.3311331331331331,-1.982780780780777,0.6928063102224084
96,"([0.5, 0.15, 0.12, 0.19, 0.02, 0.03], [0])","([1, 0, 0, 0, 0, 0], [0])",-0.0,-0.0,-0.0,-0.0,-0.0,-0.0,0.0,0.3311331331331331,-2.31391391391391,0.6928063102224084
97,"([0.5, 0.15, 0.12, 0.19, 0.02, 0.03], [3])","([1, 0, 0, 0, 0, 0], [0])",-0.0,-0.0,-0.0,-0.63,-0.0,-0.0,-0.63,0.3311331331331331,-2.015047047047043,0.6928063102224084
98,"([0.5, 0.15, 0.12, 0.19, 0.02, 0.03], [2])","([1, 0, 0, 0, 0, 0], [0])",-0.0,-0.0,-0.7909999999999999,-0.0,-0.0,-0.0,-0.7909999999999999,0.3311331331331331,-1.5551801801801763,0.6928063102224084
99,"([0.5, 0.15, 0.12, 0.19, 0.02, 0.03], [0])","([1, 0, 0, 0, 0, 0], [0])",-0.0,-0.0,-0.0,-0.0,-0.0,-0.0,0.0,0.3311331331331331,-1.8863133133133094,0.6928063102224084
