,suqr-1,FB-0,feedback target 0,feedback target 1,feedback target 2,feedback target 3,feedback target 4,feedback target 5,total,exp_loss,actual_regret,exp_regret
0,"([0.2, 0.0, 0.2, 0.2, 0.2, 0.2], [0])","([0, 1, 0, 0, 0, 0], [1])",-0.892,-0.0,-0.0,-0.0,-0.0,-0.0,-0.892,0.8700033821751608,0.16967768691993101,0.14768106909509182
1,"([0.0, 0.2, 0.2, 0.2, 0.2, 0.2], [5])","([1, 0, 0, 0, 0, 0], [0])",-0.0,-0.0,-0.0,-0.0,-0.0,-0.958,-0.958,0.881847504387216,0.405355373839862,0.30720626040223886
2,"([0.0, 0.2, 0.2, 0.2, 0.2, 0.2], [5])","([1, 0, 0, 0, 0, 0], [0])",-0.0,-0.0,-0.0,-0.0,-0.0,-0.958,-0.958,0.881847504387216,0.6410330607597929,0.4667314517093859
3,"([0.2, 0.2, 0.2, 0.2, 0.2, 0.0], [0])","([0, 0, 0, 0, 0, 1], [5])",-0.892,-0.0,-0.0,-0.0,-0.0,-0.0,-0.892,0.8685935816466049,0.810710747679724,0.6130027202759218
4,"([0.0, 0.2, 0.2, 0.2, 0.2, 0.2], [2])","([1, 0, 0, 0, 0, 0], [0])",-0.0,-0.0,-0.7829999999999999,-0.0,-0.0,-0.0,-0.7829999999999999,0.881847504387216,0.8713884345996549,0.7725279115830689
5,"([0.2, 0.2, 0.2, 0.2, 0.2, 0.0], [1])","([0, 0, 0, 0, 0, 1], [5])",-0.0,-0.951,-0.0,-0.0,-0.0,-0.0,-0.951,0.8685935816466049,1.100066121519586,0.9187991801496048
6,"([0.2, 0.2, 0.2, 0.2, 0.2, 0.0], [4])","([0, 0, 0, 0, 0, 1], [5])",-0.0,-0.0,-0.0,-0.0,-0.7879999999999999,-0.0,-0.7879999999999999,0.8685935816466049,1.1657438084395169,1.0650704487161406
7,"([0.14, 0.11, 0.27, 0.12, 0.26, 0.1], [5])","([0.18, 0.2, 0.11, 0.19, 0.11, 0.21], [5])",-0.0,-0.0,-0.0,-0.0,-0.0,-0.0,0.0,0.7223309958896391,0.44342149535944786,1.0650791315257107
8,"([0.14, 0.1, 0.28, 0.11, 0.27, 0.1], [2])","([0.18, 0.21, 0.1, 0.2, 0.11, 0.21], [4])",-0.0,-0.0,-0.7829999999999999,-0.0,-0.0,-0.0,-0.7829999999999999,0.7225170697118052,0.5040991822793788,1.0652738881574468
9,"([0.2, 0.2, 0.2, 0.2, 0.2, 0.0], [1])","([0, 0, 0, 0, 0, 1], [5])",-0.0,-0.951,-0.0,-0.0,-0.0,-0.0,-0.951,0.8685935816466049,0.7327768691993097,1.2115451567239828
10,"([0.14, 0.1, 0.28, 0.11, 0.27, 0.1], [4])","([0.18, 0.21, 0.1, 0.2, 0.11, 0.21], [1])",-0.0,-0.0,-0.0,-0.0,-0.7879999999999999,-0.0,-0.7879999999999999,0.7225170697118052,0.7984545561192407,1.211739913355719
11,"([0.14, 0.11, 0.27, 0.12, 0.26, 0.11], [0])","([0.18, 0.2, 0.11, 0.19, 0.11, 0.2], [3])",-0.892,-0.0,-0.0,-0.0,-0.0,-0.0,-0.892,0.7223234134795262,0.9681322430391717,1.211741013755176
12,"([0.14, 0.11, 0.27, 0.12, 0.26, 0.1], [4])","([0.18, 0.2, 0.11, 0.19, 0.11, 0.21], [5])",-0.0,-0.0,-0.0,-0.0,-0.7879999999999999,-0.0,-0.7879999999999999,0.7223309958896391,1.0338099299591026,1.211749696564746
13,"([0.14, 0.11, 0.27, 0.12, 0.26, 0.11], [0])","([0.18, 0.2, 0.11, 0.19, 0.11, 0.2], [3])",-0.892,-0.0,-0.0,-0.0,-0.0,-0.0,-0.892,0.7223234134795262,1.2034876168790336,1.2117507969642034
14,"([0.14, 0.11, 0.27, 0.12, 0.26, 0.1], [0])","([0.18, 0.2, 0.11, 0.19, 0.11, 0.21], [2])",-0.892,-0.0,-0.0,-0.0,-0.0,-0.0,-0.892,0.7223309958896391,1.3731653037989646,1.2117594797737734
15,"([0.14, 0.1, 0.28, 0.11, 0.27, 0.1], [3])","([0.18, 0.21, 0.1, 0.2, 0.11, 0.21], [0])",-0.0,-0.0,-0.0,-0.9279999999999999,-0.0,-0.0,-0.9279999999999999,0.7225170697118052,1.5788429907188957,1.2119542364055096
16,"([0.14, 0.1, 0.28, 0.11, 0.27, 0.1], [5])","([0.18, 0.21, 0.1, 0.2, 0.11, 0.21], [5])",-0.0,-0.0,-0.0,-0.0,-0.0,-0.0,0.0,0.7225170697118052,0.8565206776388267,1.2121489930372458
17,"([0.14, 0.1, 0.28, 0.11, 0.27, 0.1], [2])","([0.18, 0.21, 0.1, 0.2, 0.11, 0.21], [4])",-0.0,-0.0,-0.7829999999999999,-0.0,-0.0,-0.0,-0.7829999999999999,0.7225170697118052,0.9171983645587576,1.212343749668982
18,"([0.14, 0.1, 0.28, 0.11, 0.27, 0.1], [2])","([0.18, 0.21, 0.1, 0.2, 0.11, 0.21], [0])",-0.0,-0.0,-0.7829999999999999,-0.0,-0.0,-0.0,-0.7829999999999999,0.7225170697118052,0.9778760514786885,1.2125385063007181
19,"([0.14, 0.1, 0.28, 0.11, 0.27, 0.1], [3])","([0.18, 0.21, 0.1, 0.2, 0.11, 0.21], [1])",-0.0,-0.0,-0.0,-0.9279999999999999,-0.0,-0.0,-0.9279999999999999,0.7225170697118052,1.1835537383986194,1.2127332629324543
20,"([0.14, 0.1, 0.28, 0.11, 0.27, 0.1], [4])","([0.18, 0.21, 0.1, 0.2, 0.11, 0.21], [0])",-0.0,-0.0,-0.0,-0.0,-0.7879999999999999,-0.0,-0.7879999999999999,0.7225170697118052,1.2492314253185504,1.2129280195641905
21,"([0.14, 0.1, 0.28, 0.11, 0.27, 0.1], [4])","([0.18, 0.21, 0.1, 0.2, 0.11, 0.21], [1])",-0.0,-0.0,-0.0,-0.0,-0.7879999999999999,-0.0,-0.7879999999999999,0.7225170697118052,1.3149091122384813,1.2131227761959267
22,"([0.14, 0.1, 0.27, 0.12, 0.26, 0.1], [2])","([0.18, 0.2, 0.11, 0.19, 0.11, 0.21], [2])",-0.0,-0.0,-0.0,-0.0,-0.0,-0.0,0.0,0.7223841646938023,0.5925867991584123,1.2131846278096599
23,"([0.14, 0.11, 0.27, 0.12, 0.26, 0.1], [4])","([0.18, 0.2, 0.11, 0.19, 0.11, 0.21], [1])",-0.0,-0.0,-0.0,-0.0,-0.7879999999999999,-0.0,-0.7879999999999999,0.7223309958896391,0.6582644860783432,1.2131933106192299
24,"([0.14, 0.11, 0.27, 0.12, 0.26, 0.1], [3])","([0.18, 0.2, 0.11, 0.19, 0.11, 0.21], [3])",-0.0,-0.0,-0.0,-0.0,-0.0,-0.0,0.0,0.7223309958896391,-0.0640578270017258,1.2132019934287999
25,"([0.14, 0.11, 0.27, 0.12, 0.26, 0.1], [2])","([0.18, 0.2, 0.11, 0.19, 0.11, 0.21], [1])",-0.0,-0.0,-0.7829999999999999,-0.0,-0.0,-0.0,-0.7829999999999999,0.7223309958896391,-0.00338014008179488,1.2132106762383699
26,"([0.14, 0.11, 0.27, 0.12, 0.26, 0.1], [5])","([0.18, 0.2, 0.11, 0.19, 0.11, 0.21], [3])",-0.0,-0.0,-0.0,-0.0,-0.0,-0.958,-0.958,0.7223309958896391,0.23229754683813608,1.2132193590479399
27,"([0.14, 0.1, 0.27, 0.12, 0.26, 0.1], [0])","([0.18, 0.2, 0.11, 0.19, 0.11, 0.21], [3])",-0.892,-0.0,-0.0,-0.0,-0.0,-0.0,-0.892,0.7223841646938023,0.4019752337580671,1.2132812106616733
28,"([0.14, 0.1, 0.27, 0.12, 0.26, 0.1], [5])","([0.18, 0.2, 0.11, 0.19, 0.11, 0.21], [3])",-0.0,-0.0,-0.0,-0.0,-0.0,-0.958,-0.958,0.7223841646938023,0.6376529206779981,1.2133430622754067
29,"([0.14, 0.1, 0.28, 0.11, 0.27, 0.1], [4])","([0.18, 0.21, 0.1, 0.2, 0.11, 0.21], [4])",-0.0,-0.0,-0.0,-0.0,-0.0,-0.0,0.0,0.7225170697118052,-0.08466939240207094,1.2135378189071429
30,"([0.14, 0.1, 0.27, 0.12, 0.26, 0.1], [4])","([0.18, 0.2, 0.11, 0.19, 0.11, 0.21], [1])",-0.0,-0.0,-0.0,-0.0,-0.7879999999999999,-0.0,-0.7879999999999999,0.7223841646938023,-0.01899170548214002,1.213599670520876
31,"([0.14, 0.1, 0.27, 0.12, 0.26, 0.1], [4])","([0.18, 0.2, 0.11, 0.19, 0.11, 0.21], [2])",-0.0,-0.0,-0.0,-0.0,-0.7879999999999999,-0.0,-0.7879999999999999,0.7223841646938023,0.0466859814377909,1.2136615221346094
32,"([0.14, 0.11, 0.27, 0.12, 0.26, 0.1], [2])","([0.18, 0.2, 0.11, 0.19, 0.11, 0.21], [1])",-0.0,-0.0,-0.7829999999999999,-0.0,-0.0,-0.0,-0.7829999999999999,0.7223309958896391,0.10736366835772182,1.2136702049441794
33,"([0.14, 0.11, 0.27, 0.12, 0.26, 0.1], [0])","([0.18, 0.2, 0.11, 0.19, 0.11, 0.21], [5])",-0.892,-0.0,-0.0,-0.0,-0.0,-0.0,-0.892,0.7223309958896391,0.27704135527765283,1.2136788877537494
34,"([0.14, 0.11, 0.27, 0.12, 0.26, 0.1], [0])","([0.18, 0.2, 0.11, 0.19, 0.11, 0.21], [5])",-0.892,-0.0,-0.0,-0.0,-0.0,-0.0,-0.892,0.7223309958896391,0.44671904219758385,1.2136875705633194
35,"([0.14, 0.11, 0.27, 0.12, 0.26, 0.1], [4])","([0.18, 0.2, 0.11, 0.19, 0.11, 0.21], [5])",-0.0,-0.0,-0.0,-0.0,-0.7879999999999999,-0.0,-0.7879999999999999,0.7223309958896391,0.5123967291175148,1.2136962533728894
36,"([0.14, 0.11, 0.27, 0.12, 0.26, 0.1], [0])","([0.18, 0.2, 0.11, 0.19, 0.11, 0.21], [4])",-0.892,-0.0,-0.0,-0.0,-0.0,-0.0,-0.892,0.7223309958896391,0.6820744160374458,1.2137049361824594
37,"([0.14, 0.11, 0.27, 0.12, 0.26, 0.1], [2])","([0.18, 0.2, 0.11, 0.19, 0.11, 0.21], [0])",-0.0,-0.0,-0.7829999999999999,-0.0,-0.0,-0.0,-0.7829999999999999,0.7223309958896391,0.7427521029573767,1.2137136189920295
38,"([0.14, 0.11, 0.27, 0.12, 0.26, 0.1], [3])","([0.18, 0.2, 0.11, 0.19, 0.11, 0.21], [2])",-0.0,-0.0,-0.0,-0.9279999999999999,-0.0,-0.0,-0.9279999999999999,0.7223309958896391,0.9484297898773076,1.2137223018015995
39,"([0.14, 0.11, 0.27, 0.12, 0.26, 0.1], [5])","([0.18, 0.2, 0.11, 0.19, 0.11, 0.21], [4])",-0.0,-0.0,-0.0,-0.0,-0.0,-0.958,-0.958,0.7223309958896391,1.1841074767972386,1.2137309846111695
40,"([0.14, 0.1, 0.27, 0.12, 0.26, 0.1], [0])","([0.18, 0.2, 0.11, 0.19, 0.11, 0.21], [3])",-0.892,-0.0,-0.0,-0.0,-0.0,-0.0,-0.892,0.7223841646938023,1.3537851637171696,1.2137928362249029
41,"([0.14, 0.1, 0.27, 0.12, 0.26, 0.1], [0])","([0.18, 0.2, 0.11, 0.19, 0.11, 0.21], [0])",-0.0,-0.0,-0.0,-0.0,-0.0,-0.0,0.0,0.7223841646938023,0.6314628506371006,1.2138546878386363
42,"([0.14, 0.1, 0.27, 0.12, 0.26, 0.1], [3])","([0.18, 0.2, 0.11, 0.19, 0.11, 0.21], [3])",-0.0,-0.0,-0.0,-0.0,-0.0,-0.0,0.0,0.7223841646938023,-0.09085946244296839,1.2139165394523697
43,"([0.14, 0.1, 0.28, 0.11, 0.27, 0.1], [2])","([0.18, 0.21, 0.1, 0.2, 0.11, 0.21], [4])",-0.0,-0.0,-0.7829999999999999,-0.0,-0.0,-0.0,-0.7829999999999999,0.7225170697118052,-0.03018177552303747,1.2141112960841058
44,"([0.14, 0.1, 0.27, 0.12, 0.26, 0.1], [2])","([0.18, 0.2, 0.11, 0.19, 0.11, 0.21], [4])",-0.0,-0.0,-0.7829999999999999,-0.0,-0.0,-0.0,-0.7829999999999999,0.7223841646938023,0.03049591139689345,1.214173147697839
45,"([0.14, 0.1, 0.27, 0.12, 0.26, 0.1], [1])","([0.18, 0.2, 0.11, 0.19, 0.11, 0.21], [4])",-0.0,-0.951,-0.0,-0.0,-0.0,-0.0,-0.951,0.7223841646938023,0.2591735983168244,1.2142349993115724
46,"([0.14, 0.1, 0.27, 0.12, 0.26, 0.1], [4])","([0.18, 0.2, 0.11, 0.19, 0.11, 0.21], [1])",-0.0,-0.0,-0.0,-0.0,-0.7879999999999999,-0.0,-0.7879999999999999,0.7223841646938023,0.3248512852367553,1.2142968509253058
47,"([0.14, 0.1, 0.27, 0.12, 0.26, 0.1], [0])","([0.18, 0.2, 0.11, 0.19, 0.11, 0.21], [3])",-0.892,-0.0,-0.0,-0.0,-0.0,-0.0,-0.892,0.7223841646938023,0.49452897215668634,1.2143587025390392
48,"([0.14, 0.1, 0.27, 0.12, 0.26, 0.1], [5])","([0.18, 0.2, 0.11, 0.19, 0.11, 0.21], [1])",-0.0,-0.0,-0.0,-0.0,-0.0,-0.958,-0.958,0.7223841646938023,0.7302066590766173,1.2144205541527726
49,"([0.14, 0.1, 0.28, 0.11, 0.27, 0.1], [0])","([0.18, 0.21, 0.1, 0.2, 0.11, 0.21], [1])",-0.892,-0.0,-0.0,-0.0,-0.0,-0.0,-0.892,0.7225170697118052,0.8998843459965483,1.2146153107845088
50,"([0.14, 0.1, 0.28, 0.11, 0.27, 0.1], [2])","([0.18, 0.21, 0.1, 0.2, 0.11, 0.21], [0])",-0.0,-0.0,-0.7829999999999999,-0.0,-0.0,-0.0,-0.7829999999999999,0.7225170697118052,0.9605620329164792,1.214810067416245
51,"([0.14, 0.1, 0.28, 0.11, 0.27, 0.1], [4])","([0.18, 0.21, 0.1, 0.2, 0.11, 0.21], [4])",-0.0,-0.0,-0.0,-0.0,-0.0,-0.0,0.0,0.7225170697118052,0.23823971983641024,1.2150048240479812
52,"([0.14, 0.1, 0.27, 0.12, 0.26, 0.1], [1])","([0.18, 0.2, 0.11, 0.19, 0.11, 0.21], [0])",-0.0,-0.951,-0.0,-0.0,-0.0,-0.0,-0.951,0.7223841646938023,0.4669174067563412,1.2150666756617143
53,"([0.14, 0.1, 0.28, 0.11, 0.27, 0.1], [1])","([0.18, 0.21, 0.1, 0.2, 0.11, 0.21], [3])",-0.0,-0.951,-0.0,-0.0,-0.0,-0.0,-0.951,0.7225170697118052,0.6955950936762721,1.2152614322934505
54,"([0.14, 0.1, 0.28, 0.11, 0.27, 0.1], [2])","([0.18, 0.21, 0.1, 0.2, 0.11, 0.21], [3])",-0.0,-0.0,-0.7829999999999999,-0.0,-0.0,-0.0,-0.7829999999999999,0.7225170697118052,0.7562727805962031,1.2154561889251867
55,"([0.14, 0.1, 0.28, 0.11, 0.27, 0.1], [4])","([0.18, 0.21, 0.1, 0.2, 0.11, 0.21], [1])",-0.0,-0.0,-0.0,-0.0,-0.7879999999999999,-0.0,-0.7879999999999999,0.7225170697118052,0.821950467516134,1.2156509455569229
56,"([0.14, 0.1, 0.27, 0.12, 0.26, 0.1], [5])","([0.18, 0.2, 0.11, 0.19, 0.11, 0.21], [5])",-0.0,-0.0,-0.0,-0.0,-0.0,-0.0,0.0,0.7223841646938023,0.09962815443606499,1.215712797170656
57,"([0.14, 0.1, 0.28, 0.11, 0.27, 0.1], [2])","([0.18, 0.21, 0.1, 0.2, 0.11, 0.21], [5])",-0.0,-0.0,-0.7829999999999999,-0.0,-0.0,-0.0,-0.7829999999999999,0.7225170697118052,0.1603058413559959,1.2159075538023922
58,"([0.14, 0.1, 0.27, 0.12, 0.26, 0.1], [4])","([0.18, 0.2, 0.11, 0.19, 0.11, 0.21], [3])",-0.0,-0.0,-0.0,-0.0,-0.7879999999999999,-0.0,-0.7879999999999999,0.7223841646938023,0.22598352827592683,1.2159694054161254
59,"([0.14, 0.1, 0.27, 0.12, 0.26, 0.1], [4])","([0.18, 0.2, 0.11, 0.19, 0.11, 0.21], [3])",-0.0,-0.0,-0.0,-0.0,-0.7879999999999999,-0.0,-0.7879999999999999,0.7223841646938023,0.29166121519585775,1.2160312570298588
60,"([0.14, 0.1, 0.27, 0.12, 0.26, 0.1], [1])","([0.18, 0.2, 0.11, 0.19, 0.11, 0.21], [0])",-0.0,-0.951,-0.0,-0.0,-0.0,-0.0,-0.951,0.7223841646938023,0.5203389021157887,1.2160931086435922
61,"([0.14, 0.1, 0.27, 0.12, 0.26, 0.1], [0])","([0.18, 0.2, 0.11, 0.19, 0.11, 0.21], [1])",-0.892,-0.0,-0.0,-0.0,-0.0,-0.0,-0.892,0.7223841646938023,0.6900165890357197,1.2161549602573256
62,"([0.14, 0.1, 0.27, 0.12, 0.26, 0.1], [3])","([0.18, 0.2, 0.11, 0.19, 0.11, 0.21], [2])",-0.0,-0.0,-0.0,-0.9279999999999999,-0.0,-0.0,-0.9279999999999999,0.7223841646938023,0.8956942759556507,1.216216811871059
63,"([0.14, 0.1, 0.28, 0.11, 0.27, 0.1], [2])","([0.18, 0.21, 0.1, 0.2, 0.11, 0.21], [3])",-0.0,-0.0,-0.7829999999999999,-0.0,-0.0,-0.0,-0.7829999999999999,0.7225170697118052,0.9563719628755816,1.2164115685027952
64,"([0.14, 0.1, 0.27, 0.12, 0.26, 0.1], [2])","([0.18, 0.2, 0.11, 0.19, 0.11, 0.21], [1])",-0.0,-0.0,-0.7829999999999999,-0.0,-0.0,-0.0,-0.7829999999999999,0.7223841646938023,1.0170496497955126,1.2164734201165284
65,"([0.14, 0.1, 0.27, 0.12, 0.26, 0.1], [2])","([0.18, 0.2, 0.11, 0.19, 0.11, 0.21], [3])",-0.0,-0.0,-0.7829999999999999,-0.0,-0.0,-0.0,-0.7829999999999999,0.7223841646938023,1.0777273367154434,1.2165352717302618
66,"([0.14, 0.1, 0.27, 0.12, 0.26, 0.1], [4])","([0.18, 0.2, 0.11, 0.19, 0.11, 0.21], [4])",-0.0,-0.0,-0.0,-0.0,-0.0,-0.0,0.0,0.7223841646938023,0.3554050236353744,1.2165971233439952
67,"([0.14, 0.1, 0.27, 0.12, 0.26, 0.1], [5])","([0.18, 0.2, 0.11, 0.19, 0.11, 0.21], [4])",-0.0,-0.0,-0.0,-0.0,-0.0,-0.958,-0.958,0.7223841646938023,0.5910827105553054,1.2166589749577286
68,"([0.14, 0.1, 0.27, 0.12, 0.26, 0.1], [2])","([0.18, 0.2, 0.11, 0.19, 0.11, 0.21], [4])",-0.0,-0.0,-0.7829999999999999,-0.0,-0.0,-0.0,-0.7829999999999999,0.7223841646938023,0.6517603974752363,1.216720826571462
69,"([0.14, 0.1, 0.27, 0.12, 0.26, 0.1], [0])","([0.18, 0.2, 0.11, 0.19, 0.11, 0.21], [4])",-0.892,-0.0,-0.0,-0.0,-0.0,-0.0,-0.892,0.7223841646938023,0.8214380843951673,1.2167826781851954
70,"([0.14, 0.1, 0.27, 0.12, 0.26, 0.1], [1])","([0.18, 0.2, 0.11, 0.19, 0.11, 0.21], [0])",-0.0,-0.951,-0.0,-0.0,-0.0,-0.0,-0.951,0.7223841646938023,1.0501157713150984,1.2168445297989288
71,"([0.14, 0.1, 0.27, 0.12, 0.26, 0.1], [4])","([0.18, 0.2, 0.11, 0.19, 0.11, 0.21], [5])",-0.0,-0.0,-0.0,-0.0,-0.7879999999999999,-0.0,-0.7879999999999999,0.7223841646938023,1.1157934582350293,1.2169063814126622
72,"([0.14, 0.1, 0.27, 0.12, 0.26, 0.1], [2])","([0.18, 0.2, 0.11, 0.19, 0.11, 0.21], [0])",-0.0,-0.0,-0.7829999999999999,-0.0,-0.0,-0.0,-0.7829999999999999,0.7223841646938023,1.1764711451549603,1.2169682330263956
73,"([0.14, 0.1, 0.27, 0.12, 0.26, 0.1], [1])","([0.18, 0.2, 0.11, 0.19, 0.11, 0.21], [2])",-0.0,-0.951,-0.0,-0.0,-0.0,-0.0,-0.951,0.7223841646938023,1.4051488320748913,1.217030084640129
74,"([0.14, 0.1, 0.27, 0.12, 0.26, 0.1], [3])","([0.18, 0.2, 0.11, 0.19, 0.11, 0.21], [1])",-0.0,-0.0,-0.0,-0.9279999999999999,-0.0,-0.0,-0.9279999999999999,0.7223841646938023,1.610826518994822,1.2170919362538624
75,"([0.14, 0.1, 0.27, 0.12, 0.26, 0.1], [0])","([0.18, 0.2, 0.11, 0.19, 0.11, 0.21], [3])",-0.892,-0.0,-0.0,-0.0,-0.0,-0.0,-0.892,0.7223841646938023,1.7805042059147531,1.2171537878675958
76,"([0.14, 0.1, 0.27, 0.12, 0.26, 0.1], [0])","([0.18, 0.2, 0.11, 0.19, 0.11, 0.21], [3])",-0.892,-0.0,-0.0,-0.0,-0.0,-0.0,-0.892,0.7223841646938023,1.9501818928346841,1.2172156394813292
77,"([0.14, 0.1, 0.28, 0.11, 0.27, 0.1], [1])","([0.18, 0.21, 0.1, 0.2, 0.11, 0.21], [4])",-0.0,-0.951,-0.0,-0.0,-0.0,-0.0,-0.951,0.7225170697118052,2.178859579754615,1.2174103961130653
78,"([0.14, 0.1, 0.28, 0.11, 0.27, 0.1], [4])","([0.18, 0.21, 0.1, 0.2, 0.11, 0.21], [4])",-0.0,-0.0,-0.0,-0.0,-0.0,-0.0,0.0,0.7225170697118052,1.456537266674546,1.2176051527448015
79,"([0.14, 0.1, 0.28, 0.11, 0.27, 0.1], [0])","([0.18, 0.21, 0.1, 0.2, 0.11, 0.21], [0])",-0.0,-0.0,-0.0,-0.0,-0.0,-0.0,0.0,0.7225170697118052,0.734214953594477,1.2177999093765377
80,"([0.14, 0.1, 0.28, 0.11, 0.27, 0.1], [5])","([0.18, 0.21, 0.1, 0.2, 0.11, 0.21], [1])",-0.0,-0.0,-0.0,-0.0,-0.0,-0.958,-0.958,0.7225170697118052,0.9698926405144079,1.2179946660082739
81,"([0.14, 0.1, 0.28, 0.11, 0.27, 0.1], [5])","([0.18, 0.21, 0.1, 0.2, 0.11, 0.21], [5])",-0.0,-0.0,-0.0,-0.0,-0.0,-0.0,0.0,0.7225170697118052,0.24757032743433893,1.21818942264001
82,"([0.14, 0.1, 0.28, 0.11, 0.27, 0.1], [2])","([0.18, 0.21, 0.1, 0.2, 0.11, 0.21], [3])",-0.0,-0.0,-0.7829999999999999,-0.0,-0.0,-0.0,-0.7829999999999999,0.7225170697118052,0.30824801435426985,1.2183841792717462
83,"([0.14, 0.1, 0.28, 0.11, 0.27, 0.1], [3])","([0.18, 0.21, 0.1, 0.2, 0.11, 0.21], [4])",-0.0,-0.0,-0.0,-0.9279999999999999,-0.0,-0.0,-0.9279999999999999,0.7225170697118052,0.5139257012742008,1.2185789359034824
84,"([0.14, 0.1, 0.28, 0.11, 0.27, 0.1], [4])","([0.18, 0.21, 0.1, 0.2, 0.11, 0.21], [4])",-0.0,-0.0,-0.0,-0.0,-0.0,-0.0,0.0,0.7225170697118052,-0.20839661180586821,1.2187736925352186
85,"([0.14, 0.1, 0.28, 0.11, 0.27, 0.1], [2])","([0.18, 0.21, 0.1, 0.2, 0.11, 0.21], [0])",-0.0,-0.0,-0.7829999999999999,-0.0,-0.0,-0.0,-0.7829999999999999,0.7225170697118052,-0.1477189248859373,1.2189684491669548
86,"([0.14, 0.1, 0.28, 0.11, 0.27, 0.1], [5])","([0.18, 0.21, 0.1, 0.2, 0.11, 0.21], [0])",-0.0,-0.0,-0.0,-0.0,-0.0,-0.958,-0.958,0.7225170697118052,0.08795876203399366,1.219163205798691
87,"([0.14, 0.1, 0.28, 0.11, 0.27, 0.1], [2])","([0.18, 0.21, 0.1, 0.2, 0.11, 0.21], [1])",-0.0,-0.0,-0.7829999999999999,-0.0,-0.0,-0.0,-0.7829999999999999,0.7225170697118052,0.14863644895392458,1.2193579624304272
88,"([0.14, 0.1, 0.28, 0.11, 0.27, 0.1], [2])","([0.18, 0.21, 0.1, 0.2, 0.11, 0.21], [0])",-0.0,-0.0,-0.7829999999999999,-0.0,-0.0,-0.0,-0.7829999999999999,0.7225170697118052,0.2093141358738555,1.2195527190621633
89,"([0.14, 0.1, 0.28, 0.11, 0.27, 0.1], [1])","([0.18, 0.21, 0.1, 0.2, 0.11, 0.21], [3])",-0.0,-0.951,-0.0,-0.0,-0.0,-0.0,-0.951,0.7225170697118052,0.43799182279378646,1.2197474756938995
90,"([0.14, 0.1, 0.28, 0.11, 0.27, 0.1], [4])","([0.18, 0.21, 0.1, 0.2, 0.11, 0.21], [3])",-0.0,-0.0,-0.0,-0.0,-0.7879999999999999,-0.0,-0.7879999999999999,0.7225170697118052,0.5036695097137174,1.2199422323256357
91,"([0.14, 0.1, 0.28, 0.11, 0.27, 0.1], [5])","([0.18, 0.21, 0.1, 0.2, 0.11, 0.21], [4])",-0.0,-0.0,-0.0,-0.0,-0.0,-0.958,-0.958,0.7225170697118052,0.7393471966336483,1.2201369889573719
92,"([0.14, 0.1, 0.28, 0.11, 0.27, 0.1], [2])","([0.18, 0.21, 0.1, 0.2, 0.11, 0.21], [5])",-0.0,-0.0,-0.7829999999999999,-0.0,-0.0,-0.0,-0.7829999999999999,0.7225170697118052,0.8000248835535793,1.220331745589108
93,"([0.14, 0.1, 0.28, 0.11, 0.27, 0.1], [1])","([0.18, 0.21, 0.1, 0.2, 0.11, 0.21], [5])",-0.0,-0.951,-0.0,-0.0,-0.0,-0.0,-0.951,0.7225170697118052,1.0287025704735102,1.2205265022208442
94,"([0.14, 0.1, 0.28, 0.11, 0.27, 0.1], [5])","([0.18, 0.21, 0.1, 0.2, 0.11, 0.21], [1])",-0.0,-0.0,-0.0,-0.0,-0.0,-0.958,-0.958,0.7225170697118052,1.2643802573934413,1.2207212588525804
95,"([0.14, 0.1, 0.28, 0.11, 0.27, 0.1], [0])","([0.18, 0.21, 0.1, 0.2, 0.11, 0.21], [1])",-0.892,-0.0,-0.0,-0.0,-0.0,-0.0,-0.892,0.7225170697118052,1.4340579443133723,1.2209160154843166
96,"([0.14, 0.1, 0.28, 0.11, 0.27, 0.1], [2])","([0.18, 0.21, 0.1, 0.2, 0.11, 0.21], [5])",-0.0,-0.0,-0.7829999999999999,-0.0,-0.0,-0.0,-0.7829999999999999,0.7225170697118052,1.4947356312333033,1.2211107721160528
97,"([0.14, 0.1, 0.28, 0.11, 0.27, 0.1], [5])","([0.18, 0.21, 0.1, 0.2, 0.11, 0.21], [0])",-0.0,-0.0,-0.0,-0.0,-0.0,-0.958,-0.958,0.7225170697118052,1.7304133181532344,1.221305528747789
98,"([0.14, 0.1, 0.28, 0.11, 0.27, 0.1], [1])","([0.18, 0.21, 0.1, 0.2, 0.11, 0.21], [1])",-0.0,-0.0,-0.0,-0.0,-0.0,-0.0,0.0,0.7225170697118052,1.0080910050731653,1.2215002853795252
99,"([0.14, 0.1, 0.28, 0.11, 0.27, 0.1], [3])","([0.18, 0.21, 0.1, 0.2, 0.11, 0.21], [1])",-0.0,-0.0,-0.0,-0.9279999999999999,-0.0,-0.0,-0.9279999999999999,0.7225170697118052,1.2137686919930961,1.2216950420112613
