,suqr-1,FB-0,feedback target 0,feedback target 1,feedback target 2,feedback target 3,feedback target 4,feedback target 5,total,exp_loss,actual_regret,exp_regret
0,"([0.11, 0.07, 0.35, 0.08, 0.33, 0.06], [2])","([0.18, 0.23, 0.07, 0.21, 0.07, 0.24], [4])",-0.0,-0.0,-0.7829999999999999,-0.0,-0.0,-0.0,-0.7829999999999999,0.7309724335951064,0.060677707319052754,0.008650140914159277
1,"([0.11, 0.07, 0.35, 0.08, 0.33, 0.06], [4])","([0.18, 0.23, 0.07, 0.21, 0.07, 0.24], [1])",-0.0,-0.0,-0.0,-0.0,-0.7879999999999999,-0.0,-0.7879999999999999,0.7309724335951064,0.1263554146381055,0.017300281828318553
2,"([0.14, 0.11, 0.27, 0.12, 0.26, 0.11], [2])","([0.18, 0.2, 0.11, 0.19, 0.11, 0.2], [1])",-0.0,-0.0,-0.7829999999999999,-0.0,-0.0,-0.0,-0.7829999999999999,0.7223230770959769,0.18703312195715827,0.017301066243348262
3,"([0.14, 0.11, 0.27, 0.12, 0.26, 0.11], [1])","([0.18, 0.2, 0.11, 0.19, 0.11, 0.2], [0])",-0.0,-0.951,-0.0,-0.0,-0.0,-0.0,-0.951,0.7223230770959769,0.41571082927621106,0.01730185065837797
4,"([0.14, 0.11, 0.27, 0.12, 0.26, 0.11], [4])","([0.18, 0.2, 0.11, 0.19, 0.11, 0.2], [4])",-0.0,-0.0,-0.0,-0.0,-0.0,-0.0,0.0,0.7223230770959769,-0.3066114634047361,0.01730263507340768
5,"([0.14, 0.11, 0.27, 0.12, 0.26, 0.11], [3])","([0.18, 0.2, 0.11, 0.19, 0.11, 0.2], [1])",-0.0,-0.0,-0.0,-0.9279999999999999,-0.0,-0.0,-0.9279999999999999,0.7223230770959769,-0.10093375608568333,0.017303419488437388
6,"([0.14, 0.11, 0.27, 0.12, 0.26, 0.11], [5])","([0.18, 0.2, 0.11, 0.19, 0.11, 0.2], [0])",-0.0,-0.0,-0.0,-0.0,-0.0,-0.958,-0.958,0.7223230770959769,0.13474395123336946,0.017304203903467097
7,"([0.14, 0.11, 0.27, 0.12, 0.26, 0.1], [0])","([0.18, 0.2, 0.11, 0.19, 0.11, 0.21], [5])",-0.892,-0.0,-0.0,-0.0,-0.0,-0.0,-0.892,0.7223305610543059,0.3044216585524223,0.017312472276825863
8,"([0.14, 0.1, 0.27, 0.12, 0.26, 0.1], [4])","([0.18, 0.2, 0.11, 0.19, 0.11, 0.21], [3])",-0.0,-0.0,-0.0,-0.0,-0.7879999999999999,-0.0,-0.7879999999999999,0.7223798902349459,0.3700993658714751,0.017370069830824564
9,"([0.14, 0.11, 0.27, 0.12, 0.26, 0.1], [3])","([0.18, 0.2, 0.11, 0.19, 0.11, 0.21], [5])",-0.0,-0.0,-0.0,-0.9279999999999999,-0.0,-0.0,-0.9279999999999999,0.7223305610543059,0.5757770731905278,0.01737833820418333
10,"([0.14, 0.1, 0.27, 0.12, 0.26, 0.1], [4])","([0.18, 0.2, 0.11, 0.19, 0.11, 0.21], [1])",-0.0,-0.0,-0.0,-0.0,-0.7879999999999999,-0.0,-0.7879999999999999,0.7223798902349459,0.6414547805095806,0.01743593575818203
11,"([0.14, 0.11, 0.27, 0.12, 0.26, 0.1], [4])","([0.18, 0.2, 0.11, 0.19, 0.11, 0.21], [1])",-0.0,-0.0,-0.0,-0.0,-0.7879999999999999,-0.0,-0.7879999999999999,0.7223305610543059,0.7071324878286334,0.017444204131540797
12,"([0.14, 0.11, 0.27, 0.12, 0.26, 0.1], [3])","([0.18, 0.2, 0.11, 0.19, 0.11, 0.21], [3])",-0.0,-0.0,-0.0,-0.0,-0.0,-0.0,0.0,0.7223305610543059,-0.015189804852313804,0.017452472504899563
13,"([0.14, 0.11, 0.27, 0.12, 0.26, 0.1], [0])","([0.18, 0.2, 0.11, 0.19, 0.11, 0.21], [0])",-0.0,-0.0,-0.0,-0.0,-0.0,-0.0,0.0,0.7223305610543059,-0.737512097533261,0.01746074087825833
14,"([0.14, 0.1, 0.27, 0.12, 0.26, 0.1], [3])","([0.18, 0.2, 0.11, 0.19, 0.11, 0.21], [4])",-0.0,-0.0,-0.0,-0.9279999999999999,-0.0,-0.0,-0.9279999999999999,0.7223798902349459,-0.5318343902142082,0.01751833843225703
15,"([0.14, 0.1, 0.28, 0.11, 0.27, 0.1], [2])","([0.18, 0.21, 0.1, 0.2, 0.11, 0.21], [5])",-0.0,-0.0,-0.7829999999999999,-0.0,-0.0,-0.0,-0.7829999999999999,0.7225086493123155,-0.47115668289515544,0.017704695063625375
16,"([0.14, 0.1, 0.27, 0.12, 0.26, 0.1], [4])","([0.18, 0.2, 0.11, 0.19, 0.11, 0.21], [3])",-0.0,-0.0,-0.0,-0.0,-0.7879999999999999,-0.0,-0.7879999999999999,0.7223798902349459,-0.4054789755761027,0.017762292617624076
17,"([0.14, 0.11, 0.27, 0.12, 0.26, 0.1], [1])","([0.18, 0.2, 0.11, 0.19, 0.11, 0.21], [2])",-0.0,-0.951,-0.0,-0.0,-0.0,-0.0,-0.951,0.7223305610543059,-0.1768012682570499,0.017770560990982842
18,"([0.14, 0.1, 0.27, 0.12, 0.26, 0.1], [1])","([0.18, 0.2, 0.11, 0.19, 0.11, 0.21], [0])",-0.0,-0.951,-0.0,-0.0,-0.0,-0.0,-0.951,0.7223798902349459,0.0518764390620029,0.017828158544981543
19,"([0.14, 0.1, 0.28, 0.11, 0.27, 0.1], [4])","([0.18, 0.21, 0.1, 0.2, 0.11, 0.21], [4])",-0.0,-0.0,-0.0,-0.0,-0.0,-0.0,0.0,0.7225086493123155,-0.6704458536189443,0.018014515176349888
20,"([0.14, 0.1, 0.27, 0.12, 0.26, 0.1], [4])","([0.18, 0.2, 0.11, 0.19, 0.11, 0.21], [3])",-0.0,-0.0,-0.0,-0.0,-0.7879999999999999,-0.0,-0.7879999999999999,0.7223798902349459,-0.6047681462998915,0.01807211273034859
21,"([0.14, 0.1, 0.27, 0.12, 0.26, 0.1], [2])","([0.18, 0.2, 0.11, 0.19, 0.11, 0.21], [5])",-0.0,-0.0,-0.7829999999999999,-0.0,-0.0,-0.0,-0.7829999999999999,0.7223798902349459,-0.5440904389808388,0.01812971028434729
22,"([0.14, 0.11, 0.27, 0.12, 0.26, 0.1], [3])","([0.18, 0.2, 0.11, 0.19, 0.11, 0.21], [5])",-0.0,-0.0,-0.0,-0.9279999999999999,-0.0,-0.0,-0.9279999999999999,0.7223305610543059,-0.338412731661786,0.018137978657706055
23,"([0.14, 0.1, 0.27, 0.12, 0.26, 0.1], [3])","([0.18, 0.2, 0.11, 0.19, 0.11, 0.21], [1])",-0.0,-0.0,-0.0,-0.9279999999999999,-0.0,-0.0,-0.9279999999999999,0.7223798902349459,-0.1327350243427332,0.018195576211704756
24,"([0.14, 0.1, 0.27, 0.12, 0.26, 0.1], [2])","([0.18, 0.2, 0.11, 0.19, 0.11, 0.21], [4])",-0.0,-0.0,-0.7829999999999999,-0.0,-0.0,-0.0,-0.7829999999999999,0.7223798902349459,-0.07205731702368046,0.018253173765703457
25,"([0.14, 0.1, 0.27, 0.12, 0.26, 0.1], [0])","([0.18, 0.2, 0.11, 0.19, 0.11, 0.21], [0])",-0.0,-0.0,-0.0,-0.0,-0.0,-0.0,0.0,0.7223798902349459,-0.7943796097046276,0.018310771319702157
26,"([0.14, 0.1, 0.27, 0.12, 0.26, 0.1], [4])","([0.18, 0.2, 0.11, 0.19, 0.11, 0.21], [4])",-0.0,-0.0,-0.0,-0.0,-0.0,-0.0,0.0,0.7223798902349459,-1.5167019023855748,0.018368368873700858
27,"([0.14, 0.1, 0.27, 0.12, 0.26, 0.1], [0])","([0.18, 0.2, 0.11, 0.19, 0.11, 0.21], [2])",-0.892,-0.0,-0.0,-0.0,-0.0,-0.0,-0.892,0.7223798902349459,-1.3470241950665218,0.01842596642769956
28,"([0.14, 0.1, 0.27, 0.12, 0.26, 0.1], [4])","([0.18, 0.2, 0.11, 0.19, 0.11, 0.21], [5])",-0.0,-0.0,-0.0,-0.0,-0.7879999999999999,-0.0,-0.7879999999999999,0.7223798902349459,-1.2813464877474692,0.01848356398169826
29,"([0.14, 0.11, 0.27, 0.12, 0.26, 0.1], [4])","([0.18, 0.2, 0.11, 0.19, 0.11, 0.21], [2])",-0.0,-0.0,-0.0,-0.0,-0.7879999999999999,-0.0,-0.7879999999999999,0.7223324225694693,-1.2156687804284165,0.018493693870220373
30,"([0.14, 0.11, 0.27, 0.12, 0.26, 0.1], [4])","([0.18, 0.2, 0.11, 0.19, 0.11, 0.21], [2])",-0.0,-0.0,-0.0,-0.0,-0.7879999999999999,-0.0,-0.7879999999999999,0.7223305610543059,-1.1499910731093639,0.01850196224357914
31,"([0.14, 0.11, 0.27, 0.12, 0.26, 0.1], [2])","([0.18, 0.2, 0.11, 0.19, 0.11, 0.21], [1])",-0.0,-0.0,-0.7829999999999999,-0.0,-0.0,-0.0,-0.7829999999999999,0.7223305610543059,-1.0893133657903111,0.018510230616937906
32,"([0.14, 0.11, 0.27, 0.12, 0.26, 0.1], [0])","([0.18, 0.2, 0.11, 0.19, 0.11, 0.21], [0])",-0.0,-0.0,-0.0,-0.0,-0.0,-0.0,0.0,0.7223305610543059,-1.8116356584712583,0.018518498990296672
33,"([0.14, 0.11, 0.27, 0.12, 0.26, 0.1], [4])","([0.18, 0.2, 0.11, 0.19, 0.11, 0.21], [1])",-0.0,-0.0,-0.0,-0.0,-0.7879999999999999,-0.0,-0.7879999999999999,0.7223305610543059,-1.7459579511522056,0.01852676736365544
34,"([0.14, 0.11, 0.27, 0.12, 0.26, 0.1], [4])","([0.18, 0.2, 0.11, 0.19, 0.11, 0.21], [1])",-0.0,-0.0,-0.0,-0.0,-0.7879999999999999,-0.0,-0.7879999999999999,0.7223305610543059,-1.680280243833153,0.018535035737014205
35,"([0.14, 0.11, 0.27, 0.12, 0.26, 0.1], [4])","([0.18, 0.2, 0.11, 0.19, 0.11, 0.21], [2])",-0.0,-0.0,-0.0,-0.0,-0.7879999999999999,-0.0,-0.7879999999999999,0.7223305610543059,-1.6146025365141004,0.01854330411037297
36,"([0.14, 0.11, 0.27, 0.12, 0.26, 0.11], [0])","([0.18, 0.2, 0.11, 0.19, 0.11, 0.2], [5])",-0.892,-0.0,-0.0,-0.0,-0.0,-0.0,-0.892,0.7223230770959769,-1.4449248291950476,0.01854408852540268
37,"([0.14, 0.11, 0.27, 0.12, 0.26, 0.1], [4])","([0.18, 0.2, 0.11, 0.19, 0.11, 0.21], [3])",-0.0,-0.0,-0.0,-0.0,-0.7879999999999999,-0.0,-0.7879999999999999,0.7223305610543059,-1.379247121875995,0.018552356898761446
38,"([0.14, 0.11, 0.27, 0.12, 0.26, 0.11], [0])","([0.18, 0.2, 0.11, 0.19, 0.11, 0.2], [3])",-0.892,-0.0,-0.0,-0.0,-0.0,-0.0,-0.892,0.7223230770959769,-1.2095694145569422,0.018553141313791155
39,"([0.14, 0.11, 0.27, 0.12, 0.26, 0.1], [0])","([0.18, 0.2, 0.11, 0.19, 0.11, 0.21], [1])",-0.892,-0.0,-0.0,-0.0,-0.0,-0.0,-0.892,0.7223305610543059,-1.0398917072378895,0.01856140968714992
40,"([0.14, 0.11, 0.27, 0.12, 0.26, 0.1], [3])","([0.18, 0.2, 0.11, 0.19, 0.11, 0.21], [1])",-0.0,-0.0,-0.0,-0.9279999999999999,-0.0,-0.0,-0.9279999999999999,0.7223305610543059,-0.8342139999188367,0.018569678060508688
41,"([0.14, 0.11, 0.27, 0.12, 0.26, 0.1], [2])","([0.18, 0.2, 0.11, 0.19, 0.11, 0.21], [3])",-0.0,-0.0,-0.7829999999999999,-0.0,-0.0,-0.0,-0.7829999999999999,0.7223305610543059,-0.773536292599784,0.018577946433867454
42,"([0.14, 0.11, 0.27, 0.12, 0.26, 0.1], [5])","([0.18, 0.2, 0.11, 0.19, 0.11, 0.21], [5])",-0.0,-0.0,-0.0,-0.0,-0.0,-0.0,0.0,0.7223305610543059,-1.4958585852807311,0.01858621480722622
43,"([0.14, 0.11, 0.27, 0.12, 0.26, 0.1], [3])","([0.18, 0.2, 0.11, 0.19, 0.11, 0.21], [5])",-0.0,-0.0,-0.0,-0.9279999999999999,-0.0,-0.0,-0.9279999999999999,0.7223305610543059,-1.2901808779616784,0.018594483180584986
44,"([0.14, 0.11, 0.27, 0.12, 0.26, 0.1], [4])","([0.18, 0.2, 0.11, 0.19, 0.11, 0.21], [5])",-0.0,-0.0,-0.0,-0.0,-0.7879999999999999,-0.0,-0.7879999999999999,0.7223324225694693,-1.2245031706426257,0.0186046130691071
45,"([0.14, 0.11, 0.27, 0.12, 0.26, 0.1], [2])","([0.18, 0.2, 0.11, 0.19, 0.11, 0.21], [4])",-0.0,-0.0,-0.7829999999999999,-0.0,-0.0,-0.0,-0.7829999999999999,0.7223305610543059,-1.163825463323573,0.018612881442465867
46,"([0.14, 0.11, 0.27, 0.12, 0.26, 0.1], [2])","([0.18, 0.2, 0.11, 0.19, 0.11, 0.21], [1])",-0.0,-0.0,-0.7829999999999999,-0.0,-0.0,-0.0,-0.7829999999999999,0.7223305610543059,-1.1031477560045202,0.018621149815824634
47,"([0.14, 0.11, 0.27, 0.12, 0.26, 0.1], [2])","([0.18, 0.2, 0.11, 0.19, 0.11, 0.21], [3])",-0.0,-0.0,-0.7829999999999999,-0.0,-0.0,-0.0,-0.7829999999999999,0.7223305610543059,-1.0424700486854674,0.0186294181891834
48,"([0.14, 0.11, 0.27, 0.12, 0.26, 0.1], [2])","([0.18, 0.2, 0.11, 0.19, 0.11, 0.21], [4])",-0.0,-0.0,-0.7829999999999999,-0.0,-0.0,-0.0,-0.7829999999999999,0.7223305610543059,-0.9817923413664147,0.018637686562542166
49,"([0.14, 0.11, 0.27, 0.12, 0.26, 0.11], [3])","([0.18, 0.2, 0.11, 0.19, 0.11, 0.2], [4])",-0.0,-0.0,-0.0,-0.9279999999999999,-0.0,-0.0,-0.9279999999999999,0.7223230770959769,-0.7761146340473619,0.018638470977571875
50,"([0.14, 0.11, 0.27, 0.12, 0.26, 0.1], [2])","([0.18, 0.2, 0.11, 0.19, 0.11, 0.21], [3])",-0.0,-0.0,-0.7829999999999999,-0.0,-0.0,-0.0,-0.7829999999999999,0.7223305610543059,-0.7154369267283092,0.01864673935093064
51,"([0.14, 0.11, 0.27, 0.12, 0.26, 0.11], [3])","([0.18, 0.2, 0.11, 0.19, 0.11, 0.2], [3])",-0.0,-0.0,-0.0,-0.0,-0.0,-0.0,0.0,0.7223230770959769,-1.4377592194092563,0.01864752376596035
52,"([0.14, 0.11, 0.27, 0.12, 0.26, 0.1], [2])","([0.18, 0.2, 0.11, 0.19, 0.11, 0.21], [4])",-0.0,-0.0,-0.7829999999999999,-0.0,-0.0,-0.0,-0.7829999999999999,0.7223305610543059,-1.3770815120902036,0.018655792139319116
53,"([0.14, 0.11, 0.27, 0.12, 0.26, 0.1], [4])","([0.18, 0.2, 0.11, 0.19, 0.11, 0.21], [5])",-0.0,-0.0,-0.0,-0.0,-0.7879999999999999,-0.0,-0.7879999999999999,0.7223305610543059,-1.311403804771151,0.018664060512677882
54,"([0.14, 0.11, 0.27, 0.12, 0.26, 0.11], [4])","([0.18, 0.2, 0.11, 0.19, 0.11, 0.2], [2])",-0.0,-0.0,-0.0,-0.0,-0.7879999999999999,-0.0,-0.7879999999999999,0.7223230770959769,-1.2457260974520983,0.01866484492770759
55,"([0.14, 0.11, 0.27, 0.12, 0.26, 0.11], [4])","([0.18, 0.2, 0.11, 0.19, 0.11, 0.2], [1])",-0.0,-0.0,-0.0,-0.0,-0.7879999999999999,-0.0,-0.7879999999999999,0.7223230770959769,-1.1800483901330456,0.0186656293427373
56,"([0.14, 0.11, 0.27, 0.12, 0.26, 0.11], [0])","([0.18, 0.2, 0.11, 0.19, 0.11, 0.2], [5])",-0.892,-0.0,-0.0,-0.0,-0.0,-0.0,-0.892,0.7223230770959769,-1.010370682813993,0.01866641375776701
57,"([0.14, 0.11, 0.27, 0.12, 0.26, 0.11], [2])","([0.18, 0.2, 0.11, 0.19, 0.11, 0.2], [5])",-0.0,-0.0,-0.7829999999999999,-0.0,-0.0,-0.0,-0.7829999999999999,0.7223230770959769,-0.9496929754949401,0.018667198172796717
58,"([0.14, 0.11, 0.27, 0.12, 0.26, 0.11], [5])","([0.18, 0.2, 0.11, 0.19, 0.11, 0.2], [2])",-0.0,-0.0,-0.0,-0.0,-0.0,-0.958,-0.958,0.7223230770959769,-0.7140152681758873,0.018667982587826426
59,"([0.14, 0.11, 0.27, 0.12, 0.26, 0.11], [2])","([0.18, 0.2, 0.11, 0.19, 0.11, 0.2], [5])",-0.0,-0.0,-0.7829999999999999,-0.0,-0.0,-0.0,-0.7829999999999999,0.7223230770959769,-0.6533375608568346,0.018668767002856135
60,"([0.14, 0.11, 0.27, 0.12, 0.26, 0.11], [1])","([0.18, 0.2, 0.11, 0.19, 0.11, 0.2], [5])",-0.0,-0.951,-0.0,-0.0,-0.0,-0.0,-0.951,0.7223230770959769,-0.4246598535377818,0.018669551417885843
61,"([0.14, 0.11, 0.27, 0.12, 0.26, 0.11], [3])","([0.18, 0.2, 0.11, 0.19, 0.11, 0.2], [0])",-0.0,-0.0,-0.0,-0.9279999999999999,-0.0,-0.0,-0.9279999999999999,0.7223230770959769,-0.21898214621872902,0.018670335832915552
62,"([0.14, 0.11, 0.27, 0.12, 0.26, 0.1], [0])","([0.18, 0.2, 0.11, 0.19, 0.11, 0.21], [3])",-0.892,-0.0,-0.0,-0.0,-0.0,-0.0,-0.892,0.7223305610543059,-0.04930443889967617,0.01867860420627432
63,"([0.14, 0.11, 0.27, 0.12, 0.26, 0.1], [1])","([0.18, 0.2, 0.11, 0.19, 0.11, 0.21], [0])",-0.0,-0.951,-0.0,-0.0,-0.0,-0.0,-0.951,0.7223305610543059,0.17937326841937662,0.018686872579633085
64,"([0.14, 0.11, 0.27, 0.12, 0.26, 0.1], [2])","([0.18, 0.2, 0.11, 0.19, 0.11, 0.21], [0])",-0.0,-0.0,-0.7829999999999999,-0.0,-0.0,-0.0,-0.7829999999999999,0.7223305610543059,0.24005097573842937,0.01869514095299185
65,"([0.14, 0.11, 0.27, 0.12, 0.26, 0.1], [1])","([0.18, 0.2, 0.11, 0.19, 0.11, 0.21], [5])",-0.0,-0.951,-0.0,-0.0,-0.0,-0.0,-0.951,0.7223305610543059,0.46872868305748216,0.018703409326350617
66,"([0.14, 0.11, 0.27, 0.12, 0.26, 0.1], [2])","([0.18, 0.2, 0.11, 0.19, 0.11, 0.21], [1])",-0.0,-0.0,-0.7829999999999999,-0.0,-0.0,-0.0,-0.7829999999999999,0.7223305610543059,0.5294063903765349,0.018711677699709384
67,"([0.14, 0.11, 0.27, 0.12, 0.26, 0.1], [4])","([0.18, 0.2, 0.11, 0.19, 0.11, 0.21], [0])",-0.0,-0.0,-0.0,-0.0,-0.7879999999999999,-0.0,-0.7879999999999999,0.7223305610543059,0.5950840976955877,0.01871994607306815
68,"([0.14, 0.11, 0.27, 0.12, 0.26, 0.1], [0])","([0.18, 0.2, 0.11, 0.19, 0.11, 0.21], [5])",-0.892,-0.0,-0.0,-0.0,-0.0,-0.0,-0.892,0.7223305610543059,0.7647618050146405,0.018728214446426916
69,"([0.14, 0.11, 0.27, 0.12, 0.26, 0.1], [4])","([0.18, 0.2, 0.11, 0.19, 0.11, 0.21], [2])",-0.0,-0.0,-0.0,-0.0,-0.7879999999999999,-0.0,-0.7879999999999999,0.7223305610543059,0.8304395123336933,0.018736482819785683
70,"([0.14, 0.11, 0.27, 0.12, 0.26, 0.1], [3])","([0.18, 0.2, 0.11, 0.19, 0.11, 0.21], [3])",-0.0,-0.0,-0.0,-0.0,-0.0,-0.0,0.0,0.7223305610543059,0.10811721965274612,0.01874475119314445
71,"([0.14, 0.11, 0.27, 0.12, 0.26, 0.1], [5])","([0.18, 0.2, 0.11, 0.19, 0.11, 0.21], [3])",-0.0,-0.0,-0.0,-0.0,-0.0,-0.958,-0.958,0.7223305610543059,0.3437949269717989,0.018753019566503215
72,"([0.14, 0.11, 0.27, 0.12, 0.26, 0.1], [2])","([0.18, 0.2, 0.11, 0.19, 0.11, 0.21], [0])",-0.0,-0.0,-0.7829999999999999,-0.0,-0.0,-0.0,-0.7829999999999999,0.7223305610543059,0.4044726342908517,0.01876128793986198
73,"([0.14, 0.11, 0.27, 0.12, 0.26, 0.1], [1])","([0.18, 0.2, 0.11, 0.19, 0.11, 0.21], [1])",-0.0,-0.0,-0.0,-0.0,-0.0,-0.0,0.0,0.7223305610543059,-0.3178496583900955,0.018769556313220748
74,"([0.14, 0.11, 0.27, 0.12, 0.26, 0.1], [2])","([0.18, 0.2, 0.11, 0.19, 0.11, 0.21], [3])",-0.0,-0.0,-0.7829999999999999,-0.0,-0.0,-0.0,-0.7829999999999999,0.7223305610543059,-0.25717195107104274,0.018777824686579514
75,"([0.14, 0.11, 0.27, 0.12, 0.26, 0.1], [1])","([0.18, 0.2, 0.11, 0.19, 0.11, 0.21], [2])",-0.0,-0.951,-0.0,-0.0,-0.0,-0.0,-0.951,0.7223305610543059,-0.028494243751989945,0.01878609305993828
76,"([0.14, 0.11, 0.27, 0.12, 0.26, 0.1], [5])","([0.18, 0.2, 0.11, 0.19, 0.11, 0.21], [4])",-0.0,-0.0,-0.0,-0.0,-0.0,-0.958,-0.958,0.7223305610543059,0.20718346356706285,0.018794361433297047
77,"([0.14, 0.11, 0.27, 0.12, 0.26, 0.1], [2])","([0.18, 0.2, 0.11, 0.19, 0.11, 0.21], [5])",-0.0,-0.0,-0.7829999999999999,-0.0,-0.0,-0.0,-0.7829999999999999,0.7223324225694693,0.2678611708861156,0.01880449132181916
78,"([0.14, 0.11, 0.27, 0.12, 0.26, 0.1], [2])","([0.18, 0.2, 0.11, 0.19, 0.11, 0.21], [0])",-0.0,-0.0,-0.7829999999999999,-0.0,-0.0,-0.0,-0.7829999999999999,0.7223305610543059,0.32853887820516836,0.018812759695177927
79,"([0.14, 0.11, 0.27, 0.12, 0.26, 0.1], [2])","([0.18, 0.2, 0.11, 0.19, 0.11, 0.21], [0])",-0.0,-0.0,-0.7829999999999999,-0.0,-0.0,-0.0,-0.7829999999999999,0.7223305610543059,0.3892165855242211,0.018821028068536694
80,"([0.14, 0.11, 0.27, 0.12, 0.26, 0.1], [4])","([0.18, 0.2, 0.11, 0.19, 0.11, 0.21], [5])",-0.0,-0.0,-0.0,-0.0,-0.7879999999999999,-0.0,-0.7879999999999999,0.7223305610543059,0.4548942928432739,0.01882929644189546
81,"([0.14, 0.11, 0.27, 0.12, 0.26, 0.1], [2])","([0.18, 0.2, 0.11, 0.19, 0.11, 0.21], [3])",-0.0,-0.0,-0.7829999999999999,-0.0,-0.0,-0.0,-0.7829999999999999,0.7223305610543059,0.5155720001623266,0.018837564815254226
82,"([0.14, 0.11, 0.27, 0.12, 0.26, 0.1], [3])","([0.18, 0.2, 0.11, 0.19, 0.11, 0.21], [0])",-0.0,-0.0,-0.0,-0.9279999999999999,-0.0,-0.0,-0.9279999999999999,0.7223305610543059,0.7212497074813794,0.018845833188612993
83,"([0.14, 0.11, 0.27, 0.12, 0.26, 0.1], [3])","([0.18, 0.2, 0.11, 0.19, 0.11, 0.21], [1])",-0.0,-0.0,-0.0,-0.9279999999999999,-0.0,-0.0,-0.9279999999999999,0.7223305610543059,0.9269274148004322,0.01885410156197176
84,"([0.14, 0.11, 0.27, 0.12, 0.26, 0.1], [0])","([0.18, 0.2, 0.11, 0.19, 0.11, 0.21], [5])",-0.892,-0.0,-0.0,-0.0,-0.0,-0.0,-0.892,0.7223305610543059,1.096605122119485,0.018862369935330525
85,"([0.14, 0.11, 0.27, 0.12, 0.26, 0.1], [1])","([0.18, 0.2, 0.11, 0.19, 0.11, 0.21], [4])",-0.0,-0.951,-0.0,-0.0,-0.0,-0.0,-0.951,0.7223305610543059,1.325282829438538,0.01887063830868929
86,"([0.14, 0.11, 0.27, 0.12, 0.26, 0.1], [3])","([0.18, 0.2, 0.11, 0.19, 0.11, 0.21], [2])",-0.0,-0.0,-0.0,-0.9279999999999999,-0.0,-0.0,-0.9279999999999999,0.7223324225694693,1.5309605367575907,0.018880768197211406
87,"([0.14, 0.11, 0.27, 0.12, 0.26, 0.1], [4])","([0.18, 0.2, 0.11, 0.19, 0.11, 0.21], [3])",-0.0,-0.0,-0.0,-0.0,-0.7879999999999999,-0.0,-0.7879999999999999,0.7223324225694693,1.5966382440766433,0.01889089808573352
88,"([0.14, 0.11, 0.27, 0.12, 0.26, 0.1], [1])","([0.18, 0.2, 0.11, 0.19, 0.11, 0.21], [5])",-0.0,-0.951,-0.0,-0.0,-0.0,-0.0,-0.951,0.7223324225694693,1.8253159513956962,0.018901027974255635
89,"([0.14, 0.11, 0.27, 0.12, 0.26, 0.1], [2])","([0.18, 0.2, 0.11, 0.19, 0.11, 0.21], [0])",-0.0,-0.0,-0.7829999999999999,-0.0,-0.0,-0.0,-0.7829999999999999,0.7223324225694693,1.885993658714749,0.01891115786277775
90,"([0.14, 0.11, 0.27, 0.12, 0.26, 0.1], [1])","([0.18, 0.2, 0.11, 0.19, 0.11, 0.21], [1])",-0.0,-0.0,-0.0,-0.0,-0.0,-0.0,0.0,0.7223324225694693,1.1636713660338018,0.018921287751299865
91,"([0.14, 0.11, 0.27, 0.12, 0.26, 0.1], [4])","([0.18, 0.2, 0.11, 0.19, 0.11, 0.21], [2])",-0.0,-0.0,-0.0,-0.0,-0.7879999999999999,-0.0,-0.7879999999999999,0.7223324225694693,1.2293490733528545,0.01893141763982198
92,"([0.14, 0.11, 0.27, 0.12, 0.26, 0.1], [2])","([0.18, 0.2, 0.11, 0.19, 0.11, 0.21], [3])",-0.0,-0.0,-0.7829999999999999,-0.0,-0.0,-0.0,-0.7829999999999999,0.7223324225694693,1.2900267806719072,0.018941547528344094
93,"([0.14, 0.11, 0.27, 0.12, 0.26, 0.1], [4])","([0.18, 0.2, 0.11, 0.19, 0.11, 0.21], [0])",-0.0,-0.0,-0.0,-0.0,-0.7879999999999999,-0.0,-0.7879999999999999,0.7223324225694693,1.3557044879909599,0.01895167741686621
94,"([0.14, 0.11, 0.27, 0.12, 0.26, 0.1], [4])","([0.18, 0.2, 0.11, 0.19, 0.11, 0.21], [1])",-0.0,-0.0,-0.0,-0.0,-0.7879999999999999,-0.0,-0.7879999999999999,0.7223305610543059,1.4213821953100125,0.018959945790224975
95,"([0.14, 0.11, 0.27, 0.12, 0.26, 0.1], [5])","([0.18, 0.2, 0.11, 0.19, 0.11, 0.21], [5])",-0.0,-0.0,-0.0,-0.0,-0.0,-0.0,0.0,0.7223305610543059,0.6990599026290654,0.01896821416358374
96,"([0.14, 0.11, 0.27, 0.12, 0.26, 0.1], [2])","([0.18, 0.2, 0.11, 0.19, 0.11, 0.21], [0])",-0.0,-0.0,-0.7829999999999999,-0.0,-0.0,-0.0,-0.7829999999999999,0.7223305610543059,0.7597376099481181,0.018976482536942507
97,"([0.14, 0.11, 0.27, 0.12, 0.26, 0.1], [5])","([0.18, 0.2, 0.11, 0.19, 0.11, 0.21], [3])",-0.0,-0.0,-0.0,-0.0,-0.0,-0.958,-0.958,0.7223305610543059,0.9954153172671709,0.018984750910301273
98,"([0.14, 0.11, 0.27, 0.12, 0.26, 0.1], [4])","([0.18, 0.2, 0.11, 0.19, 0.11, 0.21], [1])",-0.0,-0.0,-0.0,-0.0,-0.7879999999999999,-0.0,-0.7879999999999999,0.7223324225694693,1.0610930245862238,0.018994880798823388
99,"([0.14, 0.11, 0.27, 0.12, 0.26, 0.1], [0])","([0.18, 0.2, 0.11, 0.19, 0.11, 0.21], [5])",-0.892,-0.0,-0.0,-0.0,-0.0,-0.0,-0.892,0.7223305610543059,1.2307707319052765,0.019003149172182154
