,sto-1,FB-0,feedback target 0,feedback target 1,feedback target 2,feedback target 3,feedback target 4,feedback target 5,total,exp_loss,actual_regret,exp_regret
0,"([0.03, 0.18, 0.33, 0.03, 0.08, 0.35], [5])","([0, 0, 1, 0, 0, 0], [2])",-0.0,-0.0,-0.0,-0.0,-0.0,-0.9390000000000001,-0.9390000000000001,0.582216,0.4358710000000001,0.07908700000000002
1,"([0.03, 0.18, 0.33, 0.03, 0.08, 0.35], [2])","([0, 0, 0, 0, 0, 1], [5])",-0.0,-0.0,-0.758,-0.0,-0.0,-0.0,-0.758,0.5031289999999999,0.6907420000000002,0.07908700000000002
2,"([0.03, 0.18, 0.33, 0.03, 0.08, 0.35], [5])","([0, 0, 0, 0, 0, 1], [5])",-0.0,-0.0,-0.0,-0.0,-0.0,-0.0,0.0,0.5031289999999999,0.18761300000000025,0.07908700000000002
3,"([0.03, 0.18, 0.33, 0.03, 0.08, 0.35], [2])","([0, 0, 0, 0, 0, 1], [5])",-0.0,-0.0,-0.758,-0.0,-0.0,-0.0,-0.758,0.5031289999999999,0.4424840000000003,0.07908700000000002
4,"([0.03, 0.18, 0.33, 0.03, 0.08, 0.35], [1])","([0, 0, 0, 0, 0, 1], [5])",-0.0,-0.716,-0.0,-0.0,-0.0,-0.0,-0.716,0.5031289999999999,0.6553550000000004,0.07908700000000002
5,"([0.03, 0.18, 0.33, 0.03, 0.08, 0.35], [2])","([0, 0, 0, 0, 0, 1], [5])",-0.0,-0.0,-0.758,-0.0,-0.0,-0.0,-0.758,0.5031289999999999,0.9102260000000004,0.07908700000000002
6,"([0.03, 0.18, 0.33, 0.03, 0.08, 0.35], [2])","([0, 0, 0, 0, 0, 1], [5])",-0.0,-0.0,-0.758,-0.0,-0.0,-0.0,-0.758,0.5031289999999999,1.1650970000000005,0.07908700000000002
7,"([0.03, 0.18, 0.33, 0.03, 0.08, 0.35], [2])","([0, 0, 0, 0, 0, 1], [5])",-0.0,-0.0,-0.758,-0.0,-0.0,-0.0,-0.758,0.5031289999999999,1.4199680000000006,0.07908700000000002
8,"([0.03, 0.18, 0.33, 0.03, 0.08, 0.35], [5])","([0, 0, 0, 0, 0, 1], [5])",-0.0,-0.0,-0.0,-0.0,-0.0,-0.0,0.0,0.5031289999999999,0.9168390000000006,0.07908700000000002
9,"([0.03, 0.18, 0.33, 0.03, 0.08, 0.35], [2])","([0, 0, 0, 0, 0, 1], [5])",-0.0,-0.0,-0.758,-0.0,-0.0,-0.0,-0.758,0.5031289999999999,1.1717100000000007,0.07908700000000002
10,"([0.03, 0.18, 0.33, 0.03, 0.08, 0.35], [2])","([0, 0, 0, 0, 0, 1], [5])",-0.0,-0.0,-0.758,-0.0,-0.0,-0.0,-0.758,0.5031289999999999,1.4265810000000008,0.07908700000000002
11,"([0.03, 0.18, 0.33, 0.03, 0.08, 0.35], [2])","([0, 0, 0, 0, 0, 1], [5])",-0.0,-0.0,-0.758,-0.0,-0.0,-0.0,-0.758,0.5031289999999999,1.6814520000000008,0.07908700000000002
12,"([0.03, 0.18, 0.33, 0.03, 0.08, 0.35], [2])","([0, 0, 0, 0, 0, 1], [5])",-0.0,-0.0,-0.758,-0.0,-0.0,-0.0,-0.758,0.5031289999999999,1.936323000000001,0.07908700000000002
13,"([0.03, 0.18, 0.33, 0.03, 0.08, 0.35], [1])","([0, 0, 1, 0, 0, 0], [2])",-0.0,-0.716,-0.0,-0.0,-0.0,-0.0,-0.716,0.582216,2.149194000000001,0.15817400000000004
14,"([0.03, 0.18, 0.33, 0.03, 0.08, 0.35], [1])","([0, 0, 0, 0, 0, 1], [5])",-0.0,-0.716,-0.0,-0.0,-0.0,-0.0,-0.716,0.5031289999999999,2.362065000000001,0.15817400000000004
15,"([0.03, 0.18, 0.33, 0.03, 0.08, 0.35], [5])","([0, 0, 0, 0, 0, 1], [5])",-0.0,-0.0,-0.0,-0.0,-0.0,-0.0,0.0,0.5031289999999999,1.8589360000000013,0.15817400000000004
16,"([0.03, 0.18, 0.33, 0.03, 0.08, 0.35], [5])","([0, 0, 0, 0, 0, 1], [5])",-0.0,-0.0,-0.0,-0.0,-0.0,-0.0,0.0,0.5031289999999999,1.3558070000000013,0.15817400000000004
17,"([0.03, 0.18, 0.33, 0.03, 0.08, 0.35], [2])","([0, 0, 0, 0, 0, 1], [5])",-0.0,-0.0,-0.758,-0.0,-0.0,-0.0,-0.758,0.5031289999999999,1.6106780000000014,0.15817400000000004
18,"([0.03, 0.18, 0.33, 0.03, 0.08, 0.35], [5])","([0, 0, 0, 0, 0, 1], [5])",-0.0,-0.0,-0.0,-0.0,-0.0,-0.0,0.0,0.5031289999999999,1.1075490000000014,0.15817400000000004
19,"([0.03, 0.18, 0.33, 0.03, 0.08, 0.35], [2])","([0, 0, 0, 0, 0, 1], [5])",-0.0,-0.0,-0.758,-0.0,-0.0,-0.0,-0.758,0.5031289999999999,1.3624200000000015,0.15817400000000004
20,"([0.03, 0.18, 0.33, 0.03, 0.08, 0.35], [2])","([0, 0, 0, 0, 0, 1], [5])",-0.0,-0.0,-0.758,-0.0,-0.0,-0.0,-0.758,0.5031289999999999,1.6172910000000016,0.15817400000000004
21,"([0.03, 0.18, 0.33, 0.03, 0.08, 0.35], [1])","([0, 0, 0, 0, 0, 1], [5])",-0.0,-0.716,-0.0,-0.0,-0.0,-0.0,-0.716,0.5031289999999999,1.8301620000000016,0.15817400000000004
22,"([0.03, 0.18, 0.33, 0.03, 0.08, 0.35], [5])","([0, 0, 0, 0, 0, 1], [5])",-0.0,-0.0,-0.0,-0.0,-0.0,-0.0,0.0,0.5031289999999999,1.3270330000000017,0.15817400000000004
23,"([0.03, 0.18, 0.33, 0.03, 0.08, 0.35], [5])","([0, 0, 0, 0, 0, 1], [5])",-0.0,-0.0,-0.0,-0.0,-0.0,-0.0,0.0,0.5031289999999999,0.8239040000000017,0.15817400000000004
24,"([0.03, 0.18, 0.33, 0.03, 0.08, 0.35], [4])","([0, 0, 0, 0, 0, 1], [5])",-0.0,-0.0,-0.0,-0.0,-0.861,-0.0,-0.861,0.5031289999999999,1.1817750000000018,0.15817400000000004
25,"([0.03, 0.18, 0.33, 0.03, 0.08, 0.35], [4])","([0, 0, 0, 0, 0, 1], [5])",-0.0,-0.0,-0.0,-0.0,-0.861,-0.0,-0.861,0.5031289999999999,1.5396460000000018,0.15817400000000004
26,"([0.03, 0.18, 0.33, 0.03, 0.08, 0.35], [2])","([0, 0, 0, 0, 0, 1], [5])",-0.0,-0.0,-0.758,-0.0,-0.0,-0.0,-0.758,0.5031289999999999,1.794517000000002,0.15817400000000004
27,"([0.03, 0.18, 0.33, 0.03, 0.08, 0.35], [5])","([0, 0, 0, 0, 0, 1], [5])",-0.0,-0.0,-0.0,-0.0,-0.0,-0.0,0.0,0.5031289999999999,1.291388000000002,0.15817400000000004
28,"([0.03, 0.18, 0.33, 0.03, 0.08, 0.35], [2])","([0, 0, 0, 0, 0, 1], [5])",-0.0,-0.0,-0.758,-0.0,-0.0,-0.0,-0.758,0.5031289999999999,1.546259000000002,0.15817400000000004
29,"([0.03, 0.18, 0.33, 0.03, 0.08, 0.35], [4])","([0, 0, 0, 0, 0, 1], [5])",-0.0,-0.0,-0.0,-0.0,-0.861,-0.0,-0.861,0.5031289999999999,1.904130000000002,0.15817400000000004
30,"([0.03, 0.18, 0.33, 0.03, 0.08, 0.35], [2])","([0, 0, 0, 0, 0, 1], [5])",-0.0,-0.0,-0.758,-0.0,-0.0,-0.0,-0.758,0.5031289999999999,2.159001000000002,0.15817400000000004
31,"([0.03, 0.18, 0.33, 0.03, 0.08, 0.35], [5])","([0, 0, 0, 0, 0, 1], [5])",-0.0,-0.0,-0.0,-0.0,-0.0,-0.0,0.0,0.5031289999999999,1.6558720000000022,0.15817400000000004
32,"([0.03, 0.18, 0.33, 0.03, 0.08, 0.35], [2])","([0, 0, 0, 0, 0, 1], [5])",-0.0,-0.0,-0.758,-0.0,-0.0,-0.0,-0.758,0.5031289999999999,1.9107430000000023,0.15817400000000004
33,"([0.03, 0.18, 0.33, 0.03, 0.08, 0.35], [1])","([0, 0, 0, 0, 0, 1], [5])",-0.0,-0.716,-0.0,-0.0,-0.0,-0.0,-0.716,0.5031289999999999,2.1236140000000026,0.15817400000000004
34,"([0.03, 0.18, 0.33, 0.03, 0.08, 0.35], [1])","([0, 0, 0, 0, 0, 1], [5])",-0.0,-0.716,-0.0,-0.0,-0.0,-0.0,-0.716,0.5031289999999999,2.3364850000000024,0.15817400000000004
35,"([0.03, 0.18, 0.33, 0.03, 0.08, 0.35], [3])","([0, 0, 0, 0, 0, 1], [5])",-0.0,-0.0,-0.0,-0.868,-0.0,-0.0,-0.868,0.5031289999999999,2.7013560000000023,0.15817400000000004
36,"([0.03, 0.18, 0.33, 0.03, 0.08, 0.35], [5])","([0, 0, 0, 0, 0, 1], [5])",-0.0,-0.0,-0.0,-0.0,-0.0,-0.0,0.0,0.5031289999999999,2.1982270000000024,0.15817400000000004
37,"([0.03, 0.18, 0.33, 0.03, 0.08, 0.35], [0])","([0, 0, 0, 0, 0, 1], [5])",-0.968,-0.0,-0.0,-0.0,-0.0,-0.0,-0.968,0.5031289999999999,2.6630980000000024,0.15817400000000004
38,"([0.03, 0.18, 0.33, 0.03, 0.08, 0.35], [2])","([0, 0, 0, 0, 0, 1], [5])",-0.0,-0.0,-0.758,-0.0,-0.0,-0.0,-0.758,0.5031289999999999,2.9179690000000025,0.15817400000000004
39,"([0.03, 0.18, 0.33, 0.03, 0.08, 0.35], [5])","([0, 0, 0, 0, 0, 1], [5])",-0.0,-0.0,-0.0,-0.0,-0.0,-0.0,0.0,0.5031289999999999,2.4148400000000025,0.15817400000000004
40,"([0.03, 0.18, 0.33, 0.03, 0.08, 0.35], [1])","([0, 0, 0, 0, 0, 1], [5])",-0.0,-0.716,-0.0,-0.0,-0.0,-0.0,-0.716,0.5031289999999999,2.6277110000000024,0.15817400000000004
41,"([0.03, 0.18, 0.33, 0.03, 0.08, 0.35], [5])","([0, 0, 0, 0, 0, 1], [5])",-0.0,-0.0,-0.0,-0.0,-0.0,-0.0,0.0,0.5031289999999999,2.1245820000000024,0.15817400000000004
42,"([0.03, 0.18, 0.33, 0.03, 0.08, 0.35], [2])","([0, 0, 0, 0, 0, 1], [5])",-0.0,-0.0,-0.758,-0.0,-0.0,-0.0,-0.758,0.5031289999999999,2.3794530000000025,0.15817400000000004
43,"([0.03, 0.18, 0.33, 0.03, 0.08, 0.35], [2])","([0, 0, 0, 0, 0, 1], [5])",-0.0,-0.0,-0.758,-0.0,-0.0,-0.0,-0.758,0.5031289999999999,2.6343240000000026,0.15817400000000004
44,"([0.03, 0.18, 0.33, 0.03, 0.08, 0.35], [5])","([0, 0, 0, 0, 0, 1], [5])",-0.0,-0.0,-0.0,-0.0,-0.0,-0.0,0.0,0.5031289999999999,2.1311950000000026,0.15817400000000004
45,"([0.03, 0.18, 0.33, 0.03, 0.08, 0.35], [1])","([0, 0, 0, 0, 0, 1], [5])",-0.0,-0.716,-0.0,-0.0,-0.0,-0.0,-0.716,0.5031289999999999,2.3440660000000024,0.15817400000000004
46,"([0.03, 0.18, 0.33, 0.03, 0.08, 0.35], [5])","([0, 0, 0, 0, 0, 1], [5])",-0.0,-0.0,-0.0,-0.0,-0.0,-0.0,0.0,0.5031289999999999,1.8409370000000025,0.15817400000000004
47,"([0.03, 0.18, 0.33, 0.03, 0.08, 0.35], [5])","([0, 0, 0, 0, 0, 1], [5])",-0.0,-0.0,-0.0,-0.0,-0.0,-0.0,0.0,0.5031289999999999,1.3378080000000026,0.15817400000000004
48,"([0.03, 0.18, 0.33, 0.03, 0.08, 0.35], [1])","([0, 0, 0, 0, 0, 1], [5])",-0.0,-0.716,-0.0,-0.0,-0.0,-0.0,-0.716,0.5031289999999999,1.5506790000000026,0.15817400000000004
49,"([0.03, 0.18, 0.33, 0.03, 0.08, 0.35], [5])","([0, 0, 0, 0, 0, 1], [5])",-0.0,-0.0,-0.0,-0.0,-0.0,-0.0,0.0,0.5031289999999999,1.0475500000000026,0.15817400000000004
50,"([0.03, 0.18, 0.33, 0.03, 0.08, 0.35], [5])","([0, 0, 0, 0, 0, 1], [5])",-0.0,-0.0,-0.0,-0.0,-0.0,-0.0,0.0,0.5031289999999999,0.5444210000000027,0.15817400000000004
51,"([0.03, 0.18, 0.33, 0.03, 0.08, 0.35], [5])","([0, 0, 0, 0, 0, 1], [5])",-0.0,-0.0,-0.0,-0.0,-0.0,-0.0,0.0,0.5031289999999999,0.04129200000000277,0.15817400000000004
52,"([0.03, 0.18, 0.33, 0.03, 0.08, 0.35], [2])","([0, 0, 0, 0, 0, 1], [5])",-0.0,-0.0,-0.758,-0.0,-0.0,-0.0,-0.758,0.5031289999999999,0.29616300000000284,0.15817400000000004
53,"([0.03, 0.18, 0.33, 0.03, 0.08, 0.35], [5])","([0, 0, 0, 0, 0, 1], [5])",-0.0,-0.0,-0.0,-0.0,-0.0,-0.0,0.0,0.5031289999999999,-0.2069659999999971,0.15817400000000004
54,"([0.03, 0.18, 0.33, 0.03, 0.08, 0.35], [2])","([0, 0, 0, 0, 0, 1], [5])",-0.0,-0.0,-0.758,-0.0,-0.0,-0.0,-0.758,0.5031289999999999,0.04790500000000297,0.15817400000000004
55,"([0.03, 0.18, 0.33, 0.03, 0.08, 0.35], [5])","([0, 0, 0, 0, 0, 1], [5])",-0.0,-0.0,-0.0,-0.0,-0.0,-0.0,0.0,0.5031289999999999,-0.45522399999999696,0.15817400000000004
56,"([0.03, 0.18, 0.33, 0.03, 0.08, 0.35], [5])","([0, 0, 0, 0, 0, 1], [5])",-0.0,-0.0,-0.0,-0.0,-0.0,-0.0,0.0,0.5031289999999999,-0.9583529999999969,0.15817400000000004
57,"([0.03, 0.18, 0.33, 0.03, 0.08, 0.35], [2])","([0, 0, 0, 0, 0, 1], [5])",-0.0,-0.0,-0.758,-0.0,-0.0,-0.0,-0.758,0.5031289999999999,-0.7034819999999968,0.15817400000000004
58,"([0.03, 0.18, 0.33, 0.03, 0.08, 0.35], [2])","([0, 0, 0, 0, 0, 1], [5])",-0.0,-0.0,-0.758,-0.0,-0.0,-0.0,-0.758,0.5031289999999999,-0.44861099999999676,0.15817400000000004
59,"([0.03, 0.18, 0.33, 0.03, 0.08, 0.35], [5])","([0, 0, 0, 0, 0, 1], [5])",-0.0,-0.0,-0.0,-0.0,-0.0,-0.0,0.0,0.5031289999999999,-0.9517399999999967,0.15817400000000004
60,"([0.03, 0.18, 0.33, 0.03, 0.08, 0.35], [2])","([0, 0, 0, 0, 0, 1], [5])",-0.0,-0.0,-0.758,-0.0,-0.0,-0.0,-0.758,0.5031289999999999,-0.6968689999999966,0.15817400000000004
61,"([0.03, 0.18, 0.33, 0.03, 0.08, 0.35], [5])","([0, 0, 0, 0, 0, 1], [5])",-0.0,-0.0,-0.0,-0.0,-0.0,-0.0,0.0,0.5031289999999999,-1.1999979999999966,0.15817400000000004
62,"([0.03, 0.18, 0.33, 0.03, 0.08, 0.35], [3])","([0, 0, 0, 0, 0, 1], [5])",-0.0,-0.0,-0.0,-0.868,-0.0,-0.0,-0.868,0.5031289999999999,-0.8351269999999965,0.15817400000000004
63,"([0.03, 0.18, 0.33, 0.03, 0.08, 0.35], [5])","([0, 0, 0, 0, 0, 1], [5])",-0.0,-0.0,-0.0,-0.0,-0.0,-0.0,0.0,0.5031289999999999,-1.3382559999999963,0.15817400000000004
64,"([0.03, 0.18, 0.33, 0.03, 0.08, 0.35], [2])","([0, 0, 0, 0, 0, 1], [5])",-0.0,-0.0,-0.758,-0.0,-0.0,-0.0,-0.758,0.5031289999999999,-1.0833849999999963,0.15817400000000004
65,"([0.03, 0.18, 0.33, 0.03, 0.08, 0.35], [1])","([0, 0, 0, 0, 0, 1], [5])",-0.0,-0.716,-0.0,-0.0,-0.0,-0.0,-0.716,0.5031289999999999,-0.8705139999999962,0.15817400000000004
66,"([0.03, 0.18, 0.33, 0.03, 0.08, 0.35], [2])","([0, 0, 0, 0, 0, 1], [5])",-0.0,-0.0,-0.758,-0.0,-0.0,-0.0,-0.758,0.5031289999999999,-0.6156429999999962,0.15817400000000004
67,"([0.03, 0.18, 0.33, 0.03, 0.08, 0.35], [4])","([0, 0, 0, 0, 0, 1], [5])",-0.0,-0.0,-0.0,-0.0,-0.861,-0.0,-0.861,0.5031289999999999,-0.2577719999999961,0.15817400000000004
68,"([0.03, 0.18, 0.33, 0.03, 0.08, 0.35], [5])","([0, 0, 0, 0, 0, 1], [5])",-0.0,-0.0,-0.0,-0.0,-0.0,-0.0,0.0,0.5031289999999999,-0.760900999999996,0.15817400000000004
69,"([0.03, 0.18, 0.33, 0.03, 0.08, 0.35], [2])","([0, 0, 0, 0, 0, 1], [5])",-0.0,-0.0,-0.758,-0.0,-0.0,-0.0,-0.758,0.5031289999999999,-0.506029999999996,0.15817400000000004
70,"([0.03, 0.18, 0.33, 0.03, 0.08, 0.35], [5])","([0, 0, 0, 0, 0, 1], [5])",-0.0,-0.0,-0.0,-0.0,-0.0,-0.0,0.0,0.5031289999999999,-1.009158999999996,0.15817400000000004
71,"([0.03, 0.18, 0.33, 0.03, 0.08, 0.35], [2])","([0, 0, 0, 0, 0, 1], [5])",-0.0,-0.0,-0.758,-0.0,-0.0,-0.0,-0.758,0.5031289999999999,-0.7542879999999959,0.15817400000000004
72,"([0.03, 0.18, 0.33, 0.03, 0.08, 0.35], [5])","([0, 0, 0, 0, 0, 1], [5])",-0.0,-0.0,-0.0,-0.0,-0.0,-0.0,0.0,0.5031289999999999,-1.2574169999999958,0.15817400000000004
73,"([0.03, 0.18, 0.33, 0.03, 0.08, 0.35], [1])","([0, 0, 0, 0, 0, 1], [5])",-0.0,-0.716,-0.0,-0.0,-0.0,-0.0,-0.716,0.5031289999999999,-1.0445459999999958,0.15817400000000004
74,"([0.03, 0.18, 0.33, 0.03, 0.08, 0.35], [5])","([0, 0, 0, 0, 0, 1], [5])",-0.0,-0.0,-0.0,-0.0,-0.0,-0.0,0.0,0.5031289999999999,-1.5476749999999957,0.15817400000000004
75,"([0.03, 0.18, 0.33, 0.03, 0.08, 0.35], [2])","([0, 0, 0, 0, 0, 1], [5])",-0.0,-0.0,-0.758,-0.0,-0.0,-0.0,-0.758,0.5031289999999999,-1.2928039999999956,0.15817400000000004
76,"([0.03, 0.18, 0.33, 0.03, 0.08, 0.35], [5])","([0, 0, 0, 0, 0, 1], [5])",-0.0,-0.0,-0.0,-0.0,-0.0,-0.0,0.0,0.5031289999999999,-1.7959329999999956,0.15817400000000004
77,"([0.03, 0.18, 0.33, 0.03, 0.08, 0.35], [0])","([0, 0, 0, 0, 0, 1], [5])",-0.968,-0.0,-0.0,-0.0,-0.0,-0.0,-0.968,0.5031289999999999,-1.3310619999999955,0.15817400000000004
78,"([0.03, 0.18, 0.33, 0.03, 0.08, 0.35], [1])","([0, 0, 0, 0, 0, 1], [5])",-0.0,-0.716,-0.0,-0.0,-0.0,-0.0,-0.716,0.5031289999999999,-1.1181909999999955,0.15817400000000004
79,"([0.03, 0.18, 0.33, 0.03, 0.08, 0.35], [2])","([0, 0, 0, 0, 0, 1], [5])",-0.0,-0.0,-0.758,-0.0,-0.0,-0.0,-0.758,0.5031289999999999,-0.8633199999999954,0.15817400000000004
80,"([0.03, 0.18, 0.33, 0.03, 0.08, 0.35], [2])","([0, 0, 0, 0, 0, 1], [5])",-0.0,-0.0,-0.758,-0.0,-0.0,-0.0,-0.758,0.5031289999999999,-0.6084489999999954,0.15817400000000004
81,"([0.03, 0.18, 0.33, 0.03, 0.08, 0.35], [3])","([0, 0, 0, 0, 0, 1], [5])",-0.0,-0.0,-0.0,-0.868,-0.0,-0.0,-0.868,0.5031289999999999,-0.2435779999999953,0.15817400000000004
82,"([0.03, 0.18, 0.33, 0.03, 0.08, 0.35], [5])","([0, 0, 0, 0, 0, 1], [5])",-0.0,-0.0,-0.0,-0.0,-0.0,-0.0,0.0,0.5031289999999999,-0.7467069999999952,0.15817400000000004
83,"([0.03, 0.18, 0.33, 0.03, 0.08, 0.35], [5])","([0, 0, 0, 0, 0, 1], [5])",-0.0,-0.0,-0.0,-0.0,-0.0,-0.0,0.0,0.5031289999999999,-1.2498359999999953,0.15817400000000004
84,"([0.03, 0.18, 0.33, 0.03, 0.08, 0.35], [5])","([0, 0, 0, 0, 0, 1], [5])",-0.0,-0.0,-0.0,-0.0,-0.0,-0.0,0.0,0.5031289999999999,-1.7529649999999952,0.15817400000000004
85,"([0.03, 0.18, 0.33, 0.03, 0.08, 0.35], [2])","([0, 0, 0, 0, 0, 1], [5])",-0.0,-0.0,-0.758,-0.0,-0.0,-0.0,-0.758,0.5031289999999999,-1.4980939999999952,0.15817400000000004
86,"([0.03, 0.18, 0.33, 0.03, 0.08, 0.35], [2])","([0, 0, 0, 0, 0, 1], [5])",-0.0,-0.0,-0.758,-0.0,-0.0,-0.0,-0.758,0.5031289999999999,-1.243222999999995,0.15817400000000004
87,"([0.03, 0.18, 0.33, 0.03, 0.08, 0.35], [1])","([0, 0, 0, 0, 0, 1], [5])",-0.0,-0.716,-0.0,-0.0,-0.0,-0.0,-0.716,0.5031289999999999,-1.030351999999995,0.15817400000000004
88,"([0.03, 0.18, 0.33, 0.03, 0.08, 0.35], [1])","([0, 0, 0, 0, 0, 1], [5])",-0.0,-0.716,-0.0,-0.0,-0.0,-0.0,-0.716,0.5031289999999999,-0.817480999999995,0.15817400000000004
89,"([0.03, 0.18, 0.33, 0.03, 0.08, 0.35], [1])","([0, 0, 0, 0, 0, 1], [5])",-0.0,-0.716,-0.0,-0.0,-0.0,-0.0,-0.716,0.5031289999999999,-0.604609999999995,0.15817400000000004
90,"([0.03, 0.18, 0.33, 0.03, 0.08, 0.35], [3])","([0, 0, 0, 0, 0, 1], [5])",-0.0,-0.0,-0.0,-0.868,-0.0,-0.0,-0.868,0.5031289999999999,-0.23973899999999493,0.15817400000000004
91,"([0.03, 0.18, 0.33, 0.03, 0.08, 0.35], [5])","([0, 0, 0, 0, 0, 1], [5])",-0.0,-0.0,-0.0,-0.0,-0.0,-0.0,0.0,0.5031289999999999,-0.7428679999999949,0.15817400000000004
92,"([0.03, 0.18, 0.33, 0.03, 0.08, 0.35], [2])","([0, 0, 0, 0, 0, 1], [5])",-0.0,-0.0,-0.758,-0.0,-0.0,-0.0,-0.758,0.5031289999999999,-0.4879969999999948,0.15817400000000004
93,"([0.03, 0.18, 0.33, 0.03, 0.08, 0.35], [2])","([0, 0, 0, 0, 0, 1], [5])",-0.0,-0.0,-0.758,-0.0,-0.0,-0.0,-0.758,0.5031289999999999,-0.23312599999999473,0.15817400000000004
94,"([0.03, 0.18, 0.33, 0.03, 0.08, 0.35], [2])","([0, 0, 0, 0, 0, 1], [5])",-0.0,-0.0,-0.758,-0.0,-0.0,-0.0,-0.758,0.5031289999999999,0.021745000000005343,0.15817400000000004
95,"([0.03, 0.18, 0.33, 0.03, 0.08, 0.35], [4])","([0, 0, 0, 0, 0, 1], [5])",-0.0,-0.0,-0.0,-0.0,-0.861,-0.0,-0.861,0.5031289999999999,0.3796160000000054,0.15817400000000004
96,"([0.03, 0.18, 0.33, 0.03, 0.08, 0.35], [2])","([0, 0, 0, 0, 0, 1], [5])",-0.0,-0.0,-0.758,-0.0,-0.0,-0.0,-0.758,0.5031289999999999,0.6344870000000055,0.15817400000000004
97,"([0.03, 0.18, 0.33, 0.03, 0.08, 0.35], [1])","([0, 0, 0, 0, 0, 1], [5])",-0.0,-0.716,-0.0,-0.0,-0.0,-0.0,-0.716,0.5031289999999999,0.8473580000000055,0.15817400000000004
98,"([0.03, 0.18, 0.33, 0.03, 0.08, 0.35], [1])","([0, 0, 0, 0, 0, 1], [5])",-0.0,-0.716,-0.0,-0.0,-0.0,-0.0,-0.716,0.5031289999999999,1.0602290000000054,0.15817400000000004
99,"([0.03, 0.18, 0.33, 0.03, 0.08, 0.35], [1])","([0, 0, 0, 0, 0, 1], [5])",-0.0,-0.716,-0.0,-0.0,-0.0,-0.0,-0.716,0.5031289999999999,1.2731000000000054,0.15817400000000004
100,"([0.03, 0.18, 0.33, 0.03, 0.08, 0.35], [1])","([0, 0, 0, 0, 0, 1], [5])",-0.0,-0.716,-0.0,-0.0,-0.0,-0.0,-0.716,0.5031289999999999,1.4859710000000055,0.15817400000000004
101,"([0.03, 0.18, 0.33, 0.03, 0.08, 0.35], [1])","([0, 0, 0, 0, 0, 1], [5])",-0.0,-0.716,-0.0,-0.0,-0.0,-0.0,-0.716,0.5031289999999999,1.6988420000000055,0.15817400000000004
102,"([0.03, 0.18, 0.33, 0.03, 0.08, 0.35], [2])","([0, 0, 0, 0, 0, 1], [5])",-0.0,-0.0,-0.758,-0.0,-0.0,-0.0,-0.758,0.5031289999999999,1.9537130000000056,0.15817400000000004
103,"([0.03, 0.18, 0.33, 0.03, 0.08, 0.35], [1])","([0, 0, 0, 0, 0, 1], [5])",-0.0,-0.716,-0.0,-0.0,-0.0,-0.0,-0.716,0.5031289999999999,2.1665840000000056,0.15817400000000004
104,"([0.03, 0.18, 0.33, 0.03, 0.08, 0.35], [2])","([0, 0, 0, 0, 0, 1], [5])",-0.0,-0.0,-0.758,-0.0,-0.0,-0.0,-0.758,0.5031289999999999,2.4214550000000057,0.15817400000000004
105,"([0.03, 0.18, 0.33, 0.03, 0.08, 0.35], [2])","([0, 0, 0, 0, 0, 1], [5])",-0.0,-0.0,-0.758,-0.0,-0.0,-0.0,-0.758,0.5031289999999999,2.6763260000000058,0.15817400000000004
106,"([0.03, 0.18, 0.33, 0.03, 0.08, 0.35], [5])","([0, 0, 0, 0, 0, 1], [5])",-0.0,-0.0,-0.0,-0.0,-0.0,-0.0,0.0,0.5031289999999999,2.173197000000006,0.15817400000000004
107,"([0.03, 0.18, 0.33, 0.03, 0.08, 0.35], [5])","([0, 0, 0, 0, 0, 1], [5])",-0.0,-0.0,-0.0,-0.0,-0.0,-0.0,0.0,0.5031289999999999,1.6700680000000059,0.15817400000000004
108,"([0.03, 0.18, 0.33, 0.03, 0.08, 0.35], [5])","([0, 0, 0, 0, 0, 1], [5])",-0.0,-0.0,-0.0,-0.0,-0.0,-0.0,0.0,0.5031289999999999,1.166939000000006,0.15817400000000004
109,"([0.03, 0.18, 0.33, 0.03, 0.08, 0.35], [1])","([0, 0, 0, 0, 0, 1], [5])",-0.0,-0.716,-0.0,-0.0,-0.0,-0.0,-0.716,0.5031289999999999,1.379810000000006,0.15817400000000004
110,"([0.03, 0.18, 0.33, 0.03, 0.08, 0.35], [5])","([0, 0, 0, 0, 0, 1], [5])",-0.0,-0.0,-0.0,-0.0,-0.0,-0.0,0.0,0.5031289999999999,0.876681000000006,0.15817400000000004
111,"([0.03, 0.18, 0.33, 0.03, 0.08, 0.35], [5])","([0, 0, 0, 0, 0, 1], [5])",-0.0,-0.0,-0.0,-0.0,-0.0,-0.0,0.0,0.5031289999999999,0.3735520000000061,0.15817400000000004
112,"([0.03, 0.18, 0.33, 0.03, 0.08, 0.35], [1])","([0, 0, 0, 0, 0, 1], [5])",-0.0,-0.716,-0.0,-0.0,-0.0,-0.0,-0.716,0.5031289999999999,0.5864230000000061,0.15817400000000004
113,"([0.03, 0.18, 0.33, 0.03, 0.08, 0.35], [5])","([0, 0, 0, 0, 0, 1], [5])",-0.0,-0.0,-0.0,-0.0,-0.0,-0.0,0.0,0.5031289999999999,0.0832940000000062,0.15817400000000004
114,"([0.03, 0.18, 0.33, 0.03, 0.08, 0.35], [2])","([0, 0, 0, 0, 0, 1], [5])",-0.0,-0.0,-0.758,-0.0,-0.0,-0.0,-0.758,0.5031289999999999,0.33816500000000627,0.15817400000000004
115,"([0.03, 0.18, 0.33, 0.03, 0.08, 0.35], [1])","([0, 0, 0, 0, 0, 1], [5])",-0.0,-0.716,-0.0,-0.0,-0.0,-0.0,-0.716,0.5031289999999999,0.5510360000000063,0.15817400000000004
116,"([0.03, 0.18, 0.33, 0.03, 0.08, 0.35], [1])","([0, 0, 0, 0, 0, 1], [5])",-0.0,-0.716,-0.0,-0.0,-0.0,-0.0,-0.716,0.5031289999999999,0.7639070000000063,0.15817400000000004
117,"([0.03, 0.18, 0.33, 0.03, 0.08, 0.35], [2])","([0, 0, 0, 0, 0, 1], [5])",-0.0,-0.0,-0.758,-0.0,-0.0,-0.0,-0.758,0.5031289999999999,1.0187780000000064,0.15817400000000004
118,"([0.03, 0.18, 0.33, 0.03, 0.08, 0.35], [1])","([0, 0, 0, 0, 0, 1], [5])",-0.0,-0.716,-0.0,-0.0,-0.0,-0.0,-0.716,0.5031289999999999,1.2316490000000064,0.15817400000000004
119,"([0.03, 0.18, 0.33, 0.03, 0.08, 0.35], [1])","([0, 0, 0, 0, 0, 1], [5])",-0.0,-0.716,-0.0,-0.0,-0.0,-0.0,-0.716,0.5031289999999999,1.4445200000000065,0.15817400000000004
120,"([0.03, 0.18, 0.33, 0.03, 0.08, 0.35], [5])","([0, 0, 0, 0, 0, 1], [5])",-0.0,-0.0,-0.0,-0.0,-0.0,-0.0,0.0,0.5031289999999999,0.9413910000000065,0.15817400000000004
121,"([0.03, 0.18, 0.33, 0.03, 0.08, 0.35], [1])","([0, 0, 0, 0, 0, 1], [5])",-0.0,-0.716,-0.0,-0.0,-0.0,-0.0,-0.716,0.5031289999999999,1.1542620000000066,0.15817400000000004
122,"([0.03, 0.18, 0.33, 0.03, 0.08, 0.35], [2])","([0, 0, 0, 0, 0, 1], [5])",-0.0,-0.0,-0.758,-0.0,-0.0,-0.0,-0.758,0.5031289999999999,1.4091330000000066,0.15817400000000004
123,"([0.03, 0.18, 0.33, 0.03, 0.08, 0.35], [2])","([0, 0, 0, 0, 0, 1], [5])",-0.0,-0.0,-0.758,-0.0,-0.0,-0.0,-0.758,0.5031289999999999,1.6640040000000067,0.15817400000000004
124,"([0.03, 0.18, 0.33, 0.03, 0.08, 0.35], [4])","([0, 0, 0, 0, 0, 1], [5])",-0.0,-0.0,-0.0,-0.0,-0.861,-0.0,-0.861,0.5031289999999999,2.0218750000000068,0.15817400000000004
125,"([0.03, 0.18, 0.33, 0.03, 0.08, 0.35], [1])","([0, 0, 0, 0, 0, 1], [5])",-0.0,-0.716,-0.0,-0.0,-0.0,-0.0,-0.716,0.5031289999999999,2.2347460000000066,0.15817400000000004
126,"([0.03, 0.18, 0.33, 0.03, 0.08, 0.35], [4])","([0, 0, 0, 0, 0, 1], [5])",-0.0,-0.0,-0.0,-0.0,-0.861,-0.0,-0.861,0.5031289999999999,2.592617000000007,0.15817400000000004
127,"([0.03, 0.18, 0.33, 0.03, 0.08, 0.35], [5])","([0, 0, 0, 0, 0, 1], [5])",-0.0,-0.0,-0.0,-0.0,-0.0,-0.0,0.0,0.5031289999999999,2.089488000000007,0.15817400000000004
128,"([0.03, 0.18, 0.33, 0.03, 0.08, 0.35], [2])","([0, 0, 0, 0, 0, 1], [5])",-0.0,-0.0,-0.758,-0.0,-0.0,-0.0,-0.758,0.5031289999999999,2.344359000000007,0.15817400000000004
129,"([0.03, 0.18, 0.33, 0.03, 0.08, 0.35], [5])","([0, 0, 0, 0, 0, 1], [5])",-0.0,-0.0,-0.0,-0.0,-0.0,-0.0,0.0,0.5031289999999999,1.841230000000007,0.15817400000000004
130,"([0.03, 0.18, 0.33, 0.03, 0.08, 0.35], [1])","([0, 0, 0, 0, 0, 1], [5])",-0.0,-0.716,-0.0,-0.0,-0.0,-0.0,-0.716,0.5031289999999999,2.0541010000000073,0.15817400000000004
131,"([0.03, 0.18, 0.33, 0.03, 0.08, 0.35], [1])","([0, 0, 0, 0, 0, 1], [5])",-0.0,-0.716,-0.0,-0.0,-0.0,-0.0,-0.716,0.5031289999999999,2.266972000000007,0.15817400000000004
132,"([0.03, 0.18, 0.33, 0.03, 0.08, 0.35], [5])","([0, 0, 0, 0, 0, 1], [5])",-0.0,-0.0,-0.0,-0.0,-0.0,-0.0,0.0,0.5031289999999999,1.7638430000000072,0.15817400000000004
133,"([0.03, 0.18, 0.33, 0.03, 0.08, 0.35], [4])","([0, 0, 0, 0, 0, 1], [5])",-0.0,-0.0,-0.0,-0.0,-0.861,-0.0,-0.861,0.5031289999999999,2.121714000000007,0.15817400000000004
134,"([0.03, 0.18, 0.33, 0.03, 0.08, 0.35], [2])","([0, 0, 0, 0, 0, 1], [5])",-0.0,-0.0,-0.758,-0.0,-0.0,-0.0,-0.758,0.5031289999999999,2.376585000000007,0.15817400000000004
135,"([0.03, 0.18, 0.33, 0.03, 0.08, 0.35], [1])","([0, 0, 0, 0, 0, 1], [5])",-0.0,-0.716,-0.0,-0.0,-0.0,-0.0,-0.716,0.5031289999999999,2.5894560000000073,0.15817400000000004
136,"([0.03, 0.18, 0.33, 0.03, 0.08, 0.35], [5])","([0, 0, 0, 0, 0, 1], [5])",-0.0,-0.0,-0.0,-0.0,-0.0,-0.0,0.0,0.5031289999999999,2.0863270000000074,0.15817400000000004
137,"([0.03, 0.18, 0.33, 0.03, 0.08, 0.35], [2])","([0, 0, 0, 0, 0, 1], [5])",-0.0,-0.0,-0.758,-0.0,-0.0,-0.0,-0.758,0.5031289999999999,2.3411980000000074,0.15817400000000004
138,"([0.03, 0.18, 0.33, 0.03, 0.08, 0.35], [4])","([0, 0, 0, 0, 0, 1], [5])",-0.0,-0.0,-0.0,-0.0,-0.861,-0.0,-0.861,0.5031289999999999,2.6990690000000077,0.15817400000000004
139,"([0.03, 0.18, 0.33, 0.03, 0.08, 0.35], [4])","([0, 0, 0, 0, 0, 1], [5])",-0.0,-0.0,-0.0,-0.0,-0.861,-0.0,-0.861,0.5031289999999999,3.056940000000008,0.15817400000000004
140,"([0.03, 0.18, 0.33, 0.03, 0.08, 0.35], [1])","([0, 0, 0, 0, 0, 1], [5])",-0.0,-0.716,-0.0,-0.0,-0.0,-0.0,-0.716,0.5031289999999999,3.269811000000008,0.15817400000000004
141,"([0.03, 0.18, 0.33, 0.03, 0.08, 0.35], [2])","([0, 0, 0, 0, 0, 1], [5])",-0.0,-0.0,-0.758,-0.0,-0.0,-0.0,-0.758,0.5031289999999999,3.524682000000008,0.15817400000000004
142,"([0.03, 0.18, 0.33, 0.03, 0.08, 0.35], [5])","([0, 0, 0, 0, 0, 1], [5])",-0.0,-0.0,-0.0,-0.0,-0.0,-0.0,0.0,0.5031289999999999,3.021553000000008,0.15817400000000004
143,"([0.03, 0.18, 0.33, 0.03, 0.08, 0.35], [2])","([0, 0, 0, 0, 0, 1], [5])",-0.0,-0.0,-0.758,-0.0,-0.0,-0.0,-0.758,0.5031289999999999,3.276424000000008,0.15817400000000004
144,"([0.03, 0.18, 0.33, 0.03, 0.08, 0.35], [2])","([0, 0, 0, 0, 0, 1], [5])",-0.0,-0.0,-0.758,-0.0,-0.0,-0.0,-0.758,0.5031289999999999,3.531295000000008,0.15817400000000004
145,"([0.03, 0.18, 0.33, 0.03, 0.08, 0.35], [5])","([0, 0, 0, 0, 0, 1], [5])",-0.0,-0.0,-0.0,-0.0,-0.0,-0.0,0.0,0.5031289999999999,3.028166000000008,0.15817400000000004
146,"([0.03, 0.18, 0.33, 0.03, 0.08, 0.35], [2])","([0, 0, 0, 0, 0, 1], [5])",-0.0,-0.0,-0.758,-0.0,-0.0,-0.0,-0.758,0.5031289999999999,3.283037000000008,0.15817400000000004
147,"([0.03, 0.18, 0.33, 0.03, 0.08, 0.35], [5])","([0, 0, 0, 0, 0, 1], [5])",-0.0,-0.0,-0.0,-0.0,-0.0,-0.0,0.0,0.5031289999999999,2.7799080000000083,0.15817400000000004
148,"([0.03, 0.18, 0.33, 0.03, 0.08, 0.35], [4])","([0, 0, 0, 0, 0, 1], [5])",-0.0,-0.0,-0.0,-0.0,-0.861,-0.0,-0.861,0.5031289999999999,3.137779000000008,0.15817400000000004
149,"([0.03, 0.18, 0.33, 0.03, 0.08, 0.35], [5])","([0, 0, 0, 0, 0, 1], [5])",-0.0,-0.0,-0.0,-0.0,-0.0,-0.0,0.0,0.5031289999999999,2.634650000000008,0.15817400000000004
150,"([0.03, 0.18, 0.33, 0.03, 0.08, 0.35], [4])","([0, 0, 0, 0, 0, 1], [5])",-0.0,-0.0,-0.0,-0.0,-0.861,-0.0,-0.861,0.5031289999999999,2.992521000000008,0.15817400000000004
151,"([0.03, 0.18, 0.33, 0.03, 0.08, 0.35], [5])","([0, 0, 0, 0, 0, 1], [5])",-0.0,-0.0,-0.0,-0.0,-0.0,-0.0,0.0,0.5031289999999999,2.489392000000008,0.15817400000000004
152,"([0.03, 0.18, 0.33, 0.03, 0.08, 0.35], [5])","([0, 0, 0, 0, 0, 1], [5])",-0.0,-0.0,-0.0,-0.0,-0.0,-0.0,0.0,0.5031289999999999,1.986263000000008,0.15817400000000004
153,"([0.03, 0.18, 0.33, 0.03, 0.08, 0.35], [5])","([0, 0, 0, 0, 0, 1], [5])",-0.0,-0.0,-0.0,-0.0,-0.0,-0.0,0.0,0.5031289999999999,1.4831340000000082,0.15817400000000004
154,"([0.03, 0.18, 0.33, 0.03, 0.08, 0.35], [5])","([0, 0, 0, 0, 0, 1], [5])",-0.0,-0.0,-0.0,-0.0,-0.0,-0.0,0.0,0.5031289999999999,0.9800050000000082,0.15817400000000004
155,"([0.03, 0.18, 0.33, 0.03, 0.08, 0.35], [4])","([0, 0, 0, 0, 0, 1], [5])",-0.0,-0.0,-0.0,-0.0,-0.861,-0.0,-0.861,0.5031289999999999,1.3378760000000083,0.15817400000000004
156,"([0.03, 0.18, 0.33, 0.03, 0.08, 0.35], [5])","([0, 0, 0, 0, 0, 1], [5])",-0.0,-0.0,-0.0,-0.0,-0.0,-0.0,0.0,0.5031289999999999,0.8347470000000083,0.15817400000000004
157,"([0.03, 0.18, 0.33, 0.03, 0.08, 0.35], [5])","([0, 0, 0, 0, 0, 1], [5])",-0.0,-0.0,-0.0,-0.0,-0.0,-0.0,0.0,0.5031289999999999,0.3316180000000084,0.15817400000000004
158,"([0.03, 0.18, 0.33, 0.03, 0.08, 0.35], [5])","([0, 0, 0, 0, 0, 1], [5])",-0.0,-0.0,-0.0,-0.0,-0.0,-0.0,0.0,0.5031289999999999,-0.17151099999999153,0.15817400000000004
159,"([0.03, 0.18, 0.33, 0.03, 0.08, 0.35], [2])","([0, 0, 0, 0, 0, 1], [5])",-0.0,-0.0,-0.758,-0.0,-0.0,-0.0,-0.758,0.5031289999999999,0.08336000000000854,0.15817400000000004
160,"([0.03, 0.18, 0.33, 0.03, 0.08, 0.35], [0])","([0, 0, 0, 0, 0, 1], [5])",-0.968,-0.0,-0.0,-0.0,-0.0,-0.0,-0.968,0.5031289999999999,0.5482310000000086,0.15817400000000004
161,"([0.03, 0.18, 0.33, 0.03, 0.08, 0.35], [2])","([0, 0, 0, 0, 0, 1], [5])",-0.0,-0.0,-0.758,-0.0,-0.0,-0.0,-0.758,0.5031289999999999,0.8031020000000086,0.15817400000000004
162,"([0.03, 0.18, 0.33, 0.03, 0.08, 0.35], [5])","([0, 0, 0, 0, 0, 1], [5])",-0.0,-0.0,-0.0,-0.0,-0.0,-0.0,0.0,0.5031289999999999,0.2999730000000087,0.15817400000000004
163,"([0.03, 0.18, 0.33, 0.03, 0.08, 0.35], [2])","([0, 0, 0, 0, 0, 1], [5])",-0.0,-0.0,-0.758,-0.0,-0.0,-0.0,-0.758,0.5031289999999999,0.5548440000000088,0.15817400000000004
164,"([0.03, 0.18, 0.33, 0.03, 0.08, 0.35], [2])","([0, 0, 0, 0, 0, 1], [5])",-0.0,-0.0,-0.758,-0.0,-0.0,-0.0,-0.758,0.5031289999999999,0.8097150000000088,0.15817400000000004
165,"([0.03, 0.18, 0.33, 0.03, 0.08, 0.35], [5])","([0, 0, 0, 0, 0, 1], [5])",-0.0,-0.0,-0.0,-0.0,-0.0,-0.0,0.0,0.5031289999999999,0.3065860000000089,0.15817400000000004
166,"([0.03, 0.18, 0.33, 0.03, 0.08, 0.35], [1])","([0, 0, 0, 0, 0, 1], [5])",-0.0,-0.716,-0.0,-0.0,-0.0,-0.0,-0.716,0.5031289999999999,0.5194570000000089,0.15817400000000004
167,"([0.03, 0.18, 0.33, 0.03, 0.08, 0.35], [2])","([0, 0, 0, 0, 0, 1], [5])",-0.0,-0.0,-0.758,-0.0,-0.0,-0.0,-0.758,0.5031289999999999,0.774328000000009,0.15817400000000004
168,"([0.03, 0.18, 0.33, 0.03, 0.08, 0.35], [2])","([0, 0, 0, 0, 0, 1], [5])",-0.0,-0.0,-0.758,-0.0,-0.0,-0.0,-0.758,0.5031289999999999,1.029199000000009,0.15817400000000004
169,"([0.03, 0.18, 0.33, 0.03, 0.08, 0.35], [2])","([0, 0, 0, 0, 0, 1], [5])",-0.0,-0.0,-0.758,-0.0,-0.0,-0.0,-0.758,0.5031289999999999,1.2840700000000091,0.15817400000000004
170,"([0.03, 0.18, 0.33, 0.03, 0.08, 0.35], [5])","([0, 0, 0, 0, 0, 1], [5])",-0.0,-0.0,-0.0,-0.0,-0.0,-0.0,0.0,0.5031289999999999,0.7809410000000092,0.15817400000000004
171,"([0.03, 0.18, 0.33, 0.03, 0.08, 0.35], [2])","([0, 0, 0, 0, 0, 1], [5])",-0.0,-0.0,-0.758,-0.0,-0.0,-0.0,-0.758,0.5031289999999999,1.0358120000000093,0.15817400000000004
172,"([0.03, 0.18, 0.33, 0.03, 0.08, 0.35], [2])","([0, 0, 0, 0, 0, 1], [5])",-0.0,-0.0,-0.758,-0.0,-0.0,-0.0,-0.758,0.5031289999999999,1.2906830000000094,0.15817400000000004
173,"([0.03, 0.18, 0.33, 0.03, 0.08, 0.35], [5])","([0, 0, 0, 0, 0, 1], [5])",-0.0,-0.0,-0.0,-0.0,-0.0,-0.0,0.0,0.5031289999999999,0.7875540000000094,0.15817400000000004
174,"([0.03, 0.18, 0.33, 0.03, 0.08, 0.35], [5])","([0, 0, 0, 0, 0, 1], [5])",-0.0,-0.0,-0.0,-0.0,-0.0,-0.0,0.0,0.5031289999999999,0.2844250000000095,0.15817400000000004
175,"([0.03, 0.18, 0.33, 0.03, 0.08, 0.35], [5])","([0, 0, 0, 0, 0, 1], [5])",-0.0,-0.0,-0.0,-0.0,-0.0,-0.0,0.0,0.5031289999999999,-0.21870399999999046,0.15817400000000004
176,"([0.03, 0.18, 0.33, 0.03, 0.08, 0.35], [1])","([0, 0, 0, 0, 0, 1], [5])",-0.0,-0.716,-0.0,-0.0,-0.0,-0.0,-0.716,0.5031289999999999,-0.005832999999990429,0.15817400000000004
177,"([0.03, 0.18, 0.33, 0.03, 0.08, 0.35], [2])","([0, 0, 0, 0, 0, 1], [5])",-0.0,-0.0,-0.758,-0.0,-0.0,-0.0,-0.758,0.5031289999999999,0.24903800000000964,0.15817400000000004
178,"([0.03, 0.18, 0.33, 0.03, 0.08, 0.35], [1])","([0, 0, 0, 0, 0, 1], [5])",-0.0,-0.716,-0.0,-0.0,-0.0,-0.0,-0.716,0.5031289999999999,0.4619090000000097,0.15817400000000004
179,"([0.03, 0.18, 0.33, 0.03, 0.08, 0.35], [2])","([0, 0, 0, 0, 0, 1], [5])",-0.0,-0.0,-0.758,-0.0,-0.0,-0.0,-0.758,0.5031289999999999,0.7167800000000097,0.15817400000000004
180,"([0.03, 0.18, 0.33, 0.03, 0.08, 0.35], [2])","([0, 0, 0, 0, 0, 1], [5])",-0.0,-0.0,-0.758,-0.0,-0.0,-0.0,-0.758,0.5031289999999999,0.9716510000000098,0.15817400000000004
181,"([0.03, 0.18, 0.33, 0.03, 0.08, 0.35], [5])","([0, 0, 0, 0, 0, 1], [5])",-0.0,-0.0,-0.0,-0.0,-0.0,-0.0,0.0,0.5031289999999999,0.4685220000000099,0.15817400000000004
182,"([0.03, 0.18, 0.33, 0.03, 0.08, 0.35], [2])","([0, 0, 0, 0, 0, 1], [5])",-0.0,-0.0,-0.758,-0.0,-0.0,-0.0,-0.758,0.5031289999999999,0.72339300000001,0.15817400000000004
183,"([0.03, 0.18, 0.33, 0.03, 0.08, 0.35], [5])","([0, 0, 0, 0, 0, 1], [5])",-0.0,-0.0,-0.0,-0.0,-0.0,-0.0,0.0,0.5031289999999999,0.22026400000001,0.15817400000000004
184,"([0.03, 0.18, 0.33, 0.03, 0.08, 0.35], [5])","([0, 0, 0, 0, 0, 1], [5])",-0.0,-0.0,-0.0,-0.0,-0.0,-0.0,0.0,0.5031289999999999,-0.28286499999998993,0.15817400000000004
185,"([0.03, 0.18, 0.33, 0.03, 0.08, 0.35], [5])","([0, 0, 0, 0, 0, 1], [5])",-0.0,-0.0,-0.0,-0.0,-0.0,-0.0,0.0,0.5031289999999999,-0.7859939999999899,0.15817400000000004
186,"([0.03, 0.18, 0.33, 0.03, 0.08, 0.35], [5])","([0, 0, 0, 0, 0, 1], [5])",-0.0,-0.0,-0.0,-0.0,-0.0,-0.0,0.0,0.5031289999999999,-1.2891229999999898,0.15817400000000004
187,"([0.03, 0.18, 0.33, 0.03, 0.08, 0.35], [4])","([0, 0, 0, 0, 0, 1], [5])",-0.0,-0.0,-0.0,-0.0,-0.861,-0.0,-0.861,0.5031289999999999,-0.9312519999999898,0.15817400000000004
188,"([0.03, 0.18, 0.33, 0.03, 0.08, 0.35], [2])","([0, 0, 0, 0, 0, 1], [5])",-0.0,-0.0,-0.758,-0.0,-0.0,-0.0,-0.758,0.5031289999999999,-0.6763809999999897,0.15817400000000004
189,"([0.03, 0.18, 0.33, 0.03, 0.08, 0.35], [1])","([0, 0, 0, 0, 0, 1], [5])",-0.0,-0.716,-0.0,-0.0,-0.0,-0.0,-0.716,0.5031289999999999,-0.46350999999998965,0.15817400000000004
190,"([0.03, 0.18, 0.33, 0.03, 0.08, 0.35], [2])","([0, 0, 0, 0, 0, 1], [5])",-0.0,-0.0,-0.758,-0.0,-0.0,-0.0,-0.758,0.5031289999999999,-0.20863899999998958,0.15817400000000004
191,"([0.03, 0.18, 0.33, 0.03, 0.08, 0.35], [5])","([0, 0, 0, 0, 0, 1], [5])",-0.0,-0.0,-0.0,-0.0,-0.0,-0.0,0.0,0.5031289999999999,-0.7117679999999895,0.15817400000000004
192,"([0.03, 0.18, 0.33, 0.03, 0.08, 0.35], [5])","([0, 0, 0, 0, 0, 1], [5])",-0.0,-0.0,-0.0,-0.0,-0.0,-0.0,0.0,0.5031289999999999,-1.2148969999999895,0.15817400000000004
193,"([0.03, 0.18, 0.33, 0.03, 0.08, 0.35], [2])","([0, 0, 0, 0, 0, 1], [5])",-0.0,-0.0,-0.758,-0.0,-0.0,-0.0,-0.758,0.5031289999999999,-0.9600259999999894,0.15817400000000004
194,"([0.03, 0.18, 0.33, 0.03, 0.08, 0.35], [1])","([0, 0, 0, 0, 0, 1], [5])",-0.0,-0.716,-0.0,-0.0,-0.0,-0.0,-0.716,0.5031289999999999,-0.7471549999999894,0.15817400000000004
195,"([0.03, 0.18, 0.33, 0.03, 0.08, 0.35], [5])","([0, 0, 0, 0, 0, 1], [5])",-0.0,-0.0,-0.0,-0.0,-0.0,-0.0,0.0,0.5031289999999999,-1.2502839999999893,0.15817400000000004
196,"([0.03, 0.18, 0.33, 0.03, 0.08, 0.35], [3])","([0, 0, 0, 0, 0, 1], [5])",-0.0,-0.0,-0.0,-0.868,-0.0,-0.0,-0.868,0.5031289999999999,-0.8854129999999892,0.15817400000000004
197,"([0.03, 0.18, 0.33, 0.03, 0.08, 0.35], [5])","([0, 0, 0, 0, 0, 1], [5])",-0.0,-0.0,-0.0,-0.0,-0.0,-0.0,0.0,0.5031289999999999,-1.388541999999989,0.15817400000000004
198,"([0.03, 0.18, 0.33, 0.03, 0.08, 0.35], [2])","([0, 0, 0, 0, 0, 1], [5])",-0.0,-0.0,-0.758,-0.0,-0.0,-0.0,-0.758,0.5031289999999999,-1.133670999999989,0.15817400000000004
199,"([0.03, 0.18, 0.33, 0.03, 0.08, 0.35], [5])","([0, 0, 0, 0, 0, 1], [5])",-0.0,-0.0,-0.0,-0.0,-0.0,-0.0,0.0,0.5031289999999999,-1.636799999999989,0.15817400000000004
