,sto-1,FB-0,feedback target 0,feedback target 1,feedback target 2,feedback target 3,feedback target 4,feedback target 5,total,exp_loss,actual_regret,exp_regret
0,"([0.03, 0.18, 0.33, 0.03, 0.08, 0.35], [2])","([0, 0, 0, 1, 0, 0], [3])",-0.0,-0.0,-0.758,-0.0,-0.0,-0.0,-0.758,0.8021959999999999,0.25487100000000007,0.29906699999999997
1,"([0.03, 0.18, 0.33, 0.03, 0.08, 0.35], [5])","([0, 0, 1, 0, 0, 0], [2])",-0.0,-0.0,-0.0,-0.0,-0.0,-0.9390000000000001,-0.9390000000000001,0.582216,0.6907420000000002,0.378154
2,"([0.03, 0.18, 0.33, 0.03, 0.08, 0.35], [4])","([0, 0, 0, 0, 0, 1], [5])",-0.0,-0.0,-0.0,-0.0,-0.861,-0.0,-0.861,0.5031289999999999,1.0486130000000002,0.378154
3,"([0.03, 0.18, 0.33, 0.03, 0.08, 0.35], [1])","([0, 0, 0, 0, 1, 0], [4])",-0.0,-0.716,-0.0,-0.0,-0.0,-0.0,-0.716,0.764543,1.2614840000000003,0.639568
4,"([0.03, 0.18, 0.33, 0.03, 0.08, 0.35], [1])","([0, 0, 0, 0, 0, 1], [5])",-0.0,-0.716,-0.0,-0.0,-0.0,-0.0,-0.716,0.5031289999999999,1.4743550000000003,0.639568
5,"([0.03, 0.18, 0.33, 0.03, 0.08, 0.35], [5])","([0, 0, 0, 0, 0, 1], [5])",-0.0,-0.0,-0.0,-0.0,-0.0,-0.0,0.0,0.5031289999999999,0.9712260000000004,0.639568
6,"([0.03, 0.18, 0.33, 0.03, 0.08, 0.35], [1])","([0, 0, 0, 0, 0, 1], [5])",-0.0,-0.716,-0.0,-0.0,-0.0,-0.0,-0.716,0.5031289999999999,1.1840970000000004,0.639568
7,"([0.03, 0.18, 0.33, 0.03, 0.08, 0.35], [2])","([0, 0, 0, 0, 0, 1], [5])",-0.0,-0.0,-0.758,-0.0,-0.0,-0.0,-0.758,0.5031289999999999,1.4389680000000005,0.639568
8,"([0.03, 0.18, 0.33, 0.03, 0.08, 0.35], [2])","([0, 0, 0, 0, 0, 1], [5])",-0.0,-0.0,-0.758,-0.0,-0.0,-0.0,-0.758,0.5031289999999999,1.6938390000000005,0.639568
9,"([0.03, 0.18, 0.33, 0.03, 0.08, 0.35], [5])","([0, 0, 0, 0, 0, 1], [5])",-0.0,-0.0,-0.0,-0.0,-0.0,-0.0,0.0,0.5031289999999999,1.1907100000000006,0.639568
10,"([0.03, 0.18, 0.33, 0.03, 0.08, 0.35], [5])","([0, 0, 0, 0, 0, 1], [5])",-0.0,-0.0,-0.0,-0.0,-0.0,-0.0,0.0,0.5031289999999999,0.6875810000000007,0.639568
11,"([0.03, 0.18, 0.33, 0.03, 0.08, 0.35], [2])","([0, 0, 0, 0, 0, 1], [5])",-0.0,-0.0,-0.758,-0.0,-0.0,-0.0,-0.758,0.5031289999999999,0.9424520000000007,0.639568
12,"([0.03, 0.18, 0.33, 0.03, 0.08, 0.35], [2])","([0, 0, 0, 0, 0, 1], [5])",-0.0,-0.0,-0.758,-0.0,-0.0,-0.0,-0.758,0.5031289999999999,1.1973230000000008,0.639568
13,"([0.03, 0.18, 0.33, 0.03, 0.08, 0.35], [1])","([0, 0, 0, 0, 0, 1], [5])",-0.0,-0.716,-0.0,-0.0,-0.0,-0.0,-0.716,0.5031289999999999,1.4101940000000008,0.639568
14,"([0.03, 0.18, 0.33, 0.03, 0.08, 0.35], [5])","([0, 0, 0, 0, 0, 1], [5])",-0.0,-0.0,-0.0,-0.0,-0.0,-0.0,0.0,0.5031289999999999,0.9070650000000009,0.639568
15,"([0.03, 0.18, 0.33, 0.03, 0.08, 0.35], [2])","([0, 0, 0, 0, 0, 1], [5])",-0.0,-0.0,-0.758,-0.0,-0.0,-0.0,-0.758,0.5031289999999999,1.161936000000001,0.639568
16,"([0.03, 0.18, 0.33, 0.03, 0.08, 0.35], [1])","([0, 0, 0, 0, 0, 1], [5])",-0.0,-0.716,-0.0,-0.0,-0.0,-0.0,-0.716,0.5031289999999999,1.374807000000001,0.639568
17,"([0.03, 0.18, 0.33, 0.03, 0.08, 0.35], [2])","([0, 0, 0, 0, 0, 1], [5])",-0.0,-0.0,-0.758,-0.0,-0.0,-0.0,-0.758,0.5031289999999999,1.629678000000001,0.639568
18,"([0.03, 0.18, 0.33, 0.03, 0.08, 0.35], [0])","([0, 0, 0, 0, 0, 1], [5])",-0.968,-0.0,-0.0,-0.0,-0.0,-0.0,-0.968,0.5031289999999999,2.094549000000001,0.639568
19,"([0.03, 0.18, 0.33, 0.03, 0.08, 0.35], [5])","([0, 0, 0, 0, 0, 1], [5])",-0.0,-0.0,-0.0,-0.0,-0.0,-0.0,0.0,0.5031289999999999,1.5914200000000012,0.639568
20,"([0.03, 0.18, 0.33, 0.03, 0.08, 0.35], [2])","([0, 0, 0, 0, 0, 1], [5])",-0.0,-0.0,-0.758,-0.0,-0.0,-0.0,-0.758,0.5031289999999999,1.8462910000000012,0.639568
21,"([0.03, 0.18, 0.33, 0.03, 0.08, 0.35], [4])","([0, 0, 0, 0, 0, 1], [5])",-0.0,-0.0,-0.0,-0.0,-0.861,-0.0,-0.861,0.5031289999999999,2.204162000000001,0.639568
22,"([0.03, 0.18, 0.33, 0.03, 0.08, 0.35], [1])","([0, 0, 0, 0, 0, 1], [5])",-0.0,-0.716,-0.0,-0.0,-0.0,-0.0,-0.716,0.5031289999999999,2.417033000000001,0.639568
23,"([0.03, 0.18, 0.33, 0.03, 0.08, 0.35], [5])","([0, 0, 0, 0, 0, 1], [5])",-0.0,-0.0,-0.0,-0.0,-0.0,-0.0,0.0,0.5031289999999999,1.913904000000001,0.639568
24,"([0.03, 0.18, 0.33, 0.03, 0.08, 0.35], [5])","([0, 0, 0, 0, 0, 1], [5])",-0.0,-0.0,-0.0,-0.0,-0.0,-0.0,0.0,0.5031289999999999,1.410775000000001,0.639568
25,"([0.03, 0.18, 0.33, 0.03, 0.08, 0.35], [2])","([0, 0, 0, 0, 0, 1], [5])",-0.0,-0.0,-0.758,-0.0,-0.0,-0.0,-0.758,0.5031289999999999,1.665646000000001,0.639568
26,"([0.03, 0.18, 0.33, 0.03, 0.08, 0.35], [2])","([0, 0, 0, 0, 0, 1], [5])",-0.0,-0.0,-0.758,-0.0,-0.0,-0.0,-0.758,0.5031289999999999,1.9205170000000011,0.639568
27,"([0.03, 0.18, 0.33, 0.03, 0.08, 0.35], [4])","([0, 0, 0, 0, 0, 1], [5])",-0.0,-0.0,-0.0,-0.0,-0.861,-0.0,-0.861,0.5031289999999999,2.2783880000000014,0.639568
28,"([0.03, 0.18, 0.33, 0.03, 0.08, 0.35], [5])","([0, 0, 0, 0, 0, 1], [5])",-0.0,-0.0,-0.0,-0.0,-0.0,-0.0,0.0,0.5031289999999999,1.7752590000000015,0.639568
29,"([0.03, 0.18, 0.33, 0.03, 0.08, 0.35], [5])","([0, 0, 0, 0, 0, 1], [5])",-0.0,-0.0,-0.0,-0.0,-0.0,-0.0,0.0,0.5031289999999999,1.2721300000000015,0.639568
30,"([0.03, 0.18, 0.33, 0.03, 0.08, 0.35], [5])","([0, 0, 0, 0, 0, 1], [5])",-0.0,-0.0,-0.0,-0.0,-0.0,-0.0,0.0,0.5031289999999999,0.7690010000000016,0.639568
31,"([0.03, 0.18, 0.33, 0.03, 0.08, 0.35], [2])","([0, 0, 0, 0, 0, 1], [5])",-0.0,-0.0,-0.758,-0.0,-0.0,-0.0,-0.758,0.5031289999999999,1.0238720000000017,0.639568
32,"([0.03, 0.18, 0.33, 0.03, 0.08, 0.35], [1])","([0, 0, 0, 0, 0, 1], [5])",-0.0,-0.716,-0.0,-0.0,-0.0,-0.0,-0.716,0.5031289999999999,1.2367430000000017,0.639568
33,"([0.03, 0.18, 0.33, 0.03, 0.08, 0.35], [2])","([0, 0, 0, 0, 0, 1], [5])",-0.0,-0.0,-0.758,-0.0,-0.0,-0.0,-0.758,0.5031289999999999,1.4916140000000018,0.639568
34,"([0.03, 0.18, 0.33, 0.03, 0.08, 0.35], [1])","([0, 0, 0, 0, 0, 1], [5])",-0.0,-0.716,-0.0,-0.0,-0.0,-0.0,-0.716,0.5031289999999999,1.7044850000000018,0.639568
35,"([0.03, 0.18, 0.33, 0.03, 0.08, 0.35], [1])","([0, 0, 0, 0, 0, 1], [5])",-0.0,-0.716,-0.0,-0.0,-0.0,-0.0,-0.716,0.5031289999999999,1.9173560000000018,0.639568
36,"([0.03, 0.18, 0.33, 0.03, 0.08, 0.35], [5])","([0, 0, 0, 0, 0, 1], [5])",-0.0,-0.0,-0.0,-0.0,-0.0,-0.0,0.0,0.5031289999999999,1.414227000000002,0.639568
37,"([0.03, 0.18, 0.33, 0.03, 0.08, 0.35], [1])","([0, 0, 0, 0, 0, 1], [5])",-0.0,-0.716,-0.0,-0.0,-0.0,-0.0,-0.716,0.5031289999999999,1.627098000000002,0.639568
38,"([0.03, 0.18, 0.33, 0.03, 0.08, 0.35], [5])","([0, 0, 0, 0, 0, 1], [5])",-0.0,-0.0,-0.0,-0.0,-0.0,-0.0,0.0,0.5031289999999999,1.123969000000002,0.639568
39,"([0.03, 0.18, 0.33, 0.03, 0.08, 0.35], [1])","([0, 0, 0, 0, 0, 1], [5])",-0.0,-0.716,-0.0,-0.0,-0.0,-0.0,-0.716,0.5031289999999999,1.336840000000002,0.639568
40,"([0.03, 0.18, 0.33, 0.03, 0.08, 0.35], [5])","([0, 0, 0, 0, 0, 1], [5])",-0.0,-0.0,-0.0,-0.0,-0.0,-0.0,0.0,0.5031289999999999,0.8337110000000021,0.639568
41,"([0.03, 0.18, 0.33, 0.03, 0.08, 0.35], [1])","([0, 0, 0, 0, 0, 1], [5])",-0.0,-0.716,-0.0,-0.0,-0.0,-0.0,-0.716,0.5031289999999999,1.0465820000000021,0.639568
42,"([0.03, 0.18, 0.33, 0.03, 0.08, 0.35], [5])","([0, 0, 0, 0, 0, 1], [5])",-0.0,-0.0,-0.0,-0.0,-0.0,-0.0,0.0,0.5031289999999999,0.5434530000000022,0.639568
43,"([0.03, 0.18, 0.33, 0.03, 0.08, 0.35], [2])","([0, 0, 0, 0, 0, 1], [5])",-0.0,-0.0,-0.758,-0.0,-0.0,-0.0,-0.758,0.5031289999999999,0.7983240000000023,0.639568
44,"([0.03, 0.18, 0.33, 0.03, 0.08, 0.35], [1])","([0, 0, 0, 0, 0, 1], [5])",-0.0,-0.716,-0.0,-0.0,-0.0,-0.0,-0.716,0.5031289999999999,1.0111950000000023,0.639568
45,"([0.03, 0.18, 0.33, 0.03, 0.08, 0.35], [2])","([0, 0, 0, 0, 0, 1], [5])",-0.0,-0.0,-0.758,-0.0,-0.0,-0.0,-0.758,0.5031289999999999,1.2660660000000024,0.639568
46,"([0.03, 0.18, 0.33, 0.03, 0.08, 0.35], [2])","([0, 0, 0, 0, 0, 1], [5])",-0.0,-0.0,-0.758,-0.0,-0.0,-0.0,-0.758,0.5031289999999999,1.5209370000000024,0.639568
47,"([0.03, 0.18, 0.33, 0.03, 0.08, 0.35], [1])","([0, 0, 0, 0, 0, 1], [5])",-0.0,-0.716,-0.0,-0.0,-0.0,-0.0,-0.716,0.5031289999999999,1.7338080000000025,0.639568
48,"([0.03, 0.18, 0.33, 0.03, 0.08, 0.35], [1])","([0, 0, 0, 0, 0, 1], [5])",-0.0,-0.716,-0.0,-0.0,-0.0,-0.0,-0.716,0.5031289999999999,1.9466790000000025,0.639568
49,"([0.03, 0.18, 0.33, 0.03, 0.08, 0.35], [5])","([0, 0, 0, 0, 0, 1], [5])",-0.0,-0.0,-0.0,-0.0,-0.0,-0.0,0.0,0.5031289999999999,1.4435500000000026,0.639568
50,"([0.03, 0.18, 0.33, 0.03, 0.08, 0.35], [1])","([0, 0, 0, 0, 0, 1], [5])",-0.0,-0.716,-0.0,-0.0,-0.0,-0.0,-0.716,0.5031289999999999,1.6564210000000026,0.639568
51,"([0.03, 0.18, 0.33, 0.03, 0.08, 0.35], [1])","([0, 0, 0, 0, 0, 1], [5])",-0.0,-0.716,-0.0,-0.0,-0.0,-0.0,-0.716,0.5031289999999999,1.8692920000000026,0.639568
52,"([0.03, 0.18, 0.33, 0.03, 0.08, 0.35], [1])","([0, 0, 0, 0, 0, 1], [5])",-0.0,-0.716,-0.0,-0.0,-0.0,-0.0,-0.716,0.5031289999999999,2.0821630000000027,0.639568
53,"([0.03, 0.18, 0.33, 0.03, 0.08, 0.35], [4])","([0, 0, 0, 0, 0, 1], [5])",-0.0,-0.0,-0.0,-0.0,-0.861,-0.0,-0.861,0.5031289999999999,2.4400340000000025,0.639568
54,"([0.03, 0.18, 0.33, 0.03, 0.08, 0.35], [5])","([0, 0, 0, 0, 0, 1], [5])",-0.0,-0.0,-0.0,-0.0,-0.0,-0.0,0.0,0.5031289999999999,1.9369050000000025,0.639568
55,"([0.03, 0.18, 0.33, 0.03, 0.08, 0.35], [2])","([0, 0, 0, 0, 0, 1], [5])",-0.0,-0.0,-0.758,-0.0,-0.0,-0.0,-0.758,0.5031289999999999,2.1917760000000026,0.639568
56,"([0.03, 0.18, 0.33, 0.03, 0.08, 0.35], [2])","([0, 0, 0, 0, 0, 1], [5])",-0.0,-0.0,-0.758,-0.0,-0.0,-0.0,-0.758,0.5031289999999999,2.4466470000000027,0.639568
57,"([0.03, 0.18, 0.33, 0.03, 0.08, 0.35], [5])","([0, 0, 0, 0, 0, 1], [5])",-0.0,-0.0,-0.0,-0.0,-0.0,-0.0,0.0,0.5031289999999999,1.9435180000000027,0.639568
58,"([0.03, 0.18, 0.33, 0.03, 0.08, 0.35], [5])","([0, 0, 0, 0, 0, 1], [5])",-0.0,-0.0,-0.0,-0.0,-0.0,-0.0,0.0,0.5031289999999999,1.4403890000000028,0.639568
59,"([0.03, 0.18, 0.33, 0.03, 0.08, 0.35], [1])","([0, 0, 0, 0, 0, 1], [5])",-0.0,-0.716,-0.0,-0.0,-0.0,-0.0,-0.716,0.5031289999999999,1.6532600000000028,0.639568
60,"([0.03, 0.18, 0.33, 0.03, 0.08, 0.35], [5])","([0, 0, 0, 0, 0, 1], [5])",-0.0,-0.0,-0.0,-0.0,-0.0,-0.0,0.0,0.5031289999999999,1.150131000000003,0.639568
61,"([0.03, 0.18, 0.33, 0.03, 0.08, 0.35], [2])","([0, 0, 0, 0, 0, 1], [5])",-0.0,-0.0,-0.758,-0.0,-0.0,-0.0,-0.758,0.5031289999999999,1.405002000000003,0.639568
62,"([0.03, 0.18, 0.33, 0.03, 0.08, 0.35], [1])","([0, 0, 0, 0, 0, 1], [5])",-0.0,-0.716,-0.0,-0.0,-0.0,-0.0,-0.716,0.5031289999999999,1.617873000000003,0.639568
63,"([0.03, 0.18, 0.33, 0.03, 0.08, 0.35], [2])","([0, 0, 0, 0, 0, 1], [5])",-0.0,-0.0,-0.758,-0.0,-0.0,-0.0,-0.758,0.5031289999999999,1.872744000000003,0.639568
64,"([0.03, 0.18, 0.33, 0.03, 0.08, 0.35], [5])","([0, 0, 0, 0, 0, 1], [5])",-0.0,-0.0,-0.0,-0.0,-0.0,-0.0,0.0,0.5031289999999999,1.3696150000000031,0.639568
65,"([0.03, 0.18, 0.33, 0.03, 0.08, 0.35], [5])","([0, 0, 0, 0, 0, 1], [5])",-0.0,-0.0,-0.0,-0.0,-0.0,-0.0,0.0,0.5031289999999999,0.8664860000000032,0.639568
66,"([0.03, 0.18, 0.33, 0.03, 0.08, 0.35], [2])","([0, 0, 0, 0, 0, 1], [5])",-0.0,-0.0,-0.758,-0.0,-0.0,-0.0,-0.758,0.5031289999999999,1.1213570000000033,0.639568
67,"([0.03, 0.18, 0.33, 0.03, 0.08, 0.35], [4])","([0, 0, 0, 0, 0, 1], [5])",-0.0,-0.0,-0.0,-0.0,-0.861,-0.0,-0.861,0.5031289999999999,1.4792280000000033,0.639568
68,"([0.03, 0.18, 0.33, 0.03, 0.08, 0.35], [2])","([0, 0, 0, 0, 0, 1], [5])",-0.0,-0.0,-0.758,-0.0,-0.0,-0.0,-0.758,0.5031289999999999,1.7340990000000034,0.639568
69,"([0.03, 0.18, 0.33, 0.03, 0.08, 0.35], [0])","([0, 0, 0, 0, 0, 1], [5])",-0.968,-0.0,-0.0,-0.0,-0.0,-0.0,-0.968,0.5031289999999999,2.1989700000000036,0.639568
70,"([0.03, 0.18, 0.33, 0.03, 0.08, 0.35], [2])","([0, 0, 0, 0, 0, 1], [5])",-0.0,-0.0,-0.758,-0.0,-0.0,-0.0,-0.758,0.5031289999999999,2.4538410000000037,0.639568
71,"([0.03, 0.18, 0.33, 0.03, 0.08, 0.35], [5])","([0, 0, 0, 0, 0, 1], [5])",-0.0,-0.0,-0.0,-0.0,-0.0,-0.0,0.0,0.5031289999999999,1.9507120000000038,0.639568
72,"([0.03, 0.18, 0.33, 0.03, 0.08, 0.35], [0])","([0, 0, 0, 0, 0, 1], [5])",-0.968,-0.0,-0.0,-0.0,-0.0,-0.0,-0.968,0.5031289999999999,2.415583000000004,0.639568
73,"([0.03, 0.18, 0.33, 0.03, 0.08, 0.35], [3])","([0, 0, 0, 0, 0, 1], [5])",-0.0,-0.0,-0.0,-0.868,-0.0,-0.0,-0.868,0.5031289999999999,2.7804540000000038,0.639568
74,"([0.03, 0.18, 0.33, 0.03, 0.08, 0.35], [5])","([0, 0, 0, 0, 0, 1], [5])",-0.0,-0.0,-0.0,-0.0,-0.0,-0.0,0.0,0.5031289999999999,2.277325000000004,0.639568
75,"([0.03, 0.18, 0.33, 0.03, 0.08, 0.35], [2])","([0, 0, 0, 0, 0, 1], [5])",-0.0,-0.0,-0.758,-0.0,-0.0,-0.0,-0.758,0.5031289999999999,2.532196000000004,0.639568
76,"([0.03, 0.18, 0.33, 0.03, 0.08, 0.35], [5])","([0, 0, 0, 0, 0, 1], [5])",-0.0,-0.0,-0.0,-0.0,-0.0,-0.0,0.0,0.5031289999999999,2.029067000000004,0.639568
77,"([0.03, 0.18, 0.33, 0.03, 0.08, 0.35], [2])","([0, 0, 0, 0, 0, 1], [5])",-0.0,-0.0,-0.758,-0.0,-0.0,-0.0,-0.758,0.5031289999999999,2.283938000000004,0.639568
78,"([0.03, 0.18, 0.33, 0.03, 0.08, 0.35], [2])","([0, 0, 0, 0, 0, 1], [5])",-0.0,-0.0,-0.758,-0.0,-0.0,-0.0,-0.758,0.5031289999999999,2.538809000000004,0.639568
79,"([0.03, 0.18, 0.33, 0.03, 0.08, 0.35], [2])","([0, 0, 0, 0, 0, 1], [5])",-0.0,-0.0,-0.758,-0.0,-0.0,-0.0,-0.758,0.5031289999999999,2.793680000000004,0.639568
80,"([0.03, 0.18, 0.33, 0.03, 0.08, 0.35], [5])","([0, 0, 0, 0, 0, 1], [5])",-0.0,-0.0,-0.0,-0.0,-0.0,-0.0,0.0,0.5031289999999999,2.2905510000000042,0.639568
81,"([0.03, 0.18, 0.33, 0.03, 0.08, 0.35], [3])","([0, 0, 0, 0, 0, 1], [5])",-0.0,-0.0,-0.0,-0.868,-0.0,-0.0,-0.868,0.5031289999999999,2.655422000000004,0.639568
82,"([0.03, 0.18, 0.33, 0.03, 0.08, 0.35], [2])","([0, 0, 0, 0, 0, 1], [5])",-0.0,-0.0,-0.758,-0.0,-0.0,-0.0,-0.758,0.5031289999999999,2.9102930000000042,0.639568
83,"([0.03, 0.18, 0.33, 0.03, 0.08, 0.35], [2])","([0, 0, 0, 0, 0, 1], [5])",-0.0,-0.0,-0.758,-0.0,-0.0,-0.0,-0.758,0.5031289999999999,3.1651640000000043,0.639568
84,"([0.03, 0.18, 0.33, 0.03, 0.08, 0.35], [5])","([0, 0, 0, 0, 0, 1], [5])",-0.0,-0.0,-0.0,-0.0,-0.0,-0.0,0.0,0.5031289999999999,2.6620350000000044,0.639568
85,"([0.03, 0.18, 0.33, 0.03, 0.08, 0.35], [2])","([0, 0, 0, 0, 0, 1], [5])",-0.0,-0.0,-0.758,-0.0,-0.0,-0.0,-0.758,0.5031289999999999,2.9169060000000044,0.639568
86,"([0.03, 0.18, 0.33, 0.03, 0.08, 0.35], [1])","([0, 0, 0, 0, 0, 1], [5])",-0.0,-0.716,-0.0,-0.0,-0.0,-0.0,-0.716,0.5031289999999999,3.1297770000000043,0.639568
87,"([0.03, 0.18, 0.33, 0.03, 0.08, 0.35], [3])","([0, 0, 0, 0, 0, 1], [5])",-0.0,-0.0,-0.0,-0.868,-0.0,-0.0,-0.868,0.5031289999999999,3.494648000000004,0.639568
88,"([0.03, 0.18, 0.33, 0.03, 0.08, 0.35], [1])","([0, 0, 0, 0, 0, 1], [5])",-0.0,-0.716,-0.0,-0.0,-0.0,-0.0,-0.716,0.5031289999999999,3.707519000000004,0.639568
89,"([0.03, 0.18, 0.33, 0.03, 0.08, 0.35], [1])","([0, 0, 0, 0, 0, 1], [5])",-0.0,-0.716,-0.0,-0.0,-0.0,-0.0,-0.716,0.5031289999999999,3.920390000000004,0.639568
90,"([0.03, 0.18, 0.33, 0.03, 0.08, 0.35], [5])","([0, 0, 0, 0, 0, 1], [5])",-0.0,-0.0,-0.0,-0.0,-0.0,-0.0,0.0,0.5031289999999999,3.417261000000004,0.639568
91,"([0.03, 0.18, 0.33, 0.03, 0.08, 0.35], [2])","([0, 0, 0, 0, 0, 1], [5])",-0.0,-0.0,-0.758,-0.0,-0.0,-0.0,-0.758,0.5031289999999999,3.672132000000004,0.639568
92,"([0.03, 0.18, 0.33, 0.03, 0.08, 0.35], [5])","([0, 0, 0, 0, 0, 1], [5])",-0.0,-0.0,-0.0,-0.0,-0.0,-0.0,0.0,0.5031289999999999,3.169003000000004,0.639568
93,"([0.03, 0.18, 0.33, 0.03, 0.08, 0.35], [2])","([0, 0, 0, 0, 0, 1], [5])",-0.0,-0.0,-0.758,-0.0,-0.0,-0.0,-0.758,0.5031289999999999,3.423874000000004,0.639568
94,"([0.03, 0.18, 0.33, 0.03, 0.08, 0.35], [5])","([0, 0, 0, 0, 0, 1], [5])",-0.0,-0.0,-0.0,-0.0,-0.0,-0.0,0.0,0.5031289999999999,2.920745000000004,0.639568
95,"([0.03, 0.18, 0.33, 0.03, 0.08, 0.35], [5])","([0, 0, 0, 0, 0, 1], [5])",-0.0,-0.0,-0.0,-0.0,-0.0,-0.0,0.0,0.5031289999999999,2.417616000000004,0.639568
96,"([0.03, 0.18, 0.33, 0.03, 0.08, 0.35], [5])","([0, 0, 0, 0, 0, 1], [5])",-0.0,-0.0,-0.0,-0.0,-0.0,-0.0,0.0,0.5031289999999999,1.9144870000000043,0.639568
97,"([0.03, 0.18, 0.33, 0.03, 0.08, 0.35], [4])","([0, 0, 0, 0, 0, 1], [5])",-0.0,-0.0,-0.0,-0.0,-0.861,-0.0,-0.861,0.5031289999999999,2.272358000000004,0.639568
98,"([0.03, 0.18, 0.33, 0.03, 0.08, 0.35], [2])","([0, 0, 0, 0, 0, 1], [5])",-0.0,-0.0,-0.758,-0.0,-0.0,-0.0,-0.758,0.5031289999999999,2.527229000000004,0.639568
99,"([0.03, 0.18, 0.33, 0.03, 0.08, 0.35], [4])","([0, 0, 0, 0, 0, 1], [5])",-0.0,-0.0,-0.0,-0.0,-0.861,-0.0,-0.861,0.5031289999999999,2.885100000000004,0.639568
100,"([0.03, 0.18, 0.33, 0.03, 0.08, 0.35], [5])","([0, 0, 0, 0, 0, 1], [5])",-0.0,-0.0,-0.0,-0.0,-0.0,-0.0,0.0,0.5031289999999999,2.381971000000004,0.639568
101,"([0.03, 0.18, 0.33, 0.03, 0.08, 0.35], [5])","([0, 0, 0, 0, 0, 1], [5])",-0.0,-0.0,-0.0,-0.0,-0.0,-0.0,0.0,0.5031289999999999,1.8788420000000041,0.639568
102,"([0.03, 0.18, 0.33, 0.03, 0.08, 0.35], [2])","([0, 0, 0, 0, 0, 1], [5])",-0.0,-0.0,-0.758,-0.0,-0.0,-0.0,-0.758,0.5031289999999999,2.133713000000004,0.639568
103,"([0.03, 0.18, 0.33, 0.03, 0.08, 0.35], [5])","([0, 0, 0, 0, 0, 1], [5])",-0.0,-0.0,-0.0,-0.0,-0.0,-0.0,0.0,0.5031289999999999,1.6305840000000043,0.639568
104,"([0.03, 0.18, 0.33, 0.03, 0.08, 0.35], [3])","([0, 0, 0, 0, 0, 1], [5])",-0.0,-0.0,-0.0,-0.868,-0.0,-0.0,-0.868,0.5031289999999999,1.9954550000000042,0.639568
105,"([0.03, 0.18, 0.33, 0.03, 0.08, 0.35], [4])","([0, 0, 0, 0, 0, 1], [5])",-0.0,-0.0,-0.0,-0.0,-0.861,-0.0,-0.861,0.5031289999999999,2.3533260000000045,0.639568
106,"([0.03, 0.18, 0.33, 0.03, 0.08, 0.35], [2])","([0, 0, 0, 0, 0, 1], [5])",-0.0,-0.0,-0.758,-0.0,-0.0,-0.0,-0.758,0.5031289999999999,2.6081970000000045,0.639568
107,"([0.03, 0.18, 0.33, 0.03, 0.08, 0.35], [2])","([0, 0, 0, 0, 0, 1], [5])",-0.0,-0.0,-0.758,-0.0,-0.0,-0.0,-0.758,0.5031289999999999,2.8630680000000046,0.639568
108,"([0.03, 0.18, 0.33, 0.03, 0.08, 0.35], [5])","([0, 0, 0, 0, 0, 1], [5])",-0.0,-0.0,-0.0,-0.0,-0.0,-0.0,0.0,0.5031289999999999,2.3599390000000047,0.639568
109,"([0.03, 0.18, 0.33, 0.03, 0.08, 0.35], [5])","([0, 0, 0, 0, 0, 1], [5])",-0.0,-0.0,-0.0,-0.0,-0.0,-0.0,0.0,0.5031289999999999,1.8568100000000047,0.639568
110,"([0.03, 0.18, 0.33, 0.03, 0.08, 0.35], [2])","([0, 0, 0, 0, 0, 1], [5])",-0.0,-0.0,-0.758,-0.0,-0.0,-0.0,-0.758,0.5031289999999999,2.111681000000005,0.639568
111,"([0.03, 0.18, 0.33, 0.03, 0.08, 0.35], [2])","([0, 0, 0, 0, 0, 1], [5])",-0.0,-0.0,-0.758,-0.0,-0.0,-0.0,-0.758,0.5031289999999999,2.366552000000005,0.639568
112,"([0.03, 0.18, 0.33, 0.03, 0.08, 0.35], [0])","([0, 0, 0, 0, 0, 1], [5])",-0.968,-0.0,-0.0,-0.0,-0.0,-0.0,-0.968,0.5031289999999999,2.831423000000005,0.639568
113,"([0.03, 0.18, 0.33, 0.03, 0.08, 0.35], [2])","([0, 0, 0, 0, 0, 1], [5])",-0.0,-0.0,-0.758,-0.0,-0.0,-0.0,-0.758,0.5031289999999999,3.086294000000005,0.639568
114,"([0.03, 0.18, 0.33, 0.03, 0.08, 0.35], [2])","([0, 0, 0, 0, 0, 1], [5])",-0.0,-0.0,-0.758,-0.0,-0.0,-0.0,-0.758,0.5031289999999999,3.341165000000005,0.639568
115,"([0.03, 0.18, 0.33, 0.03, 0.08, 0.35], [4])","([0, 0, 0, 0, 0, 1], [5])",-0.0,-0.0,-0.0,-0.0,-0.861,-0.0,-0.861,0.5031289999999999,3.699036000000005,0.639568
116,"([0.03, 0.18, 0.33, 0.03, 0.08, 0.35], [2])","([0, 0, 0, 0, 0, 1], [5])",-0.0,-0.0,-0.758,-0.0,-0.0,-0.0,-0.758,0.5031289999999999,3.953907000000005,0.639568
117,"([0.03, 0.18, 0.33, 0.03, 0.08, 0.35], [4])","([0, 0, 0, 0, 0, 1], [5])",-0.0,-0.0,-0.0,-0.0,-0.861,-0.0,-0.861,0.5031289999999999,4.311778000000005,0.639568
118,"([0.03, 0.18, 0.33, 0.03, 0.08, 0.35], [5])","([0, 0, 0, 0, 0, 1], [5])",-0.0,-0.0,-0.0,-0.0,-0.0,-0.0,0.0,0.5031289999999999,3.808649000000005,0.639568
119,"([0.03, 0.18, 0.33, 0.03, 0.08, 0.35], [2])","([0, 0, 0, 0, 0, 1], [5])",-0.0,-0.0,-0.758,-0.0,-0.0,-0.0,-0.758,0.5031289999999999,4.063520000000005,0.639568
120,"([0.03, 0.18, 0.33, 0.03, 0.08, 0.35], [2])","([0, 0, 0, 0, 0, 1], [5])",-0.0,-0.0,-0.758,-0.0,-0.0,-0.0,-0.758,0.5031289999999999,4.318391000000005,0.639568
121,"([0.03, 0.18, 0.33, 0.03, 0.08, 0.35], [5])","([0, 0, 0, 0, 0, 1], [5])",-0.0,-0.0,-0.0,-0.0,-0.0,-0.0,0.0,0.5031289999999999,3.8152620000000055,0.639568
122,"([0.03, 0.18, 0.33, 0.03, 0.08, 0.35], [2])","([0, 0, 0, 0, 0, 1], [5])",-0.0,-0.0,-0.758,-0.0,-0.0,-0.0,-0.758,0.5031289999999999,4.0701330000000056,0.639568
123,"([0.03, 0.18, 0.33, 0.03, 0.08, 0.35], [5])","([0, 0, 0, 0, 0, 1], [5])",-0.0,-0.0,-0.0,-0.0,-0.0,-0.0,0.0,0.5031289999999999,3.5670040000000056,0.639568
124,"([0.03, 0.18, 0.33, 0.03, 0.08, 0.35], [5])","([0, 0, 0, 0, 0, 1], [5])",-0.0,-0.0,-0.0,-0.0,-0.0,-0.0,0.0,0.5031289999999999,3.0638750000000057,0.639568
125,"([0.03, 0.18, 0.33, 0.03, 0.08, 0.35], [2])","([0, 0, 0, 0, 0, 1], [5])",-0.0,-0.0,-0.758,-0.0,-0.0,-0.0,-0.758,0.5031289999999999,3.3187460000000057,0.639568
126,"([0.03, 0.18, 0.33, 0.03, 0.08, 0.35], [4])","([0, 0, 0, 0, 0, 1], [5])",-0.0,-0.0,-0.0,-0.0,-0.861,-0.0,-0.861,0.5031289999999999,3.6766170000000056,0.639568
127,"([0.03, 0.18, 0.33, 0.03, 0.08, 0.35], [2])","([0, 0, 0, 0, 0, 1], [5])",-0.0,-0.0,-0.758,-0.0,-0.0,-0.0,-0.758,0.5031289999999999,3.9314880000000056,0.639568
128,"([0.03, 0.18, 0.33, 0.03, 0.08, 0.35], [5])","([0, 0, 0, 0, 0, 1], [5])",-0.0,-0.0,-0.0,-0.0,-0.0,-0.0,0.0,0.5031289999999999,3.4283590000000057,0.639568
129,"([0.03, 0.18, 0.33, 0.03, 0.08, 0.35], [4])","([0, 0, 0, 0, 0, 1], [5])",-0.0,-0.0,-0.0,-0.0,-0.861,-0.0,-0.861,0.5031289999999999,3.786230000000006,0.639568
130,"([0.03, 0.18, 0.33, 0.03, 0.08, 0.35], [5])","([0, 0, 0, 0, 0, 1], [5])",-0.0,-0.0,-0.0,-0.0,-0.0,-0.0,0.0,0.5031289999999999,3.283101000000006,0.639568
131,"([0.03, 0.18, 0.33, 0.03, 0.08, 0.35], [4])","([0, 0, 0, 0, 0, 1], [5])",-0.0,-0.0,-0.0,-0.0,-0.861,-0.0,-0.861,0.5031289999999999,3.640972000000006,0.639568
132,"([0.03, 0.18, 0.33, 0.03, 0.08, 0.35], [1])","([0, 0, 0, 0, 0, 1], [5])",-0.0,-0.716,-0.0,-0.0,-0.0,-0.0,-0.716,0.5031289999999999,3.8538430000000057,0.639568
133,"([0.03, 0.18, 0.33, 0.03, 0.08, 0.35], [5])","([0, 0, 0, 0, 0, 1], [5])",-0.0,-0.0,-0.0,-0.0,-0.0,-0.0,0.0,0.5031289999999999,3.3507140000000057,0.639568
134,"([0.03, 0.18, 0.33, 0.03, 0.08, 0.35], [2])","([0, 0, 0, 0, 0, 1], [5])",-0.0,-0.0,-0.758,-0.0,-0.0,-0.0,-0.758,0.5031289999999999,3.605585000000006,0.639568
135,"([0.03, 0.18, 0.33, 0.03, 0.08, 0.35], [3])","([0, 0, 0, 0, 0, 1], [5])",-0.0,-0.0,-0.0,-0.868,-0.0,-0.0,-0.868,0.5031289999999999,3.9704560000000058,0.639568
136,"([0.03, 0.18, 0.33, 0.03, 0.08, 0.35], [3])","([0, 0, 0, 0, 0, 1], [5])",-0.0,-0.0,-0.0,-0.868,-0.0,-0.0,-0.868,0.5031289999999999,4.335327000000006,0.639568
137,"([0.03, 0.18, 0.33, 0.03, 0.08, 0.35], [5])","([0, 0, 0, 0, 0, 1], [5])",-0.0,-0.0,-0.0,-0.0,-0.0,-0.0,0.0,0.5031289999999999,3.8321980000000058,0.639568
138,"([0.03, 0.18, 0.33, 0.03, 0.08, 0.35], [2])","([0, 0, 0, 0, 0, 1], [5])",-0.0,-0.0,-0.758,-0.0,-0.0,-0.0,-0.758,0.5031289999999999,4.087069000000006,0.639568
139,"([0.03, 0.18, 0.33, 0.03, 0.08, 0.35], [3])","([0, 0, 0, 0, 0, 1], [5])",-0.0,-0.0,-0.0,-0.868,-0.0,-0.0,-0.868,0.5031289999999999,4.451940000000006,0.639568
140,"([0.03, 0.18, 0.33, 0.03, 0.08, 0.35], [5])","([0, 0, 0, 0, 0, 1], [5])",-0.0,-0.0,-0.0,-0.0,-0.0,-0.0,0.0,0.5031289999999999,3.948811000000006,0.639568
141,"([0.03, 0.18, 0.33, 0.03, 0.08, 0.35], [5])","([0, 0, 0, 0, 0, 1], [5])",-0.0,-0.0,-0.0,-0.0,-0.0,-0.0,0.0,0.5031289999999999,3.445682000000006,0.639568
142,"([0.03, 0.18, 0.33, 0.03, 0.08, 0.35], [4])","([0, 0, 0, 0, 0, 1], [5])",-0.0,-0.0,-0.0,-0.0,-0.861,-0.0,-0.861,0.5031289999999999,3.803553000000006,0.639568
143,"([0.03, 0.18, 0.33, 0.03, 0.08, 0.35], [1])","([0, 0, 0, 0, 0, 1], [5])",-0.0,-0.716,-0.0,-0.0,-0.0,-0.0,-0.716,0.5031289999999999,4.016424000000006,0.639568
144,"([0.03, 0.18, 0.33, 0.03, 0.08, 0.35], [1])","([0, 0, 0, 0, 0, 1], [5])",-0.0,-0.716,-0.0,-0.0,-0.0,-0.0,-0.716,0.5031289999999999,4.229295000000006,0.639568
145,"([0.03, 0.18, 0.33, 0.03, 0.08, 0.35], [2])","([0, 0, 0, 0, 0, 1], [5])",-0.0,-0.0,-0.758,-0.0,-0.0,-0.0,-0.758,0.5031289999999999,4.484166000000005,0.639568
146,"([0.03, 0.18, 0.33, 0.03, 0.08, 0.35], [2])","([0, 0, 0, 0, 0, 1], [5])",-0.0,-0.0,-0.758,-0.0,-0.0,-0.0,-0.758,0.5031289999999999,4.739037000000005,0.639568
147,"([0.03, 0.18, 0.33, 0.03, 0.08, 0.35], [2])","([0, 0, 0, 0, 0, 1], [5])",-0.0,-0.0,-0.758,-0.0,-0.0,-0.0,-0.758,0.5031289999999999,4.993908000000005,0.639568
148,"([0.03, 0.18, 0.33, 0.03, 0.08, 0.35], [2])","([0, 0, 0, 0, 0, 1], [5])",-0.0,-0.0,-0.758,-0.0,-0.0,-0.0,-0.758,0.5031289999999999,5.248779000000004,0.639568
149,"([0.03, 0.18, 0.33, 0.03, 0.08, 0.35], [5])","([0, 0, 0, 0, 0, 1], [5])",-0.0,-0.0,-0.0,-0.0,-0.0,-0.0,0.0,0.5031289999999999,4.745650000000005,0.639568
150,"([0.03, 0.18, 0.33, 0.03, 0.08, 0.35], [2])","([0, 0, 0, 0, 0, 1], [5])",-0.0,-0.0,-0.758,-0.0,-0.0,-0.0,-0.758,0.5031289999999999,5.000521000000004,0.639568
151,"([0.03, 0.18, 0.33, 0.03, 0.08, 0.35], [2])","([0, 0, 0, 0, 0, 1], [5])",-0.0,-0.0,-0.758,-0.0,-0.0,-0.0,-0.758,0.5031289999999999,5.255392000000004,0.639568
152,"([0.03, 0.18, 0.33, 0.03, 0.08, 0.35], [2])","([0, 0, 0, 0, 0, 1], [5])",-0.0,-0.0,-0.758,-0.0,-0.0,-0.0,-0.758,0.5031289999999999,5.510263000000004,0.639568
153,"([0.03, 0.18, 0.33, 0.03, 0.08, 0.35], [4])","([0, 0, 0, 0, 0, 1], [5])",-0.0,-0.0,-0.0,-0.0,-0.861,-0.0,-0.861,0.5031289999999999,5.868134000000004,0.639568
154,"([0.03, 0.18, 0.33, 0.03, 0.08, 0.35], [2])","([0, 0, 0, 0, 0, 1], [5])",-0.0,-0.0,-0.758,-0.0,-0.0,-0.0,-0.758,0.5031289999999999,6.1230050000000045,0.639568
155,"([0.03, 0.18, 0.33, 0.03, 0.08, 0.35], [1])","([0, 0, 0, 0, 0, 1], [5])",-0.0,-0.716,-0.0,-0.0,-0.0,-0.0,-0.716,0.5031289999999999,6.335876000000004,0.639568
156,"([0.03, 0.18, 0.33, 0.03, 0.08, 0.35], [2])","([0, 0, 0, 0, 0, 1], [5])",-0.0,-0.0,-0.758,-0.0,-0.0,-0.0,-0.758,0.5031289999999999,6.590747000000004,0.639568
157,"([0.03, 0.18, 0.33, 0.03, 0.08, 0.35], [5])","([0, 0, 0, 0, 0, 1], [5])",-0.0,-0.0,-0.0,-0.0,-0.0,-0.0,0.0,0.5031289999999999,6.087618000000004,0.639568
158,"([0.03, 0.18, 0.33, 0.03, 0.08, 0.35], [1])","([0, 0, 0, 0, 0, 1], [5])",-0.0,-0.716,-0.0,-0.0,-0.0,-0.0,-0.716,0.5031289999999999,6.300489000000004,0.639568
159,"([0.03, 0.18, 0.33, 0.03, 0.08, 0.35], [5])","([0, 0, 0, 0, 0, 1], [5])",-0.0,-0.0,-0.0,-0.0,-0.0,-0.0,0.0,0.5031289999999999,5.797360000000005,0.639568
160,"([0.03, 0.18, 0.33, 0.03, 0.08, 0.35], [2])","([0, 0, 0, 0, 0, 1], [5])",-0.0,-0.0,-0.758,-0.0,-0.0,-0.0,-0.758,0.5031289999999999,6.052231000000004,0.639568
161,"([0.03, 0.18, 0.33, 0.03, 0.08, 0.35], [2])","([0, 0, 0, 0, 0, 1], [5])",-0.0,-0.0,-0.758,-0.0,-0.0,-0.0,-0.758,0.5031289999999999,6.307102000000004,0.639568
162,"([0.03, 0.18, 0.33, 0.03, 0.08, 0.35], [5])","([0, 0, 0, 0, 0, 1], [5])",-0.0,-0.0,-0.0,-0.0,-0.0,-0.0,0.0,0.5031289999999999,5.8039730000000045,0.639568
163,"([0.03, 0.18, 0.33, 0.03, 0.08, 0.35], [4])","([0, 0, 0, 0, 0, 1], [5])",-0.0,-0.0,-0.0,-0.0,-0.861,-0.0,-0.861,0.5031289999999999,6.161844000000005,0.639568
164,"([0.03, 0.18, 0.33, 0.03, 0.08, 0.35], [2])","([0, 0, 0, 0, 0, 1], [5])",-0.0,-0.0,-0.758,-0.0,-0.0,-0.0,-0.758,0.5031289999999999,6.416715000000005,0.639568
165,"([0.03, 0.18, 0.33, 0.03, 0.08, 0.35], [2])","([0, 0, 0, 0, 0, 1], [5])",-0.0,-0.0,-0.758,-0.0,-0.0,-0.0,-0.758,0.5031289999999999,6.671586000000005,0.639568
166,"([0.03, 0.18, 0.33, 0.03, 0.08, 0.35], [5])","([0, 0, 0, 0, 0, 1], [5])",-0.0,-0.0,-0.0,-0.0,-0.0,-0.0,0.0,0.5031289999999999,6.168457000000005,0.639568
167,"([0.03, 0.18, 0.33, 0.03, 0.08, 0.35], [5])","([0, 0, 0, 0, 0, 1], [5])",-0.0,-0.0,-0.0,-0.0,-0.0,-0.0,0.0,0.5031289999999999,5.665328000000006,0.639568
168,"([0.03, 0.18, 0.33, 0.03, 0.08, 0.35], [5])","([0, 0, 0, 0, 0, 1], [5])",-0.0,-0.0,-0.0,-0.0,-0.0,-0.0,0.0,0.5031289999999999,5.162199000000006,0.639568
169,"([0.03, 0.18, 0.33, 0.03, 0.08, 0.35], [2])","([0, 0, 0, 0, 0, 1], [5])",-0.0,-0.0,-0.758,-0.0,-0.0,-0.0,-0.758,0.5031289999999999,5.417070000000006,0.639568
170,"([0.03, 0.18, 0.33, 0.03, 0.08, 0.35], [1])","([0, 0, 0, 0, 0, 1], [5])",-0.0,-0.716,-0.0,-0.0,-0.0,-0.0,-0.716,0.5031289999999999,5.629941000000006,0.639568
171,"([0.03, 0.18, 0.33, 0.03, 0.08, 0.35], [5])","([0, 0, 0, 0, 0, 1], [5])",-0.0,-0.0,-0.0,-0.0,-0.0,-0.0,0.0,0.5031289999999999,5.126812000000006,0.639568
172,"([0.03, 0.18, 0.33, 0.03, 0.08, 0.35], [5])","([0, 0, 0, 0, 0, 1], [5])",-0.0,-0.0,-0.0,-0.0,-0.0,-0.0,0.0,0.5031289999999999,4.623683000000007,0.639568
173,"([0.03, 0.18, 0.33, 0.03, 0.08, 0.35], [5])","([0, 0, 0, 0, 0, 1], [5])",-0.0,-0.0,-0.0,-0.0,-0.0,-0.0,0.0,0.5031289999999999,4.120554000000007,0.639568
174,"([0.03, 0.18, 0.33, 0.03, 0.08, 0.35], [4])","([0, 0, 0, 0, 0, 1], [5])",-0.0,-0.0,-0.0,-0.0,-0.861,-0.0,-0.861,0.5031289999999999,4.478425000000008,0.639568
175,"([0.03, 0.18, 0.33, 0.03, 0.08, 0.35], [4])","([0, 0, 0, 0, 0, 1], [5])",-0.0,-0.0,-0.0,-0.0,-0.861,-0.0,-0.861,0.5031289999999999,4.836296000000008,0.639568
176,"([0.03, 0.18, 0.33, 0.03, 0.08, 0.35], [3])","([0, 0, 0, 0, 0, 1], [5])",-0.0,-0.0,-0.0,-0.868,-0.0,-0.0,-0.868,0.5031289999999999,5.201167000000008,0.639568
177,"([0.03, 0.18, 0.33, 0.03, 0.08, 0.35], [1])","([0, 0, 0, 0, 0, 1], [5])",-0.0,-0.716,-0.0,-0.0,-0.0,-0.0,-0.716,0.5031289999999999,5.414038000000008,0.639568
178,"([0.03, 0.18, 0.33, 0.03, 0.08, 0.35], [5])","([0, 0, 0, 0, 0, 1], [5])",-0.0,-0.0,-0.0,-0.0,-0.0,-0.0,0.0,0.5031289999999999,4.910909000000007,0.639568
179,"([0.03, 0.18, 0.33, 0.03, 0.08, 0.35], [5])","([0, 0, 0, 0, 0, 1], [5])",-0.0,-0.0,-0.0,-0.0,-0.0,-0.0,0.0,0.5031289999999999,4.407780000000008,0.639568
180,"([0.03, 0.18, 0.33, 0.03, 0.08, 0.35], [2])","([0, 0, 0, 0, 0, 1], [5])",-0.0,-0.0,-0.758,-0.0,-0.0,-0.0,-0.758,0.5031289999999999,4.662651000000007,0.639568
181,"([0.03, 0.18, 0.33, 0.03, 0.08, 0.35], [2])","([0, 0, 0, 0, 0, 1], [5])",-0.0,-0.0,-0.758,-0.0,-0.0,-0.0,-0.758,0.5031289999999999,4.917522000000007,0.639568
182,"([0.03, 0.18, 0.33, 0.03, 0.08, 0.35], [4])","([0, 0, 0, 0, 0, 1], [5])",-0.0,-0.0,-0.0,-0.0,-0.861,-0.0,-0.861,0.5031289999999999,5.275393000000007,0.639568
183,"([0.03, 0.18, 0.33, 0.03, 0.08, 0.35], [5])","([0, 0, 0, 0, 0, 1], [5])",-0.0,-0.0,-0.0,-0.0,-0.0,-0.0,0.0,0.5031289999999999,4.772264000000007,0.639568
184,"([0.03, 0.18, 0.33, 0.03, 0.08, 0.35], [1])","([0, 0, 0, 0, 0, 1], [5])",-0.0,-0.716,-0.0,-0.0,-0.0,-0.0,-0.716,0.5031289999999999,4.985135000000007,0.639568
185,"([0.03, 0.18, 0.33, 0.03, 0.08, 0.35], [2])","([0, 0, 0, 0, 0, 1], [5])",-0.0,-0.0,-0.758,-0.0,-0.0,-0.0,-0.758,0.5031289999999999,5.240006000000006,0.639568
186,"([0.03, 0.18, 0.33, 0.03, 0.08, 0.35], [2])","([0, 0, 0, 0, 0, 1], [5])",-0.0,-0.0,-0.758,-0.0,-0.0,-0.0,-0.758,0.5031289999999999,5.494877000000006,0.639568
187,"([0.03, 0.18, 0.33, 0.03, 0.08, 0.35], [2])","([0, 0, 0, 0, 0, 1], [5])",-0.0,-0.0,-0.758,-0.0,-0.0,-0.0,-0.758,0.5031289999999999,5.749748000000006,0.639568
188,"([0.03, 0.18, 0.33, 0.03, 0.08, 0.35], [0])","([0, 0, 0, 0, 0, 1], [5])",-0.968,-0.0,-0.0,-0.0,-0.0,-0.0,-0.968,0.5031289999999999,6.214619000000006,0.639568
189,"([0.03, 0.18, 0.33, 0.03, 0.08, 0.35], [1])","([0, 0, 0, 0, 0, 1], [5])",-0.0,-0.716,-0.0,-0.0,-0.0,-0.0,-0.716,0.5031289999999999,6.427490000000006,0.639568
190,"([0.03, 0.18, 0.33, 0.03, 0.08, 0.35], [5])","([0, 0, 0, 0, 0, 1], [5])",-0.0,-0.0,-0.0,-0.0,-0.0,-0.0,0.0,0.5031289999999999,5.924361000000006,0.639568
191,"([0.03, 0.18, 0.33, 0.03, 0.08, 0.35], [5])","([0, 0, 0, 0, 0, 1], [5])",-0.0,-0.0,-0.0,-0.0,-0.0,-0.0,0.0,0.5031289999999999,5.421232000000007,0.639568
192,"([0.03, 0.18, 0.33, 0.03, 0.08, 0.35], [1])","([0, 0, 0, 0, 0, 1], [5])",-0.0,-0.716,-0.0,-0.0,-0.0,-0.0,-0.716,0.5031289999999999,5.634103000000007,0.639568
193,"([0.03, 0.18, 0.33, 0.03, 0.08, 0.35], [2])","([0, 0, 0, 0, 0, 1], [5])",-0.0,-0.0,-0.758,-0.0,-0.0,-0.0,-0.758,0.5031289999999999,5.888974000000006,0.639568
194,"([0.03, 0.18, 0.33, 0.03, 0.08, 0.35], [2])","([0, 0, 0, 0, 0, 1], [5])",-0.0,-0.0,-0.758,-0.0,-0.0,-0.0,-0.758,0.5031289999999999,6.143845000000006,0.639568
195,"([0.03, 0.18, 0.33, 0.03, 0.08, 0.35], [2])","([0, 0, 0, 0, 0, 1], [5])",-0.0,-0.0,-0.758,-0.0,-0.0,-0.0,-0.758,0.5031289999999999,6.398716000000006,0.639568
196,"([0.03, 0.18, 0.33, 0.03, 0.08, 0.35], [5])","([0, 0, 0, 0, 0, 1], [5])",-0.0,-0.0,-0.0,-0.0,-0.0,-0.0,0.0,0.5031289999999999,5.895587000000006,0.639568
197,"([0.03, 0.18, 0.33, 0.03, 0.08, 0.35], [1])","([0, 0, 0, 0, 0, 1], [5])",-0.0,-0.716,-0.0,-0.0,-0.0,-0.0,-0.716,0.5031289999999999,6.108458000000006,0.639568
198,"([0.03, 0.18, 0.33, 0.03, 0.08, 0.35], [5])","([0, 0, 0, 0, 0, 1], [5])",-0.0,-0.0,-0.0,-0.0,-0.0,-0.0,0.0,0.5031289999999999,5.6053290000000064,0.639568
199,"([0.03, 0.18, 0.33, 0.03, 0.08, 0.35], [5])","([0, 0, 0, 0, 0, 1], [5])",-0.0,-0.0,-0.0,-0.0,-0.0,-0.0,0.0,0.5031289999999999,5.102200000000007,0.639568
