,sto-1,FB-0,feedback target 0,feedback target 1,feedback target 2,feedback target 3,feedback target 4,feedback target 5,total,exp_loss,actual_regret,exp_regret
0,"([0.14, 0.14, 0.39, 0.1, 0.16, 0.07], [4])","([0.14, 0.18, 0.12, 0.22, 0.22, 0.12], [0])",-0.0,-0.0,-0.0,-0.0,-0.998,-0.0,-0.998,0.7441550573124588,0.42941000000000007,0.17556505731245886
1,"([0.14, 0.14, 0.39, 0.1, 0.16, 0.07], [4])","([0.13, 0.19, 0.09, 0.25, 0.25, 0.09], [0])",-0.0,-0.0,-0.0,-0.0,-0.998,-0.0,-0.998,0.7468572210020118,0.8588200000000001,0.3538322783144707
2,"([0.14, 0.14, 0.39, 0.1, 0.16, 0.07], [3])","([0, 0, 0, 0, 1, 0], [4])",-0.0,-0.0,-0.0,-0.9990000000000001,-0.0,-0.0,-0.9990000000000001,0.72403,1.2892300000000003,0.5092722783144707
3,"([0.14, 0.14, 0.39, 0.1, 0.16, 0.07], [1])","([0, 0, 0, 0, 1, 0], [4])",-0.0,-0.917,-0.0,-0.0,-0.0,-0.0,-0.917,0.72403,1.6376400000000004,0.6647122783144708
4,"([0.14, 0.14, 0.39, 0.1, 0.16, 0.07], [3])","([0, 0, 0, 0, 1, 0], [4])",-0.0,-0.0,-0.0,-0.9990000000000001,-0.0,-0.0,-0.9990000000000001,0.72403,2.0680500000000004,0.8201522783144708
5,"([0.14, 0.14, 0.39, 0.1, 0.16, 0.07], [2])","([0, 0, 0, 0, 1, 0], [4])",-0.0,-0.0,-0.8220000000000001,-0.0,-0.0,-0.0,-0.8220000000000001,0.72403,2.3214600000000005,0.9755922783144708
6,"([0.14, 0.14, 0.39, 0.1, 0.16, 0.07], [2])","([0, 0, 0, 1, 0, 0], [3])",-0.0,-0.0,-0.8220000000000001,-0.0,-0.0,-0.0,-0.8220000000000001,0.7878029999999999,2.5748700000000007,1.1948052783144707
7,"([0.14, 0.14, 0.39, 0.1, 0.16, 0.07], [2])","([0, 0, 1, 0, 0, 0], [2])",-0.0,-0.0,-0.0,-0.0,-0.0,-0.0,0.0,0.5685899999999999,2.0062800000000007,1.1948052783144707
8,"([0.14, 0.14, 0.39, 0.1, 0.16, 0.07], [0])","([0, 0, 1, 0, 0, 0], [2])",-0.855,-0.0,-0.0,-0.0,-0.0,-0.0,-0.855,0.5685899999999999,2.292690000000001,1.1948052783144707
9,"([0.14, 0.14, 0.39, 0.1, 0.16, 0.07], [2])","([0, 0, 0, 0, 1, 0], [4])",-0.0,-0.0,-0.8220000000000001,-0.0,-0.0,-0.0,-0.8220000000000001,0.72403,2.546100000000001,1.3502452783144707
10,"([0.14, 0.14, 0.39, 0.1, 0.16, 0.07], [2])","([0, 0, 0, 0, 1, 0], [4])",-0.0,-0.0,-0.8220000000000001,-0.0,-0.0,-0.0,-0.8220000000000001,0.72403,2.799510000000001,1.5056852783144707
11,"([0.14, 0.14, 0.39, 0.1, 0.16, 0.07], [2])","([0, 0, 0, 0, 1, 0], [4])",-0.0,-0.0,-0.8220000000000001,-0.0,-0.0,-0.0,-0.8220000000000001,0.72403,3.052920000000001,1.6611252783144708
12,"([0.14, 0.14, 0.39, 0.1, 0.16, 0.07], [2])","([0, 0, 0, 0, 1, 0], [4])",-0.0,-0.0,-0.8220000000000001,-0.0,-0.0,-0.0,-0.8220000000000001,0.72403,3.3063300000000013,1.8165652783144708
13,"([0.14, 0.14, 0.39, 0.1, 0.16, 0.07], [2])","([0, 0, 0, 0, 1, 0], [4])",-0.0,-0.0,-0.8220000000000001,-0.0,-0.0,-0.0,-0.8220000000000001,0.72403,3.5597400000000015,1.9720052783144708
14,"([0.14, 0.14, 0.39, 0.1, 0.16, 0.07], [1])","([0, 0, 0, 0, 1, 0], [4])",-0.0,-0.917,-0.0,-0.0,-0.0,-0.0,-0.917,0.72403,3.908150000000002,2.127445278314471
15,"([0.14, 0.14, 0.39, 0.1, 0.16, 0.07], [1])","([0, 0, 0, 0, 1, 0], [4])",-0.0,-0.917,-0.0,-0.0,-0.0,-0.0,-0.917,0.72403,4.256560000000002,2.282885278314471
16,"([0.14, 0.14, 0.39, 0.1, 0.16, 0.07], [5])","([0, 0, 0, 0, 1, 0], [4])",-0.0,-0.0,-0.0,-0.0,-0.0,-0.823,-0.823,0.72403,4.510970000000002,2.438325278314471
17,"([0.14, 0.14, 0.39, 0.1, 0.16, 0.07], [3])","([0, 0, 0, 0, 1, 0], [4])",-0.0,-0.0,-0.0,-0.9990000000000001,-0.0,-0.0,-0.9990000000000001,0.72403,4.941380000000002,2.593765278314471
18,"([0.14, 0.14, 0.39, 0.1, 0.16, 0.07], [3])","([0, 0, 0, 0, 1, 0], [4])",-0.0,-0.0,-0.0,-0.9990000000000001,-0.0,-0.0,-0.9990000000000001,0.72403,5.3717900000000025,2.749205278314471
19,"([0.14, 0.14, 0.39, 0.1, 0.16, 0.07], [2])","([0, 0, 0, 0, 1, 0], [4])",-0.0,-0.0,-0.8220000000000001,-0.0,-0.0,-0.0,-0.8220000000000001,0.72403,5.625200000000003,2.904645278314471
20,"([0.14, 0.14, 0.39, 0.1, 0.16, 0.07], [0])","([0, 0, 1, 0, 0, 0], [2])",-0.855,-0.0,-0.0,-0.0,-0.0,-0.0,-0.855,0.5685899999999999,5.911610000000003,2.904645278314471
21,"([0.14, 0.14, 0.39, 0.1, 0.16, 0.07], [0])","([0, 0, 1, 0, 0, 0], [2])",-0.855,-0.0,-0.0,-0.0,-0.0,-0.0,-0.855,0.5685899999999999,6.198020000000003,2.904645278314471
22,"([0.14, 0.14, 0.39, 0.1, 0.16, 0.07], [1])","([0, 0, 1, 0, 0, 0], [2])",-0.0,-0.917,-0.0,-0.0,-0.0,-0.0,-0.917,0.5685899999999999,6.5464300000000035,2.904645278314471
23,"([0.14, 0.14, 0.39, 0.1, 0.16, 0.07], [2])","([0, 0, 1, 0, 0, 0], [2])",-0.0,-0.0,-0.0,-0.0,-0.0,-0.0,0.0,0.5685899999999999,5.977840000000004,2.904645278314471
24,"([0.14, 0.14, 0.39, 0.1, 0.16, 0.07], [2])","([0, 0, 1, 0, 0, 0], [2])",-0.0,-0.0,-0.0,-0.0,-0.0,-0.0,0.0,0.5685899999999999,5.409250000000004,2.904645278314471
25,"([0.14, 0.14, 0.39, 0.1, 0.16, 0.07], [3])","([0, 0, 1, 0, 0, 0], [2])",-0.0,-0.0,-0.0,-0.9990000000000001,-0.0,-0.0,-0.9990000000000001,0.5685899999999999,5.839660000000004,2.904645278314471
26,"([0.14, 0.14, 0.39, 0.1, 0.16, 0.07], [0])","([0, 0, 1, 0, 0, 0], [2])",-0.855,-0.0,-0.0,-0.0,-0.0,-0.0,-0.855,0.5685899999999999,6.126070000000004,2.904645278314471
27,"([0.14, 0.14, 0.39, 0.1, 0.16, 0.07], [2])","([0, 0, 1, 0, 0, 0], [2])",-0.0,-0.0,-0.0,-0.0,-0.0,-0.0,0.0,0.5685899999999999,5.5574800000000035,2.904645278314471
28,"([0.14, 0.14, 0.39, 0.1, 0.16, 0.07], [2])","([0, 0, 1, 0, 0, 0], [2])",-0.0,-0.0,-0.0,-0.0,-0.0,-0.0,0.0,0.5685899999999999,4.988890000000003,2.904645278314471
29,"([0.14, 0.14, 0.39, 0.1, 0.16, 0.07], [0])","([0, 0, 1, 0, 0, 0], [2])",-0.855,-0.0,-0.0,-0.0,-0.0,-0.0,-0.855,0.5685899999999999,5.275300000000003,2.904645278314471
30,"([0.14, 0.14, 0.39, 0.1, 0.16, 0.07], [2])","([0, 0, 1, 0, 0, 0], [2])",-0.0,-0.0,-0.0,-0.0,-0.0,-0.0,0.0,0.5685899999999999,4.706710000000003,2.904645278314471
31,"([0.14, 0.14, 0.39, 0.1, 0.16, 0.07], [2])","([0, 0, 1, 0, 0, 0], [2])",-0.0,-0.0,-0.0,-0.0,-0.0,-0.0,0.0,0.5685899999999999,4.1381200000000025,2.904645278314471
32,"([0.14, 0.14, 0.39, 0.1, 0.16, 0.07], [4])","([0, 0, 1, 0, 0, 0], [2])",-0.0,-0.0,-0.0,-0.0,-0.998,-0.0,-0.998,0.5685899999999999,4.567530000000002,2.904645278314471
33,"([0.14, 0.14, 0.39, 0.1, 0.16, 0.07], [5])","([0, 0, 1, 0, 0, 0], [2])",-0.0,-0.0,-0.0,-0.0,-0.0,-0.823,-0.823,0.5685899999999999,4.821940000000002,2.904645278314471
34,"([0.14, 0.14, 0.39, 0.1, 0.16, 0.07], [2])","([0, 0, 1, 0, 0, 0], [2])",-0.0,-0.0,-0.0,-0.0,-0.0,-0.0,0.0,0.5685899999999999,4.253350000000003,2.904645278314471
35,"([0.14, 0.14, 0.39, 0.1, 0.16, 0.07], [2])","([0, 0, 1, 0, 0, 0], [2])",-0.0,-0.0,-0.0,-0.0,-0.0,-0.0,0.0,0.5685899999999999,3.684760000000003,2.904645278314471
36,"([0.14, 0.14, 0.39, 0.1, 0.16, 0.07], [2])","([0, 0, 1, 0, 0, 0], [2])",-0.0,-0.0,-0.0,-0.0,-0.0,-0.0,0.0,0.5685899999999999,3.116170000000003,2.904645278314471
37,"([0.14, 0.14, 0.39, 0.1, 0.16, 0.07], [2])","([0, 0, 1, 0, 0, 0], [2])",-0.0,-0.0,-0.0,-0.0,-0.0,-0.0,0.0,0.5685899999999999,2.547580000000003,2.904645278314471
38,"([0.14, 0.14, 0.39, 0.1, 0.16, 0.07], [2])","([0, 0, 1, 0, 0, 0], [2])",-0.0,-0.0,-0.0,-0.0,-0.0,-0.0,0.0,0.5685899999999999,1.9789900000000031,2.904645278314471
39,"([0.14, 0.14, 0.39, 0.1, 0.16, 0.07], [2])","([0, 0, 1, 0, 0, 0], [2])",-0.0,-0.0,-0.0,-0.0,-0.0,-0.0,0.0,0.5685899999999999,1.4104000000000032,2.904645278314471
40,"([0.14, 0.14, 0.39, 0.1, 0.16, 0.07], [0])","([0, 0, 1, 0, 0, 0], [2])",-0.855,-0.0,-0.0,-0.0,-0.0,-0.0,-0.855,0.5685899999999999,1.6968100000000033,2.904645278314471
41,"([0.14, 0.14, 0.39, 0.1, 0.16, 0.07], [2])","([0, 0, 1, 0, 0, 0], [2])",-0.0,-0.0,-0.0,-0.0,-0.0,-0.0,0.0,0.5685899999999999,1.1282200000000033,2.904645278314471
42,"([0.14, 0.14, 0.39, 0.1, 0.16, 0.07], [0])","([0, 0, 1, 0, 0, 0], [2])",-0.855,-0.0,-0.0,-0.0,-0.0,-0.0,-0.855,0.5685899999999999,1.4146300000000034,2.904645278314471
43,"([0.14, 0.14, 0.39, 0.1, 0.16, 0.07], [1])","([0, 0, 1, 0, 0, 0], [2])",-0.0,-0.917,-0.0,-0.0,-0.0,-0.0,-0.917,0.5685899999999999,1.7630400000000035,2.904645278314471
44,"([0.14, 0.14, 0.39, 0.1, 0.16, 0.07], [2])","([0, 0, 1, 0, 0, 0], [2])",-0.0,-0.0,-0.0,-0.0,-0.0,-0.0,0.0,0.5685899999999999,1.1944500000000036,2.904645278314471
45,"([0.14, 0.14, 0.39, 0.1, 0.16, 0.07], [1])","([0, 0, 1, 0, 0, 0], [2])",-0.0,-0.917,-0.0,-0.0,-0.0,-0.0,-0.917,0.5685899999999999,1.5428600000000037,2.904645278314471
46,"([0.14, 0.14, 0.39, 0.1, 0.16, 0.07], [0])","([0, 0, 1, 0, 0, 0], [2])",-0.855,-0.0,-0.0,-0.0,-0.0,-0.0,-0.855,0.5685899999999999,1.8292700000000037,2.904645278314471
47,"([0.14, 0.14, 0.39, 0.1, 0.16, 0.07], [2])","([0, 0, 1, 0, 0, 0], [2])",-0.0,-0.0,-0.0,-0.0,-0.0,-0.0,0.0,0.5685899999999999,1.2606800000000038,2.904645278314471
48,"([0.14, 0.14, 0.39, 0.1, 0.16, 0.07], [0])","([0, 0, 1, 0, 0, 0], [2])",-0.855,-0.0,-0.0,-0.0,-0.0,-0.0,-0.855,0.5685899999999999,1.5470900000000039,2.904645278314471
49,"([0.14, 0.14, 0.39, 0.1, 0.16, 0.07], [3])","([0, 0, 1, 0, 0, 0], [2])",-0.0,-0.0,-0.0,-0.9990000000000001,-0.0,-0.0,-0.9990000000000001,0.5685899999999999,1.977500000000004,2.904645278314471
50,"([0.14, 0.14, 0.39, 0.1, 0.16, 0.07], [2])","([0, 0, 1, 0, 0, 0], [2])",-0.0,-0.0,-0.0,-0.0,-0.0,-0.0,0.0,0.5685899999999999,1.408910000000004,2.904645278314471
51,"([0.14, 0.14, 0.39, 0.1, 0.16, 0.07], [0])","([0, 0, 1, 0, 0, 0], [2])",-0.855,-0.0,-0.0,-0.0,-0.0,-0.0,-0.855,0.5685899999999999,1.6953200000000042,2.904645278314471
52,"([0.14, 0.14, 0.39, 0.1, 0.16, 0.07], [5])","([0, 0, 1, 0, 0, 0], [2])",-0.0,-0.0,-0.0,-0.0,-0.0,-0.823,-0.823,0.5685899999999999,1.9497300000000042,2.904645278314471
53,"([0.14, 0.14, 0.39, 0.1, 0.16, 0.07], [1])","([0, 0, 1, 0, 0, 0], [2])",-0.0,-0.917,-0.0,-0.0,-0.0,-0.0,-0.917,0.5685899999999999,2.2981400000000045,2.904645278314471
54,"([0.14, 0.14, 0.39, 0.1, 0.16, 0.07], [2])","([0, 0, 1, 0, 0, 0], [2])",-0.0,-0.0,-0.0,-0.0,-0.0,-0.0,0.0,0.5685899999999999,1.7295500000000046,2.904645278314471
55,"([0.14, 0.14, 0.39, 0.1, 0.16, 0.07], [2])","([0, 0, 1, 0, 0, 0], [2])",-0.0,-0.0,-0.0,-0.0,-0.0,-0.0,0.0,0.5685899999999999,1.1609600000000047,2.904645278314471
56,"([0.14, 0.14, 0.39, 0.1, 0.16, 0.07], [5])","([0, 0, 1, 0, 0, 0], [2])",-0.0,-0.0,-0.0,-0.0,-0.0,-0.823,-0.823,0.5685899999999999,1.4153700000000047,2.904645278314471
57,"([0.14, 0.14, 0.39, 0.1, 0.16, 0.07], [4])","([0, 0, 1, 0, 0, 0], [2])",-0.0,-0.0,-0.0,-0.0,-0.998,-0.0,-0.998,0.5685899999999999,1.8447800000000047,2.904645278314471
58,"([0.14, 0.14, 0.39, 0.1, 0.16, 0.07], [2])","([0, 0, 1, 0, 0, 0], [2])",-0.0,-0.0,-0.0,-0.0,-0.0,-0.0,0.0,0.5685899999999999,1.2761900000000048,2.904645278314471
59,"([0.14, 0.14, 0.39, 0.1, 0.16, 0.07], [1])","([0, 0, 1, 0, 0, 0], [2])",-0.0,-0.917,-0.0,-0.0,-0.0,-0.0,-0.917,0.5685899999999999,1.624600000000005,2.904645278314471
60,"([0.14, 0.14, 0.39, 0.1, 0.16, 0.07], [2])","([0, 0, 1, 0, 0, 0], [2])",-0.0,-0.0,-0.0,-0.0,-0.0,-0.0,0.0,0.5685899999999999,1.056010000000005,2.904645278314471
61,"([0.14, 0.14, 0.39, 0.1, 0.16, 0.07], [2])","([0, 0, 1, 0, 0, 0], [2])",-0.0,-0.0,-0.0,-0.0,-0.0,-0.0,0.0,0.5685899999999999,0.48742000000000507,2.904645278314471
62,"([0.14, 0.14, 0.39, 0.1, 0.16, 0.07], [2])","([0, 0, 1, 0, 0, 0], [2])",-0.0,-0.0,-0.0,-0.0,-0.0,-0.0,0.0,0.5685899999999999,-0.08116999999999486,2.904645278314471
63,"([0.14, 0.14, 0.39, 0.1, 0.16, 0.07], [3])","([0, 0, 1, 0, 0, 0], [2])",-0.0,-0.0,-0.0,-0.9990000000000001,-0.0,-0.0,-0.9990000000000001,0.5685899999999999,0.3492400000000053,2.904645278314471
64,"([0.14, 0.14, 0.39, 0.1, 0.16, 0.07], [2])","([0, 0, 1, 0, 0, 0], [2])",-0.0,-0.0,-0.0,-0.0,-0.0,-0.0,0.0,0.5685899999999999,-0.2193499999999946,2.904645278314471
65,"([0.14, 0.14, 0.39, 0.1, 0.16, 0.07], [2])","([0, 0, 1, 0, 0, 0], [2])",-0.0,-0.0,-0.0,-0.0,-0.0,-0.0,0.0,0.5685899999999999,-0.7879399999999945,2.904645278314471
66,"([0.14, 0.14, 0.39, 0.1, 0.16, 0.07], [2])","([0, 0, 1, 0, 0, 0], [2])",-0.0,-0.0,-0.0,-0.0,-0.0,-0.0,0.0,0.5685899999999999,-1.3565299999999945,2.904645278314471
67,"([0.14, 0.14, 0.39, 0.1, 0.16, 0.07], [4])","([0, 0, 1, 0, 0, 0], [2])",-0.0,-0.0,-0.0,-0.0,-0.998,-0.0,-0.998,0.5685899999999999,-0.9271199999999944,2.904645278314471
68,"([0.14, 0.14, 0.39, 0.1, 0.16, 0.07], [2])","([0, 0, 1, 0, 0, 0], [2])",-0.0,-0.0,-0.0,-0.0,-0.0,-0.0,0.0,0.5685899999999999,-1.4957099999999943,2.904645278314471
69,"([0.14, 0.14, 0.39, 0.1, 0.16, 0.07], [0])","([0, 0, 1, 0, 0, 0], [2])",-0.855,-0.0,-0.0,-0.0,-0.0,-0.0,-0.855,0.5685899999999999,-1.2092999999999943,2.904645278314471
70,"([0.14, 0.14, 0.39, 0.1, 0.16, 0.07], [2])","([0, 0, 1, 0, 0, 0], [2])",-0.0,-0.0,-0.0,-0.0,-0.0,-0.0,0.0,0.5685899999999999,-1.7778899999999942,2.904645278314471
71,"([0.14, 0.14, 0.39, 0.1, 0.16, 0.07], [2])","([0, 0, 1, 0, 0, 0], [2])",-0.0,-0.0,-0.0,-0.0,-0.0,-0.0,0.0,0.5685899999999999,-2.3464799999999943,2.904645278314471
72,"([0.14, 0.14, 0.39, 0.1, 0.16, 0.07], [4])","([0, 0, 1, 0, 0, 0], [2])",-0.0,-0.0,-0.0,-0.0,-0.998,-0.0,-0.998,0.5685899999999999,-1.9170699999999943,2.904645278314471
73,"([0.14, 0.14, 0.39, 0.1, 0.16, 0.07], [3])","([0, 0, 1, 0, 0, 0], [2])",-0.0,-0.0,-0.0,-0.9990000000000001,-0.0,-0.0,-0.9990000000000001,0.5685899999999999,-1.486659999999994,2.904645278314471
74,"([0.14, 0.14, 0.39, 0.1, 0.16, 0.07], [5])","([0, 0, 1, 0, 0, 0], [2])",-0.0,-0.0,-0.0,-0.0,-0.0,-0.823,-0.823,0.5685899999999999,-1.232249999999994,2.904645278314471
75,"([0.14, 0.14, 0.39, 0.1, 0.16, 0.07], [4])","([0, 0, 1, 0, 0, 0], [2])",-0.0,-0.0,-0.0,-0.0,-0.998,-0.0,-0.998,0.5685899999999999,-0.802839999999994,2.904645278314471
76,"([0.14, 0.14, 0.39, 0.1, 0.16, 0.07], [2])","([0, 0, 1, 0, 0, 0], [2])",-0.0,-0.0,-0.0,-0.0,-0.0,-0.0,0.0,0.5685899999999999,-1.371429999999994,2.904645278314471
77,"([0.14, 0.14, 0.39, 0.1, 0.16, 0.07], [3])","([0, 0, 1, 0, 0, 0], [2])",-0.0,-0.0,-0.0,-0.9990000000000001,-0.0,-0.0,-0.9990000000000001,0.5685899999999999,-0.9410199999999938,2.904645278314471
78,"([0.14, 0.14, 0.39, 0.1, 0.16, 0.07], [3])","([0, 0, 1, 0, 0, 0], [2])",-0.0,-0.0,-0.0,-0.9990000000000001,-0.0,-0.0,-0.9990000000000001,0.5685899999999999,-0.5106099999999936,2.904645278314471
79,"([0.14, 0.14, 0.39, 0.1, 0.16, 0.07], [4])","([0, 0, 1, 0, 0, 0], [2])",-0.0,-0.0,-0.0,-0.0,-0.998,-0.0,-0.998,0.5685899999999999,-0.0811999999999935,2.904645278314471
80,"([0.14, 0.14, 0.39, 0.1, 0.16, 0.07], [5])","([0, 0, 1, 0, 0, 0], [2])",-0.0,-0.0,-0.0,-0.0,-0.0,-0.823,-0.823,0.5685899999999999,0.17321000000000653,2.904645278314471
81,"([0.14, 0.14, 0.39, 0.1, 0.16, 0.07], [2])","([0, 0, 1, 0, 0, 0], [2])",-0.0,-0.0,-0.0,-0.0,-0.0,-0.0,0.0,0.5685899999999999,-0.3953799999999934,2.904645278314471
82,"([0.14, 0.14, 0.39, 0.1, 0.16, 0.07], [0])","([0, 0, 1, 0, 0, 0], [2])",-0.855,-0.0,-0.0,-0.0,-0.0,-0.0,-0.855,0.5685899999999999,-0.10896999999999335,2.904645278314471
83,"([0.14, 0.14, 0.39, 0.1, 0.16, 0.07], [0])","([0, 0, 1, 0, 0, 0], [2])",-0.855,-0.0,-0.0,-0.0,-0.0,-0.0,-0.855,0.5685899999999999,0.1774400000000067,2.904645278314471
84,"([0.14, 0.14, 0.39, 0.1, 0.16, 0.07], [2])","([0, 0, 1, 0, 0, 0], [2])",-0.0,-0.0,-0.0,-0.0,-0.0,-0.0,0.0,0.5685899999999999,-0.3911499999999932,2.904645278314471
85,"([0.14, 0.14, 0.39, 0.1, 0.16, 0.07], [4])","([0, 0, 1, 0, 0, 0], [2])",-0.0,-0.0,-0.0,-0.0,-0.998,-0.0,-0.998,0.5685899999999999,0.038260000000006844,2.904645278314471
86,"([0.14, 0.14, 0.39, 0.1, 0.16, 0.07], [2])","([0, 0, 1, 0, 0, 0], [2])",-0.0,-0.0,-0.0,-0.0,-0.0,-0.0,0.0,0.5685899999999999,-0.5303299999999931,2.904645278314471
87,"([0.14, 0.14, 0.39, 0.1, 0.16, 0.07], [1])","([0, 0, 1, 0, 0, 0], [2])",-0.0,-0.917,-0.0,-0.0,-0.0,-0.0,-0.917,0.5685899999999999,-0.18191999999999298,2.904645278314471
88,"([0.14, 0.14, 0.39, 0.1, 0.16, 0.07], [1])","([0, 0, 1, 0, 0, 0], [2])",-0.0,-0.917,-0.0,-0.0,-0.0,-0.0,-0.917,0.5685899999999999,0.16649000000000713,2.904645278314471
89,"([0.14, 0.14, 0.39, 0.1, 0.16, 0.07], [4])","([0, 0, 1, 0, 0, 0], [2])",-0.0,-0.0,-0.0,-0.0,-0.998,-0.0,-0.998,0.5685899999999999,0.5959000000000072,2.904645278314471
90,"([0.14, 0.14, 0.39, 0.1, 0.16, 0.07], [2])","([0, 0, 1, 0, 0, 0], [2])",-0.0,-0.0,-0.0,-0.0,-0.0,-0.0,0.0,0.5685899999999999,0.027310000000007273,2.904645278314471
91,"([0.14, 0.14, 0.39, 0.1, 0.16, 0.07], [2])","([0, 0, 1, 0, 0, 0], [2])",-0.0,-0.0,-0.0,-0.0,-0.0,-0.0,0.0,0.5685899999999999,-0.5412799999999927,2.904645278314471
92,"([0.14, 0.14, 0.39, 0.1, 0.16, 0.07], [2])","([0, 0, 1, 0, 0, 0], [2])",-0.0,-0.0,-0.0,-0.0,-0.0,-0.0,0.0,0.5685899999999999,-1.1098699999999926,2.904645278314471
93,"([0.14, 0.14, 0.39, 0.1, 0.16, 0.07], [4])","([0, 0, 1, 0, 0, 0], [2])",-0.0,-0.0,-0.0,-0.0,-0.998,-0.0,-0.998,0.5685899999999999,-0.6804599999999925,2.904645278314471
94,"([0.14, 0.14, 0.39, 0.1, 0.16, 0.07], [4])","([0, 0, 1, 0, 0, 0], [2])",-0.0,-0.0,-0.0,-0.0,-0.998,-0.0,-0.998,0.5685899999999999,-0.25104999999999245,2.904645278314471
95,"([0.14, 0.14, 0.39, 0.1, 0.16, 0.07], [0])","([0, 0, 1, 0, 0, 0], [2])",-0.855,-0.0,-0.0,-0.0,-0.0,-0.0,-0.855,0.5685899999999999,0.03536000000000761,2.904645278314471
96,"([0.14, 0.14, 0.39, 0.1, 0.16, 0.07], [2])","([0, 0, 1, 0, 0, 0], [2])",-0.0,-0.0,-0.0,-0.0,-0.0,-0.0,0.0,0.5685899999999999,-0.5332299999999923,2.904645278314471
97,"([0.14, 0.14, 0.39, 0.1, 0.16, 0.07], [5])","([0, 0, 1, 0, 0, 0], [2])",-0.0,-0.0,-0.0,-0.0,-0.0,-0.823,-0.823,0.5685899999999999,-0.2788199999999923,2.904645278314471
98,"([0.14, 0.14, 0.39, 0.1, 0.16, 0.07], [2])","([0, 0, 1, 0, 0, 0], [2])",-0.0,-0.0,-0.0,-0.0,-0.0,-0.0,0.0,0.5685899999999999,-0.8474099999999922,2.904645278314471
99,"([0.14, 0.14, 0.39, 0.1, 0.16, 0.07], [2])","([0, 0, 1, 0, 0, 0], [2])",-0.0,-0.0,-0.0,-0.0,-0.0,-0.0,0.0,0.5685899999999999,-1.4159999999999922,2.904645278314471
