,sto-1,FRL-0,feedback target 0,feedback target 1,feedback target 2,feedback target 3,feedback target 4,feedback target 5,total,exp_loss,actual_regret,exp_regret
0,"([0.23, 0.04, 0.05, 0.02, 0.14, 0.52], [0])","([0.02, 0.18, 0.23, 0.12, 0.17, 0.29], [2])",-0.715,-0.0,-0.0,-0.0,-0.0,-0.0,-0.715,0.70137949925281,0.34078499999999995,0.32716449925280994
1,"([0.23, 0.04, 0.05, 0.02, 0.14, 0.52], [5])","([0.02, 0.18, 0.23, 0.12, 0.17, 0.29], [2])",-0.0,-0.0,-0.0,-0.0,-0.0,-0.982,-0.982,0.70137949925281,0.9485699999999999,0.6543289985056199
2,"([0.23, 0.04, 0.05, 0.02, 0.14, 0.52], [5])","([0, 0, 0, 0, 0, 1], [5])",-0.0,-0.0,-0.0,-0.0,-0.0,-0.0,0.0,0.374215,0.574355,0.6543289985056199
3,"([0.23, 0.04, 0.05, 0.02, 0.14, 0.52], [4])","([0, 0, 0, 0, 0, 1], [5])",-0.0,-0.0,-0.0,-0.0,-0.845,-0.0,-0.845,0.374215,1.04514,0.6543289985056199
4,"([0.23, 0.04, 0.05, 0.02, 0.14, 0.52], [5])","([0, 0, 0, 0, 0, 1], [5])",-0.0,-0.0,-0.0,-0.0,-0.0,-0.0,0.0,0.374215,0.670925,0.6543289985056199
5,"([0.23, 0.04, 0.05, 0.02, 0.14, 0.52], [0])","([0, 0, 0, 0, 0, 1], [5])",-0.715,-0.0,-0.0,-0.0,-0.0,-0.0,-0.715,0.374215,1.0117099999999999,0.6543289985056199
6,"([0.23, 0.04, 0.05, 0.02, 0.14, 0.52], [5])","([0, 0, 0, 0, 0, 1], [5])",-0.0,-0.0,-0.0,-0.0,-0.0,-0.0,0.0,0.374215,0.6374949999999999,0.6543289985056199
7,"([0.23, 0.04, 0.05, 0.02, 0.14, 0.52], [5])","([0, 0, 0, 0, 0, 1], [5])",-0.0,-0.0,-0.0,-0.0,-0.0,-0.0,0.0,0.374215,0.2632799999999999,0.6543289985056199
8,"([0.23, 0.04, 0.05, 0.02, 0.14, 0.52], [5])","([0, 0, 0, 0, 0, 1], [5])",-0.0,-0.0,-0.0,-0.0,-0.0,-0.0,0.0,0.374215,-0.11093500000000012,0.6543289985056199
9,"([0.23, 0.04, 0.05, 0.02, 0.14, 0.52], [0])","([0, 0, 0, 0, 0, 1], [5])",-0.715,-0.0,-0.0,-0.0,-0.0,-0.0,-0.715,0.374215,0.22984999999999983,0.6543289985056199
10,"([0.23, 0.04, 0.05, 0.02, 0.14, 0.52], [5])","([0, 0, 0, 0, 0, 1], [5])",-0.0,-0.0,-0.0,-0.0,-0.0,-0.0,0.0,0.374215,-0.1443650000000002,0.6543289985056199
11,"([0.23, 0.04, 0.05, 0.02, 0.14, 0.52], [0])","([0, 0, 0, 0, 0, 1], [5])",-0.715,-0.0,-0.0,-0.0,-0.0,-0.0,-0.715,0.374215,0.19641999999999976,0.6543289985056199
12,"([0.23, 0.04, 0.05, 0.02, 0.14, 0.52], [2])","([0, 0, 0, 0, 0, 1], [5])",-0.0,-0.0,-0.9129999999999999,-0.0,-0.0,-0.0,-0.9129999999999999,0.374215,0.7352049999999997,0.6543289985056199
13,"([0.23, 0.04, 0.05, 0.02, 0.14, 0.52], [5])","([0, 0, 0, 0, 0, 1], [5])",-0.0,-0.0,-0.0,-0.0,-0.0,-0.0,0.0,0.374215,0.36098999999999964,0.6543289985056199
14,"([0.23, 0.04, 0.05, 0.02, 0.14, 0.52], [5])","([0, 0, 0, 0, 0, 1], [5])",-0.0,-0.0,-0.0,-0.0,-0.0,-0.0,0.0,0.374215,-0.013225000000000375,0.6543289985056199
15,"([0.23, 0.04, 0.05, 0.02, 0.14, 0.52], [4])","([0, 0, 0, 0, 0, 1], [5])",-0.0,-0.0,-0.0,-0.0,-0.845,-0.0,-0.845,0.374215,0.4575599999999996,0.6543289985056199
16,"([0.23, 0.04, 0.05, 0.02, 0.14, 0.52], [5])","([0, 0, 0, 0, 0, 1], [5])",-0.0,-0.0,-0.0,-0.0,-0.0,-0.0,0.0,0.374215,0.08334499999999956,0.6543289985056199
17,"([0.23, 0.04, 0.05, 0.02, 0.14, 0.52], [4])","([0, 0, 0, 0, 0, 1], [5])",-0.0,-0.0,-0.0,-0.0,-0.845,-0.0,-0.845,0.374215,0.5541299999999996,0.6543289985056199
18,"([0.23, 0.04, 0.05, 0.02, 0.14, 0.52], [5])","([0, 0, 0, 0, 0, 1], [5])",-0.0,-0.0,-0.0,-0.0,-0.0,-0.0,0.0,0.374215,0.17991499999999955,0.6543289985056199
19,"([0.23, 0.04, 0.05, 0.02, 0.14, 0.52], [3])","([0, 0, 0, 0, 0, 1], [5])",-0.0,-0.0,-0.0,-0.794,-0.0,-0.0,-0.794,0.374215,0.5996999999999996,0.6543289985056199
20,"([0.23, 0.04, 0.05, 0.02, 0.14, 0.52], [5])","([0, 0, 0, 0, 0, 1], [5])",-0.0,-0.0,-0.0,-0.0,-0.0,-0.0,0.0,0.374215,0.22548499999999955,0.6543289985056199
21,"([0.23, 0.04, 0.05, 0.02, 0.14, 0.52], [0])","([0, 0, 0, 0, 0, 1], [5])",-0.715,-0.0,-0.0,-0.0,-0.0,-0.0,-0.715,0.374215,0.5662699999999995,0.6543289985056199
22,"([0.23, 0.04, 0.05, 0.02, 0.14, 0.52], [0])","([0, 0, 0, 0, 0, 1], [5])",-0.715,-0.0,-0.0,-0.0,-0.0,-0.0,-0.715,0.374215,0.9070549999999995,0.6543289985056199
23,"([0.23, 0.04, 0.05, 0.02, 0.14, 0.52], [0])","([0, 0, 0, 0, 0, 1], [5])",-0.715,-0.0,-0.0,-0.0,-0.0,-0.0,-0.715,0.374215,1.2478399999999994,0.6543289985056199
24,"([0.23, 0.04, 0.05, 0.02, 0.14, 0.52], [5])","([0, 0, 0, 0, 0, 1], [5])",-0.0,-0.0,-0.0,-0.0,-0.0,-0.0,0.0,0.374215,0.8736249999999994,0.6543289985056199
25,"([0.23, 0.04, 0.05, 0.02, 0.14, 0.52], [1])","([0, 0, 0, 0, 0, 1], [5])",-0.0,-0.852,-0.0,-0.0,-0.0,-0.0,-0.852,0.374215,1.3514099999999993,0.6543289985056199
26,"([0.23, 0.04, 0.05, 0.02, 0.14, 0.52], [5])","([0, 0, 0, 0, 0, 1], [5])",-0.0,-0.0,-0.0,-0.0,-0.0,-0.0,0.0,0.374215,0.9771949999999994,0.6543289985056199
27,"([0.23, 0.04, 0.05, 0.02, 0.14, 0.52], [0])","([0, 0, 0, 0, 0, 1], [5])",-0.715,-0.0,-0.0,-0.0,-0.0,-0.0,-0.715,0.374215,1.3179799999999993,0.6543289985056199
28,"([0.23, 0.04, 0.05, 0.02, 0.14, 0.52], [5])","([0, 0, 0, 0, 0, 1], [5])",-0.0,-0.0,-0.0,-0.0,-0.0,-0.0,0.0,0.374215,0.9437649999999993,0.6543289985056199
29,"([0.23, 0.04, 0.05, 0.02, 0.14, 0.52], [5])","([0, 0, 0, 0, 0, 1], [5])",-0.0,-0.0,-0.0,-0.0,-0.0,-0.0,0.0,0.374215,0.5695499999999993,0.6543289985056199
30,"([0.23, 0.04, 0.05, 0.02, 0.14, 0.52], [5])","([0, 0, 0, 0, 0, 1], [5])",-0.0,-0.0,-0.0,-0.0,-0.0,-0.0,0.0,0.374215,0.19533499999999931,0.6543289985056199
31,"([0.23, 0.04, 0.05, 0.02, 0.14, 0.52], [5])","([0, 0, 0, 0, 0, 1], [5])",-0.0,-0.0,-0.0,-0.0,-0.0,-0.0,0.0,0.374215,-0.1788800000000007,0.6543289985056199
32,"([0.23, 0.04, 0.05, 0.02, 0.14, 0.52], [2])","([0, 0, 0, 0, 0, 1], [5])",-0.0,-0.0,-0.9129999999999999,-0.0,-0.0,-0.0,-0.9129999999999999,0.374215,0.35990499999999914,0.6543289985056199
33,"([0.23, 0.04, 0.05, 0.02, 0.14, 0.52], [3])","([0, 0, 0, 0, 0, 1], [5])",-0.0,-0.0,-0.0,-0.794,-0.0,-0.0,-0.794,0.374215,0.7796899999999991,0.6543289985056199
34,"([0.23, 0.04, 0.05, 0.02, 0.14, 0.52], [5])","([0, 0, 0, 0, 0, 1], [5])",-0.0,-0.0,-0.0,-0.0,-0.0,-0.0,0.0,0.374215,0.4054749999999991,0.6543289985056199
35,"([0.23, 0.04, 0.05, 0.02, 0.14, 0.52], [5])","([0, 0, 0, 0, 0, 1], [5])",-0.0,-0.0,-0.0,-0.0,-0.0,-0.0,0.0,0.374215,0.031259999999999066,0.6543289985056199
36,"([0.23, 0.04, 0.05, 0.02, 0.14, 0.52], [4])","([0, 0, 0, 0, 0, 1], [5])",-0.0,-0.0,-0.0,-0.0,-0.845,-0.0,-0.845,0.374215,0.502044999999999,0.6543289985056199
37,"([0.23, 0.04, 0.05, 0.02, 0.14, 0.52], [5])","([0, 0, 0, 0, 0, 1], [5])",-0.0,-0.0,-0.0,-0.0,-0.0,-0.0,0.0,0.374215,0.12782999999999894,0.6543289985056199
38,"([0.23, 0.04, 0.05, 0.02, 0.14, 0.52], [0])","([0, 0, 0, 0, 0, 1], [5])",-0.715,-0.0,-0.0,-0.0,-0.0,-0.0,-0.715,0.374215,0.4686149999999989,0.6543289985056199
39,"([0.23, 0.04, 0.05, 0.02, 0.14, 0.52], [5])","([0, 0, 0, 0, 0, 1], [5])",-0.0,-0.0,-0.0,-0.0,-0.0,-0.0,0.0,0.374215,0.09439999999999887,0.6543289985056199
40,"([0.23, 0.04, 0.05, 0.02, 0.14, 0.52], [5])","([0, 0, 0, 0, 0, 1], [5])",-0.0,-0.0,-0.0,-0.0,-0.0,-0.0,0.0,0.374215,-0.27981500000000115,0.6543289985056199
41,"([0.23, 0.04, 0.05, 0.02, 0.14, 0.52], [0])","([0, 0, 0, 0, 0, 1], [5])",-0.715,-0.0,-0.0,-0.0,-0.0,-0.0,-0.715,0.374215,0.0609699999999988,0.6543289985056199
42,"([0.23, 0.04, 0.05, 0.02, 0.14, 0.52], [5])","([0, 0, 0, 0, 0, 1], [5])",-0.0,-0.0,-0.0,-0.0,-0.0,-0.0,0.0,0.374215,-0.3132450000000012,0.6543289985056199
43,"([0.23, 0.04, 0.05, 0.02, 0.14, 0.52], [0])","([0, 0, 0, 0, 0, 1], [5])",-0.715,-0.0,-0.0,-0.0,-0.0,-0.0,-0.715,0.374215,0.027539999999998732,0.6543289985056199
44,"([0.23, 0.04, 0.05, 0.02, 0.14, 0.52], [1])","([0, 0, 0, 0, 0, 1], [5])",-0.0,-0.852,-0.0,-0.0,-0.0,-0.0,-0.852,0.374215,0.5053249999999987,0.6543289985056199
45,"([0.23, 0.04, 0.05, 0.02, 0.14, 0.52], [5])","([0, 0, 0, 0, 0, 1], [5])",-0.0,-0.0,-0.0,-0.0,-0.0,-0.0,0.0,0.374215,0.13110999999999867,0.6543289985056199
46,"([0.23, 0.04, 0.05, 0.02, 0.14, 0.52], [5])","([0, 0, 0, 0, 0, 1], [5])",-0.0,-0.0,-0.0,-0.0,-0.0,-0.0,0.0,0.374215,-0.24310500000000135,0.6543289985056199
47,"([0.23, 0.04, 0.05, 0.02, 0.14, 0.52], [5])","([0, 0, 0, 0, 0, 1], [5])",-0.0,-0.0,-0.0,-0.0,-0.0,-0.0,0.0,0.374215,-0.6173200000000014,0.6543289985056199
48,"([0.23, 0.04, 0.05, 0.02, 0.14, 0.52], [5])","([0, 0, 0, 0, 0, 1], [5])",-0.0,-0.0,-0.0,-0.0,-0.0,-0.0,0.0,0.374215,-0.9915350000000014,0.6543289985056199
49,"([0.23, 0.04, 0.05, 0.02, 0.14, 0.52], [4])","([0, 0, 0, 0, 0, 1], [5])",-0.0,-0.0,-0.0,-0.0,-0.845,-0.0,-0.845,0.374215,-0.5207500000000014,0.6543289985056199
50,"([0.23, 0.04, 0.05, 0.02, 0.14, 0.52], [0])","([0, 0, 0, 0, 0, 1], [5])",-0.715,-0.0,-0.0,-0.0,-0.0,-0.0,-0.715,0.374215,-0.17996500000000143,0.6543289985056199
51,"([0.23, 0.04, 0.05, 0.02, 0.14, 0.52], [5])","([0, 0, 0, 0, 0, 1], [5])",-0.0,-0.0,-0.0,-0.0,-0.0,-0.0,0.0,0.374215,-0.5541800000000014,0.6543289985056199
52,"([0.23, 0.04, 0.05, 0.02, 0.14, 0.52], [0])","([0, 0, 0, 0, 0, 1], [5])",-0.715,-0.0,-0.0,-0.0,-0.0,-0.0,-0.715,0.374215,-0.2133950000000015,0.6543289985056199
53,"([0.23, 0.04, 0.05, 0.02, 0.14, 0.52], [4])","([0, 0, 0, 0, 0, 1], [5])",-0.0,-0.0,-0.0,-0.0,-0.845,-0.0,-0.845,0.374215,0.25738999999999845,0.6543289985056199
54,"([0.23, 0.04, 0.05, 0.02, 0.14, 0.52], [5])","([0, 0, 0, 0, 0, 1], [5])",-0.0,-0.0,-0.0,-0.0,-0.0,-0.0,0.0,0.374215,-0.11682500000000157,0.6543289985056199
55,"([0.23, 0.04, 0.05, 0.02, 0.14, 0.52], [3])","([0, 0, 0, 0, 0, 1], [5])",-0.0,-0.0,-0.0,-0.794,-0.0,-0.0,-0.794,0.374215,0.30295999999999845,0.6543289985056199
56,"([0.23, 0.04, 0.05, 0.02, 0.14, 0.52], [4])","([0, 0, 0, 0, 0, 1], [5])",-0.0,-0.0,-0.0,-0.0,-0.845,-0.0,-0.845,0.374215,0.7737449999999984,0.6543289985056199
57,"([0.23, 0.04, 0.05, 0.02, 0.14, 0.52], [0])","([0, 0, 0, 0, 0, 1], [5])",-0.715,-0.0,-0.0,-0.0,-0.0,-0.0,-0.715,0.374215,1.1145299999999982,0.6543289985056199
58,"([0.23, 0.04, 0.05, 0.02, 0.14, 0.52], [4])","([0, 0, 0, 0, 0, 1], [5])",-0.0,-0.0,-0.0,-0.0,-0.845,-0.0,-0.845,0.374215,1.5853149999999983,0.6543289985056199
59,"([0.23, 0.04, 0.05, 0.02, 0.14, 0.52], [2])","([0, 0, 0, 0, 0, 1], [5])",-0.0,-0.0,-0.9129999999999999,-0.0,-0.0,-0.0,-0.9129999999999999,0.374215,2.124099999999998,0.6543289985056199
60,"([0.23, 0.04, 0.05, 0.02, 0.14, 0.52], [5])","([0, 0, 0, 0, 0, 1], [5])",-0.0,-0.0,-0.0,-0.0,-0.0,-0.0,0.0,0.374215,1.7498849999999981,0.6543289985056199
61,"([0.23, 0.04, 0.05, 0.02, 0.14, 0.52], [5])","([0, 0, 0, 0, 0, 1], [5])",-0.0,-0.0,-0.0,-0.0,-0.0,-0.0,0.0,0.374215,1.3756699999999982,0.6543289985056199
62,"([0.23, 0.04, 0.05, 0.02, 0.14, 0.52], [0])","([0, 0, 0, 0, 0, 1], [5])",-0.715,-0.0,-0.0,-0.0,-0.0,-0.0,-0.715,0.374215,1.716454999999998,0.6543289985056199
63,"([0.23, 0.04, 0.05, 0.02, 0.14, 0.52], [1])","([0, 0, 0, 0, 0, 1], [5])",-0.0,-0.852,-0.0,-0.0,-0.0,-0.0,-0.852,0.374215,2.194239999999998,0.6543289985056199
64,"([0.23, 0.04, 0.05, 0.02, 0.14, 0.52], [5])","([0, 0, 0, 0, 0, 1], [5])",-0.0,-0.0,-0.0,-0.0,-0.0,-0.0,0.0,0.374215,1.820024999999998,0.6543289985056199
65,"([0.23, 0.04, 0.05, 0.02, 0.14, 0.52], [4])","([0, 0, 0, 0, 0, 1], [5])",-0.0,-0.0,-0.0,-0.0,-0.845,-0.0,-0.845,0.374215,2.290809999999998,0.6543289985056199
66,"([0.23, 0.04, 0.05, 0.02, 0.14, 0.52], [4])","([0, 0, 0, 0, 0, 1], [5])",-0.0,-0.0,-0.0,-0.0,-0.845,-0.0,-0.845,0.374215,2.7615949999999976,0.6543289985056199
67,"([0.23, 0.04, 0.05, 0.02, 0.14, 0.52], [5])","([0, 0, 0, 0, 0, 1], [5])",-0.0,-0.0,-0.0,-0.0,-0.0,-0.0,0.0,0.374215,2.3873799999999976,0.6543289985056199
68,"([0.23, 0.04, 0.05, 0.02, 0.14, 0.52], [5])","([0, 0, 0, 0, 0, 1], [5])",-0.0,-0.0,-0.0,-0.0,-0.0,-0.0,0.0,0.374215,2.0131649999999977,0.6543289985056199
69,"([0.23, 0.04, 0.05, 0.02, 0.14, 0.52], [5])","([0, 0, 0, 0, 0, 1], [5])",-0.0,-0.0,-0.0,-0.0,-0.0,-0.0,0.0,0.374215,1.6389499999999977,0.6543289985056199
70,"([0.23, 0.04, 0.05, 0.02, 0.14, 0.52], [2])","([0, 0, 0, 0, 0, 1], [5])",-0.0,-0.0,-0.9129999999999999,-0.0,-0.0,-0.0,-0.9129999999999999,0.374215,2.1777349999999975,0.6543289985056199
71,"([0.23, 0.04, 0.05, 0.02, 0.14, 0.52], [5])","([0, 0, 0, 0, 0, 1], [5])",-0.0,-0.0,-0.0,-0.0,-0.0,-0.0,0.0,0.374215,1.8035199999999976,0.6543289985056199
72,"([0.23, 0.04, 0.05, 0.02, 0.14, 0.52], [0])","([0, 0, 0, 0, 0, 1], [5])",-0.715,-0.0,-0.0,-0.0,-0.0,-0.0,-0.715,0.374215,2.1443049999999975,0.6543289985056199
73,"([0.23, 0.04, 0.05, 0.02, 0.14, 0.52], [0])","([0, 0, 0, 0, 0, 1], [5])",-0.715,-0.0,-0.0,-0.0,-0.0,-0.0,-0.715,0.374215,2.4850899999999974,0.6543289985056199
74,"([0.23, 0.04, 0.05, 0.02, 0.14, 0.52], [0])","([0, 0, 0, 0, 0, 1], [5])",-0.715,-0.0,-0.0,-0.0,-0.0,-0.0,-0.715,0.374215,2.8258749999999973,0.6543289985056199
75,"([0.23, 0.04, 0.05, 0.02, 0.14, 0.52], [5])","([0, 0, 0, 0, 0, 1], [5])",-0.0,-0.0,-0.0,-0.0,-0.0,-0.0,0.0,0.374215,2.4516599999999973,0.6543289985056199
76,"([0.23, 0.04, 0.05, 0.02, 0.14, 0.52], [5])","([0, 0, 0, 0, 0, 1], [5])",-0.0,-0.0,-0.0,-0.0,-0.0,-0.0,0.0,0.374215,2.0774449999999973,0.6543289985056199
77,"([0.23, 0.04, 0.05, 0.02, 0.14, 0.52], [5])","([0, 0, 0, 0, 0, 1], [5])",-0.0,-0.0,-0.0,-0.0,-0.0,-0.0,0.0,0.374215,1.7032299999999974,0.6543289985056199
78,"([0.23, 0.04, 0.05, 0.02, 0.14, 0.52], [5])","([0, 0, 0, 0, 0, 1], [5])",-0.0,-0.0,-0.0,-0.0,-0.0,-0.0,0.0,0.374215,1.3290149999999974,0.6543289985056199
79,"([0.23, 0.04, 0.05, 0.02, 0.14, 0.52], [5])","([0, 0, 0, 0, 0, 1], [5])",-0.0,-0.0,-0.0,-0.0,-0.0,-0.0,0.0,0.374215,0.9547999999999974,0.6543289985056199
80,"([0.23, 0.04, 0.05, 0.02, 0.14, 0.52], [4])","([0, 0, 0, 0, 0, 1], [5])",-0.0,-0.0,-0.0,-0.0,-0.845,-0.0,-0.845,0.374215,1.4255849999999974,0.6543289985056199
81,"([0.23, 0.04, 0.05, 0.02, 0.14, 0.52], [5])","([0, 0, 0, 0, 0, 1], [5])",-0.0,-0.0,-0.0,-0.0,-0.0,-0.0,0.0,0.374215,1.0513699999999975,0.6543289985056199
82,"([0.23, 0.04, 0.05, 0.02, 0.14, 0.52], [0])","([0, 0, 0, 0, 0, 1], [5])",-0.715,-0.0,-0.0,-0.0,-0.0,-0.0,-0.715,0.374215,1.3921549999999974,0.6543289985056199
83,"([0.23, 0.04, 0.05, 0.02, 0.14, 0.52], [0])","([0, 0, 0, 0, 0, 1], [5])",-0.715,-0.0,-0.0,-0.0,-0.0,-0.0,-0.715,0.374215,1.7329399999999973,0.6543289985056199
84,"([0.23, 0.04, 0.05, 0.02, 0.14, 0.52], [5])","([0, 0, 0, 0, 0, 1], [5])",-0.0,-0.0,-0.0,-0.0,-0.0,-0.0,0.0,0.374215,1.3587249999999973,0.6543289985056199
85,"([0.23, 0.04, 0.05, 0.02, 0.14, 0.52], [0])","([0, 0, 0, 0, 0, 1], [5])",-0.715,-0.0,-0.0,-0.0,-0.0,-0.0,-0.715,0.374215,1.6995099999999972,0.6543289985056199
86,"([0.23, 0.04, 0.05, 0.02, 0.14, 0.52], [5])","([0, 0, 0, 0, 0, 1], [5])",-0.0,-0.0,-0.0,-0.0,-0.0,-0.0,0.0,0.374215,1.3252949999999972,0.6543289985056199
87,"([0.23, 0.04, 0.05, 0.02, 0.14, 0.52], [5])","([0, 0, 0, 0, 0, 1], [5])",-0.0,-0.0,-0.0,-0.0,-0.0,-0.0,0.0,0.374215,0.9510799999999973,0.6543289985056199
88,"([0.23, 0.04, 0.05, 0.02, 0.14, 0.52], [3])","([0, 0, 0, 0, 0, 1], [5])",-0.0,-0.0,-0.0,-0.794,-0.0,-0.0,-0.794,0.374215,1.3708649999999973,0.6543289985056199
89,"([0.23, 0.04, 0.05, 0.02, 0.14, 0.52], [2])","([0, 0, 0, 0, 0, 1], [5])",-0.0,-0.0,-0.9129999999999999,-0.0,-0.0,-0.0,-0.9129999999999999,0.374215,1.9096499999999972,0.6543289985056199
90,"([0.23, 0.04, 0.05, 0.02, 0.14, 0.52], [5])","([0, 0, 0, 0, 0, 1], [5])",-0.0,-0.0,-0.0,-0.0,-0.0,-0.0,0.0,0.374215,1.5354349999999972,0.6543289985056199
91,"([0.23, 0.04, 0.05, 0.02, 0.14, 0.52], [4])","([0, 0, 0, 0, 0, 1], [5])",-0.0,-0.0,-0.0,-0.0,-0.845,-0.0,-0.845,0.374215,2.0062199999999972,0.6543289985056199
92,"([0.23, 0.04, 0.05, 0.02, 0.14, 0.52], [0])","([0, 0, 0, 0, 0, 1], [5])",-0.715,-0.0,-0.0,-0.0,-0.0,-0.0,-0.715,0.374215,2.347004999999997,0.6543289985056199
93,"([0.23, 0.04, 0.05, 0.02, 0.14, 0.52], [0])","([0, 0, 0, 0, 0, 1], [5])",-0.715,-0.0,-0.0,-0.0,-0.0,-0.0,-0.715,0.374215,2.687789999999997,0.6543289985056199
94,"([0.23, 0.04, 0.05, 0.02, 0.14, 0.52], [5])","([0, 0, 0, 0, 0, 1], [5])",-0.0,-0.0,-0.0,-0.0,-0.0,-0.0,0.0,0.374215,2.313574999999997,0.6543289985056199
95,"([0.23, 0.04, 0.05, 0.02, 0.14, 0.52], [5])","([0, 0, 0, 0, 0, 1], [5])",-0.0,-0.0,-0.0,-0.0,-0.0,-0.0,0.0,0.374215,1.939359999999997,0.6543289985056199
96,"([0.23, 0.04, 0.05, 0.02, 0.14, 0.52], [5])","([0, 0, 0, 0, 0, 1], [5])",-0.0,-0.0,-0.0,-0.0,-0.0,-0.0,0.0,0.374215,1.5651449999999971,0.6543289985056199
97,"([0.23, 0.04, 0.05, 0.02, 0.14, 0.52], [3])","([0, 0, 0, 0, 0, 1], [5])",-0.0,-0.0,-0.0,-0.794,-0.0,-0.0,-0.794,0.374215,1.9849299999999972,0.6543289985056199
98,"([0.23, 0.04, 0.05, 0.02, 0.14, 0.52], [4])","([0, 0, 0, 0, 0, 1], [5])",-0.0,-0.0,-0.0,-0.0,-0.845,-0.0,-0.845,0.374215,2.455714999999997,0.6543289985056199
99,"([0.23, 0.04, 0.05, 0.02, 0.14, 0.52], [5])","([0, 0, 0, 0, 0, 1], [5])",-0.0,-0.0,-0.0,-0.0,-0.0,-0.0,0.0,0.374215,2.081499999999997,0.6543289985056199
100,"([0.23, 0.04, 0.05, 0.02, 0.14, 0.52], [0])","([0, 0, 0, 0, 0, 1], [5])",-0.715,-0.0,-0.0,-0.0,-0.0,-0.0,-0.715,0.374215,2.422284999999997,0.6543289985056199
101,"([0.23, 0.04, 0.05, 0.02, 0.14, 0.52], [5])","([0, 0, 0, 0, 0, 1], [5])",-0.0,-0.0,-0.0,-0.0,-0.0,-0.0,0.0,0.374215,2.048069999999997,0.6543289985056199
102,"([0.23, 0.04, 0.05, 0.02, 0.14, 0.52], [5])","([0, 0, 0, 0, 0, 1], [5])",-0.0,-0.0,-0.0,-0.0,-0.0,-0.0,0.0,0.374215,1.673854999999997,0.6543289985056199
103,"([0.23, 0.04, 0.05, 0.02, 0.14, 0.52], [0])","([0, 0, 0, 0, 0, 1], [5])",-0.715,-0.0,-0.0,-0.0,-0.0,-0.0,-0.715,0.374215,2.014639999999997,0.6543289985056199
104,"([0.23, 0.04, 0.05, 0.02, 0.14, 0.52], [5])","([0, 0, 0, 0, 0, 1], [5])",-0.0,-0.0,-0.0,-0.0,-0.0,-0.0,0.0,0.374215,1.640424999999997,0.6543289985056199
105,"([0.23, 0.04, 0.05, 0.02, 0.14, 0.52], [0])","([0, 0, 0, 0, 0, 1], [5])",-0.715,-0.0,-0.0,-0.0,-0.0,-0.0,-0.715,0.374215,1.9812099999999968,0.6543289985056199
106,"([0.23, 0.04, 0.05, 0.02, 0.14, 0.52], [5])","([0, 0, 0, 0, 0, 1], [5])",-0.0,-0.0,-0.0,-0.0,-0.0,-0.0,0.0,0.374215,1.6069949999999968,0.6543289985056199
107,"([0.23, 0.04, 0.05, 0.02, 0.14, 0.52], [5])","([0, 0, 0, 0, 0, 1], [5])",-0.0,-0.0,-0.0,-0.0,-0.0,-0.0,0.0,0.374215,1.2327799999999969,0.6543289985056199
108,"([0.23, 0.04, 0.05, 0.02, 0.14, 0.52], [5])","([0, 0, 0, 0, 0, 1], [5])",-0.0,-0.0,-0.0,-0.0,-0.0,-0.0,0.0,0.374215,0.8585649999999969,0.6543289985056199
109,"([0.23, 0.04, 0.05, 0.02, 0.14, 0.52], [0])","([0, 0, 0, 0, 0, 1], [5])",-0.715,-0.0,-0.0,-0.0,-0.0,-0.0,-0.715,0.374215,1.1993499999999968,0.6543289985056199
110,"([0.23, 0.04, 0.05, 0.02, 0.14, 0.52], [5])","([0, 0, 0, 0, 0, 1], [5])",-0.0,-0.0,-0.0,-0.0,-0.0,-0.0,0.0,0.374215,0.8251349999999968,0.6543289985056199
111,"([0.23, 0.04, 0.05, 0.02, 0.14, 0.52], [5])","([0, 0, 0, 0, 0, 1], [5])",-0.0,-0.0,-0.0,-0.0,-0.0,-0.0,0.0,0.374215,0.4509199999999968,0.6543289985056199
112,"([0.23, 0.04, 0.05, 0.02, 0.14, 0.52], [5])","([0, 0, 0, 0, 0, 1], [5])",-0.0,-0.0,-0.0,-0.0,-0.0,-0.0,0.0,0.374215,0.0767049999999968,0.6543289985056199
113,"([0.23, 0.04, 0.05, 0.02, 0.14, 0.52], [5])","([0, 0, 0, 0, 0, 1], [5])",-0.0,-0.0,-0.0,-0.0,-0.0,-0.0,0.0,0.374215,-0.2975100000000032,0.6543289985056199
114,"([0.23, 0.04, 0.05, 0.02, 0.14, 0.52], [5])","([0, 0, 0, 0, 0, 1], [5])",-0.0,-0.0,-0.0,-0.0,-0.0,-0.0,0.0,0.374215,-0.6717250000000032,0.6543289985056199
115,"([0.23, 0.04, 0.05, 0.02, 0.14, 0.52], [2])","([0, 0, 0, 0, 0, 1], [5])",-0.0,-0.0,-0.9129999999999999,-0.0,-0.0,-0.0,-0.9129999999999999,0.374215,-0.1329400000000034,0.6543289985056199
116,"([0.23, 0.04, 0.05, 0.02, 0.14, 0.52], [5])","([0, 0, 0, 0, 0, 1], [5])",-0.0,-0.0,-0.0,-0.0,-0.0,-0.0,0.0,0.374215,-0.5071550000000034,0.6543289985056199
117,"([0.23, 0.04, 0.05, 0.02, 0.14, 0.52], [5])","([0, 0, 0, 0, 0, 1], [5])",-0.0,-0.0,-0.0,-0.0,-0.0,-0.0,0.0,0.374215,-0.8813700000000033,0.6543289985056199
118,"([0.23, 0.04, 0.05, 0.02, 0.14, 0.52], [5])","([0, 0, 0, 0, 0, 1], [5])",-0.0,-0.0,-0.0,-0.0,-0.0,-0.0,0.0,0.374215,-1.2555850000000033,0.6543289985056199
119,"([0.23, 0.04, 0.05, 0.02, 0.14, 0.52], [2])","([0, 0, 0, 0, 0, 1], [5])",-0.0,-0.0,-0.9129999999999999,-0.0,-0.0,-0.0,-0.9129999999999999,0.374215,-0.7168000000000034,0.6543289985056199
120,"([0.23, 0.04, 0.05, 0.02, 0.14, 0.52], [5])","([0, 0, 0, 0, 0, 1], [5])",-0.0,-0.0,-0.0,-0.0,-0.0,-0.0,0.0,0.374215,-1.0910150000000034,0.6543289985056199
121,"([0.23, 0.04, 0.05, 0.02, 0.14, 0.52], [1])","([0, 0, 0, 0, 0, 1], [5])",-0.0,-0.852,-0.0,-0.0,-0.0,-0.0,-0.852,0.374215,-0.6132300000000035,0.6543289985056199
122,"([0.23, 0.04, 0.05, 0.02, 0.14, 0.52], [4])","([0, 0, 0, 0, 0, 1], [5])",-0.0,-0.0,-0.0,-0.0,-0.845,-0.0,-0.845,0.374215,-0.14244500000000354,0.6543289985056199
123,"([0.23, 0.04, 0.05, 0.02, 0.14, 0.52], [0])","([0, 0, 0, 0, 0, 1], [5])",-0.715,-0.0,-0.0,-0.0,-0.0,-0.0,-0.715,0.374215,0.1983399999999964,0.6543289985056199
124,"([0.23, 0.04, 0.05, 0.02, 0.14, 0.52], [0])","([0, 0, 0, 0, 0, 1], [5])",-0.715,-0.0,-0.0,-0.0,-0.0,-0.0,-0.715,0.374215,0.5391249999999963,0.6543289985056199
125,"([0.23, 0.04, 0.05, 0.02, 0.14, 0.52], [5])","([0, 0, 0, 0, 0, 1], [5])",-0.0,-0.0,-0.0,-0.0,-0.0,-0.0,0.0,0.374215,0.16490999999999628,0.6543289985056199
126,"([0.23, 0.04, 0.05, 0.02, 0.14, 0.52], [5])","([0, 0, 0, 0, 0, 1], [5])",-0.0,-0.0,-0.0,-0.0,-0.0,-0.0,0.0,0.374215,-0.20930500000000374,0.6543289985056199
127,"([0.23, 0.04, 0.05, 0.02, 0.14, 0.52], [0])","([0, 0, 0, 0, 0, 1], [5])",-0.715,-0.0,-0.0,-0.0,-0.0,-0.0,-0.715,0.374215,0.1314799999999962,0.6543289985056199
128,"([0.23, 0.04, 0.05, 0.02, 0.14, 0.52], [5])","([0, 0, 0, 0, 0, 1], [5])",-0.0,-0.0,-0.0,-0.0,-0.0,-0.0,0.0,0.374215,-0.2427350000000038,0.6543289985056199
129,"([0.23, 0.04, 0.05, 0.02, 0.14, 0.52], [5])","([0, 0, 0, 0, 0, 1], [5])",-0.0,-0.0,-0.0,-0.0,-0.0,-0.0,0.0,0.374215,-0.6169500000000039,0.6543289985056199
130,"([0.23, 0.04, 0.05, 0.02, 0.14, 0.52], [5])","([0, 0, 0, 0, 0, 1], [5])",-0.0,-0.0,-0.0,-0.0,-0.0,-0.0,0.0,0.374215,-0.9911650000000038,0.6543289985056199
131,"([0.23, 0.04, 0.05, 0.02, 0.14, 0.52], [5])","([0, 0, 0, 0, 0, 1], [5])",-0.0,-0.0,-0.0,-0.0,-0.0,-0.0,0.0,0.374215,-1.3653800000000038,0.6543289985056199
132,"([0.23, 0.04, 0.05, 0.02, 0.14, 0.52], [5])","([0, 0, 0, 0, 0, 1], [5])",-0.0,-0.0,-0.0,-0.0,-0.0,-0.0,0.0,0.374215,-1.7395950000000038,0.6543289985056199
133,"([0.23, 0.04, 0.05, 0.02, 0.14, 0.52], [0])","([0, 0, 0, 0, 0, 1], [5])",-0.715,-0.0,-0.0,-0.0,-0.0,-0.0,-0.715,0.374215,-1.3988100000000039,0.6543289985056199
134,"([0.23, 0.04, 0.05, 0.02, 0.14, 0.52], [5])","([0, 0, 0, 0, 0, 1], [5])",-0.0,-0.0,-0.0,-0.0,-0.0,-0.0,0.0,0.374215,-1.7730250000000038,0.6543289985056199
135,"([0.23, 0.04, 0.05, 0.02, 0.14, 0.52], [5])","([0, 0, 0, 0, 0, 1], [5])",-0.0,-0.0,-0.0,-0.0,-0.0,-0.0,0.0,0.374215,-2.147240000000004,0.6543289985056199
136,"([0.23, 0.04, 0.05, 0.02, 0.14, 0.52], [5])","([0, 0, 0, 0, 0, 1], [5])",-0.0,-0.0,-0.0,-0.0,-0.0,-0.0,0.0,0.374215,-2.521455000000004,0.6543289985056199
137,"([0.23, 0.04, 0.05, 0.02, 0.14, 0.52], [5])","([0, 0, 0, 0, 0, 1], [5])",-0.0,-0.0,-0.0,-0.0,-0.0,-0.0,0.0,0.374215,-2.895670000000004,0.6543289985056199
138,"([0.23, 0.04, 0.05, 0.02, 0.14, 0.52], [0])","([0, 0, 0, 0, 0, 1], [5])",-0.715,-0.0,-0.0,-0.0,-0.0,-0.0,-0.715,0.374215,-2.554885000000004,0.6543289985056199
139,"([0.23, 0.04, 0.05, 0.02, 0.14, 0.52], [5])","([0, 0, 0, 0, 0, 1], [5])",-0.0,-0.0,-0.0,-0.0,-0.0,-0.0,0.0,0.374215,-2.929100000000004,0.6543289985056199
140,"([0.23, 0.04, 0.05, 0.02, 0.14, 0.52], [4])","([0, 0, 0, 0, 0, 1], [5])",-0.0,-0.0,-0.0,-0.0,-0.845,-0.0,-0.845,0.374215,-2.4583150000000042,0.6543289985056199
141,"([0.23, 0.04, 0.05, 0.02, 0.14, 0.52], [5])","([0, 0, 0, 0, 0, 1], [5])",-0.0,-0.0,-0.0,-0.0,-0.0,-0.0,0.0,0.374215,-2.832530000000004,0.6543289985056199
142,"([0.23, 0.04, 0.05, 0.02, 0.14, 0.52], [0])","([0, 0, 0, 0, 0, 1], [5])",-0.715,-0.0,-0.0,-0.0,-0.0,-0.0,-0.715,0.374215,-2.4917450000000043,0.6543289985056199
143,"([0.23, 0.04, 0.05, 0.02, 0.14, 0.52], [4])","([0, 0, 0, 0, 0, 1], [5])",-0.0,-0.0,-0.0,-0.0,-0.845,-0.0,-0.845,0.374215,-2.0209600000000045,0.6543289985056199
144,"([0.23, 0.04, 0.05, 0.02, 0.14, 0.52], [5])","([0, 0, 0, 0, 0, 1], [5])",-0.0,-0.0,-0.0,-0.0,-0.0,-0.0,0.0,0.374215,-2.3951750000000045,0.6543289985056199
145,"([0.23, 0.04, 0.05, 0.02, 0.14, 0.52], [5])","([0, 0, 0, 0, 0, 1], [5])",-0.0,-0.0,-0.0,-0.0,-0.0,-0.0,0.0,0.374215,-2.7693900000000045,0.6543289985056199
146,"([0.23, 0.04, 0.05, 0.02, 0.14, 0.52], [0])","([0, 0, 0, 0, 0, 1], [5])",-0.715,-0.0,-0.0,-0.0,-0.0,-0.0,-0.715,0.374215,-2.4286050000000046,0.6543289985056199
147,"([0.23, 0.04, 0.05, 0.02, 0.14, 0.52], [0])","([0, 0, 0, 0, 0, 1], [5])",-0.715,-0.0,-0.0,-0.0,-0.0,-0.0,-0.715,0.374215,-2.0878200000000047,0.6543289985056199
148,"([0.23, 0.04, 0.05, 0.02, 0.14, 0.52], [3])","([0, 0, 0, 0, 0, 1], [5])",-0.0,-0.0,-0.0,-0.794,-0.0,-0.0,-0.794,0.374215,-1.6680350000000046,0.6543289985056199
149,"([0.23, 0.04, 0.05, 0.02, 0.14, 0.52], [4])","([0, 0, 0, 0, 0, 1], [5])",-0.0,-0.0,-0.0,-0.0,-0.845,-0.0,-0.845,0.374215,-1.1972500000000046,0.6543289985056199
150,"([0.23, 0.04, 0.05, 0.02, 0.14, 0.52], [1])","([0, 0, 0, 0, 0, 1], [5])",-0.0,-0.852,-0.0,-0.0,-0.0,-0.0,-0.852,0.374215,-0.7194650000000047,0.6543289985056199
151,"([0.23, 0.04, 0.05, 0.02, 0.14, 0.52], [3])","([0, 0, 0, 0, 0, 1], [5])",-0.0,-0.0,-0.0,-0.794,-0.0,-0.0,-0.794,0.374215,-0.29968000000000466,0.6543289985056199
152,"([0.23, 0.04, 0.05, 0.02, 0.14, 0.52], [5])","([0, 0, 0, 0, 0, 1], [5])",-0.0,-0.0,-0.0,-0.0,-0.0,-0.0,0.0,0.374215,-0.6738950000000047,0.6543289985056199
153,"([0.23, 0.04, 0.05, 0.02, 0.14, 0.52], [4])","([0, 0, 0, 0, 0, 1], [5])",-0.0,-0.0,-0.0,-0.0,-0.845,-0.0,-0.845,0.374215,-0.20311000000000473,0.6543289985056199
154,"([0.23, 0.04, 0.05, 0.02, 0.14, 0.52], [5])","([0, 0, 0, 0, 0, 1], [5])",-0.0,-0.0,-0.0,-0.0,-0.0,-0.0,0.0,0.374215,-0.5773250000000048,0.6543289985056199
155,"([0.23, 0.04, 0.05, 0.02, 0.14, 0.52], [5])","([0, 0, 0, 0, 0, 1], [5])",-0.0,-0.0,-0.0,-0.0,-0.0,-0.0,0.0,0.374215,-0.9515400000000047,0.6543289985056199
156,"([0.23, 0.04, 0.05, 0.02, 0.14, 0.52], [5])","([0, 0, 0, 0, 0, 1], [5])",-0.0,-0.0,-0.0,-0.0,-0.0,-0.0,0.0,0.374215,-1.3257550000000047,0.6543289985056199
157,"([0.23, 0.04, 0.05, 0.02, 0.14, 0.52], [5])","([0, 0, 0, 0, 0, 1], [5])",-0.0,-0.0,-0.0,-0.0,-0.0,-0.0,0.0,0.374215,-1.6999700000000046,0.6543289985056199
158,"([0.23, 0.04, 0.05, 0.02, 0.14, 0.52], [4])","([0, 0, 0, 0, 0, 1], [5])",-0.0,-0.0,-0.0,-0.0,-0.845,-0.0,-0.845,0.374215,-1.2291850000000046,0.6543289985056199
159,"([0.23, 0.04, 0.05, 0.02, 0.14, 0.52], [5])","([0, 0, 0, 0, 0, 1], [5])",-0.0,-0.0,-0.0,-0.0,-0.0,-0.0,0.0,0.374215,-1.6034000000000046,0.6543289985056199
160,"([0.23, 0.04, 0.05, 0.02, 0.14, 0.52], [4])","([0, 0, 0, 0, 0, 1], [5])",-0.0,-0.0,-0.0,-0.0,-0.845,-0.0,-0.845,0.374215,-1.1326150000000046,0.6543289985056199
161,"([0.23, 0.04, 0.05, 0.02, 0.14, 0.52], [5])","([0, 0, 0, 0, 0, 1], [5])",-0.0,-0.0,-0.0,-0.0,-0.0,-0.0,0.0,0.374215,-1.5068300000000046,0.6543289985056199
162,"([0.23, 0.04, 0.05, 0.02, 0.14, 0.52], [5])","([0, 0, 0, 0, 0, 1], [5])",-0.0,-0.0,-0.0,-0.0,-0.0,-0.0,0.0,0.374215,-1.8810450000000045,0.6543289985056199
163,"([0.23, 0.04, 0.05, 0.02, 0.14, 0.52], [5])","([0, 0, 0, 0, 0, 1], [5])",-0.0,-0.0,-0.0,-0.0,-0.0,-0.0,0.0,0.374215,-2.2552600000000047,0.6543289985056199
164,"([0.23, 0.04, 0.05, 0.02, 0.14, 0.52], [5])","([0, 0, 0, 0, 0, 1], [5])",-0.0,-0.0,-0.0,-0.0,-0.0,-0.0,0.0,0.374215,-2.6294750000000047,0.6543289985056199
165,"([0.23, 0.04, 0.05, 0.02, 0.14, 0.52], [5])","([0, 0, 0, 0, 0, 1], [5])",-0.0,-0.0,-0.0,-0.0,-0.0,-0.0,0.0,0.374215,-3.0036900000000046,0.6543289985056199
166,"([0.23, 0.04, 0.05, 0.02, 0.14, 0.52], [0])","([0, 0, 0, 0, 0, 1], [5])",-0.715,-0.0,-0.0,-0.0,-0.0,-0.0,-0.715,0.374215,-2.6629050000000047,0.6543289985056199
167,"([0.23, 0.04, 0.05, 0.02, 0.14, 0.52], [5])","([0, 0, 0, 0, 0, 1], [5])",-0.0,-0.0,-0.0,-0.0,-0.0,-0.0,0.0,0.374215,-3.0371200000000047,0.6543289985056199
168,"([0.23, 0.04, 0.05, 0.02, 0.14, 0.52], [5])","([0, 0, 0, 0, 0, 1], [5])",-0.0,-0.0,-0.0,-0.0,-0.0,-0.0,0.0,0.374215,-3.4113350000000047,0.6543289985056199
169,"([0.23, 0.04, 0.05, 0.02, 0.14, 0.52], [5])","([0, 0, 0, 0, 0, 1], [5])",-0.0,-0.0,-0.0,-0.0,-0.0,-0.0,0.0,0.374215,-3.7855500000000046,0.6543289985056199
170,"([0.23, 0.04, 0.05, 0.02, 0.14, 0.52], [5])","([0, 0, 0, 0, 0, 1], [5])",-0.0,-0.0,-0.0,-0.0,-0.0,-0.0,0.0,0.374215,-4.159765000000005,0.6543289985056199
171,"([0.23, 0.04, 0.05, 0.02, 0.14, 0.52], [5])","([0, 0, 0, 0, 0, 1], [5])",-0.0,-0.0,-0.0,-0.0,-0.0,-0.0,0.0,0.374215,-4.533980000000005,0.6543289985056199
172,"([0.23, 0.04, 0.05, 0.02, 0.14, 0.52], [0])","([0, 0, 0, 0, 0, 1], [5])",-0.715,-0.0,-0.0,-0.0,-0.0,-0.0,-0.715,0.374215,-4.193195000000005,0.6543289985056199
173,"([0.23, 0.04, 0.05, 0.02, 0.14, 0.52], [5])","([0, 0, 0, 0, 0, 1], [5])",-0.0,-0.0,-0.0,-0.0,-0.0,-0.0,0.0,0.374215,-4.567410000000005,0.6543289985056199
174,"([0.23, 0.04, 0.05, 0.02, 0.14, 0.52], [2])","([0, 0, 0, 0, 0, 1], [5])",-0.0,-0.0,-0.9129999999999999,-0.0,-0.0,-0.0,-0.9129999999999999,0.374215,-4.028625000000005,0.6543289985056199
175,"([0.23, 0.04, 0.05, 0.02, 0.14, 0.52], [5])","([0, 0, 0, 0, 0, 1], [5])",-0.0,-0.0,-0.0,-0.0,-0.0,-0.0,0.0,0.374215,-4.402840000000006,0.6543289985056199
176,"([0.23, 0.04, 0.05, 0.02, 0.14, 0.52], [5])","([0, 0, 0, 0, 0, 1], [5])",-0.0,-0.0,-0.0,-0.0,-0.0,-0.0,0.0,0.374215,-4.777055000000006,0.6543289985056199
177,"([0.23, 0.04, 0.05, 0.02, 0.14, 0.52], [4])","([0, 0, 0, 0, 0, 1], [5])",-0.0,-0.0,-0.0,-0.0,-0.845,-0.0,-0.845,0.374215,-4.306270000000006,0.6543289985056199
178,"([0.23, 0.04, 0.05, 0.02, 0.14, 0.52], [5])","([0, 0, 0, 0, 0, 1], [5])",-0.0,-0.0,-0.0,-0.0,-0.0,-0.0,0.0,0.374215,-4.680485000000006,0.6543289985056199
179,"([0.23, 0.04, 0.05, 0.02, 0.14, 0.52], [4])","([0, 0, 0, 0, 0, 1], [5])",-0.0,-0.0,-0.0,-0.0,-0.845,-0.0,-0.845,0.374215,-4.209700000000006,0.6543289985056199
180,"([0.23, 0.04, 0.05, 0.02, 0.14, 0.52], [5])","([0, 0, 0, 0, 0, 1], [5])",-0.0,-0.0,-0.0,-0.0,-0.0,-0.0,0.0,0.374215,-4.583915000000006,0.6543289985056199
181,"([0.23, 0.04, 0.05, 0.02, 0.14, 0.52], [0])","([0, 0, 0, 0, 0, 1], [5])",-0.715,-0.0,-0.0,-0.0,-0.0,-0.0,-0.715,0.374215,-4.243130000000006,0.6543289985056199
182,"([0.23, 0.04, 0.05, 0.02, 0.14, 0.52], [2])","([0, 0, 0, 0, 0, 1], [5])",-0.0,-0.0,-0.9129999999999999,-0.0,-0.0,-0.0,-0.9129999999999999,0.374215,-3.704345000000006,0.6543289985056199
183,"([0.23, 0.04, 0.05, 0.02, 0.14, 0.52], [0])","([0, 0, 0, 0, 0, 1], [5])",-0.715,-0.0,-0.0,-0.0,-0.0,-0.0,-0.715,0.374215,-3.3635600000000063,0.6543289985056199
184,"([0.23, 0.04, 0.05, 0.02, 0.14, 0.52], [5])","([0, 0, 0, 0, 0, 1], [5])",-0.0,-0.0,-0.0,-0.0,-0.0,-0.0,0.0,0.374215,-3.7377750000000063,0.6543289985056199
185,"([0.23, 0.04, 0.05, 0.02, 0.14, 0.52], [4])","([0, 0, 0, 0, 0, 1], [5])",-0.0,-0.0,-0.0,-0.0,-0.845,-0.0,-0.845,0.374215,-3.2669900000000065,0.6543289985056199
186,"([0.23, 0.04, 0.05, 0.02, 0.14, 0.52], [2])","([0, 0, 0, 0, 0, 1], [5])",-0.0,-0.0,-0.9129999999999999,-0.0,-0.0,-0.0,-0.9129999999999999,0.374215,-2.7282050000000067,0.6543289985056199
187,"([0.23, 0.04, 0.05, 0.02, 0.14, 0.52], [4])","([0, 0, 0, 0, 0, 1], [5])",-0.0,-0.0,-0.0,-0.0,-0.845,-0.0,-0.845,0.374215,-2.257420000000007,0.6543289985056199
188,"([0.23, 0.04, 0.05, 0.02, 0.14, 0.52], [4])","([0, 0, 0, 0, 0, 1], [5])",-0.0,-0.0,-0.0,-0.0,-0.845,-0.0,-0.845,0.374215,-1.7866350000000069,0.6543289985056199
189,"([0.23, 0.04, 0.05, 0.02, 0.14, 0.52], [0])","([0, 0, 0, 0, 0, 1], [5])",-0.715,-0.0,-0.0,-0.0,-0.0,-0.0,-0.715,0.374215,-1.445850000000007,0.6543289985056199
190,"([0.23, 0.04, 0.05, 0.02, 0.14, 0.52], [0])","([0, 0, 0, 0, 0, 1], [5])",-0.715,-0.0,-0.0,-0.0,-0.0,-0.0,-0.715,0.374215,-1.105065000000007,0.6543289985056199
191,"([0.23, 0.04, 0.05, 0.02, 0.14, 0.52], [5])","([0, 0, 0, 0, 0, 1], [5])",-0.0,-0.0,-0.0,-0.0,-0.0,-0.0,0.0,0.374215,-1.479280000000007,0.6543289985056199
192,"([0.23, 0.04, 0.05, 0.02, 0.14, 0.52], [5])","([0, 0, 0, 0, 0, 1], [5])",-0.0,-0.0,-0.0,-0.0,-0.0,-0.0,0.0,0.374215,-1.853495000000007,0.6543289985056199
193,"([0.23, 0.04, 0.05, 0.02, 0.14, 0.52], [0])","([0, 0, 0, 0, 0, 1], [5])",-0.715,-0.0,-0.0,-0.0,-0.0,-0.0,-0.715,0.374215,-1.512710000000007,0.6543289985056199
194,"([0.23, 0.04, 0.05, 0.02, 0.14, 0.52], [0])","([0, 0, 0, 0, 0, 1], [5])",-0.715,-0.0,-0.0,-0.0,-0.0,-0.0,-0.715,0.374215,-1.1719250000000072,0.6543289985056199
195,"([0.23, 0.04, 0.05, 0.02, 0.14, 0.52], [0])","([0, 0, 0, 0, 0, 1], [5])",-0.715,-0.0,-0.0,-0.0,-0.0,-0.0,-0.715,0.374215,-0.8311400000000073,0.6543289985056199
196,"([0.23, 0.04, 0.05, 0.02, 0.14, 0.52], [5])","([0, 0, 0, 0, 0, 1], [5])",-0.0,-0.0,-0.0,-0.0,-0.0,-0.0,0.0,0.374215,-1.2053550000000073,0.6543289985056199
197,"([0.23, 0.04, 0.05, 0.02, 0.14, 0.52], [5])","([0, 0, 0, 0, 0, 1], [5])",-0.0,-0.0,-0.0,-0.0,-0.0,-0.0,0.0,0.374215,-1.5795700000000072,0.6543289985056199
198,"([0.23, 0.04, 0.05, 0.02, 0.14, 0.52], [1])","([0, 0, 0, 0, 0, 1], [5])",-0.0,-0.852,-0.0,-0.0,-0.0,-0.0,-0.852,0.374215,-1.1017850000000073,0.6543289985056199
199,"([0.23, 0.04, 0.05, 0.02, 0.14, 0.52], [5])","([0, 0, 0, 0, 0, 1], [5])",-0.0,-0.0,-0.0,-0.0,-0.0,-0.0,0.0,0.374215,-1.4760000000000073,0.6543289985056199
