,sto-1,FRL-0,feedback target 0,feedback target 1,feedback target 2,feedback target 3,feedback target 4,feedback target 5,total,exp_loss,actual_regret,exp_regret
0,"([0.23, 0.04, 0.05, 0.02, 0.14, 0.52], [5])","([0.02, 0.18, 0.23, 0.12, 0.17, 0.29], [4])",-0.0,-0.0,-0.0,-0.0,-0.0,-0.982,-0.982,0.70137949925281,0.607785,0.32716449925280994
1,"([0.23, 0.04, 0.05, 0.02, 0.14, 0.52], [5])","([0, 0, 0, 0, 0, 1], [5])",-0.0,-0.0,-0.0,-0.0,-0.0,-0.0,0.0,0.374215,0.23357,0.32716449925280994
2,"([0.23, 0.04, 0.05, 0.02, 0.14, 0.52], [0])","([0, 0, 0, 0, 0, 1], [5])",-0.715,-0.0,-0.0,-0.0,-0.0,-0.0,-0.715,0.374215,0.574355,0.32716449925280994
3,"([0.23, 0.04, 0.05, 0.02, 0.14, 0.52], [5])","([0, 0, 0, 0, 0, 1], [5])",-0.0,-0.0,-0.0,-0.0,-0.0,-0.0,0.0,0.374215,0.20013999999999993,0.32716449925280994
4,"([0.23, 0.04, 0.05, 0.02, 0.14, 0.52], [0])","([0, 0, 0, 0, 0, 1], [5])",-0.715,-0.0,-0.0,-0.0,-0.0,-0.0,-0.715,0.374215,0.5409249999999999,0.32716449925280994
5,"([0.23, 0.04, 0.05, 0.02, 0.14, 0.52], [0])","([0, 0, 0, 0, 0, 1], [5])",-0.715,-0.0,-0.0,-0.0,-0.0,-0.0,-0.715,0.374215,0.8817099999999998,0.32716449925280994
6,"([0.23, 0.04, 0.05, 0.02, 0.14, 0.52], [5])","([0, 0, 0, 0, 0, 1], [5])",-0.0,-0.0,-0.0,-0.0,-0.0,-0.0,0.0,0.374215,0.5074949999999998,0.32716449925280994
7,"([0.23, 0.04, 0.05, 0.02, 0.14, 0.52], [5])","([0, 0, 0, 0, 0, 1], [5])",-0.0,-0.0,-0.0,-0.0,-0.0,-0.0,0.0,0.374215,0.1332799999999998,0.32716449925280994
8,"([0.23, 0.04, 0.05, 0.02, 0.14, 0.52], [5])","([0, 0, 0, 0, 0, 1], [5])",-0.0,-0.0,-0.0,-0.0,-0.0,-0.0,0.0,0.374215,-0.24093500000000023,0.32716449925280994
9,"([0.23, 0.04, 0.05, 0.02, 0.14, 0.52], [5])","([0, 0, 0, 0, 0, 1], [5])",-0.0,-0.0,-0.0,-0.0,-0.0,-0.0,0.0,0.374215,-0.6151500000000003,0.32716449925280994
10,"([0.23, 0.04, 0.05, 0.02, 0.14, 0.52], [5])","([0, 0, 0, 0, 0, 1], [5])",-0.0,-0.0,-0.0,-0.0,-0.0,-0.0,0.0,0.374215,-0.9893650000000003,0.32716449925280994
11,"([0.23, 0.04, 0.05, 0.02, 0.14, 0.52], [0])","([0, 0, 0, 0, 0, 1], [5])",-0.715,-0.0,-0.0,-0.0,-0.0,-0.0,-0.715,0.374215,-0.6485800000000004,0.32716449925280994
12,"([0.23, 0.04, 0.05, 0.02, 0.14, 0.52], [5])","([0, 0, 0, 0, 0, 1], [5])",-0.0,-0.0,-0.0,-0.0,-0.0,-0.0,0.0,0.374215,-1.0227950000000003,0.32716449925280994
13,"([0.23, 0.04, 0.05, 0.02, 0.14, 0.52], [5])","([0, 0, 0, 0, 0, 1], [5])",-0.0,-0.0,-0.0,-0.0,-0.0,-0.0,0.0,0.374215,-1.3970100000000003,0.32716449925280994
14,"([0.23, 0.04, 0.05, 0.02, 0.14, 0.52], [5])","([0, 0, 0, 0, 0, 1], [5])",-0.0,-0.0,-0.0,-0.0,-0.0,-0.0,0.0,0.374215,-1.7712250000000003,0.32716449925280994
15,"([0.23, 0.04, 0.05, 0.02, 0.14, 0.52], [0])","([0, 0, 0, 0, 0, 1], [5])",-0.715,-0.0,-0.0,-0.0,-0.0,-0.0,-0.715,0.374215,-1.4304400000000004,0.32716449925280994
16,"([0.23, 0.04, 0.05, 0.02, 0.14, 0.52], [4])","([0, 0, 0, 0, 0, 1], [5])",-0.0,-0.0,-0.0,-0.0,-0.845,-0.0,-0.845,0.374215,-0.9596550000000004,0.32716449925280994
17,"([0.23, 0.04, 0.05, 0.02, 0.14, 0.52], [5])","([0, 0, 0, 0, 0, 1], [5])",-0.0,-0.0,-0.0,-0.0,-0.0,-0.0,0.0,0.374215,-1.3338700000000003,0.32716449925280994
18,"([0.23, 0.04, 0.05, 0.02, 0.14, 0.52], [0])","([0, 0, 0, 0, 0, 1], [5])",-0.715,-0.0,-0.0,-0.0,-0.0,-0.0,-0.715,0.374215,-0.9930850000000004,0.32716449925280994
19,"([0.23, 0.04, 0.05, 0.02, 0.14, 0.52], [5])","([0, 0, 0, 0, 0, 1], [5])",-0.0,-0.0,-0.0,-0.0,-0.0,-0.0,0.0,0.374215,-1.3673000000000004,0.32716449925280994
20,"([0.23, 0.04, 0.05, 0.02, 0.14, 0.52], [0])","([0, 0, 0, 0, 0, 1], [5])",-0.715,-0.0,-0.0,-0.0,-0.0,-0.0,-0.715,0.374215,-1.0265150000000005,0.32716449925280994
21,"([0.23, 0.04, 0.05, 0.02, 0.14, 0.52], [0])","([0, 0, 0, 0, 0, 1], [5])",-0.715,-0.0,-0.0,-0.0,-0.0,-0.0,-0.715,0.374215,-0.6857300000000006,0.32716449925280994
22,"([0.23, 0.04, 0.05, 0.02, 0.14, 0.52], [5])","([0, 0, 0, 0, 0, 1], [5])",-0.0,-0.0,-0.0,-0.0,-0.0,-0.0,0.0,0.374215,-1.0599450000000006,0.32716449925280994
23,"([0.23, 0.04, 0.05, 0.02, 0.14, 0.52], [4])","([0, 0, 0, 0, 0, 1], [5])",-0.0,-0.0,-0.0,-0.0,-0.845,-0.0,-0.845,0.374215,-0.5891600000000006,0.32716449925280994
24,"([0.23, 0.04, 0.05, 0.02, 0.14, 0.52], [5])","([0, 0, 0, 0, 0, 1], [5])",-0.0,-0.0,-0.0,-0.0,-0.0,-0.0,0.0,0.374215,-0.9633750000000005,0.32716449925280994
25,"([0.23, 0.04, 0.05, 0.02, 0.14, 0.52], [5])","([0, 0, 0, 0, 0, 1], [5])",-0.0,-0.0,-0.0,-0.0,-0.0,-0.0,0.0,0.374215,-1.3375900000000005,0.32716449925280994
26,"([0.23, 0.04, 0.05, 0.02, 0.14, 0.52], [3])","([0, 0, 0, 0, 0, 1], [5])",-0.0,-0.0,-0.0,-0.794,-0.0,-0.0,-0.794,0.374215,-0.9178050000000004,0.32716449925280994
27,"([0.23, 0.04, 0.05, 0.02, 0.14, 0.52], [5])","([0, 0, 0, 0, 0, 1], [5])",-0.0,-0.0,-0.0,-0.0,-0.0,-0.0,0.0,0.374215,-1.2920200000000004,0.32716449925280994
28,"([0.23, 0.04, 0.05, 0.02, 0.14, 0.52], [2])","([0, 0, 0, 0, 0, 1], [5])",-0.0,-0.0,-0.9129999999999999,-0.0,-0.0,-0.0,-0.9129999999999999,0.374215,-0.7532350000000005,0.32716449925280994
29,"([0.23, 0.04, 0.05, 0.02, 0.14, 0.52], [5])","([0, 0, 0, 0, 0, 1], [5])",-0.0,-0.0,-0.0,-0.0,-0.0,-0.0,0.0,0.374215,-1.1274500000000005,0.32716449925280994
30,"([0.23, 0.04, 0.05, 0.02, 0.14, 0.52], [5])","([0, 0, 0, 0, 0, 1], [5])",-0.0,-0.0,-0.0,-0.0,-0.0,-0.0,0.0,0.374215,-1.5016650000000005,0.32716449925280994
31,"([0.23, 0.04, 0.05, 0.02, 0.14, 0.52], [5])","([0, 0, 0, 0, 0, 1], [5])",-0.0,-0.0,-0.0,-0.0,-0.0,-0.0,0.0,0.374215,-1.8758800000000004,0.32716449925280994
32,"([0.23, 0.04, 0.05, 0.02, 0.14, 0.52], [0])","([0, 0, 0, 0, 0, 1], [5])",-0.715,-0.0,-0.0,-0.0,-0.0,-0.0,-0.715,0.374215,-1.5350950000000005,0.32716449925280994
33,"([0.23, 0.04, 0.05, 0.02, 0.14, 0.52], [1])","([0, 0, 0, 0, 0, 1], [5])",-0.0,-0.852,-0.0,-0.0,-0.0,-0.0,-0.852,0.374215,-1.0573100000000006,0.32716449925280994
34,"([0.23, 0.04, 0.05, 0.02, 0.14, 0.52], [5])","([0, 0, 0, 0, 0, 1], [5])",-0.0,-0.0,-0.0,-0.0,-0.0,-0.0,0.0,0.374215,-1.4315250000000006,0.32716449925280994
35,"([0.23, 0.04, 0.05, 0.02, 0.14, 0.52], [5])","([0, 0, 0, 0, 0, 1], [5])",-0.0,-0.0,-0.0,-0.0,-0.0,-0.0,0.0,0.374215,-1.8057400000000006,0.32716449925280994
36,"([0.23, 0.04, 0.05, 0.02, 0.14, 0.52], [5])","([0, 0, 0, 0, 0, 1], [5])",-0.0,-0.0,-0.0,-0.0,-0.0,-0.0,0.0,0.374215,-2.1799550000000005,0.32716449925280994
37,"([0.23, 0.04, 0.05, 0.02, 0.14, 0.52], [0])","([0, 0, 0, 0, 0, 1], [5])",-0.715,-0.0,-0.0,-0.0,-0.0,-0.0,-0.715,0.374215,-1.8391700000000006,0.32716449925280994
38,"([0.23, 0.04, 0.05, 0.02, 0.14, 0.52], [5])","([0, 0, 0, 0, 0, 1], [5])",-0.0,-0.0,-0.0,-0.0,-0.0,-0.0,0.0,0.374215,-2.2133850000000006,0.32716449925280994
39,"([0.23, 0.04, 0.05, 0.02, 0.14, 0.52], [5])","([0, 0, 0, 0, 0, 1], [5])",-0.0,-0.0,-0.0,-0.0,-0.0,-0.0,0.0,0.374215,-2.5876000000000006,0.32716449925280994
40,"([0.23, 0.04, 0.05, 0.02, 0.14, 0.52], [0])","([0, 0, 0, 0, 0, 1], [5])",-0.715,-0.0,-0.0,-0.0,-0.0,-0.0,-0.715,0.374215,-2.2468150000000007,0.32716449925280994
41,"([0.23, 0.04, 0.05, 0.02, 0.14, 0.52], [5])","([0, 0, 0, 0, 0, 1], [5])",-0.0,-0.0,-0.0,-0.0,-0.0,-0.0,0.0,0.374215,-2.6210300000000006,0.32716449925280994
42,"([0.23, 0.04, 0.05, 0.02, 0.14, 0.52], [5])","([0, 0, 0, 0, 0, 1], [5])",-0.0,-0.0,-0.0,-0.0,-0.0,-0.0,0.0,0.374215,-2.9952450000000006,0.32716449925280994
43,"([0.23, 0.04, 0.05, 0.02, 0.14, 0.52], [4])","([0, 0, 0, 0, 0, 1], [5])",-0.0,-0.0,-0.0,-0.0,-0.845,-0.0,-0.845,0.374215,-2.524460000000001,0.32716449925280994
44,"([0.23, 0.04, 0.05, 0.02, 0.14, 0.52], [5])","([0, 0, 0, 0, 0, 1], [5])",-0.0,-0.0,-0.0,-0.0,-0.0,-0.0,0.0,0.374215,-2.898675000000001,0.32716449925280994
45,"([0.23, 0.04, 0.05, 0.02, 0.14, 0.52], [5])","([0, 0, 0, 0, 0, 1], [5])",-0.0,-0.0,-0.0,-0.0,-0.0,-0.0,0.0,0.374215,-3.2728900000000007,0.32716449925280994
46,"([0.23, 0.04, 0.05, 0.02, 0.14, 0.52], [5])","([0, 0, 0, 0, 0, 1], [5])",-0.0,-0.0,-0.0,-0.0,-0.0,-0.0,0.0,0.374215,-3.6471050000000007,0.32716449925280994
47,"([0.23, 0.04, 0.05, 0.02, 0.14, 0.52], [5])","([0, 0, 0, 0, 0, 1], [5])",-0.0,-0.0,-0.0,-0.0,-0.0,-0.0,0.0,0.374215,-4.021320000000001,0.32716449925280994
48,"([0.23, 0.04, 0.05, 0.02, 0.14, 0.52], [5])","([0, 0, 0, 0, 0, 1], [5])",-0.0,-0.0,-0.0,-0.0,-0.0,-0.0,0.0,0.374215,-4.3955350000000015,0.32716449925280994
49,"([0.23, 0.04, 0.05, 0.02, 0.14, 0.52], [5])","([0, 0, 0, 0, 0, 1], [5])",-0.0,-0.0,-0.0,-0.0,-0.0,-0.0,0.0,0.374215,-4.769750000000002,0.32716449925280994
50,"([0.23, 0.04, 0.05, 0.02, 0.14, 0.52], [0])","([0, 0, 0, 0, 0, 1], [5])",-0.715,-0.0,-0.0,-0.0,-0.0,-0.0,-0.715,0.374215,-4.428965000000002,0.32716449925280994
51,"([0.23, 0.04, 0.05, 0.02, 0.14, 0.52], [5])","([0, 0, 0, 0, 0, 1], [5])",-0.0,-0.0,-0.0,-0.0,-0.0,-0.0,0.0,0.374215,-4.803180000000002,0.32716449925280994
52,"([0.23, 0.04, 0.05, 0.02, 0.14, 0.52], [5])","([0, 0, 0, 0, 0, 1], [5])",-0.0,-0.0,-0.0,-0.0,-0.0,-0.0,0.0,0.374215,-5.177395000000002,0.32716449925280994
53,"([0.23, 0.04, 0.05, 0.02, 0.14, 0.52], [5])","([0, 0, 0, 0, 0, 1], [5])",-0.0,-0.0,-0.0,-0.0,-0.0,-0.0,0.0,0.374215,-5.551610000000003,0.32716449925280994
54,"([0.23, 0.04, 0.05, 0.02, 0.14, 0.52], [4])","([0, 0, 0, 0, 0, 1], [5])",-0.0,-0.0,-0.0,-0.0,-0.845,-0.0,-0.845,0.374215,-5.080825000000003,0.32716449925280994
55,"([0.23, 0.04, 0.05, 0.02, 0.14, 0.52], [4])","([0, 0, 0, 0, 0, 1], [5])",-0.0,-0.0,-0.0,-0.0,-0.845,-0.0,-0.845,0.374215,-4.610040000000002,0.32716449925280994
56,"([0.23, 0.04, 0.05, 0.02, 0.14, 0.52], [3])","([0, 0, 0, 0, 0, 1], [5])",-0.0,-0.0,-0.0,-0.794,-0.0,-0.0,-0.794,0.374215,-4.190255000000002,0.32716449925280994
57,"([0.23, 0.04, 0.05, 0.02, 0.14, 0.52], [0])","([0, 0, 0, 0, 0, 1], [5])",-0.715,-0.0,-0.0,-0.0,-0.0,-0.0,-0.715,0.374215,-3.8494700000000024,0.32716449925280994
58,"([0.23, 0.04, 0.05, 0.02, 0.14, 0.52], [3])","([0, 0, 0, 0, 0, 1], [5])",-0.0,-0.0,-0.0,-0.794,-0.0,-0.0,-0.794,0.374215,-3.4296850000000023,0.32716449925280994
59,"([0.23, 0.04, 0.05, 0.02, 0.14, 0.52], [5])","([0, 0, 0, 0, 0, 1], [5])",-0.0,-0.0,-0.0,-0.0,-0.0,-0.0,0.0,0.374215,-3.8039000000000023,0.32716449925280994
60,"([0.23, 0.04, 0.05, 0.02, 0.14, 0.52], [0])","([0, 0, 0, 0, 0, 1], [5])",-0.715,-0.0,-0.0,-0.0,-0.0,-0.0,-0.715,0.374215,-3.4631150000000024,0.32716449925280994
61,"([0.23, 0.04, 0.05, 0.02, 0.14, 0.52], [5])","([0, 0, 0, 0, 0, 1], [5])",-0.0,-0.0,-0.0,-0.0,-0.0,-0.0,0.0,0.374215,-3.8373300000000024,0.32716449925280994
62,"([0.23, 0.04, 0.05, 0.02, 0.14, 0.52], [5])","([0, 0, 0, 0, 0, 1], [5])",-0.0,-0.0,-0.0,-0.0,-0.0,-0.0,0.0,0.374215,-4.211545000000003,0.32716449925280994
63,"([0.23, 0.04, 0.05, 0.02, 0.14, 0.52], [5])","([0, 0, 0, 0, 0, 1], [5])",-0.0,-0.0,-0.0,-0.0,-0.0,-0.0,0.0,0.374215,-4.585760000000003,0.32716449925280994
64,"([0.23, 0.04, 0.05, 0.02, 0.14, 0.52], [4])","([0, 0, 0, 0, 0, 1], [5])",-0.0,-0.0,-0.0,-0.0,-0.845,-0.0,-0.845,0.374215,-4.114975000000003,0.32716449925280994
65,"([0.23, 0.04, 0.05, 0.02, 0.14, 0.52], [5])","([0, 0, 0, 0, 0, 1], [5])",-0.0,-0.0,-0.0,-0.0,-0.0,-0.0,0.0,0.374215,-4.489190000000003,0.32716449925280994
66,"([0.23, 0.04, 0.05, 0.02, 0.14, 0.52], [2])","([0, 0, 0, 0, 0, 1], [5])",-0.0,-0.0,-0.9129999999999999,-0.0,-0.0,-0.0,-0.9129999999999999,0.374215,-3.9504050000000035,0.32716449925280994
67,"([0.23, 0.04, 0.05, 0.02, 0.14, 0.52], [5])","([0, 0, 0, 0, 0, 1], [5])",-0.0,-0.0,-0.0,-0.0,-0.0,-0.0,0.0,0.374215,-4.324620000000004,0.32716449925280994
68,"([0.23, 0.04, 0.05, 0.02, 0.14, 0.52], [1])","([0, 0, 0, 0, 0, 1], [5])",-0.0,-0.852,-0.0,-0.0,-0.0,-0.0,-0.852,0.374215,-3.846835000000004,0.32716449925280994
69,"([0.23, 0.04, 0.05, 0.02, 0.14, 0.52], [5])","([0, 0, 0, 0, 0, 1], [5])",-0.0,-0.0,-0.0,-0.0,-0.0,-0.0,0.0,0.374215,-4.221050000000004,0.32716449925280994
70,"([0.23, 0.04, 0.05, 0.02, 0.14, 0.52], [3])","([0, 0, 0, 0, 0, 1], [5])",-0.0,-0.0,-0.0,-0.794,-0.0,-0.0,-0.794,0.374215,-3.8012650000000043,0.32716449925280994
71,"([0.23, 0.04, 0.05, 0.02, 0.14, 0.52], [1])","([0, 0, 0, 0, 0, 1], [5])",-0.0,-0.852,-0.0,-0.0,-0.0,-0.0,-0.852,0.374215,-3.3234800000000044,0.32716449925280994
72,"([0.23, 0.04, 0.05, 0.02, 0.14, 0.52], [0])","([0, 0, 0, 0, 0, 1], [5])",-0.715,-0.0,-0.0,-0.0,-0.0,-0.0,-0.715,0.374215,-2.9826950000000045,0.32716449925280994
73,"([0.23, 0.04, 0.05, 0.02, 0.14, 0.52], [0])","([0, 0, 0, 0, 0, 1], [5])",-0.715,-0.0,-0.0,-0.0,-0.0,-0.0,-0.715,0.374215,-2.6419100000000046,0.32716449925280994
74,"([0.23, 0.04, 0.05, 0.02, 0.14, 0.52], [5])","([0, 0, 0, 0, 0, 1], [5])",-0.0,-0.0,-0.0,-0.0,-0.0,-0.0,0.0,0.374215,-3.0161250000000046,0.32716449925280994
75,"([0.23, 0.04, 0.05, 0.02, 0.14, 0.52], [0])","([0, 0, 0, 0, 0, 1], [5])",-0.715,-0.0,-0.0,-0.0,-0.0,-0.0,-0.715,0.374215,-2.6753400000000047,0.32716449925280994
76,"([0.23, 0.04, 0.05, 0.02, 0.14, 0.52], [5])","([0, 0, 0, 0, 0, 1], [5])",-0.0,-0.0,-0.0,-0.0,-0.0,-0.0,0.0,0.374215,-3.0495550000000047,0.32716449925280994
77,"([0.23, 0.04, 0.05, 0.02, 0.14, 0.52], [5])","([0, 0, 0, 0, 0, 1], [5])",-0.0,-0.0,-0.0,-0.0,-0.0,-0.0,0.0,0.374215,-3.4237700000000046,0.32716449925280994
78,"([0.23, 0.04, 0.05, 0.02, 0.14, 0.52], [0])","([0, 0, 0, 0, 0, 1], [5])",-0.715,-0.0,-0.0,-0.0,-0.0,-0.0,-0.715,0.374215,-3.0829850000000047,0.32716449925280994
79,"([0.23, 0.04, 0.05, 0.02, 0.14, 0.52], [5])","([0, 0, 0, 0, 0, 1], [5])",-0.0,-0.0,-0.0,-0.0,-0.0,-0.0,0.0,0.374215,-3.4572000000000047,0.32716449925280994
80,"([0.23, 0.04, 0.05, 0.02, 0.14, 0.52], [5])","([0, 0, 0, 0, 0, 1], [5])",-0.0,-0.0,-0.0,-0.0,-0.0,-0.0,0.0,0.374215,-3.8314150000000047,0.32716449925280994
81,"([0.23, 0.04, 0.05, 0.02, 0.14, 0.52], [5])","([0, 0, 0, 0, 0, 1], [5])",-0.0,-0.0,-0.0,-0.0,-0.0,-0.0,0.0,0.374215,-4.205630000000005,0.32716449925280994
82,"([0.23, 0.04, 0.05, 0.02, 0.14, 0.52], [5])","([0, 0, 0, 0, 0, 1], [5])",-0.0,-0.0,-0.0,-0.0,-0.0,-0.0,0.0,0.374215,-4.579845000000005,0.32716449925280994
83,"([0.23, 0.04, 0.05, 0.02, 0.14, 0.52], [5])","([0, 0, 0, 0, 0, 1], [5])",-0.0,-0.0,-0.0,-0.0,-0.0,-0.0,0.0,0.374215,-4.9540600000000055,0.32716449925280994
84,"([0.23, 0.04, 0.05, 0.02, 0.14, 0.52], [5])","([0, 0, 0, 0, 0, 1], [5])",-0.0,-0.0,-0.0,-0.0,-0.0,-0.0,0.0,0.374215,-5.328275000000006,0.32716449925280994
85,"([0.23, 0.04, 0.05, 0.02, 0.14, 0.52], [5])","([0, 0, 0, 0, 0, 1], [5])",-0.0,-0.0,-0.0,-0.0,-0.0,-0.0,0.0,0.374215,-5.702490000000006,0.32716449925280994
86,"([0.23, 0.04, 0.05, 0.02, 0.14, 0.52], [1])","([0, 0, 0, 0, 0, 1], [5])",-0.0,-0.852,-0.0,-0.0,-0.0,-0.0,-0.852,0.374215,-5.224705000000006,0.32716449925280994
87,"([0.23, 0.04, 0.05, 0.02, 0.14, 0.52], [5])","([0, 0, 0, 0, 0, 1], [5])",-0.0,-0.0,-0.0,-0.0,-0.0,-0.0,0.0,0.374215,-5.598920000000007,0.32716449925280994
88,"([0.23, 0.04, 0.05, 0.02, 0.14, 0.52], [5])","([0, 0, 0, 0, 0, 1], [5])",-0.0,-0.0,-0.0,-0.0,-0.0,-0.0,0.0,0.374215,-5.973135000000007,0.32716449925280994
89,"([0.23, 0.04, 0.05, 0.02, 0.14, 0.52], [5])","([0, 0, 0, 0, 0, 1], [5])",-0.0,-0.0,-0.0,-0.0,-0.0,-0.0,0.0,0.374215,-6.347350000000008,0.32716449925280994
90,"([0.23, 0.04, 0.05, 0.02, 0.14, 0.52], [5])","([0, 0, 0, 0, 0, 1], [5])",-0.0,-0.0,-0.0,-0.0,-0.0,-0.0,0.0,0.374215,-6.721565000000008,0.32716449925280994
91,"([0.23, 0.04, 0.05, 0.02, 0.14, 0.52], [5])","([0, 0, 0, 0, 0, 1], [5])",-0.0,-0.0,-0.0,-0.0,-0.0,-0.0,0.0,0.374215,-7.095780000000008,0.32716449925280994
92,"([0.23, 0.04, 0.05, 0.02, 0.14, 0.52], [0])","([0, 0, 0, 0, 0, 1], [5])",-0.715,-0.0,-0.0,-0.0,-0.0,-0.0,-0.715,0.374215,-6.754995000000008,0.32716449925280994
93,"([0.23, 0.04, 0.05, 0.02, 0.14, 0.52], [5])","([0, 0, 0, 0, 0, 1], [5])",-0.0,-0.0,-0.0,-0.0,-0.0,-0.0,0.0,0.374215,-7.1292100000000085,0.32716449925280994
94,"([0.23, 0.04, 0.05, 0.02, 0.14, 0.52], [0])","([0, 0, 0, 0, 0, 1], [5])",-0.715,-0.0,-0.0,-0.0,-0.0,-0.0,-0.715,0.374215,-6.788425000000008,0.32716449925280994
95,"([0.23, 0.04, 0.05, 0.02, 0.14, 0.52], [5])","([0, 0, 0, 0, 0, 1], [5])",-0.0,-0.0,-0.0,-0.0,-0.0,-0.0,0.0,0.374215,-7.1626400000000086,0.32716449925280994
96,"([0.23, 0.04, 0.05, 0.02, 0.14, 0.52], [5])","([0, 0, 0, 0, 0, 1], [5])",-0.0,-0.0,-0.0,-0.0,-0.0,-0.0,0.0,0.374215,-7.536855000000009,0.32716449925280994
97,"([0.23, 0.04, 0.05, 0.02, 0.14, 0.52], [5])","([0, 0, 0, 0, 0, 1], [5])",-0.0,-0.0,-0.0,-0.0,-0.0,-0.0,0.0,0.374215,-7.911070000000009,0.32716449925280994
98,"([0.23, 0.04, 0.05, 0.02, 0.14, 0.52], [5])","([0, 0, 0, 0, 0, 1], [5])",-0.0,-0.0,-0.0,-0.0,-0.0,-0.0,0.0,0.374215,-8.285285000000009,0.32716449925280994
99,"([0.23, 0.04, 0.05, 0.02, 0.14, 0.52], [5])","([0, 0, 0, 0, 0, 1], [5])",-0.0,-0.0,-0.0,-0.0,-0.0,-0.0,0.0,0.374215,-8.659500000000008,0.32716449925280994
100,"([0.23, 0.04, 0.05, 0.02, 0.14, 0.52], [5])","([0, 0, 0, 0, 0, 1], [5])",-0.0,-0.0,-0.0,-0.0,-0.0,-0.0,0.0,0.374215,-9.033715000000008,0.32716449925280994
101,"([0.23, 0.04, 0.05, 0.02, 0.14, 0.52], [3])","([0, 0, 0, 0, 0, 1], [5])",-0.0,-0.0,-0.0,-0.794,-0.0,-0.0,-0.794,0.374215,-8.613930000000009,0.32716449925280994
102,"([0.23, 0.04, 0.05, 0.02, 0.14, 0.52], [1])","([0, 0, 0, 0, 0, 1], [5])",-0.0,-0.852,-0.0,-0.0,-0.0,-0.0,-0.852,0.374215,-8.136145000000008,0.32716449925280994
103,"([0.23, 0.04, 0.05, 0.02, 0.14, 0.52], [5])","([0, 0, 0, 0, 0, 1], [5])",-0.0,-0.0,-0.0,-0.0,-0.0,-0.0,0.0,0.374215,-8.510360000000007,0.32716449925280994
104,"([0.23, 0.04, 0.05, 0.02, 0.14, 0.52], [5])","([0, 0, 0, 0, 0, 1], [5])",-0.0,-0.0,-0.0,-0.0,-0.0,-0.0,0.0,0.374215,-8.884575000000007,0.32716449925280994
105,"([0.23, 0.04, 0.05, 0.02, 0.14, 0.52], [5])","([0, 0, 0, 0, 0, 1], [5])",-0.0,-0.0,-0.0,-0.0,-0.0,-0.0,0.0,0.374215,-9.258790000000007,0.32716449925280994
106,"([0.23, 0.04, 0.05, 0.02, 0.14, 0.52], [5])","([0, 0, 0, 0, 0, 1], [5])",-0.0,-0.0,-0.0,-0.0,-0.0,-0.0,0.0,0.374215,-9.633005000000006,0.32716449925280994
107,"([0.23, 0.04, 0.05, 0.02, 0.14, 0.52], [5])","([0, 0, 0, 0, 0, 1], [5])",-0.0,-0.0,-0.0,-0.0,-0.0,-0.0,0.0,0.374215,-10.007220000000006,0.32716449925280994
108,"([0.23, 0.04, 0.05, 0.02, 0.14, 0.52], [5])","([0, 0, 0, 0, 0, 1], [5])",-0.0,-0.0,-0.0,-0.0,-0.0,-0.0,0.0,0.374215,-10.381435000000005,0.32716449925280994
109,"([0.23, 0.04, 0.05, 0.02, 0.14, 0.52], [0])","([0, 0, 0, 0, 0, 1], [5])",-0.715,-0.0,-0.0,-0.0,-0.0,-0.0,-0.715,0.374215,-10.040650000000005,0.32716449925280994
110,"([0.23, 0.04, 0.05, 0.02, 0.14, 0.52], [5])","([0, 0, 0, 0, 0, 1], [5])",-0.0,-0.0,-0.0,-0.0,-0.0,-0.0,0.0,0.374215,-10.414865000000004,0.32716449925280994
111,"([0.23, 0.04, 0.05, 0.02, 0.14, 0.52], [5])","([0, 0, 0, 0, 0, 1], [5])",-0.0,-0.0,-0.0,-0.0,-0.0,-0.0,0.0,0.374215,-10.789080000000004,0.32716449925280994
112,"([0.23, 0.04, 0.05, 0.02, 0.14, 0.52], [0])","([0, 0, 0, 0, 0, 1], [5])",-0.715,-0.0,-0.0,-0.0,-0.0,-0.0,-0.715,0.374215,-10.448295000000003,0.32716449925280994
113,"([0.23, 0.04, 0.05, 0.02, 0.14, 0.52], [0])","([0, 0, 0, 0, 0, 1], [5])",-0.715,-0.0,-0.0,-0.0,-0.0,-0.0,-0.715,0.374215,-10.107510000000003,0.32716449925280994
114,"([0.23, 0.04, 0.05, 0.02, 0.14, 0.52], [5])","([0, 0, 0, 0, 0, 1], [5])",-0.0,-0.0,-0.0,-0.0,-0.0,-0.0,0.0,0.374215,-10.481725000000003,0.32716449925280994
115,"([0.23, 0.04, 0.05, 0.02, 0.14, 0.52], [5])","([0, 0, 0, 0, 0, 1], [5])",-0.0,-0.0,-0.0,-0.0,-0.0,-0.0,0.0,0.374215,-10.855940000000002,0.32716449925280994
116,"([0.23, 0.04, 0.05, 0.02, 0.14, 0.52], [0])","([0, 0, 0, 0, 0, 1], [5])",-0.715,-0.0,-0.0,-0.0,-0.0,-0.0,-0.715,0.374215,-10.515155000000002,0.32716449925280994
117,"([0.23, 0.04, 0.05, 0.02, 0.14, 0.52], [1])","([0, 0, 0, 0, 0, 1], [5])",-0.0,-0.852,-0.0,-0.0,-0.0,-0.0,-0.852,0.374215,-10.037370000000001,0.32716449925280994
118,"([0.23, 0.04, 0.05, 0.02, 0.14, 0.52], [4])","([0, 0, 0, 0, 0, 1], [5])",-0.0,-0.0,-0.0,-0.0,-0.845,-0.0,-0.845,0.374215,-9.566585000000002,0.32716449925280994
119,"([0.23, 0.04, 0.05, 0.02, 0.14, 0.52], [0])","([0, 0, 0, 0, 0, 1], [5])",-0.715,-0.0,-0.0,-0.0,-0.0,-0.0,-0.715,0.374215,-9.225800000000001,0.32716449925280994
120,"([0.23, 0.04, 0.05, 0.02, 0.14, 0.52], [5])","([0, 0, 0, 0, 0, 1], [5])",-0.0,-0.0,-0.0,-0.0,-0.0,-0.0,0.0,0.374215,-9.600015,0.32716449925280994
121,"([0.23, 0.04, 0.05, 0.02, 0.14, 0.52], [5])","([0, 0, 0, 0, 0, 1], [5])",-0.0,-0.0,-0.0,-0.0,-0.0,-0.0,0.0,0.374215,-9.97423,0.32716449925280994
122,"([0.23, 0.04, 0.05, 0.02, 0.14, 0.52], [5])","([0, 0, 0, 0, 0, 1], [5])",-0.0,-0.0,-0.0,-0.0,-0.0,-0.0,0.0,0.374215,-10.348445,0.32716449925280994
123,"([0.23, 0.04, 0.05, 0.02, 0.14, 0.52], [5])","([0, 0, 0, 0, 0, 1], [5])",-0.0,-0.0,-0.0,-0.0,-0.0,-0.0,0.0,0.374215,-10.72266,0.32716449925280994
124,"([0.23, 0.04, 0.05, 0.02, 0.14, 0.52], [0])","([0, 0, 0, 0, 0, 1], [5])",-0.715,-0.0,-0.0,-0.0,-0.0,-0.0,-0.715,0.374215,-10.381874999999999,0.32716449925280994
125,"([0.23, 0.04, 0.05, 0.02, 0.14, 0.52], [0])","([0, 0, 0, 0, 0, 1], [5])",-0.715,-0.0,-0.0,-0.0,-0.0,-0.0,-0.715,0.374215,-10.041089999999999,0.32716449925280994
126,"([0.23, 0.04, 0.05, 0.02, 0.14, 0.52], [0])","([0, 0, 0, 0, 0, 1], [5])",-0.715,-0.0,-0.0,-0.0,-0.0,-0.0,-0.715,0.374215,-9.700304999999998,0.32716449925280994
127,"([0.23, 0.04, 0.05, 0.02, 0.14, 0.52], [2])","([0, 0, 0, 0, 0, 1], [5])",-0.0,-0.0,-0.9129999999999999,-0.0,-0.0,-0.0,-0.9129999999999999,0.374215,-9.16152,0.32716449925280994
128,"([0.23, 0.04, 0.05, 0.02, 0.14, 0.52], [5])","([0, 0, 0, 0, 0, 1], [5])",-0.0,-0.0,-0.0,-0.0,-0.0,-0.0,0.0,0.374215,-9.535734999999999,0.32716449925280994
129,"([0.23, 0.04, 0.05, 0.02, 0.14, 0.52], [5])","([0, 0, 0, 0, 0, 1], [5])",-0.0,-0.0,-0.0,-0.0,-0.0,-0.0,0.0,0.374215,-9.909949999999998,0.32716449925280994
130,"([0.23, 0.04, 0.05, 0.02, 0.14, 0.52], [1])","([0, 0, 0, 0, 0, 1], [5])",-0.0,-0.852,-0.0,-0.0,-0.0,-0.0,-0.852,0.374215,-9.432164999999998,0.32716449925280994
131,"([0.23, 0.04, 0.05, 0.02, 0.14, 0.52], [5])","([0, 0, 0, 0, 0, 1], [5])",-0.0,-0.0,-0.0,-0.0,-0.0,-0.0,0.0,0.374215,-9.806379999999997,0.32716449925280994
132,"([0.23, 0.04, 0.05, 0.02, 0.14, 0.52], [5])","([0, 0, 0, 0, 0, 1], [5])",-0.0,-0.0,-0.0,-0.0,-0.0,-0.0,0.0,0.374215,-10.180594999999997,0.32716449925280994
133,"([0.23, 0.04, 0.05, 0.02, 0.14, 0.52], [5])","([0, 0, 0, 0, 0, 1], [5])",-0.0,-0.0,-0.0,-0.0,-0.0,-0.0,0.0,0.374215,-10.554809999999996,0.32716449925280994
134,"([0.23, 0.04, 0.05, 0.02, 0.14, 0.52], [0])","([0, 0, 0, 0, 0, 1], [5])",-0.715,-0.0,-0.0,-0.0,-0.0,-0.0,-0.715,0.374215,-10.214024999999996,0.32716449925280994
135,"([0.23, 0.04, 0.05, 0.02, 0.14, 0.52], [0])","([0, 0, 0, 0, 0, 1], [5])",-0.715,-0.0,-0.0,-0.0,-0.0,-0.0,-0.715,0.374215,-9.873239999999996,0.32716449925280994
136,"([0.23, 0.04, 0.05, 0.02, 0.14, 0.52], [5])","([0, 0, 0, 0, 0, 1], [5])",-0.0,-0.0,-0.0,-0.0,-0.0,-0.0,0.0,0.374215,-10.247454999999995,0.32716449925280994
137,"([0.23, 0.04, 0.05, 0.02, 0.14, 0.52], [5])","([0, 0, 0, 0, 0, 1], [5])",-0.0,-0.0,-0.0,-0.0,-0.0,-0.0,0.0,0.374215,-10.621669999999995,0.32716449925280994
138,"([0.23, 0.04, 0.05, 0.02, 0.14, 0.52], [5])","([0, 0, 0, 0, 0, 1], [5])",-0.0,-0.0,-0.0,-0.0,-0.0,-0.0,0.0,0.374215,-10.995884999999994,0.32716449925280994
139,"([0.23, 0.04, 0.05, 0.02, 0.14, 0.52], [3])","([0, 0, 0, 0, 0, 1], [5])",-0.0,-0.0,-0.0,-0.794,-0.0,-0.0,-0.794,0.374215,-10.576099999999995,0.32716449925280994
140,"([0.23, 0.04, 0.05, 0.02, 0.14, 0.52], [5])","([0, 0, 0, 0, 0, 1], [5])",-0.0,-0.0,-0.0,-0.0,-0.0,-0.0,0.0,0.374215,-10.950314999999994,0.32716449925280994
141,"([0.23, 0.04, 0.05, 0.02, 0.14, 0.52], [1])","([0, 0, 0, 0, 0, 1], [5])",-0.0,-0.852,-0.0,-0.0,-0.0,-0.0,-0.852,0.374215,-10.472529999999994,0.32716449925280994
142,"([0.23, 0.04, 0.05, 0.02, 0.14, 0.52], [0])","([0, 0, 0, 0, 0, 1], [5])",-0.715,-0.0,-0.0,-0.0,-0.0,-0.0,-0.715,0.374215,-10.131744999999993,0.32716449925280994
143,"([0.23, 0.04, 0.05, 0.02, 0.14, 0.52], [0])","([0, 0, 0, 0, 0, 1], [5])",-0.715,-0.0,-0.0,-0.0,-0.0,-0.0,-0.715,0.374215,-9.790959999999993,0.32716449925280994
144,"([0.23, 0.04, 0.05, 0.02, 0.14, 0.52], [2])","([0, 0, 0, 0, 0, 1], [5])",-0.0,-0.0,-0.9129999999999999,-0.0,-0.0,-0.0,-0.9129999999999999,0.374215,-9.252174999999994,0.32716449925280994
145,"([0.23, 0.04, 0.05, 0.02, 0.14, 0.52], [5])","([0, 0, 0, 0, 0, 1], [5])",-0.0,-0.0,-0.0,-0.0,-0.0,-0.0,0.0,0.374215,-9.626389999999994,0.32716449925280994
146,"([0.23, 0.04, 0.05, 0.02, 0.14, 0.52], [5])","([0, 0, 0, 0, 0, 1], [5])",-0.0,-0.0,-0.0,-0.0,-0.0,-0.0,0.0,0.374215,-10.000604999999993,0.32716449925280994
147,"([0.23, 0.04, 0.05, 0.02, 0.14, 0.52], [5])","([0, 0, 0, 0, 0, 1], [5])",-0.0,-0.0,-0.0,-0.0,-0.0,-0.0,0.0,0.374215,-10.374819999999993,0.32716449925280994
148,"([0.23, 0.04, 0.05, 0.02, 0.14, 0.52], [0])","([0, 0, 0, 0, 0, 1], [5])",-0.715,-0.0,-0.0,-0.0,-0.0,-0.0,-0.715,0.374215,-10.034034999999992,0.32716449925280994
149,"([0.23, 0.04, 0.05, 0.02, 0.14, 0.52], [0])","([0, 0, 0, 0, 0, 1], [5])",-0.715,-0.0,-0.0,-0.0,-0.0,-0.0,-0.715,0.374215,-9.693249999999992,0.32716449925280994
150,"([0.23, 0.04, 0.05, 0.02, 0.14, 0.52], [5])","([0, 0, 0, 0, 0, 1], [5])",-0.0,-0.0,-0.0,-0.0,-0.0,-0.0,0.0,0.374215,-10.067464999999991,0.32716449925280994
151,"([0.23, 0.04, 0.05, 0.02, 0.14, 0.52], [0])","([0, 0, 0, 0, 0, 1], [5])",-0.715,-0.0,-0.0,-0.0,-0.0,-0.0,-0.715,0.374215,-9.726679999999991,0.32716449925280994
152,"([0.23, 0.04, 0.05, 0.02, 0.14, 0.52], [5])","([0, 0, 0, 0, 0, 1], [5])",-0.0,-0.0,-0.0,-0.0,-0.0,-0.0,0.0,0.374215,-10.10089499999999,0.32716449925280994
153,"([0.23, 0.04, 0.05, 0.02, 0.14, 0.52], [3])","([0, 0, 0, 0, 0, 1], [5])",-0.0,-0.0,-0.0,-0.794,-0.0,-0.0,-0.794,0.374215,-9.681109999999991,0.32716449925280994
154,"([0.23, 0.04, 0.05, 0.02, 0.14, 0.52], [5])","([0, 0, 0, 0, 0, 1], [5])",-0.0,-0.0,-0.0,-0.0,-0.0,-0.0,0.0,0.374215,-10.055324999999991,0.32716449925280994
155,"([0.23, 0.04, 0.05, 0.02, 0.14, 0.52], [4])","([0, 0, 0, 0, 0, 1], [5])",-0.0,-0.0,-0.0,-0.0,-0.845,-0.0,-0.845,0.374215,-9.584539999999992,0.32716449925280994
156,"([0.23, 0.04, 0.05, 0.02, 0.14, 0.52], [2])","([0, 0, 0, 0, 0, 1], [5])",-0.0,-0.0,-0.9129999999999999,-0.0,-0.0,-0.0,-0.9129999999999999,0.374215,-9.045754999999993,0.32716449925280994
157,"([0.23, 0.04, 0.05, 0.02, 0.14, 0.52], [0])","([0, 0, 0, 0, 0, 1], [5])",-0.715,-0.0,-0.0,-0.0,-0.0,-0.0,-0.715,0.374215,-8.704969999999992,0.32716449925280994
158,"([0.23, 0.04, 0.05, 0.02, 0.14, 0.52], [5])","([0, 0, 0, 0, 0, 1], [5])",-0.0,-0.0,-0.0,-0.0,-0.0,-0.0,0.0,0.374215,-9.079184999999992,0.32716449925280994
159,"([0.23, 0.04, 0.05, 0.02, 0.14, 0.52], [2])","([0, 0, 0, 0, 0, 1], [5])",-0.0,-0.0,-0.9129999999999999,-0.0,-0.0,-0.0,-0.9129999999999999,0.374215,-8.540399999999991,0.32716449925280994
160,"([0.23, 0.04, 0.05, 0.02, 0.14, 0.52], [5])","([0, 0, 0, 0, 0, 1], [5])",-0.0,-0.0,-0.0,-0.0,-0.0,-0.0,0.0,0.374215,-8.91461499999999,0.32716449925280994
161,"([0.23, 0.04, 0.05, 0.02, 0.14, 0.52], [3])","([0, 0, 0, 0, 0, 1], [5])",-0.0,-0.0,-0.0,-0.794,-0.0,-0.0,-0.794,0.374215,-8.494829999999991,0.32716449925280994
162,"([0.23, 0.04, 0.05, 0.02, 0.14, 0.52], [0])","([0, 0, 0, 0, 0, 1], [5])",-0.715,-0.0,-0.0,-0.0,-0.0,-0.0,-0.715,0.374215,-8.154044999999991,0.32716449925280994
163,"([0.23, 0.04, 0.05, 0.02, 0.14, 0.52], [5])","([0, 0, 0, 0, 0, 1], [5])",-0.0,-0.0,-0.0,-0.0,-0.0,-0.0,0.0,0.374215,-8.52825999999999,0.32716449925280994
164,"([0.23, 0.04, 0.05, 0.02, 0.14, 0.52], [0])","([0, 0, 0, 0, 0, 1], [5])",-0.715,-0.0,-0.0,-0.0,-0.0,-0.0,-0.715,0.374215,-8.18747499999999,0.32716449925280994
165,"([0.23, 0.04, 0.05, 0.02, 0.14, 0.52], [5])","([0, 0, 0, 0, 0, 1], [5])",-0.0,-0.0,-0.0,-0.0,-0.0,-0.0,0.0,0.374215,-8.56168999999999,0.32716449925280994
166,"([0.23, 0.04, 0.05, 0.02, 0.14, 0.52], [5])","([0, 0, 0, 0, 0, 1], [5])",-0.0,-0.0,-0.0,-0.0,-0.0,-0.0,0.0,0.374215,-8.93590499999999,0.32716449925280994
167,"([0.23, 0.04, 0.05, 0.02, 0.14, 0.52], [5])","([0, 0, 0, 0, 0, 1], [5])",-0.0,-0.0,-0.0,-0.0,-0.0,-0.0,0.0,0.374215,-9.310119999999989,0.32716449925280994
168,"([0.23, 0.04, 0.05, 0.02, 0.14, 0.52], [1])","([0, 0, 0, 0, 0, 1], [5])",-0.0,-0.852,-0.0,-0.0,-0.0,-0.0,-0.852,0.374215,-8.832334999999988,0.32716449925280994
169,"([0.23, 0.04, 0.05, 0.02, 0.14, 0.52], [0])","([0, 0, 0, 0, 0, 1], [5])",-0.715,-0.0,-0.0,-0.0,-0.0,-0.0,-0.715,0.374215,-8.491549999999988,0.32716449925280994
170,"([0.23, 0.04, 0.05, 0.02, 0.14, 0.52], [0])","([0, 0, 0, 0, 0, 1], [5])",-0.715,-0.0,-0.0,-0.0,-0.0,-0.0,-0.715,0.374215,-8.150764999999987,0.32716449925280994
171,"([0.23, 0.04, 0.05, 0.02, 0.14, 0.52], [0])","([0, 0, 0, 0, 0, 1], [5])",-0.715,-0.0,-0.0,-0.0,-0.0,-0.0,-0.715,0.374215,-7.809979999999987,0.32716449925280994
172,"([0.23, 0.04, 0.05, 0.02, 0.14, 0.52], [0])","([0, 0, 0, 0, 0, 1], [5])",-0.715,-0.0,-0.0,-0.0,-0.0,-0.0,-0.715,0.374215,-7.469194999999987,0.32716449925280994
173,"([0.23, 0.04, 0.05, 0.02, 0.14, 0.52], [2])","([0, 0, 0, 0, 0, 1], [5])",-0.0,-0.0,-0.9129999999999999,-0.0,-0.0,-0.0,-0.9129999999999999,0.374215,-6.930409999999987,0.32716449925280994
174,"([0.23, 0.04, 0.05, 0.02, 0.14, 0.52], [0])","([0, 0, 0, 0, 0, 1], [5])",-0.715,-0.0,-0.0,-0.0,-0.0,-0.0,-0.715,0.374215,-6.5896249999999865,0.32716449925280994
175,"([0.23, 0.04, 0.05, 0.02, 0.14, 0.52], [5])","([0, 0, 0, 0, 0, 1], [5])",-0.0,-0.0,-0.0,-0.0,-0.0,-0.0,0.0,0.374215,-6.963839999999987,0.32716449925280994
176,"([0.23, 0.04, 0.05, 0.02, 0.14, 0.52], [5])","([0, 0, 0, 0, 0, 1], [5])",-0.0,-0.0,-0.0,-0.0,-0.0,-0.0,0.0,0.374215,-7.338054999999987,0.32716449925280994
177,"([0.23, 0.04, 0.05, 0.02, 0.14, 0.52], [3])","([0, 0, 0, 0, 0, 1], [5])",-0.0,-0.0,-0.0,-0.794,-0.0,-0.0,-0.794,0.374215,-6.918269999999987,0.32716449925280994
178,"([0.23, 0.04, 0.05, 0.02, 0.14, 0.52], [5])","([0, 0, 0, 0, 0, 1], [5])",-0.0,-0.0,-0.0,-0.0,-0.0,-0.0,0.0,0.374215,-7.292484999999988,0.32716449925280994
179,"([0.23, 0.04, 0.05, 0.02, 0.14, 0.52], [5])","([0, 0, 0, 0, 0, 1], [5])",-0.0,-0.0,-0.0,-0.0,-0.0,-0.0,0.0,0.374215,-7.666699999999988,0.32716449925280994
180,"([0.23, 0.04, 0.05, 0.02, 0.14, 0.52], [1])","([0, 0, 0, 0, 0, 1], [5])",-0.0,-0.852,-0.0,-0.0,-0.0,-0.0,-0.852,0.374215,-7.188914999999988,0.32716449925280994
181,"([0.23, 0.04, 0.05, 0.02, 0.14, 0.52], [5])","([0, 0, 0, 0, 0, 1], [5])",-0.0,-0.0,-0.0,-0.0,-0.0,-0.0,0.0,0.374215,-7.563129999999989,0.32716449925280994
182,"([0.23, 0.04, 0.05, 0.02, 0.14, 0.52], [5])","([0, 0, 0, 0, 0, 1], [5])",-0.0,-0.0,-0.0,-0.0,-0.0,-0.0,0.0,0.374215,-7.937344999999989,0.32716449925280994
183,"([0.23, 0.04, 0.05, 0.02, 0.14, 0.52], [5])","([0, 0, 0, 0, 0, 1], [5])",-0.0,-0.0,-0.0,-0.0,-0.0,-0.0,0.0,0.374215,-8.31155999999999,0.32716449925280994
184,"([0.23, 0.04, 0.05, 0.02, 0.14, 0.52], [5])","([0, 0, 0, 0, 0, 1], [5])",-0.0,-0.0,-0.0,-0.0,-0.0,-0.0,0.0,0.374215,-8.685774999999989,0.32716449925280994
185,"([0.23, 0.04, 0.05, 0.02, 0.14, 0.52], [1])","([0, 0, 0, 0, 0, 1], [5])",-0.0,-0.852,-0.0,-0.0,-0.0,-0.0,-0.852,0.374215,-8.207989999999988,0.32716449925280994
186,"([0.23, 0.04, 0.05, 0.02, 0.14, 0.52], [5])","([0, 0, 0, 0, 0, 1], [5])",-0.0,-0.0,-0.0,-0.0,-0.0,-0.0,0.0,0.374215,-8.582204999999988,0.32716449925280994
187,"([0.23, 0.04, 0.05, 0.02, 0.14, 0.52], [5])","([0, 0, 0, 0, 0, 1], [5])",-0.0,-0.0,-0.0,-0.0,-0.0,-0.0,0.0,0.374215,-8.956419999999987,0.32716449925280994
188,"([0.23, 0.04, 0.05, 0.02, 0.14, 0.52], [5])","([0, 0, 0, 0, 0, 1], [5])",-0.0,-0.0,-0.0,-0.0,-0.0,-0.0,0.0,0.374215,-9.330634999999987,0.32716449925280994
189,"([0.23, 0.04, 0.05, 0.02, 0.14, 0.52], [5])","([0, 0, 0, 0, 0, 1], [5])",-0.0,-0.0,-0.0,-0.0,-0.0,-0.0,0.0,0.374215,-9.704849999999986,0.32716449925280994
190,"([0.23, 0.04, 0.05, 0.02, 0.14, 0.52], [5])","([0, 0, 0, 0, 0, 1], [5])",-0.0,-0.0,-0.0,-0.0,-0.0,-0.0,0.0,0.374215,-10.079064999999986,0.32716449925280994
191,"([0.23, 0.04, 0.05, 0.02, 0.14, 0.52], [5])","([0, 0, 0, 0, 0, 1], [5])",-0.0,-0.0,-0.0,-0.0,-0.0,-0.0,0.0,0.374215,-10.453279999999985,0.32716449925280994
192,"([0.23, 0.04, 0.05, 0.02, 0.14, 0.52], [5])","([0, 0, 0, 0, 0, 1], [5])",-0.0,-0.0,-0.0,-0.0,-0.0,-0.0,0.0,0.374215,-10.827494999999985,0.32716449925280994
193,"([0.23, 0.04, 0.05, 0.02, 0.14, 0.52], [5])","([0, 0, 0, 0, 0, 1], [5])",-0.0,-0.0,-0.0,-0.0,-0.0,-0.0,0.0,0.374215,-11.201709999999984,0.32716449925280994
194,"([0.23, 0.04, 0.05, 0.02, 0.14, 0.52], [1])","([0, 0, 0, 0, 0, 1], [5])",-0.0,-0.852,-0.0,-0.0,-0.0,-0.0,-0.852,0.374215,-10.723924999999983,0.32716449925280994
195,"([0.23, 0.04, 0.05, 0.02, 0.14, 0.52], [0])","([0, 0, 0, 0, 0, 1], [5])",-0.715,-0.0,-0.0,-0.0,-0.0,-0.0,-0.715,0.374215,-10.383139999999983,0.32716449925280994
196,"([0.23, 0.04, 0.05, 0.02, 0.14, 0.52], [5])","([0, 0, 0, 0, 0, 1], [5])",-0.0,-0.0,-0.0,-0.0,-0.0,-0.0,0.0,0.374215,-10.757354999999983,0.32716449925280994
197,"([0.23, 0.04, 0.05, 0.02, 0.14, 0.52], [5])","([0, 0, 0, 0, 0, 1], [5])",-0.0,-0.0,-0.0,-0.0,-0.0,-0.0,0.0,0.374215,-11.131569999999982,0.32716449925280994
198,"([0.23, 0.04, 0.05, 0.02, 0.14, 0.52], [0])","([0, 0, 0, 0, 0, 1], [5])",-0.715,-0.0,-0.0,-0.0,-0.0,-0.0,-0.715,0.374215,-10.790784999999982,0.32716449925280994
199,"([0.23, 0.04, 0.05, 0.02, 0.14, 0.52], [4])","([0, 0, 0, 0, 0, 1], [5])",-0.0,-0.0,-0.0,-0.0,-0.845,-0.0,-0.845,0.374215,-10.319999999999983,0.32716449925280994
