,sto-1,FB-0,feedback target 0,feedback target 1,feedback target 2,feedback target 3,feedback target 4,total,exp_loss,actual_regret,exp_regret
0,"([0.26, 0.12, 0.33, 0.23, 0.07], [3])","([1, 0, 0, 0, 0], [0])",-0.0,-0.0,-0.0,-0.888,-0.0,-0.888,0.6585000000000001,0.289608,0.06010800000000005
1,"([0.26, 0.12, 0.33, 0.23, 0.07], [3])","([0, 0, 1, 0, 0], [2])",-0.0,-0.0,-0.0,-0.888,-0.0,-0.888,0.598392,0.579216,0.06010800000000005
2,"([0.26, 0.12, 0.33, 0.23, 0.07], [3])","([0, 0, 1, 0, 0], [2])",-0.0,-0.0,-0.0,-0.888,-0.0,-0.888,0.598392,0.8688239999999999,0.06010800000000005
3,"([0.26, 0.12, 0.33, 0.23, 0.07], [2])","([0, 0, 1, 0, 0], [2])",-0.0,-0.0,-0.0,-0.0,-0.0,0.0,0.598392,0.2704319999999999,0.06010800000000005
4,"([0.26, 0.12, 0.33, 0.23, 0.07], [3])","([0, 0, 1, 0, 0], [2])",-0.0,-0.0,-0.0,-0.888,-0.0,-0.888,0.598392,0.5600399999999999,0.06010800000000005
5,"([0.26, 0.12, 0.33, 0.23, 0.07], [0])","([0, 0, 1, 0, 0], [2])",-0.8540000000000001,-0.0,-0.0,-0.0,-0.0,-0.8540000000000001,0.598392,0.8156479999999999,0.06010800000000005
6,"([0.26, 0.12, 0.33, 0.23, 0.07], [1])","([0, 0, 1, 0, 0], [2])",-0.0,-0.9520000000000001,-0.0,-0.0,-0.0,-0.9520000000000001,0.598392,1.1692559999999999,0.06010800000000005
7,"([0.26, 0.12, 0.33, 0.23, 0.07], [3])","([0, 0, 1, 0, 0], [2])",-0.0,-0.0,-0.0,-0.888,-0.0,-0.888,0.598392,1.4588639999999997,0.06010800000000005
8,"([0.26, 0.12, 0.33, 0.23, 0.07], [2])","([0, 0, 1, 0, 0], [2])",-0.0,-0.0,-0.0,-0.0,-0.0,0.0,0.598392,0.8604719999999997,0.06010800000000005
9,"([0.26, 0.12, 0.33, 0.23, 0.07], [2])","([0, 0, 1, 0, 0], [2])",-0.0,-0.0,-0.0,-0.0,-0.0,0.0,0.598392,0.26207999999999965,0.06010800000000005
10,"([0.26, 0.12, 0.33, 0.23, 0.07], [3])","([0, 0, 1, 0, 0], [2])",-0.0,-0.0,-0.0,-0.888,-0.0,-0.888,0.598392,0.5516879999999996,0.06010800000000005
11,"([0.26, 0.12, 0.33, 0.23, 0.07], [2])","([0, 0, 1, 0, 0], [2])",-0.0,-0.0,-0.0,-0.0,-0.0,0.0,0.598392,-0.04670400000000041,0.06010800000000005
12,"([0.26, 0.12, 0.33, 0.23, 0.07], [4])","([0, 0, 1, 0, 0], [2])",-0.0,-0.0,-0.0,-0.0,-0.93,-0.93,0.598392,0.2849039999999996,0.06010800000000005
13,"([0.26, 0.12, 0.33, 0.23, 0.07], [0])","([0, 0, 1, 0, 0], [2])",-0.8540000000000001,-0.0,-0.0,-0.0,-0.0,-0.8540000000000001,0.598392,0.5405119999999997,0.06010800000000005
14,"([0.26, 0.12, 0.33, 0.23, 0.07], [2])","([0, 0, 1, 0, 0], [2])",-0.0,-0.0,-0.0,-0.0,-0.0,0.0,0.598392,-0.057880000000000376,0.06010800000000005
15,"([0.26, 0.12, 0.33, 0.23, 0.07], [1])","([0, 0, 1, 0, 0], [2])",-0.0,-0.9520000000000001,-0.0,-0.0,-0.0,-0.9520000000000001,0.598392,0.29572799999999966,0.06010800000000005
16,"([0.26, 0.12, 0.33, 0.23, 0.07], [2])","([0, 0, 1, 0, 0], [2])",-0.0,-0.0,-0.0,-0.0,-0.0,0.0,0.598392,-0.3026640000000004,0.06010800000000005
17,"([0.26, 0.12, 0.33, 0.23, 0.07], [4])","([0, 0, 1, 0, 0], [2])",-0.0,-0.0,-0.0,-0.0,-0.93,-0.93,0.598392,0.028943999999999637,0.06010800000000005
18,"([0.26, 0.12, 0.33, 0.23, 0.07], [4])","([0, 0, 1, 0, 0], [2])",-0.0,-0.0,-0.0,-0.0,-0.93,-0.93,0.598392,0.36055199999999965,0.06010800000000005
19,"([0.26, 0.12, 0.33, 0.23, 0.07], [3])","([0, 0, 1, 0, 0], [2])",-0.0,-0.0,-0.0,-0.888,-0.0,-0.888,0.598392,0.6501599999999996,0.06010800000000005
20,"([0.26, 0.12, 0.33, 0.23, 0.07], [1])","([0, 0, 1, 0, 0], [2])",-0.0,-0.9520000000000001,-0.0,-0.0,-0.0,-0.9520000000000001,0.598392,1.0037679999999995,0.06010800000000005
21,"([0.26, 0.12, 0.33, 0.23, 0.07], [2])","([0, 0, 1, 0, 0], [2])",-0.0,-0.0,-0.0,-0.0,-0.0,0.0,0.598392,0.4053759999999995,0.06010800000000005
22,"([0.26, 0.12, 0.33, 0.23, 0.07], [2])","([0, 0, 1, 0, 0], [2])",-0.0,-0.0,-0.0,-0.0,-0.0,0.0,0.598392,-0.19301600000000052,0.06010800000000005
23,"([0.26, 0.12, 0.33, 0.23, 0.07], [1])","([0, 0, 1, 0, 0], [2])",-0.0,-0.9520000000000001,-0.0,-0.0,-0.0,-0.9520000000000001,0.598392,0.1605919999999995,0.06010800000000005
24,"([0.26, 0.12, 0.33, 0.23, 0.07], [2])","([0, 0, 1, 0, 0], [2])",-0.0,-0.0,-0.0,-0.0,-0.0,0.0,0.598392,-0.4378000000000005,0.06010800000000005
25,"([0.26, 0.12, 0.33, 0.23, 0.07], [1])","([0, 0, 1, 0, 0], [2])",-0.0,-0.9520000000000001,-0.0,-0.0,-0.0,-0.9520000000000001,0.598392,-0.08419200000000049,0.06010800000000005
26,"([0.26, 0.12, 0.33, 0.23, 0.07], [0])","([0, 0, 1, 0, 0], [2])",-0.8540000000000001,-0.0,-0.0,-0.0,-0.0,-0.8540000000000001,0.598392,0.17141599999999957,0.06010800000000005
27,"([0.26, 0.12, 0.33, 0.23, 0.07], [1])","([0, 0, 1, 0, 0], [2])",-0.0,-0.9520000000000001,-0.0,-0.0,-0.0,-0.9520000000000001,0.598392,0.5250239999999996,0.06010800000000005
28,"([0.26, 0.12, 0.33, 0.23, 0.07], [3])","([0, 0, 1, 0, 0], [2])",-0.0,-0.0,-0.0,-0.888,-0.0,-0.888,0.598392,0.8146319999999996,0.06010800000000005
29,"([0.26, 0.12, 0.33, 0.23, 0.07], [0])","([0, 0, 1, 0, 0], [2])",-0.8540000000000001,-0.0,-0.0,-0.0,-0.0,-0.8540000000000001,0.598392,1.0702399999999996,0.06010800000000005
30,"([0.26, 0.12, 0.33, 0.23, 0.07], [1])","([0, 0, 1, 0, 0], [2])",-0.0,-0.9520000000000001,-0.0,-0.0,-0.0,-0.9520000000000001,0.598392,1.4238479999999996,0.06010800000000005
31,"([0.26, 0.12, 0.33, 0.23, 0.07], [0])","([0, 0, 1, 0, 0], [2])",-0.8540000000000001,-0.0,-0.0,-0.0,-0.0,-0.8540000000000001,0.598392,1.6794559999999996,0.06010800000000005
32,"([0.26, 0.12, 0.33, 0.23, 0.07], [0])","([0, 0, 1, 0, 0], [2])",-0.8540000000000001,-0.0,-0.0,-0.0,-0.0,-0.8540000000000001,0.598392,1.9350639999999997,0.06010800000000005
33,"([0.26, 0.12, 0.33, 0.23, 0.07], [3])","([0, 0, 1, 0, 0], [2])",-0.0,-0.0,-0.0,-0.888,-0.0,-0.888,0.598392,2.2246719999999995,0.06010800000000005
34,"([0.26, 0.12, 0.33, 0.23, 0.07], [0])","([0, 0, 1, 0, 0], [2])",-0.8540000000000001,-0.0,-0.0,-0.0,-0.0,-0.8540000000000001,0.598392,2.4802799999999996,0.06010800000000005
35,"([0.26, 0.12, 0.33, 0.23, 0.07], [1])","([0, 0, 1, 0, 0], [2])",-0.0,-0.9520000000000001,-0.0,-0.0,-0.0,-0.9520000000000001,0.598392,2.8338879999999995,0.06010800000000005
36,"([0.26, 0.12, 0.33, 0.23, 0.07], [0])","([0, 0, 1, 0, 0], [2])",-0.8540000000000001,-0.0,-0.0,-0.0,-0.0,-0.8540000000000001,0.598392,3.0894959999999996,0.06010800000000005
37,"([0.26, 0.12, 0.33, 0.23, 0.07], [1])","([0, 0, 1, 0, 0], [2])",-0.0,-0.9520000000000001,-0.0,-0.0,-0.0,-0.9520000000000001,0.598392,3.4431039999999995,0.06010800000000005
38,"([0.26, 0.12, 0.33, 0.23, 0.07], [2])","([0, 0, 1, 0, 0], [2])",-0.0,-0.0,-0.0,-0.0,-0.0,0.0,0.598392,2.8447119999999995,0.06010800000000005
39,"([0.26, 0.12, 0.33, 0.23, 0.07], [0])","([0, 0, 1, 0, 0], [2])",-0.8540000000000001,-0.0,-0.0,-0.0,-0.0,-0.8540000000000001,0.598392,3.1003199999999995,0.06010800000000005
40,"([0.26, 0.12, 0.33, 0.23, 0.07], [3])","([0, 0, 1, 0, 0], [2])",-0.0,-0.0,-0.0,-0.888,-0.0,-0.888,0.598392,3.3899279999999994,0.06010800000000005
41,"([0.26, 0.12, 0.33, 0.23, 0.07], [3])","([0, 0, 1, 0, 0], [2])",-0.0,-0.0,-0.0,-0.888,-0.0,-0.888,0.598392,3.6795359999999993,0.06010800000000005
42,"([0.26, 0.12, 0.33, 0.23, 0.07], [2])","([0, 0, 1, 0, 0], [2])",-0.0,-0.0,-0.0,-0.0,-0.0,0.0,0.598392,3.081143999999999,0.06010800000000005
43,"([0.26, 0.12, 0.33, 0.23, 0.07], [4])","([0, 0, 1, 0, 0], [2])",-0.0,-0.0,-0.0,-0.0,-0.93,-0.93,0.598392,3.4127519999999993,0.06010800000000005
44,"([0.26, 0.12, 0.33, 0.23, 0.07], [3])","([0, 0, 1, 0, 0], [2])",-0.0,-0.0,-0.0,-0.888,-0.0,-0.888,0.598392,3.702359999999999,0.06010800000000005
45,"([0.26, 0.12, 0.33, 0.23, 0.07], [2])","([0, 0, 1, 0, 0], [2])",-0.0,-0.0,-0.0,-0.0,-0.0,0.0,0.598392,3.103967999999999,0.06010800000000005
46,"([0.26, 0.12, 0.33, 0.23, 0.07], [3])","([0, 0, 1, 0, 0], [2])",-0.0,-0.0,-0.0,-0.888,-0.0,-0.888,0.598392,3.393575999999999,0.06010800000000005
47,"([0.26, 0.12, 0.33, 0.23, 0.07], [0])","([0, 0, 1, 0, 0], [2])",-0.8540000000000001,-0.0,-0.0,-0.0,-0.0,-0.8540000000000001,0.598392,3.649183999999999,0.06010800000000005
48,"([0.26, 0.12, 0.33, 0.23, 0.07], [2])","([0, 0, 1, 0, 0], [2])",-0.0,-0.0,-0.0,-0.0,-0.0,0.0,0.598392,3.050791999999999,0.06010800000000005
49,"([0.26, 0.12, 0.33, 0.23, 0.07], [2])","([0, 0, 1, 0, 0], [2])",-0.0,-0.0,-0.0,-0.0,-0.0,0.0,0.598392,2.452399999999999,0.06010800000000005
50,"([0.26, 0.12, 0.33, 0.23, 0.07], [3])","([0, 0, 1, 0, 0], [2])",-0.0,-0.0,-0.0,-0.888,-0.0,-0.888,0.598392,2.742007999999999,0.06010800000000005
51,"([0.26, 0.12, 0.33, 0.23, 0.07], [0])","([0, 0, 1, 0, 0], [2])",-0.8540000000000001,-0.0,-0.0,-0.0,-0.0,-0.8540000000000001,0.598392,2.997615999999999,0.06010800000000005
52,"([0.26, 0.12, 0.33, 0.23, 0.07], [3])","([0, 0, 1, 0, 0], [2])",-0.0,-0.0,-0.0,-0.888,-0.0,-0.888,0.598392,3.287223999999999,0.06010800000000005
53,"([0.26, 0.12, 0.33, 0.23, 0.07], [2])","([0, 0, 1, 0, 0], [2])",-0.0,-0.0,-0.0,-0.0,-0.0,0.0,0.598392,2.688831999999999,0.06010800000000005
54,"([0.26, 0.12, 0.33, 0.23, 0.07], [3])","([0, 0, 1, 0, 0], [2])",-0.0,-0.0,-0.0,-0.888,-0.0,-0.888,0.598392,2.9784399999999986,0.06010800000000005
55,"([0.26, 0.12, 0.33, 0.23, 0.07], [3])","([0, 0, 1, 0, 0], [2])",-0.0,-0.0,-0.0,-0.888,-0.0,-0.888,0.598392,3.2680479999999985,0.06010800000000005
56,"([0.26, 0.12, 0.33, 0.23, 0.07], [0])","([0, 0, 1, 0, 0], [2])",-0.8540000000000001,-0.0,-0.0,-0.0,-0.0,-0.8540000000000001,0.598392,3.5236559999999986,0.06010800000000005
57,"([0.26, 0.12, 0.33, 0.23, 0.07], [3])","([0, 0, 1, 0, 0], [2])",-0.0,-0.0,-0.0,-0.888,-0.0,-0.888,0.598392,3.8132639999999984,0.06010800000000005
58,"([0.26, 0.12, 0.33, 0.23, 0.07], [1])","([0, 0, 1, 0, 0], [2])",-0.0,-0.9520000000000001,-0.0,-0.0,-0.0,-0.9520000000000001,0.598392,4.166871999999999,0.06010800000000005
59,"([0.26, 0.12, 0.33, 0.23, 0.07], [2])","([0, 0, 1, 0, 0], [2])",-0.0,-0.0,-0.0,-0.0,-0.0,0.0,0.598392,3.5684799999999988,0.06010800000000005
60,"([0.26, 0.12, 0.33, 0.23, 0.07], [4])","([0, 0, 1, 0, 0], [2])",-0.0,-0.0,-0.0,-0.0,-0.93,-0.93,0.598392,3.900087999999999,0.06010800000000005
61,"([0.26, 0.12, 0.33, 0.23, 0.07], [3])","([0, 0, 1, 0, 0], [2])",-0.0,-0.0,-0.0,-0.888,-0.0,-0.888,0.598392,4.189695999999999,0.06010800000000005
62,"([0.26, 0.12, 0.33, 0.23, 0.07], [0])","([0, 0, 1, 0, 0], [2])",-0.8540000000000001,-0.0,-0.0,-0.0,-0.0,-0.8540000000000001,0.598392,4.445303999999998,0.06010800000000005
63,"([0.26, 0.12, 0.33, 0.23, 0.07], [0])","([0, 0, 1, 0, 0], [2])",-0.8540000000000001,-0.0,-0.0,-0.0,-0.0,-0.8540000000000001,0.598392,4.700911999999999,0.06010800000000005
64,"([0.26, 0.12, 0.33, 0.23, 0.07], [1])","([0, 0, 1, 0, 0], [2])",-0.0,-0.9520000000000001,-0.0,-0.0,-0.0,-0.9520000000000001,0.598392,5.054519999999999,0.06010800000000005
65,"([0.26, 0.12, 0.33, 0.23, 0.07], [0])","([0, 0, 1, 0, 0], [2])",-0.8540000000000001,-0.0,-0.0,-0.0,-0.0,-0.8540000000000001,0.598392,5.310127999999999,0.06010800000000005
66,"([0.26, 0.12, 0.33, 0.23, 0.07], [0])","([0, 0, 1, 0, 0], [2])",-0.8540000000000001,-0.0,-0.0,-0.0,-0.0,-0.8540000000000001,0.598392,5.565735999999999,0.06010800000000005
67,"([0.26, 0.12, 0.33, 0.23, 0.07], [2])","([0, 0, 1, 0, 0], [2])",-0.0,-0.0,-0.0,-0.0,-0.0,0.0,0.598392,4.967343999999999,0.06010800000000005
68,"([0.26, 0.12, 0.33, 0.23, 0.07], [3])","([0, 0, 1, 0, 0], [2])",-0.0,-0.0,-0.0,-0.888,-0.0,-0.888,0.598392,5.256951999999999,0.06010800000000005
69,"([0.26, 0.12, 0.33, 0.23, 0.07], [4])","([0, 0, 1, 0, 0], [2])",-0.0,-0.0,-0.0,-0.0,-0.93,-0.93,0.598392,5.588559999999999,0.06010800000000005
70,"([0.26, 0.12, 0.33, 0.23, 0.07], [2])","([0, 0, 1, 0, 0], [2])",-0.0,-0.0,-0.0,-0.0,-0.0,0.0,0.598392,4.990167999999999,0.06010800000000005
71,"([0.26, 0.12, 0.33, 0.23, 0.07], [1])","([0, 0, 1, 0, 0], [2])",-0.0,-0.9520000000000001,-0.0,-0.0,-0.0,-0.9520000000000001,0.598392,5.343775999999999,0.06010800000000005
72,"([0.26, 0.12, 0.33, 0.23, 0.07], [2])","([0, 0, 1, 0, 0], [2])",-0.0,-0.0,-0.0,-0.0,-0.0,0.0,0.598392,4.745384,0.06010800000000005
73,"([0.26, 0.12, 0.33, 0.23, 0.07], [3])","([0, 0, 1, 0, 0], [2])",-0.0,-0.0,-0.0,-0.888,-0.0,-0.888,0.598392,5.034992,0.06010800000000005
74,"([0.26, 0.12, 0.33, 0.23, 0.07], [2])","([0, 0, 1, 0, 0], [2])",-0.0,-0.0,-0.0,-0.0,-0.0,0.0,0.598392,4.4366,0.06010800000000005
75,"([0.26, 0.12, 0.33, 0.23, 0.07], [2])","([0, 0, 1, 0, 0], [2])",-0.0,-0.0,-0.0,-0.0,-0.0,0.0,0.598392,3.8382080000000003,0.06010800000000005
76,"([0.26, 0.12, 0.33, 0.23, 0.07], [0])","([0, 0, 1, 0, 0], [2])",-0.8540000000000001,-0.0,-0.0,-0.0,-0.0,-0.8540000000000001,0.598392,4.093816,0.06010800000000005
77,"([0.26, 0.12, 0.33, 0.23, 0.07], [0])","([0, 0, 1, 0, 0], [2])",-0.8540000000000001,-0.0,-0.0,-0.0,-0.0,-0.8540000000000001,0.598392,4.349424000000001,0.06010800000000005
78,"([0.26, 0.12, 0.33, 0.23, 0.07], [0])","([0, 0, 1, 0, 0], [2])",-0.8540000000000001,-0.0,-0.0,-0.0,-0.0,-0.8540000000000001,0.598392,4.605032000000001,0.06010800000000005
79,"([0.26, 0.12, 0.33, 0.23, 0.07], [0])","([0, 0, 1, 0, 0], [2])",-0.8540000000000001,-0.0,-0.0,-0.0,-0.0,-0.8540000000000001,0.598392,4.860640000000002,0.06010800000000005
80,"([0.26, 0.12, 0.33, 0.23, 0.07], [2])","([0, 0, 1, 0, 0], [2])",-0.0,-0.0,-0.0,-0.0,-0.0,0.0,0.598392,4.262248000000001,0.06010800000000005
81,"([0.26, 0.12, 0.33, 0.23, 0.07], [1])","([0, 0, 1, 0, 0], [2])",-0.0,-0.9520000000000001,-0.0,-0.0,-0.0,-0.9520000000000001,0.598392,4.615856000000002,0.06010800000000005
82,"([0.26, 0.12, 0.33, 0.23, 0.07], [3])","([0, 0, 1, 0, 0], [2])",-0.0,-0.0,-0.0,-0.888,-0.0,-0.888,0.598392,4.905464000000002,0.06010800000000005
83,"([0.26, 0.12, 0.33, 0.23, 0.07], [2])","([0, 0, 1, 0, 0], [2])",-0.0,-0.0,-0.0,-0.0,-0.0,0.0,0.598392,4.307072000000002,0.06010800000000005
84,"([0.26, 0.12, 0.33, 0.23, 0.07], [2])","([0, 0, 1, 0, 0], [2])",-0.0,-0.0,-0.0,-0.0,-0.0,0.0,0.598392,3.7086800000000015,0.06010800000000005
85,"([0.26, 0.12, 0.33, 0.23, 0.07], [1])","([0, 0, 1, 0, 0], [2])",-0.0,-0.9520000000000001,-0.0,-0.0,-0.0,-0.9520000000000001,0.598392,4.0622880000000015,0.06010800000000005
86,"([0.26, 0.12, 0.33, 0.23, 0.07], [0])","([0, 0, 1, 0, 0], [2])",-0.8540000000000001,-0.0,-0.0,-0.0,-0.0,-0.8540000000000001,0.598392,4.317896000000001,0.06010800000000005
87,"([0.26, 0.12, 0.33, 0.23, 0.07], [3])","([0, 0, 1, 0, 0], [2])",-0.0,-0.0,-0.0,-0.888,-0.0,-0.888,0.598392,4.607504000000001,0.06010800000000005
88,"([0.26, 0.12, 0.33, 0.23, 0.07], [0])","([0, 0, 1, 0, 0], [2])",-0.8540000000000001,-0.0,-0.0,-0.0,-0.0,-0.8540000000000001,0.598392,4.863112000000001,0.06010800000000005
89,"([0.26, 0.12, 0.33, 0.23, 0.07], [2])","([0, 0, 1, 0, 0], [2])",-0.0,-0.0,-0.0,-0.0,-0.0,0.0,0.598392,4.2647200000000005,0.06010800000000005
90,"([0.26, 0.12, 0.33, 0.23, 0.07], [2])","([0, 0, 1, 0, 0], [2])",-0.0,-0.0,-0.0,-0.0,-0.0,0.0,0.598392,3.6663280000000005,0.06010800000000005
91,"([0.26, 0.12, 0.33, 0.23, 0.07], [0])","([0, 0, 1, 0, 0], [2])",-0.8540000000000001,-0.0,-0.0,-0.0,-0.0,-0.8540000000000001,0.598392,3.9219360000000005,0.06010800000000005
92,"([0.26, 0.12, 0.33, 0.23, 0.07], [4])","([0, 0, 1, 0, 0], [2])",-0.0,-0.0,-0.0,-0.0,-0.93,-0.93,0.598392,4.253544000000001,0.06010800000000005
93,"([0.26, 0.12, 0.33, 0.23, 0.07], [2])","([0, 0, 1, 0, 0], [2])",-0.0,-0.0,-0.0,-0.0,-0.0,0.0,0.598392,3.6551520000000006,0.06010800000000005
94,"([0.26, 0.12, 0.33, 0.23, 0.07], [2])","([0, 0, 1, 0, 0], [2])",-0.0,-0.0,-0.0,-0.0,-0.0,0.0,0.598392,3.0567600000000006,0.06010800000000005
95,"([0.26, 0.12, 0.33, 0.23, 0.07], [3])","([0, 0, 1, 0, 0], [2])",-0.0,-0.0,-0.0,-0.888,-0.0,-0.888,0.598392,3.3463680000000005,0.06010800000000005
96,"([0.26, 0.12, 0.33, 0.23, 0.07], [4])","([0, 0, 1, 0, 0], [2])",-0.0,-0.0,-0.0,-0.0,-0.93,-0.93,0.598392,3.6779760000000006,0.06010800000000005
97,"([0.26, 0.12, 0.33, 0.23, 0.07], [3])","([0, 0, 1, 0, 0], [2])",-0.0,-0.0,-0.0,-0.888,-0.0,-0.888,0.598392,3.9675840000000004,0.06010800000000005
98,"([0.26, 0.12, 0.33, 0.23, 0.07], [3])","([0, 0, 1, 0, 0], [2])",-0.0,-0.0,-0.0,-0.888,-0.0,-0.888,0.598392,4.257192000000001,0.06010800000000005
99,"([0.26, 0.12, 0.33, 0.23, 0.07], [3])","([0, 0, 1, 0, 0], [2])",-0.0,-0.0,-0.0,-0.888,-0.0,-0.888,0.598392,4.546800000000001,0.06010800000000005
