,sto-1,FB-0,feedback target 0,feedback target 1,feedback target 2,feedback target 3,feedback target 4,feedback target 5,total,exp_loss,actual_regret,exp_regret
0,"([0.14, 0.14, 0.39, 0.1, 0.16, 0.07], [1])","([0.15, 0.18, 0.12, 0.21, 0.21, 0.12], [4])",-0.0,-0.917,-0.0,-0.0,-0.0,-0.0,-0.917,0.7434712145962503,0.3484100000000001,0.1748812145962504
1,"([0.14, 0.14, 0.39, 0.1, 0.16, 0.07], [2])","([0.0, 1.0, 0.0, 0.0, 0.0, 0.0], [1])",-0.0,-0.0,-0.8220000000000001,-0.0,-0.0,-0.0,-0.8220000000000001,0.7537389999999999,0.6018200000000002,0.3600302145962504
2,"([0.14, 0.14, 0.39, 0.1, 0.16, 0.07], [1])","([0.0, 1.0, 0.0, 0.0, 0.0, 0.0], [1])",-0.0,-0.0,-0.0,-0.0,-0.0,-0.0,0.0,0.7537389999999999,0.033230000000000315,0.5451792145962504
3,"([0.14, 0.14, 0.39, 0.1, 0.16, 0.07], [2])","([0.0, 1.0, 0.0, 0.0, 0.0, 0.0], [1])",-0.0,-0.0,-0.8220000000000001,-0.0,-0.0,-0.0,-0.8220000000000001,0.7537389999999999,0.28664000000000045,0.7303282145962504
4,"([0.14, 0.14, 0.39, 0.1, 0.16, 0.07], [1])","([0.0, 1.0, 0.0, 0.0, 0.0, 0.0], [1])",-0.0,-0.0,-0.0,-0.0,-0.0,-0.0,0.0,0.7537389999999999,-0.2819499999999995,0.9154772145962504
5,"([0.14, 0.14, 0.39, 0.1, 0.16, 0.07], [0])","([0.0, 1.0, 0.0, 0.0, 0.0, 0.0], [1])",-0.855,-0.0,-0.0,-0.0,-0.0,-0.0,-0.855,0.7537389999999999,0.004460000000000575,1.1006262145962504
6,"([0.14, 0.14, 0.39, 0.1, 0.16, 0.07], [1])","([0.0, 1.0, 0.0, 0.0, 0.0, 0.0], [1])",-0.0,-0.0,-0.0,-0.0,-0.0,-0.0,0.0,0.7537389999999999,-0.5641299999999994,1.2857752145962504
7,"([0.14, 0.14, 0.39, 0.1, 0.16, 0.07], [1])","([0.0, 1.0, 0.0, 0.0, 0.0, 0.0], [1])",-0.0,-0.0,-0.0,-0.0,-0.0,-0.0,0.0,0.7537389999999999,-1.1327199999999993,1.4709242145962504
8,"([0.14, 0.14, 0.39, 0.1, 0.16, 0.07], [0])","([0.0, 1.0, 0.0, 0.0, 0.0, 0.0], [1])",-0.855,-0.0,-0.0,-0.0,-0.0,-0.0,-0.855,0.7537389999999999,-0.8463099999999992,1.6560732145962505
9,"([0.14, 0.14, 0.39, 0.1, 0.16, 0.07], [2])","([0.0, 1.0, 0.0, 0.0, 0.0, 0.0], [1])",-0.0,-0.0,-0.8220000000000001,-0.0,-0.0,-0.0,-0.8220000000000001,0.7537389999999999,-0.5928999999999991,1.8412222145962505
10,"([0.14, 0.14, 0.39, 0.1, 0.16, 0.07], [4])","([0.0, 1.0, 0.0, 0.0, 0.0, 0.0], [1])",-0.0,-0.0,-0.0,-0.0,-0.998,-0.0,-0.998,0.7537389999999999,-0.16348999999999902,2.0263712145962502
11,"([0.14, 0.14, 0.39, 0.1, 0.16, 0.07], [4])","([0.0, 1.0, 0.0, 0.0, 0.0, 0.0], [1])",-0.0,-0.0,-0.0,-0.0,-0.998,-0.0,-0.998,0.7537389999999999,0.26592000000000104,2.2115202145962503
12,"([0.14, 0.14, 0.39, 0.1, 0.16, 0.07], [2])","([0.0, 1.0, 0.0, 0.0, 0.0, 0.0], [1])",-0.0,-0.0,-0.8220000000000001,-0.0,-0.0,-0.0,-0.8220000000000001,0.7537389999999999,0.5193300000000012,2.3966692145962503
13,"([0.14, 0.14, 0.39, 0.1, 0.16, 0.07], [3])","([0.0, 1.0, 0.0, 0.0, 0.0, 0.0], [1])",-0.0,-0.0,-0.0,-0.9990000000000001,-0.0,-0.0,-0.9990000000000001,0.7537389999999999,0.9497400000000014,2.5818182145962503
14,"([0.14, 0.14, 0.39, 0.1, 0.16, 0.07], [3])","([0.0, 1.0, 0.0, 0.0, 0.0, 0.0], [1])",-0.0,-0.0,-0.0,-0.9990000000000001,-0.0,-0.0,-0.9990000000000001,0.7537389999999999,1.3801500000000015,2.7669672145962503
15,"([0.14, 0.14, 0.39, 0.1, 0.16, 0.07], [4])","([0.0, 0.0, 1.0, 0.0, 0.0, 0.0], [2])",-0.0,-0.0,-0.0,-0.0,-0.998,-0.0,-0.998,0.5685899999999999,1.8095600000000016,2.7669672145962503
16,"([0.14, 0.14, 0.39, 0.1, 0.16, 0.07], [1])","([0.0, 1.0, 0.0, 0.0, 0.0, 0.0], [1])",-0.0,-0.0,-0.0,-0.0,-0.0,-0.0,0.0,0.7537389999999999,1.2409700000000017,2.9521162145962503
17,"([0.14, 0.14, 0.39, 0.1, 0.16, 0.07], [2])","([0.0, 1.0, 0.0, 0.0, 0.0, 0.0], [1])",-0.0,-0.0,-0.8220000000000001,-0.0,-0.0,-0.0,-0.8220000000000001,0.7537389999999999,1.4943800000000018,3.1372652145962503
18,"([0.14, 0.14, 0.39, 0.1, 0.16, 0.07], [5])","([0.0, 1.0, 0.0, 0.0, 0.0, 0.0], [1])",-0.0,-0.0,-0.0,-0.0,-0.0,-0.823,-0.823,0.7537389999999999,1.7487900000000018,3.3224142145962503
19,"([0.14, 0.14, 0.39, 0.1, 0.16, 0.07], [0])","([0.0, 1.0, 0.0, 0.0, 0.0, 0.0], [1])",-0.855,-0.0,-0.0,-0.0,-0.0,-0.0,-0.855,0.7537389999999999,2.035200000000002,3.5075632145962503
20,"([0.14, 0.14, 0.39, 0.1, 0.16, 0.07], [3])","([0.0, 1.0, 0.0, 0.0, 0.0, 0.0], [1])",-0.0,-0.0,-0.0,-0.9990000000000001,-0.0,-0.0,-0.9990000000000001,0.7537389999999999,2.465610000000002,3.6927122145962503
21,"([0.14, 0.14, 0.39, 0.1, 0.16, 0.07], [3])","([0.0, 1.0, 0.0, 0.0, 0.0, 0.0], [1])",-0.0,-0.0,-0.0,-0.9990000000000001,-0.0,-0.0,-0.9990000000000001,0.7537389999999999,2.8960200000000023,3.8778612145962503
22,"([0.14, 0.14, 0.39, 0.1, 0.16, 0.07], [2])","([0.0, 1.0, 0.0, 0.0, 0.0, 0.0], [1])",-0.0,-0.0,-0.8220000000000001,-0.0,-0.0,-0.0,-0.8220000000000001,0.7537389999999999,3.1494300000000024,4.06301021459625
23,"([0.14, 0.14, 0.39, 0.1, 0.16, 0.07], [0])","([0.0, 1.0, 0.0, 0.0, 0.0, 0.0], [1])",-0.855,-0.0,-0.0,-0.0,-0.0,-0.0,-0.855,0.7537389999999999,3.4358400000000024,4.24815921459625
24,"([0.14, 0.14, 0.39, 0.1, 0.16, 0.07], [2])","([0.0, 1.0, 0.0, 0.0, 0.0, 0.0], [1])",-0.0,-0.0,-0.8220000000000001,-0.0,-0.0,-0.0,-0.8220000000000001,0.7537389999999999,3.6892500000000026,4.43330821459625
25,"([0.14, 0.14, 0.39, 0.1, 0.16, 0.07], [1])","([0.0, 1.0, 0.0, 0.0, 0.0, 0.0], [1])",-0.0,-0.0,-0.0,-0.0,-0.0,-0.0,0.0,0.7537389999999999,3.1206600000000027,4.61845721459625
26,"([0.14, 0.14, 0.39, 0.1, 0.16, 0.07], [0])","([0.0, 1.0, 0.0, 0.0, 0.0, 0.0], [1])",-0.855,-0.0,-0.0,-0.0,-0.0,-0.0,-0.855,0.7537389999999999,3.4070700000000027,4.80360621459625
27,"([0.14, 0.14, 0.39, 0.1, 0.16, 0.07], [2])","([0.0, 1.0, 0.0, 0.0, 0.0, 0.0], [1])",-0.0,-0.0,-0.8220000000000001,-0.0,-0.0,-0.0,-0.8220000000000001,0.7537389999999999,3.660480000000003,4.98875521459625
28,"([0.14, 0.14, 0.39, 0.1, 0.16, 0.07], [2])","([0.0, 1.0, 0.0, 0.0, 0.0, 0.0], [1])",-0.0,-0.0,-0.8220000000000001,-0.0,-0.0,-0.0,-0.8220000000000001,0.7537389999999999,3.913890000000003,5.17390421459625
29,"([0.14, 0.14, 0.39, 0.1, 0.16, 0.07], [4])","([0.0, 0.0, 1.0, 0.0, 0.0, 0.0], [2])",-0.0,-0.0,-0.0,-0.0,-0.998,-0.0,-0.998,0.5685899999999999,4.343300000000003,5.17390421459625
30,"([0.14, 0.14, 0.39, 0.1, 0.16, 0.07], [0])","([0.0, 0.0, 1.0, 0.0, 0.0, 0.0], [2])",-0.855,-0.0,-0.0,-0.0,-0.0,-0.0,-0.855,0.5685899999999999,4.629710000000003,5.17390421459625
31,"([0.14, 0.14, 0.39, 0.1, 0.16, 0.07], [2])","([0.0, 0.0, 1.0, 0.0, 0.0, 0.0], [2])",-0.0,-0.0,-0.0,-0.0,-0.0,-0.0,0.0,0.5685899999999999,4.0611200000000025,5.17390421459625
32,"([0.14, 0.14, 0.39, 0.1, 0.16, 0.07], [0])","([0.0, 0.0, 1.0, 0.0, 0.0, 0.0], [2])",-0.855,-0.0,-0.0,-0.0,-0.0,-0.0,-0.855,0.5685899999999999,4.347530000000003,5.17390421459625
33,"([0.14, 0.14, 0.39, 0.1, 0.16, 0.07], [2])","([0.0, 0.0, 1.0, 0.0, 0.0, 0.0], [2])",-0.0,-0.0,-0.0,-0.0,-0.0,-0.0,0.0,0.5685899999999999,3.7789400000000026,5.17390421459625
34,"([0.14, 0.14, 0.39, 0.1, 0.16, 0.07], [5])","([0.0, 0.0, 1.0, 0.0, 0.0, 0.0], [2])",-0.0,-0.0,-0.0,-0.0,-0.0,-0.823,-0.823,0.5685899999999999,4.033350000000002,5.17390421459625
35,"([0.14, 0.14, 0.39, 0.1, 0.16, 0.07], [4])","([0.0, 0.0, 1.0, 0.0, 0.0, 0.0], [2])",-0.0,-0.0,-0.0,-0.0,-0.998,-0.0,-0.998,0.5685899999999999,4.462760000000002,5.17390421459625
36,"([0.14, 0.14, 0.39, 0.1, 0.16, 0.07], [3])","([0.0, 0.0, 1.0, 0.0, 0.0, 0.0], [2])",-0.0,-0.0,-0.0,-0.9990000000000001,-0.0,-0.0,-0.9990000000000001,0.5685899999999999,4.893170000000002,5.17390421459625
37,"([0.14, 0.14, 0.39, 0.1, 0.16, 0.07], [2])","([0.0, 0.0, 1.0, 0.0, 0.0, 0.0], [2])",-0.0,-0.0,-0.0,-0.0,-0.0,-0.0,0.0,0.5685899999999999,4.324580000000003,5.17390421459625
38,"([0.14, 0.14, 0.39, 0.1, 0.16, 0.07], [3])","([0.0, 0.0, 1.0, 0.0, 0.0, 0.0], [2])",-0.0,-0.0,-0.0,-0.9990000000000001,-0.0,-0.0,-0.9990000000000001,0.5685899999999999,4.754990000000003,5.17390421459625
39,"([0.14, 0.14, 0.39, 0.1, 0.16, 0.07], [3])","([0.0, 0.0, 1.0, 0.0, 0.0, 0.0], [2])",-0.0,-0.0,-0.0,-0.9990000000000001,-0.0,-0.0,-0.9990000000000001,0.5685899999999999,5.185400000000003,5.17390421459625
40,"([0.14, 0.14, 0.39, 0.1, 0.16, 0.07], [4])","([0.0, 0.0, 1.0, 0.0, 0.0, 0.0], [2])",-0.0,-0.0,-0.0,-0.0,-0.998,-0.0,-0.998,0.5685899999999999,5.614810000000003,5.17390421459625
41,"([0.14, 0.14, 0.39, 0.1, 0.16, 0.07], [2])","([0.0, 0.0, 1.0, 0.0, 0.0, 0.0], [2])",-0.0,-0.0,-0.0,-0.0,-0.0,-0.0,0.0,0.5685899999999999,5.0462200000000035,5.17390421459625
42,"([0.14, 0.14, 0.39, 0.1, 0.16, 0.07], [1])","([0.0, 0.0, 1.0, 0.0, 0.0, 0.0], [2])",-0.0,-0.917,-0.0,-0.0,-0.0,-0.0,-0.917,0.5685899999999999,5.394630000000004,5.17390421459625
43,"([0.14, 0.14, 0.39, 0.1, 0.16, 0.07], [2])","([0.0, 0.0, 1.0, 0.0, 0.0, 0.0], [2])",-0.0,-0.0,-0.0,-0.0,-0.0,-0.0,0.0,0.5685899999999999,4.826040000000004,5.17390421459625
44,"([0.14, 0.14, 0.39, 0.1, 0.16, 0.07], [1])","([0.0, 0.0, 1.0, 0.0, 0.0, 0.0], [2])",-0.0,-0.917,-0.0,-0.0,-0.0,-0.0,-0.917,0.5685899999999999,5.174450000000005,5.17390421459625
45,"([0.14, 0.14, 0.39, 0.1, 0.16, 0.07], [0])","([0.0, 0.0, 1.0, 0.0, 0.0, 0.0], [2])",-0.855,-0.0,-0.0,-0.0,-0.0,-0.0,-0.855,0.5685899999999999,5.460860000000005,5.17390421459625
46,"([0.14, 0.14, 0.39, 0.1, 0.16, 0.07], [2])","([0.0, 0.0, 1.0, 0.0, 0.0, 0.0], [2])",-0.0,-0.0,-0.0,-0.0,-0.0,-0.0,0.0,0.5685899999999999,4.892270000000005,5.17390421459625
47,"([0.14, 0.14, 0.39, 0.1, 0.16, 0.07], [2])","([0.0, 0.0, 1.0, 0.0, 0.0, 0.0], [2])",-0.0,-0.0,-0.0,-0.0,-0.0,-0.0,0.0,0.5685899999999999,4.323680000000005,5.17390421459625
48,"([0.14, 0.14, 0.39, 0.1, 0.16, 0.07], [3])","([0.0, 0.0, 1.0, 0.0, 0.0, 0.0], [2])",-0.0,-0.0,-0.0,-0.9990000000000001,-0.0,-0.0,-0.9990000000000001,0.5685899999999999,4.754090000000005,5.17390421459625
49,"([0.14, 0.14, 0.39, 0.1, 0.16, 0.07], [4])","([0.0, 0.0, 1.0, 0.0, 0.0, 0.0], [2])",-0.0,-0.0,-0.0,-0.0,-0.998,-0.0,-0.998,0.5685899999999999,5.183500000000005,5.17390421459625
50,"([0.14, 0.14, 0.39, 0.1, 0.16, 0.07], [2])","([0.0, 0.0, 1.0, 0.0, 0.0, 0.0], [2])",-0.0,-0.0,-0.0,-0.0,-0.0,-0.0,0.0,0.5685899999999999,4.614910000000005,5.17390421459625
51,"([0.14, 0.14, 0.39, 0.1, 0.16, 0.07], [1])","([0.0, 0.0, 1.0, 0.0, 0.0, 0.0], [2])",-0.0,-0.917,-0.0,-0.0,-0.0,-0.0,-0.917,0.5685899999999999,4.963320000000006,5.17390421459625
52,"([0.14, 0.14, 0.39, 0.1, 0.16, 0.07], [4])","([0.0, 0.0, 1.0, 0.0, 0.0, 0.0], [2])",-0.0,-0.0,-0.0,-0.0,-0.998,-0.0,-0.998,0.5685899999999999,5.392730000000006,5.17390421459625
53,"([0.14, 0.14, 0.39, 0.1, 0.16, 0.07], [5])","([0.0, 0.0, 1.0, 0.0, 0.0, 0.0], [2])",-0.0,-0.0,-0.0,-0.0,-0.0,-0.823,-0.823,0.5685899999999999,5.647140000000006,5.17390421459625
54,"([0.14, 0.14, 0.39, 0.1, 0.16, 0.07], [3])","([0.0, 0.0, 1.0, 0.0, 0.0, 0.0], [2])",-0.0,-0.0,-0.0,-0.9990000000000001,-0.0,-0.0,-0.9990000000000001,0.5685899999999999,6.077550000000006,5.17390421459625
55,"([0.14, 0.14, 0.39, 0.1, 0.16, 0.07], [5])","([0.0, 0.0, 1.0, 0.0, 0.0, 0.0], [2])",-0.0,-0.0,-0.0,-0.0,-0.0,-0.823,-0.823,0.5685899999999999,6.331960000000006,5.17390421459625
56,"([0.14, 0.14, 0.39, 0.1, 0.16, 0.07], [2])","([0.0, 0.0, 1.0, 0.0, 0.0, 0.0], [2])",-0.0,-0.0,-0.0,-0.0,-0.0,-0.0,0.0,0.5685899999999999,5.763370000000005,5.17390421459625
57,"([0.14, 0.14, 0.39, 0.1, 0.16, 0.07], [3])","([0.0, 0.0, 1.0, 0.0, 0.0, 0.0], [2])",-0.0,-0.0,-0.0,-0.9990000000000001,-0.0,-0.0,-0.9990000000000001,0.5685899999999999,6.193780000000006,5.17390421459625
58,"([0.14, 0.14, 0.39, 0.1, 0.16, 0.07], [2])","([0.0, 0.0, 1.0, 0.0, 0.0, 0.0], [2])",-0.0,-0.0,-0.0,-0.0,-0.0,-0.0,0.0,0.5685899999999999,5.625190000000005,5.17390421459625
59,"([0.14, 0.14, 0.39, 0.1, 0.16, 0.07], [2])","([0.0, 0.0, 1.0, 0.0, 0.0, 0.0], [2])",-0.0,-0.0,-0.0,-0.0,-0.0,-0.0,0.0,0.5685899999999999,5.056600000000005,5.17390421459625
60,"([0.14, 0.14, 0.39, 0.1, 0.16, 0.07], [3])","([0.0, 0.0, 1.0, 0.0, 0.0, 0.0], [2])",-0.0,-0.0,-0.0,-0.9990000000000001,-0.0,-0.0,-0.9990000000000001,0.5685899999999999,5.487010000000005,5.17390421459625
61,"([0.14, 0.14, 0.39, 0.1, 0.16, 0.07], [4])","([0.0, 0.0, 1.0, 0.0, 0.0, 0.0], [2])",-0.0,-0.0,-0.0,-0.0,-0.998,-0.0,-0.998,0.5685899999999999,5.916420000000005,5.17390421459625
62,"([0.14, 0.14, 0.39, 0.1, 0.16, 0.07], [2])","([0.0, 0.0, 1.0, 0.0, 0.0, 0.0], [2])",-0.0,-0.0,-0.0,-0.0,-0.0,-0.0,0.0,0.5685899999999999,5.347830000000005,5.17390421459625
63,"([0.14, 0.14, 0.39, 0.1, 0.16, 0.07], [1])","([0.0, 0.0, 1.0, 0.0, 0.0, 0.0], [2])",-0.0,-0.917,-0.0,-0.0,-0.0,-0.0,-0.917,0.5685899999999999,5.696240000000006,5.17390421459625
64,"([0.14, 0.14, 0.39, 0.1, 0.16, 0.07], [0])","([0.0, 0.0, 1.0, 0.0, 0.0, 0.0], [2])",-0.855,-0.0,-0.0,-0.0,-0.0,-0.0,-0.855,0.5685899999999999,5.982650000000006,5.17390421459625
65,"([0.14, 0.14, 0.39, 0.1, 0.16, 0.07], [5])","([0.0, 0.0, 1.0, 0.0, 0.0, 0.0], [2])",-0.0,-0.0,-0.0,-0.0,-0.0,-0.823,-0.823,0.5685899999999999,6.237060000000006,5.17390421459625
66,"([0.14, 0.14, 0.39, 0.1, 0.16, 0.07], [2])","([0.0, 0.0, 1.0, 0.0, 0.0, 0.0], [2])",-0.0,-0.0,-0.0,-0.0,-0.0,-0.0,0.0,0.5685899999999999,5.668470000000006,5.17390421459625
67,"([0.14, 0.14, 0.39, 0.1, 0.16, 0.07], [1])","([0.0, 0.0, 1.0, 0.0, 0.0, 0.0], [2])",-0.0,-0.917,-0.0,-0.0,-0.0,-0.0,-0.917,0.5685899999999999,6.016880000000007,5.17390421459625
68,"([0.14, 0.14, 0.39, 0.1, 0.16, 0.07], [2])","([0.0, 0.0, 1.0, 0.0, 0.0, 0.0], [2])",-0.0,-0.0,-0.0,-0.0,-0.0,-0.0,0.0,0.5685899999999999,5.448290000000007,5.17390421459625
69,"([0.14, 0.14, 0.39, 0.1, 0.16, 0.07], [2])","([0.0, 0.0, 1.0, 0.0, 0.0, 0.0], [2])",-0.0,-0.0,-0.0,-0.0,-0.0,-0.0,0.0,0.5685899999999999,4.879700000000007,5.17390421459625
70,"([0.14, 0.14, 0.39, 0.1, 0.16, 0.07], [1])","([0.0, 0.0, 1.0, 0.0, 0.0, 0.0], [2])",-0.0,-0.917,-0.0,-0.0,-0.0,-0.0,-0.917,0.5685899999999999,5.228110000000007,5.17390421459625
71,"([0.14, 0.14, 0.39, 0.1, 0.16, 0.07], [4])","([0.0, 0.0, 1.0, 0.0, 0.0, 0.0], [2])",-0.0,-0.0,-0.0,-0.0,-0.998,-0.0,-0.998,0.5685899999999999,5.657520000000007,5.17390421459625
72,"([0.14, 0.14, 0.39, 0.1, 0.16, 0.07], [4])","([0.0, 0.0, 1.0, 0.0, 0.0, 0.0], [2])",-0.0,-0.0,-0.0,-0.0,-0.998,-0.0,-0.998,0.5685899999999999,6.086930000000007,5.17390421459625
73,"([0.14, 0.14, 0.39, 0.1, 0.16, 0.07], [2])","([0.0, 0.0, 1.0, 0.0, 0.0, 0.0], [2])",-0.0,-0.0,-0.0,-0.0,-0.0,-0.0,0.0,0.5685899999999999,5.518340000000007,5.17390421459625
74,"([0.14, 0.14, 0.39, 0.1, 0.16, 0.07], [0])","([0.0, 0.0, 1.0, 0.0, 0.0, 0.0], [2])",-0.855,-0.0,-0.0,-0.0,-0.0,-0.0,-0.855,0.5685899999999999,5.804750000000007,5.17390421459625
75,"([0.14, 0.14, 0.39, 0.1, 0.16, 0.07], [2])","([0.0, 0.0, 1.0, 0.0, 0.0, 0.0], [2])",-0.0,-0.0,-0.0,-0.0,-0.0,-0.0,0.0,0.5685899999999999,5.236160000000007,5.17390421459625
76,"([0.14, 0.14, 0.39, 0.1, 0.16, 0.07], [1])","([0.0, 0.0, 1.0, 0.0, 0.0, 0.0], [2])",-0.0,-0.917,-0.0,-0.0,-0.0,-0.0,-0.917,0.5685899999999999,5.584570000000007,5.17390421459625
77,"([0.14, 0.14, 0.39, 0.1, 0.16, 0.07], [1])","([0.0, 0.0, 1.0, 0.0, 0.0, 0.0], [2])",-0.0,-0.917,-0.0,-0.0,-0.0,-0.0,-0.917,0.5685899999999999,5.932980000000008,5.17390421459625
78,"([0.14, 0.14, 0.39, 0.1, 0.16, 0.07], [4])","([0.0, 0.0, 1.0, 0.0, 0.0, 0.0], [2])",-0.0,-0.0,-0.0,-0.0,-0.998,-0.0,-0.998,0.5685899999999999,6.3623900000000075,5.17390421459625
79,"([0.14, 0.14, 0.39, 0.1, 0.16, 0.07], [3])","([0.0, 0.0, 1.0, 0.0, 0.0, 0.0], [2])",-0.0,-0.0,-0.0,-0.9990000000000001,-0.0,-0.0,-0.9990000000000001,0.5685899999999999,6.792800000000008,5.17390421459625
80,"([0.14, 0.14, 0.39, 0.1, 0.16, 0.07], [2])","([0.0, 0.0, 1.0, 0.0, 0.0, 0.0], [2])",-0.0,-0.0,-0.0,-0.0,-0.0,-0.0,0.0,0.5685899999999999,6.224210000000008,5.17390421459625
81,"([0.14, 0.14, 0.39, 0.1, 0.16, 0.07], [1])","([0.0, 0.0, 1.0, 0.0, 0.0, 0.0], [2])",-0.0,-0.917,-0.0,-0.0,-0.0,-0.0,-0.917,0.5685899999999999,6.572620000000009,5.17390421459625
82,"([0.14, 0.14, 0.39, 0.1, 0.16, 0.07], [0])","([0.0, 0.0, 1.0, 0.0, 0.0, 0.0], [2])",-0.855,-0.0,-0.0,-0.0,-0.0,-0.0,-0.855,0.5685899999999999,6.859030000000009,5.17390421459625
83,"([0.14, 0.14, 0.39, 0.1, 0.16, 0.07], [1])","([0.0, 0.0, 1.0, 0.0, 0.0, 0.0], [2])",-0.0,-0.917,-0.0,-0.0,-0.0,-0.0,-0.917,0.5685899999999999,7.207440000000009,5.17390421459625
84,"([0.14, 0.14, 0.39, 0.1, 0.16, 0.07], [3])","([0.0, 0.0, 1.0, 0.0, 0.0, 0.0], [2])",-0.0,-0.0,-0.0,-0.9990000000000001,-0.0,-0.0,-0.9990000000000001,0.5685899999999999,7.637850000000009,5.17390421459625
85,"([0.14, 0.14, 0.39, 0.1, 0.16, 0.07], [0])","([0.0, 0.0, 1.0, 0.0, 0.0, 0.0], [2])",-0.855,-0.0,-0.0,-0.0,-0.0,-0.0,-0.855,0.5685899999999999,7.924260000000009,5.17390421459625
86,"([0.14, 0.14, 0.39, 0.1, 0.16, 0.07], [2])","([0.0, 0.0, 1.0, 0.0, 0.0, 0.0], [2])",-0.0,-0.0,-0.0,-0.0,-0.0,-0.0,0.0,0.5685899999999999,7.355670000000009,5.17390421459625
87,"([0.14, 0.14, 0.39, 0.1, 0.16, 0.07], [2])","([0.0, 0.0, 1.0, 0.0, 0.0, 0.0], [2])",-0.0,-0.0,-0.0,-0.0,-0.0,-0.0,0.0,0.5685899999999999,6.787080000000008,5.17390421459625
88,"([0.14, 0.14, 0.39, 0.1, 0.16, 0.07], [1])","([0.0, 0.0, 1.0, 0.0, 0.0, 0.0], [2])",-0.0,-0.917,-0.0,-0.0,-0.0,-0.0,-0.917,0.5685899999999999,7.135490000000009,5.17390421459625
89,"([0.14, 0.14, 0.39, 0.1, 0.16, 0.07], [1])","([0.0, 0.0, 1.0, 0.0, 0.0, 0.0], [2])",-0.0,-0.917,-0.0,-0.0,-0.0,-0.0,-0.917,0.5685899999999999,7.483900000000009,5.17390421459625
90,"([0.14, 0.14, 0.39, 0.1, 0.16, 0.07], [5])","([0.0, 0.0, 1.0, 0.0, 0.0, 0.0], [2])",-0.0,-0.0,-0.0,-0.0,-0.0,-0.823,-0.823,0.5685899999999999,7.738310000000009,5.17390421459625
91,"([0.14, 0.14, 0.39, 0.1, 0.16, 0.07], [5])","([0.0, 0.0, 1.0, 0.0, 0.0, 0.0], [2])",-0.0,-0.0,-0.0,-0.0,-0.0,-0.823,-0.823,0.5685899999999999,7.992720000000009,5.17390421459625
92,"([0.14, 0.14, 0.39, 0.1, 0.16, 0.07], [2])","([0.0, 0.0, 1.0, 0.0, 0.0, 0.0], [2])",-0.0,-0.0,-0.0,-0.0,-0.0,-0.0,0.0,0.5685899999999999,7.424130000000009,5.17390421459625
93,"([0.14, 0.14, 0.39, 0.1, 0.16, 0.07], [1])","([0.0, 0.0, 1.0, 0.0, 0.0, 0.0], [2])",-0.0,-0.917,-0.0,-0.0,-0.0,-0.0,-0.917,0.5685899999999999,7.772540000000009,5.17390421459625
94,"([0.14, 0.14, 0.39, 0.1, 0.16, 0.07], [2])","([0.0, 0.0, 1.0, 0.0, 0.0, 0.0], [2])",-0.0,-0.0,-0.0,-0.0,-0.0,-0.0,0.0,0.5685899999999999,7.20395000000001,5.17390421459625
95,"([0.14, 0.14, 0.39, 0.1, 0.16, 0.07], [2])","([0.0, 0.0, 1.0, 0.0, 0.0, 0.0], [2])",-0.0,-0.0,-0.0,-0.0,-0.0,-0.0,0.0,0.5685899999999999,6.635360000000009,5.17390421459625
96,"([0.14, 0.14, 0.39, 0.1, 0.16, 0.07], [4])","([0.0, 0.0, 1.0, 0.0, 0.0, 0.0], [2])",-0.0,-0.0,-0.0,-0.0,-0.998,-0.0,-0.998,0.5685899999999999,7.064770000000009,5.17390421459625
97,"([0.14, 0.14, 0.39, 0.1, 0.16, 0.07], [3])","([0.0, 0.0, 1.0, 0.0, 0.0, 0.0], [2])",-0.0,-0.0,-0.0,-0.9990000000000001,-0.0,-0.0,-0.9990000000000001,0.5685899999999999,7.495180000000009,5.17390421459625
98,"([0.14, 0.14, 0.39, 0.1, 0.16, 0.07], [4])","([0.0, 0.0, 1.0, 0.0, 0.0, 0.0], [2])",-0.0,-0.0,-0.0,-0.0,-0.998,-0.0,-0.998,0.5685899999999999,7.924590000000009,5.17390421459625
99,"([0.14, 0.14, 0.39, 0.1, 0.16, 0.07], [2])","([0.0, 0.0, 1.0, 0.0, 0.0, 0.0], [2])",-0.0,-0.0,-0.0,-0.0,-0.0,-0.0,0.0,0.5685899999999999,7.356000000000009,5.17390421459625
