,sta-1,FB-0,feedback target 0,feedback target 1,feedback target 2,feedback target 3,feedback target 4,feedback target 5,total,exp_loss,actual_regret,exp_regret
0,"([0, 0, 0, 0, 1, 0], [4])","([0.1, 0.11, 0.16, 0.19, 0.22, 0.22], [4])",-0.0,-0.0,-0.0,-0.0,-0.0,-0.0,0.0,0.7728032939291956,-0.7372735976034959,0.03552969632569969
1,"([1, 0, 0, 0, 0, 0], [0])","([0.05, 0.07, 0.16, 0.21, 0.26, 0.26], [5])",-0.777,-0.0,-0.0,-0.0,-0.0,-0.0,-0.777,0.7372735976034959,-0.6975471952069917,0.03552969632569969
2,"([1, 0, 0, 0, 0, 0], [0])","([0.05, 0.07, 0.16, 0.21, 0.26, 0.26], [3])",-0.777,-0.0,-0.0,-0.0,-0.0,-0.0,-0.777,0.7372735976034959,-0.6578207928104876,0.03552969632569969
3,"([1, 0, 0, 0, 0, 0], [0])","([0.05, 0.07, 0.16, 0.21, 0.26, 0.26], [1])",-0.777,-0.0,-0.0,-0.0,-0.0,-0.0,-0.777,0.7372735976034959,-0.6180943904139834,0.03552969632569969
4,"([1, 0, 0, 0, 0, 0], [0])","([0.05, 0.07, 0.16, 0.21, 0.26, 0.26], [4])",-0.777,-0.0,-0.0,-0.0,-0.0,-0.0,-0.777,0.7372735976034959,-0.5783679880174792,0.03552969632569969
5,"([1, 0, 0, 0, 0, 0], [0])","([0.05, 0.07, 0.16, 0.21, 0.26, 0.26], [5])",-0.777,-0.0,-0.0,-0.0,-0.0,-0.0,-0.777,0.7372735976034959,-0.5386415856209751,0.03552969632569969
6,"([1, 0, 0, 0, 0, 0], [0])","([0.05, 0.07, 0.16, 0.21, 0.26, 0.26], [4])",-0.777,-0.0,-0.0,-0.0,-0.0,-0.0,-0.777,0.7372735976034959,-0.4989151832244709,0.03552969632569969
7,"([1, 0, 0, 0, 0, 0], [0])","([0.05, 0.07, 0.16, 0.21, 0.26, 0.26], [1])",-0.777,-0.0,-0.0,-0.0,-0.0,-0.0,-0.777,0.7372735976034959,-0.45918878082796677,0.03552969632569969
8,"([1, 0, 0, 0, 0, 0], [0])","([0.05, 0.07, 0.16, 0.21, 0.26, 0.26], [2])",-0.777,-0.0,-0.0,-0.0,-0.0,-0.0,-0.777,0.7372735976034959,-0.4194623784314626,0.03552969632569969
9,"([1, 0, 0, 0, 0, 0], [0])","([0.05, 0.07, 0.16, 0.21, 0.26, 0.26], [2])",-0.777,-0.0,-0.0,-0.0,-0.0,-0.0,-0.777,0.7372735976034959,-0.37973597603495846,0.03552969632569969
10,"([1, 0, 0, 0, 0, 0], [0])","([0.05, 0.07, 0.16, 0.21, 0.26, 0.26], [4])",-0.777,-0.0,-0.0,-0.0,-0.0,-0.0,-0.777,0.7372735976034959,-0.3400095736384543,0.03552969632569969
11,"([1, 0, 0, 0, 0, 0], [0])","([0.05, 0.07, 0.16, 0.21, 0.26, 0.26], [2])",-0.777,-0.0,-0.0,-0.0,-0.0,-0.0,-0.777,0.7372735976034959,-0.30028317124195014,0.03552969632569969
12,"([1, 0, 0, 0, 0, 0], [0])","([0.05, 0.07, 0.16, 0.21, 0.26, 0.26], [4])",-0.777,-0.0,-0.0,-0.0,-0.0,-0.0,-0.777,0.7372735976034959,-0.260556768845446,0.03552969632569969
13,"([1, 0, 0, 0, 0, 0], [0])","([0.05, 0.07, 0.16, 0.21, 0.26, 0.26], [2])",-0.777,-0.0,-0.0,-0.0,-0.0,-0.0,-0.777,0.7372735976034959,-0.22083036644894183,0.03552969632569969
14,"([1, 0, 0, 0, 0, 0], [0])","([0.05, 0.07, 0.16, 0.21, 0.26, 0.26], [3])",-0.777,-0.0,-0.0,-0.0,-0.0,-0.0,-0.777,0.7372735976034959,-0.18110396405243767,0.03552969632569969
15,"([1, 0, 0, 0, 0, 0], [0])","([0.05, 0.07, 0.16, 0.21, 0.26, 0.26], [4])",-0.777,-0.0,-0.0,-0.0,-0.0,-0.0,-0.777,0.7372735976034959,-0.14137756165593351,0.03552969632569969
16,"([1, 0, 0, 0, 0, 0], [0])","([0.05, 0.07, 0.16, 0.21, 0.26, 0.26], [1])",-0.777,-0.0,-0.0,-0.0,-0.0,-0.0,-0.777,0.7372735976034959,-0.10165115925942936,0.03552969632569969
17,"([1, 0, 0, 0, 0, 0], [0])","([0.05, 0.07, 0.16, 0.21, 0.26, 0.26], [2])",-0.777,-0.0,-0.0,-0.0,-0.0,-0.0,-0.777,0.7372735976034959,-0.0619247568629252,0.03552969632569969
18,"([1, 0, 0, 0, 0, 0], [0])","([0.05, 0.07, 0.16, 0.21, 0.26, 0.26], [4])",-0.777,-0.0,-0.0,-0.0,-0.0,-0.0,-0.777,0.7372735976034959,-0.022198354466421044,0.03552969632569969
19,"([1, 0, 0, 0, 0, 0], [0])","([0.05, 0.07, 0.16, 0.21, 0.26, 0.26], [4])",-0.777,-0.0,-0.0,-0.0,-0.0,-0.0,-0.777,0.7372735976034959,0.017528047930083113,0.03552969632569969
20,"([1, 0, 0, 0, 0, 0], [0])","([0.05, 0.07, 0.16, 0.21, 0.26, 0.26], [3])",-0.777,-0.0,-0.0,-0.0,-0.0,-0.0,-0.777,0.7372735976034959,0.05725445032658727,0.03552969632569969
21,"([1, 0, 0, 0, 0, 0], [0])","([0.05, 0.07, 0.16, 0.21, 0.26, 0.26], [3])",-0.777,-0.0,-0.0,-0.0,-0.0,-0.0,-0.777,0.7372735976034959,0.09698085272309143,0.03552969632569969
22,"([1, 0, 0, 0, 0, 0], [0])","([0.05, 0.07, 0.16, 0.21, 0.26, 0.26], [4])",-0.777,-0.0,-0.0,-0.0,-0.0,-0.0,-0.777,0.7372735976034959,0.13670725511959558,0.03552969632569969
23,"([1, 0, 0, 0, 0, 0], [0])","([0.05, 0.07, 0.16, 0.21, 0.26, 0.26], [5])",-0.777,-0.0,-0.0,-0.0,-0.0,-0.0,-0.777,0.7372735976034959,0.17643365751609974,0.03552969632569969
24,"([1, 0, 0, 0, 0, 0], [0])","([0.05, 0.07, 0.16, 0.21, 0.26, 0.26], [2])",-0.777,-0.0,-0.0,-0.0,-0.0,-0.0,-0.777,0.7372735976034959,0.2161600599126039,0.03552969632569969
25,"([1, 0, 0, 0, 0, 0], [0])","([0.05, 0.07, 0.16, 0.21, 0.26, 0.26], [4])",-0.777,-0.0,-0.0,-0.0,-0.0,-0.0,-0.777,0.7372735976034959,0.25588646230910805,0.03552969632569969
26,"([1, 0, 0, 0, 0, 0], [0])","([0.05, 0.07, 0.16, 0.21, 0.26, 0.26], [4])",-0.777,-0.0,-0.0,-0.0,-0.0,-0.0,-0.777,0.7372735976034959,0.2956128647056122,0.03552969632569969
27,"([1, 0, 0, 0, 0, 0], [0])","([0.05, 0.07, 0.16, 0.21, 0.26, 0.26], [4])",-0.777,-0.0,-0.0,-0.0,-0.0,-0.0,-0.777,0.7372735976034959,0.33533926710211637,0.03552969632569969
28,"([1, 0, 0, 0, 0, 0], [0])","([0.05, 0.07, 0.16, 0.21, 0.26, 0.26], [4])",-0.777,-0.0,-0.0,-0.0,-0.0,-0.0,-0.777,0.7372735976034959,0.3750656694986205,0.03552969632569969
29,"([1, 0, 0, 0, 0, 0], [0])","([0.05, 0.07, 0.16, 0.21, 0.26, 0.26], [4])",-0.777,-0.0,-0.0,-0.0,-0.0,-0.0,-0.777,0.7372735976034959,0.4147920718951247,0.03552969632569969
30,"([1, 0, 0, 0, 0, 0], [0])","([0.05, 0.07, 0.16, 0.21, 0.26, 0.26], [3])",-0.777,-0.0,-0.0,-0.0,-0.0,-0.0,-0.777,0.7372735976034959,0.45451847429162884,0.03552969632569969
31,"([1, 0, 0, 0, 0, 0], [0])","([0.05, 0.07, 0.16, 0.21, 0.26, 0.26], [4])",-0.777,-0.0,-0.0,-0.0,-0.0,-0.0,-0.777,0.7372735976034959,0.494244876688133,0.03552969632569969
32,"([1, 0, 0, 0, 0, 0], [0])","([0.05, 0.07, 0.16, 0.21, 0.26, 0.26], [5])",-0.777,-0.0,-0.0,-0.0,-0.0,-0.0,-0.777,0.7372735976034959,0.5339712790846372,0.03552969632569969
33,"([1, 0, 0, 0, 0, 0], [0])","([0.05, 0.07, 0.16, 0.21, 0.26, 0.26], [2])",-0.777,-0.0,-0.0,-0.0,-0.0,-0.0,-0.777,0.7372735976034959,0.5736976814811413,0.03552969632569969
34,"([1, 0, 0, 0, 0, 0], [0])","([0.05, 0.07, 0.16, 0.21, 0.26, 0.26], [2])",-0.777,-0.0,-0.0,-0.0,-0.0,-0.0,-0.777,0.7372735976034959,0.6134240838776455,0.03552969632569969
35,"([1, 0, 0, 0, 0, 0], [0])","([0.05, 0.07, 0.16, 0.21, 0.26, 0.26], [4])",-0.777,-0.0,-0.0,-0.0,-0.0,-0.0,-0.777,0.7372735976034959,0.6531504862741496,0.03552969632569969
36,"([1, 0, 0, 0, 0, 0], [0])","([0.05, 0.07, 0.16, 0.21, 0.26, 0.26], [5])",-0.777,-0.0,-0.0,-0.0,-0.0,-0.0,-0.777,0.7372735976034959,0.6928768886706538,0.03552969632569969
37,"([1, 0, 0, 0, 0, 0], [0])","([0.05, 0.07, 0.16, 0.21, 0.26, 0.26], [5])",-0.777,-0.0,-0.0,-0.0,-0.0,-0.0,-0.777,0.7372735976034959,0.7326032910671579,0.03552969632569969
38,"([1, 0, 0, 0, 0, 0], [0])","([0.05, 0.07, 0.16, 0.21, 0.26, 0.26], [5])",-0.777,-0.0,-0.0,-0.0,-0.0,-0.0,-0.777,0.7372735976034959,0.7723296934636621,0.03552969632569969
39,"([1, 0, 0, 0, 0, 0], [0])","([0.05, 0.07, 0.16, 0.21, 0.26, 0.26], [4])",-0.777,-0.0,-0.0,-0.0,-0.0,-0.0,-0.777,0.7372735976034959,0.8120560958601662,0.03552969632569969
40,"([1, 0, 0, 0, 0, 0], [0])","([0.05, 0.07, 0.16, 0.21, 0.26, 0.26], [3])",-0.777,-0.0,-0.0,-0.0,-0.0,-0.0,-0.777,0.7372735976034959,0.8517824982566704,0.03552969632569969
41,"([1, 0, 0, 0, 0, 0], [0])","([0.05, 0.07, 0.16, 0.21, 0.26, 0.26], [5])",-0.777,-0.0,-0.0,-0.0,-0.0,-0.0,-0.777,0.7372735976034959,0.8915089006531746,0.03552969632569969
42,"([1, 0, 0, 0, 0, 0], [0])","([0.05, 0.07, 0.16, 0.21, 0.26, 0.26], [3])",-0.777,-0.0,-0.0,-0.0,-0.0,-0.0,-0.777,0.7372735976034959,0.9312353030496787,0.03552969632569969
43,"([1, 0, 0, 0, 0, 0], [0])","([0.05, 0.07, 0.16, 0.21, 0.26, 0.26], [4])",-0.777,-0.0,-0.0,-0.0,-0.0,-0.0,-0.777,0.7372735976034959,0.9709617054461829,0.03552969632569969
44,"([1, 0, 0, 0, 0, 0], [0])","([0.05, 0.07, 0.16, 0.21, 0.26, 0.26], [4])",-0.777,-0.0,-0.0,-0.0,-0.0,-0.0,-0.777,0.7372735976034959,1.010688107842687,0.03552969632569969
45,"([1, 0, 0, 0, 0, 0], [0])","([0.05, 0.07, 0.16, 0.21, 0.26, 0.26], [1])",-0.777,-0.0,-0.0,-0.0,-0.0,-0.0,-0.777,0.7372735976034959,1.0504145102391913,0.03552969632569969
46,"([1, 0, 0, 0, 0, 0], [0])","([0.05, 0.07, 0.16, 0.21, 0.26, 0.26], [1])",-0.777,-0.0,-0.0,-0.0,-0.0,-0.0,-0.777,0.7372735976034959,1.0901409126356953,0.03552969632569969
47,"([1, 0, 0, 0, 0, 0], [0])","([0.05, 0.07, 0.16, 0.21, 0.26, 0.26], [4])",-0.777,-0.0,-0.0,-0.0,-0.0,-0.0,-0.777,0.7372735976034959,1.1298673150321994,0.03552969632569969
48,"([1, 0, 0, 0, 0, 0], [0])","([0.05, 0.07, 0.16, 0.21, 0.26, 0.26], [5])",-0.777,-0.0,-0.0,-0.0,-0.0,-0.0,-0.777,0.7372735976034959,1.1695937174287034,0.03552969632569969
49,"([1, 0, 0, 0, 0, 0], [0])","([0.05, 0.07, 0.16, 0.21, 0.26, 0.26], [4])",-0.777,-0.0,-0.0,-0.0,-0.0,-0.0,-0.777,0.7372735976034959,1.2093201198252075,0.03552969632569969
50,"([1, 0, 0, 0, 0, 0], [0])","([0.05, 0.07, 0.16, 0.21, 0.26, 0.26], [5])",-0.777,-0.0,-0.0,-0.0,-0.0,-0.0,-0.777,0.7372735976034959,1.2490465222217115,0.03552969632569969
51,"([1, 0, 0, 0, 0, 0], [0])","([0.05, 0.07, 0.16, 0.21, 0.26, 0.26], [4])",-0.777,-0.0,-0.0,-0.0,-0.0,-0.0,-0.777,0.7372735976034959,1.2887729246182156,0.03552969632569969
52,"([1, 0, 0, 0, 0, 0], [0])","([0.05, 0.07, 0.16, 0.21, 0.26, 0.26], [1])",-0.777,-0.0,-0.0,-0.0,-0.0,-0.0,-0.777,0.7372735976034959,1.3284993270147196,0.03552969632569969
53,"([1, 0, 0, 0, 0, 0], [0])","([0.05, 0.07, 0.16, 0.21, 0.26, 0.26], [2])",-0.777,-0.0,-0.0,-0.0,-0.0,-0.0,-0.777,0.7372735976034959,1.3682257294112237,0.03552969632569969
54,"([1, 0, 0, 0, 0, 0], [0])","([0.05, 0.07, 0.16, 0.21, 0.26, 0.26], [5])",-0.777,-0.0,-0.0,-0.0,-0.0,-0.0,-0.777,0.7372735976034959,1.4079521318077277,0.03552969632569969
55,"([1, 0, 0, 0, 0, 0], [0])","([0.05, 0.07, 0.16, 0.21, 0.26, 0.26], [3])",-0.777,-0.0,-0.0,-0.0,-0.0,-0.0,-0.777,0.7372735976034959,1.4476785342042318,0.03552969632569969
56,"([1, 0, 0, 0, 0, 0], [0])","([0.05, 0.07, 0.16, 0.21, 0.26, 0.26], [4])",-0.777,-0.0,-0.0,-0.0,-0.0,-0.0,-0.777,0.7372735976034959,1.4874049366007358,0.03552969632569969
57,"([1, 0, 0, 0, 0, 0], [0])","([0.05, 0.07, 0.16, 0.21, 0.26, 0.26], [4])",-0.777,-0.0,-0.0,-0.0,-0.0,-0.0,-0.777,0.7372735976034959,1.5271313389972399,0.03552969632569969
58,"([1, 0, 0, 0, 0, 0], [0])","([0.05, 0.07, 0.16, 0.21, 0.26, 0.26], [4])",-0.777,-0.0,-0.0,-0.0,-0.0,-0.0,-0.777,0.7372735976034959,1.566857741393744,0.03552969632569969
59,"([1, 0, 0, 0, 0, 0], [0])","([0.05, 0.07, 0.16, 0.21, 0.26, 0.26], [5])",-0.777,-0.0,-0.0,-0.0,-0.0,-0.0,-0.777,0.7372735976034959,1.606584143790248,0.03552969632569969
60,"([1, 0, 0, 0, 0, 0], [0])","([0.05, 0.07, 0.16, 0.21, 0.26, 0.26], [5])",-0.777,-0.0,-0.0,-0.0,-0.0,-0.0,-0.777,0.7372735976034959,1.646310546186752,0.03552969632569969
61,"([1, 0, 0, 0, 0, 0], [0])","([0.05, 0.07, 0.16, 0.21, 0.26, 0.26], [3])",-0.777,-0.0,-0.0,-0.0,-0.0,-0.0,-0.777,0.7372735976034959,1.686036948583256,0.03552969632569969
62,"([1, 0, 0, 0, 0, 0], [0])","([0.05, 0.07, 0.16, 0.21, 0.26, 0.26], [4])",-0.777,-0.0,-0.0,-0.0,-0.0,-0.0,-0.777,0.7372735976034959,1.72576335097976,0.03552969632569969
63,"([1, 0, 0, 0, 0, 0], [0])","([0.05, 0.07, 0.16, 0.21, 0.26, 0.26], [3])",-0.777,-0.0,-0.0,-0.0,-0.0,-0.0,-0.777,0.7372735976034959,1.7654897533762641,0.03552969632569969
64,"([1, 0, 0, 0, 0, 0], [0])","([0.05, 0.07, 0.16, 0.21, 0.26, 0.26], [2])",-0.777,-0.0,-0.0,-0.0,-0.0,-0.0,-0.777,0.7372735976034959,1.8052161557727682,0.03552969632569969
65,"([1, 0, 0, 0, 0, 0], [0])","([0.05, 0.07, 0.16, 0.21, 0.26, 0.26], [4])",-0.777,-0.0,-0.0,-0.0,-0.0,-0.0,-0.777,0.7372735976034959,1.8449425581692722,0.03552969632569969
66,"([1, 0, 0, 0, 0, 0], [0])","([0.05, 0.07, 0.16, 0.21, 0.26, 0.26], [4])",-0.777,-0.0,-0.0,-0.0,-0.0,-0.0,-0.777,0.7372735976034959,1.8846689605657763,0.03552969632569969
67,"([1, 0, 0, 0, 0, 0], [0])","([0.05, 0.07, 0.16, 0.21, 0.26, 0.26], [4])",-0.777,-0.0,-0.0,-0.0,-0.0,-0.0,-0.777,0.7372735976034959,1.9243953629622803,0.03552969632569969
68,"([1, 0, 0, 0, 0, 0], [0])","([0.05, 0.07, 0.16, 0.21, 0.26, 0.26], [4])",-0.777,-0.0,-0.0,-0.0,-0.0,-0.0,-0.777,0.7372735976034959,1.9641217653587844,0.03552969632569969
69,"([1, 0, 0, 0, 0, 0], [0])","([0.05, 0.07, 0.16, 0.21, 0.26, 0.26], [3])",-0.777,-0.0,-0.0,-0.0,-0.0,-0.0,-0.777,0.7372735976034959,2.0038481677552884,0.03552969632569969
70,"([1, 0, 0, 0, 0, 0], [0])","([0.05, 0.07, 0.16, 0.21, 0.26, 0.26], [3])",-0.777,-0.0,-0.0,-0.0,-0.0,-0.0,-0.777,0.7372735976034959,2.0435745701517924,0.03552969632569969
71,"([1, 0, 0, 0, 0, 0], [0])","([0.05, 0.07, 0.16, 0.21, 0.26, 0.26], [5])",-0.777,-0.0,-0.0,-0.0,-0.0,-0.0,-0.777,0.7372735976034959,2.0833009725482965,0.03552969632569969
72,"([1, 0, 0, 0, 0, 0], [0])","([0.05, 0.07, 0.16, 0.21, 0.26, 0.26], [4])",-0.777,-0.0,-0.0,-0.0,-0.0,-0.0,-0.777,0.7372735976034959,2.1230273749448005,0.03552969632569969
73,"([1, 0, 0, 0, 0, 0], [0])","([0.05, 0.07, 0.16, 0.21, 0.26, 0.26], [0])",-0.0,-0.0,-0.0,-0.0,-0.0,-0.0,0.0,0.7372735976034959,1.3857537773413047,0.03552969632569969
74,"([1, 0, 0, 0, 0, 0], [0])","([0.05, 0.07, 0.16, 0.21, 0.26, 0.26], [1])",-0.777,-0.0,-0.0,-0.0,-0.0,-0.0,-0.777,0.7372735976034959,1.425480179737809,0.03552969632569969
75,"([1, 0, 0, 0, 0, 0], [0])","([0.05, 0.07, 0.16, 0.21, 0.26, 0.26], [5])",-0.777,-0.0,-0.0,-0.0,-0.0,-0.0,-0.777,0.7372735976034959,1.465206582134313,0.03552969632569969
76,"([1, 0, 0, 0, 0, 0], [0])","([0.05, 0.07, 0.16, 0.21, 0.26, 0.26], [3])",-0.777,-0.0,-0.0,-0.0,-0.0,-0.0,-0.777,0.7372735976034959,1.504932984530817,0.03552969632569969
77,"([1, 0, 0, 0, 0, 0], [0])","([0.05, 0.07, 0.16, 0.21, 0.26, 0.26], [2])",-0.777,-0.0,-0.0,-0.0,-0.0,-0.0,-0.777,0.7372735976034959,1.544659386927321,0.03552969632569969
78,"([1, 0, 0, 0, 0, 0], [0])","([0.05, 0.07, 0.16, 0.21, 0.26, 0.26], [3])",-0.777,-0.0,-0.0,-0.0,-0.0,-0.0,-0.777,0.7372735976034959,1.5843857893238251,0.03552969632569969
79,"([1, 0, 0, 0, 0, 0], [0])","([0.05, 0.07, 0.16, 0.21, 0.26, 0.26], [2])",-0.777,-0.0,-0.0,-0.0,-0.0,-0.0,-0.777,0.7372735976034959,1.6241121917203292,0.03552969632569969
80,"([1, 0, 0, 0, 0, 0], [0])","([0.05, 0.07, 0.16, 0.21, 0.26, 0.26], [2])",-0.777,-0.0,-0.0,-0.0,-0.0,-0.0,-0.777,0.7372735976034959,1.6638385941168332,0.03552969632569969
81,"([1, 0, 0, 0, 0, 0], [0])","([0.05, 0.07, 0.16, 0.21, 0.26, 0.26], [4])",-0.777,-0.0,-0.0,-0.0,-0.0,-0.0,-0.777,0.7372735976034959,1.7035649965133373,0.03552969632569969
82,"([1, 0, 0, 0, 0, 0], [0])","([0.05, 0.07, 0.16, 0.21, 0.26, 0.26], [1])",-0.777,-0.0,-0.0,-0.0,-0.0,-0.0,-0.777,0.7372735976034959,1.7432913989098413,0.03552969632569969
83,"([1, 0, 0, 0, 0, 0], [0])","([0.05, 0.07, 0.16, 0.21, 0.26, 0.26], [5])",-0.777,-0.0,-0.0,-0.0,-0.0,-0.0,-0.777,0.7372735976034959,1.7830178013063454,0.03552969632569969
84,"([1, 0, 0, 0, 0, 0], [0])","([0.05, 0.07, 0.16, 0.21, 0.26, 0.26], [3])",-0.777,-0.0,-0.0,-0.0,-0.0,-0.0,-0.777,0.7372735976034959,1.8227442037028494,0.03552969632569969
85,"([1, 0, 0, 0, 0, 0], [0])","([0.05, 0.07, 0.16, 0.21, 0.26, 0.26], [1])",-0.777,-0.0,-0.0,-0.0,-0.0,-0.0,-0.777,0.7372735976034959,1.8624706060993534,0.03552969632569969
86,"([1, 0, 0, 0, 0, 0], [0])","([0.05, 0.07, 0.16, 0.21, 0.26, 0.26], [4])",-0.777,-0.0,-0.0,-0.0,-0.0,-0.0,-0.777,0.7372735976034959,1.9021970084958575,0.03552969632569969
87,"([1, 0, 0, 0, 0, 0], [0])","([0.05, 0.07, 0.16, 0.21, 0.26, 0.26], [4])",-0.777,-0.0,-0.0,-0.0,-0.0,-0.0,-0.777,0.7372735976034959,1.9419234108923615,0.03552969632569969
88,"([1, 0, 0, 0, 0, 0], [0])","([0.05, 0.07, 0.16, 0.21, 0.26, 0.26], [2])",-0.777,-0.0,-0.0,-0.0,-0.0,-0.0,-0.777,0.7372735976034959,1.9816498132888656,0.03552969632569969
89,"([1, 0, 0, 0, 0, 0], [0])","([0.05, 0.07, 0.16, 0.21, 0.26, 0.26], [5])",-0.777,-0.0,-0.0,-0.0,-0.0,-0.0,-0.777,0.7372735976034959,2.0213762156853696,0.03552969632569969
90,"([1, 0, 0, 0, 0, 0], [0])","([0.05, 0.07, 0.16, 0.21, 0.26, 0.26], [3])",-0.777,-0.0,-0.0,-0.0,-0.0,-0.0,-0.777,0.7372735976034959,2.0611026180818737,0.03552969632569969
91,"([1, 0, 0, 0, 0, 0], [0])","([0.05, 0.07, 0.16, 0.21, 0.26, 0.26], [4])",-0.777,-0.0,-0.0,-0.0,-0.0,-0.0,-0.777,0.7372735976034959,2.1008290204783777,0.03552969632569969
92,"([1, 0, 0, 0, 0, 0], [0])","([0.05, 0.07, 0.16, 0.21, 0.26, 0.26], [5])",-0.777,-0.0,-0.0,-0.0,-0.0,-0.0,-0.777,0.7372735976034959,2.1405554228748818,0.03552969632569969
93,"([1, 0, 0, 0, 0, 0], [0])","([0.05, 0.07, 0.16, 0.21, 0.26, 0.26], [3])",-0.777,-0.0,-0.0,-0.0,-0.0,-0.0,-0.777,0.7372735976034959,2.180281825271386,0.03552969632569969
94,"([1, 0, 0, 0, 0, 0], [0])","([0.05, 0.07, 0.16, 0.21, 0.26, 0.26], [2])",-0.777,-0.0,-0.0,-0.0,-0.0,-0.0,-0.777,0.7372735976034959,2.22000822766789,0.03552969632569969
95,"([1, 0, 0, 0, 0, 0], [0])","([0.05, 0.07, 0.16, 0.21, 0.26, 0.26], [3])",-0.777,-0.0,-0.0,-0.0,-0.0,-0.0,-0.777,0.7372735976034959,2.259734630064394,0.03552969632569969
96,"([1, 0, 0, 0, 0, 0], [0])","([0.05, 0.07, 0.16, 0.21, 0.26, 0.26], [5])",-0.777,-0.0,-0.0,-0.0,-0.0,-0.0,-0.777,0.7372735976034959,2.299461032460898,0.03552969632569969
97,"([1, 0, 0, 0, 0, 0], [0])","([0.05, 0.07, 0.16, 0.21, 0.26, 0.26], [2])",-0.777,-0.0,-0.0,-0.0,-0.0,-0.0,-0.777,0.7372735976034959,2.339187434857402,0.03552969632569969
98,"([1, 0, 0, 0, 0, 0], [0])","([0.05, 0.07, 0.16, 0.21, 0.26, 0.26], [1])",-0.777,-0.0,-0.0,-0.0,-0.0,-0.0,-0.777,0.7372735976034959,2.378913837253906,0.03552969632569969
99,"([1, 0, 0, 0, 0, 0], [0])","([0.05, 0.07, 0.16, 0.21, 0.26, 0.26], [2])",-0.777,-0.0,-0.0,-0.0,-0.0,-0.0,-0.777,0.7372735976034959,2.41864023965041,0.03552969632569969
