,sta-1,FB-0,feedback target 0,feedback target 1,feedback target 2,feedback target 3,feedback target 4,feedback target 5,total,exp_loss,actual_regret,exp_regret
0,"([0, 0, 0, 0, 1, 0], [4])","([0.09, 0.1, 0.16, 0.19, 0.23, 0.23], [5])",-0.0,-0.0,-0.0,-0.0,-0.992,-0.0,-0.992,0.7673927697308505,0.2547264023965041,0.0301191721273546
1,"([1, 0, 0, 0, 0, 0], [0])","([0.05, 0.07, 0.16, 0.21, 0.26, 0.26], [0])",-0.0,-0.0,-0.0,-0.0,-0.0,-0.0,0.0,0.7372735976034959,-0.48254719520699174,0.0301191721273546
2,"([1, 0, 0, 0, 0, 0], [0])","([0.05, 0.07, 0.16, 0.21, 0.26, 0.26], [3])",-0.777,-0.0,-0.0,-0.0,-0.0,-0.0,-0.777,0.7372735976034959,-0.4428207928104876,0.0301191721273546
3,"([1, 0, 0, 0, 0, 0], [0])","([0.05, 0.07, 0.16, 0.21, 0.26, 0.26], [5])",-0.777,-0.0,-0.0,-0.0,-0.0,-0.0,-0.777,0.7372735976034959,-0.4030943904139834,0.0301191721273546
4,"([1, 0, 0, 0, 0, 0], [0])","([0.05, 0.07, 0.16, 0.21, 0.26, 0.26], [2])",-0.777,-0.0,-0.0,-0.0,-0.0,-0.0,-0.777,0.7372735976034959,-0.36336798801747927,0.0301191721273546
5,"([1, 0, 0, 0, 0, 0], [0])","([0.05, 0.07, 0.16, 0.21, 0.26, 0.26], [0])",-0.0,-0.0,-0.0,-0.0,-0.0,-0.0,0.0,0.7372735976034959,-1.1006415856209752,0.0301191721273546
6,"([1, 0, 0, 0, 0, 0], [0])","([0.05, 0.07, 0.16, 0.21, 0.26, 0.26], [4])",-0.777,-0.0,-0.0,-0.0,-0.0,-0.0,-0.777,0.7372735976034959,-1.0609151832244712,0.0301191721273546
7,"([1, 0, 0, 0, 0, 0], [0])","([0.05, 0.07, 0.16, 0.21, 0.26, 0.26], [5])",-0.777,-0.0,-0.0,-0.0,-0.0,-0.0,-0.777,0.7372735976034959,-1.0211887808279672,0.0301191721273546
8,"([1, 0, 0, 0, 0, 0], [0])","([0.05, 0.07, 0.16, 0.21, 0.26, 0.26], [2])",-0.777,-0.0,-0.0,-0.0,-0.0,-0.0,-0.777,0.7372735976034959,-0.981462378431463,0.0301191721273546
9,"([1, 0, 0, 0, 0, 0], [0])","([0.05, 0.07, 0.16, 0.21, 0.26, 0.26], [2])",-0.777,-0.0,-0.0,-0.0,-0.0,-0.0,-0.777,0.7372735976034959,-0.9417359760349588,0.0301191721273546
10,"([1, 0, 0, 0, 0, 0], [0])","([0.05, 0.07, 0.16, 0.21, 0.26, 0.26], [5])",-0.777,-0.0,-0.0,-0.0,-0.0,-0.0,-0.777,0.7372735976034959,-0.9020095736384547,0.0301191721273546
11,"([1, 0, 0, 0, 0, 0], [0])","([0.05, 0.07, 0.16, 0.21, 0.26, 0.26], [3])",-0.777,-0.0,-0.0,-0.0,-0.0,-0.0,-0.777,0.7372735976034959,-0.8622831712419505,0.0301191721273546
12,"([1, 0, 0, 0, 0, 0], [0])","([0.05, 0.07, 0.16, 0.21, 0.26, 0.26], [3])",-0.777,-0.0,-0.0,-0.0,-0.0,-0.0,-0.777,0.7372735976034959,-0.8225567688454464,0.0301191721273546
13,"([1, 0, 0, 0, 0, 0], [0])","([0.05, 0.07, 0.16, 0.21, 0.26, 0.26], [5])",-0.777,-0.0,-0.0,-0.0,-0.0,-0.0,-0.777,0.7372735976034959,-0.7828303664489422,0.0301191721273546
14,"([1, 0, 0, 0, 0, 0], [0])","([0.05, 0.07, 0.16, 0.21, 0.26, 0.26], [4])",-0.777,-0.0,-0.0,-0.0,-0.0,-0.0,-0.777,0.7372735976034959,-0.7431039640524381,0.0301191721273546
15,"([1, 0, 0, 0, 0, 0], [0])","([0.05, 0.07, 0.16, 0.21, 0.26, 0.26], [3])",-0.777,-0.0,-0.0,-0.0,-0.0,-0.0,-0.777,0.7372735976034959,-0.7033775616559339,0.0301191721273546
16,"([1, 0, 0, 0, 0, 0], [0])","([0.05, 0.07, 0.16, 0.21, 0.26, 0.26], [3])",-0.777,-0.0,-0.0,-0.0,-0.0,-0.0,-0.777,0.7372735976034959,-0.6636511592594297,0.0301191721273546
17,"([1, 0, 0, 0, 0, 0], [0])","([0.05, 0.07, 0.16, 0.21, 0.26, 0.26], [1])",-0.777,-0.0,-0.0,-0.0,-0.0,-0.0,-0.777,0.7372735976034959,-0.6239247568629256,0.0301191721273546
18,"([1, 0, 0, 0, 0, 0], [0])","([0.05, 0.07, 0.16, 0.21, 0.26, 0.26], [5])",-0.777,-0.0,-0.0,-0.0,-0.0,-0.0,-0.777,0.7372735976034959,-0.5841983544664214,0.0301191721273546
19,"([1, 0, 0, 0, 0, 0], [0])","([0.05, 0.07, 0.16, 0.21, 0.26, 0.26], [2])",-0.777,-0.0,-0.0,-0.0,-0.0,-0.0,-0.777,0.7372735976034959,-0.5444719520699173,0.0301191721273546
20,"([1, 0, 0, 0, 0, 0], [0])","([0.05, 0.07, 0.16, 0.21, 0.26, 0.26], [4])",-0.777,-0.0,-0.0,-0.0,-0.0,-0.0,-0.777,0.7372735976034959,-0.5047455496734131,0.0301191721273546
21,"([1, 0, 0, 0, 0, 0], [0])","([0.05, 0.07, 0.16, 0.21, 0.26, 0.26], [5])",-0.777,-0.0,-0.0,-0.0,-0.0,-0.0,-0.777,0.7372735976034959,-0.46501914727690896,0.0301191721273546
22,"([1, 0, 0, 0, 0, 0], [0])","([0.05, 0.07, 0.16, 0.21, 0.26, 0.26], [4])",-0.777,-0.0,-0.0,-0.0,-0.0,-0.0,-0.777,0.7372735976034959,-0.4252927448804048,0.0301191721273546
23,"([1, 0, 0, 0, 0, 0], [0])","([0.05, 0.07, 0.16, 0.21, 0.26, 0.26], [2])",-0.777,-0.0,-0.0,-0.0,-0.0,-0.0,-0.777,0.7372735976034959,-0.38556634248390065,0.0301191721273546
24,"([1, 0, 0, 0, 0, 0], [0])","([0.05, 0.07, 0.16, 0.21, 0.26, 0.26], [5])",-0.777,-0.0,-0.0,-0.0,-0.0,-0.0,-0.777,0.7372735976034959,-0.3458399400873965,0.0301191721273546
25,"([1, 0, 0, 0, 0, 0], [0])","([0.05, 0.07, 0.16, 0.21, 0.26, 0.26], [3])",-0.777,-0.0,-0.0,-0.0,-0.0,-0.0,-0.777,0.7372735976034959,-0.30611353769089233,0.0301191721273546
26,"([1, 0, 0, 0, 0, 0], [0])","([0.05, 0.07, 0.16, 0.21, 0.26, 0.26], [2])",-0.777,-0.0,-0.0,-0.0,-0.0,-0.0,-0.777,0.7372735976034959,-0.2663871352943882,0.0301191721273546
27,"([1, 0, 0, 0, 0, 0], [0])","([0.05, 0.07, 0.16, 0.21, 0.26, 0.26], [5])",-0.777,-0.0,-0.0,-0.0,-0.0,-0.0,-0.777,0.7372735976034959,-0.22666073289788402,0.0301191721273546
28,"([1, 0, 0, 0, 0, 0], [0])","([0.05, 0.07, 0.16, 0.21, 0.26, 0.26], [3])",-0.777,-0.0,-0.0,-0.0,-0.0,-0.0,-0.777,0.7372735976034959,-0.18693433050137986,0.0301191721273546
29,"([1, 0, 0, 0, 0, 0], [0])","([0.05, 0.07, 0.16, 0.21, 0.26, 0.26], [4])",-0.777,-0.0,-0.0,-0.0,-0.0,-0.0,-0.777,0.7372735976034959,-0.1472079281048757,0.0301191721273546
30,"([1, 0, 0, 0, 0, 0], [0])","([0.05, 0.07, 0.16, 0.21, 0.26, 0.26], [3])",-0.777,-0.0,-0.0,-0.0,-0.0,-0.0,-0.777,0.7372735976034959,-0.10748152570837155,0.0301191721273546
31,"([1, 0, 0, 0, 0, 0], [0])","([0.05, 0.07, 0.16, 0.21, 0.26, 0.26], [5])",-0.777,-0.0,-0.0,-0.0,-0.0,-0.0,-0.777,0.7372735976034959,-0.0677551233118674,0.0301191721273546
32,"([1, 0, 0, 0, 0, 0], [0])","([0.05, 0.07, 0.16, 0.21, 0.26, 0.26], [1])",-0.777,-0.0,-0.0,-0.0,-0.0,-0.0,-0.777,0.7372735976034959,-0.028028720915363237,0.0301191721273546
33,"([1, 0, 0, 0, 0, 0], [0])","([0.05, 0.07, 0.16, 0.21, 0.26, 0.26], [2])",-0.777,-0.0,-0.0,-0.0,-0.0,-0.0,-0.777,0.7372735976034959,0.01169768148114092,0.0301191721273546
34,"([1, 0, 0, 0, 0, 0], [0])","([0.05, 0.07, 0.16, 0.21, 0.26, 0.26], [3])",-0.777,-0.0,-0.0,-0.0,-0.0,-0.0,-0.777,0.7372735976034959,0.05142408387764508,0.0301191721273546
35,"([1, 0, 0, 0, 0, 0], [0])","([0.05, 0.07, 0.16, 0.21, 0.26, 0.26], [4])",-0.777,-0.0,-0.0,-0.0,-0.0,-0.0,-0.777,0.7372735976034959,0.09115048627414923,0.0301191721273546
36,"([1, 0, 0, 0, 0, 0], [0])","([0.05, 0.07, 0.16, 0.21, 0.26, 0.26], [2])",-0.777,-0.0,-0.0,-0.0,-0.0,-0.0,-0.777,0.7372735976034959,0.1308768886706534,0.0301191721273546
37,"([1, 0, 0, 0, 0, 0], [0])","([0.05, 0.07, 0.16, 0.21, 0.26, 0.26], [2])",-0.777,-0.0,-0.0,-0.0,-0.0,-0.0,-0.777,0.7372735976034959,0.17060329106715755,0.0301191721273546
38,"([1, 0, 0, 0, 0, 0], [0])","([0.05, 0.07, 0.16, 0.21, 0.26, 0.26], [5])",-0.777,-0.0,-0.0,-0.0,-0.0,-0.0,-0.777,0.7372735976034959,0.2103296934636617,0.0301191721273546
39,"([1, 0, 0, 0, 0, 0], [0])","([0.05, 0.07, 0.16, 0.21, 0.26, 0.26], [5])",-0.777,-0.0,-0.0,-0.0,-0.0,-0.0,-0.777,0.7372735976034959,0.25005609586016586,0.0301191721273546
40,"([1, 0, 0, 0, 0, 0], [0])","([0.05, 0.07, 0.16, 0.21, 0.26, 0.26], [3])",-0.777,-0.0,-0.0,-0.0,-0.0,-0.0,-0.777,0.7372735976034959,0.28978249825667,0.0301191721273546
41,"([1, 0, 0, 0, 0, 0], [0])","([0.05, 0.07, 0.16, 0.21, 0.26, 0.26], [3])",-0.777,-0.0,-0.0,-0.0,-0.0,-0.0,-0.777,0.7372735976034959,0.3295089006531742,0.0301191721273546
42,"([1, 0, 0, 0, 0, 0], [0])","([0.05, 0.07, 0.16, 0.21, 0.26, 0.26], [5])",-0.777,-0.0,-0.0,-0.0,-0.0,-0.0,-0.777,0.7372735976034959,0.36923530304967833,0.0301191721273546
43,"([1, 0, 0, 0, 0, 0], [0])","([0.05, 0.07, 0.16, 0.21, 0.26, 0.26], [4])",-0.777,-0.0,-0.0,-0.0,-0.0,-0.0,-0.777,0.7372735976034959,0.4089617054461825,0.0301191721273546
44,"([1, 0, 0, 0, 0, 0], [0])","([0.05, 0.07, 0.16, 0.21, 0.26, 0.26], [4])",-0.777,-0.0,-0.0,-0.0,-0.0,-0.0,-0.777,0.7372735976034959,0.44868810784268665,0.0301191721273546
45,"([1, 0, 0, 0, 0, 0], [0])","([0.05, 0.07, 0.16, 0.21, 0.26, 0.26], [5])",-0.777,-0.0,-0.0,-0.0,-0.0,-0.0,-0.777,0.7372735976034959,0.4884145102391908,0.0301191721273546
46,"([1, 0, 0, 0, 0, 0], [0])","([0.05, 0.07, 0.16, 0.21, 0.26, 0.26], [4])",-0.777,-0.0,-0.0,-0.0,-0.0,-0.0,-0.777,0.7372735976034959,0.528140912635695,0.0301191721273546
47,"([1, 0, 0, 0, 0, 0], [0])","([0.05, 0.07, 0.16, 0.21, 0.26, 0.26], [4])",-0.777,-0.0,-0.0,-0.0,-0.0,-0.0,-0.777,0.7372735976034959,0.5678673150321991,0.0301191721273546
48,"([1, 0, 0, 0, 0, 0], [0])","([0.05, 0.07, 0.16, 0.21, 0.26, 0.26], [0])",-0.0,-0.0,-0.0,-0.0,-0.0,-0.0,0.0,0.7372735976034959,-0.16940628257129675,0.0301191721273546
49,"([1, 0, 0, 0, 0, 0], [0])","([0.05, 0.07, 0.16, 0.21, 0.26, 0.26], [5])",-0.777,-0.0,-0.0,-0.0,-0.0,-0.0,-0.777,0.7372735976034959,-0.1296798801747926,0.0301191721273546
50,"([1, 0, 0, 0, 0, 0], [0])","([0.05, 0.07, 0.16, 0.21, 0.26, 0.26], [5])",-0.777,-0.0,-0.0,-0.0,-0.0,-0.0,-0.777,0.7372735976034959,-0.08995347777828844,0.0301191721273546
51,"([1, 0, 0, 0, 0, 0], [0])","([0.05, 0.07, 0.16, 0.21, 0.26, 0.26], [5])",-0.777,-0.0,-0.0,-0.0,-0.0,-0.0,-0.777,0.7372735976034959,-0.05022707538178428,0.0301191721273546
52,"([1, 0, 0, 0, 0, 0], [0])","([0.05, 0.07, 0.16, 0.21, 0.26, 0.26], [5])",-0.777,-0.0,-0.0,-0.0,-0.0,-0.0,-0.777,0.7372735976034959,-0.010500672985280124,0.0301191721273546
53,"([1, 0, 0, 0, 0, 0], [0])","([0.05, 0.07, 0.16, 0.21, 0.26, 0.26], [4])",-0.777,-0.0,-0.0,-0.0,-0.0,-0.0,-0.777,0.7372735976034959,0.029225729411224033,0.0301191721273546
54,"([1, 0, 0, 0, 0, 0], [0])","([0.05, 0.07, 0.16, 0.21, 0.26, 0.26], [4])",-0.777,-0.0,-0.0,-0.0,-0.0,-0.0,-0.777,0.7372735976034959,0.06895213180772819,0.0301191721273546
55,"([1, 0, 0, 0, 0, 0], [0])","([0.05, 0.07, 0.16, 0.21, 0.26, 0.26], [4])",-0.777,-0.0,-0.0,-0.0,-0.0,-0.0,-0.777,0.7372735976034959,0.10867853420423235,0.0301191721273546
56,"([1, 0, 0, 0, 0, 0], [0])","([0.05, 0.07, 0.16, 0.21, 0.26, 0.26], [2])",-0.777,-0.0,-0.0,-0.0,-0.0,-0.0,-0.777,0.7372735976034959,0.1484049366007365,0.0301191721273546
57,"([1, 0, 0, 0, 0, 0], [0])","([0.05, 0.07, 0.16, 0.21, 0.26, 0.26], [5])",-0.777,-0.0,-0.0,-0.0,-0.0,-0.0,-0.777,0.7372735976034959,0.18813133899724066,0.0301191721273546
58,"([1, 0, 0, 0, 0, 0], [0])","([0.05, 0.07, 0.16, 0.21, 0.26, 0.26], [4])",-0.777,-0.0,-0.0,-0.0,-0.0,-0.0,-0.777,0.7372735976034959,0.22785774139374482,0.0301191721273546
59,"([1, 0, 0, 0, 0, 0], [0])","([0.05, 0.07, 0.16, 0.21, 0.26, 0.26], [3])",-0.777,-0.0,-0.0,-0.0,-0.0,-0.0,-0.777,0.7372735976034959,0.267584143790249,0.0301191721273546
60,"([1, 0, 0, 0, 0, 0], [0])","([0.05, 0.07, 0.16, 0.21, 0.26, 0.26], [2])",-0.777,-0.0,-0.0,-0.0,-0.0,-0.0,-0.777,0.7372735976034959,0.30731054618675313,0.0301191721273546
61,"([1, 0, 0, 0, 0, 0], [0])","([0.05, 0.07, 0.16, 0.21, 0.26, 0.26], [5])",-0.777,-0.0,-0.0,-0.0,-0.0,-0.0,-0.777,0.7372735976034959,0.3470369485832573,0.0301191721273546
62,"([1, 0, 0, 0, 0, 0], [0])","([0.05, 0.07, 0.16, 0.21, 0.26, 0.26], [2])",-0.777,-0.0,-0.0,-0.0,-0.0,-0.0,-0.777,0.7372735976034959,0.38676335097976144,0.0301191721273546
63,"([1, 0, 0, 0, 0, 0], [0])","([0.05, 0.07, 0.16, 0.21, 0.26, 0.26], [2])",-0.777,-0.0,-0.0,-0.0,-0.0,-0.0,-0.777,0.7372735976034959,0.4264897533762656,0.0301191721273546
64,"([1, 0, 0, 0, 0, 0], [0])","([0.05, 0.07, 0.16, 0.21, 0.26, 0.26], [5])",-0.777,-0.0,-0.0,-0.0,-0.0,-0.0,-0.777,0.7372735976034959,0.46621615577276976,0.0301191721273546
65,"([1, 0, 0, 0, 0, 0], [0])","([0.05, 0.07, 0.16, 0.21, 0.26, 0.26], [4])",-0.777,-0.0,-0.0,-0.0,-0.0,-0.0,-0.777,0.7372735976034959,0.5059425581692739,0.0301191721273546
66,"([1, 0, 0, 0, 0, 0], [0])","([0.05, 0.07, 0.16, 0.21, 0.26, 0.26], [4])",-0.777,-0.0,-0.0,-0.0,-0.0,-0.0,-0.777,0.7372735976034959,0.5456689605657781,0.0301191721273546
67,"([1, 0, 0, 0, 0, 0], [0])","([0.05, 0.07, 0.16, 0.21, 0.26, 0.26], [2])",-0.777,-0.0,-0.0,-0.0,-0.0,-0.0,-0.777,0.7372735976034959,0.5853953629622822,0.0301191721273546
68,"([1, 0, 0, 0, 0, 0], [0])","([0.05, 0.07, 0.16, 0.21, 0.26, 0.26], [4])",-0.777,-0.0,-0.0,-0.0,-0.0,-0.0,-0.777,0.7372735976034959,0.6251217653587864,0.0301191721273546
69,"([1, 0, 0, 0, 0, 0], [0])","([0.05, 0.07, 0.16, 0.21, 0.26, 0.26], [5])",-0.777,-0.0,-0.0,-0.0,-0.0,-0.0,-0.777,0.7372735976034959,0.6648481677552905,0.0301191721273546
70,"([1, 0, 0, 0, 0, 0], [0])","([0.05, 0.07, 0.16, 0.21, 0.26, 0.26], [4])",-0.777,-0.0,-0.0,-0.0,-0.0,-0.0,-0.777,0.7372735976034959,0.7045745701517947,0.0301191721273546
71,"([1, 0, 0, 0, 0, 0], [0])","([0.05, 0.07, 0.16, 0.21, 0.26, 0.26], [5])",-0.777,-0.0,-0.0,-0.0,-0.0,-0.0,-0.777,0.7372735976034959,0.7443009725482989,0.0301191721273546
72,"([1, 0, 0, 0, 0, 0], [0])","([0.05, 0.07, 0.16, 0.21, 0.26, 0.26], [5])",-0.777,-0.0,-0.0,-0.0,-0.0,-0.0,-0.777,0.7372735976034959,0.784027374944803,0.0301191721273546
73,"([1, 0, 0, 0, 0, 0], [0])","([0.05, 0.07, 0.16, 0.21, 0.26, 0.26], [3])",-0.777,-0.0,-0.0,-0.0,-0.0,-0.0,-0.777,0.7372735976034959,0.8237537773413072,0.0301191721273546
74,"([1, 0, 0, 0, 0, 0], [0])","([0.05, 0.07, 0.16, 0.21, 0.26, 0.26], [4])",-0.777,-0.0,-0.0,-0.0,-0.0,-0.0,-0.777,0.7372735976034959,0.8634801797378113,0.0301191721273546
75,"([1, 0, 0, 0, 0, 0], [0])","([0.05, 0.07, 0.16, 0.21, 0.26, 0.26], [4])",-0.777,-0.0,-0.0,-0.0,-0.0,-0.0,-0.777,0.7372735976034959,0.9032065821343155,0.0301191721273546
76,"([1, 0, 0, 0, 0, 0], [0])","([0.05, 0.07, 0.16, 0.21, 0.26, 0.26], [4])",-0.777,-0.0,-0.0,-0.0,-0.0,-0.0,-0.777,0.7372735976034959,0.9429329845308196,0.0301191721273546
77,"([1, 0, 0, 0, 0, 0], [0])","([0.05, 0.07, 0.16, 0.21, 0.26, 0.26], [0])",-0.0,-0.0,-0.0,-0.0,-0.0,-0.0,0.0,0.7372735976034959,0.20565938692732377,0.0301191721273546
78,"([1, 0, 0, 0, 0, 0], [0])","([0.05, 0.07, 0.16, 0.21, 0.26, 0.26], [3])",-0.777,-0.0,-0.0,-0.0,-0.0,-0.0,-0.777,0.7372735976034959,0.24538578932382793,0.0301191721273546
79,"([1, 0, 0, 0, 0, 0], [0])","([0.05, 0.07, 0.16, 0.21, 0.26, 0.26], [4])",-0.777,-0.0,-0.0,-0.0,-0.0,-0.0,-0.777,0.7372735976034959,0.2851121917203321,0.0301191721273546
80,"([1, 0, 0, 0, 0, 0], [0])","([0.05, 0.07, 0.16, 0.21, 0.26, 0.26], [3])",-0.777,-0.0,-0.0,-0.0,-0.0,-0.0,-0.777,0.7372735976034959,0.32483859411683624,0.0301191721273546
81,"([1, 0, 0, 0, 0, 0], [0])","([0.05, 0.07, 0.16, 0.21, 0.26, 0.26], [4])",-0.777,-0.0,-0.0,-0.0,-0.0,-0.0,-0.777,0.7372735976034959,0.3645649965133404,0.0301191721273546
82,"([1, 0, 0, 0, 0, 0], [0])","([0.05, 0.07, 0.16, 0.21, 0.26, 0.26], [5])",-0.777,-0.0,-0.0,-0.0,-0.0,-0.0,-0.777,0.7372735976034959,0.40429139890984456,0.0301191721273546
83,"([1, 0, 0, 0, 0, 0], [0])","([0.05, 0.07, 0.16, 0.21, 0.26, 0.26], [5])",-0.777,-0.0,-0.0,-0.0,-0.0,-0.0,-0.777,0.7372735976034959,0.4440178013063487,0.0301191721273546
84,"([1, 0, 0, 0, 0, 0], [0])","([0.05, 0.07, 0.16, 0.21, 0.26, 0.26], [3])",-0.777,-0.0,-0.0,-0.0,-0.0,-0.0,-0.777,0.7372735976034959,0.48374420370285287,0.0301191721273546
85,"([1, 0, 0, 0, 0, 0], [0])","([0.05, 0.07, 0.16, 0.21, 0.26, 0.26], [2])",-0.777,-0.0,-0.0,-0.0,-0.0,-0.0,-0.777,0.7372735976034959,0.523470606099357,0.0301191721273546
86,"([1, 0, 0, 0, 0, 0], [0])","([0.05, 0.07, 0.16, 0.21, 0.26, 0.26], [2])",-0.777,-0.0,-0.0,-0.0,-0.0,-0.0,-0.777,0.7372735976034959,0.5631970084958612,0.0301191721273546
87,"([1, 0, 0, 0, 0, 0], [0])","([0.05, 0.07, 0.16, 0.21, 0.26, 0.26], [4])",-0.777,-0.0,-0.0,-0.0,-0.0,-0.0,-0.777,0.7372735976034959,0.6029234108923653,0.0301191721273546
88,"([1, 0, 0, 0, 0, 0], [0])","([0.05, 0.07, 0.16, 0.21, 0.26, 0.26], [5])",-0.777,-0.0,-0.0,-0.0,-0.0,-0.0,-0.777,0.7372735976034959,0.6426498132888695,0.0301191721273546
89,"([1, 0, 0, 0, 0, 0], [0])","([0.05, 0.07, 0.16, 0.21, 0.26, 0.26], [5])",-0.777,-0.0,-0.0,-0.0,-0.0,-0.0,-0.777,0.7372735976034959,0.6823762156853737,0.0301191721273546
90,"([1, 0, 0, 0, 0, 0], [0])","([0.05, 0.07, 0.16, 0.21, 0.26, 0.26], [2])",-0.777,-0.0,-0.0,-0.0,-0.0,-0.0,-0.777,0.7372735976034959,0.7221026180818778,0.0301191721273546
91,"([1, 0, 0, 0, 0, 0], [0])","([0.05, 0.07, 0.16, 0.21, 0.26, 0.26], [2])",-0.777,-0.0,-0.0,-0.0,-0.0,-0.0,-0.777,0.7372735976034959,0.761829020478382,0.0301191721273546
92,"([1, 0, 0, 0, 0, 0], [0])","([0.05, 0.07, 0.16, 0.21, 0.26, 0.26], [0])",-0.0,-0.0,-0.0,-0.0,-0.0,-0.0,0.0,0.7372735976034959,0.0245554228748861,0.0301191721273546
93,"([1, 0, 0, 0, 0, 0], [0])","([0.05, 0.07, 0.16, 0.21, 0.26, 0.26], [5])",-0.777,-0.0,-0.0,-0.0,-0.0,-0.0,-0.777,0.7372735976034959,0.06428182527139026,0.0301191721273546
94,"([1, 0, 0, 0, 0, 0], [0])","([0.05, 0.07, 0.16, 0.21, 0.26, 0.26], [1])",-0.777,-0.0,-0.0,-0.0,-0.0,-0.0,-0.777,0.7372735976034959,0.10400822766789442,0.0301191721273546
95,"([1, 0, 0, 0, 0, 0], [0])","([0.05, 0.07, 0.16, 0.21, 0.26, 0.26], [3])",-0.777,-0.0,-0.0,-0.0,-0.0,-0.0,-0.777,0.7372735976034959,0.14373463006439857,0.0301191721273546
96,"([1, 0, 0, 0, 0, 0], [0])","([0.05, 0.07, 0.16, 0.21, 0.26, 0.26], [4])",-0.777,-0.0,-0.0,-0.0,-0.0,-0.0,-0.777,0.7372735976034959,0.18346103246090273,0.0301191721273546
97,"([1, 0, 0, 0, 0, 0], [0])","([0.05, 0.07, 0.16, 0.21, 0.26, 0.26], [4])",-0.777,-0.0,-0.0,-0.0,-0.0,-0.0,-0.777,0.7372735976034959,0.22318743485740689,0.0301191721273546
98,"([1, 0, 0, 0, 0, 0], [0])","([0.05, 0.07, 0.16, 0.21, 0.26, 0.26], [3])",-0.777,-0.0,-0.0,-0.0,-0.0,-0.0,-0.777,0.7372735976034959,0.26291383725391104,0.0301191721273546
99,"([1, 0, 0, 0, 0, 0], [0])","([0.05, 0.07, 0.16, 0.21, 0.26, 0.26], [1])",-0.777,-0.0,-0.0,-0.0,-0.0,-0.0,-0.777,0.7372735976034959,0.3026402396504152,0.0301191721273546
