,sta-1,FB-0,feedback target 0,feedback target 1,feedback target 2,feedback target 3,feedback target 4,feedback target 5,total,exp_loss,actual_regret,exp_regret
0,"([0, 0, 0, 0, 1, 0], [4])","([0, 0, 0, 1, 0, 0], [3])",-0.0,-0.0,-0.0,-0.0,-0.992,-0.0,-0.992,0.992,0.2547264023965041,0.2547264023965041
1,"([1, 0, 0, 0, 0, 0], [0])","([0.05, 0.07, 0.16, 0.21, 0.26, 0.26], [3])",-0.777,-0.0,-0.0,-0.0,-0.0,-0.0,-0.777,0.7372735976034959,0.2944528047930083,0.2547264023965041
2,"([1, 0, 0, 0, 0, 0], [0])","([0.05, 0.07, 0.16, 0.21, 0.26, 0.26], [4])",-0.777,-0.0,-0.0,-0.0,-0.0,-0.0,-0.777,0.7372735976034959,0.33417920718951244,0.2547264023965041
3,"([1, 0, 0, 0, 0, 0], [0])","([0.05, 0.07, 0.16, 0.21, 0.26, 0.26], [2])",-0.777,-0.0,-0.0,-0.0,-0.0,-0.0,-0.777,0.7372735976034959,0.3739056095860166,0.2547264023965041
4,"([1, 0, 0, 0, 0, 0], [0])","([0.05, 0.07, 0.16, 0.21, 0.26, 0.26], [4])",-0.777,-0.0,-0.0,-0.0,-0.0,-0.0,-0.777,0.7372735976034959,0.41363201198252075,0.2547264023965041
5,"([1, 0, 0, 0, 0, 0], [0])","([0.05, 0.07, 0.16, 0.21, 0.26, 0.26], [4])",-0.777,-0.0,-0.0,-0.0,-0.0,-0.0,-0.777,0.7372735976034959,0.4533584143790249,0.2547264023965041
6,"([1, 0, 0, 0, 0, 0], [0])","([0.05, 0.07, 0.16, 0.21, 0.26, 0.26], [4])",-0.777,-0.0,-0.0,-0.0,-0.0,-0.0,-0.777,0.7372735976034959,0.49308481677552907,0.2547264023965041
7,"([1, 0, 0, 0, 0, 0], [0])","([0.05, 0.07, 0.16, 0.21, 0.26, 0.26], [5])",-0.777,-0.0,-0.0,-0.0,-0.0,-0.0,-0.777,0.7372735976034959,0.5328112191720332,0.2547264023965041
8,"([1, 0, 0, 0, 0, 0], [0])","([0.05, 0.07, 0.16, 0.21, 0.26, 0.26], [3])",-0.777,-0.0,-0.0,-0.0,-0.0,-0.0,-0.777,0.7372735976034959,0.5725376215685374,0.2547264023965041
9,"([1, 0, 0, 0, 0, 0], [0])","([0.05, 0.07, 0.16, 0.21, 0.26, 0.26], [2])",-0.777,-0.0,-0.0,-0.0,-0.0,-0.0,-0.777,0.7372735976034959,0.6122640239650415,0.2547264023965041
10,"([1, 0, 0, 0, 0, 0], [0])","([0.05, 0.07, 0.16, 0.21, 0.26, 0.26], [2])",-0.777,-0.0,-0.0,-0.0,-0.0,-0.0,-0.777,0.7372735976034959,0.6519904263615457,0.2547264023965041
11,"([1, 0, 0, 0, 0, 0], [0])","([0.05, 0.07, 0.16, 0.21, 0.26, 0.26], [5])",-0.777,-0.0,-0.0,-0.0,-0.0,-0.0,-0.777,0.7372735976034959,0.6917168287580499,0.2547264023965041
12,"([1, 0, 0, 0, 0, 0], [0])","([0.05, 0.07, 0.16, 0.21, 0.26, 0.26], [5])",-0.777,-0.0,-0.0,-0.0,-0.0,-0.0,-0.777,0.7372735976034959,0.731443231154554,0.2547264023965041
13,"([1, 0, 0, 0, 0, 0], [0])","([0.05, 0.07, 0.16, 0.21, 0.26, 0.26], [3])",-0.777,-0.0,-0.0,-0.0,-0.0,-0.0,-0.777,0.7372735976034959,0.7711696335510582,0.2547264023965041
14,"([1, 0, 0, 0, 0, 0], [0])","([0.05, 0.07, 0.16, 0.21, 0.26, 0.26], [2])",-0.777,-0.0,-0.0,-0.0,-0.0,-0.0,-0.777,0.7372735976034959,0.8108960359475623,0.2547264023965041
15,"([1, 0, 0, 0, 0, 0], [0])","([0.05, 0.07, 0.16, 0.21, 0.26, 0.26], [2])",-0.777,-0.0,-0.0,-0.0,-0.0,-0.0,-0.777,0.7372735976034959,0.8506224383440665,0.2547264023965041
16,"([1, 0, 0, 0, 0, 0], [0])","([0.05, 0.07, 0.16, 0.21, 0.26, 0.26], [4])",-0.777,-0.0,-0.0,-0.0,-0.0,-0.0,-0.777,0.7372735976034959,0.8903488407405706,0.2547264023965041
17,"([1, 0, 0, 0, 0, 0], [0])","([0.05, 0.07, 0.16, 0.21, 0.26, 0.26], [5])",-0.777,-0.0,-0.0,-0.0,-0.0,-0.0,-0.777,0.7372735976034959,0.9300752431370748,0.2547264023965041
18,"([1, 0, 0, 0, 0, 0], [0])","([0.05, 0.07, 0.16, 0.21, 0.26, 0.26], [0])",-0.0,-0.0,-0.0,-0.0,-0.0,-0.0,0.0,0.7372735976034959,0.19280164553357892,0.2547264023965041
19,"([1, 0, 0, 0, 0, 0], [0])","([0.05, 0.07, 0.16, 0.21, 0.26, 0.26], [4])",-0.777,-0.0,-0.0,-0.0,-0.0,-0.0,-0.777,0.7372735976034959,0.23252804793008308,0.2547264023965041
20,"([1, 0, 0, 0, 0, 0], [0])","([0.05, 0.07, 0.16, 0.21, 0.26, 0.26], [3])",-0.777,-0.0,-0.0,-0.0,-0.0,-0.0,-0.777,0.7372735976034959,0.27225445032658724,0.2547264023965041
21,"([1, 0, 0, 0, 0, 0], [0])","([0.05, 0.07, 0.16, 0.21, 0.26, 0.26], [5])",-0.777,-0.0,-0.0,-0.0,-0.0,-0.0,-0.777,0.7372735976034959,0.3119808527230914,0.2547264023965041
22,"([1, 0, 0, 0, 0, 0], [0])","([0.05, 0.07, 0.16, 0.21, 0.26, 0.26], [2])",-0.777,-0.0,-0.0,-0.0,-0.0,-0.0,-0.777,0.7372735976034959,0.35170725511959555,0.2547264023965041
23,"([1, 0, 0, 0, 0, 0], [0])","([0.05, 0.07, 0.16, 0.21, 0.26, 0.26], [1])",-0.777,-0.0,-0.0,-0.0,-0.0,-0.0,-0.777,0.7372735976034959,0.3914336575160997,0.2547264023965041
24,"([1, 0, 0, 0, 0, 0], [0])","([0.05, 0.07, 0.16, 0.21, 0.26, 0.26], [4])",-0.777,-0.0,-0.0,-0.0,-0.0,-0.0,-0.777,0.7372735976034959,0.43116005991260387,0.2547264023965041
25,"([1, 0, 0, 0, 0, 0], [0])","([0.05, 0.07, 0.16, 0.21, 0.26, 0.26], [4])",-0.777,-0.0,-0.0,-0.0,-0.0,-0.0,-0.777,0.7372735976034959,0.470886462309108,0.2547264023965041
26,"([1, 0, 0, 0, 0, 0], [0])","([0.05, 0.07, 0.16, 0.21, 0.26, 0.26], [3])",-0.777,-0.0,-0.0,-0.0,-0.0,-0.0,-0.777,0.7372735976034959,0.5106128647056122,0.2547264023965041
27,"([1, 0, 0, 0, 0, 0], [0])","([0.05, 0.07, 0.16, 0.21, 0.26, 0.26], [3])",-0.777,-0.0,-0.0,-0.0,-0.0,-0.0,-0.777,0.7372735976034959,0.5503392671021163,0.2547264023965041
28,"([1, 0, 0, 0, 0, 0], [0])","([0.05, 0.07, 0.16, 0.21, 0.26, 0.26], [4])",-0.777,-0.0,-0.0,-0.0,-0.0,-0.0,-0.777,0.7372735976034959,0.5900656694986205,0.2547264023965041
29,"([1, 0, 0, 0, 0, 0], [0])","([0.05, 0.07, 0.16, 0.21, 0.26, 0.26], [0])",-0.0,-0.0,-0.0,-0.0,-0.0,-0.0,0.0,0.7372735976034959,-0.14720792810487537,0.2547264023965041
30,"([1, 0, 0, 0, 0, 0], [0])","([0.05, 0.07, 0.16, 0.21, 0.26, 0.26], [5])",-0.777,-0.0,-0.0,-0.0,-0.0,-0.0,-0.777,0.7372735976034959,-0.10748152570837122,0.2547264023965041
31,"([1, 0, 0, 0, 0, 0], [0])","([0.05, 0.07, 0.16, 0.21, 0.26, 0.26], [3])",-0.777,-0.0,-0.0,-0.0,-0.0,-0.0,-0.777,0.7372735976034959,-0.06775512331186706,0.2547264023965041
32,"([1, 0, 0, 0, 0, 0], [0])","([0.05, 0.07, 0.16, 0.21, 0.26, 0.26], [5])",-0.777,-0.0,-0.0,-0.0,-0.0,-0.0,-0.777,0.7372735976034959,-0.028028720915362904,0.2547264023965041
33,"([1, 0, 0, 0, 0, 0], [0])","([0.05, 0.07, 0.16, 0.21, 0.26, 0.26], [1])",-0.777,-0.0,-0.0,-0.0,-0.0,-0.0,-0.777,0.7372735976034959,0.011697681481141253,0.2547264023965041
34,"([1, 0, 0, 0, 0, 0], [0])","([0.05, 0.07, 0.16, 0.21, 0.26, 0.26], [3])",-0.777,-0.0,-0.0,-0.0,-0.0,-0.0,-0.777,0.7372735976034959,0.05142408387764541,0.2547264023965041
35,"([1, 0, 0, 0, 0, 0], [0])","([0.05, 0.07, 0.16, 0.21, 0.26, 0.26], [3])",-0.777,-0.0,-0.0,-0.0,-0.0,-0.0,-0.777,0.7372735976034959,0.09115048627414957,0.2547264023965041
36,"([1, 0, 0, 0, 0, 0], [0])","([0.05, 0.07, 0.16, 0.21, 0.26, 0.26], [3])",-0.777,-0.0,-0.0,-0.0,-0.0,-0.0,-0.777,0.7372735976034959,0.13087688867065372,0.2547264023965041
37,"([1, 0, 0, 0, 0, 0], [0])","([0.05, 0.07, 0.16, 0.21, 0.26, 0.26], [5])",-0.777,-0.0,-0.0,-0.0,-0.0,-0.0,-0.777,0.7372735976034959,0.17060329106715788,0.2547264023965041
38,"([1, 0, 0, 0, 0, 0], [0])","([0.05, 0.07, 0.16, 0.21, 0.26, 0.26], [4])",-0.777,-0.0,-0.0,-0.0,-0.0,-0.0,-0.777,0.7372735976034959,0.21032969346366204,0.2547264023965041
39,"([1, 0, 0, 0, 0, 0], [0])","([0.05, 0.07, 0.16, 0.21, 0.26, 0.26], [5])",-0.777,-0.0,-0.0,-0.0,-0.0,-0.0,-0.777,0.7372735976034959,0.2500560958601662,0.2547264023965041
40,"([1, 0, 0, 0, 0, 0], [0])","([0.05, 0.07, 0.16, 0.21, 0.26, 0.26], [3])",-0.777,-0.0,-0.0,-0.0,-0.0,-0.0,-0.777,0.7372735976034959,0.28978249825667035,0.2547264023965041
41,"([1, 0, 0, 0, 0, 0], [0])","([0.05, 0.07, 0.16, 0.21, 0.26, 0.26], [3])",-0.777,-0.0,-0.0,-0.0,-0.0,-0.0,-0.777,0.7372735976034959,0.3295089006531745,0.2547264023965041
42,"([1, 0, 0, 0, 0, 0], [0])","([0.05, 0.07, 0.16, 0.21, 0.26, 0.26], [3])",-0.777,-0.0,-0.0,-0.0,-0.0,-0.0,-0.777,0.7372735976034959,0.36923530304967866,0.2547264023965041
43,"([1, 0, 0, 0, 0, 0], [0])","([0.05, 0.07, 0.16, 0.21, 0.26, 0.26], [2])",-0.777,-0.0,-0.0,-0.0,-0.0,-0.0,-0.777,0.7372735976034959,0.4089617054461828,0.2547264023965041
44,"([1, 0, 0, 0, 0, 0], [0])","([0.05, 0.07, 0.16, 0.21, 0.26, 0.26], [4])",-0.777,-0.0,-0.0,-0.0,-0.0,-0.0,-0.777,0.7372735976034959,0.448688107842687,0.2547264023965041
45,"([1, 0, 0, 0, 0, 0], [0])","([0.05, 0.07, 0.16, 0.21, 0.26, 0.26], [3])",-0.777,-0.0,-0.0,-0.0,-0.0,-0.0,-0.777,0.7372735976034959,0.48841451023919114,0.2547264023965041
46,"([1, 0, 0, 0, 0, 0], [0])","([0.05, 0.07, 0.16, 0.21, 0.26, 0.26], [2])",-0.777,-0.0,-0.0,-0.0,-0.0,-0.0,-0.777,0.7372735976034959,0.5281409126356953,0.2547264023965041
47,"([1, 0, 0, 0, 0, 0], [0])","([0.05, 0.07, 0.16, 0.21, 0.26, 0.26], [3])",-0.777,-0.0,-0.0,-0.0,-0.0,-0.0,-0.777,0.7372735976034959,0.5678673150321994,0.2547264023965041
48,"([1, 0, 0, 0, 0, 0], [0])","([0.05, 0.07, 0.16, 0.21, 0.26, 0.26], [2])",-0.777,-0.0,-0.0,-0.0,-0.0,-0.0,-0.777,0.7372735976034959,0.6075937174287036,0.2547264023965041
49,"([1, 0, 0, 0, 0, 0], [0])","([0.05, 0.07, 0.16, 0.21, 0.26, 0.26], [1])",-0.777,-0.0,-0.0,-0.0,-0.0,-0.0,-0.777,0.7372735976034959,0.6473201198252078,0.2547264023965041
50,"([1, 0, 0, 0, 0, 0], [0])","([0.05, 0.07, 0.16, 0.21, 0.26, 0.26], [4])",-0.777,-0.0,-0.0,-0.0,-0.0,-0.0,-0.777,0.7372735976034959,0.6870465222217119,0.2547264023965041
51,"([1, 0, 0, 0, 0, 0], [0])","([0.05, 0.07, 0.16, 0.21, 0.26, 0.26], [2])",-0.777,-0.0,-0.0,-0.0,-0.0,-0.0,-0.777,0.7372735976034959,0.7267729246182161,0.2547264023965041
52,"([1, 0, 0, 0, 0, 0], [0])","([0.05, 0.07, 0.16, 0.21, 0.26, 0.26], [4])",-0.777,-0.0,-0.0,-0.0,-0.0,-0.0,-0.777,0.7372735976034959,0.7664993270147202,0.2547264023965041
53,"([1, 0, 0, 0, 0, 0], [0])","([0.05, 0.07, 0.16, 0.21, 0.26, 0.26], [0])",-0.0,-0.0,-0.0,-0.0,-0.0,-0.0,0.0,0.7372735976034959,0.029225729411224366,0.2547264023965041
54,"([1, 0, 0, 0, 0, 0], [0])","([0.05, 0.07, 0.16, 0.21, 0.26, 0.26], [4])",-0.777,-0.0,-0.0,-0.0,-0.0,-0.0,-0.777,0.7372735976034959,0.06895213180772852,0.2547264023965041
55,"([1, 0, 0, 0, 0, 0], [0])","([0.05, 0.07, 0.16, 0.21, 0.26, 0.26], [5])",-0.777,-0.0,-0.0,-0.0,-0.0,-0.0,-0.777,0.7372735976034959,0.10867853420423268,0.2547264023965041
56,"([1, 0, 0, 0, 0, 0], [0])","([0.05, 0.07, 0.16, 0.21, 0.26, 0.26], [3])",-0.777,-0.0,-0.0,-0.0,-0.0,-0.0,-0.777,0.7372735976034959,0.14840493660073684,0.2547264023965041
57,"([1, 0, 0, 0, 0, 0], [0])","([0.05, 0.07, 0.16, 0.21, 0.26, 0.26], [4])",-0.777,-0.0,-0.0,-0.0,-0.0,-0.0,-0.777,0.7372735976034959,0.188131338997241,0.2547264023965041
58,"([1, 0, 0, 0, 0, 0], [0])","([0.05, 0.07, 0.16, 0.21, 0.26, 0.26], [2])",-0.777,-0.0,-0.0,-0.0,-0.0,-0.0,-0.777,0.7372735976034959,0.22785774139374515,0.2547264023965041
59,"([1, 0, 0, 0, 0, 0], [0])","([0.05, 0.07, 0.16, 0.21, 0.26, 0.26], [5])",-0.777,-0.0,-0.0,-0.0,-0.0,-0.0,-0.777,0.7372735976034959,0.2675841437902493,0.2547264023965041
60,"([1, 0, 0, 0, 0, 0], [0])","([0.05, 0.07, 0.16, 0.21, 0.26, 0.26], [4])",-0.777,-0.0,-0.0,-0.0,-0.0,-0.0,-0.777,0.7372735976034959,0.30731054618675346,0.2547264023965041
61,"([1, 0, 0, 0, 0, 0], [0])","([0.05, 0.07, 0.16, 0.21, 0.26, 0.26], [5])",-0.777,-0.0,-0.0,-0.0,-0.0,-0.0,-0.777,0.7372735976034959,0.3470369485832576,0.2547264023965041
62,"([1, 0, 0, 0, 0, 0], [0])","([0.05, 0.07, 0.16, 0.21, 0.26, 0.26], [4])",-0.777,-0.0,-0.0,-0.0,-0.0,-0.0,-0.777,0.7372735976034959,0.3867633509797618,0.2547264023965041
63,"([1, 0, 0, 0, 0, 0], [0])","([0.05, 0.07, 0.16, 0.21, 0.26, 0.26], [3])",-0.777,-0.0,-0.0,-0.0,-0.0,-0.0,-0.777,0.7372735976034959,0.42648975337626593,0.2547264023965041
64,"([1, 0, 0, 0, 0, 0], [0])","([0.05, 0.07, 0.16, 0.21, 0.26, 0.26], [3])",-0.777,-0.0,-0.0,-0.0,-0.0,-0.0,-0.777,0.7372735976034959,0.4662161557727701,0.2547264023965041
65,"([1, 0, 0, 0, 0, 0], [0])","([0.05, 0.07, 0.16, 0.21, 0.26, 0.26], [1])",-0.777,-0.0,-0.0,-0.0,-0.0,-0.0,-0.777,0.7372735976034959,0.5059425581692742,0.2547264023965041
66,"([1, 0, 0, 0, 0, 0], [0])","([0.05, 0.07, 0.16, 0.21, 0.26, 0.26], [5])",-0.777,-0.0,-0.0,-0.0,-0.0,-0.0,-0.777,0.7372735976034959,0.5456689605657784,0.2547264023965041
67,"([1, 0, 0, 0, 0, 0], [0])","([0.05, 0.07, 0.16, 0.21, 0.26, 0.26], [4])",-0.777,-0.0,-0.0,-0.0,-0.0,-0.0,-0.777,0.7372735976034959,0.5853953629622826,0.2547264023965041
68,"([1, 0, 0, 0, 0, 0], [0])","([0.05, 0.07, 0.16, 0.21, 0.26, 0.26], [5])",-0.777,-0.0,-0.0,-0.0,-0.0,-0.0,-0.777,0.7372735976034959,0.6251217653587867,0.2547264023965041
69,"([1, 0, 0, 0, 0, 0], [0])","([0.05, 0.07, 0.16, 0.21, 0.26, 0.26], [4])",-0.777,-0.0,-0.0,-0.0,-0.0,-0.0,-0.777,0.7372735976034959,0.6648481677552909,0.2547264023965041
70,"([1, 0, 0, 0, 0, 0], [0])","([0.05, 0.07, 0.16, 0.21, 0.26, 0.26], [5])",-0.777,-0.0,-0.0,-0.0,-0.0,-0.0,-0.777,0.7372735976034959,0.704574570151795,0.2547264023965041
71,"([1, 0, 0, 0, 0, 0], [0])","([0.05, 0.07, 0.16, 0.21, 0.26, 0.26], [5])",-0.777,-0.0,-0.0,-0.0,-0.0,-0.0,-0.777,0.7372735976034959,0.7443009725482992,0.2547264023965041
72,"([1, 0, 0, 0, 0, 0], [0])","([0.05, 0.07, 0.16, 0.21, 0.26, 0.26], [5])",-0.777,-0.0,-0.0,-0.0,-0.0,-0.0,-0.777,0.7372735976034959,0.7840273749448033,0.2547264023965041
73,"([1, 0, 0, 0, 0, 0], [0])","([0.05, 0.07, 0.16, 0.21, 0.26, 0.26], [0])",-0.0,-0.0,-0.0,-0.0,-0.0,-0.0,0.0,0.7372735976034959,0.04675377734130748,0.2547264023965041
74,"([1, 0, 0, 0, 0, 0], [0])","([0.05, 0.07, 0.16, 0.21, 0.26, 0.26], [5])",-0.777,-0.0,-0.0,-0.0,-0.0,-0.0,-0.777,0.7372735976034959,0.08648017973781164,0.2547264023965041
75,"([1, 0, 0, 0, 0, 0], [0])","([0.05, 0.07, 0.16, 0.21, 0.26, 0.26], [5])",-0.777,-0.0,-0.0,-0.0,-0.0,-0.0,-0.777,0.7372735976034959,0.1262065821343158,0.2547264023965041
76,"([1, 0, 0, 0, 0, 0], [0])","([0.05, 0.07, 0.16, 0.21, 0.26, 0.26], [1])",-0.777,-0.0,-0.0,-0.0,-0.0,-0.0,-0.777,0.7372735976034959,0.16593298453081995,0.2547264023965041
77,"([1, 0, 0, 0, 0, 0], [0])","([0.05, 0.07, 0.16, 0.21, 0.26, 0.26], [3])",-0.777,-0.0,-0.0,-0.0,-0.0,-0.0,-0.777,0.7372735976034959,0.2056593869273241,0.2547264023965041
78,"([1, 0, 0, 0, 0, 0], [0])","([0.05, 0.07, 0.16, 0.21, 0.26, 0.26], [4])",-0.777,-0.0,-0.0,-0.0,-0.0,-0.0,-0.777,0.7372735976034959,0.24538578932382826,0.2547264023965041
79,"([1, 0, 0, 0, 0, 0], [0])","([0.05, 0.07, 0.16, 0.21, 0.26, 0.26], [3])",-0.777,-0.0,-0.0,-0.0,-0.0,-0.0,-0.777,0.7372735976034959,0.2851121917203324,0.2547264023965041
80,"([1, 0, 0, 0, 0, 0], [0])","([0.05, 0.07, 0.16, 0.21, 0.26, 0.26], [4])",-0.777,-0.0,-0.0,-0.0,-0.0,-0.0,-0.777,0.7372735976034959,0.3248385941168366,0.2547264023965041
81,"([1, 0, 0, 0, 0, 0], [0])","([0.05, 0.07, 0.16, 0.21, 0.26, 0.26], [5])",-0.777,-0.0,-0.0,-0.0,-0.0,-0.0,-0.777,0.7372735976034959,0.36456499651334073,0.2547264023965041
82,"([1, 0, 0, 0, 0, 0], [0])","([0.05, 0.07, 0.16, 0.21, 0.26, 0.26], [4])",-0.777,-0.0,-0.0,-0.0,-0.0,-0.0,-0.777,0.7372735976034959,0.4042913989098449,0.2547264023965041
83,"([1, 0, 0, 0, 0, 0], [0])","([0.05, 0.07, 0.16, 0.21, 0.26, 0.26], [5])",-0.777,-0.0,-0.0,-0.0,-0.0,-0.0,-0.777,0.7372735976034959,0.44401780130634905,0.2547264023965041
84,"([1, 0, 0, 0, 0, 0], [0])","([0.05, 0.07, 0.16, 0.21, 0.26, 0.26], [3])",-0.777,-0.0,-0.0,-0.0,-0.0,-0.0,-0.777,0.7372735976034959,0.4837442037028532,0.2547264023965041
85,"([1, 0, 0, 0, 0, 0], [0])","([0.05, 0.07, 0.16, 0.21, 0.26, 0.26], [4])",-0.777,-0.0,-0.0,-0.0,-0.0,-0.0,-0.777,0.7372735976034959,0.5234706060993574,0.2547264023965041
86,"([1, 0, 0, 0, 0, 0], [0])","([0.05, 0.07, 0.16, 0.21, 0.26, 0.26], [3])",-0.777,-0.0,-0.0,-0.0,-0.0,-0.0,-0.777,0.7372735976034959,0.5631970084958615,0.2547264023965041
87,"([1, 0, 0, 0, 0, 0], [0])","([0.05, 0.07, 0.16, 0.21, 0.26, 0.26], [0])",-0.0,-0.0,-0.0,-0.0,-0.0,-0.0,0.0,0.7372735976034959,-0.17407658910763435,0.2547264023965041
88,"([1, 0, 0, 0, 0, 0], [0])","([0.05, 0.07, 0.16, 0.21, 0.26, 0.26], [5])",-0.777,-0.0,-0.0,-0.0,-0.0,-0.0,-0.777,0.7372735976034959,-0.1343501867111302,0.2547264023965041
89,"([1, 0, 0, 0, 0, 0], [0])","([0.05, 0.07, 0.16, 0.21, 0.26, 0.26], [3])",-0.777,-0.0,-0.0,-0.0,-0.0,-0.0,-0.777,0.7372735976034959,-0.09462378431462604,0.2547264023965041
90,"([1, 0, 0, 0, 0, 0], [0])","([0.05, 0.07, 0.16, 0.21, 0.26, 0.26], [2])",-0.777,-0.0,-0.0,-0.0,-0.0,-0.0,-0.777,0.7372735976034959,-0.05489738191812188,0.2547264023965041
91,"([1, 0, 0, 0, 0, 0], [0])","([0.05, 0.07, 0.16, 0.21, 0.26, 0.26], [4])",-0.777,-0.0,-0.0,-0.0,-0.0,-0.0,-0.777,0.7372735976034959,-0.015170979521617722,0.2547264023965041
92,"([1, 0, 0, 0, 0, 0], [0])","([0.05, 0.07, 0.16, 0.21, 0.26, 0.26], [5])",-0.777,-0.0,-0.0,-0.0,-0.0,-0.0,-0.777,0.7372735976034959,0.024555422874886434,0.2547264023965041
93,"([1, 0, 0, 0, 0, 0], [0])","([0.05, 0.07, 0.16, 0.21, 0.26, 0.26], [3])",-0.777,-0.0,-0.0,-0.0,-0.0,-0.0,-0.777,0.7372735976034959,0.06428182527139059,0.2547264023965041
94,"([1, 0, 0, 0, 0, 0], [0])","([0.05, 0.07, 0.16, 0.21, 0.26, 0.26], [3])",-0.777,-0.0,-0.0,-0.0,-0.0,-0.0,-0.777,0.7372735976034959,0.10400822766789475,0.2547264023965041
95,"([1, 0, 0, 0, 0, 0], [0])","([0.05, 0.07, 0.16, 0.21, 0.26, 0.26], [2])",-0.777,-0.0,-0.0,-0.0,-0.0,-0.0,-0.777,0.7372735976034959,0.1437346300643989,0.2547264023965041
96,"([1, 0, 0, 0, 0, 0], [0])","([0.05, 0.07, 0.16, 0.21, 0.26, 0.26], [4])",-0.777,-0.0,-0.0,-0.0,-0.0,-0.0,-0.777,0.7372735976034959,0.18346103246090306,0.2547264023965041
97,"([1, 0, 0, 0, 0, 0], [0])","([0.05, 0.07, 0.16, 0.21, 0.26, 0.26], [3])",-0.777,-0.0,-0.0,-0.0,-0.0,-0.0,-0.777,0.7372735976034959,0.22318743485740722,0.2547264023965041
98,"([1, 0, 0, 0, 0, 0], [0])","([0.05, 0.07, 0.16, 0.21, 0.26, 0.26], [3])",-0.777,-0.0,-0.0,-0.0,-0.0,-0.0,-0.777,0.7372735976034959,0.2629138372539114,0.2547264023965041
99,"([1, 0, 0, 0, 0, 0], [0])","([0.05, 0.07, 0.16, 0.21, 0.26, 0.26], [4])",-0.777,-0.0,-0.0,-0.0,-0.0,-0.0,-0.777,0.7372735976034959,0.30264023965041553,0.2547264023965041
