,sta-1,FB-0,feedback target 0,feedback target 1,feedback target 2,feedback target 3,feedback target 4,feedback target 5,total,exp_loss,actual_regret,exp_regret
0,"([0, 0, 0, 0, 1, 0], [4])","([0, 0, 0, 1, 0, 0], [3])",-0.0,-0.0,-0.0,-0.0,-0.992,-0.0,-0.992,0.992,0.2547264023965041,0.2547264023965041
1,"([1, 0, 0, 0, 0, 0], [0])","([0.05, 0.07, 0.16, 0.21, 0.26, 0.26], [5])",-0.777,-0.0,-0.0,-0.0,-0.0,-0.0,-0.777,0.7372735976034959,0.2944528047930083,0.2547264023965041
2,"([1, 0, 0, 0, 0, 0], [0])","([0.05, 0.07, 0.16, 0.21, 0.26, 0.26], [2])",-0.777,-0.0,-0.0,-0.0,-0.0,-0.0,-0.777,0.7372735976034959,0.33417920718951244,0.2547264023965041
3,"([1, 0, 0, 0, 0, 0], [0])","([0.05, 0.07, 0.16, 0.21, 0.26, 0.26], [1])",-0.777,-0.0,-0.0,-0.0,-0.0,-0.0,-0.777,0.7372735976034959,0.3739056095860166,0.2547264023965041
4,"([1, 0, 0, 0, 0, 0], [0])","([0.05, 0.07, 0.16, 0.21, 0.26, 0.26], [5])",-0.777,-0.0,-0.0,-0.0,-0.0,-0.0,-0.777,0.7372735976034959,0.41363201198252075,0.2547264023965041
5,"([1, 0, 0, 0, 0, 0], [0])","([0.05, 0.07, 0.16, 0.21, 0.26, 0.26], [4])",-0.777,-0.0,-0.0,-0.0,-0.0,-0.0,-0.777,0.7372735976034959,0.4533584143790249,0.2547264023965041
6,"([1, 0, 0, 0, 0, 0], [0])","([0.05, 0.07, 0.16, 0.21, 0.26, 0.26], [2])",-0.777,-0.0,-0.0,-0.0,-0.0,-0.0,-0.777,0.7372735976034959,0.49308481677552907,0.2547264023965041
7,"([1, 0, 0, 0, 0, 0], [0])","([0.05, 0.07, 0.16, 0.21, 0.26, 0.26], [3])",-0.777,-0.0,-0.0,-0.0,-0.0,-0.0,-0.777,0.7372735976034959,0.5328112191720332,0.2547264023965041
8,"([1, 0, 0, 0, 0, 0], [0])","([0.05, 0.07, 0.16, 0.21, 0.26, 0.26], [5])",-0.777,-0.0,-0.0,-0.0,-0.0,-0.0,-0.777,0.7372735976034959,0.5725376215685374,0.2547264023965041
9,"([1, 0, 0, 0, 0, 0], [0])","([0.05, 0.07, 0.16, 0.21, 0.26, 0.26], [3])",-0.777,-0.0,-0.0,-0.0,-0.0,-0.0,-0.777,0.7372735976034959,0.6122640239650415,0.2547264023965041
10,"([1, 0, 0, 0, 0, 0], [0])","([0.05, 0.07, 0.16, 0.21, 0.26, 0.26], [3])",-0.777,-0.0,-0.0,-0.0,-0.0,-0.0,-0.777,0.7372735976034959,0.6519904263615457,0.2547264023965041
11,"([1, 0, 0, 0, 0, 0], [0])","([0.05, 0.07, 0.16, 0.21, 0.26, 0.26], [2])",-0.777,-0.0,-0.0,-0.0,-0.0,-0.0,-0.777,0.7372735976034959,0.6917168287580499,0.2547264023965041
12,"([1, 0, 0, 0, 0, 0], [0])","([0.05, 0.07, 0.16, 0.21, 0.26, 0.26], [2])",-0.777,-0.0,-0.0,-0.0,-0.0,-0.0,-0.777,0.7372735976034959,0.731443231154554,0.2547264023965041
13,"([1, 0, 0, 0, 0, 0], [0])","([0.05, 0.07, 0.16, 0.21, 0.26, 0.26], [4])",-0.777,-0.0,-0.0,-0.0,-0.0,-0.0,-0.777,0.7372735976034959,0.7711696335510582,0.2547264023965041
14,"([1, 0, 0, 0, 0, 0], [0])","([0.05, 0.07, 0.16, 0.21, 0.26, 0.26], [5])",-0.777,-0.0,-0.0,-0.0,-0.0,-0.0,-0.777,0.7372735976034959,0.8108960359475623,0.2547264023965041
15,"([1, 0, 0, 0, 0, 0], [0])","([0.05, 0.07, 0.16, 0.21, 0.26, 0.26], [3])",-0.777,-0.0,-0.0,-0.0,-0.0,-0.0,-0.777,0.7372735976034959,0.8506224383440665,0.2547264023965041
16,"([1, 0, 0, 0, 0, 0], [0])","([0.05, 0.07, 0.16, 0.21, 0.26, 0.26], [4])",-0.777,-0.0,-0.0,-0.0,-0.0,-0.0,-0.777,0.7372735976034959,0.8903488407405706,0.2547264023965041
17,"([1, 0, 0, 0, 0, 0], [0])","([0.05, 0.07, 0.16, 0.21, 0.26, 0.26], [4])",-0.777,-0.0,-0.0,-0.0,-0.0,-0.0,-0.777,0.7372735976034959,0.9300752431370748,0.2547264023965041
18,"([1, 0, 0, 0, 0, 0], [0])","([0.05, 0.07, 0.16, 0.21, 0.26, 0.26], [3])",-0.777,-0.0,-0.0,-0.0,-0.0,-0.0,-0.777,0.7372735976034959,0.969801645533579,0.2547264023965041
19,"([1, 0, 0, 0, 0, 0], [0])","([0.05, 0.07, 0.16, 0.21, 0.26, 0.26], [2])",-0.777,-0.0,-0.0,-0.0,-0.0,-0.0,-0.777,0.7372735976034959,1.009528047930083,0.2547264023965041
20,"([1, 0, 0, 0, 0, 0], [0])","([0.05, 0.07, 0.16, 0.21, 0.26, 0.26], [3])",-0.777,-0.0,-0.0,-0.0,-0.0,-0.0,-0.777,0.7372735976034959,1.049254450326587,0.2547264023965041
21,"([1, 0, 0, 0, 0, 0], [0])","([0.05, 0.07, 0.16, 0.21, 0.26, 0.26], [4])",-0.777,-0.0,-0.0,-0.0,-0.0,-0.0,-0.777,0.7372735976034959,1.088980852723091,0.2547264023965041
22,"([1, 0, 0, 0, 0, 0], [0])","([0.05, 0.07, 0.16, 0.21, 0.26, 0.26], [3])",-0.777,-0.0,-0.0,-0.0,-0.0,-0.0,-0.777,0.7372735976034959,1.1287072551195951,0.2547264023965041
23,"([1, 0, 0, 0, 0, 0], [0])","([0.05, 0.07, 0.16, 0.21, 0.26, 0.26], [5])",-0.777,-0.0,-0.0,-0.0,-0.0,-0.0,-0.777,0.7372735976034959,1.1684336575160992,0.2547264023965041
24,"([1, 0, 0, 0, 0, 0], [0])","([0.05, 0.07, 0.16, 0.21, 0.26, 0.26], [4])",-0.777,-0.0,-0.0,-0.0,-0.0,-0.0,-0.777,0.7372735976034959,1.2081600599126032,0.2547264023965041
25,"([1, 0, 0, 0, 0, 0], [0])","([0.05, 0.07, 0.16, 0.21, 0.26, 0.26], [3])",-0.777,-0.0,-0.0,-0.0,-0.0,-0.0,-0.777,0.7372735976034959,1.2478864623091073,0.2547264023965041
26,"([1, 0, 0, 0, 0, 0], [0])","([0.05, 0.07, 0.16, 0.21, 0.26, 0.26], [5])",-0.777,-0.0,-0.0,-0.0,-0.0,-0.0,-0.777,0.7372735976034959,1.2876128647056113,0.2547264023965041
27,"([1, 0, 0, 0, 0, 0], [0])","([0.05, 0.07, 0.16, 0.21, 0.26, 0.26], [4])",-0.777,-0.0,-0.0,-0.0,-0.0,-0.0,-0.777,0.7372735976034959,1.3273392671021154,0.2547264023965041
28,"([1, 0, 0, 0, 0, 0], [0])","([0.05, 0.07, 0.16, 0.21, 0.26, 0.26], [2])",-0.777,-0.0,-0.0,-0.0,-0.0,-0.0,-0.777,0.7372735976034959,1.3670656694986194,0.2547264023965041
29,"([1, 0, 0, 0, 0, 0], [0])","([0.05, 0.07, 0.16, 0.21, 0.26, 0.26], [4])",-0.777,-0.0,-0.0,-0.0,-0.0,-0.0,-0.777,0.7372735976034959,1.4067920718951235,0.2547264023965041
30,"([1, 0, 0, 0, 0, 0], [0])","([0.05, 0.07, 0.16, 0.21, 0.26, 0.26], [5])",-0.777,-0.0,-0.0,-0.0,-0.0,-0.0,-0.777,0.7372735976034959,1.4465184742916275,0.2547264023965041
31,"([1, 0, 0, 0, 0, 0], [0])","([0.05, 0.07, 0.16, 0.21, 0.26, 0.26], [4])",-0.777,-0.0,-0.0,-0.0,-0.0,-0.0,-0.777,0.7372735976034959,1.4862448766881315,0.2547264023965041
32,"([1, 0, 0, 0, 0, 0], [0])","([0.05, 0.07, 0.16, 0.21, 0.26, 0.26], [5])",-0.777,-0.0,-0.0,-0.0,-0.0,-0.0,-0.777,0.7372735976034959,1.5259712790846356,0.2547264023965041
33,"([1, 0, 0, 0, 0, 0], [0])","([0.05, 0.07, 0.16, 0.21, 0.26, 0.26], [1])",-0.777,-0.0,-0.0,-0.0,-0.0,-0.0,-0.777,0.7372735976034959,1.5656976814811396,0.2547264023965041
34,"([1, 0, 0, 0, 0, 0], [0])","([0.05, 0.07, 0.16, 0.21, 0.26, 0.26], [3])",-0.777,-0.0,-0.0,-0.0,-0.0,-0.0,-0.777,0.7372735976034959,1.6054240838776437,0.2547264023965041
35,"([1, 0, 0, 0, 0, 0], [0])","([0.05, 0.07, 0.16, 0.21, 0.26, 0.26], [1])",-0.777,-0.0,-0.0,-0.0,-0.0,-0.0,-0.777,0.7372735976034959,1.6451504862741477,0.2547264023965041
36,"([1, 0, 0, 0, 0, 0], [0])","([0.05, 0.07, 0.16, 0.21, 0.26, 0.26], [4])",-0.777,-0.0,-0.0,-0.0,-0.0,-0.0,-0.777,0.7372735976034959,1.6848768886706518,0.2547264023965041
37,"([1, 0, 0, 0, 0, 0], [0])","([0.05, 0.07, 0.16, 0.21, 0.26, 0.26], [5])",-0.777,-0.0,-0.0,-0.0,-0.0,-0.0,-0.777,0.7372735976034959,1.7246032910671558,0.2547264023965041
38,"([1, 0, 0, 0, 0, 0], [0])","([0.05, 0.07, 0.16, 0.21, 0.26, 0.26], [4])",-0.777,-0.0,-0.0,-0.0,-0.0,-0.0,-0.777,0.7372735976034959,1.7643296934636599,0.2547264023965041
39,"([1, 0, 0, 0, 0, 0], [0])","([0.05, 0.07, 0.16, 0.21, 0.26, 0.26], [4])",-0.777,-0.0,-0.0,-0.0,-0.0,-0.0,-0.777,0.7372735976034959,1.804056095860164,0.2547264023965041
40,"([1, 0, 0, 0, 0, 0], [0])","([0.05, 0.07, 0.16, 0.21, 0.26, 0.26], [4])",-0.777,-0.0,-0.0,-0.0,-0.0,-0.0,-0.777,0.7372735976034959,1.843782498256668,0.2547264023965041
41,"([1, 0, 0, 0, 0, 0], [0])","([0.05, 0.07, 0.16, 0.21, 0.26, 0.26], [4])",-0.777,-0.0,-0.0,-0.0,-0.0,-0.0,-0.777,0.7372735976034959,1.883508900653172,0.2547264023965041
42,"([1, 0, 0, 0, 0, 0], [0])","([0.05, 0.07, 0.16, 0.21, 0.26, 0.26], [4])",-0.777,-0.0,-0.0,-0.0,-0.0,-0.0,-0.777,0.7372735976034959,1.923235303049676,0.2547264023965041
43,"([1, 0, 0, 0, 0, 0], [0])","([0.05, 0.07, 0.16, 0.21, 0.26, 0.26], [1])",-0.777,-0.0,-0.0,-0.0,-0.0,-0.0,-0.777,0.7372735976034959,1.96296170544618,0.2547264023965041
44,"([1, 0, 0, 0, 0, 0], [0])","([0.05, 0.07, 0.16, 0.21, 0.26, 0.26], [4])",-0.777,-0.0,-0.0,-0.0,-0.0,-0.0,-0.777,0.7372735976034959,2.002688107842684,0.2547264023965041
45,"([1, 0, 0, 0, 0, 0], [0])","([0.05, 0.07, 0.16, 0.21, 0.26, 0.26], [5])",-0.777,-0.0,-0.0,-0.0,-0.0,-0.0,-0.777,0.7372735976034959,2.042414510239188,0.2547264023965041
46,"([1, 0, 0, 0, 0, 0], [0])","([0.05, 0.07, 0.16, 0.21, 0.26, 0.26], [3])",-0.777,-0.0,-0.0,-0.0,-0.0,-0.0,-0.777,0.7372735976034959,2.0821409126356922,0.2547264023965041
47,"([1, 0, 0, 0, 0, 0], [0])","([0.05, 0.07, 0.16, 0.21, 0.26, 0.26], [4])",-0.777,-0.0,-0.0,-0.0,-0.0,-0.0,-0.777,0.7372735976034959,2.1218673150321963,0.2547264023965041
48,"([1, 0, 0, 0, 0, 0], [0])","([0.05, 0.07, 0.16, 0.21, 0.26, 0.26], [5])",-0.777,-0.0,-0.0,-0.0,-0.0,-0.0,-0.777,0.7372735976034959,2.1615937174287003,0.2547264023965041
49,"([1, 0, 0, 0, 0, 0], [0])","([0.05, 0.07, 0.16, 0.21, 0.26, 0.26], [2])",-0.777,-0.0,-0.0,-0.0,-0.0,-0.0,-0.777,0.7372735976034959,2.2013201198252044,0.2547264023965041
50,"([1, 0, 0, 0, 0, 0], [0])","([0.05, 0.07, 0.16, 0.21, 0.26, 0.26], [4])",-0.777,-0.0,-0.0,-0.0,-0.0,-0.0,-0.777,0.7372735976034959,2.2410465222217084,0.2547264023965041
51,"([1, 0, 0, 0, 0, 0], [0])","([0.05, 0.07, 0.16, 0.21, 0.26, 0.26], [4])",-0.777,-0.0,-0.0,-0.0,-0.0,-0.0,-0.777,0.7372735976034959,2.2807729246182125,0.2547264023965041
52,"([1, 0, 0, 0, 0, 0], [0])","([0.05, 0.07, 0.16, 0.21, 0.26, 0.26], [5])",-0.777,-0.0,-0.0,-0.0,-0.0,-0.0,-0.777,0.7372735976034959,2.3204993270147165,0.2547264023965041
53,"([1, 0, 0, 0, 0, 0], [0])","([0.05, 0.07, 0.16, 0.21, 0.26, 0.26], [0])",-0.0,-0.0,-0.0,-0.0,-0.0,-0.0,0.0,0.7372735976034959,1.5832257294112206,0.2547264023965041
54,"([1, 0, 0, 0, 0, 0], [0])","([0.05, 0.07, 0.16, 0.21, 0.26, 0.26], [5])",-0.777,-0.0,-0.0,-0.0,-0.0,-0.0,-0.777,0.7372735976034959,1.622952131807725,0.2547264023965041
55,"([1, 0, 0, 0, 0, 0], [0])","([0.05, 0.07, 0.16, 0.21, 0.26, 0.26], [5])",-0.777,-0.0,-0.0,-0.0,-0.0,-0.0,-0.777,0.7372735976034959,1.662678534204229,0.2547264023965041
56,"([1, 0, 0, 0, 0, 0], [0])","([0.05, 0.07, 0.16, 0.21, 0.26, 0.26], [4])",-0.777,-0.0,-0.0,-0.0,-0.0,-0.0,-0.777,0.7372735976034959,1.702404936600733,0.2547264023965041
57,"([1, 0, 0, 0, 0, 0], [0])","([0.05, 0.07, 0.16, 0.21, 0.26, 0.26], [1])",-0.777,-0.0,-0.0,-0.0,-0.0,-0.0,-0.777,0.7372735976034959,1.742131338997237,0.2547264023965041
58,"([1, 0, 0, 0, 0, 0], [0])","([0.05, 0.07, 0.16, 0.21, 0.26, 0.26], [5])",-0.777,-0.0,-0.0,-0.0,-0.0,-0.0,-0.777,0.7372735976034959,1.781857741393741,0.2547264023965041
59,"([1, 0, 0, 0, 0, 0], [0])","([0.05, 0.07, 0.16, 0.21, 0.26, 0.26], [4])",-0.777,-0.0,-0.0,-0.0,-0.0,-0.0,-0.777,0.7372735976034959,1.8215841437902451,0.2547264023965041
60,"([1, 0, 0, 0, 0, 0], [0])","([0.05, 0.07, 0.16, 0.21, 0.26, 0.26], [3])",-0.777,-0.0,-0.0,-0.0,-0.0,-0.0,-0.777,0.7372735976034959,1.8613105461867492,0.2547264023965041
61,"([1, 0, 0, 0, 0, 0], [0])","([0.05, 0.07, 0.16, 0.21, 0.26, 0.26], [3])",-0.777,-0.0,-0.0,-0.0,-0.0,-0.0,-0.777,0.7372735976034959,1.9010369485832532,0.2547264023965041
62,"([1, 0, 0, 0, 0, 0], [0])","([0.05, 0.07, 0.16, 0.21, 0.26, 0.26], [3])",-0.777,-0.0,-0.0,-0.0,-0.0,-0.0,-0.777,0.7372735976034959,1.9407633509797573,0.2547264023965041
63,"([1, 0, 0, 0, 0, 0], [0])","([0.05, 0.07, 0.16, 0.21, 0.26, 0.26], [3])",-0.777,-0.0,-0.0,-0.0,-0.0,-0.0,-0.777,0.7372735976034959,1.9804897533762613,0.2547264023965041
64,"([1, 0, 0, 0, 0, 0], [0])","([0.05, 0.07, 0.16, 0.21, 0.26, 0.26], [1])",-0.777,-0.0,-0.0,-0.0,-0.0,-0.0,-0.777,0.7372735976034959,2.0202161557727654,0.2547264023965041
65,"([1, 0, 0, 0, 0, 0], [0])","([0.05, 0.07, 0.16, 0.21, 0.26, 0.26], [5])",-0.777,-0.0,-0.0,-0.0,-0.0,-0.0,-0.777,0.7372735976034959,2.0599425581692694,0.2547264023965041
66,"([1, 0, 0, 0, 0, 0], [0])","([0.05, 0.07, 0.16, 0.21, 0.26, 0.26], [5])",-0.777,-0.0,-0.0,-0.0,-0.0,-0.0,-0.777,0.7372735976034959,2.0996689605657735,0.2547264023965041
67,"([1, 0, 0, 0, 0, 0], [0])","([0.05, 0.07, 0.16, 0.21, 0.26, 0.26], [3])",-0.777,-0.0,-0.0,-0.0,-0.0,-0.0,-0.777,0.7372735976034959,2.1393953629622775,0.2547264023965041
68,"([1, 0, 0, 0, 0, 0], [0])","([0.05, 0.07, 0.16, 0.21, 0.26, 0.26], [5])",-0.777,-0.0,-0.0,-0.0,-0.0,-0.0,-0.777,0.7372735976034959,2.1791217653587815,0.2547264023965041
69,"([1, 0, 0, 0, 0, 0], [0])","([0.05, 0.07, 0.16, 0.21, 0.26, 0.26], [2])",-0.777,-0.0,-0.0,-0.0,-0.0,-0.0,-0.777,0.7372735976034959,2.2188481677552856,0.2547264023965041
70,"([1, 0, 0, 0, 0, 0], [0])","([0.05, 0.07, 0.16, 0.21, 0.26, 0.26], [5])",-0.777,-0.0,-0.0,-0.0,-0.0,-0.0,-0.777,0.7372735976034959,2.2585745701517896,0.2547264023965041
71,"([1, 0, 0, 0, 0, 0], [0])","([0.05, 0.07, 0.16, 0.21, 0.26, 0.26], [4])",-0.777,-0.0,-0.0,-0.0,-0.0,-0.0,-0.777,0.7372735976034959,2.2983009725482937,0.2547264023965041
72,"([1, 0, 0, 0, 0, 0], [0])","([0.05, 0.07, 0.16, 0.21, 0.26, 0.26], [2])",-0.777,-0.0,-0.0,-0.0,-0.0,-0.0,-0.777,0.7372735976034959,2.3380273749447977,0.2547264023965041
73,"([1, 0, 0, 0, 0, 0], [0])","([0.05, 0.07, 0.16, 0.21, 0.26, 0.26], [3])",-0.777,-0.0,-0.0,-0.0,-0.0,-0.0,-0.777,0.7372735976034959,2.3777537773413018,0.2547264023965041
74,"([1, 0, 0, 0, 0, 0], [0])","([0.05, 0.07, 0.16, 0.21, 0.26, 0.26], [0])",-0.0,-0.0,-0.0,-0.0,-0.0,-0.0,0.0,0.7372735976034959,1.640480179737806,0.2547264023965041
75,"([1, 0, 0, 0, 0, 0], [0])","([0.05, 0.07, 0.16, 0.21, 0.26, 0.26], [5])",-0.777,-0.0,-0.0,-0.0,-0.0,-0.0,-0.777,0.7372735976034959,1.6802065821343102,0.2547264023965041
76,"([1, 0, 0, 0, 0, 0], [0])","([0.05, 0.07, 0.16, 0.21, 0.26, 0.26], [0])",-0.0,-0.0,-0.0,-0.0,-0.0,-0.0,0.0,0.7372735976034959,0.9429329845308143,0.2547264023965041
77,"([1, 0, 0, 0, 0, 0], [0])","([0.05, 0.07, 0.16, 0.21, 0.26, 0.26], [5])",-0.777,-0.0,-0.0,-0.0,-0.0,-0.0,-0.777,0.7372735976034959,0.9826593869273185,0.2547264023965041
78,"([1, 0, 0, 0, 0, 0], [0])","([0.05, 0.07, 0.16, 0.21, 0.26, 0.26], [5])",-0.777,-0.0,-0.0,-0.0,-0.0,-0.0,-0.777,0.7372735976034959,1.0223857893238226,0.2547264023965041
79,"([1, 0, 0, 0, 0, 0], [0])","([0.05, 0.07, 0.16, 0.21, 0.26, 0.26], [5])",-0.777,-0.0,-0.0,-0.0,-0.0,-0.0,-0.777,0.7372735976034959,1.0621121917203267,0.2547264023965041
80,"([1, 0, 0, 0, 0, 0], [0])","([0.05, 0.07, 0.16, 0.21, 0.26, 0.26], [2])",-0.777,-0.0,-0.0,-0.0,-0.0,-0.0,-0.777,0.7372735976034959,1.1018385941168307,0.2547264023965041
81,"([1, 0, 0, 0, 0, 0], [0])","([0.05, 0.07, 0.16, 0.21, 0.26, 0.26], [2])",-0.777,-0.0,-0.0,-0.0,-0.0,-0.0,-0.777,0.7372735976034959,1.1415649965133348,0.2547264023965041
82,"([1, 0, 0, 0, 0, 0], [0])","([0.05, 0.07, 0.16, 0.21, 0.26, 0.26], [2])",-0.777,-0.0,-0.0,-0.0,-0.0,-0.0,-0.777,0.7372735976034959,1.1812913989098388,0.2547264023965041
83,"([1, 0, 0, 0, 0, 0], [0])","([0.05, 0.07, 0.16, 0.21, 0.26, 0.26], [3])",-0.777,-0.0,-0.0,-0.0,-0.0,-0.0,-0.777,0.7372735976034959,1.2210178013063429,0.2547264023965041
84,"([1, 0, 0, 0, 0, 0], [0])","([0.05, 0.07, 0.16, 0.21, 0.26, 0.26], [2])",-0.777,-0.0,-0.0,-0.0,-0.0,-0.0,-0.777,0.7372735976034959,1.260744203702847,0.2547264023965041
85,"([1, 0, 0, 0, 0, 0], [0])","([0.05, 0.07, 0.16, 0.21, 0.26, 0.26], [0])",-0.0,-0.0,-0.0,-0.0,-0.0,-0.0,0.0,0.7372735976034959,0.523470606099351,0.2547264023965041
86,"([1, 0, 0, 0, 0, 0], [0])","([0.05, 0.07, 0.16, 0.21, 0.26, 0.26], [5])",-0.777,-0.0,-0.0,-0.0,-0.0,-0.0,-0.777,0.7372735976034959,0.5631970084958552,0.2547264023965041
87,"([1, 0, 0, 0, 0, 0], [0])","([0.05, 0.07, 0.16, 0.21, 0.26, 0.26], [0])",-0.0,-0.0,-0.0,-0.0,-0.0,-0.0,0.0,0.7372735976034959,-0.17407658910764068,0.2547264023965041
88,"([1, 0, 0, 0, 0, 0], [0])","([0.05, 0.07, 0.16, 0.21, 0.26, 0.26], [5])",-0.777,-0.0,-0.0,-0.0,-0.0,-0.0,-0.777,0.7372735976034959,-0.13435018671113652,0.2547264023965041
89,"([1, 0, 0, 0, 0, 0], [0])","([0.05, 0.07, 0.16, 0.21, 0.26, 0.26], [3])",-0.777,-0.0,-0.0,-0.0,-0.0,-0.0,-0.777,0.7372735976034959,-0.09462378431463236,0.2547264023965041
90,"([1, 0, 0, 0, 0, 0], [0])","([0.05, 0.07, 0.16, 0.21, 0.26, 0.26], [3])",-0.777,-0.0,-0.0,-0.0,-0.0,-0.0,-0.777,0.7372735976034959,-0.05489738191812821,0.2547264023965041
91,"([1, 0, 0, 0, 0, 0], [0])","([0.05, 0.07, 0.16, 0.21, 0.26, 0.26], [5])",-0.777,-0.0,-0.0,-0.0,-0.0,-0.0,-0.777,0.7372735976034959,-0.01517097952162405,0.2547264023965041
92,"([1, 0, 0, 0, 0, 0], [0])","([0.05, 0.07, 0.16, 0.21, 0.26, 0.26], [2])",-0.777,-0.0,-0.0,-0.0,-0.0,-0.0,-0.777,0.7372735976034959,0.024555422874880106,0.2547264023965041
93,"([1, 0, 0, 0, 0, 0], [0])","([0.05, 0.07, 0.16, 0.21, 0.26, 0.26], [3])",-0.777,-0.0,-0.0,-0.0,-0.0,-0.0,-0.777,0.7372735976034959,0.06428182527138426,0.2547264023965041
94,"([1, 0, 0, 0, 0, 0], [0])","([0.05, 0.07, 0.16, 0.21, 0.26, 0.26], [3])",-0.777,-0.0,-0.0,-0.0,-0.0,-0.0,-0.777,0.7372735976034959,0.10400822766788842,0.2547264023965041
95,"([1, 0, 0, 0, 0, 0], [0])","([0.05, 0.07, 0.16, 0.21, 0.26, 0.26], [2])",-0.777,-0.0,-0.0,-0.0,-0.0,-0.0,-0.777,0.7372735976034959,0.14373463006439258,0.2547264023965041
96,"([1, 0, 0, 0, 0, 0], [0])","([0.05, 0.07, 0.16, 0.21, 0.26, 0.26], [5])",-0.777,-0.0,-0.0,-0.0,-0.0,-0.0,-0.777,0.7372735976034959,0.18346103246089673,0.2547264023965041
97,"([1, 0, 0, 0, 0, 0], [0])","([0.05, 0.07, 0.16, 0.21, 0.26, 0.26], [1])",-0.777,-0.0,-0.0,-0.0,-0.0,-0.0,-0.777,0.7372735976034959,0.2231874348574009,0.2547264023965041
98,"([1, 0, 0, 0, 0, 0], [0])","([0.05, 0.07, 0.16, 0.21, 0.26, 0.26], [5])",-0.777,-0.0,-0.0,-0.0,-0.0,-0.0,-0.777,0.7372735976034959,0.26291383725390505,0.2547264023965041
99,"([1, 0, 0, 0, 0, 0], [0])","([0.05, 0.07, 0.16, 0.21, 0.26, 0.26], [2])",-0.777,-0.0,-0.0,-0.0,-0.0,-0.0,-0.777,0.7372735976034959,0.3026402396504092,0.2547264023965041
