,sto-1,FRL-0,feedback target 0,feedback target 1,feedback target 2,feedback target 3,feedback target 4,feedback target 5,total,exp_loss,actual_regret,exp_regret
0,"([0.34, 0.32, 0.1, 0.07, 0.02, 0.15], [3])","([0.18, 0.03, 0.15, 0.29, 0.11, 0.24], [5])",-0.0,-0.0,-0.0,-1.0,-0.0,-0.0,-1.0,0.7050306861391142,0.46260899999999994,0.16763968613911417
1,"([0.34, 0.32, 0.1, 0.07, 0.02, 0.15], [5])","([0, 0, 0, 1, 0, 0], [3])",-0.0,-0.0,-0.0,-0.0,-0.0,-0.9229999999999999,-0.9229999999999999,0.757028,0.8482179999999998,0.38727668613911415
2,"([0.34, 0.32, 0.1, 0.07, 0.02, 0.15], [1])","([0, 0, 0, 1, 0, 0], [3])",-0.0,-0.7240000000000001,-0.0,-0.0,-0.0,-0.0,-0.7240000000000001,0.757028,1.034827,0.6069136861391141
3,"([0.34, 0.32, 0.1, 0.07, 0.02, 0.15], [1])","([0, 0, 0, 0, 0, 1], [5])",-0.0,-0.7240000000000001,-0.0,-0.0,-0.0,-0.0,-0.7240000000000001,0.696347,1.221436,0.7658696861391141
4,"([0.34, 0.32, 0.1, 0.07, 0.02, 0.15], [1])","([0, 0, 0, 0, 0, 1], [5])",-0.0,-0.7240000000000001,-0.0,-0.0,-0.0,-0.0,-0.7240000000000001,0.696347,1.408045,0.9248256861391141
5,"([0.34, 0.32, 0.1, 0.07, 0.02, 0.15], [2])","([0, 1, 0, 0, 0, 0], [1])",-0.0,-0.0,-0.833,-0.0,-0.0,-0.0,-0.833,0.599624,1.7036539999999998,0.9870586861391141
6,"([0.34, 0.32, 0.1, 0.07, 0.02, 0.15], [1])","([0, 0, 0, 0, 0, 1], [5])",-0.0,-0.7240000000000001,-0.0,-0.0,-0.0,-0.0,-0.7240000000000001,0.696347,1.8902629999999998,1.146014686139114
7,"([0.34, 0.32, 0.1, 0.07, 0.02, 0.15], [0])","([0, 1, 0, 0, 0, 0], [1])",-0.8590000000000001,-0.0,-0.0,-0.0,-0.0,-0.0,-0.8590000000000001,0.599624,2.2118719999999996,1.208247686139114
8,"([0.34, 0.32, 0.1, 0.07, 0.02, 0.15], [1])","([0, 1, 0, 0, 0, 0], [1])",-0.0,-0.0,-0.0,-0.0,-0.0,-0.0,0.0,0.599624,1.6744809999999997,1.270480686139114
9,"([0.34, 0.32, 0.1, 0.07, 0.02, 0.15], [3])","([0, 1, 0, 0, 0, 0], [1])",-0.0,-0.0,-0.0,-1.0,-0.0,-0.0,-1.0,0.599624,2.1370899999999997,1.332713686139114
10,"([0.34, 0.32, 0.1, 0.07, 0.02, 0.15], [1])","([0, 1, 0, 0, 0, 0], [1])",-0.0,-0.0,-0.0,-0.0,-0.0,-0.0,0.0,0.599624,1.5996989999999998,1.394946686139114
11,"([0.34, 0.32, 0.1, 0.07, 0.02, 0.15], [1])","([0, 1, 0, 0, 0, 0], [1])",-0.0,-0.0,-0.0,-0.0,-0.0,-0.0,0.0,0.599624,1.0623079999999998,1.457179686139114
12,"([0.34, 0.32, 0.1, 0.07, 0.02, 0.15], [0])","([0, 1, 0, 0, 0, 0], [1])",-0.8590000000000001,-0.0,-0.0,-0.0,-0.0,-0.0,-0.8590000000000001,0.599624,1.3839169999999998,1.519412686139114
13,"([0.34, 0.32, 0.1, 0.07, 0.02, 0.15], [1])","([0, 1, 0, 0, 0, 0], [1])",-0.0,-0.0,-0.0,-0.0,-0.0,-0.0,0.0,0.599624,0.8465259999999998,1.581645686139114
14,"([0.34, 0.32, 0.1, 0.07, 0.02, 0.15], [1])","([0, 1, 0, 0, 0, 0], [1])",-0.0,-0.0,-0.0,-0.0,-0.0,-0.0,0.0,0.599624,0.3091349999999997,1.643878686139114
15,"([0.34, 0.32, 0.1, 0.07, 0.02, 0.15], [0])","([0, 1, 0, 0, 0, 0], [1])",-0.8590000000000001,-0.0,-0.0,-0.0,-0.0,-0.0,-0.8590000000000001,0.599624,0.6307439999999997,1.706111686139114
16,"([0.34, 0.32, 0.1, 0.07, 0.02, 0.15], [1])","([0, 1, 0, 0, 0, 0], [1])",-0.0,-0.0,-0.0,-0.0,-0.0,-0.0,0.0,0.599624,0.09335299999999969,1.7683446861391139
17,"([0.34, 0.32, 0.1, 0.07, 0.02, 0.15], [0])","([0, 1, 0, 0, 0, 0], [1])",-0.8590000000000001,-0.0,-0.0,-0.0,-0.0,-0.0,-0.8590000000000001,0.599624,0.4149619999999997,1.8305776861391139
18,"([0.34, 0.32, 0.1, 0.07, 0.02, 0.15], [1])","([0, 1, 0, 0, 0, 0], [1])",-0.0,-0.0,-0.0,-0.0,-0.0,-0.0,0.0,0.599624,-0.12242900000000034,1.8928106861391139
19,"([0.34, 0.32, 0.1, 0.07, 0.02, 0.15], [1])","([0, 1, 0, 0, 0, 0], [1])",-0.0,-0.0,-0.0,-0.0,-0.0,-0.0,0.0,0.599624,-0.6598200000000004,1.9550436861391138
20,"([0.34, 0.32, 0.1, 0.07, 0.02, 0.15], [1])","([0, 1, 0, 0, 0, 0], [1])",-0.0,-0.0,-0.0,-0.0,-0.0,-0.0,0.0,0.599624,-1.1972110000000005,2.017276686139114
21,"([0.34, 0.32, 0.1, 0.07, 0.02, 0.15], [5])","([0, 1, 0, 0, 0, 0], [1])",-0.0,-0.0,-0.0,-0.0,-0.0,-0.9229999999999999,-0.9229999999999999,0.599624,-0.8116020000000006,2.079509686139114
22,"([0.34, 0.32, 0.1, 0.07, 0.02, 0.15], [0])","([0, 1, 0, 0, 0, 0], [1])",-0.8590000000000001,-0.0,-0.0,-0.0,-0.0,-0.0,-0.8590000000000001,0.599624,-0.48999300000000057,2.141742686139114
23,"([0.34, 0.32, 0.1, 0.07, 0.02, 0.15], [0])","([0, 1, 0, 0, 0, 0], [1])",-0.8590000000000001,-0.0,-0.0,-0.0,-0.0,-0.0,-0.8590000000000001,0.599624,-0.16838400000000053,2.2039756861391138
24,"([0.34, 0.32, 0.1, 0.07, 0.02, 0.15], [1])","([0, 1, 0, 0, 0, 0], [1])",-0.0,-0.0,-0.0,-0.0,-0.0,-0.0,0.0,0.599624,-0.7057750000000006,2.2662086861391137
25,"([0.34, 0.32, 0.1, 0.07, 0.02, 0.15], [1])","([0, 1, 0, 0, 0, 0], [1])",-0.0,-0.0,-0.0,-0.0,-0.0,-0.0,0.0,0.599624,-1.2431660000000007,2.3284416861391137
26,"([0.34, 0.32, 0.1, 0.07, 0.02, 0.15], [0])","([0, 1, 0, 0, 0, 0], [1])",-0.8590000000000001,-0.0,-0.0,-0.0,-0.0,-0.0,-0.8590000000000001,0.599624,-0.9215570000000006,2.3906746861391137
27,"([0.34, 0.32, 0.1, 0.07, 0.02, 0.15], [0])","([0, 1, 0, 0, 0, 0], [1])",-0.8590000000000001,-0.0,-0.0,-0.0,-0.0,-0.0,-0.8590000000000001,0.599624,-0.5999480000000006,2.4529076861391137
28,"([0.34, 0.32, 0.1, 0.07, 0.02, 0.15], [2])","([1, 0, 0, 0, 0, 0], [0])",-0.0,-0.0,-0.833,-0.0,-0.0,-0.0,-0.833,0.5373910000000001,-0.3043390000000007,2.4529076861391137
29,"([0.34, 0.32, 0.1, 0.07, 0.02, 0.15], [1])","([1, 0, 0, 0, 0, 0], [0])",-0.0,-0.7240000000000001,-0.0,-0.0,-0.0,-0.0,-0.7240000000000001,0.5373910000000001,-0.11773000000000067,2.4529076861391137
30,"([0.34, 0.32, 0.1, 0.07, 0.02, 0.15], [0])","([0, 1, 0, 0, 0, 0], [1])",-0.8590000000000001,-0.0,-0.0,-0.0,-0.0,-0.0,-0.8590000000000001,0.599624,0.20387899999999937,2.5151406861391137
31,"([0.34, 0.32, 0.1, 0.07, 0.02, 0.15], [3])","([1, 0, 0, 0, 0, 0], [0])",-0.0,-0.0,-0.0,-1.0,-0.0,-0.0,-1.0,0.5373910000000001,0.6664879999999993,2.5151406861391137
32,"([0.34, 0.32, 0.1, 0.07, 0.02, 0.15], [0])","([1, 0, 0, 0, 0, 0], [0])",-0.0,-0.0,-0.0,-0.0,-0.0,-0.0,0.0,0.5373910000000001,0.12909699999999924,2.5151406861391137
33,"([0.34, 0.32, 0.1, 0.07, 0.02, 0.15], [0])","([1, 0, 0, 0, 0, 0], [0])",-0.0,-0.0,-0.0,-0.0,-0.0,-0.0,0.0,0.5373910000000001,-0.4082940000000008,2.5151406861391137
34,"([0.34, 0.32, 0.1, 0.07, 0.02, 0.15], [3])","([1, 0, 0, 0, 0, 0], [0])",-0.0,-0.0,-0.0,-1.0,-0.0,-0.0,-1.0,0.5373910000000001,0.054314999999999114,2.5151406861391137
35,"([0.34, 0.32, 0.1, 0.07, 0.02, 0.15], [0])","([1, 0, 0, 0, 0, 0], [0])",-0.0,-0.0,-0.0,-0.0,-0.0,-0.0,0.0,0.5373910000000001,-0.48307600000000095,2.5151406861391137
36,"([0.34, 0.32, 0.1, 0.07, 0.02, 0.15], [1])","([1, 0, 0, 0, 0, 0], [0])",-0.0,-0.7240000000000001,-0.0,-0.0,-0.0,-0.0,-0.7240000000000001,0.5373910000000001,-0.2964670000000009,2.5151406861391137
37,"([0.34, 0.32, 0.1, 0.07, 0.02, 0.15], [3])","([1, 0, 0, 0, 0, 0], [0])",-0.0,-0.0,-0.0,-1.0,-0.0,-0.0,-1.0,0.5373910000000001,0.166141999999999,2.5151406861391137
38,"([0.34, 0.32, 0.1, 0.07, 0.02, 0.15], [0])","([1, 0, 0, 0, 0, 0], [0])",-0.0,-0.0,-0.0,-0.0,-0.0,-0.0,0.0,0.5373910000000001,-0.37124900000000105,2.5151406861391137
39,"([0.34, 0.32, 0.1, 0.07, 0.02, 0.15], [1])","([1, 0, 0, 0, 0, 0], [0])",-0.0,-0.7240000000000001,-0.0,-0.0,-0.0,-0.0,-0.7240000000000001,0.5373910000000001,-0.18464000000000103,2.5151406861391137
40,"([0.34, 0.32, 0.1, 0.07, 0.02, 0.15], [1])","([1, 0, 0, 0, 0, 0], [0])",-0.0,-0.7240000000000001,-0.0,-0.0,-0.0,-0.0,-0.7240000000000001,0.5373910000000001,0.0019689999999989993,2.5151406861391137
41,"([0.34, 0.32, 0.1, 0.07, 0.02, 0.15], [1])","([1, 0, 0, 0, 0, 0], [0])",-0.0,-0.7240000000000001,-0.0,-0.0,-0.0,-0.0,-0.7240000000000001,0.5373910000000001,0.18857799999999902,2.5151406861391137
42,"([0.34, 0.32, 0.1, 0.07, 0.02, 0.15], [0])","([1, 0, 0, 0, 0, 0], [0])",-0.0,-0.0,-0.0,-0.0,-0.0,-0.0,0.0,0.5373910000000001,-0.34881300000000104,2.5151406861391137
43,"([0.34, 0.32, 0.1, 0.07, 0.02, 0.15], [1])","([1, 0, 0, 0, 0, 0], [0])",-0.0,-0.7240000000000001,-0.0,-0.0,-0.0,-0.0,-0.7240000000000001,0.5373910000000001,-0.16220400000000101,2.5151406861391137
44,"([0.34, 0.32, 0.1, 0.07, 0.02, 0.15], [1])","([1, 0, 0, 0, 0, 0], [0])",-0.0,-0.7240000000000001,-0.0,-0.0,-0.0,-0.0,-0.7240000000000001,0.5373910000000001,0.02440499999999901,2.5151406861391137
45,"([0.34, 0.32, 0.1, 0.07, 0.02, 0.15], [0])","([1, 0, 0, 0, 0, 0], [0])",-0.0,-0.0,-0.0,-0.0,-0.0,-0.0,0.0,0.5373910000000001,-0.512986000000001,2.5151406861391137
46,"([0.34, 0.32, 0.1, 0.07, 0.02, 0.15], [1])","([1, 0, 0, 0, 0, 0], [0])",-0.0,-0.7240000000000001,-0.0,-0.0,-0.0,-0.0,-0.7240000000000001,0.5373910000000001,-0.326377000000001,2.5151406861391137
47,"([0.34, 0.32, 0.1, 0.07, 0.02, 0.15], [1])","([1, 0, 0, 0, 0, 0], [0])",-0.0,-0.7240000000000001,-0.0,-0.0,-0.0,-0.0,-0.7240000000000001,0.5373910000000001,-0.139768000000001,2.5151406861391137
48,"([0.34, 0.32, 0.1, 0.07, 0.02, 0.15], [1])","([1, 0, 0, 0, 0, 0], [0])",-0.0,-0.7240000000000001,-0.0,-0.0,-0.0,-0.0,-0.7240000000000001,0.5373910000000001,0.04684099999999902,2.5151406861391137
49,"([0.34, 0.32, 0.1, 0.07, 0.02, 0.15], [0])","([0, 1, 0, 0, 0, 0], [1])",-0.8590000000000001,-0.0,-0.0,-0.0,-0.0,-0.0,-0.8590000000000001,0.599624,0.36844999999999906,2.5773736861391137
50,"([0.34, 0.32, 0.1, 0.07, 0.02, 0.15], [1])","([1, 0, 0, 0, 0, 0], [0])",-0.0,-0.7240000000000001,-0.0,-0.0,-0.0,-0.0,-0.7240000000000001,0.5373910000000001,0.5550589999999991,2.5773736861391137
51,"([0.34, 0.32, 0.1, 0.07, 0.02, 0.15], [0])","([1, 0, 0, 0, 0, 0], [0])",-0.0,-0.0,-0.0,-0.0,-0.0,-0.0,0.0,0.5373910000000001,0.017667999999999018,2.5773736861391137
52,"([0.34, 0.32, 0.1, 0.07, 0.02, 0.15], [0])","([1, 0, 0, 0, 0, 0], [0])",-0.0,-0.0,-0.0,-0.0,-0.0,-0.0,0.0,0.5373910000000001,-0.519723000000001,2.5773736861391137
53,"([0.34, 0.32, 0.1, 0.07, 0.02, 0.15], [5])","([1, 0, 0, 0, 0, 0], [0])",-0.0,-0.0,-0.0,-0.0,-0.0,-0.9229999999999999,-0.9229999999999999,0.5373910000000001,-0.13411400000000118,2.5773736861391137
54,"([0.34, 0.32, 0.1, 0.07, 0.02, 0.15], [1])","([1, 0, 0, 0, 0, 0], [0])",-0.0,-0.7240000000000001,-0.0,-0.0,-0.0,-0.0,-0.7240000000000001,0.5373910000000001,0.05249499999999885,2.5773736861391137
55,"([0.34, 0.32, 0.1, 0.07, 0.02, 0.15], [0])","([1, 0, 0, 0, 0, 0], [0])",-0.0,-0.0,-0.0,-0.0,-0.0,-0.0,0.0,0.5373910000000001,-0.4848960000000012,2.5773736861391137
56,"([0.34, 0.32, 0.1, 0.07, 0.02, 0.15], [5])","([1, 0, 0, 0, 0, 0], [0])",-0.0,-0.0,-0.0,-0.0,-0.0,-0.9229999999999999,-0.9229999999999999,0.5373910000000001,-0.09928700000000135,2.5773736861391137
57,"([0.34, 0.32, 0.1, 0.07, 0.02, 0.15], [5])","([1, 0, 0, 0, 0, 0], [0])",-0.0,-0.0,-0.0,-0.0,-0.0,-0.9229999999999999,-0.9229999999999999,0.5373910000000001,0.2863219999999985,2.5773736861391137
58,"([0.34, 0.32, 0.1, 0.07, 0.02, 0.15], [0])","([1, 0, 0, 0, 0, 0], [0])",-0.0,-0.0,-0.0,-0.0,-0.0,-0.0,0.0,0.5373910000000001,-0.25106900000000154,2.5773736861391137
59,"([0.34, 0.32, 0.1, 0.07, 0.02, 0.15], [0])","([1, 0, 0, 0, 0, 0], [0])",-0.0,-0.0,-0.0,-0.0,-0.0,-0.0,0.0,0.5373910000000001,-0.7884600000000016,2.5773736861391137
60,"([0.34, 0.32, 0.1, 0.07, 0.02, 0.15], [0])","([1, 0, 0, 0, 0, 0], [0])",-0.0,-0.0,-0.0,-0.0,-0.0,-0.0,0.0,0.5373910000000001,-1.3258510000000017,2.5773736861391137
61,"([0.34, 0.32, 0.1, 0.07, 0.02, 0.15], [5])","([1, 0, 0, 0, 0, 0], [0])",-0.0,-0.0,-0.0,-0.0,-0.0,-0.9229999999999999,-0.9229999999999999,0.5373910000000001,-0.9402420000000018,2.5773736861391137
62,"([0.34, 0.32, 0.1, 0.07, 0.02, 0.15], [1])","([1, 0, 0, 0, 0, 0], [0])",-0.0,-0.7240000000000001,-0.0,-0.0,-0.0,-0.0,-0.7240000000000001,0.5373910000000001,-0.7536330000000018,2.5773736861391137
63,"([0.34, 0.32, 0.1, 0.07, 0.02, 0.15], [2])","([1, 0, 0, 0, 0, 0], [0])",-0.0,-0.0,-0.833,-0.0,-0.0,-0.0,-0.833,0.5373910000000001,-0.4580240000000019,2.5773736861391137
64,"([0.34, 0.32, 0.1, 0.07, 0.02, 0.15], [5])","([1, 0, 0, 0, 0, 0], [0])",-0.0,-0.0,-0.0,-0.0,-0.0,-0.9229999999999999,-0.9229999999999999,0.5373910000000001,-0.072415000000002,2.5773736861391137
65,"([0.34, 0.32, 0.1, 0.07, 0.02, 0.15], [1])","([1, 0, 0, 0, 0, 0], [0])",-0.0,-0.7240000000000001,-0.0,-0.0,-0.0,-0.0,-0.7240000000000001,0.5373910000000001,0.11419399999999802,2.5773736861391137
66,"([0.34, 0.32, 0.1, 0.07, 0.02, 0.15], [0])","([1, 0, 0, 0, 0, 0], [0])",-0.0,-0.0,-0.0,-0.0,-0.0,-0.0,0.0,0.5373910000000001,-0.42319700000000204,2.5773736861391137
67,"([0.34, 0.32, 0.1, 0.07, 0.02, 0.15], [0])","([1, 0, 0, 0, 0, 0], [0])",-0.0,-0.0,-0.0,-0.0,-0.0,-0.0,0.0,0.5373910000000001,-0.9605880000000021,2.5773736861391137
68,"([0.34, 0.32, 0.1, 0.07, 0.02, 0.15], [0])","([1, 0, 0, 0, 0, 0], [0])",-0.0,-0.0,-0.0,-0.0,-0.0,-0.0,0.0,0.5373910000000001,-1.4979790000000022,2.5773736861391137
69,"([0.34, 0.32, 0.1, 0.07, 0.02, 0.15], [0])","([1, 0, 0, 0, 0, 0], [0])",-0.0,-0.0,-0.0,-0.0,-0.0,-0.0,0.0,0.5373910000000001,-2.035370000000002,2.5773736861391137
70,"([0.34, 0.32, 0.1, 0.07, 0.02, 0.15], [0])","([1, 0, 0, 0, 0, 0], [0])",-0.0,-0.0,-0.0,-0.0,-0.0,-0.0,0.0,0.5373910000000001,-2.572761000000002,2.5773736861391137
71,"([0.34, 0.32, 0.1, 0.07, 0.02, 0.15], [1])","([1, 0, 0, 0, 0, 0], [0])",-0.0,-0.7240000000000001,-0.0,-0.0,-0.0,-0.0,-0.7240000000000001,0.5373910000000001,-2.386152000000002,2.5773736861391137
72,"([0.34, 0.32, 0.1, 0.07, 0.02, 0.15], [0])","([1, 0, 0, 0, 0, 0], [0])",-0.0,-0.0,-0.0,-0.0,-0.0,-0.0,0.0,0.5373910000000001,-2.923543000000002,2.5773736861391137
73,"([0.34, 0.32, 0.1, 0.07, 0.02, 0.15], [0])","([1, 0, 0, 0, 0, 0], [0])",-0.0,-0.0,-0.0,-0.0,-0.0,-0.0,0.0,0.5373910000000001,-3.4609340000000017,2.5773736861391137
74,"([0.34, 0.32, 0.1, 0.07, 0.02, 0.15], [0])","([1, 0, 0, 0, 0, 0], [0])",-0.0,-0.0,-0.0,-0.0,-0.0,-0.0,0.0,0.5373910000000001,-3.9983250000000017,2.5773736861391137
75,"([0.34, 0.32, 0.1, 0.07, 0.02, 0.15], [0])","([1, 0, 0, 0, 0, 0], [0])",-0.0,-0.0,-0.0,-0.0,-0.0,-0.0,0.0,0.5373910000000001,-4.535716000000002,2.5773736861391137
76,"([0.34, 0.32, 0.1, 0.07, 0.02, 0.15], [0])","([1, 0, 0, 0, 0, 0], [0])",-0.0,-0.0,-0.0,-0.0,-0.0,-0.0,0.0,0.5373910000000001,-5.073107000000002,2.5773736861391137
77,"([0.34, 0.32, 0.1, 0.07, 0.02, 0.15], [1])","([1, 0, 0, 0, 0, 0], [0])",-0.0,-0.7240000000000001,-0.0,-0.0,-0.0,-0.0,-0.7240000000000001,0.5373910000000001,-4.886498000000002,2.5773736861391137
78,"([0.34, 0.32, 0.1, 0.07, 0.02, 0.15], [0])","([1, 0, 0, 0, 0, 0], [0])",-0.0,-0.0,-0.0,-0.0,-0.0,-0.0,0.0,0.5373910000000001,-5.423889000000003,2.5773736861391137
79,"([0.34, 0.32, 0.1, 0.07, 0.02, 0.15], [3])","([1, 0, 0, 0, 0, 0], [0])",-0.0,-0.0,-0.0,-1.0,-0.0,-0.0,-1.0,0.5373910000000001,-4.961280000000003,2.5773736861391137
80,"([0.34, 0.32, 0.1, 0.07, 0.02, 0.15], [3])","([1, 0, 0, 0, 0, 0], [0])",-0.0,-0.0,-0.0,-1.0,-0.0,-0.0,-1.0,0.5373910000000001,-4.498671000000003,2.5773736861391137
81,"([0.34, 0.32, 0.1, 0.07, 0.02, 0.15], [2])","([1, 0, 0, 0, 0, 0], [0])",-0.0,-0.0,-0.833,-0.0,-0.0,-0.0,-0.833,0.5373910000000001,-4.203062000000004,2.5773736861391137
82,"([0.34, 0.32, 0.1, 0.07, 0.02, 0.15], [0])","([1, 0, 0, 0, 0, 0], [0])",-0.0,-0.0,-0.0,-0.0,-0.0,-0.0,0.0,0.5373910000000001,-4.740453000000004,2.5773736861391137
83,"([0.34, 0.32, 0.1, 0.07, 0.02, 0.15], [0])","([1, 0, 0, 0, 0, 0], [0])",-0.0,-0.0,-0.0,-0.0,-0.0,-0.0,0.0,0.5373910000000001,-5.277844000000004,2.5773736861391137
84,"([0.34, 0.32, 0.1, 0.07, 0.02, 0.15], [0])","([1, 0, 0, 0, 0, 0], [0])",-0.0,-0.0,-0.0,-0.0,-0.0,-0.0,0.0,0.5373910000000001,-5.815235000000005,2.5773736861391137
85,"([0.34, 0.32, 0.1, 0.07, 0.02, 0.15], [0])","([1, 0, 0, 0, 0, 0], [0])",-0.0,-0.0,-0.0,-0.0,-0.0,-0.0,0.0,0.5373910000000001,-6.352626000000005,2.5773736861391137
86,"([0.34, 0.32, 0.1, 0.07, 0.02, 0.15], [0])","([1, 0, 0, 0, 0, 0], [0])",-0.0,-0.0,-0.0,-0.0,-0.0,-0.0,0.0,0.5373910000000001,-6.890017000000006,2.5773736861391137
87,"([0.34, 0.32, 0.1, 0.07, 0.02, 0.15], [0])","([1, 0, 0, 0, 0, 0], [0])",-0.0,-0.0,-0.0,-0.0,-0.0,-0.0,0.0,0.5373910000000001,-7.427408000000006,2.5773736861391137
88,"([0.34, 0.32, 0.1, 0.07, 0.02, 0.15], [5])","([1, 0, 0, 0, 0, 0], [0])",-0.0,-0.0,-0.0,-0.0,-0.0,-0.9229999999999999,-0.9229999999999999,0.5373910000000001,-7.041799000000006,2.5773736861391137
89,"([0.34, 0.32, 0.1, 0.07, 0.02, 0.15], [5])","([1, 0, 0, 0, 0, 0], [0])",-0.0,-0.0,-0.0,-0.0,-0.0,-0.9229999999999999,-0.9229999999999999,0.5373910000000001,-6.656190000000007,2.5773736861391137
90,"([0.34, 0.32, 0.1, 0.07, 0.02, 0.15], [3])","([1, 0, 0, 0, 0, 0], [0])",-0.0,-0.0,-0.0,-1.0,-0.0,-0.0,-1.0,0.5373910000000001,-6.193581000000007,2.5773736861391137
91,"([0.34, 0.32, 0.1, 0.07, 0.02, 0.15], [0])","([1, 0, 0, 0, 0, 0], [0])",-0.0,-0.0,-0.0,-0.0,-0.0,-0.0,0.0,0.5373910000000001,-6.7309720000000075,2.5773736861391137
92,"([0.34, 0.32, 0.1, 0.07, 0.02, 0.15], [2])","([1, 0, 0, 0, 0, 0], [0])",-0.0,-0.0,-0.833,-0.0,-0.0,-0.0,-0.833,0.5373910000000001,-6.435363000000008,2.5773736861391137
93,"([0.34, 0.32, 0.1, 0.07, 0.02, 0.15], [0])","([1, 0, 0, 0, 0, 0], [0])",-0.0,-0.0,-0.0,-0.0,-0.0,-0.0,0.0,0.5373910000000001,-6.972754000000008,2.5773736861391137
94,"([0.34, 0.32, 0.1, 0.07, 0.02, 0.15], [1])","([1, 0, 0, 0, 0, 0], [0])",-0.0,-0.7240000000000001,-0.0,-0.0,-0.0,-0.0,-0.7240000000000001,0.5373910000000001,-6.786145000000008,2.5773736861391137
95,"([0.34, 0.32, 0.1, 0.07, 0.02, 0.15], [1])","([1, 0, 0, 0, 0, 0], [0])",-0.0,-0.7240000000000001,-0.0,-0.0,-0.0,-0.0,-0.7240000000000001,0.5373910000000001,-6.5995360000000085,2.5773736861391137
96,"([0.34, 0.32, 0.1, 0.07, 0.02, 0.15], [0])","([1, 0, 0, 0, 0, 0], [0])",-0.0,-0.0,-0.0,-0.0,-0.0,-0.0,0.0,0.5373910000000001,-7.136927000000009,2.5773736861391137
97,"([0.34, 0.32, 0.1, 0.07, 0.02, 0.15], [3])","([1, 0, 0, 0, 0, 0], [0])",-0.0,-0.0,-0.0,-1.0,-0.0,-0.0,-1.0,0.5373910000000001,-6.674318000000009,2.5773736861391137
98,"([0.34, 0.32, 0.1, 0.07, 0.02, 0.15], [1])","([1, 0, 0, 0, 0, 0], [0])",-0.0,-0.7240000000000001,-0.0,-0.0,-0.0,-0.0,-0.7240000000000001,0.5373910000000001,-6.4877090000000095,2.5773736861391137
99,"([0.34, 0.32, 0.1, 0.07, 0.02, 0.15], [0])","([1, 0, 0, 0, 0, 0], [0])",-0.0,-0.0,-0.0,-0.0,-0.0,-0.0,0.0,0.5373910000000001,-7.02510000000001,2.5773736861391137
100,"([0.34, 0.32, 0.1, 0.07, 0.02, 0.15], [1])","([1, 0, 0, 0, 0, 0], [0])",-0.0,-0.7240000000000001,-0.0,-0.0,-0.0,-0.0,-0.7240000000000001,0.5373910000000001,-6.83849100000001,2.5773736861391137
101,"([0.34, 0.32, 0.1, 0.07, 0.02, 0.15], [3])","([1, 0, 0, 0, 0, 0], [0])",-0.0,-0.0,-0.0,-1.0,-0.0,-0.0,-1.0,0.5373910000000001,-6.3758820000000105,2.5773736861391137
102,"([0.34, 0.32, 0.1, 0.07, 0.02, 0.15], [1])","([1, 0, 0, 0, 0, 0], [0])",-0.0,-0.7240000000000001,-0.0,-0.0,-0.0,-0.0,-0.7240000000000001,0.5373910000000001,-6.189273000000011,2.5773736861391137
103,"([0.34, 0.32, 0.1, 0.07, 0.02, 0.15], [5])","([1, 0, 0, 0, 0, 0], [0])",-0.0,-0.0,-0.0,-0.0,-0.0,-0.9229999999999999,-0.9229999999999999,0.5373910000000001,-5.803664000000011,2.5773736861391137
104,"([0.34, 0.32, 0.1, 0.07, 0.02, 0.15], [1])","([1, 0, 0, 0, 0, 0], [0])",-0.0,-0.7240000000000001,-0.0,-0.0,-0.0,-0.0,-0.7240000000000001,0.5373910000000001,-5.617055000000011,2.5773736861391137
105,"([0.34, 0.32, 0.1, 0.07, 0.02, 0.15], [0])","([1, 0, 0, 0, 0, 0], [0])",-0.0,-0.0,-0.0,-0.0,-0.0,-0.0,0.0,0.5373910000000001,-6.154446000000012,2.5773736861391137
106,"([0.34, 0.32, 0.1, 0.07, 0.02, 0.15], [5])","([1, 0, 0, 0, 0, 0], [0])",-0.0,-0.0,-0.0,-0.0,-0.0,-0.9229999999999999,-0.9229999999999999,0.5373910000000001,-5.768837000000012,2.5773736861391137
107,"([0.34, 0.32, 0.1, 0.07, 0.02, 0.15], [1])","([1, 0, 0, 0, 0, 0], [0])",-0.0,-0.7240000000000001,-0.0,-0.0,-0.0,-0.0,-0.7240000000000001,0.5373910000000001,-5.582228000000012,2.5773736861391137
108,"([0.34, 0.32, 0.1, 0.07, 0.02, 0.15], [0])","([1, 0, 0, 0, 0, 0], [0])",-0.0,-0.0,-0.0,-0.0,-0.0,-0.0,0.0,0.5373910000000001,-6.119619000000013,2.5773736861391137
109,"([0.34, 0.32, 0.1, 0.07, 0.02, 0.15], [3])","([1, 0, 0, 0, 0, 0], [0])",-0.0,-0.0,-0.0,-1.0,-0.0,-0.0,-1.0,0.5373910000000001,-5.657010000000013,2.5773736861391137
110,"([0.34, 0.32, 0.1, 0.07, 0.02, 0.15], [0])","([1, 0, 0, 0, 0, 0], [0])",-0.0,-0.0,-0.0,-0.0,-0.0,-0.0,0.0,0.5373910000000001,-6.194401000000013,2.5773736861391137
111,"([0.34, 0.32, 0.1, 0.07, 0.02, 0.15], [0])","([1, 0, 0, 0, 0, 0], [0])",-0.0,-0.0,-0.0,-0.0,-0.0,-0.0,0.0,0.5373910000000001,-6.731792000000014,2.5773736861391137
112,"([0.34, 0.32, 0.1, 0.07, 0.02, 0.15], [3])","([1, 0, 0, 0, 0, 0], [0])",-0.0,-0.0,-0.0,-1.0,-0.0,-0.0,-1.0,0.5373910000000001,-6.269183000000014,2.5773736861391137
113,"([0.34, 0.32, 0.1, 0.07, 0.02, 0.15], [0])","([1, 0, 0, 0, 0, 0], [0])",-0.0,-0.0,-0.0,-0.0,-0.0,-0.0,0.0,0.5373910000000001,-6.806574000000015,2.5773736861391137
114,"([0.34, 0.32, 0.1, 0.07, 0.02, 0.15], [0])","([1, 0, 0, 0, 0, 0], [0])",-0.0,-0.0,-0.0,-0.0,-0.0,-0.0,0.0,0.5373910000000001,-7.343965000000015,2.5773736861391137
115,"([0.34, 0.32, 0.1, 0.07, 0.02, 0.15], [5])","([1, 0, 0, 0, 0, 0], [0])",-0.0,-0.0,-0.0,-0.0,-0.0,-0.9229999999999999,-0.9229999999999999,0.5373910000000001,-6.958356000000015,2.5773736861391137
116,"([0.34, 0.32, 0.1, 0.07, 0.02, 0.15], [0])","([1, 0, 0, 0, 0, 0], [0])",-0.0,-0.0,-0.0,-0.0,-0.0,-0.0,0.0,0.5373910000000001,-7.495747000000016,2.5773736861391137
117,"([0.34, 0.32, 0.1, 0.07, 0.02, 0.15], [5])","([1, 0, 0, 0, 0, 0], [0])",-0.0,-0.0,-0.0,-0.0,-0.0,-0.9229999999999999,-0.9229999999999999,0.5373910000000001,-7.110138000000016,2.5773736861391137
118,"([0.34, 0.32, 0.1, 0.07, 0.02, 0.15], [3])","([1, 0, 0, 0, 0, 0], [0])",-0.0,-0.0,-0.0,-1.0,-0.0,-0.0,-1.0,0.5373910000000001,-6.6475290000000165,2.5773736861391137
119,"([0.34, 0.32, 0.1, 0.07, 0.02, 0.15], [3])","([1, 0, 0, 0, 0, 0], [0])",-0.0,-0.0,-0.0,-1.0,-0.0,-0.0,-1.0,0.5373910000000001,-6.184920000000017,2.5773736861391137
120,"([0.34, 0.32, 0.1, 0.07, 0.02, 0.15], [0])","([1, 0, 0, 0, 0, 0], [0])",-0.0,-0.0,-0.0,-0.0,-0.0,-0.0,0.0,0.5373910000000001,-6.722311000000017,2.5773736861391137
121,"([0.34, 0.32, 0.1, 0.07, 0.02, 0.15], [0])","([1, 0, 0, 0, 0, 0], [0])",-0.0,-0.0,-0.0,-0.0,-0.0,-0.0,0.0,0.5373910000000001,-7.259702000000018,2.5773736861391137
122,"([0.34, 0.32, 0.1, 0.07, 0.02, 0.15], [0])","([1, 0, 0, 0, 0, 0], [0])",-0.0,-0.0,-0.0,-0.0,-0.0,-0.0,0.0,0.5373910000000001,-7.797093000000018,2.5773736861391137
123,"([0.34, 0.32, 0.1, 0.07, 0.02, 0.15], [3])","([1, 0, 0, 0, 0, 0], [0])",-0.0,-0.0,-0.0,-1.0,-0.0,-0.0,-1.0,0.5373910000000001,-7.334484000000018,2.5773736861391137
124,"([0.34, 0.32, 0.1, 0.07, 0.02, 0.15], [0])","([1, 0, 0, 0, 0, 0], [0])",-0.0,-0.0,-0.0,-0.0,-0.0,-0.0,0.0,0.5373910000000001,-7.871875000000019,2.5773736861391137
125,"([0.34, 0.32, 0.1, 0.07, 0.02, 0.15], [1])","([1, 0, 0, 0, 0, 0], [0])",-0.0,-0.7240000000000001,-0.0,-0.0,-0.0,-0.0,-0.7240000000000001,0.5373910000000001,-7.685266000000019,2.5773736861391137
126,"([0.34, 0.32, 0.1, 0.07, 0.02, 0.15], [5])","([1, 0, 0, 0, 0, 0], [0])",-0.0,-0.0,-0.0,-0.0,-0.0,-0.9229999999999999,-0.9229999999999999,0.5373910000000001,-7.299657000000019,2.5773736861391137
127,"([0.34, 0.32, 0.1, 0.07, 0.02, 0.15], [1])","([1, 0, 0, 0, 0, 0], [0])",-0.0,-0.7240000000000001,-0.0,-0.0,-0.0,-0.0,-0.7240000000000001,0.5373910000000001,-7.11304800000002,2.5773736861391137
128,"([0.34, 0.32, 0.1, 0.07, 0.02, 0.15], [1])","([1, 0, 0, 0, 0, 0], [0])",-0.0,-0.7240000000000001,-0.0,-0.0,-0.0,-0.0,-0.7240000000000001,0.5373910000000001,-6.92643900000002,2.5773736861391137
129,"([0.34, 0.32, 0.1, 0.07, 0.02, 0.15], [0])","([1, 0, 0, 0, 0, 0], [0])",-0.0,-0.0,-0.0,-0.0,-0.0,-0.0,0.0,0.5373910000000001,-7.46383000000002,2.5773736861391137
130,"([0.34, 0.32, 0.1, 0.07, 0.02, 0.15], [0])","([1, 0, 0, 0, 0, 0], [0])",-0.0,-0.0,-0.0,-0.0,-0.0,-0.0,0.0,0.5373910000000001,-8.00122100000002,2.5773736861391137
131,"([0.34, 0.32, 0.1, 0.07, 0.02, 0.15], [2])","([1, 0, 0, 0, 0, 0], [0])",-0.0,-0.0,-0.833,-0.0,-0.0,-0.0,-0.833,0.5373910000000001,-7.705612000000021,2.5773736861391137
132,"([0.34, 0.32, 0.1, 0.07, 0.02, 0.15], [5])","([1, 0, 0, 0, 0, 0], [0])",-0.0,-0.0,-0.0,-0.0,-0.0,-0.9229999999999999,-0.9229999999999999,0.5373910000000001,-7.320003000000021,2.5773736861391137
133,"([0.34, 0.32, 0.1, 0.07, 0.02, 0.15], [2])","([1, 0, 0, 0, 0, 0], [0])",-0.0,-0.0,-0.833,-0.0,-0.0,-0.0,-0.833,0.5373910000000001,-7.024394000000021,2.5773736861391137
134,"([0.34, 0.32, 0.1, 0.07, 0.02, 0.15], [1])","([1, 0, 0, 0, 0, 0], [0])",-0.0,-0.7240000000000001,-0.0,-0.0,-0.0,-0.0,-0.7240000000000001,0.5373910000000001,-6.8377850000000215,2.5773736861391137
135,"([0.34, 0.32, 0.1, 0.07, 0.02, 0.15], [1])","([1, 0, 0, 0, 0, 0], [0])",-0.0,-0.7240000000000001,-0.0,-0.0,-0.0,-0.0,-0.7240000000000001,0.5373910000000001,-6.651176000000022,2.5773736861391137
136,"([0.34, 0.32, 0.1, 0.07, 0.02, 0.15], [5])","([1, 0, 0, 0, 0, 0], [0])",-0.0,-0.0,-0.0,-0.0,-0.0,-0.9229999999999999,-0.9229999999999999,0.5373910000000001,-6.265567000000022,2.5773736861391137
137,"([0.34, 0.32, 0.1, 0.07, 0.02, 0.15], [5])","([1, 0, 0, 0, 0, 0], [0])",-0.0,-0.0,-0.0,-0.0,-0.0,-0.9229999999999999,-0.9229999999999999,0.5373910000000001,-5.8799580000000224,2.5773736861391137
138,"([0.34, 0.32, 0.1, 0.07, 0.02, 0.15], [1])","([1, 0, 0, 0, 0, 0], [0])",-0.0,-0.7240000000000001,-0.0,-0.0,-0.0,-0.0,-0.7240000000000001,0.5373910000000001,-5.693349000000023,2.5773736861391137
139,"([0.34, 0.32, 0.1, 0.07, 0.02, 0.15], [0])","([1, 0, 0, 0, 0, 0], [0])",-0.0,-0.0,-0.0,-0.0,-0.0,-0.0,0.0,0.5373910000000001,-6.230740000000023,2.5773736861391137
140,"([0.34, 0.32, 0.1, 0.07, 0.02, 0.15], [5])","([1, 0, 0, 0, 0, 0], [0])",-0.0,-0.0,-0.0,-0.0,-0.0,-0.9229999999999999,-0.9229999999999999,0.5373910000000001,-5.845131000000023,2.5773736861391137
141,"([0.34, 0.32, 0.1, 0.07, 0.02, 0.15], [2])","([1, 0, 0, 0, 0, 0], [0])",-0.0,-0.0,-0.833,-0.0,-0.0,-0.0,-0.833,0.5373910000000001,-5.549522000000024,2.5773736861391137
142,"([0.34, 0.32, 0.1, 0.07, 0.02, 0.15], [1])","([1, 0, 0, 0, 0, 0], [0])",-0.0,-0.7240000000000001,-0.0,-0.0,-0.0,-0.0,-0.7240000000000001,0.5373910000000001,-5.362913000000024,2.5773736861391137
143,"([0.34, 0.32, 0.1, 0.07, 0.02, 0.15], [0])","([1, 0, 0, 0, 0, 0], [0])",-0.0,-0.0,-0.0,-0.0,-0.0,-0.0,0.0,0.5373910000000001,-5.900304000000024,2.5773736861391137
144,"([0.34, 0.32, 0.1, 0.07, 0.02, 0.15], [0])","([1, 0, 0, 0, 0, 0], [0])",-0.0,-0.0,-0.0,-0.0,-0.0,-0.0,0.0,0.5373910000000001,-6.437695000000025,2.5773736861391137
145,"([0.34, 0.32, 0.1, 0.07, 0.02, 0.15], [3])","([1, 0, 0, 0, 0, 0], [0])",-0.0,-0.0,-0.0,-1.0,-0.0,-0.0,-1.0,0.5373910000000001,-5.975086000000025,2.5773736861391137
146,"([0.34, 0.32, 0.1, 0.07, 0.02, 0.15], [1])","([1, 0, 0, 0, 0, 0], [0])",-0.0,-0.7240000000000001,-0.0,-0.0,-0.0,-0.0,-0.7240000000000001,0.5373910000000001,-5.788477000000025,2.5773736861391137
147,"([0.34, 0.32, 0.1, 0.07, 0.02, 0.15], [0])","([1, 0, 0, 0, 0, 0], [0])",-0.0,-0.0,-0.0,-0.0,-0.0,-0.0,0.0,0.5373910000000001,-6.325868000000026,2.5773736861391137
148,"([0.34, 0.32, 0.1, 0.07, 0.02, 0.15], [0])","([1, 0, 0, 0, 0, 0], [0])",-0.0,-0.0,-0.0,-0.0,-0.0,-0.0,0.0,0.5373910000000001,-6.863259000000026,2.5773736861391137
149,"([0.34, 0.32, 0.1, 0.07, 0.02, 0.15], [0])","([1, 0, 0, 0, 0, 0], [0])",-0.0,-0.0,-0.0,-0.0,-0.0,-0.0,0.0,0.5373910000000001,-7.400650000000026,2.5773736861391137
150,"([0.34, 0.32, 0.1, 0.07, 0.02, 0.15], [0])","([1, 0, 0, 0, 0, 0], [0])",-0.0,-0.0,-0.0,-0.0,-0.0,-0.0,0.0,0.5373910000000001,-7.938041000000027,2.5773736861391137
151,"([0.34, 0.32, 0.1, 0.07, 0.02, 0.15], [3])","([1, 0, 0, 0, 0, 0], [0])",-0.0,-0.0,-0.0,-1.0,-0.0,-0.0,-1.0,0.5373910000000001,-7.475432000000027,2.5773736861391137
152,"([0.34, 0.32, 0.1, 0.07, 0.02, 0.15], [0])","([1, 0, 0, 0, 0, 0], [0])",-0.0,-0.0,-0.0,-0.0,-0.0,-0.0,0.0,0.5373910000000001,-8.012823000000028,2.5773736861391137
153,"([0.34, 0.32, 0.1, 0.07, 0.02, 0.15], [0])","([1, 0, 0, 0, 0, 0], [0])",-0.0,-0.0,-0.0,-0.0,-0.0,-0.0,0.0,0.5373910000000001,-8.550214000000027,2.5773736861391137
154,"([0.34, 0.32, 0.1, 0.07, 0.02, 0.15], [0])","([1, 0, 0, 0, 0, 0], [0])",-0.0,-0.0,-0.0,-0.0,-0.0,-0.0,0.0,0.5373910000000001,-9.087605000000027,2.5773736861391137
155,"([0.34, 0.32, 0.1, 0.07, 0.02, 0.15], [1])","([1, 0, 0, 0, 0, 0], [0])",-0.0,-0.7240000000000001,-0.0,-0.0,-0.0,-0.0,-0.7240000000000001,0.5373910000000001,-8.900996000000026,2.5773736861391137
156,"([0.34, 0.32, 0.1, 0.07, 0.02, 0.15], [2])","([1, 0, 0, 0, 0, 0], [0])",-0.0,-0.0,-0.833,-0.0,-0.0,-0.0,-0.833,0.5373910000000001,-8.605387000000025,2.5773736861391137
157,"([0.34, 0.32, 0.1, 0.07, 0.02, 0.15], [5])","([1, 0, 0, 0, 0, 0], [0])",-0.0,-0.0,-0.0,-0.0,-0.0,-0.9229999999999999,-0.9229999999999999,0.5373910000000001,-8.219778000000025,2.5773736861391137
158,"([0.34, 0.32, 0.1, 0.07, 0.02, 0.15], [0])","([1, 0, 0, 0, 0, 0], [0])",-0.0,-0.0,-0.0,-0.0,-0.0,-0.0,0.0,0.5373910000000001,-8.757169000000024,2.5773736861391137
159,"([0.34, 0.32, 0.1, 0.07, 0.02, 0.15], [1])","([1, 0, 0, 0, 0, 0], [0])",-0.0,-0.7240000000000001,-0.0,-0.0,-0.0,-0.0,-0.7240000000000001,0.5373910000000001,-8.570560000000023,2.5773736861391137
160,"([0.34, 0.32, 0.1, 0.07, 0.02, 0.15], [0])","([1, 0, 0, 0, 0, 0], [0])",-0.0,-0.0,-0.0,-0.0,-0.0,-0.0,0.0,0.5373910000000001,-9.107951000000023,2.5773736861391137
161,"([0.34, 0.32, 0.1, 0.07, 0.02, 0.15], [1])","([1, 0, 0, 0, 0, 0], [0])",-0.0,-0.7240000000000001,-0.0,-0.0,-0.0,-0.0,-0.7240000000000001,0.5373910000000001,-8.921342000000022,2.5773736861391137
162,"([0.34, 0.32, 0.1, 0.07, 0.02, 0.15], [1])","([1, 0, 0, 0, 0, 0], [0])",-0.0,-0.7240000000000001,-0.0,-0.0,-0.0,-0.0,-0.7240000000000001,0.5373910000000001,-8.734733000000022,2.5773736861391137
163,"([0.34, 0.32, 0.1, 0.07, 0.02, 0.15], [3])","([1, 0, 0, 0, 0, 0], [0])",-0.0,-0.0,-0.0,-1.0,-0.0,-0.0,-1.0,0.5373910000000001,-8.272124000000021,2.5773736861391137
164,"([0.34, 0.32, 0.1, 0.07, 0.02, 0.15], [1])","([1, 0, 0, 0, 0, 0], [0])",-0.0,-0.7240000000000001,-0.0,-0.0,-0.0,-0.0,-0.7240000000000001,0.5373910000000001,-8.08551500000002,2.5773736861391137
165,"([0.34, 0.32, 0.1, 0.07, 0.02, 0.15], [1])","([1, 0, 0, 0, 0, 0], [0])",-0.0,-0.7240000000000001,-0.0,-0.0,-0.0,-0.0,-0.7240000000000001,0.5373910000000001,-7.898906000000021,2.5773736861391137
166,"([0.34, 0.32, 0.1, 0.07, 0.02, 0.15], [5])","([1, 0, 0, 0, 0, 0], [0])",-0.0,-0.0,-0.0,-0.0,-0.0,-0.9229999999999999,-0.9229999999999999,0.5373910000000001,-7.513297000000021,2.5773736861391137
167,"([0.34, 0.32, 0.1, 0.07, 0.02, 0.15], [5])","([1, 0, 0, 0, 0, 0], [0])",-0.0,-0.0,-0.0,-0.0,-0.0,-0.9229999999999999,-0.9229999999999999,0.5373910000000001,-7.127688000000021,2.5773736861391137
168,"([0.34, 0.32, 0.1, 0.07, 0.02, 0.15], [0])","([1, 0, 0, 0, 0, 0], [0])",-0.0,-0.0,-0.0,-0.0,-0.0,-0.0,0.0,0.5373910000000001,-7.665079000000022,2.5773736861391137
169,"([0.34, 0.32, 0.1, 0.07, 0.02, 0.15], [0])","([1, 0, 0, 0, 0, 0], [0])",-0.0,-0.0,-0.0,-0.0,-0.0,-0.0,0.0,0.5373910000000001,-8.202470000000021,2.5773736861391137
170,"([0.34, 0.32, 0.1, 0.07, 0.02, 0.15], [1])","([1, 0, 0, 0, 0, 0], [0])",-0.0,-0.7240000000000001,-0.0,-0.0,-0.0,-0.0,-0.7240000000000001,0.5373910000000001,-8.01586100000002,2.5773736861391137
171,"([0.34, 0.32, 0.1, 0.07, 0.02, 0.15], [5])","([1, 0, 0, 0, 0, 0], [0])",-0.0,-0.0,-0.0,-0.0,-0.0,-0.9229999999999999,-0.9229999999999999,0.5373910000000001,-7.630252000000021,2.5773736861391137
172,"([0.34, 0.32, 0.1, 0.07, 0.02, 0.15], [5])","([1, 0, 0, 0, 0, 0], [0])",-0.0,-0.0,-0.0,-0.0,-0.0,-0.9229999999999999,-0.9229999999999999,0.5373910000000001,-7.244643000000021,2.5773736861391137
173,"([0.34, 0.32, 0.1, 0.07, 0.02, 0.15], [1])","([1, 0, 0, 0, 0, 0], [0])",-0.0,-0.7240000000000001,-0.0,-0.0,-0.0,-0.0,-0.7240000000000001,0.5373910000000001,-7.0580340000000215,2.5773736861391137
174,"([0.34, 0.32, 0.1, 0.07, 0.02, 0.15], [5])","([1, 0, 0, 0, 0, 0], [0])",-0.0,-0.0,-0.0,-0.0,-0.0,-0.9229999999999999,-0.9229999999999999,0.5373910000000001,-6.672425000000022,2.5773736861391137
175,"([0.34, 0.32, 0.1, 0.07, 0.02, 0.15], [3])","([1, 0, 0, 0, 0, 0], [0])",-0.0,-0.0,-0.0,-1.0,-0.0,-0.0,-1.0,0.5373910000000001,-6.209816000000022,2.5773736861391137
176,"([0.34, 0.32, 0.1, 0.07, 0.02, 0.15], [0])","([1, 0, 0, 0, 0, 0], [0])",-0.0,-0.0,-0.0,-0.0,-0.0,-0.0,0.0,0.5373910000000001,-6.747207000000023,2.5773736861391137
177,"([0.34, 0.32, 0.1, 0.07, 0.02, 0.15], [0])","([1, 0, 0, 0, 0, 0], [0])",-0.0,-0.0,-0.0,-0.0,-0.0,-0.0,0.0,0.5373910000000001,-7.284598000000023,2.5773736861391137
178,"([0.34, 0.32, 0.1, 0.07, 0.02, 0.15], [0])","([1, 0, 0, 0, 0, 0], [0])",-0.0,-0.0,-0.0,-0.0,-0.0,-0.0,0.0,0.5373910000000001,-7.821989000000023,2.5773736861391137
179,"([0.34, 0.32, 0.1, 0.07, 0.02, 0.15], [1])","([1, 0, 0, 0, 0, 0], [0])",-0.0,-0.7240000000000001,-0.0,-0.0,-0.0,-0.0,-0.7240000000000001,0.5373910000000001,-7.635380000000024,2.5773736861391137
180,"([0.34, 0.32, 0.1, 0.07, 0.02, 0.15], [5])","([1, 0, 0, 0, 0, 0], [0])",-0.0,-0.0,-0.0,-0.0,-0.0,-0.9229999999999999,-0.9229999999999999,0.5373910000000001,-7.249771000000024,2.5773736861391137
181,"([0.34, 0.32, 0.1, 0.07, 0.02, 0.15], [5])","([1, 0, 0, 0, 0, 0], [0])",-0.0,-0.0,-0.0,-0.0,-0.0,-0.9229999999999999,-0.9229999999999999,0.5373910000000001,-6.864162000000024,2.5773736861391137
182,"([0.34, 0.32, 0.1, 0.07, 0.02, 0.15], [1])","([1, 0, 0, 0, 0, 0], [0])",-0.0,-0.7240000000000001,-0.0,-0.0,-0.0,-0.0,-0.7240000000000001,0.5373910000000001,-6.6775530000000245,2.5773736861391137
183,"([0.34, 0.32, 0.1, 0.07, 0.02, 0.15], [0])","([1, 0, 0, 0, 0, 0], [0])",-0.0,-0.0,-0.0,-0.0,-0.0,-0.0,0.0,0.5373910000000001,-7.214944000000025,2.5773736861391137
184,"([0.34, 0.32, 0.1, 0.07, 0.02, 0.15], [1])","([1, 0, 0, 0, 0, 0], [0])",-0.0,-0.7240000000000001,-0.0,-0.0,-0.0,-0.0,-0.7240000000000001,0.5373910000000001,-7.028335000000025,2.5773736861391137
185,"([0.34, 0.32, 0.1, 0.07, 0.02, 0.15], [1])","([1, 0, 0, 0, 0, 0], [0])",-0.0,-0.7240000000000001,-0.0,-0.0,-0.0,-0.0,-0.7240000000000001,0.5373910000000001,-6.841726000000025,2.5773736861391137
186,"([0.34, 0.32, 0.1, 0.07, 0.02, 0.15], [1])","([1, 0, 0, 0, 0, 0], [0])",-0.0,-0.7240000000000001,-0.0,-0.0,-0.0,-0.0,-0.7240000000000001,0.5373910000000001,-6.6551170000000255,2.5773736861391137
187,"([0.34, 0.32, 0.1, 0.07, 0.02, 0.15], [0])","([1, 0, 0, 0, 0, 0], [0])",-0.0,-0.0,-0.0,-0.0,-0.0,-0.0,0.0,0.5373910000000001,-7.192508000000026,2.5773736861391137
188,"([0.34, 0.32, 0.1, 0.07, 0.02, 0.15], [5])","([1, 0, 0, 0, 0, 0], [0])",-0.0,-0.0,-0.0,-0.0,-0.0,-0.9229999999999999,-0.9229999999999999,0.5373910000000001,-6.806899000000026,2.5773736861391137
189,"([0.34, 0.32, 0.1, 0.07, 0.02, 0.15], [0])","([1, 0, 0, 0, 0, 0], [0])",-0.0,-0.0,-0.0,-0.0,-0.0,-0.0,0.0,0.5373910000000001,-7.344290000000027,2.5773736861391137
190,"([0.34, 0.32, 0.1, 0.07, 0.02, 0.15], [0])","([1, 0, 0, 0, 0, 0], [0])",-0.0,-0.0,-0.0,-0.0,-0.0,-0.0,0.0,0.5373910000000001,-7.881681000000027,2.5773736861391137
191,"([0.34, 0.32, 0.1, 0.07, 0.02, 0.15], [1])","([1, 0, 0, 0, 0, 0], [0])",-0.0,-0.7240000000000001,-0.0,-0.0,-0.0,-0.0,-0.7240000000000001,0.5373910000000001,-7.695072000000027,2.5773736861391137
192,"([0.34, 0.32, 0.1, 0.07, 0.02, 0.15], [5])","([1, 0, 0, 0, 0, 0], [0])",-0.0,-0.0,-0.0,-0.0,-0.0,-0.9229999999999999,-0.9229999999999999,0.5373910000000001,-7.309463000000028,2.5773736861391137
193,"([0.34, 0.32, 0.1, 0.07, 0.02, 0.15], [1])","([1, 0, 0, 0, 0, 0], [0])",-0.0,-0.7240000000000001,-0.0,-0.0,-0.0,-0.0,-0.7240000000000001,0.5373910000000001,-7.122854000000028,2.5773736861391137
194,"([0.34, 0.32, 0.1, 0.07, 0.02, 0.15], [3])","([1, 0, 0, 0, 0, 0], [0])",-0.0,-0.0,-0.0,-1.0,-0.0,-0.0,-1.0,0.5373910000000001,-6.660245000000028,2.5773736861391137
195,"([0.34, 0.32, 0.1, 0.07, 0.02, 0.15], [1])","([1, 0, 0, 0, 0, 0], [0])",-0.0,-0.7240000000000001,-0.0,-0.0,-0.0,-0.0,-0.7240000000000001,0.5373910000000001,-6.473636000000028,2.5773736861391137
196,"([0.34, 0.32, 0.1, 0.07, 0.02, 0.15], [1])","([1, 0, 0, 0, 0, 0], [0])",-0.0,-0.7240000000000001,-0.0,-0.0,-0.0,-0.0,-0.7240000000000001,0.5373910000000001,-6.287027000000029,2.5773736861391137
197,"([0.34, 0.32, 0.1, 0.07, 0.02, 0.15], [0])","([1, 0, 0, 0, 0, 0], [0])",-0.0,-0.0,-0.0,-0.0,-0.0,-0.0,0.0,0.5373910000000001,-6.824418000000029,2.5773736861391137
198,"([0.34, 0.32, 0.1, 0.07, 0.02, 0.15], [0])","([1, 0, 0, 0, 0, 0], [0])",-0.0,-0.0,-0.0,-0.0,-0.0,-0.0,0.0,0.5373910000000001,-7.361809000000029,2.5773736861391137
199,"([0.34, 0.32, 0.1, 0.07, 0.02, 0.15], [5])","([1, 0, 0, 0, 0, 0], [0])",-0.0,-0.0,-0.0,-0.0,-0.0,-0.9229999999999999,-0.9229999999999999,0.5373910000000001,-6.97620000000003,2.5773736861391137
