,sta-1,FB-0,feedback target 0,feedback target 1,feedback target 2,feedback target 3,feedback target 4,feedback target 5,total,target_observed?,exp_loss,actual_regret,exp_regret
0,"([0, 1, 0, 0, 0, 0], [1])","([0.07, 0.28, 0.25, 0.11, 0.13, 0.16], [4])",-0.0,-0.0,-0.0,-0.0,-0.0,-0.0,0.0,not observed,0.6606097079304858,0.3124479677746437,0.05905767570512943
1,"([1, 0, 0, 0, 0, 0], [0])","([0.01, 0.34, 0.31, 0.08, 0.11, 0.16], [1])",-0.0,-0.0,-0.0,-0.0,-0.0,-0.0,0.0,not observed,0.6015520322253564,0.3198959355492873,0.05905767570512943
2,"([1, 0, 0, 0, 0, 0], [0])","([0.01, 0.34, 0.31, 0.08, 0.11, 0.16], [1])",-0.0,-0.0,-0.0,-0.0,-0.0,-0.0,0.0,not observed,0.6015520322253564,0.32734390332393093,0.05905767570512943
3,"([1, 0, 0, 0, 0, 0], [0])","([0.01, 0.34, 0.31, 0.08, 0.11, 0.16], [2])",-0.0,-0.0,-0.0,-0.0,-0.0,-0.0,0.0,not observed,0.6015520322253564,0.33479187109857456,0.05905767570512943
4,"([1, 0, 0, 0, 0, 0], [0])","([0.01, 0.34, 0.31, 0.08, 0.11, 0.16], [1])",-0.0,-0.0,-0.0,-0.0,-0.0,-0.0,0.0,not observed,0.6015520322253564,0.3422398388732182,0.05905767570512943
5,"([1, 0, 0, 0, 0, 0], [0])","([0.01, 0.34, 0.31, 0.08, 0.11, 0.16], [1])",-0.0,-0.0,-0.0,-0.0,-0.0,-0.0,0.0,not observed,0.6015520322253564,0.3496878066478618,0.05905767570512943
6,"([1, 0, 0, 0, 0, 0], [0])","([0.01, 0.34, 0.31, 0.08, 0.11, 0.16], [5])",-0.0,-0.0,-0.0,-0.0,-0.0,-0.0,0.0,not observed,0.6015520322253564,0.35713577442250544,0.05905767570512943
7,"([1, 0, 0, 0, 0, 0], [0])","([0.01, 0.34, 0.31, 0.08, 0.11, 0.16], [1])",-0.0,-0.0,-0.0,-0.0,-0.0,-0.0,0.0,not observed,0.6015520322253564,0.36458374219714906,0.05905767570512943
8,"([1, 0, 0, 0, 0, 0], [0])","([0.01, 0.34, 0.31, 0.08, 0.11, 0.16], [1])",-0.0,-0.0,-0.0,-0.0,-0.0,-0.0,0.0,not observed,0.6015520322253564,0.3720317099717927,0.05905767570512943
9,"([1, 0, 0, 0, 0, 0], [0])","([0.01, 0.34, 0.31, 0.08, 0.11, 0.16], [2])",-0.0,-0.0,-0.0,-0.0,-0.0,-0.0,0.0,not observed,0.6015520322253564,0.3794796777464363,0.05905767570512943
10,"([1, 0, 0, 0, 0, 0], [0])","([0.01, 0.34, 0.31, 0.08, 0.11, 0.16], [1])",-0.0,-0.0,-0.0,-0.0,-0.0,-0.0,0.0,not observed,0.6015520322253564,0.38692764552107994,0.05905767570512943
11,"([1, 0, 0, 0, 0, 0], [0])","([0.01, 0.34, 0.31, 0.08, 0.11, 0.16], [2])",-0.0,-0.0,-0.0,-0.0,-0.0,-0.0,0.0,not observed,0.6015520322253564,0.39437561329572357,0.05905767570512943
12,"([1, 0, 0, 0, 0, 0], [0])","([0.01, 0.34, 0.31, 0.08, 0.11, 0.16], [1])",-0.0,-0.0,-0.0,-0.0,-0.0,-0.0,0.0,not observed,0.6015520322253564,0.4018235810703672,0.05905767570512943
13,"([1, 0, 0, 0, 0, 0], [0])","([0.01, 0.34, 0.31, 0.08, 0.11, 0.16], [0])",-0.0,-0.0,-0.0,-0.0,-0.0,-0.0,0.0,observed,0.6015520322253564,-0.19972845115498916,0.05905767570512943
14,"([1, 0, 0, 0, 0, 0], [0])","([0.01, 0.34, 0.31, 0.08, 0.11, 0.16], [3])",-0.0,-0.0,-0.0,-0.0,-0.0,-0.0,0.0,not observed,0.6015520322253564,-0.19228048338034553,0.05905767570512943
15,"([1, 0, 0, 0, 0, 0], [0])","([0.01, 0.34, 0.31, 0.08, 0.11, 0.16], [5])",-0.0,-0.0,-0.0,-0.0,-0.0,-0.0,0.0,not observed,0.6015520322253564,-0.1848325156057019,0.05905767570512943
16,"([1, 0, 0, 0, 0, 0], [0])","([0.01, 0.34, 0.31, 0.08, 0.11, 0.16], [3])",-0.0,-0.0,-0.0,-0.0,-0.0,-0.0,0.0,not observed,0.6015520322253564,-0.17738454783105828,0.05905767570512943
17,"([1, 0, 0, 0, 0, 0], [0])","([0.01, 0.34, 0.31, 0.08, 0.11, 0.16], [5])",-0.0,-0.0,-0.0,-0.0,-0.0,-0.0,0.0,not observed,0.6015520322253564,-0.16993658005641465,0.05905767570512943
18,"([1, 0, 0, 0, 0, 0], [0])","([0.01, 0.34, 0.31, 0.08, 0.11, 0.16], [4])",-0.0,-0.0,-0.0,-0.0,-0.0,-0.0,0.0,not observed,0.6015520322253564,-0.16248861228177103,0.05905767570512943
19,"([1, 0, 0, 0, 0, 0], [0])","([0.01, 0.34, 0.31, 0.08, 0.11, 0.16], [2])",-0.0,-0.0,-0.0,-0.0,-0.0,-0.0,0.0,not observed,0.6015520322253564,-0.1550406445071274,0.05905767570512943
20,"([1, 0, 0, 0, 0, 0], [0])","([0.01, 0.34, 0.31, 0.08, 0.11, 0.16], [2])",-0.0,-0.0,-0.0,-0.0,-0.0,-0.0,0.0,not observed,0.6015520322253564,-0.14759267673248377,0.05905767570512943
21,"([1, 0, 0, 0, 0, 0], [0])","([0.01, 0.34, 0.31, 0.08, 0.11, 0.16], [1])",-0.0,-0.0,-0.0,-0.0,-0.0,-0.0,0.0,not observed,0.6015520322253564,-0.14014470895784015,0.05905767570512943
22,"([1, 0, 0, 0, 0, 0], [0])","([0.01, 0.34, 0.31, 0.08, 0.11, 0.16], [4])",-0.0,-0.0,-0.0,-0.0,-0.0,-0.0,0.0,not observed,0.6015520322253564,-0.13269674118319652,0.05905767570512943
23,"([1, 0, 0, 0, 0, 0], [0])","([0.01, 0.34, 0.31, 0.08, 0.11, 0.16], [3])",-0.0,-0.0,-0.0,-0.0,-0.0,-0.0,0.0,not observed,0.6015520322253564,-0.1252487734085529,0.05905767570512943
24,"([1, 0, 0, 0, 0, 0], [0])","([0.01, 0.34, 0.31, 0.08, 0.11, 0.16], [2])",-0.0,-0.0,-0.0,-0.0,-0.0,-0.0,0.0,not observed,0.6015520322253564,-0.11780080563390927,0.05905767570512943
25,"([1, 0, 0, 0, 0, 0], [0])","([0.01, 0.34, 0.31, 0.08, 0.11, 0.16], [3])",-0.0,-0.0,-0.0,-0.0,-0.0,-0.0,0.0,not observed,0.6015520322253564,-0.11035283785926564,0.05905767570512943
26,"([1, 0, 0, 0, 0, 0], [0])","([0.01, 0.34, 0.31, 0.08, 0.11, 0.16], [4])",-0.0,-0.0,-0.0,-0.0,-0.0,-0.0,0.0,not observed,0.6015520322253564,-0.10290487008462201,0.05905767570512943
27,"([1, 0, 0, 0, 0, 0], [0])","([0.01, 0.34, 0.31, 0.08, 0.11, 0.16], [5])",-0.0,-0.0,-0.0,-0.0,-0.0,-0.0,0.0,not observed,0.6015520322253564,-0.09545690230997839,0.05905767570512943
28,"([1, 0, 0, 0, 0, 0], [0])","([0.01, 0.34, 0.31, 0.08, 0.11, 0.16], [1])",-0.0,-0.0,-0.0,-0.0,-0.0,-0.0,0.0,not observed,0.6015520322253564,-0.08800893453533476,0.05905767570512943
29,"([1, 0, 0, 0, 0, 0], [0])","([0.01, 0.34, 0.31, 0.08, 0.11, 0.16], [2])",-0.0,-0.0,-0.0,-0.0,-0.0,-0.0,0.0,not observed,0.6015520322253564,-0.08056096676069113,0.05905767570512943
30,"([1, 0, 0, 0, 0, 0], [0])","([0.01, 0.34, 0.31, 0.08, 0.11, 0.16], [1])",-0.0,-0.0,-0.0,-0.0,-0.0,-0.0,0.0,not observed,0.6015520322253564,-0.0731129989860475,0.05905767570512943
31,"([1, 0, 0, 0, 0, 0], [0])","([0.01, 0.34, 0.31, 0.08, 0.11, 0.16], [2])",-0.0,-0.0,-0.0,-0.0,-0.0,-0.0,0.0,not observed,0.6015520322253564,-0.06566503121140388,0.05905767570512943
32,"([1, 0, 0, 0, 0, 0], [0])","([0.01, 0.34, 0.31, 0.08, 0.11, 0.16], [4])",-0.0,-0.0,-0.0,-0.0,-0.0,-0.0,0.0,not observed,0.6015520322253564,-0.05821706343676025,0.05905767570512943
33,"([1, 0, 0, 0, 0, 0], [0])","([0.01, 0.34, 0.31, 0.08, 0.11, 0.16], [2])",-0.0,-0.0,-0.0,-0.0,-0.0,-0.0,0.0,not observed,0.6015520322253564,-0.050769095662116626,0.05905767570512943
34,"([1, 0, 0, 0, 0, 0], [0])","([0.01, 0.34, 0.31, 0.08, 0.11, 0.16], [1])",-0.0,-0.0,-0.0,-0.0,-0.0,-0.0,0.0,not observed,0.6015520322253564,-0.043321127887473,0.05905767570512943
35,"([1, 0, 0, 0, 0, 0], [0])","([0.01, 0.34, 0.31, 0.08, 0.11, 0.16], [4])",-0.0,-0.0,-0.0,-0.0,-0.0,-0.0,0.0,not observed,0.6015520322253564,-0.03587316011282937,0.05905767570512943
36,"([1, 0, 0, 0, 0, 0], [0])","([0.01, 0.34, 0.31, 0.08, 0.11, 0.16], [3])",-0.0,-0.0,-0.0,-0.0,-0.0,-0.0,0.0,not observed,0.6015520322253564,-0.028425192338185745,0.05905767570512943
37,"([1, 0, 0, 0, 0, 0], [0])","([0.01, 0.34, 0.31, 0.08, 0.11, 0.16], [3])",-0.0,-0.0,-0.0,-0.0,-0.0,-0.0,0.0,not observed,0.6015520322253564,-0.02097722456354212,0.05905767570512943
38,"([1, 0, 0, 0, 0, 0], [0])","([0.01, 0.34, 0.31, 0.08, 0.11, 0.16], [3])",-0.0,-0.0,-0.0,-0.0,-0.0,-0.0,0.0,not observed,0.6015520322253564,-0.013529256788898492,0.05905767570512943
39,"([1, 0, 0, 0, 0, 0], [0])","([0.01, 0.34, 0.31, 0.08, 0.11, 0.16], [5])",-0.0,-0.0,-0.0,-0.0,-0.0,-0.0,0.0,not observed,0.6015520322253564,-0.006081289014254865,0.05905767570512943
40,"([1, 0, 0, 0, 0, 0], [0])","([0.01, 0.34, 0.31, 0.08, 0.11, 0.16], [2])",-0.0,-0.0,-0.0,-0.0,-0.0,-0.0,0.0,not observed,0.6015520322253564,0.001366678760388762,0.05905767570512943
41,"([1, 0, 0, 0, 0, 0], [0])","([0.01, 0.34, 0.31, 0.08, 0.11, 0.16], [4])",-0.0,-0.0,-0.0,-0.0,-0.0,-0.0,0.0,not observed,0.6015520322253564,0.008814646535032389,0.05905767570512943
42,"([1, 0, 0, 0, 0, 0], [0])","([0.01, 0.34, 0.31, 0.08, 0.11, 0.16], [3])",-0.0,-0.0,-0.0,-0.0,-0.0,-0.0,0.0,not observed,0.6015520322253564,0.016262614309676016,0.05905767570512943
43,"([1, 0, 0, 0, 0, 0], [0])","([0.01, 0.34, 0.31, 0.08, 0.11, 0.16], [5])",-0.0,-0.0,-0.0,-0.0,-0.0,-0.0,0.0,not observed,0.6015520322253564,0.023710582084319642,0.05905767570512943
44,"([1, 0, 0, 0, 0, 0], [0])","([0.01, 0.34, 0.31, 0.08, 0.11, 0.16], [1])",-0.0,-0.0,-0.0,-0.0,-0.0,-0.0,0.0,not observed,0.6015520322253564,0.03115854985896327,0.05905767570512943
45,"([1, 0, 0, 0, 0, 0], [0])","([0.01, 0.34, 0.31, 0.08, 0.11, 0.16], [2])",-0.0,-0.0,-0.0,-0.0,-0.0,-0.0,0.0,not observed,0.6015520322253564,0.038606517633606896,0.05905767570512943
46,"([1, 0, 0, 0, 0, 0], [0])","([0.01, 0.34, 0.31, 0.08, 0.11, 0.16], [4])",-0.0,-0.0,-0.0,-0.0,-0.0,-0.0,0.0,not observed,0.6015520322253564,0.04605448540825052,0.05905767570512943
47,"([1, 0, 0, 0, 0, 0], [0])","([0.01, 0.34, 0.31, 0.08, 0.11, 0.16], [5])",-0.0,-0.0,-0.0,-0.0,-0.0,-0.0,0.0,not observed,0.6015520322253564,0.05350245318289415,0.05905767570512943
48,"([1, 0, 0, 0, 0, 0], [0])","([0.01, 0.34, 0.31, 0.08, 0.11, 0.16], [1])",-0.0,-0.0,-0.0,-0.0,-0.0,-0.0,0.0,not observed,0.6015520322253564,0.060950420957537776,0.05905767570512943
49,"([1, 0, 0, 0, 0, 0], [0])","([0.01, 0.34, 0.31, 0.08, 0.11, 0.16], [2])",-0.0,-0.0,-0.0,-0.0,-0.0,-0.0,0.0,not observed,0.6015520322253564,0.0683983887321814,0.05905767570512943
50,"([1, 0, 0, 0, 0, 0], [0])","([0.01, 0.34, 0.31, 0.08, 0.11, 0.16], [1])",-0.0,-0.0,-0.0,-0.0,-0.0,-0.0,0.0,not observed,0.6015520322253564,0.07584635650682503,0.05905767570512943
51,"([1, 0, 0, 0, 0, 0], [0])","([0.01, 0.34, 0.31, 0.08, 0.11, 0.16], [1])",-0.0,-0.0,-0.0,-0.0,-0.0,-0.0,0.0,not observed,0.6015520322253564,0.08329432428146866,0.05905767570512943
52,"([1, 0, 0, 0, 0, 0], [0])","([0.01, 0.34, 0.31, 0.08, 0.11, 0.16], [4])",-0.0,-0.0,-0.0,-0.0,-0.0,-0.0,0.0,not observed,0.6015520322253564,0.09074229205611228,0.05905767570512943
53,"([1, 0, 0, 0, 0, 0], [0])","([0.01, 0.34, 0.31, 0.08, 0.11, 0.16], [5])",-0.0,-0.0,-0.0,-0.0,-0.0,-0.0,0.0,not observed,0.6015520322253564,0.09819025983075591,0.05905767570512943
54,"([1, 0, 0, 0, 0, 0], [0])","([0.01, 0.34, 0.31, 0.08, 0.11, 0.16], [1])",-0.0,-0.0,-0.0,-0.0,-0.0,-0.0,0.0,not observed,0.6015520322253564,0.10563822760539954,0.05905767570512943
55,"([1, 0, 0, 0, 0, 0], [0])","([0.01, 0.34, 0.31, 0.08, 0.11, 0.16], [2])",-0.0,-0.0,-0.0,-0.0,-0.0,-0.0,0.0,not observed,0.6015520322253564,0.11308619538004316,0.05905767570512943
56,"([1, 0, 0, 0, 0, 0], [0])","([0.01, 0.34, 0.31, 0.08, 0.11, 0.16], [2])",-0.0,-0.0,-0.0,-0.0,-0.0,-0.0,0.0,not observed,0.6015520322253564,0.12053416315468679,0.05905767570512943
57,"([1, 0, 0, 0, 0, 0], [0])","([0.01, 0.34, 0.31, 0.08, 0.11, 0.16], [3])",-0.0,-0.0,-0.0,-0.0,-0.0,-0.0,0.0,not observed,0.6015520322253564,0.12798213092933042,0.05905767570512943
58,"([1, 0, 0, 0, 0, 0], [0])","([0.01, 0.34, 0.31, 0.08, 0.11, 0.16], [1])",-0.0,-0.0,-0.0,-0.0,-0.0,-0.0,0.0,not observed,0.6015520322253564,0.13543009870397404,0.05905767570512943
59,"([1, 0, 0, 0, 0, 0], [0])","([0.01, 0.34, 0.31, 0.08, 0.11, 0.16], [1])",-0.0,-0.0,-0.0,-0.0,-0.0,-0.0,0.0,not observed,0.6015520322253564,0.14287806647861767,0.05905767570512943
60,"([1, 0, 0, 0, 0, 0], [0])","([0.01, 0.34, 0.31, 0.08, 0.11, 0.16], [2])",-0.0,-0.0,-0.0,-0.0,-0.0,-0.0,0.0,not observed,0.6015520322253564,0.1503260342532613,0.05905767570512943
61,"([1, 0, 0, 0, 0, 0], [0])","([0.01, 0.34, 0.31, 0.08, 0.11, 0.16], [5])",-0.0,-0.0,-0.0,-0.0,-0.0,-0.0,0.0,not observed,0.6015520322253564,0.15777400202790492,0.05905767570512943
62,"([1, 0, 0, 0, 0, 0], [0])","([0.01, 0.34, 0.31, 0.08, 0.11, 0.16], [5])",-0.0,-0.0,-0.0,-0.0,-0.0,-0.0,0.0,not observed,0.6015520322253564,0.16522196980254855,0.05905767570512943
63,"([1, 0, 0, 0, 0, 0], [0])","([0.01, 0.34, 0.31, 0.08, 0.11, 0.16], [1])",-0.0,-0.0,-0.0,-0.0,-0.0,-0.0,0.0,not observed,0.6015520322253564,0.17266993757719218,0.05905767570512943
64,"([1, 0, 0, 0, 0, 0], [0])","([0.01, 0.34, 0.31, 0.08, 0.11, 0.16], [5])",-0.0,-0.0,-0.0,-0.0,-0.0,-0.0,0.0,not observed,0.6015520322253564,0.1801179053518358,0.05905767570512943
65,"([1, 0, 0, 0, 0, 0], [0])","([0.01, 0.34, 0.31, 0.08, 0.11, 0.16], [4])",-0.0,-0.0,-0.0,-0.0,-0.0,-0.0,0.0,not observed,0.6015520322253564,0.18756587312647943,0.05905767570512943
66,"([1, 0, 0, 0, 0, 0], [0])","([0.01, 0.34, 0.31, 0.08, 0.11, 0.16], [2])",-0.0,-0.0,-0.0,-0.0,-0.0,-0.0,0.0,not observed,0.6015520322253564,0.19501384090112306,0.05905767570512943
67,"([1, 0, 0, 0, 0, 0], [0])","([0.01, 0.34, 0.31, 0.08, 0.11, 0.16], [1])",-0.0,-0.0,-0.0,-0.0,-0.0,-0.0,0.0,not observed,0.6015520322253564,0.20246180867576669,0.05905767570512943
68,"([1, 0, 0, 0, 0, 0], [0])","([0.01, 0.34, 0.31, 0.08, 0.11, 0.16], [5])",-0.0,-0.0,-0.0,-0.0,-0.0,-0.0,0.0,not observed,0.6015520322253564,0.2099097764504103,0.05905767570512943
69,"([1, 0, 0, 0, 0, 0], [0])","([0.01, 0.34, 0.31, 0.08, 0.11, 0.16], [4])",-0.0,-0.0,-0.0,-0.0,-0.0,-0.0,0.0,not observed,0.6015520322253564,0.21735774422505394,0.05905767570512943
70,"([1, 0, 0, 0, 0, 0], [0])","([0.01, 0.34, 0.31, 0.08, 0.11, 0.16], [1])",-0.0,-0.0,-0.0,-0.0,-0.0,-0.0,0.0,not observed,0.6015520322253564,0.22480571199969757,0.05905767570512943
71,"([1, 0, 0, 0, 0, 0], [0])","([0.01, 0.34, 0.31, 0.08, 0.11, 0.16], [4])",-0.0,-0.0,-0.0,-0.0,-0.0,-0.0,0.0,not observed,0.6015520322253564,0.2322536797743412,0.05905767570512943
72,"([1, 0, 0, 0, 0, 0], [0])","([0.01, 0.34, 0.31, 0.08, 0.11, 0.16], [4])",-0.0,-0.0,-0.0,-0.0,-0.0,-0.0,0.0,not observed,0.6015520322253564,0.23970164754898482,0.05905767570512943
73,"([1, 0, 0, 0, 0, 0], [0])","([0.01, 0.34, 0.31, 0.08, 0.11, 0.16], [1])",-0.0,-0.0,-0.0,-0.0,-0.0,-0.0,0.0,not observed,0.6015520322253564,0.24714961532362845,0.05905767570512943
74,"([1, 0, 0, 0, 0, 0], [0])","([0.01, 0.34, 0.31, 0.08, 0.11, 0.16], [1])",-0.0,-0.0,-0.0,-0.0,-0.0,-0.0,0.0,not observed,0.6015520322253564,0.2545975830982721,0.05905767570512943
75,"([1, 0, 0, 0, 0, 0], [0])","([0.01, 0.34, 0.31, 0.08, 0.11, 0.16], [1])",-0.0,-0.0,-0.0,-0.0,-0.0,-0.0,0.0,not observed,0.6015520322253564,0.2620455508729157,0.05905767570512943
76,"([1, 0, 0, 0, 0, 0], [0])","([0.01, 0.34, 0.31, 0.08, 0.11, 0.16], [3])",-0.0,-0.0,-0.0,-0.0,-0.0,-0.0,0.0,not observed,0.6015520322253564,0.2694935186475593,0.05905767570512943
77,"([1, 0, 0, 0, 0, 0], [0])","([0.01, 0.34, 0.31, 0.08, 0.11, 0.16], [3])",-0.0,-0.0,-0.0,-0.0,-0.0,-0.0,0.0,not observed,0.6015520322253564,0.27694148642220295,0.05905767570512943
78,"([1, 0, 0, 0, 0, 0], [0])","([0.01, 0.34, 0.31, 0.08, 0.11, 0.16], [1])",-0.0,-0.0,-0.0,-0.0,-0.0,-0.0,0.0,not observed,0.6015520322253564,0.2843894541968466,0.05905767570512943
79,"([1, 0, 0, 0, 0, 0], [0])","([0.01, 0.34, 0.31, 0.08, 0.11, 0.16], [1])",-0.0,-0.0,-0.0,-0.0,-0.0,-0.0,0.0,not observed,0.6015520322253564,0.2918374219714902,0.05905767570512943
80,"([1, 0, 0, 0, 0, 0], [0])","([0.01, 0.34, 0.31, 0.08, 0.11, 0.16], [5])",-0.0,-0.0,-0.0,-0.0,-0.0,-0.0,0.0,not observed,0.6015520322253564,0.29928538974613383,0.05905767570512943
81,"([1, 0, 0, 0, 0, 0], [0])","([0.01, 0.34, 0.31, 0.08, 0.11, 0.16], [4])",-0.0,-0.0,-0.0,-0.0,-0.0,-0.0,0.0,not observed,0.6015520322253564,0.30673335752077746,0.05905767570512943
82,"([1, 0, 0, 0, 0, 0], [0])","([0.01, 0.34, 0.31, 0.08, 0.11, 0.16], [2])",-0.0,-0.0,-0.0,-0.0,-0.0,-0.0,0.0,not observed,0.6015520322253564,0.3141813252954211,0.05905767570512943
83,"([1, 0, 0, 0, 0, 0], [0])","([0.01, 0.34, 0.31, 0.08, 0.11, 0.16], [1])",-0.0,-0.0,-0.0,-0.0,-0.0,-0.0,0.0,not observed,0.6015520322253564,0.3216292930700647,0.05905767570512943
84,"([1, 0, 0, 0, 0, 0], [0])","([0.01, 0.34, 0.31, 0.08, 0.11, 0.16], [2])",-0.0,-0.0,-0.0,-0.0,-0.0,-0.0,0.0,not observed,0.6015520322253564,0.32907726084470834,0.05905767570512943
85,"([1, 0, 0, 0, 0, 0], [0])","([0.01, 0.34, 0.31, 0.08, 0.11, 0.16], [5])",-0.0,-0.0,-0.0,-0.0,-0.0,-0.0,0.0,not observed,0.6015520322253564,0.33652522861935197,0.05905767570512943
86,"([1, 0, 0, 0, 0, 0], [0])","([0.01, 0.34, 0.31, 0.08, 0.11, 0.16], [1])",-0.0,-0.0,-0.0,-0.0,-0.0,-0.0,0.0,not observed,0.6015520322253564,0.3439731963939956,0.05905767570512943
87,"([1, 0, 0, 0, 0, 0], [0])","([0.01, 0.34, 0.31, 0.08, 0.11, 0.16], [1])",-0.0,-0.0,-0.0,-0.0,-0.0,-0.0,0.0,not observed,0.6015520322253564,0.3514211641686392,0.05905767570512943
88,"([1, 0, 0, 0, 0, 0], [0])","([0.01, 0.34, 0.31, 0.08, 0.11, 0.16], [1])",-0.0,-0.0,-0.0,-0.0,-0.0,-0.0,0.0,not observed,0.6015520322253564,0.35886913194328285,0.05905767570512943
89,"([1, 0, 0, 0, 0, 0], [0])","([0.01, 0.34, 0.31, 0.08, 0.11, 0.16], [5])",-0.0,-0.0,-0.0,-0.0,-0.0,-0.0,0.0,not observed,0.6015520322253564,0.3663170997179265,0.05905767570512943
90,"([1, 0, 0, 0, 0, 0], [0])","([0.01, 0.34, 0.31, 0.08, 0.11, 0.16], [1])",-0.0,-0.0,-0.0,-0.0,-0.0,-0.0,0.0,not observed,0.6015520322253564,0.3737650674925701,0.05905767570512943
91,"([1, 0, 0, 0, 0, 0], [0])","([0.01, 0.34, 0.31, 0.08, 0.11, 0.16], [1])",-0.0,-0.0,-0.0,-0.0,-0.0,-0.0,0.0,not observed,0.6015520322253564,0.38121303526721373,0.05905767570512943
92,"([1, 0, 0, 0, 0, 0], [0])","([0.01, 0.34, 0.31, 0.08, 0.11, 0.16], [5])",-0.0,-0.0,-0.0,-0.0,-0.0,-0.0,0.0,not observed,0.6015520322253564,0.38866100304185736,0.05905767570512943
93,"([1, 0, 0, 0, 0, 0], [0])","([0.01, 0.34, 0.31, 0.08, 0.11, 0.16], [5])",-0.0,-0.0,-0.0,-0.0,-0.0,-0.0,0.0,not observed,0.6015520322253564,0.396108970816501,0.05905767570512943
94,"([1, 0, 0, 0, 0, 0], [0])","([0.01, 0.34, 0.31, 0.08, 0.11, 0.16], [3])",-0.0,-0.0,-0.0,-0.0,-0.0,-0.0,0.0,not observed,0.6015520322253564,0.4035569385911446,0.05905767570512943
95,"([1, 0, 0, 0, 0, 0], [0])","([0.01, 0.34, 0.31, 0.08, 0.11, 0.16], [4])",-0.0,-0.0,-0.0,-0.0,-0.0,-0.0,0.0,not observed,0.6015520322253564,0.41100490636578824,0.05905767570512943
96,"([1, 0, 0, 0, 0, 0], [0])","([0.01, 0.34, 0.31, 0.08, 0.11, 0.16], [5])",-0.0,-0.0,-0.0,-0.0,-0.0,-0.0,0.0,not observed,0.6015520322253564,0.41845287414043186,0.05905767570512943
97,"([1, 0, 0, 0, 0, 0], [0])","([0.01, 0.34, 0.31, 0.08, 0.11, 0.16], [2])",-0.0,-0.0,-0.0,-0.0,-0.0,-0.0,0.0,not observed,0.6015520322253564,0.4259008419150755,0.05905767570512943
98,"([1, 0, 0, 0, 0, 0], [0])","([0.01, 0.34, 0.31, 0.08, 0.11, 0.16], [5])",-0.0,-0.0,-0.0,-0.0,-0.0,-0.0,0.0,not observed,0.6015520322253564,0.4333488096897191,0.05905767570512943
99,"([1, 0, 0, 0, 0, 0], [0])","([0.01, 0.34, 0.31, 0.08, 0.11, 0.16], [1])",-0.0,-0.0,-0.0,-0.0,-0.0,-0.0,0.0,not observed,0.6015520322253564,0.44079677746436274,0.05905767570512943
