,sto-1,FB-0,feedback target 0,feedback target 1,feedback target 2,feedback target 3,feedback target 4,total,target_observed?,exp_loss,actual_regret,exp_regret
0,"([0.5, 0.15, 0.05, 0.21, 0.09], [4])","([0, 1, 0, 0, 0], [1])",-0.0,-0.0,-0.0,-0.0,-0.7909999999999999,-0.7909999999999999,observed,0.6465839999999999,0.38766399999999995,0.24324799999999996
1,"([0.5, 0.15, 0.05, 0.21, 0.09], [0])","([1, 0, 0, 0, 0], [0])",-0.0,-0.0,-0.0,-0.0,-0.0,0.0,observed,0.403336,-0.01567200000000002,0.24324799999999996
2,"([0.5, 0.15, 0.05, 0.21, 0.09], [0])","([1, 0, 0, 0, 0], [0])",-0.0,-0.0,-0.0,-0.0,-0.0,0.0,observed,0.403336,-0.419008,0.24324799999999996
3,"([0.5, 0.15, 0.05, 0.21, 0.09], [1])","([1, 0, 0, 0, 0], [0])",-0.0,-0.9259999999999999,-0.0,-0.0,-0.0,-0.9259999999999999,observed,0.403336,0.10365600000000003,0.24324799999999996
4,"([0.5, 0.15, 0.05, 0.21, 0.09], [0])","([1, 0, 0, 0, 0], [0])",-0.0,-0.0,-0.0,-0.0,-0.0,0.0,observed,0.403336,-0.29967999999999995,0.24324799999999996
5,"([0.5, 0.15, 0.05, 0.21, 0.09], [0])","([1, 0, 0, 0, 0], [0])",-0.0,-0.0,-0.0,-0.0,-0.0,0.0,observed,0.403336,-0.7030159999999999,0.24324799999999996
6,"([0.5, 0.15, 0.05, 0.21, 0.09], [3])","([1, 0, 0, 0, 0], [0])",-0.0,-0.0,-0.0,-0.7559999999999999,-0.0,-0.7559999999999999,observed,0.403336,-0.35035199999999994,0.24324799999999996
7,"([0.5, 0.15, 0.05, 0.21, 0.09], [0])","([1, 0, 0, 0, 0], [0])",-0.0,-0.0,-0.0,-0.0,-0.0,0.0,observed,0.403336,-0.7536879999999999,0.24324799999999996
8,"([0.5, 0.15, 0.05, 0.21, 0.09], [0])","([1, 0, 0, 0, 0], [0])",-0.0,-0.0,-0.0,-0.0,-0.0,0.0,observed,0.403336,-1.1570239999999998,0.24324799999999996
9,"([0.5, 0.15, 0.05, 0.21, 0.09], [0])","([1, 0, 0, 0, 0], [0])",-0.0,-0.0,-0.0,-0.0,-0.0,0.0,observed,0.403336,-1.5603599999999997,0.24324799999999996
10,"([0.5, 0.15, 0.05, 0.21, 0.09], [1])","([1, 0, 0, 0, 0], [0])",-0.0,-0.9259999999999999,-0.0,-0.0,-0.0,-0.9259999999999999,observed,0.403336,-1.0376959999999997,0.24324799999999996
11,"([0.5, 0.15, 0.05, 0.21, 0.09], [0])","([1, 0, 0, 0, 0], [0])",-0.0,-0.0,-0.0,-0.0,-0.0,0.0,observed,0.403336,-1.4410319999999996,0.24324799999999996
12,"([0.5, 0.15, 0.05, 0.21, 0.09], [0])","([1, 0, 0, 0, 0], [0])",-0.0,-0.0,-0.0,-0.0,-0.0,0.0,observed,0.403336,-1.8443679999999996,0.24324799999999996
13,"([0.5, 0.15, 0.05, 0.21, 0.09], [1])","([1, 0, 0, 0, 0], [0])",-0.0,-0.9259999999999999,-0.0,-0.0,-0.0,-0.9259999999999999,observed,0.403336,-1.3217039999999995,0.24324799999999996
14,"([0.5, 0.15, 0.05, 0.21, 0.09], [0])","([1, 0, 0, 0, 0], [0])",-0.0,-0.0,-0.0,-0.0,-0.0,0.0,observed,0.403336,-1.7250399999999995,0.24324799999999996
15,"([0.5, 0.15, 0.05, 0.21, 0.09], [1])","([1, 0, 0, 0, 0], [0])",-0.0,-0.9259999999999999,-0.0,-0.0,-0.0,-0.9259999999999999,observed,0.403336,-1.2023759999999994,0.24324799999999996
16,"([0.5, 0.15, 0.05, 0.21, 0.09], [0])","([1, 0, 0, 0, 0], [0])",-0.0,-0.0,-0.0,-0.0,-0.0,0.0,observed,0.403336,-1.6057119999999994,0.24324799999999996
17,"([0.5, 0.15, 0.05, 0.21, 0.09], [3])","([1, 0, 0, 0, 0], [0])",-0.0,-0.0,-0.0,-0.7559999999999999,-0.0,-0.7559999999999999,observed,0.403336,-1.2530479999999995,0.24324799999999996
18,"([0.5, 0.15, 0.05, 0.21, 0.09], [4])","([1, 0, 0, 0, 0], [0])",-0.0,-0.0,-0.0,-0.0,-0.7909999999999999,-0.7909999999999999,observed,0.403336,-0.8653839999999995,0.24324799999999996
19,"([0.5, 0.15, 0.05, 0.21, 0.09], [3])","([1, 0, 0, 0, 0], [0])",-0.0,-0.0,-0.0,-0.7559999999999999,-0.0,-0.7559999999999999,observed,0.403336,-0.5127199999999996,0.24324799999999996
20,"([0.5, 0.15, 0.05, 0.21, 0.09], [0])","([1, 0, 0, 0, 0], [0])",-0.0,-0.0,-0.0,-0.0,-0.0,0.0,observed,0.403336,-0.9160559999999995,0.24324799999999996
21,"([0.5, 0.15, 0.05, 0.21, 0.09], [3])","([1, 0, 0, 0, 0], [0])",-0.0,-0.0,-0.0,-0.7559999999999999,-0.0,-0.7559999999999999,observed,0.403336,-0.5633919999999997,0.24324799999999996
22,"([0.5, 0.15, 0.05, 0.21, 0.09], [1])","([1, 0, 0, 0, 0], [0])",-0.0,-0.9259999999999999,-0.0,-0.0,-0.0,-0.9259999999999999,observed,0.403336,-0.04072799999999965,0.24324799999999996
23,"([0.5, 0.15, 0.05, 0.21, 0.09], [1])","([1, 0, 0, 0, 0], [0])",-0.0,-0.9259999999999999,-0.0,-0.0,-0.0,-0.9259999999999999,observed,0.403336,0.48193600000000036,0.24324799999999996
24,"([0.5, 0.15, 0.05, 0.21, 0.09], [4])","([1, 0, 0, 0, 0], [0])",-0.0,-0.0,-0.0,-0.0,-0.7909999999999999,-0.7909999999999999,observed,0.403336,0.8696000000000004,0.24324799999999996
25,"([0.5, 0.15, 0.05, 0.21, 0.09], [1])","([1, 0, 0, 0, 0], [0])",-0.0,-0.9259999999999999,-0.0,-0.0,-0.0,-0.9259999999999999,observed,0.403336,1.3922640000000004,0.24324799999999996
26,"([0.5, 0.15, 0.05, 0.21, 0.09], [3])","([1, 0, 0, 0, 0], [0])",-0.0,-0.0,-0.0,-0.7559999999999999,-0.0,-0.7559999999999999,observed,0.403336,1.7449280000000003,0.24324799999999996
27,"([0.5, 0.15, 0.05, 0.21, 0.09], [0])","([1, 0, 0, 0, 0], [0])",-0.0,-0.0,-0.0,-0.0,-0.0,0.0,observed,0.403336,1.3415920000000003,0.24324799999999996
28,"([0.5, 0.15, 0.05, 0.21, 0.09], [0])","([1, 0, 0, 0, 0], [0])",-0.0,-0.0,-0.0,-0.0,-0.0,0.0,observed,0.403336,0.9382560000000004,0.24324799999999996
29,"([0.5, 0.15, 0.05, 0.21, 0.09], [0])","([1, 0, 0, 0, 0], [0])",-0.0,-0.0,-0.0,-0.0,-0.0,0.0,observed,0.403336,0.5349200000000005,0.24324799999999996
30,"([0.5, 0.15, 0.05, 0.21, 0.09], [4])","([1, 0, 0, 0, 0], [0])",-0.0,-0.0,-0.0,-0.0,-0.7909999999999999,-0.7909999999999999,observed,0.403336,0.9225840000000005,0.24324799999999996
31,"([0.5, 0.15, 0.05, 0.21, 0.09], [0])","([1, 0, 0, 0, 0], [0])",-0.0,-0.0,-0.0,-0.0,-0.0,0.0,observed,0.403336,0.5192480000000006,0.24324799999999996
32,"([0.5, 0.15, 0.05, 0.21, 0.09], [1])","([1, 0, 0, 0, 0], [0])",-0.0,-0.9259999999999999,-0.0,-0.0,-0.0,-0.9259999999999999,observed,0.403336,1.0419120000000006,0.24324799999999996
33,"([0.5, 0.15, 0.05, 0.21, 0.09], [0])","([1, 0, 0, 0, 0], [0])",-0.0,-0.0,-0.0,-0.0,-0.0,0.0,observed,0.403336,0.6385760000000007,0.24324799999999996
34,"([0.5, 0.15, 0.05, 0.21, 0.09], [0])","([1, 0, 0, 0, 0], [0])",-0.0,-0.0,-0.0,-0.0,-0.0,0.0,observed,0.403336,0.23524000000000073,0.24324799999999996
35,"([0.5, 0.15, 0.05, 0.21, 0.09], [0])","([1, 0, 0, 0, 0], [0])",-0.0,-0.0,-0.0,-0.0,-0.0,0.0,observed,0.403336,-0.16809599999999925,0.24324799999999996
36,"([0.5, 0.15, 0.05, 0.21, 0.09], [0])","([1, 0, 0, 0, 0], [0])",-0.0,-0.0,-0.0,-0.0,-0.0,0.0,observed,0.403336,-0.5714319999999993,0.24324799999999996
37,"([0.5, 0.15, 0.05, 0.21, 0.09], [0])","([1, 0, 0, 0, 0], [0])",-0.0,-0.0,-0.0,-0.0,-0.0,0.0,observed,0.403336,-0.9747679999999992,0.24324799999999996
38,"([0.5, 0.15, 0.05, 0.21, 0.09], [0])","([1, 0, 0, 0, 0], [0])",-0.0,-0.0,-0.0,-0.0,-0.0,0.0,observed,0.403336,-1.378103999999999,0.24324799999999996
39,"([0.5, 0.15, 0.05, 0.21, 0.09], [4])","([1, 0, 0, 0, 0], [0])",-0.0,-0.0,-0.0,-0.0,-0.7909999999999999,-0.7909999999999999,observed,0.403336,-0.9904399999999991,0.24324799999999996
40,"([0.5, 0.15, 0.05, 0.21, 0.09], [3])","([1, 0, 0, 0, 0], [0])",-0.0,-0.0,-0.0,-0.7559999999999999,-0.0,-0.7559999999999999,observed,0.403336,-0.6377759999999992,0.24324799999999996
41,"([0.5, 0.15, 0.05, 0.21, 0.09], [0])","([1, 0, 0, 0, 0], [0])",-0.0,-0.0,-0.0,-0.0,-0.0,0.0,observed,0.403336,-1.0411119999999991,0.24324799999999996
42,"([0.5, 0.15, 0.05, 0.21, 0.09], [0])","([1, 0, 0, 0, 0], [0])",-0.0,-0.0,-0.0,-0.0,-0.0,0.0,observed,0.403336,-1.444447999999999,0.24324799999999996
43,"([0.5, 0.15, 0.05, 0.21, 0.09], [3])","([1, 0, 0, 0, 0], [0])",-0.0,-0.0,-0.0,-0.7559999999999999,-0.0,-0.7559999999999999,observed,0.403336,-1.0917839999999992,0.24324799999999996
44,"([0.5, 0.15, 0.05, 0.21, 0.09], [3])","([1, 0, 0, 0, 0], [0])",-0.0,-0.0,-0.0,-0.7559999999999999,-0.0,-0.7559999999999999,observed,0.403336,-0.7391199999999993,0.24324799999999996
45,"([0.5, 0.15, 0.05, 0.21, 0.09], [2])","([1, 0, 0, 0, 0], [0])",-0.0,-0.0,-0.68,-0.0,-0.0,-0.68,observed,0.403336,-0.46245599999999926,0.24324799999999996
46,"([0.5, 0.15, 0.05, 0.21, 0.09], [3])","([1, 0, 0, 0, 0], [0])",-0.0,-0.0,-0.0,-0.7559999999999999,-0.0,-0.7559999999999999,observed,0.403336,-0.10979199999999933,0.24324799999999996
47,"([0.5, 0.15, 0.05, 0.21, 0.09], [3])","([1, 0, 0, 0, 0], [0])",-0.0,-0.0,-0.0,-0.7559999999999999,-0.0,-0.7559999999999999,observed,0.403336,0.2428720000000006,0.24324799999999996
48,"([0.5, 0.15, 0.05, 0.21, 0.09], [4])","([1, 0, 0, 0, 0], [0])",-0.0,-0.0,-0.0,-0.0,-0.7909999999999999,-0.7909999999999999,observed,0.403336,0.6305360000000005,0.24324799999999996
49,"([0.5, 0.15, 0.05, 0.21, 0.09], [0])","([1, 0, 0, 0, 0], [0])",-0.0,-0.0,-0.0,-0.0,-0.0,0.0,observed,0.403336,0.22720000000000057,0.24324799999999996
50,"([0.5, 0.15, 0.05, 0.21, 0.09], [0])","([1, 0, 0, 0, 0], [0])",-0.0,-0.0,-0.0,-0.0,-0.0,0.0,observed,0.403336,-0.1761359999999994,0.24324799999999996
51,"([0.5, 0.15, 0.05, 0.21, 0.09], [3])","([1, 0, 0, 0, 0], [0])",-0.0,-0.0,-0.0,-0.7559999999999999,-0.0,-0.7559999999999999,observed,0.403336,0.17652800000000052,0.24324799999999996
52,"([0.5, 0.15, 0.05, 0.21, 0.09], [0])","([1, 0, 0, 0, 0], [0])",-0.0,-0.0,-0.0,-0.0,-0.0,0.0,observed,0.403336,-0.22680799999999945,0.24324799999999996
53,"([0.5, 0.15, 0.05, 0.21, 0.09], [1])","([1, 0, 0, 0, 0], [0])",-0.0,-0.9259999999999999,-0.0,-0.0,-0.0,-0.9259999999999999,observed,0.403336,0.29585600000000056,0.24324799999999996
54,"([0.5, 0.15, 0.05, 0.21, 0.09], [0])","([1, 0, 0, 0, 0], [0])",-0.0,-0.0,-0.0,-0.0,-0.0,0.0,observed,0.403336,-0.10747999999999941,0.24324799999999996
55,"([0.5, 0.15, 0.05, 0.21, 0.09], [0])","([1, 0, 0, 0, 0], [0])",-0.0,-0.0,-0.0,-0.0,-0.0,0.0,observed,0.403336,-0.5108159999999994,0.24324799999999996
56,"([0.5, 0.15, 0.05, 0.21, 0.09], [2])","([1, 0, 0, 0, 0], [0])",-0.0,-0.0,-0.68,-0.0,-0.0,-0.68,observed,0.403336,-0.2341519999999993,0.24324799999999996
57,"([0.5, 0.15, 0.05, 0.21, 0.09], [0])","([1, 0, 0, 0, 0], [0])",-0.0,-0.0,-0.0,-0.0,-0.0,0.0,observed,0.403336,-0.6374879999999993,0.24324799999999996
58,"([0.5, 0.15, 0.05, 0.21, 0.09], [3])","([1, 0, 0, 0, 0], [0])",-0.0,-0.0,-0.0,-0.7559999999999999,-0.0,-0.7559999999999999,observed,0.403336,-0.28482399999999936,0.24324799999999996
59,"([0.5, 0.15, 0.05, 0.21, 0.09], [0])","([1, 0, 0, 0, 0], [0])",-0.0,-0.0,-0.0,-0.0,-0.0,0.0,observed,0.403336,-0.6881599999999993,0.24324799999999996
60,"([0.5, 0.15, 0.05, 0.21, 0.09], [3])","([1, 0, 0, 0, 0], [0])",-0.0,-0.0,-0.0,-0.7559999999999999,-0.0,-0.7559999999999999,observed,0.403336,-0.3354959999999994,0.24324799999999996
61,"([0.5, 0.15, 0.05, 0.21, 0.09], [0])","([1, 0, 0, 0, 0], [0])",-0.0,-0.0,-0.0,-0.0,-0.0,0.0,observed,0.403336,-0.7388319999999994,0.24324799999999996
62,"([0.5, 0.15, 0.05, 0.21, 0.09], [1])","([1, 0, 0, 0, 0], [0])",-0.0,-0.9259999999999999,-0.0,-0.0,-0.0,-0.9259999999999999,observed,0.403336,-0.21616799999999936,0.24324799999999996
63,"([0.5, 0.15, 0.05, 0.21, 0.09], [0])","([1, 0, 0, 0, 0], [0])",-0.0,-0.0,-0.0,-0.0,-0.0,0.0,observed,0.403336,-0.6195039999999994,0.24324799999999996
64,"([0.5, 0.15, 0.05, 0.21, 0.09], [0])","([1, 0, 0, 0, 0], [0])",-0.0,-0.0,-0.0,-0.0,-0.0,0.0,observed,0.403336,-1.0228399999999993,0.24324799999999996
65,"([0.5, 0.15, 0.05, 0.21, 0.09], [2])","([1, 0, 0, 0, 0], [0])",-0.0,-0.0,-0.68,-0.0,-0.0,-0.68,observed,0.403336,-0.7461759999999993,0.24324799999999996
66,"([0.5, 0.15, 0.05, 0.21, 0.09], [0])","([1, 0, 0, 0, 0], [0])",-0.0,-0.0,-0.0,-0.0,-0.0,0.0,observed,0.403336,-1.1495119999999992,0.24324799999999996
67,"([0.5, 0.15, 0.05, 0.21, 0.09], [0])","([1, 0, 0, 0, 0], [0])",-0.0,-0.0,-0.0,-0.0,-0.0,0.0,observed,0.403336,-1.5528479999999991,0.24324799999999996
68,"([0.5, 0.15, 0.05, 0.21, 0.09], [1])","([1, 0, 0, 0, 0], [0])",-0.0,-0.9259999999999999,-0.0,-0.0,-0.0,-0.9259999999999999,observed,0.403336,-1.030183999999999,0.24324799999999996
69,"([0.5, 0.15, 0.05, 0.21, 0.09], [0])","([1, 0, 0, 0, 0], [0])",-0.0,-0.0,-0.0,-0.0,-0.0,0.0,observed,0.403336,-1.433519999999999,0.24324799999999996
70,"([0.5, 0.15, 0.05, 0.21, 0.09], [0])","([1, 0, 0, 0, 0], [0])",-0.0,-0.0,-0.0,-0.0,-0.0,0.0,observed,0.403336,-1.836855999999999,0.24324799999999996
71,"([0.5, 0.15, 0.05, 0.21, 0.09], [0])","([1, 0, 0, 0, 0], [0])",-0.0,-0.0,-0.0,-0.0,-0.0,0.0,observed,0.403336,-2.240191999999999,0.24324799999999996
72,"([0.5, 0.15, 0.05, 0.21, 0.09], [1])","([1, 0, 0, 0, 0], [0])",-0.0,-0.9259999999999999,-0.0,-0.0,-0.0,-0.9259999999999999,observed,0.403336,-1.717527999999999,0.24324799999999996
73,"([0.5, 0.15, 0.05, 0.21, 0.09], [3])","([1, 0, 0, 0, 0], [0])",-0.0,-0.0,-0.0,-0.7559999999999999,-0.0,-0.7559999999999999,observed,0.403336,-1.3648639999999992,0.24324799999999996
74,"([0.5, 0.15, 0.05, 0.21, 0.09], [3])","([1, 0, 0, 0, 0], [0])",-0.0,-0.0,-0.0,-0.7559999999999999,-0.0,-0.7559999999999999,observed,0.403336,-1.0121999999999993,0.24324799999999996
75,"([0.5, 0.15, 0.05, 0.21, 0.09], [0])","([1, 0, 0, 0, 0], [0])",-0.0,-0.0,-0.0,-0.0,-0.0,0.0,observed,0.403336,-1.4155359999999992,0.24324799999999996
76,"([0.5, 0.15, 0.05, 0.21, 0.09], [1])","([1, 0, 0, 0, 0], [0])",-0.0,-0.9259999999999999,-0.0,-0.0,-0.0,-0.9259999999999999,observed,0.403336,-0.8928719999999992,0.24324799999999996
77,"([0.5, 0.15, 0.05, 0.21, 0.09], [0])","([1, 0, 0, 0, 0], [0])",-0.0,-0.0,-0.0,-0.0,-0.0,0.0,observed,0.403336,-1.2962079999999991,0.24324799999999996
78,"([0.5, 0.15, 0.05, 0.21, 0.09], [1])","([1, 0, 0, 0, 0], [0])",-0.0,-0.9259999999999999,-0.0,-0.0,-0.0,-0.9259999999999999,observed,0.403336,-0.7735439999999991,0.24324799999999996
79,"([0.5, 0.15, 0.05, 0.21, 0.09], [0])","([1, 0, 0, 0, 0], [0])",-0.0,-0.0,-0.0,-0.0,-0.0,0.0,observed,0.403336,-1.176879999999999,0.24324799999999996
80,"([0.5, 0.15, 0.05, 0.21, 0.09], [0])","([1, 0, 0, 0, 0], [0])",-0.0,-0.0,-0.0,-0.0,-0.0,0.0,observed,0.403336,-1.580215999999999,0.24324799999999996
81,"([0.5, 0.15, 0.05, 0.21, 0.09], [3])","([1, 0, 0, 0, 0], [0])",-0.0,-0.0,-0.0,-0.7559999999999999,-0.0,-0.7559999999999999,observed,0.403336,-1.227551999999999,0.24324799999999996
82,"([0.5, 0.15, 0.05, 0.21, 0.09], [0])","([1, 0, 0, 0, 0], [0])",-0.0,-0.0,-0.0,-0.0,-0.0,0.0,observed,0.403336,-1.630887999999999,0.24324799999999996
83,"([0.5, 0.15, 0.05, 0.21, 0.09], [4])","([1, 0, 0, 0, 0], [0])",-0.0,-0.0,-0.0,-0.0,-0.7909999999999999,-0.7909999999999999,observed,0.403336,-1.243223999999999,0.24324799999999996
84,"([0.5, 0.15, 0.05, 0.21, 0.09], [1])","([1, 0, 0, 0, 0], [0])",-0.0,-0.9259999999999999,-0.0,-0.0,-0.0,-0.9259999999999999,observed,0.403336,-0.720559999999999,0.24324799999999996
85,"([0.5, 0.15, 0.05, 0.21, 0.09], [3])","([1, 0, 0, 0, 0], [0])",-0.0,-0.0,-0.0,-0.7559999999999999,-0.0,-0.7559999999999999,observed,0.403336,-0.36789599999999906,0.24324799999999996
86,"([0.5, 0.15, 0.05, 0.21, 0.09], [3])","([1, 0, 0, 0, 0], [0])",-0.0,-0.0,-0.0,-0.7559999999999999,-0.0,-0.7559999999999999,observed,0.403336,-0.015231999999999135,0.24324799999999996
87,"([0.5, 0.15, 0.05, 0.21, 0.09], [0])","([1, 0, 0, 0, 0], [0])",-0.0,-0.0,-0.0,-0.0,-0.0,0.0,observed,0.403336,-0.4185679999999991,0.24324799999999996
88,"([0.5, 0.15, 0.05, 0.21, 0.09], [1])","([1, 0, 0, 0, 0], [0])",-0.0,-0.9259999999999999,-0.0,-0.0,-0.0,-0.9259999999999999,observed,0.403336,0.10409600000000091,0.24324799999999996
89,"([0.5, 0.15, 0.05, 0.21, 0.09], [0])","([1, 0, 0, 0, 0], [0])",-0.0,-0.0,-0.0,-0.0,-0.0,0.0,observed,0.403336,-0.29923999999999906,0.24324799999999996
90,"([0.5, 0.15, 0.05, 0.21, 0.09], [4])","([1, 0, 0, 0, 0], [0])",-0.0,-0.0,-0.0,-0.0,-0.7909999999999999,-0.7909999999999999,observed,0.403336,0.08842400000000089,0.24324799999999996
91,"([0.5, 0.15, 0.05, 0.21, 0.09], [0])","([1, 0, 0, 0, 0], [0])",-0.0,-0.0,-0.0,-0.0,-0.0,0.0,observed,0.403336,-0.3149119999999991,0.24324799999999996
92,"([0.5, 0.15, 0.05, 0.21, 0.09], [1])","([1, 0, 0, 0, 0], [0])",-0.0,-0.9259999999999999,-0.0,-0.0,-0.0,-0.9259999999999999,observed,0.403336,0.20775200000000094,0.24324799999999996
93,"([0.5, 0.15, 0.05, 0.21, 0.09], [0])","([1, 0, 0, 0, 0], [0])",-0.0,-0.0,-0.0,-0.0,-0.0,0.0,observed,0.403336,-0.19558399999999904,0.24324799999999996
94,"([0.5, 0.15, 0.05, 0.21, 0.09], [0])","([1, 0, 0, 0, 0], [0])",-0.0,-0.0,-0.0,-0.0,-0.0,0.0,observed,0.403336,-0.598919999999999,0.24324799999999996
95,"([0.5, 0.15, 0.05, 0.21, 0.09], [0])","([1, 0, 0, 0, 0], [0])",-0.0,-0.0,-0.0,-0.0,-0.0,0.0,observed,0.403336,-1.002255999999999,0.24324799999999996
96,"([0.5, 0.15, 0.05, 0.21, 0.09], [2])","([1, 0, 0, 0, 0], [0])",-0.0,-0.0,-0.68,-0.0,-0.0,-0.68,observed,0.403336,-0.7255919999999989,0.24324799999999996
97,"([0.5, 0.15, 0.05, 0.21, 0.09], [3])","([1, 0, 0, 0, 0], [0])",-0.0,-0.0,-0.0,-0.7559999999999999,-0.0,-0.7559999999999999,observed,0.403336,-0.372927999999999,0.24324799999999996
98,"([0.5, 0.15, 0.05, 0.21, 0.09], [0])","([1, 0, 0, 0, 0], [0])",-0.0,-0.0,-0.0,-0.0,-0.0,0.0,observed,0.403336,-0.776263999999999,0.24324799999999996
99,"([0.5, 0.15, 0.05, 0.21, 0.09], [0])","([1, 0, 0, 0, 0], [0])",-0.0,-0.0,-0.0,-0.0,-0.0,0.0,observed,0.403336,-1.1795999999999989,0.24324799999999996
