,sta-1,EXP-0,feedback target 0,feedback target 1,feedback target 2,feedback target 3,feedback target 4,feedback target 5,total,fake_target,exp_loss,actual_regret,exp_regret
0,"([0, 0, 0, 0, 1, 0], [4])","([0, 1, 0, 0, 0, 0], [1])",-0.0,-0.0,-0.0,-0.0,-0.0,-0.0,0.0,1,0.977,0.2537135482037446,0.2537135482037446
1,"([0, 0, 1, 0, 0, 0], [2])","([0, 0, 0, 0, 1, 0], [4])",-0.0,-0.0,-0.9420000000000001,-0.0,-0.0,-0.0,-0.9420000000000001,0,0.9420000000000001,0.47242709640748926,0.47242709640748926
2,"([0, 0, 1, 0, 0, 0], [2])","([0, 0, 0, 0, 1, 0], [4])",-0.0,-0.0,-0.9420000000000001,-0.0,-0.0,-0.0,-0.9420000000000001,0,0.9420000000000001,0.6911406446112339,0.6911406446112339
3,"([0, 0, 0, 0, 1, 0], [4])","([0, 0, 1, 0, 0, 0], [2])",-0.0,-0.0,-0.0,-0.0,-0.977,-0.0,-0.977,0,0.977,0.9448541928149785,0.9448541928149785
4,"([0, 0, 0, 0, 1, 0], [4])","([0, 0, 1, 0, 0, 0], [2])",-0.0,-0.0,-0.0,-0.0,-0.977,-0.0,-0.977,0,0.977,1.198567741018723,1.198567741018723
5,"([0, 0, 0, 0, 1, 0], [4])","([0, 0, 1, 0, 0, 0], [2])",-0.0,-0.0,-0.0,-0.0,-0.977,-0.0,-0.977,0,0.977,1.4522812892224675,1.4522812892224675
6,"([0, 0, 1, 0, 0, 0], [2])","([0, 0, 0, 0, 1, 0], [4])",-0.0,-0.0,-0.9420000000000001,-0.0,-0.0,-0.0,-0.9420000000000001,0,0.9420000000000001,1.6709948374262122,1.6709948374262122
7,"([0, 0, 1, 0, 0, 0], [2])","([0, 0, 0, 0, 1, 0], [4])",-0.0,-0.0,-0.9420000000000001,-0.0,-0.0,-0.0,-0.9420000000000001,0,0.9420000000000001,1.889708385629957,1.889708385629957
8,"([0, 0, 1, 0, 0, 0], [2])","([0, 0, 0, 0, 1, 0], [4])",-0.0,-0.0,-0.9420000000000001,-0.0,-0.0,-0.0,-0.9420000000000001,0,0.9420000000000001,2.108421933833702,2.108421933833702
9,"([0, 0, 0, 0, 1, 0], [4])","([0, 0, 1, 0, 0, 0], [2])",-0.0,-0.0,-0.0,-0.0,-0.977,-0.0,-0.977,0,0.977,2.3621354820374463,2.3621354820374463
10,"([0, 0, 0, 0, 1, 0], [4])","([0, 0, 1, 0, 0, 0], [2])",-0.0,-0.0,-0.0,-0.0,-0.977,-0.0,-0.977,0,0.977,2.6158490302411908,2.6158490302411908
11,"([0, 0, 1, 0, 0, 0], [2])","([0, 0, 0, 0, 1, 0], [4])",-0.0,-0.0,-0.9420000000000001,-0.0,-0.0,-0.0,-0.9420000000000001,0,0.9420000000000001,2.8345625784449355,2.8345625784449355
12,"([0, 0, 1, 0, 0, 0], [2])","([0, 0, 0, 0, 1, 0], [4])",-0.0,-0.0,-0.9420000000000001,-0.0,-0.0,-0.0,-0.9420000000000001,0,0.9420000000000001,3.0532761266486803,3.0532761266486803
13,"([0, 0, 0, 0, 1, 0], [4])","([0, 0, 1, 0, 0, 0], [2])",-0.0,-0.0,-0.0,-0.0,-0.977,-0.0,-0.977,0,0.977,3.306989674852425,3.306989674852425
14,"([0, 0, 1, 0, 0, 0], [2])","([0, 0, 0, 0, 1, 0], [4])",-0.0,-0.0,-0.9420000000000001,-0.0,-0.0,-0.0,-0.9420000000000001,0,0.9420000000000001,3.5257032230561696,3.5257032230561696
15,"([0, 0, 1, 0, 0, 0], [2])","([0, 0, 0, 0, 1, 0], [4])",-0.0,-0.0,-0.9420000000000001,-0.0,-0.0,-0.0,-0.9420000000000001,0,0.9420000000000001,3.7444167712599143,3.7444167712599143
16,"([0, 0, 0, 0, 1, 0], [4])","([0, 0, 1, 0, 0, 0], [2])",-0.0,-0.0,-0.0,-0.0,-0.977,-0.0,-0.977,0,0.977,3.998130319463659,3.998130319463659
17,"([0, 0, 1, 0, 0, 0], [2])","([0, 0, 0, 0, 1, 0], [4])",-0.0,-0.0,-0.9420000000000001,-0.0,-0.0,-0.0,-0.9420000000000001,0,0.9420000000000001,4.216843867667404,4.216843867667404
18,"([0, 0, 0, 0, 1, 0], [4])","([0, 0, 1, 0, 0, 0], [2])",-0.0,-0.0,-0.0,-0.0,-0.977,-0.0,-0.977,0,0.977,4.4705574158711485,4.4705574158711485
19,"([0, 0, 1, 0, 0, 0], [2])","([0, 0, 0, 0, 1, 0], [4])",-0.0,-0.0,-0.9420000000000001,-0.0,-0.0,-0.0,-0.9420000000000001,0,0.9420000000000001,4.689270964074893,4.689270964074893
20,"([0, 0, 1, 0, 0, 0], [2])","([0, 0, 0, 0, 1, 0], [4])",-0.0,-0.0,-0.9420000000000001,-0.0,-0.0,-0.0,-0.9420000000000001,0,0.9420000000000001,4.907984512278638,4.907984512278638
21,"([0, 0, 0, 0, 1, 0], [4])","([0, 0, 1, 0, 0, 0], [2])",-0.0,-0.0,-0.0,-0.0,-0.977,-0.0,-0.977,0,0.977,5.161698060482383,5.161698060482383
22,"([0, 0, 0, 0, 1, 0], [4])","([0, 0, 1, 0, 0, 0], [2])",-0.0,-0.0,-0.0,-0.0,-0.977,-0.0,-0.977,0,0.977,5.415411608686128,5.415411608686128
23,"([0, 0, 1, 0, 0, 0], [2])","([0, 0, 0, 0, 1, 0], [4])",-0.0,-0.0,-0.9420000000000001,-0.0,-0.0,-0.0,-0.9420000000000001,0,0.9420000000000001,5.634125156889873,5.634125156889873
24,"([0, 0, 1, 0, 0, 0], [2])","([0, 0, 0, 0, 1, 0], [4])",-0.0,-0.0,-0.9420000000000001,-0.0,-0.0,-0.0,-0.9420000000000001,0,0.9420000000000001,5.8528387050936175,5.8528387050936175
25,"([0, 0, 0, 0, 1, 0], [4])","([0, 0, 1, 0, 0, 0], [2])",-0.0,-0.0,-0.0,-0.0,-0.977,-0.0,-0.977,0,0.977,6.106552253297362,6.106552253297362
26,"([0, 0, 0, 0, 1, 0], [4])","([0, 0, 1, 0, 0, 0], [2])",-0.0,-0.0,-0.0,-0.0,-0.977,-0.0,-0.977,0,0.977,6.360265801501107,6.360265801501107
27,"([0, 0, 0, 0, 1, 0], [4])","([0, 0, 1, 0, 0, 0], [2])",-0.0,-0.0,-0.0,-0.0,-0.0,-0.0,0.0,1,0.977,6.613979349704852,6.613979349704852
28,"([0, 0, 0, 0, 1, 0], [4])","([0, 0, 1, 0, 0, 0], [2])",-0.0,-0.0,-0.0,-0.0,-0.0,-0.0,0.0,1,0.977,6.867692897908597,6.867692897908597
29,"([0, 0, 1, 0, 0, 0], [2])","([0, 0, 0, 0, 1, 0], [4])",-0.0,-0.0,-0.9420000000000001,-0.0,-0.0,-0.0,-0.9420000000000001,0,0.9420000000000001,7.086406446112342,7.086406446112342
30,"([0, 0, 1, 0, 0, 0], [2])","([0, 0, 0, 0, 1, 0], [4])",-0.0,-0.0,-0.9420000000000001,-0.0,-0.0,-0.0,-0.9420000000000001,0,0.9420000000000001,7.305119994316087,7.305119994316087
31,"([0, 0, 1, 0, 0, 0], [2])","([0, 0, 0, 0, 1, 0], [4])",-0.0,-0.0,-0.9420000000000001,-0.0,-0.0,-0.0,-0.9420000000000001,0,0.9420000000000001,7.5238335425198315,7.5238335425198315
32,"([0, 0, 1, 0, 0, 0], [2])","([0, 0, 0, 0, 1, 0], [4])",-0.0,-0.0,-0.9420000000000001,-0.0,-0.0,-0.0,-0.9420000000000001,0,0.9420000000000001,7.742547090723576,7.742547090723576
33,"([0, 0, 1, 0, 0, 0], [2])","([0, 0, 0, 0, 1, 0], [4])",-0.0,-0.0,-0.0,-0.0,-0.0,-0.0,0.0,1,0.9420000000000001,7.961260638927321,7.961260638927321
34,"([0, 0, 0, 0, 1, 0], [4])","([0, 0, 1, 0, 0, 0], [2])",-0.0,-0.0,-0.0,-0.0,-0.0,-0.0,0.0,1,0.977,8.214974187131066,8.214974187131066
35,"([0, 0, 0, 0, 1, 0], [4])","([0, 0, 1, 0, 0, 0], [2])",-0.0,-0.0,-0.0,-0.0,-0.977,-0.0,-0.977,0,0.977,8.468687735334811,8.468687735334811
36,"([0, 0, 0, 0, 1, 0], [4])","([0, 0, 1, 0, 0, 0], [2])",-0.0,-0.0,-0.0,-0.0,-0.977,-0.0,-0.977,0,0.977,8.722401283538556,8.722401283538556
37,"([0, 0, 1, 0, 0, 0], [2])","([0, 0, 0, 0, 1, 0], [4])",-0.0,-0.0,-0.9420000000000001,-0.0,-0.0,-0.0,-0.9420000000000001,0,0.9420000000000001,8.9411148317423,8.9411148317423
38,"([0, 0, 1, 0, 0, 0], [2])","([0, 0, 0, 0, 1, 0], [4])",-0.0,-0.0,-0.9420000000000001,-0.0,-0.0,-0.0,-0.9420000000000001,0,0.9420000000000001,9.159828379946045,9.159828379946045
39,"([0, 0, 1, 0, 0, 0], [2])","([0, 0, 0, 0, 1, 0], [4])",-0.0,-0.0,-0.9420000000000001,-0.0,-0.0,-0.0,-0.9420000000000001,0,0.9420000000000001,9.37854192814979,9.37854192814979
40,"([0, 0, 0, 0, 1, 0], [4])","([0, 0, 1, 0, 0, 0], [2])",-0.0,-0.0,-0.0,-0.0,-0.977,-0.0,-0.977,0,0.977,9.632255476353535,9.632255476353535
41,"([0, 0, 1, 0, 0, 0], [2])","([0, 0, 0, 0, 1, 0], [4])",-0.0,-0.0,-0.9420000000000001,-0.0,-0.0,-0.0,-0.9420000000000001,0,0.9420000000000001,9.85096902455728,9.85096902455728
42,"([0, 0, 1, 0, 0, 0], [2])","([0, 0, 0, 0, 1, 0], [4])",-0.0,-0.0,-0.9420000000000001,-0.0,-0.0,-0.0,-0.9420000000000001,0,0.9420000000000001,10.069682572761025,10.069682572761025
43,"([0, 0, 0, 0, 1, 0], [4])","([0, 0, 1, 0, 0, 0], [2])",-0.0,-0.0,-0.0,-0.0,-0.977,-0.0,-0.977,0,0.977,10.32339612096477,10.32339612096477
44,"([0, 0, 1, 0, 0, 0], [2])","([0, 0, 0, 0, 1, 0], [4])",-0.0,-0.0,-0.9420000000000001,-0.0,-0.0,-0.0,-0.9420000000000001,0,0.9420000000000001,10.542109669168514,10.542109669168514
45,"([0, 0, 0, 0, 1, 0], [4])","([0, 0, 1, 0, 0, 0], [2])",-0.0,-0.0,-0.0,-0.0,-0.977,-0.0,-0.977,0,0.977,10.79582321737226,10.79582321737226
46,"([0, 0, 0, 0, 1, 0], [4])","([0, 0, 1, 0, 0, 0], [2])",-0.0,-0.0,-0.0,-0.0,-0.977,-0.0,-0.977,0,0.977,11.049536765576004,11.049536765576004
47,"([0, 0, 1, 0, 0, 0], [2])","([0, 0, 0, 0, 1, 0], [4])",-0.0,-0.0,-0.9420000000000001,-0.0,-0.0,-0.0,-0.9420000000000001,0,0.9420000000000001,11.268250313779749,11.268250313779749
48,"([0, 0, 0, 0, 1, 0], [4])","([0, 0, 1, 0, 0, 0], [2])",-0.0,-0.0,-0.0,-0.0,-0.977,-0.0,-0.977,0,0.977,11.521963861983494,11.521963861983494
49,"([0, 0, 0, 0, 1, 0], [4])","([0, 0, 1, 0, 0, 0], [2])",-0.0,-0.0,-0.0,-0.0,-0.977,-0.0,-0.977,0,0.977,11.775677410187239,11.775677410187239
50,"([0, 0, 0, 0, 1, 0], [4])","([0, 0, 1, 0, 0, 0], [2])",-0.0,-0.0,-0.0,-0.0,-0.977,-0.0,-0.977,0,0.977,12.029390958390984,12.029390958390984
51,"([0, 0, 1, 0, 0, 0], [2])","([0, 0, 0, 0, 1, 0], [4])",-0.0,-0.0,-0.9420000000000001,-0.0,-0.0,-0.0,-0.9420000000000001,0,0.9420000000000001,12.248104506594728,12.248104506594728
52,"([0, 0, 1, 0, 0, 0], [2])","([0, 0, 0, 0, 1, 0], [4])",-0.0,-0.0,-0.9420000000000001,-0.0,-0.0,-0.0,-0.9420000000000001,0,0.9420000000000001,12.466818054798473,12.466818054798473
53,"([0, 0, 0, 0, 1, 0], [4])","([0, 0, 1, 0, 0, 0], [2])",-0.0,-0.0,-0.0,-0.0,-0.977,-0.0,-0.977,0,0.977,12.720531603002218,12.720531603002218
54,"([0, 0, 1, 0, 0, 0], [2])","([0, 0, 0, 0, 1, 0], [4])",-0.0,-0.0,-0.9420000000000001,-0.0,-0.0,-0.0,-0.9420000000000001,0,0.9420000000000001,12.939245151205963,12.939245151205963
55,"([0, 0, 0, 0, 1, 0], [4])","([0, 0, 1, 0, 0, 0], [2])",-0.0,-0.0,-0.0,-0.0,-0.977,-0.0,-0.977,0,0.977,13.192958699409708,13.192958699409708
56,"([0, 0, 1, 0, 0, 0], [2])","([0, 0, 0, 0, 1, 0], [4])",-0.0,-0.0,-0.9420000000000001,-0.0,-0.0,-0.0,-0.9420000000000001,0,0.9420000000000001,13.411672247613453,13.411672247613453
57,"([0, 0, 0, 0, 1, 0], [4])","([0, 0, 1, 0, 0, 0], [2])",-0.0,-0.0,-0.0,-0.0,-0.977,-0.0,-0.977,0,0.977,13.665385795817198,13.665385795817198
58,"([0, 0, 0, 0, 1, 0], [4])","([0, 0, 1, 0, 0, 0], [2])",-0.0,-0.0,-0.0,-0.0,-0.977,-0.0,-0.977,0,0.977,13.919099344020943,13.919099344020943
59,"([0, 0, 1, 0, 0, 0], [2])","([0, 0, 0, 0, 1, 0], [4])",-0.0,-0.0,-0.9420000000000001,-0.0,-0.0,-0.0,-0.9420000000000001,0,0.9420000000000001,14.137812892224687,14.137812892224687
60,"([0, 0, 1, 0, 0, 0], [2])","([0, 0, 0, 0, 1, 0], [4])",-0.0,-0.0,-0.9420000000000001,-0.0,-0.0,-0.0,-0.9420000000000001,0,0.9420000000000001,14.356526440428432,14.356526440428432
61,"([0, 0, 1, 0, 0, 0], [2])","([0, 0, 0, 0, 1, 0], [4])",-0.0,-0.0,-0.9420000000000001,-0.0,-0.0,-0.0,-0.9420000000000001,0,0.9420000000000001,14.575239988632177,14.575239988632177
62,"([0, 0, 1, 0, 0, 0], [2])","([0, 0, 0, 0, 1, 0], [4])",-0.0,-0.0,-0.9420000000000001,-0.0,-0.0,-0.0,-0.9420000000000001,0,0.9420000000000001,14.793953536835922,14.793953536835922
63,"([0, 0, 0, 0, 1, 0], [4])","([0, 0, 1, 0, 0, 0], [2])",-0.0,-0.0,-0.0,-0.0,-0.977,-0.0,-0.977,0,0.977,15.047667085039667,15.047667085039667
64,"([0, 0, 0, 0, 1, 0], [4])","([0, 0, 1, 0, 0, 0], [2])",-0.0,-0.0,-0.0,-0.0,-0.977,-0.0,-0.977,0,0.977,15.301380633243411,15.301380633243411
65,"([0, 0, 1, 0, 0, 0], [2])","([0, 0, 0, 0, 1, 0], [4])",-0.0,-0.0,-0.9420000000000001,-0.0,-0.0,-0.0,-0.9420000000000001,0,0.9420000000000001,15.520094181447156,15.520094181447156
66,"([0, 0, 1, 0, 0, 0], [2])","([0, 0, 0, 0, 1, 0], [4])",-0.0,-0.0,-0.9420000000000001,-0.0,-0.0,-0.0,-0.9420000000000001,0,0.9420000000000001,15.738807729650901,15.738807729650901
67,"([0, 0, 0, 0, 1, 0], [4])","([0, 0, 1, 0, 0, 0], [2])",-0.0,-0.0,-0.0,-0.0,-0.977,-0.0,-0.977,0,0.977,15.992521277854646,15.992521277854646
68,"([0, 0, 1, 0, 0, 0], [2])","([0, 0, 0, 0, 1, 0], [4])",-0.0,-0.0,-0.9420000000000001,-0.0,-0.0,-0.0,-0.9420000000000001,0,0.9420000000000001,16.21123482605839,16.21123482605839
69,"([0, 0, 0, 0, 1, 0], [4])","([0, 0, 1, 0, 0, 0], [2])",-0.0,-0.0,-0.0,-0.0,-0.977,-0.0,-0.977,0,0.977,16.464948374262136,16.464948374262136
70,"([0, 0, 0, 0, 1, 0], [4])","([0, 0, 1, 0, 0, 0], [2])",-0.0,-0.0,-0.0,-0.0,-0.977,-0.0,-0.977,0,0.977,16.71866192246588,16.71866192246588
71,"([0, 0, 0, 0, 1, 0], [4])","([0, 0, 1, 0, 0, 0], [2])",-0.0,-0.0,-0.0,-0.0,-0.977,-0.0,-0.977,0,0.977,16.972375470669625,16.972375470669625
72,"([0, 0, 1, 0, 0, 0], [2])","([0, 0, 0, 0, 1, 0], [4])",-0.0,-0.0,-0.9420000000000001,-0.0,-0.0,-0.0,-0.9420000000000001,0,0.9420000000000001,17.19108901887337,17.19108901887337
73,"([0, 0, 0, 0, 1, 0], [4])","([0, 0, 1, 0, 0, 0], [2])",-0.0,-0.0,-0.0,-0.0,-0.977,-0.0,-0.977,0,0.977,17.444802567077115,17.444802567077115
74,"([0, 0, 1, 0, 0, 0], [2])","([0, 0, 0, 0, 1, 0], [4])",-0.0,-0.0,-0.9420000000000001,-0.0,-0.0,-0.0,-0.9420000000000001,0,0.9420000000000001,17.66351611528086,17.66351611528086
75,"([0, 0, 1, 0, 0, 0], [2])","([0, 0, 0, 0, 1, 0], [4])",-0.0,-0.0,-0.0,-0.0,-0.0,-0.0,0.0,1,0.9420000000000001,17.882229663484605,17.882229663484605
76,"([0, 0, 0, 0, 1, 0], [4])","([0, 0, 1, 0, 0, 0], [2])",-0.0,-0.0,-0.0,-0.0,-0.977,-0.0,-0.977,0,0.977,18.13594321168835,18.13594321168835
77,"([0, 0, 1, 0, 0, 0], [2])","([0, 0, 0, 0, 1, 0], [4])",-0.0,-0.0,-0.9420000000000001,-0.0,-0.0,-0.0,-0.9420000000000001,0,0.9420000000000001,18.354656759892094,18.354656759892094
78,"([0, 0, 0, 0, 1, 0], [4])","([0, 0, 1, 0, 0, 0], [2])",-0.0,-0.0,-0.0,-0.0,-0.977,-0.0,-0.977,0,0.977,18.60837030809584,18.60837030809584
79,"([0, 0, 1, 0, 0, 0], [2])","([0, 0, 0, 0, 1, 0], [4])",-0.0,-0.0,-0.9420000000000001,-0.0,-0.0,-0.0,-0.9420000000000001,0,0.9420000000000001,18.827083856299584,18.827083856299584
80,"([0, 0, 0, 0, 1, 0], [4])","([0, 0, 1, 0, 0, 0], [2])",-0.0,-0.0,-0.0,-0.0,-0.0,-0.0,0.0,1,0.977,19.08079740450333,19.08079740450333
81,"([0, 0, 1, 0, 0, 0], [2])","([0, 0, 0, 0, 1, 0], [4])",-0.0,-0.0,-0.9420000000000001,-0.0,-0.0,-0.0,-0.9420000000000001,0,0.9420000000000001,19.299510952707074,19.299510952707074
82,"([0, 0, 0, 0, 1, 0], [4])","([0, 0, 1, 0, 0, 0], [2])",-0.0,-0.0,-0.0,-0.0,-0.977,-0.0,-0.977,0,0.977,19.55322450091082,19.55322450091082
83,"([0, 0, 0, 0, 1, 0], [4])","([0, 0, 1, 0, 0, 0], [2])",-0.0,-0.0,-0.0,-0.0,-0.977,-0.0,-0.977,0,0.977,19.806938049114564,19.806938049114564
84,"([0, 0, 0, 0, 1, 0], [4])","([0, 0, 1, 0, 0, 0], [2])",-0.0,-0.0,-0.0,-0.0,-0.977,-0.0,-0.977,0,0.977,20.06065159731831,20.06065159731831
85,"([0, 0, 1, 0, 0, 0], [2])","([0, 0, 0, 0, 1, 0], [4])",-0.0,-0.0,-0.9420000000000001,-0.0,-0.0,-0.0,-0.9420000000000001,0,0.9420000000000001,20.279365145522053,20.279365145522053
86,"([0, 0, 1, 0, 0, 0], [2])","([0, 0, 0, 0, 1, 0], [4])",-0.0,-0.0,-0.9420000000000001,-0.0,-0.0,-0.0,-0.9420000000000001,0,0.9420000000000001,20.498078693725798,20.498078693725798
87,"([0, 0, 1, 0, 0, 0], [2])","([0, 0, 0, 0, 1, 0], [4])",-0.0,-0.0,-0.9420000000000001,-0.0,-0.0,-0.0,-0.9420000000000001,0,0.9420000000000001,20.716792241929543,20.716792241929543
88,"([0, 0, 0, 0, 1, 0], [4])","([0, 0, 1, 0, 0, 0], [2])",-0.0,-0.0,-0.0,-0.0,-0.977,-0.0,-0.977,0,0.977,20.970505790133288,20.970505790133288
89,"([0, 0, 1, 0, 0, 0], [2])","([0, 0, 0, 0, 1, 0], [4])",-0.0,-0.0,-0.9420000000000001,-0.0,-0.0,-0.0,-0.9420000000000001,0,0.9420000000000001,21.189219338337033,21.189219338337033
90,"([0, 0, 0, 0, 1, 0], [4])","([0, 0, 1, 0, 0, 0], [2])",-0.0,-0.0,-0.0,-0.0,-0.977,-0.0,-0.977,0,0.977,21.442932886540778,21.442932886540778
91,"([0, 0, 0, 0, 1, 0], [4])","([0, 0, 1, 0, 0, 0], [2])",-0.0,-0.0,-0.0,-0.0,-0.977,-0.0,-0.977,0,0.977,21.696646434744522,21.696646434744522
92,"([0, 0, 1, 0, 0, 0], [2])","([0, 0, 0, 0, 1, 0], [4])",-0.0,-0.0,-0.9420000000000001,-0.0,-0.0,-0.0,-0.9420000000000001,0,0.9420000000000001,21.915359982948267,21.915359982948267
93,"([0, 0, 0, 0, 1, 0], [4])","([0, 0, 1, 0, 0, 0], [2])",-0.0,-0.0,-0.0,-0.0,-0.977,-0.0,-0.977,0,0.977,22.169073531152012,22.169073531152012
94,"([0, 0, 1, 0, 0, 0], [2])","([0, 0, 0, 0, 1, 0], [4])",-0.0,-0.0,-0.9420000000000001,-0.0,-0.0,-0.0,-0.9420000000000001,0,0.9420000000000001,22.387787079355757,22.387787079355757
95,"([0, 0, 1, 0, 0, 0], [2])","([0, 0, 0, 0, 1, 0], [4])",-0.0,-0.0,-0.9420000000000001,-0.0,-0.0,-0.0,-0.9420000000000001,0,0.9420000000000001,22.6065006275595,22.6065006275595
96,"([0, 0, 0, 0, 1, 0], [4])","([0, 0, 1, 0, 0, 0], [2])",-0.0,-0.0,-0.0,-0.0,-0.977,-0.0,-0.977,0,0.977,22.860214175763247,22.860214175763247
97,"([0, 0, 1, 0, 0, 0], [2])","([0, 0, 0, 0, 1, 0], [4])",-0.0,-0.0,-0.9420000000000001,-0.0,-0.0,-0.0,-0.9420000000000001,0,0.9420000000000001,23.07892772396699,23.07892772396699
98,"([0, 0, 1, 0, 0, 0], [2])","([0, 0, 0, 0, 1, 0], [4])",-0.0,-0.0,-0.0,-0.0,-0.0,-0.0,0.0,1,0.9420000000000001,23.297641272170736,23.297641272170736
99,"([0, 0, 0, 0, 1, 0], [4])","([0, 0, 1, 0, 0, 0], [2])",-0.0,-0.0,-0.0,-0.0,-0.0,-0.0,0.0,1,0.977,23.55135482037448,23.55135482037448
