,sta-1,FB-0,feedback target 0,feedback target 1,feedback target 2,feedback target 3,feedback target 4,feedback target 5,total,exp_loss,actual_regret,exp_regret
0,"([0, 0, 1, 0, 0, 0], [2])","([0, 0, 0, 1, 0, 0], [3])",-0.0,-0.0,-0.94,-0.0,-0.0,-0.0,-0.94,0.94,0.25615956818180907,0.25615956818180907
1,"([0, 0, 0, 0, 1, 0], [4])","([0.11, 0.25, 0.27, 0.1, 0.06, 0.2], [0])",-0.0,-0.0,-0.0,-0.0,-0.728,-0.0,-0.728,0.6838404318181909,0.3003191363636182,0.25615956818180907
2,"([0, 0, 0, 0, 1, 0], [4])","([0.11, 0.25, 0.27, 0.1, 0.06, 0.2], [2])",-0.0,-0.0,-0.0,-0.0,-0.728,-0.0,-0.728,0.6838404318181909,0.3444787045454273,0.25615956818180907
3,"([0, 0, 0, 0, 1, 0], [4])","([0.11, 0.25, 0.27, 0.1, 0.06, 0.2], [0])",-0.0,-0.0,-0.0,-0.0,-0.728,-0.0,-0.728,0.6838404318181909,0.3886382727272364,0.25615956818180907
4,"([0, 0, 0, 0, 1, 0], [4])","([0.11, 0.25, 0.27, 0.1, 0.06, 0.2], [5])",-0.0,-0.0,-0.0,-0.0,-0.728,-0.0,-0.728,0.6838404318181909,0.4327978409090455,0.25615956818180907
5,"([0, 0, 0, 0, 1, 0], [4])","([0.11, 0.25, 0.27, 0.1, 0.06, 0.2], [1])",-0.0,-0.0,-0.0,-0.0,-0.728,-0.0,-0.728,0.6838404318181909,0.4769574090908546,0.25615956818180907
6,"([0, 0, 0, 0, 1, 0], [4])","([0.11, 0.25, 0.27, 0.1, 0.06, 0.2], [1])",-0.0,-0.0,-0.0,-0.0,-0.728,-0.0,-0.728,0.6838404318181909,0.5211169772726637,0.25615956818180907
7,"([0, 0, 0, 0, 1, 0], [4])","([0.11, 0.25, 0.27, 0.1, 0.06, 0.2], [0])",-0.0,-0.0,-0.0,-0.0,-0.728,-0.0,-0.728,0.6838404318181909,0.5652765454544728,0.25615956818180907
8,"([0, 0, 0, 0, 1, 0], [4])","([0.11, 0.25, 0.27, 0.1, 0.06, 0.2], [1])",-0.0,-0.0,-0.0,-0.0,-0.728,-0.0,-0.728,0.6838404318181909,0.6094361136362819,0.25615956818180907
9,"([0, 0, 0, 0, 1, 0], [4])","([0.11, 0.25, 0.27, 0.1, 0.06, 0.2], [2])",-0.0,-0.0,-0.0,-0.0,-0.728,-0.0,-0.728,0.6838404318181909,0.653595681818091,0.25615956818180907
10,"([0, 0, 0, 0, 1, 0], [4])","([0.11, 0.25, 0.27, 0.1, 0.06, 0.2], [2])",-0.0,-0.0,-0.0,-0.0,-0.728,-0.0,-0.728,0.6838404318181909,0.6977552499999001,0.25615956818180907
11,"([0, 0, 0, 0, 1, 0], [4])","([0.11, 0.25, 0.27, 0.1, 0.06, 0.2], [2])",-0.0,-0.0,-0.0,-0.0,-0.728,-0.0,-0.728,0.6838404318181909,0.7419148181817092,0.25615956818180907
12,"([0, 0, 0, 0, 1, 0], [4])","([0.11, 0.25, 0.27, 0.1, 0.06, 0.2], [0])",-0.0,-0.0,-0.0,-0.0,-0.728,-0.0,-0.728,0.6838404318181909,0.7860743863635183,0.25615956818180907
13,"([0, 0, 0, 0, 1, 0], [4])","([0.11, 0.25, 0.27, 0.1, 0.06, 0.2], [0])",-0.0,-0.0,-0.0,-0.0,-0.728,-0.0,-0.728,0.6838404318181909,0.8302339545453274,0.25615956818180907
14,"([0, 0, 0, 0, 1, 0], [4])","([0.11, 0.25, 0.27, 0.1, 0.06, 0.2], [5])",-0.0,-0.0,-0.0,-0.0,-0.728,-0.0,-0.728,0.6838404318181909,0.8743935227271366,0.25615956818180907
15,"([0, 0, 0, 0, 1, 0], [4])","([0.11, 0.25, 0.27, 0.1, 0.06, 0.2], [2])",-0.0,-0.0,-0.0,-0.0,-0.728,-0.0,-0.728,0.6838404318181909,0.9185530909089457,0.25615956818180907
16,"([0, 0, 0, 0, 1, 0], [4])","([0.11, 0.25, 0.27, 0.1, 0.06, 0.2], [5])",-0.0,-0.0,-0.0,-0.0,-0.728,-0.0,-0.728,0.6838404318181909,0.9627126590907548,0.25615956818180907
17,"([0, 0, 0, 0, 1, 0], [4])","([0.11, 0.25, 0.27, 0.1, 0.06, 0.2], [5])",-0.0,-0.0,-0.0,-0.0,-0.728,-0.0,-0.728,0.6838404318181909,1.0068722272725639,0.25615956818180907
18,"([0, 0, 0, 0, 1, 0], [4])","([0.11, 0.25, 0.27, 0.1, 0.06, 0.2], [2])",-0.0,-0.0,-0.0,-0.0,-0.728,-0.0,-0.728,0.6838404318181909,1.051031795454373,0.25615956818180907
19,"([0, 0, 0, 0, 1, 0], [4])","([0.11, 0.25, 0.27, 0.1, 0.06, 0.2], [5])",-0.0,-0.0,-0.0,-0.0,-0.728,-0.0,-0.728,0.6838404318181909,1.0951913636361823,0.25615956818180907
20,"([0, 0, 0, 0, 1, 0], [4])","([0.11, 0.25, 0.27, 0.1, 0.06, 0.2], [5])",-0.0,-0.0,-0.0,-0.0,-0.728,-0.0,-0.728,0.6838404318181909,1.1393509318179915,0.25615956818180907
21,"([0, 0, 0, 0, 1, 0], [4])","([0.11, 0.25, 0.27, 0.1, 0.06, 0.2], [5])",-0.0,-0.0,-0.0,-0.0,-0.728,-0.0,-0.728,0.6838404318181909,1.1835104999998007,0.25615956818180907
22,"([0, 0, 0, 0, 1, 0], [4])","([0.11, 0.25, 0.27, 0.1, 0.06, 0.2], [1])",-0.0,-0.0,-0.0,-0.0,-0.728,-0.0,-0.728,0.6838404318181909,1.22767006818161,0.25615956818180907
23,"([0, 0, 0, 0, 1, 0], [4])","([0.11, 0.25, 0.27, 0.1, 0.06, 0.2], [0])",-0.0,-0.0,-0.0,-0.0,-0.728,-0.0,-0.728,0.6838404318181909,1.2718296363634192,0.25615956818180907
24,"([0, 0, 0, 0, 1, 0], [4])","([0.11, 0.25, 0.27, 0.1, 0.06, 0.2], [5])",-0.0,-0.0,-0.0,-0.0,-0.728,-0.0,-0.728,0.6838404318181909,1.3159892045452284,0.25615956818180907
25,"([0, 0, 0, 0, 1, 0], [4])","([0.11, 0.25, 0.27, 0.1, 0.06, 0.2], [0])",-0.0,-0.0,-0.0,-0.0,-0.728,-0.0,-0.728,0.6838404318181909,1.3601487727270376,0.25615956818180907
26,"([0, 0, 0, 0, 1, 0], [4])","([0.11, 0.25, 0.27, 0.1, 0.06, 0.2], [3])",-0.0,-0.0,-0.0,-0.0,-0.728,-0.0,-0.728,0.6838404318181909,1.4043083409088468,0.25615956818180907
27,"([0, 0, 0, 0, 1, 0], [4])","([0.11, 0.25, 0.27, 0.1, 0.06, 0.2], [3])",-0.0,-0.0,-0.0,-0.0,-0.728,-0.0,-0.728,0.6838404318181909,1.448467909090656,0.25615956818180907
28,"([0, 0, 0, 0, 1, 0], [4])","([0.11, 0.25, 0.27, 0.1, 0.06, 0.2], [0])",-0.0,-0.0,-0.0,-0.0,-0.728,-0.0,-0.728,0.6838404318181909,1.4926274772724653,0.25615956818180907
29,"([0, 0, 0, 0, 1, 0], [4])","([0.11, 0.25, 0.27, 0.1, 0.06, 0.2], [1])",-0.0,-0.0,-0.0,-0.0,-0.728,-0.0,-0.728,0.6838404318181909,1.5367870454542745,0.25615956818180907
30,"([0, 0, 0, 0, 1, 0], [4])","([0.11, 0.25, 0.27, 0.1, 0.06, 0.2], [5])",-0.0,-0.0,-0.0,-0.0,-0.728,-0.0,-0.728,0.6838404318181909,1.5809466136360837,0.25615956818180907
31,"([0, 0, 0, 0, 1, 0], [4])","([0.11, 0.25, 0.27, 0.1, 0.06, 0.2], [4])",-0.0,-0.0,-0.0,-0.0,-0.0,-0.0,0.0,0.6838404318181909,0.8971061818178928,0.25615956818180907
32,"([0, 0, 0, 0, 1, 0], [4])","([0.11, 0.25, 0.27, 0.1, 0.06, 0.2], [1])",-0.0,-0.0,-0.0,-0.0,-0.728,-0.0,-0.728,0.6838404318181909,0.9412657499997019,0.25615956818180907
33,"([0, 0, 0, 0, 1, 0], [4])","([0.11, 0.25, 0.27, 0.1, 0.06, 0.2], [1])",-0.0,-0.0,-0.0,-0.0,-0.728,-0.0,-0.728,0.6838404318181909,0.985425318181511,0.25615956818180907
34,"([0, 0, 0, 0, 1, 0], [4])","([0.11, 0.25, 0.27, 0.1, 0.06, 0.2], [1])",-0.0,-0.0,-0.0,-0.0,-0.728,-0.0,-0.728,0.6838404318181909,1.0295848863633201,0.25615956818180907
35,"([0, 0, 0, 0, 1, 0], [4])","([0.11, 0.25, 0.27, 0.1, 0.06, 0.2], [3])",-0.0,-0.0,-0.0,-0.0,-0.728,-0.0,-0.728,0.6838404318181909,1.0737444545451291,0.25615956818180907
36,"([0, 0, 0, 0, 1, 0], [4])","([0.11, 0.25, 0.27, 0.1, 0.06, 0.2], [5])",-0.0,-0.0,-0.0,-0.0,-0.728,-0.0,-0.728,0.6838404318181909,1.1179040227269383,0.25615956818180907
37,"([0, 0, 0, 0, 1, 0], [4])","([0.11, 0.25, 0.27, 0.1, 0.06, 0.2], [2])",-0.0,-0.0,-0.0,-0.0,-0.728,-0.0,-0.728,0.6838404318181909,1.1620635909087476,0.25615956818180907
38,"([0, 0, 0, 0, 1, 0], [4])","([0.11, 0.25, 0.27, 0.1, 0.06, 0.2], [2])",-0.0,-0.0,-0.0,-0.0,-0.728,-0.0,-0.728,0.6838404318181909,1.2062231590905568,0.25615956818180907
39,"([0, 0, 0, 0, 1, 0], [4])","([0.11, 0.25, 0.27, 0.1, 0.06, 0.2], [0])",-0.0,-0.0,-0.0,-0.0,-0.728,-0.0,-0.728,0.6838404318181909,1.250382727272366,0.25615956818180907
40,"([0, 0, 0, 0, 1, 0], [4])","([0.11, 0.25, 0.27, 0.1, 0.06, 0.2], [0])",-0.0,-0.0,-0.0,-0.0,-0.728,-0.0,-0.728,0.6838404318181909,1.2945422954541752,0.25615956818180907
41,"([0, 0, 0, 0, 1, 0], [4])","([0.11, 0.25, 0.27, 0.1, 0.06, 0.2], [4])",-0.0,-0.0,-0.0,-0.0,-0.0,-0.0,0.0,0.6838404318181909,0.6107018636359843,0.25615956818180907
42,"([0, 0, 0, 0, 1, 0], [4])","([0.11, 0.25, 0.27, 0.1, 0.06, 0.2], [5])",-0.0,-0.0,-0.0,-0.0,-0.728,-0.0,-0.728,0.6838404318181909,0.6548614318177934,0.25615956818180907
43,"([0, 0, 0, 0, 1, 0], [4])","([0.11, 0.25, 0.27, 0.1, 0.06, 0.2], [5])",-0.0,-0.0,-0.0,-0.0,-0.728,-0.0,-0.728,0.6838404318181909,0.6990209999996025,0.25615956818180907
44,"([0, 0, 0, 0, 1, 0], [4])","([0.11, 0.25, 0.27, 0.1, 0.06, 0.2], [5])",-0.0,-0.0,-0.0,-0.0,-0.728,-0.0,-0.728,0.6838404318181909,0.7431805681814116,0.25615956818180907
45,"([0, 0, 0, 0, 1, 0], [4])","([0.11, 0.25, 0.27, 0.1, 0.06, 0.2], [3])",-0.0,-0.0,-0.0,-0.0,-0.728,-0.0,-0.728,0.6838404318181909,0.7873401363632208,0.25615956818180907
46,"([0, 0, 0, 0, 1, 0], [4])","([0.11, 0.25, 0.27, 0.1, 0.06, 0.2], [1])",-0.0,-0.0,-0.0,-0.0,-0.728,-0.0,-0.728,0.6838404318181909,0.8314997045450299,0.25615956818180907
47,"([0, 0, 0, 0, 1, 0], [4])","([0.11, 0.25, 0.27, 0.1, 0.06, 0.2], [3])",-0.0,-0.0,-0.0,-0.0,-0.728,-0.0,-0.728,0.6838404318181909,0.875659272726839,0.25615956818180907
48,"([0, 0, 0, 0, 1, 0], [4])","([0.11, 0.25, 0.27, 0.1, 0.06, 0.2], [2])",-0.0,-0.0,-0.0,-0.0,-0.728,-0.0,-0.728,0.6838404318181909,0.9198188409086481,0.25615956818180907
49,"([0, 0, 0, 0, 1, 0], [4])","([0.11, 0.25, 0.27, 0.1, 0.06, 0.2], [2])",-0.0,-0.0,-0.0,-0.0,-0.728,-0.0,-0.728,0.6838404318181909,0.9639784090904572,0.25615956818180907
50,"([0, 0, 0, 0, 1, 0], [4])","([0.11, 0.25, 0.27, 0.1, 0.06, 0.2], [1])",-0.0,-0.0,-0.0,-0.0,-0.728,-0.0,-0.728,0.6838404318181909,1.0081379772722663,0.25615956818180907
51,"([0, 0, 0, 0, 1, 0], [4])","([0.11, 0.25, 0.27, 0.1, 0.06, 0.2], [1])",-0.0,-0.0,-0.0,-0.0,-0.728,-0.0,-0.728,0.6838404318181909,1.0522975454540755,0.25615956818180907
52,"([0, 0, 0, 0, 1, 0], [4])","([0.11, 0.25, 0.27, 0.1, 0.06, 0.2], [2])",-0.0,-0.0,-0.0,-0.0,-0.728,-0.0,-0.728,0.6838404318181909,1.0964571136358847,0.25615956818180907
53,"([0, 0, 0, 0, 1, 0], [4])","([0.11, 0.25, 0.27, 0.1, 0.06, 0.2], [3])",-0.0,-0.0,-0.0,-0.0,-0.728,-0.0,-0.728,0.6838404318181909,1.140616681817694,0.25615956818180907
54,"([0, 0, 0, 0, 1, 0], [4])","([0.11, 0.25, 0.27, 0.1, 0.06, 0.2], [2])",-0.0,-0.0,-0.0,-0.0,-0.728,-0.0,-0.728,0.6838404318181909,1.1847762499995032,0.25615956818180907
55,"([0, 0, 0, 0, 1, 0], [4])","([0.11, 0.25, 0.27, 0.1, 0.06, 0.2], [5])",-0.0,-0.0,-0.0,-0.0,-0.728,-0.0,-0.728,0.6838404318181909,1.2289358181813124,0.25615956818180907
56,"([0, 0, 0, 0, 1, 0], [4])","([0.11, 0.25, 0.27, 0.1, 0.06, 0.2], [5])",-0.0,-0.0,-0.0,-0.0,-0.728,-0.0,-0.728,0.6838404318181909,1.2730953863631216,0.25615956818180907
57,"([0, 0, 0, 0, 1, 0], [4])","([0.11, 0.25, 0.27, 0.1, 0.06, 0.2], [4])",-0.0,-0.0,-0.0,-0.0,-0.0,-0.0,0.0,0.6838404318181909,0.5892549545449307,0.25615956818180907
58,"([0, 0, 0, 0, 1, 0], [4])","([0.11, 0.25, 0.27, 0.1, 0.06, 0.2], [5])",-0.0,-0.0,-0.0,-0.0,-0.728,-0.0,-0.728,0.6838404318181909,0.6334145227267398,0.25615956818180907
59,"([0, 0, 0, 0, 1, 0], [4])","([0.11, 0.25, 0.27, 0.1, 0.06, 0.2], [4])",-0.0,-0.0,-0.0,-0.0,-0.0,-0.0,0.0,0.6838404318181909,-0.05042590909145106,0.25615956818180907
60,"([0, 0, 0, 0, 1, 0], [4])","([0.11, 0.25, 0.27, 0.1, 0.06, 0.2], [1])",-0.0,-0.0,-0.0,-0.0,-0.728,-0.0,-0.728,0.6838404318181909,-0.006266340909641954,0.25615956818180907
61,"([0, 0, 0, 0, 1, 0], [4])","([0.11, 0.25, 0.27, 0.1, 0.06, 0.2], [1])",-0.0,-0.0,-0.0,-0.0,-0.728,-0.0,-0.728,0.6838404318181909,0.03789322727216715,0.25615956818180907
62,"([0, 0, 0, 0, 1, 0], [4])","([0.11, 0.25, 0.27, 0.1, 0.06, 0.2], [1])",-0.0,-0.0,-0.0,-0.0,-0.728,-0.0,-0.728,0.6838404318181909,0.08205279545397626,0.25615956818180907
63,"([0, 0, 0, 0, 1, 0], [4])","([0.11, 0.25, 0.27, 0.1, 0.06, 0.2], [3])",-0.0,-0.0,-0.0,-0.0,-0.728,-0.0,-0.728,0.6838404318181909,0.12621236363578536,0.25615956818180907
64,"([0, 0, 0, 0, 1, 0], [4])","([0.11, 0.25, 0.27, 0.1, 0.06, 0.2], [1])",-0.0,-0.0,-0.0,-0.0,-0.728,-0.0,-0.728,0.6838404318181909,0.17037193181759447,0.25615956818180907
65,"([0, 0, 0, 0, 1, 0], [4])","([0.11, 0.25, 0.27, 0.1, 0.06, 0.2], [5])",-0.0,-0.0,-0.0,-0.0,-0.728,-0.0,-0.728,0.6838404318181909,0.21453149999940357,0.25615956818180907
66,"([0, 0, 0, 0, 1, 0], [4])","([0.11, 0.25, 0.27, 0.1, 0.06, 0.2], [0])",-0.0,-0.0,-0.0,-0.0,-0.728,-0.0,-0.728,0.6838404318181909,0.2586910681812127,0.25615956818180907
67,"([0, 0, 0, 0, 1, 0], [4])","([0.11, 0.25, 0.27, 0.1, 0.06, 0.2], [5])",-0.0,-0.0,-0.0,-0.0,-0.728,-0.0,-0.728,0.6838404318181909,0.3028506363630218,0.25615956818180907
68,"([0, 0, 0, 0, 1, 0], [4])","([0.11, 0.25, 0.27, 0.1, 0.06, 0.2], [4])",-0.0,-0.0,-0.0,-0.0,-0.0,-0.0,0.0,0.6838404318181909,-0.3809897954551691,0.25615956818180907
69,"([0, 0, 0, 0, 1, 0], [4])","([0.11, 0.25, 0.27, 0.1, 0.06, 0.2], [1])",-0.0,-0.0,-0.0,-0.0,-0.728,-0.0,-0.728,0.6838404318181909,-0.33683022727336,0.25615956818180907
70,"([0, 0, 0, 0, 1, 0], [4])","([0.11, 0.25, 0.27, 0.1, 0.06, 0.2], [1])",-0.0,-0.0,-0.0,-0.0,-0.728,-0.0,-0.728,0.6838404318181909,-0.2926706590915509,0.25615956818180907
71,"([0, 0, 0, 0, 1, 0], [4])","([0.11, 0.25, 0.27, 0.1, 0.06, 0.2], [1])",-0.0,-0.0,-0.0,-0.0,-0.728,-0.0,-0.728,0.6838404318181909,-0.24851109090974177,0.25615956818180907
72,"([0, 0, 0, 0, 1, 0], [4])","([0.11, 0.25, 0.27, 0.1, 0.06, 0.2], [2])",-0.0,-0.0,-0.0,-0.0,-0.728,-0.0,-0.728,0.6838404318181909,-0.20435152272793267,0.25615956818180907
73,"([0, 0, 0, 0, 1, 0], [4])","([0.11, 0.25, 0.27, 0.1, 0.06, 0.2], [2])",-0.0,-0.0,-0.0,-0.0,-0.728,-0.0,-0.728,0.6838404318181909,-0.16019195454612356,0.25615956818180907
74,"([0, 0, 0, 0, 1, 0], [4])","([0.11, 0.25, 0.27, 0.1, 0.06, 0.2], [5])",-0.0,-0.0,-0.0,-0.0,-0.728,-0.0,-0.728,0.6838404318181909,-0.11603238636431445,0.25615956818180907
75,"([0, 0, 0, 0, 1, 0], [4])","([0.11, 0.25, 0.27, 0.1, 0.06, 0.2], [1])",-0.0,-0.0,-0.0,-0.0,-0.728,-0.0,-0.728,0.6838404318181909,-0.07187281818250535,0.25615956818180907
76,"([0, 0, 0, 0, 1, 0], [4])","([0.11, 0.25, 0.27, 0.1, 0.06, 0.2], [1])",-0.0,-0.0,-0.0,-0.0,-0.728,-0.0,-0.728,0.6838404318181909,-0.027713250000696243,0.25615956818180907
77,"([0, 0, 0, 0, 1, 0], [4])","([0.11, 0.25, 0.27, 0.1, 0.06, 0.2], [2])",-0.0,-0.0,-0.0,-0.0,-0.728,-0.0,-0.728,0.6838404318181909,0.016446318181112862,0.25615956818180907
78,"([0, 0, 0, 0, 1, 0], [4])","([0.11, 0.25, 0.27, 0.1, 0.06, 0.2], [1])",-0.0,-0.0,-0.0,-0.0,-0.728,-0.0,-0.728,0.6838404318181909,0.06060588636292197,0.25615956818180907
79,"([0, 0, 0, 0, 1, 0], [4])","([0.11, 0.25, 0.27, 0.1, 0.06, 0.2], [1])",-0.0,-0.0,-0.0,-0.0,-0.728,-0.0,-0.728,0.6838404318181909,0.10476545454473107,0.25615956818180907
80,"([0, 0, 0, 0, 1, 0], [4])","([0.11, 0.25, 0.27, 0.1, 0.06, 0.2], [2])",-0.0,-0.0,-0.0,-0.0,-0.728,-0.0,-0.728,0.6838404318181909,0.14892502272654018,0.25615956818180907
81,"([0, 0, 0, 0, 1, 0], [4])","([0.11, 0.25, 0.27, 0.1, 0.06, 0.2], [2])",-0.0,-0.0,-0.0,-0.0,-0.728,-0.0,-0.728,0.6838404318181909,0.19308459090834929,0.25615956818180907
82,"([0, 0, 0, 0, 1, 0], [4])","([0.11, 0.25, 0.27, 0.1, 0.06, 0.2], [1])",-0.0,-0.0,-0.0,-0.0,-0.728,-0.0,-0.728,0.6838404318181909,0.2372441590901584,0.25615956818180907
83,"([0, 0, 0, 0, 1, 0], [4])","([0.11, 0.25, 0.27, 0.1, 0.06, 0.2], [2])",-0.0,-0.0,-0.0,-0.0,-0.728,-0.0,-0.728,0.6838404318181909,0.2814037272719675,0.25615956818180907
84,"([0, 0, 0, 0, 1, 0], [4])","([0.11, 0.25, 0.27, 0.1, 0.06, 0.2], [2])",-0.0,-0.0,-0.0,-0.0,-0.728,-0.0,-0.728,0.6838404318181909,0.3255632954537766,0.25615956818180907
85,"([0, 0, 0, 0, 1, 0], [4])","([0.11, 0.25, 0.27, 0.1, 0.06, 0.2], [2])",-0.0,-0.0,-0.0,-0.0,-0.728,-0.0,-0.728,0.6838404318181909,0.3697228636355857,0.25615956818180907
86,"([0, 0, 0, 0, 1, 0], [4])","([0.11, 0.25, 0.27, 0.1, 0.06, 0.2], [1])",-0.0,-0.0,-0.0,-0.0,-0.728,-0.0,-0.728,0.6838404318181909,0.4138824318173948,0.25615956818180907
87,"([0, 0, 0, 0, 1, 0], [4])","([0.11, 0.25, 0.27, 0.1, 0.06, 0.2], [0])",-0.0,-0.0,-0.0,-0.0,-0.728,-0.0,-0.728,0.6838404318181909,0.4580419999992039,0.25615956818180907
88,"([0, 0, 0, 0, 1, 0], [4])","([0.11, 0.25, 0.27, 0.1, 0.06, 0.2], [1])",-0.0,-0.0,-0.0,-0.0,-0.728,-0.0,-0.728,0.6838404318181909,0.502201568181013,0.25615956818180907
89,"([0, 0, 0, 0, 1, 0], [4])","([0.11, 0.25, 0.27, 0.1, 0.06, 0.2], [2])",-0.0,-0.0,-0.0,-0.0,-0.728,-0.0,-0.728,0.6838404318181909,0.5463611363628221,0.25615956818180907
90,"([0, 0, 0, 0, 1, 0], [4])","([0.11, 0.25, 0.27, 0.1, 0.06, 0.2], [3])",-0.0,-0.0,-0.0,-0.0,-0.728,-0.0,-0.728,0.6838404318181909,0.5905207045446312,0.25615956818180907
91,"([0, 0, 0, 0, 1, 0], [4])","([0.11, 0.25, 0.27, 0.1, 0.06, 0.2], [1])",-0.0,-0.0,-0.0,-0.0,-0.728,-0.0,-0.728,0.6838404318181909,0.6346802727264403,0.25615956818180907
92,"([0, 0, 0, 0, 1, 0], [4])","([0.11, 0.25, 0.27, 0.1, 0.06, 0.2], [4])",-0.0,-0.0,-0.0,-0.0,-0.0,-0.0,0.0,0.6838404318181909,-0.04916015909175053,0.25615956818180907
93,"([0, 0, 0, 0, 1, 0], [4])","([0.11, 0.25, 0.27, 0.1, 0.06, 0.2], [2])",-0.0,-0.0,-0.0,-0.0,-0.728,-0.0,-0.728,0.6838404318181909,-0.005000590909941427,0.25615956818180907
94,"([0, 0, 0, 0, 1, 0], [4])","([0.11, 0.25, 0.27, 0.1, 0.06, 0.2], [2])",-0.0,-0.0,-0.0,-0.0,-0.728,-0.0,-0.728,0.6838404318181909,0.03915897727186768,0.25615956818180907
95,"([0, 0, 0, 0, 1, 0], [4])","([0.11, 0.25, 0.27, 0.1, 0.06, 0.2], [1])",-0.0,-0.0,-0.0,-0.0,-0.728,-0.0,-0.728,0.6838404318181909,0.08331854545367678,0.25615956818180907
96,"([0, 0, 0, 0, 1, 0], [4])","([0.11, 0.25, 0.27, 0.1, 0.06, 0.2], [0])",-0.0,-0.0,-0.0,-0.0,-0.728,-0.0,-0.728,0.6838404318181909,0.1274781136354859,0.25615956818180907
97,"([0, 0, 0, 0, 1, 0], [4])","([0.11, 0.25, 0.27, 0.1, 0.06, 0.2], [2])",-0.0,-0.0,-0.0,-0.0,-0.728,-0.0,-0.728,0.6838404318181909,0.171637681817295,0.25615956818180907
98,"([0, 0, 0, 0, 1, 0], [4])","([0.11, 0.25, 0.27, 0.1, 0.06, 0.2], [2])",-0.0,-0.0,-0.0,-0.0,-0.728,-0.0,-0.728,0.6838404318181909,0.2157972499991041,0.25615956818180907
99,"([0, 0, 0, 0, 1, 0], [4])","([0.11, 0.25, 0.27, 0.1, 0.06, 0.2], [0])",-0.0,-0.0,-0.0,-0.0,-0.728,-0.0,-0.728,0.6838404318181909,0.2599568181809132,0.25615956818180907
