,sta-1,FB-0,feedback target 0,feedback target 1,feedback target 2,feedback target 3,feedback target 4,feedback target 5,total,exp_loss,actual_regret,exp_regret
0,"([0, 0, 1, 0, 0, 0], [2])","([0, 1, 0, 0, 0, 0], [1])",-0.0,-0.0,-0.94,-0.0,-0.0,-0.0,-0.94,0.94,0.25615956818180907,0.25615956818180907
1,"([0, 0, 0, 0, 1, 0], [4])","([0.11, 0.25, 0.27, 0.1, 0.06, 0.2], [5])",-0.0,-0.0,-0.0,-0.0,-0.728,-0.0,-0.728,0.6838404318181909,0.3003191363636182,0.25615956818180907
2,"([0, 0, 0, 0, 1, 0], [4])","([0.11, 0.25, 0.27, 0.1, 0.06, 0.2], [4])",-0.0,-0.0,-0.0,-0.0,-0.0,-0.0,0.0,0.6838404318181909,-0.3835212954545727,0.25615956818180907
3,"([0, 0, 0, 0, 1, 0], [4])","([0.11, 0.25, 0.27, 0.1, 0.06, 0.2], [1])",-0.0,-0.0,-0.0,-0.0,-0.728,-0.0,-0.728,0.6838404318181909,-0.3393617272727636,0.25615956818180907
4,"([0, 0, 0, 0, 1, 0], [4])","([0.11, 0.25, 0.27, 0.1, 0.06, 0.2], [5])",-0.0,-0.0,-0.0,-0.0,-0.728,-0.0,-0.728,0.6838404318181909,-0.2952021590909545,0.25615956818180907
5,"([0, 0, 0, 0, 1, 0], [4])","([0.11, 0.25, 0.27, 0.1, 0.06, 0.2], [1])",-0.0,-0.0,-0.0,-0.0,-0.728,-0.0,-0.728,0.6838404318181909,-0.2510425909091454,0.25615956818180907
6,"([0, 0, 0, 0, 1, 0], [4])","([0.11, 0.25, 0.27, 0.1, 0.06, 0.2], [5])",-0.0,-0.0,-0.0,-0.0,-0.728,-0.0,-0.728,0.6838404318181909,-0.20688302272733627,0.25615956818180907
7,"([0, 0, 0, 0, 1, 0], [4])","([0.11, 0.25, 0.27, 0.1, 0.06, 0.2], [2])",-0.0,-0.0,-0.0,-0.0,-0.728,-0.0,-0.728,0.6838404318181909,-0.16272345454552717,0.25615956818180907
8,"([0, 0, 0, 0, 1, 0], [4])","([0.11, 0.25, 0.27, 0.1, 0.06, 0.2], [4])",-0.0,-0.0,-0.0,-0.0,-0.0,-0.0,0.0,0.6838404318181909,-0.846563886363718,0.25615956818180907
9,"([0, 0, 0, 0, 1, 0], [4])","([0.11, 0.25, 0.27, 0.1, 0.06, 0.2], [5])",-0.0,-0.0,-0.0,-0.0,-0.728,-0.0,-0.728,0.6838404318181909,-0.8024043181819089,0.25615956818180907
10,"([0, 0, 0, 0, 1, 0], [4])","([0.11, 0.25, 0.27, 0.1, 0.06, 0.2], [2])",-0.0,-0.0,-0.0,-0.0,-0.728,-0.0,-0.728,0.6838404318181909,-0.7582447500000998,0.25615956818180907
11,"([0, 0, 0, 0, 1, 0], [4])","([0.11, 0.25, 0.27, 0.1, 0.06, 0.2], [2])",-0.0,-0.0,-0.0,-0.0,-0.728,-0.0,-0.728,0.6838404318181909,-0.7140851818182907,0.25615956818180907
12,"([0, 0, 0, 0, 1, 0], [4])","([0.11, 0.25, 0.27, 0.1, 0.06, 0.2], [2])",-0.0,-0.0,-0.0,-0.0,-0.728,-0.0,-0.728,0.6838404318181909,-0.6699256136364816,0.25615956818180907
13,"([0, 0, 0, 0, 1, 0], [4])","([0.11, 0.25, 0.27, 0.1, 0.06, 0.2], [1])",-0.0,-0.0,-0.0,-0.0,-0.728,-0.0,-0.728,0.6838404318181909,-0.6257660454546725,0.25615956818180907
14,"([0, 0, 0, 0, 1, 0], [4])","([0.11, 0.25, 0.27, 0.1, 0.06, 0.2], [2])",-0.0,-0.0,-0.0,-0.0,-0.728,-0.0,-0.728,0.6838404318181909,-0.5816064772728634,0.25615956818180907
15,"([0, 0, 0, 0, 1, 0], [4])","([0.11, 0.25, 0.27, 0.1, 0.06, 0.2], [2])",-0.0,-0.0,-0.0,-0.0,-0.728,-0.0,-0.728,0.6838404318181909,-0.5374469090910543,0.25615956818180907
16,"([0, 0, 0, 0, 1, 0], [4])","([0.11, 0.25, 0.27, 0.1, 0.06, 0.2], [2])",-0.0,-0.0,-0.0,-0.0,-0.728,-0.0,-0.728,0.6838404318181909,-0.4932873409092452,0.25615956818180907
17,"([0, 0, 0, 0, 1, 0], [4])","([0.11, 0.25, 0.27, 0.1, 0.06, 0.2], [4])",-0.0,-0.0,-0.0,-0.0,-0.0,-0.0,0.0,0.6838404318181909,-1.177127772727436,0.25615956818180907
18,"([0, 0, 0, 0, 1, 0], [4])","([0.11, 0.25, 0.27, 0.1, 0.06, 0.2], [4])",-0.0,-0.0,-0.0,-0.0,-0.0,-0.0,0.0,0.6838404318181909,-1.8609682045456268,0.25615956818180907
19,"([0, 0, 0, 0, 1, 0], [4])","([0.11, 0.25, 0.27, 0.1, 0.06, 0.2], [1])",-0.0,-0.0,-0.0,-0.0,-0.728,-0.0,-0.728,0.6838404318181909,-1.8168086363638176,0.25615956818180907
20,"([0, 0, 0, 0, 1, 0], [4])","([0.11, 0.25, 0.27, 0.1, 0.06, 0.2], [2])",-0.0,-0.0,-0.0,-0.0,-0.728,-0.0,-0.728,0.6838404318181909,-1.7726490681820084,0.25615956818180907
21,"([0, 0, 0, 0, 1, 0], [4])","([0.11, 0.25, 0.27, 0.1, 0.06, 0.2], [0])",-0.0,-0.0,-0.0,-0.0,-0.728,-0.0,-0.728,0.6838404318181909,-1.7284895000001992,0.25615956818180907
22,"([0, 0, 0, 0, 1, 0], [4])","([0.11, 0.25, 0.27, 0.1, 0.06, 0.2], [1])",-0.0,-0.0,-0.0,-0.0,-0.728,-0.0,-0.728,0.6838404318181909,-1.68432993181839,0.25615956818180907
23,"([0, 0, 0, 0, 1, 0], [4])","([0.11, 0.25, 0.27, 0.1, 0.06, 0.2], [2])",-0.0,-0.0,-0.0,-0.0,-0.728,-0.0,-0.728,0.6838404318181909,-1.6401703636365808,0.25615956818180907
24,"([0, 0, 0, 0, 1, 0], [4])","([0.11, 0.25, 0.27, 0.1, 0.06, 0.2], [5])",-0.0,-0.0,-0.0,-0.0,-0.728,-0.0,-0.728,0.6838404318181909,-1.5960107954547715,0.25615956818180907
25,"([0, 0, 0, 0, 1, 0], [4])","([0.11, 0.25, 0.27, 0.1, 0.06, 0.2], [2])",-0.0,-0.0,-0.0,-0.0,-0.728,-0.0,-0.728,0.6838404318181909,-1.5518512272729623,0.25615956818180907
26,"([0, 0, 0, 0, 1, 0], [4])","([0.11, 0.25, 0.27, 0.1, 0.06, 0.2], [5])",-0.0,-0.0,-0.0,-0.0,-0.728,-0.0,-0.728,0.6838404318181909,-1.507691659091153,0.25615956818180907
27,"([0, 0, 0, 0, 1, 0], [4])","([0.11, 0.25, 0.27, 0.1, 0.06, 0.2], [5])",-0.0,-0.0,-0.0,-0.0,-0.728,-0.0,-0.728,0.6838404318181909,-1.4635320909093439,0.25615956818180907
28,"([0, 0, 0, 0, 1, 0], [4])","([0.11, 0.25, 0.27, 0.1, 0.06, 0.2], [2])",-0.0,-0.0,-0.0,-0.0,-0.728,-0.0,-0.728,0.6838404318181909,-1.4193725227275347,0.25615956818180907
29,"([0, 0, 0, 0, 1, 0], [4])","([0.11, 0.25, 0.27, 0.1, 0.06, 0.2], [1])",-0.0,-0.0,-0.0,-0.0,-0.728,-0.0,-0.728,0.6838404318181909,-1.3752129545457255,0.25615956818180907
30,"([0, 0, 0, 0, 1, 0], [4])","([0.11, 0.25, 0.27, 0.1, 0.06, 0.2], [2])",-0.0,-0.0,-0.0,-0.0,-0.728,-0.0,-0.728,0.6838404318181909,-1.3310533863639162,0.25615956818180907
31,"([0, 0, 0, 0, 1, 0], [4])","([0.11, 0.25, 0.27, 0.1, 0.06, 0.2], [1])",-0.0,-0.0,-0.0,-0.0,-0.728,-0.0,-0.728,0.6838404318181909,-1.286893818182107,0.25615956818180907
32,"([0, 0, 0, 0, 1, 0], [4])","([0.11, 0.25, 0.27, 0.1, 0.06, 0.2], [1])",-0.0,-0.0,-0.0,-0.0,-0.728,-0.0,-0.728,0.6838404318181909,-1.2427342500002978,0.25615956818180907
33,"([0, 0, 0, 0, 1, 0], [4])","([0.11, 0.25, 0.27, 0.1, 0.06, 0.2], [2])",-0.0,-0.0,-0.0,-0.0,-0.728,-0.0,-0.728,0.6838404318181909,-1.1985746818184886,0.25615956818180907
34,"([0, 0, 0, 0, 1, 0], [4])","([0.11, 0.25, 0.27, 0.1, 0.06, 0.2], [5])",-0.0,-0.0,-0.0,-0.0,-0.728,-0.0,-0.728,0.6838404318181909,-1.1544151136366794,0.25615956818180907
35,"([0, 0, 0, 0, 1, 0], [4])","([0.11, 0.25, 0.27, 0.1, 0.06, 0.2], [3])",-0.0,-0.0,-0.0,-0.0,-0.728,-0.0,-0.728,0.6838404318181909,-1.1102555454548702,0.25615956818180907
36,"([0, 0, 0, 0, 1, 0], [4])","([0.11, 0.25, 0.27, 0.1, 0.06, 0.2], [2])",-0.0,-0.0,-0.0,-0.0,-0.728,-0.0,-0.728,0.6838404318181909,-1.066095977273061,0.25615956818180907
37,"([0, 0, 0, 0, 1, 0], [4])","([0.11, 0.25, 0.27, 0.1, 0.06, 0.2], [0])",-0.0,-0.0,-0.0,-0.0,-0.728,-0.0,-0.728,0.6838404318181909,-1.0219364090912517,0.25615956818180907
38,"([0, 0, 0, 0, 1, 0], [4])","([0.11, 0.25, 0.27, 0.1, 0.06, 0.2], [2])",-0.0,-0.0,-0.0,-0.0,-0.728,-0.0,-0.728,0.6838404318181909,-0.9777768409094426,0.25615956818180907
39,"([0, 0, 0, 0, 1, 0], [4])","([0.11, 0.25, 0.27, 0.1, 0.06, 0.2], [5])",-0.0,-0.0,-0.0,-0.0,-0.728,-0.0,-0.728,0.6838404318181909,-0.9336172727276335,0.25615956818180907
40,"([0, 0, 0, 0, 1, 0], [4])","([0.11, 0.25, 0.27, 0.1, 0.06, 0.2], [0])",-0.0,-0.0,-0.0,-0.0,-0.728,-0.0,-0.728,0.6838404318181909,-0.8894577045458244,0.25615956818180907
41,"([0, 0, 0, 0, 1, 0], [4])","([0.11, 0.25, 0.27, 0.1, 0.06, 0.2], [0])",-0.0,-0.0,-0.0,-0.0,-0.728,-0.0,-0.728,0.6838404318181909,-0.8452981363640153,0.25615956818180907
42,"([0, 0, 0, 0, 1, 0], [4])","([0.11, 0.25, 0.27, 0.1, 0.06, 0.2], [1])",-0.0,-0.0,-0.0,-0.0,-0.728,-0.0,-0.728,0.6838404318181909,-0.8011385681822062,0.25615956818180907
43,"([0, 0, 0, 0, 1, 0], [4])","([0.11, 0.25, 0.27, 0.1, 0.06, 0.2], [3])",-0.0,-0.0,-0.0,-0.0,-0.728,-0.0,-0.728,0.6838404318181909,-0.7569790000003971,0.25615956818180907
44,"([0, 0, 0, 0, 1, 0], [4])","([0.11, 0.25, 0.27, 0.1, 0.06, 0.2], [2])",-0.0,-0.0,-0.0,-0.0,-0.728,-0.0,-0.728,0.6838404318181909,-0.712819431818588,0.25615956818180907
45,"([0, 0, 0, 0, 1, 0], [4])","([0.11, 0.25, 0.27, 0.1, 0.06, 0.2], [4])",-0.0,-0.0,-0.0,-0.0,-0.0,-0.0,0.0,0.6838404318181909,-1.3966598636367789,0.25615956818180907
46,"([0, 0, 0, 0, 1, 0], [4])","([0.11, 0.25, 0.27, 0.1, 0.06, 0.2], [5])",-0.0,-0.0,-0.0,-0.0,-0.728,-0.0,-0.728,0.6838404318181909,-1.3525002954549699,0.25615956818180907
47,"([0, 0, 0, 0, 1, 0], [4])","([0.11, 0.25, 0.27, 0.1, 0.06, 0.2], [1])",-0.0,-0.0,-0.0,-0.0,-0.728,-0.0,-0.728,0.6838404318181909,-1.3083407272731606,0.25615956818180907
48,"([0, 0, 0, 0, 1, 0], [4])","([0.11, 0.25, 0.27, 0.1, 0.06, 0.2], [5])",-0.0,-0.0,-0.0,-0.0,-0.728,-0.0,-0.728,0.6838404318181909,-1.2641811590913514,0.25615956818180907
49,"([0, 0, 0, 0, 1, 0], [4])","([0.11, 0.25, 0.27, 0.1, 0.06, 0.2], [2])",-0.0,-0.0,-0.0,-0.0,-0.728,-0.0,-0.728,0.6838404318181909,-1.2200215909095422,0.25615956818180907
50,"([0, 0, 0, 0, 1, 0], [4])","([0.11, 0.25, 0.27, 0.1, 0.06, 0.2], [2])",-0.0,-0.0,-0.0,-0.0,-0.728,-0.0,-0.728,0.6838404318181909,-1.175862022727733,0.25615956818180907
51,"([0, 0, 0, 0, 1, 0], [4])","([0.11, 0.25, 0.27, 0.1, 0.06, 0.2], [1])",-0.0,-0.0,-0.0,-0.0,-0.728,-0.0,-0.728,0.6838404318181909,-1.1317024545459238,0.25615956818180907
52,"([0, 0, 0, 0, 1, 0], [4])","([0.11, 0.25, 0.27, 0.1, 0.06, 0.2], [1])",-0.0,-0.0,-0.0,-0.0,-0.728,-0.0,-0.728,0.6838404318181909,-1.0875428863641146,0.25615956818180907
53,"([0, 0, 0, 0, 1, 0], [4])","([0.11, 0.25, 0.27, 0.1, 0.06, 0.2], [2])",-0.0,-0.0,-0.0,-0.0,-0.728,-0.0,-0.728,0.6838404318181909,-1.0433833181823053,0.25615956818180907
54,"([0, 0, 0, 0, 1, 0], [4])","([0.11, 0.25, 0.27, 0.1, 0.06, 0.2], [2])",-0.0,-0.0,-0.0,-0.0,-0.728,-0.0,-0.728,0.6838404318181909,-0.9992237500004962,0.25615956818180907
55,"([0, 0, 0, 0, 1, 0], [4])","([0.11, 0.25, 0.27, 0.1, 0.06, 0.2], [1])",-0.0,-0.0,-0.0,-0.0,-0.728,-0.0,-0.728,0.6838404318181909,-0.9550641818186871,0.25615956818180907
56,"([0, 0, 0, 0, 1, 0], [4])","([0.11, 0.25, 0.27, 0.1, 0.06, 0.2], [0])",-0.0,-0.0,-0.0,-0.0,-0.728,-0.0,-0.728,0.6838404318181909,-0.910904613636878,0.25615956818180907
57,"([0, 0, 0, 0, 1, 0], [4])","([0.11, 0.25, 0.27, 0.1, 0.06, 0.2], [3])",-0.0,-0.0,-0.0,-0.0,-0.728,-0.0,-0.728,0.6838404318181909,-0.8667450454550689,0.25615956818180907
58,"([0, 0, 0, 0, 1, 0], [4])","([0.11, 0.25, 0.27, 0.1, 0.06, 0.2], [1])",-0.0,-0.0,-0.0,-0.0,-0.728,-0.0,-0.728,0.6838404318181909,-0.8225854772732598,0.25615956818180907
59,"([0, 0, 0, 0, 1, 0], [4])","([0.11, 0.25, 0.27, 0.1, 0.06, 0.2], [2])",-0.0,-0.0,-0.0,-0.0,-0.728,-0.0,-0.728,0.6838404318181909,-0.7784259090914507,0.25615956818180907
60,"([0, 0, 0, 0, 1, 0], [4])","([0.11, 0.25, 0.27, 0.1, 0.06, 0.2], [2])",-0.0,-0.0,-0.0,-0.0,-0.728,-0.0,-0.728,0.6838404318181909,-0.7342663409096416,0.25615956818180907
61,"([0, 0, 0, 0, 1, 0], [4])","([0.11, 0.25, 0.27, 0.1, 0.06, 0.2], [1])",-0.0,-0.0,-0.0,-0.0,-0.728,-0.0,-0.728,0.6838404318181909,-0.6901067727278325,0.25615956818180907
62,"([0, 0, 0, 0, 1, 0], [4])","([0.11, 0.25, 0.27, 0.1, 0.06, 0.2], [2])",-0.0,-0.0,-0.0,-0.0,-0.728,-0.0,-0.728,0.6838404318181909,-0.6459472045460234,0.25615956818180907
63,"([0, 0, 0, 0, 1, 0], [4])","([0.11, 0.25, 0.27, 0.1, 0.06, 0.2], [5])",-0.0,-0.0,-0.0,-0.0,-0.728,-0.0,-0.728,0.6838404318181909,-0.6017876363642143,0.25615956818180907
64,"([0, 0, 0, 0, 1, 0], [4])","([0.11, 0.25, 0.27, 0.1, 0.06, 0.2], [1])",-0.0,-0.0,-0.0,-0.0,-0.728,-0.0,-0.728,0.6838404318181909,-0.5576280681824052,0.25615956818180907
65,"([0, 0, 0, 0, 1, 0], [4])","([0.11, 0.25, 0.27, 0.1, 0.06, 0.2], [1])",-0.0,-0.0,-0.0,-0.0,-0.728,-0.0,-0.728,0.6838404318181909,-0.5134685000005961,0.25615956818180907
66,"([0, 0, 0, 0, 1, 0], [4])","([0.11, 0.25, 0.27, 0.1, 0.06, 0.2], [2])",-0.0,-0.0,-0.0,-0.0,-0.728,-0.0,-0.728,0.6838404318181909,-0.46930893181878697,0.25615956818180907
67,"([0, 0, 0, 0, 1, 0], [4])","([0.11, 0.25, 0.27, 0.1, 0.06, 0.2], [3])",-0.0,-0.0,-0.0,-0.0,-0.728,-0.0,-0.728,0.6838404318181909,-0.42514936363697786,0.25615956818180907
68,"([0, 0, 0, 0, 1, 0], [4])","([0.11, 0.25, 0.27, 0.1, 0.06, 0.2], [2])",-0.0,-0.0,-0.0,-0.0,-0.728,-0.0,-0.728,0.6838404318181909,-0.38098979545516876,0.25615956818180907
69,"([0, 0, 0, 0, 1, 0], [4])","([0.11, 0.25, 0.27, 0.1, 0.06, 0.2], [0])",-0.0,-0.0,-0.0,-0.0,-0.728,-0.0,-0.728,0.6838404318181909,-0.33683022727335965,0.25615956818180907
70,"([0, 0, 0, 0, 1, 0], [4])","([0.11, 0.25, 0.27, 0.1, 0.06, 0.2], [5])",-0.0,-0.0,-0.0,-0.0,-0.728,-0.0,-0.728,0.6838404318181909,-0.29267065909155054,0.25615956818180907
71,"([0, 0, 0, 0, 1, 0], [4])","([0.11, 0.25, 0.27, 0.1, 0.06, 0.2], [0])",-0.0,-0.0,-0.0,-0.0,-0.728,-0.0,-0.728,0.6838404318181909,-0.24851109090974144,0.25615956818180907
72,"([0, 0, 0, 0, 1, 0], [4])","([0.11, 0.25, 0.27, 0.1, 0.06, 0.2], [3])",-0.0,-0.0,-0.0,-0.0,-0.728,-0.0,-0.728,0.6838404318181909,-0.20435152272793233,0.25615956818180907
73,"([0, 0, 0, 0, 1, 0], [4])","([0.11, 0.25, 0.27, 0.1, 0.06, 0.2], [2])",-0.0,-0.0,-0.0,-0.0,-0.728,-0.0,-0.728,0.6838404318181909,-0.16019195454612323,0.25615956818180907
74,"([0, 0, 0, 0, 1, 0], [4])","([0.11, 0.25, 0.27, 0.1, 0.06, 0.2], [0])",-0.0,-0.0,-0.0,-0.0,-0.728,-0.0,-0.728,0.6838404318181909,-0.11603238636431412,0.25615956818180907
75,"([0, 0, 0, 0, 1, 0], [4])","([0.11, 0.25, 0.27, 0.1, 0.06, 0.2], [5])",-0.0,-0.0,-0.0,-0.0,-0.728,-0.0,-0.728,0.6838404318181909,-0.07187281818250502,0.25615956818180907
76,"([0, 0, 0, 0, 1, 0], [4])","([0.11, 0.25, 0.27, 0.1, 0.06, 0.2], [5])",-0.0,-0.0,-0.0,-0.0,-0.728,-0.0,-0.728,0.6838404318181909,-0.02771325000069591,0.25615956818180907
77,"([0, 0, 0, 0, 1, 0], [4])","([0.11, 0.25, 0.27, 0.1, 0.06, 0.2], [1])",-0.0,-0.0,-0.0,-0.0,-0.728,-0.0,-0.728,0.6838404318181909,0.016446318181113195,0.25615956818180907
78,"([0, 0, 0, 0, 1, 0], [4])","([0.11, 0.25, 0.27, 0.1, 0.06, 0.2], [1])",-0.0,-0.0,-0.0,-0.0,-0.728,-0.0,-0.728,0.6838404318181909,0.0606058863629223,0.25615956818180907
79,"([0, 0, 0, 0, 1, 0], [4])","([0.11, 0.25, 0.27, 0.1, 0.06, 0.2], [5])",-0.0,-0.0,-0.0,-0.0,-0.728,-0.0,-0.728,0.6838404318181909,0.1047654545447314,0.25615956818180907
80,"([0, 0, 0, 0, 1, 0], [4])","([0.11, 0.25, 0.27, 0.1, 0.06, 0.2], [1])",-0.0,-0.0,-0.0,-0.0,-0.728,-0.0,-0.728,0.6838404318181909,0.1489250227265405,0.25615956818180907
81,"([0, 0, 0, 0, 1, 0], [4])","([0.11, 0.25, 0.27, 0.1, 0.06, 0.2], [2])",-0.0,-0.0,-0.0,-0.0,-0.728,-0.0,-0.728,0.6838404318181909,0.19308459090834962,0.25615956818180907
82,"([0, 0, 0, 0, 1, 0], [4])","([0.11, 0.25, 0.27, 0.1, 0.06, 0.2], [2])",-0.0,-0.0,-0.0,-0.0,-0.728,-0.0,-0.728,0.6838404318181909,0.23724415909015872,0.25615956818180907
83,"([0, 0, 0, 0, 1, 0], [4])","([0.11, 0.25, 0.27, 0.1, 0.06, 0.2], [5])",-0.0,-0.0,-0.0,-0.0,-0.728,-0.0,-0.728,0.6838404318181909,0.28140372727196783,0.25615956818180907
84,"([0, 0, 0, 0, 1, 0], [4])","([0.11, 0.25, 0.27, 0.1, 0.06, 0.2], [0])",-0.0,-0.0,-0.0,-0.0,-0.728,-0.0,-0.728,0.6838404318181909,0.32556329545377694,0.25615956818180907
85,"([0, 0, 0, 0, 1, 0], [4])","([0.11, 0.25, 0.27, 0.1, 0.06, 0.2], [0])",-0.0,-0.0,-0.0,-0.0,-0.728,-0.0,-0.728,0.6838404318181909,0.36972286363558604,0.25615956818180907
86,"([0, 0, 0, 0, 1, 0], [4])","([0.11, 0.25, 0.27, 0.1, 0.06, 0.2], [4])",-0.0,-0.0,-0.0,-0.0,-0.0,-0.0,0.0,0.6838404318181909,-0.31411756818260483,0.25615956818180907
87,"([0, 0, 0, 0, 1, 0], [4])","([0.11, 0.25, 0.27, 0.1, 0.06, 0.2], [1])",-0.0,-0.0,-0.0,-0.0,-0.728,-0.0,-0.728,0.6838404318181909,-0.26995800000079573,0.25615956818180907
88,"([0, 0, 0, 0, 1, 0], [4])","([0.11, 0.25, 0.27, 0.1, 0.06, 0.2], [5])",-0.0,-0.0,-0.0,-0.0,-0.728,-0.0,-0.728,0.6838404318181909,-0.22579843181898662,0.25615956818180907
89,"([0, 0, 0, 0, 1, 0], [4])","([0.11, 0.25, 0.27, 0.1, 0.06, 0.2], [1])",-0.0,-0.0,-0.0,-0.0,-0.728,-0.0,-0.728,0.6838404318181909,-0.18163886363717752,0.25615956818180907
90,"([0, 0, 0, 0, 1, 0], [4])","([0.11, 0.25, 0.27, 0.1, 0.06, 0.2], [0])",-0.0,-0.0,-0.0,-0.0,-0.728,-0.0,-0.728,0.6838404318181909,-0.1374792954553684,0.25615956818180907
91,"([0, 0, 0, 0, 1, 0], [4])","([0.11, 0.25, 0.27, 0.1, 0.06, 0.2], [1])",-0.0,-0.0,-0.0,-0.0,-0.728,-0.0,-0.728,0.6838404318181909,-0.0933197272735593,0.25615956818180907
92,"([0, 0, 0, 0, 1, 0], [4])","([0.11, 0.25, 0.27, 0.1, 0.06, 0.2], [5])",-0.0,-0.0,-0.0,-0.0,-0.728,-0.0,-0.728,0.6838404318181909,-0.0491601590917502,0.25615956818180907
93,"([0, 0, 0, 0, 1, 0], [4])","([0.11, 0.25, 0.27, 0.1, 0.06, 0.2], [1])",-0.0,-0.0,-0.0,-0.0,-0.728,-0.0,-0.728,0.6838404318181909,-0.005000590909941094,0.25615956818180907
94,"([0, 0, 0, 0, 1, 0], [4])","([0.11, 0.25, 0.27, 0.1, 0.06, 0.2], [2])",-0.0,-0.0,-0.0,-0.0,-0.728,-0.0,-0.728,0.6838404318181909,0.03915897727186801,0.25615956818180907
95,"([0, 0, 0, 0, 1, 0], [4])","([0.11, 0.25, 0.27, 0.1, 0.06, 0.2], [1])",-0.0,-0.0,-0.0,-0.0,-0.728,-0.0,-0.728,0.6838404318181909,0.08331854545367712,0.25615956818180907
96,"([0, 0, 0, 0, 1, 0], [4])","([0.11, 0.25, 0.27, 0.1, 0.06, 0.2], [1])",-0.0,-0.0,-0.0,-0.0,-0.728,-0.0,-0.728,0.6838404318181909,0.12747811363548622,0.25615956818180907
97,"([0, 0, 0, 0, 1, 0], [4])","([0.11, 0.25, 0.27, 0.1, 0.06, 0.2], [3])",-0.0,-0.0,-0.0,-0.0,-0.728,-0.0,-0.728,0.6838404318181909,0.17163768181729533,0.25615956818180907
98,"([0, 0, 0, 0, 1, 0], [4])","([0.11, 0.25, 0.27, 0.1, 0.06, 0.2], [0])",-0.0,-0.0,-0.0,-0.0,-0.728,-0.0,-0.728,0.6838404318181909,0.21579724999910443,0.25615956818180907
99,"([0, 0, 0, 0, 1, 0], [4])","([0.11, 0.25, 0.27, 0.1, 0.06, 0.2], [2])",-0.0,-0.0,-0.0,-0.0,-0.728,-0.0,-0.728,0.6838404318181909,0.25995681818091354,0.25615956818180907
