,sto-1,FB-0,feedback target 0,feedback target 1,feedback target 2,feedback target 3,feedback target 4,total,target_observed?,exp_loss,actual_regret,exp_regret
0,"([0.5, 0.15, 0.05, 0.21, 0.09], [1])","([0.0, 0.0, 1.0, 0.0, 0.0], [2])",-0.0,-0.9259999999999999,-0.0,-0.0,-0.0,-0.9259999999999999,observed,0.7540159999999999,0.522664,0.35067999999999994
1,"([0.5, 0.15, 0.05, 0.21, 0.09], [4])","([0.0, 1.0, 0.0, 0.0, 0.0], [1])",-0.0,-0.0,-0.0,-0.0,-0.7909999999999999,-0.7909999999999999,observed,0.6465839999999999,0.910328,0.5939279999999999
2,"([0.5, 0.15, 0.05, 0.21, 0.09], [0])","([0.0, 1.0, 0.0, 0.0, 0.0], [1])",-0.768,-0.0,-0.0,-0.0,-0.0,-0.768,observed,0.6465839999999999,1.2749920000000001,0.8371759999999999
3,"([0.5, 0.15, 0.05, 0.21, 0.09], [0])","([0.0, 1.0, 0.0, 0.0, 0.0], [1])",-0.768,-0.0,-0.0,-0.0,-0.0,-0.768,observed,0.6465839999999999,1.6396560000000002,1.0804239999999998
4,"([0.5, 0.15, 0.05, 0.21, 0.09], [3])","([1.0, 0.0, 0.0, 0.0, 0.0], [0])",-0.0,-0.0,-0.0,-0.7559999999999999,-0.0,-0.7559999999999999,observed,0.403336,1.99232,1.0804239999999998
5,"([0.5, 0.15, 0.05, 0.21, 0.09], [0])","([1.0, 0.0, 0.0, 0.0, 0.0], [0])",-0.0,-0.0,-0.0,-0.0,-0.0,0.0,observed,0.403336,1.5889840000000002,1.0804239999999998
6,"([0.5, 0.15, 0.05, 0.21, 0.09], [1])","([1.0, 0.0, 0.0, 0.0, 0.0], [0])",-0.0,-0.9259999999999999,-0.0,-0.0,-0.0,-0.9259999999999999,observed,0.403336,2.111648,1.0804239999999998
7,"([0.5, 0.15, 0.05, 0.21, 0.09], [1])","([1.0, 0.0, 0.0, 0.0, 0.0], [0])",-0.0,-0.9259999999999999,-0.0,-0.0,-0.0,-0.9259999999999999,observed,0.403336,2.6343120000000004,1.0804239999999998
8,"([0.5, 0.15, 0.05, 0.21, 0.09], [3])","([0.0, 1.0, 0.0, 0.0, 0.0], [1])",-0.0,-0.0,-0.0,-0.7559999999999999,-0.0,-0.7559999999999999,observed,0.6465839999999999,2.9869760000000003,1.3236719999999997
9,"([0.5, 0.15, 0.05, 0.21, 0.09], [0])","([0.0, 1.0, 0.0, 0.0, 0.0], [1])",-0.768,-0.0,-0.0,-0.0,-0.0,-0.768,observed,0.6465839999999999,3.35164,1.5669199999999996
10,"([0.5, 0.15, 0.05, 0.21, 0.09], [4])","([1.0, 0.0, 0.0, 0.0, 0.0], [0])",-0.0,-0.0,-0.0,-0.0,-0.7909999999999999,-0.7909999999999999,observed,0.403336,3.739304,1.5669199999999996
11,"([0.5, 0.15, 0.05, 0.21, 0.09], [0])","([0.0, 1.0, 0.0, 0.0, 0.0], [1])",-0.768,-0.0,-0.0,-0.0,-0.0,-0.768,observed,0.6465839999999999,4.103968,1.8101679999999996
12,"([0.5, 0.15, 0.05, 0.21, 0.09], [3])","([1.0, 0.0, 0.0, 0.0, 0.0], [0])",-0.0,-0.0,-0.0,-0.7559999999999999,-0.0,-0.7559999999999999,observed,0.403336,4.456632,1.8101679999999996
13,"([0.5, 0.15, 0.05, 0.21, 0.09], [3])","([1.0, 0.0, 0.0, 0.0, 0.0], [0])",-0.0,-0.0,-0.0,-0.7559999999999999,-0.0,-0.7559999999999999,observed,0.403336,4.809296,1.8101679999999996
14,"([0.5, 0.15, 0.05, 0.21, 0.09], [1])","([1.0, 0.0, 0.0, 0.0, 0.0], [0])",-0.0,-0.9259999999999999,-0.0,-0.0,-0.0,-0.9259999999999999,observed,0.403336,5.33196,1.8101679999999996
15,"([0.5, 0.15, 0.05, 0.21, 0.09], [1])","([1.0, 0.0, 0.0, 0.0, 0.0], [0])",-0.0,-0.9259999999999999,-0.0,-0.0,-0.0,-0.9259999999999999,observed,0.403336,5.854623999999999,1.8101679999999996
16,"([0.5, 0.15, 0.05, 0.21, 0.09], [0])","([1.0, 0.0, 0.0, 0.0, 0.0], [0])",-0.0,-0.0,-0.0,-0.0,-0.0,0.0,observed,0.403336,5.451287999999999,1.8101679999999996
17,"([0.5, 0.15, 0.05, 0.21, 0.09], [2])","([1.0, 0.0, 0.0, 0.0, 0.0], [0])",-0.0,-0.0,-0.68,-0.0,-0.0,-0.68,observed,0.403336,5.727951999999999,1.8101679999999996
18,"([0.5, 0.15, 0.05, 0.21, 0.09], [4])","([0.0, 1.0, 0.0, 0.0, 0.0], [1])",-0.0,-0.0,-0.0,-0.0,-0.7909999999999999,-0.7909999999999999,observed,0.6465839999999999,6.115615999999999,2.0534159999999995
19,"([0.5, 0.15, 0.05, 0.21, 0.09], [4])","([0.0, 1.0, 0.0, 0.0, 0.0], [1])",-0.0,-0.0,-0.0,-0.0,-0.7909999999999999,-0.7909999999999999,observed,0.6465839999999999,6.503279999999999,2.2966639999999994
20,"([0.5, 0.15, 0.05, 0.21, 0.09], [1])","([1.0, 0.0, 0.0, 0.0, 0.0], [0])",-0.0,-0.9259999999999999,-0.0,-0.0,-0.0,-0.9259999999999999,observed,0.403336,7.025943999999999,2.2966639999999994
21,"([0.5, 0.15, 0.05, 0.21, 0.09], [3])","([0.0, 1.0, 0.0, 0.0, 0.0], [1])",-0.0,-0.0,-0.0,-0.7559999999999999,-0.0,-0.7559999999999999,observed,0.6465839999999999,7.378607999999999,2.5399119999999993
22,"([0.5, 0.15, 0.05, 0.21, 0.09], [2])","([0.0, 1.0, 0.0, 0.0, 0.0], [1])",-0.0,-0.0,-0.68,-0.0,-0.0,-0.68,observed,0.6465839999999999,7.655271999999999,2.783159999999999
23,"([0.5, 0.15, 0.05, 0.21, 0.09], [0])","([0.0, 1.0, 0.0, 0.0, 0.0], [1])",-0.768,-0.0,-0.0,-0.0,-0.0,-0.768,observed,0.6465839999999999,8.019936,3.026407999999999
24,"([0.5, 0.15, 0.05, 0.21, 0.09], [0])","([0.0, 1.0, 0.0, 0.0, 0.0], [1])",-0.768,-0.0,-0.0,-0.0,-0.0,-0.768,observed,0.6465839999999999,8.384599999999999,3.269655999999999
25,"([0.5, 0.15, 0.05, 0.21, 0.09], [3])","([1.0, 0.0, 0.0, 0.0, 0.0], [0])",-0.0,-0.0,-0.0,-0.7559999999999999,-0.0,-0.7559999999999999,observed,0.403336,8.737264,3.269655999999999
26,"([0.5, 0.15, 0.05, 0.21, 0.09], [3])","([1.0, 0.0, 0.0, 0.0, 0.0], [0])",-0.0,-0.0,-0.0,-0.7559999999999999,-0.0,-0.7559999999999999,observed,0.403336,9.089928,3.269655999999999
27,"([0.5, 0.15, 0.05, 0.21, 0.09], [0])","([0.0, 1.0, 0.0, 0.0, 0.0], [1])",-0.768,-0.0,-0.0,-0.0,-0.0,-0.768,observed,0.6465839999999999,9.454592,3.512903999999999
28,"([0.5, 0.15, 0.05, 0.21, 0.09], [3])","([1.0, 0.0, 0.0, 0.0, 0.0], [0])",-0.0,-0.0,-0.0,-0.7559999999999999,-0.0,-0.7559999999999999,observed,0.403336,9.807256,3.512903999999999
29,"([0.5, 0.15, 0.05, 0.21, 0.09], [0])","([1.0, 0.0, 0.0, 0.0, 0.0], [0])",-0.0,-0.0,-0.0,-0.0,-0.0,0.0,observed,0.403336,9.403920000000001,3.512903999999999
30,"([0.5, 0.15, 0.05, 0.21, 0.09], [1])","([1.0, 0.0, 0.0, 0.0, 0.0], [0])",-0.0,-0.9259999999999999,-0.0,-0.0,-0.0,-0.9259999999999999,observed,0.403336,9.926584000000002,3.512903999999999
31,"([0.5, 0.15, 0.05, 0.21, 0.09], [0])","([1.0, 0.0, 0.0, 0.0, 0.0], [0])",-0.0,-0.0,-0.0,-0.0,-0.0,0.0,observed,0.403336,9.523248000000002,3.512903999999999
32,"([0.5, 0.15, 0.05, 0.21, 0.09], [0])","([1.0, 0.0, 0.0, 0.0, 0.0], [0])",-0.0,-0.0,-0.0,-0.0,-0.0,0.0,observed,0.403336,9.119912000000003,3.512903999999999
33,"([0.5, 0.15, 0.05, 0.21, 0.09], [3])","([1.0, 0.0, 0.0, 0.0, 0.0], [0])",-0.0,-0.0,-0.0,-0.7559999999999999,-0.0,-0.7559999999999999,observed,0.403336,9.472576000000004,3.512903999999999
34,"([0.5, 0.15, 0.05, 0.21, 0.09], [0])","([1.0, 0.0, 0.0, 0.0, 0.0], [0])",-0.0,-0.0,-0.0,-0.0,-0.0,0.0,observed,0.403336,9.069240000000004,3.512903999999999
35,"([0.5, 0.15, 0.05, 0.21, 0.09], [0])","([1.0, 0.0, 0.0, 0.0, 0.0], [0])",-0.0,-0.0,-0.0,-0.0,-0.0,0.0,observed,0.403336,8.665904000000005,3.512903999999999
36,"([0.5, 0.15, 0.05, 0.21, 0.09], [0])","([1.0, 0.0, 0.0, 0.0, 0.0], [0])",-0.0,-0.0,-0.0,-0.0,-0.0,0.0,observed,0.403336,8.262568000000005,3.512903999999999
37,"([0.5, 0.15, 0.05, 0.21, 0.09], [0])","([1.0, 0.0, 0.0, 0.0, 0.0], [0])",-0.0,-0.0,-0.0,-0.0,-0.0,0.0,observed,0.403336,7.859232000000005,3.512903999999999
38,"([0.5, 0.15, 0.05, 0.21, 0.09], [2])","([1.0, 0.0, 0.0, 0.0, 0.0], [0])",-0.0,-0.0,-0.68,-0.0,-0.0,-0.68,observed,0.403336,8.135896000000004,3.512903999999999
39,"([0.5, 0.15, 0.05, 0.21, 0.09], [0])","([1.0, 0.0, 0.0, 0.0, 0.0], [0])",-0.0,-0.0,-0.0,-0.0,-0.0,0.0,observed,0.403336,7.732560000000004,3.512903999999999
40,"([0.5, 0.15, 0.05, 0.21, 0.09], [0])","([1.0, 0.0, 0.0, 0.0, 0.0], [0])",-0.0,-0.0,-0.0,-0.0,-0.0,0.0,observed,0.403336,7.3292240000000035,3.512903999999999
41,"([0.5, 0.15, 0.05, 0.21, 0.09], [0])","([1.0, 0.0, 0.0, 0.0, 0.0], [0])",-0.0,-0.0,-0.0,-0.0,-0.0,0.0,observed,0.403336,6.925888000000003,3.512903999999999
42,"([0.5, 0.15, 0.05, 0.21, 0.09], [0])","([1.0, 0.0, 0.0, 0.0, 0.0], [0])",-0.0,-0.0,-0.0,-0.0,-0.0,0.0,observed,0.403336,6.522552000000003,3.512903999999999
43,"([0.5, 0.15, 0.05, 0.21, 0.09], [0])","([1.0, 0.0, 0.0, 0.0, 0.0], [0])",-0.0,-0.0,-0.0,-0.0,-0.0,0.0,observed,0.403336,6.119216000000002,3.512903999999999
44,"([0.5, 0.15, 0.05, 0.21, 0.09], [1])","([1.0, 0.0, 0.0, 0.0, 0.0], [0])",-0.0,-0.9259999999999999,-0.0,-0.0,-0.0,-0.9259999999999999,observed,0.403336,6.641880000000002,3.512903999999999
45,"([0.5, 0.15, 0.05, 0.21, 0.09], [1])","([1.0, 0.0, 0.0, 0.0, 0.0], [0])",-0.0,-0.9259999999999999,-0.0,-0.0,-0.0,-0.9259999999999999,observed,0.403336,7.164544000000002,3.512903999999999
46,"([0.5, 0.15, 0.05, 0.21, 0.09], [0])","([1.0, 0.0, 0.0, 0.0, 0.0], [0])",-0.0,-0.0,-0.0,-0.0,-0.0,0.0,observed,0.403336,6.761208000000002,3.512903999999999
47,"([0.5, 0.15, 0.05, 0.21, 0.09], [1])","([1.0, 0.0, 0.0, 0.0, 0.0], [0])",-0.0,-0.9259999999999999,-0.0,-0.0,-0.0,-0.9259999999999999,observed,0.403336,7.2838720000000015,3.512903999999999
48,"([0.5, 0.15, 0.05, 0.21, 0.09], [4])","([1.0, 0.0, 0.0, 0.0, 0.0], [0])",-0.0,-0.0,-0.0,-0.0,-0.7909999999999999,-0.7909999999999999,observed,0.403336,7.6715360000000015,3.512903999999999
49,"([0.5, 0.15, 0.05, 0.21, 0.09], [2])","([1.0, 0.0, 0.0, 0.0, 0.0], [0])",-0.0,-0.0,-0.68,-0.0,-0.0,-0.68,observed,0.403336,7.948200000000002,3.512903999999999
50,"([0.5, 0.15, 0.05, 0.21, 0.09], [3])","([1.0, 0.0, 0.0, 0.0, 0.0], [0])",-0.0,-0.0,-0.0,-0.7559999999999999,-0.0,-0.7559999999999999,observed,0.403336,8.300864000000002,3.512903999999999
51,"([0.5, 0.15, 0.05, 0.21, 0.09], [4])","([1.0, 0.0, 0.0, 0.0, 0.0], [0])",-0.0,-0.0,-0.0,-0.0,-0.7909999999999999,-0.7909999999999999,observed,0.403336,8.688528000000002,3.512903999999999
52,"([0.5, 0.15, 0.05, 0.21, 0.09], [0])","([1.0, 0.0, 0.0, 0.0, 0.0], [0])",-0.0,-0.0,-0.0,-0.0,-0.0,0.0,observed,0.403336,8.285192000000002,3.512903999999999
53,"([0.5, 0.15, 0.05, 0.21, 0.09], [1])","([1.0, 0.0, 0.0, 0.0, 0.0], [0])",-0.0,-0.9259999999999999,-0.0,-0.0,-0.0,-0.9259999999999999,observed,0.403336,8.807856000000003,3.512903999999999
54,"([0.5, 0.15, 0.05, 0.21, 0.09], [1])","([1.0, 0.0, 0.0, 0.0, 0.0], [0])",-0.0,-0.9259999999999999,-0.0,-0.0,-0.0,-0.9259999999999999,observed,0.403336,9.330520000000003,3.512903999999999
55,"([0.5, 0.15, 0.05, 0.21, 0.09], [0])","([1.0, 0.0, 0.0, 0.0, 0.0], [0])",-0.0,-0.0,-0.0,-0.0,-0.0,0.0,observed,0.403336,8.927184000000004,3.512903999999999
56,"([0.5, 0.15, 0.05, 0.21, 0.09], [3])","([1.0, 0.0, 0.0, 0.0, 0.0], [0])",-0.0,-0.0,-0.0,-0.7559999999999999,-0.0,-0.7559999999999999,observed,0.403336,9.279848000000005,3.512903999999999
57,"([0.5, 0.15, 0.05, 0.21, 0.09], [0])","([1.0, 0.0, 0.0, 0.0, 0.0], [0])",-0.0,-0.0,-0.0,-0.0,-0.0,0.0,observed,0.403336,8.876512000000005,3.512903999999999
58,"([0.5, 0.15, 0.05, 0.21, 0.09], [0])","([1.0, 0.0, 0.0, 0.0, 0.0], [0])",-0.0,-0.0,-0.0,-0.0,-0.0,0.0,observed,0.403336,8.473176000000006,3.512903999999999
59,"([0.5, 0.15, 0.05, 0.21, 0.09], [1])","([1.0, 0.0, 0.0, 0.0, 0.0], [0])",-0.0,-0.9259999999999999,-0.0,-0.0,-0.0,-0.9259999999999999,observed,0.403336,8.995840000000006,3.512903999999999
60,"([0.5, 0.15, 0.05, 0.21, 0.09], [4])","([1.0, 0.0, 0.0, 0.0, 0.0], [0])",-0.0,-0.0,-0.0,-0.0,-0.7909999999999999,-0.7909999999999999,observed,0.403336,9.383504000000006,3.512903999999999
61,"([0.5, 0.15, 0.05, 0.21, 0.09], [0])","([1.0, 0.0, 0.0, 0.0, 0.0], [0])",-0.0,-0.0,-0.0,-0.0,-0.0,0.0,observed,0.403336,8.980168000000006,3.512903999999999
62,"([0.5, 0.15, 0.05, 0.21, 0.09], [0])","([1.0, 0.0, 0.0, 0.0, 0.0], [0])",-0.0,-0.0,-0.0,-0.0,-0.0,0.0,observed,0.403336,8.576832000000007,3.512903999999999
63,"([0.5, 0.15, 0.05, 0.21, 0.09], [3])","([1.0, 0.0, 0.0, 0.0, 0.0], [0])",-0.0,-0.0,-0.0,-0.7559999999999999,-0.0,-0.7559999999999999,observed,0.403336,8.929496000000007,3.512903999999999
64,"([0.5, 0.15, 0.05, 0.21, 0.09], [3])","([1.0, 0.0, 0.0, 0.0, 0.0], [0])",-0.0,-0.0,-0.0,-0.7559999999999999,-0.0,-0.7559999999999999,observed,0.403336,9.282160000000008,3.512903999999999
65,"([0.5, 0.15, 0.05, 0.21, 0.09], [0])","([1.0, 0.0, 0.0, 0.0, 0.0], [0])",-0.0,-0.0,-0.0,-0.0,-0.0,0.0,observed,0.403336,8.878824000000009,3.512903999999999
66,"([0.5, 0.15, 0.05, 0.21, 0.09], [0])","([1.0, 0.0, 0.0, 0.0, 0.0], [0])",-0.0,-0.0,-0.0,-0.0,-0.0,0.0,observed,0.403336,8.47548800000001,3.512903999999999
67,"([0.5, 0.15, 0.05, 0.21, 0.09], [4])","([1.0, 0.0, 0.0, 0.0, 0.0], [0])",-0.0,-0.0,-0.0,-0.0,-0.7909999999999999,-0.7909999999999999,observed,0.403336,8.863152000000008,3.512903999999999
68,"([0.5, 0.15, 0.05, 0.21, 0.09], [1])","([1.0, 0.0, 0.0, 0.0, 0.0], [0])",-0.0,-0.9259999999999999,-0.0,-0.0,-0.0,-0.9259999999999999,observed,0.403336,9.385816000000009,3.512903999999999
69,"([0.5, 0.15, 0.05, 0.21, 0.09], [4])","([1.0, 0.0, 0.0, 0.0, 0.0], [0])",-0.0,-0.0,-0.0,-0.0,-0.7909999999999999,-0.7909999999999999,observed,0.403336,9.773480000000008,3.512903999999999
70,"([0.5, 0.15, 0.05, 0.21, 0.09], [3])","([1.0, 0.0, 0.0, 0.0, 0.0], [0])",-0.0,-0.0,-0.0,-0.7559999999999999,-0.0,-0.7559999999999999,observed,0.403336,10.126144000000009,3.512903999999999
71,"([0.5, 0.15, 0.05, 0.21, 0.09], [0])","([1.0, 0.0, 0.0, 0.0, 0.0], [0])",-0.0,-0.0,-0.0,-0.0,-0.0,0.0,observed,0.403336,9.72280800000001,3.512903999999999
72,"([0.5, 0.15, 0.05, 0.21, 0.09], [3])","([1.0, 0.0, 0.0, 0.0, 0.0], [0])",-0.0,-0.0,-0.0,-0.7559999999999999,-0.0,-0.7559999999999999,observed,0.403336,10.07547200000001,3.512903999999999
73,"([0.5, 0.15, 0.05, 0.21, 0.09], [3])","([1.0, 0.0, 0.0, 0.0, 0.0], [0])",-0.0,-0.0,-0.0,-0.7559999999999999,-0.0,-0.7559999999999999,observed,0.403336,10.428136000000011,3.512903999999999
74,"([0.5, 0.15, 0.05, 0.21, 0.09], [0])","([1.0, 0.0, 0.0, 0.0, 0.0], [0])",-0.0,-0.0,-0.0,-0.0,-0.0,0.0,observed,0.403336,10.024800000000011,3.512903999999999
75,"([0.5, 0.15, 0.05, 0.21, 0.09], [1])","([1.0, 0.0, 0.0, 0.0, 0.0], [0])",-0.0,-0.9259999999999999,-0.0,-0.0,-0.0,-0.9259999999999999,observed,0.403336,10.547464000000012,3.512903999999999
76,"([0.5, 0.15, 0.05, 0.21, 0.09], [4])","([1.0, 0.0, 0.0, 0.0, 0.0], [0])",-0.0,-0.0,-0.0,-0.0,-0.7909999999999999,-0.7909999999999999,observed,0.403336,10.935128000000011,3.512903999999999
77,"([0.5, 0.15, 0.05, 0.21, 0.09], [1])","([1.0, 0.0, 0.0, 0.0, 0.0], [0])",-0.0,-0.9259999999999999,-0.0,-0.0,-0.0,-0.9259999999999999,observed,0.403336,11.457792000000012,3.512903999999999
78,"([0.5, 0.15, 0.05, 0.21, 0.09], [3])","([1.0, 0.0, 0.0, 0.0, 0.0], [0])",-0.0,-0.0,-0.0,-0.7559999999999999,-0.0,-0.7559999999999999,observed,0.403336,11.810456000000013,3.512903999999999
79,"([0.5, 0.15, 0.05, 0.21, 0.09], [1])","([1.0, 0.0, 0.0, 0.0, 0.0], [0])",-0.0,-0.9259999999999999,-0.0,-0.0,-0.0,-0.9259999999999999,observed,0.403336,12.333120000000013,3.512903999999999
80,"([0.5, 0.15, 0.05, 0.21, 0.09], [1])","([1.0, 0.0, 0.0, 0.0, 0.0], [0])",-0.0,-0.9259999999999999,-0.0,-0.0,-0.0,-0.9259999999999999,observed,0.403336,12.855784000000014,3.512903999999999
81,"([0.5, 0.15, 0.05, 0.21, 0.09], [4])","([1.0, 0.0, 0.0, 0.0, 0.0], [0])",-0.0,-0.0,-0.0,-0.0,-0.7909999999999999,-0.7909999999999999,observed,0.403336,13.243448000000013,3.512903999999999
82,"([0.5, 0.15, 0.05, 0.21, 0.09], [0])","([1.0, 0.0, 0.0, 0.0, 0.0], [0])",-0.0,-0.0,-0.0,-0.0,-0.0,0.0,observed,0.403336,12.840112000000014,3.512903999999999
83,"([0.5, 0.15, 0.05, 0.21, 0.09], [0])","([1.0, 0.0, 0.0, 0.0, 0.0], [0])",-0.0,-0.0,-0.0,-0.0,-0.0,0.0,observed,0.403336,12.436776000000014,3.512903999999999
84,"([0.5, 0.15, 0.05, 0.21, 0.09], [1])","([1.0, 0.0, 0.0, 0.0, 0.0], [0])",-0.0,-0.9259999999999999,-0.0,-0.0,-0.0,-0.9259999999999999,observed,0.403336,12.959440000000015,3.512903999999999
85,"([0.5, 0.15, 0.05, 0.21, 0.09], [1])","([1.0, 0.0, 0.0, 0.0, 0.0], [0])",-0.0,-0.9259999999999999,-0.0,-0.0,-0.0,-0.9259999999999999,observed,0.403336,13.482104000000016,3.512903999999999
86,"([0.5, 0.15, 0.05, 0.21, 0.09], [0])","([1.0, 0.0, 0.0, 0.0, 0.0], [0])",-0.0,-0.0,-0.0,-0.0,-0.0,0.0,observed,0.403336,13.078768000000016,3.512903999999999
87,"([0.5, 0.15, 0.05, 0.21, 0.09], [0])","([1.0, 0.0, 0.0, 0.0, 0.0], [0])",-0.0,-0.0,-0.0,-0.0,-0.0,0.0,observed,0.403336,12.675432000000017,3.512903999999999
88,"([0.5, 0.15, 0.05, 0.21, 0.09], [1])","([1.0, 0.0, 0.0, 0.0, 0.0], [0])",-0.0,-0.9259999999999999,-0.0,-0.0,-0.0,-0.9259999999999999,observed,0.403336,13.198096000000017,3.512903999999999
89,"([0.5, 0.15, 0.05, 0.21, 0.09], [3])","([1.0, 0.0, 0.0, 0.0, 0.0], [0])",-0.0,-0.0,-0.0,-0.7559999999999999,-0.0,-0.7559999999999999,observed,0.403336,13.550760000000018,3.512903999999999
90,"([0.5, 0.15, 0.05, 0.21, 0.09], [0])","([1.0, 0.0, 0.0, 0.0, 0.0], [0])",-0.0,-0.0,-0.0,-0.0,-0.0,0.0,observed,0.403336,13.147424000000019,3.512903999999999
91,"([0.5, 0.15, 0.05, 0.21, 0.09], [2])","([1.0, 0.0, 0.0, 0.0, 0.0], [0])",-0.0,-0.0,-0.68,-0.0,-0.0,-0.68,observed,0.403336,13.424088000000019,3.512903999999999
92,"([0.5, 0.15, 0.05, 0.21, 0.09], [3])","([1.0, 0.0, 0.0, 0.0, 0.0], [0])",-0.0,-0.0,-0.0,-0.7559999999999999,-0.0,-0.7559999999999999,observed,0.403336,13.77675200000002,3.512903999999999
93,"([0.5, 0.15, 0.05, 0.21, 0.09], [1])","([1.0, 0.0, 0.0, 0.0, 0.0], [0])",-0.0,-0.9259999999999999,-0.0,-0.0,-0.0,-0.9259999999999999,observed,0.403336,14.29941600000002,3.512903999999999
94,"([0.5, 0.15, 0.05, 0.21, 0.09], [1])","([1.0, 0.0, 0.0, 0.0, 0.0], [0])",-0.0,-0.9259999999999999,-0.0,-0.0,-0.0,-0.9259999999999999,observed,0.403336,14.822080000000021,3.512903999999999
95,"([0.5, 0.15, 0.05, 0.21, 0.09], [1])","([1.0, 0.0, 0.0, 0.0, 0.0], [0])",-0.0,-0.9259999999999999,-0.0,-0.0,-0.0,-0.9259999999999999,observed,0.403336,15.344744000000022,3.512903999999999
96,"([0.5, 0.15, 0.05, 0.21, 0.09], [0])","([1.0, 0.0, 0.0, 0.0, 0.0], [0])",-0.0,-0.0,-0.0,-0.0,-0.0,0.0,observed,0.403336,14.941408000000022,3.512903999999999
97,"([0.5, 0.15, 0.05, 0.21, 0.09], [0])","([1.0, 0.0, 0.0, 0.0, 0.0], [0])",-0.0,-0.0,-0.0,-0.0,-0.0,0.0,observed,0.403336,14.538072000000023,3.512903999999999
98,"([0.5, 0.15, 0.05, 0.21, 0.09], [3])","([1.0, 0.0, 0.0, 0.0, 0.0], [0])",-0.0,-0.0,-0.0,-0.7559999999999999,-0.0,-0.7559999999999999,observed,0.403336,14.890736000000024,3.512903999999999
99,"([0.5, 0.15, 0.05, 0.21, 0.09], [0])","([1.0, 0.0, 0.0, 0.0, 0.0], [0])",-0.0,-0.0,-0.0,-0.0,-0.0,0.0,observed,0.403336,14.487400000000024,3.512903999999999
