,sto-1,FB-0,feedback target 0,feedback target 1,feedback target 2,feedback target 3,feedback target 4,total,target_observed?,exp_loss,actual_regret,exp_regret
0,"([0.5, 0.15, 0.05, 0.21, 0.09], [3])","([0.0, 0.0, 1.0, 0.0, 0.0], [2])",-0.0,-0.0,-0.0,-0.7559999999999999,-0.0,-0.7559999999999999,observed,0.7540159999999999,0.3526639999999999,0.35067999999999994
1,"([0.5, 0.15, 0.05, 0.21, 0.09], [0])","([0.0, 0.0, 0.0, 1.0, 0.0], [3])",-0.768,-0.0,-0.0,-0.0,-0.0,-0.768,observed,0.630844,0.717328,0.5781879999999999
2,"([0.5, 0.15, 0.05, 0.21, 0.09], [1])","([0.0, 0.0, 0.0, 1.0, 0.0], [3])",-0.0,-0.9259999999999999,-0.0,-0.0,-0.0,-0.9259999999999999,observed,0.630844,1.239992,0.805696
3,"([0.5, 0.15, 0.05, 0.21, 0.09], [0])","([0.0, 0.0, 0.0, 1.0, 0.0], [3])",-0.768,-0.0,-0.0,-0.0,-0.0,-0.768,observed,0.630844,1.604656,1.033204
4,"([0.5, 0.15, 0.05, 0.21, 0.09], [3])","([1.0, 0.0, 0.0, 0.0, 0.0], [0])",-0.0,-0.0,-0.0,-0.7559999999999999,-0.0,-0.7559999999999999,observed,0.403336,1.95732,1.033204
5,"([0.5, 0.15, 0.05, 0.21, 0.09], [0])","([1.0, 0.0, 0.0, 0.0, 0.0], [0])",-0.0,-0.0,-0.0,-0.0,-0.0,0.0,observed,0.403336,1.553984,1.033204
6,"([0.5, 0.15, 0.05, 0.21, 0.09], [0])","([1.0, 0.0, 0.0, 0.0, 0.0], [0])",-0.0,-0.0,-0.0,-0.0,-0.0,0.0,observed,0.403336,1.1506480000000001,1.033204
7,"([0.5, 0.15, 0.05, 0.21, 0.09], [0])","([1.0, 0.0, 0.0, 0.0, 0.0], [0])",-0.0,-0.0,-0.0,-0.0,-0.0,0.0,observed,0.403336,0.7473120000000002,1.033204
8,"([0.5, 0.15, 0.05, 0.21, 0.09], [3])","([1.0, 0.0, 0.0, 0.0, 0.0], [0])",-0.0,-0.0,-0.0,-0.7559999999999999,-0.0,-0.7559999999999999,observed,0.403336,1.099976,1.033204
9,"([0.5, 0.15, 0.05, 0.21, 0.09], [1])","([1.0, 0.0, 0.0, 0.0, 0.0], [0])",-0.0,-0.9259999999999999,-0.0,-0.0,-0.0,-0.9259999999999999,observed,0.403336,1.62264,1.033204
10,"([0.5, 0.15, 0.05, 0.21, 0.09], [0])","([1.0, 0.0, 0.0, 0.0, 0.0], [0])",-0.0,-0.0,-0.0,-0.0,-0.0,0.0,observed,0.403336,1.2193040000000002,1.033204
11,"([0.5, 0.15, 0.05, 0.21, 0.09], [0])","([1.0, 0.0, 0.0, 0.0, 0.0], [0])",-0.0,-0.0,-0.0,-0.0,-0.0,0.0,observed,0.403336,0.8159680000000002,1.033204
12,"([0.5, 0.15, 0.05, 0.21, 0.09], [0])","([1.0, 0.0, 0.0, 0.0, 0.0], [0])",-0.0,-0.0,-0.0,-0.0,-0.0,0.0,observed,0.403336,0.4126320000000003,1.033204
13,"([0.5, 0.15, 0.05, 0.21, 0.09], [0])","([1.0, 0.0, 0.0, 0.0, 0.0], [0])",-0.0,-0.0,-0.0,-0.0,-0.0,0.0,observed,0.403336,0.009296000000000304,1.033204
14,"([0.5, 0.15, 0.05, 0.21, 0.09], [0])","([1.0, 0.0, 0.0, 0.0, 0.0], [0])",-0.0,-0.0,-0.0,-0.0,-0.0,0.0,observed,0.403336,-0.39403999999999967,1.033204
15,"([0.5, 0.15, 0.05, 0.21, 0.09], [0])","([1.0, 0.0, 0.0, 0.0, 0.0], [0])",-0.0,-0.0,-0.0,-0.0,-0.0,0.0,observed,0.403336,-0.7973759999999996,1.033204
16,"([0.5, 0.15, 0.05, 0.21, 0.09], [1])","([1.0, 0.0, 0.0, 0.0, 0.0], [0])",-0.0,-0.9259999999999999,-0.0,-0.0,-0.0,-0.9259999999999999,observed,0.403336,-0.2747119999999996,1.033204
17,"([0.5, 0.15, 0.05, 0.21, 0.09], [1])","([1.0, 0.0, 0.0, 0.0, 0.0], [0])",-0.0,-0.9259999999999999,-0.0,-0.0,-0.0,-0.9259999999999999,observed,0.403336,0.2479520000000004,1.033204
18,"([0.5, 0.15, 0.05, 0.21, 0.09], [0])","([1.0, 0.0, 0.0, 0.0, 0.0], [0])",-0.0,-0.0,-0.0,-0.0,-0.0,0.0,observed,0.403336,-0.15538399999999958,1.033204
19,"([0.5, 0.15, 0.05, 0.21, 0.09], [3])","([1.0, 0.0, 0.0, 0.0, 0.0], [0])",-0.0,-0.0,-0.0,-0.7559999999999999,-0.0,-0.7559999999999999,observed,0.403336,0.19728000000000034,1.033204
20,"([0.5, 0.15, 0.05, 0.21, 0.09], [2])","([1.0, 0.0, 0.0, 0.0, 0.0], [0])",-0.0,-0.0,-0.68,-0.0,-0.0,-0.68,observed,0.403336,0.4739440000000004,1.033204
21,"([0.5, 0.15, 0.05, 0.21, 0.09], [3])","([1.0, 0.0, 0.0, 0.0, 0.0], [0])",-0.0,-0.0,-0.0,-0.7559999999999999,-0.0,-0.7559999999999999,observed,0.403336,0.8266080000000003,1.033204
22,"([0.5, 0.15, 0.05, 0.21, 0.09], [3])","([1.0, 0.0, 0.0, 0.0, 0.0], [0])",-0.0,-0.0,-0.0,-0.7559999999999999,-0.0,-0.7559999999999999,observed,0.403336,1.1792720000000003,1.033204
23,"([0.5, 0.15, 0.05, 0.21, 0.09], [1])","([1.0, 0.0, 0.0, 0.0, 0.0], [0])",-0.0,-0.9259999999999999,-0.0,-0.0,-0.0,-0.9259999999999999,observed,0.403336,1.7019360000000003,1.033204
24,"([0.5, 0.15, 0.05, 0.21, 0.09], [3])","([1.0, 0.0, 0.0, 0.0, 0.0], [0])",-0.0,-0.0,-0.0,-0.7559999999999999,-0.0,-0.7559999999999999,observed,0.403336,2.0546,1.033204
25,"([0.5, 0.15, 0.05, 0.21, 0.09], [0])","([1.0, 0.0, 0.0, 0.0, 0.0], [0])",-0.0,-0.0,-0.0,-0.0,-0.0,0.0,observed,0.403336,1.6512640000000003,1.033204
26,"([0.5, 0.15, 0.05, 0.21, 0.09], [1])","([1.0, 0.0, 0.0, 0.0, 0.0], [0])",-0.0,-0.9259999999999999,-0.0,-0.0,-0.0,-0.9259999999999999,observed,0.403336,2.173928,1.033204
27,"([0.5, 0.15, 0.05, 0.21, 0.09], [2])","([1.0, 0.0, 0.0, 0.0, 0.0], [0])",-0.0,-0.0,-0.68,-0.0,-0.0,-0.68,observed,0.403336,2.4505920000000003,1.033204
28,"([0.5, 0.15, 0.05, 0.21, 0.09], [0])","([1.0, 0.0, 0.0, 0.0, 0.0], [0])",-0.0,-0.0,-0.0,-0.0,-0.0,0.0,observed,0.403336,2.0472560000000004,1.033204
29,"([0.5, 0.15, 0.05, 0.21, 0.09], [0])","([1.0, 0.0, 0.0, 0.0, 0.0], [0])",-0.0,-0.0,-0.0,-0.0,-0.0,0.0,observed,0.403336,1.6439200000000005,1.033204
30,"([0.5, 0.15, 0.05, 0.21, 0.09], [1])","([1.0, 0.0, 0.0, 0.0, 0.0], [0])",-0.0,-0.9259999999999999,-0.0,-0.0,-0.0,-0.9259999999999999,observed,0.403336,2.1665840000000003,1.033204
31,"([0.5, 0.15, 0.05, 0.21, 0.09], [0])","([1.0, 0.0, 0.0, 0.0, 0.0], [0])",-0.0,-0.0,-0.0,-0.0,-0.0,0.0,observed,0.403336,1.7632480000000004,1.033204
32,"([0.5, 0.15, 0.05, 0.21, 0.09], [2])","([1.0, 0.0, 0.0, 0.0, 0.0], [0])",-0.0,-0.0,-0.68,-0.0,-0.0,-0.68,observed,0.403336,2.0399120000000006,1.033204
33,"([0.5, 0.15, 0.05, 0.21, 0.09], [1])","([1.0, 0.0, 0.0, 0.0, 0.0], [0])",-0.0,-0.9259999999999999,-0.0,-0.0,-0.0,-0.9259999999999999,observed,0.403336,2.562576000000001,1.033204
34,"([0.5, 0.15, 0.05, 0.21, 0.09], [0])","([1.0, 0.0, 0.0, 0.0, 0.0], [0])",-0.0,-0.0,-0.0,-0.0,-0.0,0.0,observed,0.403336,2.159240000000001,1.033204
35,"([0.5, 0.15, 0.05, 0.21, 0.09], [1])","([1.0, 0.0, 0.0, 0.0, 0.0], [0])",-0.0,-0.9259999999999999,-0.0,-0.0,-0.0,-0.9259999999999999,observed,0.403336,2.681904000000001,1.033204
36,"([0.5, 0.15, 0.05, 0.21, 0.09], [1])","([1.0, 0.0, 0.0, 0.0, 0.0], [0])",-0.0,-0.9259999999999999,-0.0,-0.0,-0.0,-0.9259999999999999,observed,0.403336,3.204568000000001,1.033204
37,"([0.5, 0.15, 0.05, 0.21, 0.09], [0])","([1.0, 0.0, 0.0, 0.0, 0.0], [0])",-0.0,-0.0,-0.0,-0.0,-0.0,0.0,observed,0.403336,2.801232000000001,1.033204
38,"([0.5, 0.15, 0.05, 0.21, 0.09], [1])","([1.0, 0.0, 0.0, 0.0, 0.0], [0])",-0.0,-0.9259999999999999,-0.0,-0.0,-0.0,-0.9259999999999999,observed,0.403336,3.3238960000000013,1.033204
39,"([0.5, 0.15, 0.05, 0.21, 0.09], [2])","([1.0, 0.0, 0.0, 0.0, 0.0], [0])",-0.0,-0.0,-0.68,-0.0,-0.0,-0.68,observed,0.403336,3.6005600000000015,1.033204
40,"([0.5, 0.15, 0.05, 0.21, 0.09], [0])","([1.0, 0.0, 0.0, 0.0, 0.0], [0])",-0.0,-0.0,-0.0,-0.0,-0.0,0.0,observed,0.403336,3.1972240000000016,1.033204
41,"([0.5, 0.15, 0.05, 0.21, 0.09], [0])","([1.0, 0.0, 0.0, 0.0, 0.0], [0])",-0.0,-0.0,-0.0,-0.0,-0.0,0.0,observed,0.403336,2.7938880000000017,1.033204
42,"([0.5, 0.15, 0.05, 0.21, 0.09], [3])","([1.0, 0.0, 0.0, 0.0, 0.0], [0])",-0.0,-0.0,-0.0,-0.7559999999999999,-0.0,-0.7559999999999999,observed,0.403336,3.1465520000000016,1.033204
43,"([0.5, 0.15, 0.05, 0.21, 0.09], [3])","([1.0, 0.0, 0.0, 0.0, 0.0], [0])",-0.0,-0.0,-0.0,-0.7559999999999999,-0.0,-0.7559999999999999,observed,0.403336,3.4992160000000014,1.033204
44,"([0.5, 0.15, 0.05, 0.21, 0.09], [2])","([1.0, 0.0, 0.0, 0.0, 0.0], [0])",-0.0,-0.0,-0.68,-0.0,-0.0,-0.68,observed,0.403336,3.7758800000000017,1.033204
45,"([0.5, 0.15, 0.05, 0.21, 0.09], [3])","([1.0, 0.0, 0.0, 0.0, 0.0], [0])",-0.0,-0.0,-0.0,-0.7559999999999999,-0.0,-0.7559999999999999,observed,0.403336,4.1285440000000015,1.033204
46,"([0.5, 0.15, 0.05, 0.21, 0.09], [0])","([1.0, 0.0, 0.0, 0.0, 0.0], [0])",-0.0,-0.0,-0.0,-0.0,-0.0,0.0,observed,0.403336,3.7252080000000016,1.033204
47,"([0.5, 0.15, 0.05, 0.21, 0.09], [4])","([1.0, 0.0, 0.0, 0.0, 0.0], [0])",-0.0,-0.0,-0.0,-0.0,-0.7909999999999999,-0.7909999999999999,observed,0.403336,4.112872000000001,1.033204
48,"([0.5, 0.15, 0.05, 0.21, 0.09], [3])","([1.0, 0.0, 0.0, 0.0, 0.0], [0])",-0.0,-0.0,-0.0,-0.7559999999999999,-0.0,-0.7559999999999999,observed,0.403336,4.465536000000001,1.033204
49,"([0.5, 0.15, 0.05, 0.21, 0.09], [3])","([1.0, 0.0, 0.0, 0.0, 0.0], [0])",-0.0,-0.0,-0.0,-0.7559999999999999,-0.0,-0.7559999999999999,observed,0.403336,4.818200000000001,1.033204
50,"([0.5, 0.15, 0.05, 0.21, 0.09], [0])","([1.0, 0.0, 0.0, 0.0, 0.0], [0])",-0.0,-0.0,-0.0,-0.0,-0.0,0.0,observed,0.403336,4.414864000000001,1.033204
51,"([0.5, 0.15, 0.05, 0.21, 0.09], [2])","([1.0, 0.0, 0.0, 0.0, 0.0], [0])",-0.0,-0.0,-0.68,-0.0,-0.0,-0.68,observed,0.403336,4.691528000000001,1.033204
52,"([0.5, 0.15, 0.05, 0.21, 0.09], [0])","([1.0, 0.0, 0.0, 0.0, 0.0], [0])",-0.0,-0.0,-0.0,-0.0,-0.0,0.0,observed,0.403336,4.2881920000000004,1.033204
53,"([0.5, 0.15, 0.05, 0.21, 0.09], [4])","([1.0, 0.0, 0.0, 0.0, 0.0], [0])",-0.0,-0.0,-0.0,-0.0,-0.7909999999999999,-0.7909999999999999,observed,0.403336,4.6758560000000005,1.033204
54,"([0.5, 0.15, 0.05, 0.21, 0.09], [4])","([1.0, 0.0, 0.0, 0.0, 0.0], [0])",-0.0,-0.0,-0.0,-0.0,-0.7909999999999999,-0.7909999999999999,observed,0.403336,5.0635200000000005,1.033204
55,"([0.5, 0.15, 0.05, 0.21, 0.09], [1])","([1.0, 0.0, 0.0, 0.0, 0.0], [0])",-0.0,-0.9259999999999999,-0.0,-0.0,-0.0,-0.9259999999999999,observed,0.403336,5.586184,1.033204
56,"([0.5, 0.15, 0.05, 0.21, 0.09], [3])","([1.0, 0.0, 0.0, 0.0, 0.0], [0])",-0.0,-0.0,-0.0,-0.7559999999999999,-0.0,-0.7559999999999999,observed,0.403336,5.938848,1.033204
57,"([0.5, 0.15, 0.05, 0.21, 0.09], [1])","([1.0, 0.0, 0.0, 0.0, 0.0], [0])",-0.0,-0.9259999999999999,-0.0,-0.0,-0.0,-0.9259999999999999,observed,0.403336,6.461512,1.033204
58,"([0.5, 0.15, 0.05, 0.21, 0.09], [0])","([1.0, 0.0, 0.0, 0.0, 0.0], [0])",-0.0,-0.0,-0.0,-0.0,-0.0,0.0,observed,0.403336,6.058176,1.033204
59,"([0.5, 0.15, 0.05, 0.21, 0.09], [0])","([1.0, 0.0, 0.0, 0.0, 0.0], [0])",-0.0,-0.0,-0.0,-0.0,-0.0,0.0,observed,0.403336,5.654839999999999,1.033204
60,"([0.5, 0.15, 0.05, 0.21, 0.09], [1])","([1.0, 0.0, 0.0, 0.0, 0.0], [0])",-0.0,-0.9259999999999999,-0.0,-0.0,-0.0,-0.9259999999999999,observed,0.403336,6.177503999999999,1.033204
61,"([0.5, 0.15, 0.05, 0.21, 0.09], [4])","([1.0, 0.0, 0.0, 0.0, 0.0], [0])",-0.0,-0.0,-0.0,-0.0,-0.7909999999999999,-0.7909999999999999,observed,0.403336,6.565167999999999,1.033204
62,"([0.5, 0.15, 0.05, 0.21, 0.09], [0])","([1.0, 0.0, 0.0, 0.0, 0.0], [0])",-0.0,-0.0,-0.0,-0.0,-0.0,0.0,observed,0.403336,6.161831999999999,1.033204
63,"([0.5, 0.15, 0.05, 0.21, 0.09], [0])","([1.0, 0.0, 0.0, 0.0, 0.0], [0])",-0.0,-0.0,-0.0,-0.0,-0.0,0.0,observed,0.403336,5.758495999999998,1.033204
64,"([0.5, 0.15, 0.05, 0.21, 0.09], [3])","([1.0, 0.0, 0.0, 0.0, 0.0], [0])",-0.0,-0.0,-0.0,-0.7559999999999999,-0.0,-0.7559999999999999,observed,0.403336,6.111159999999998,1.033204
65,"([0.5, 0.15, 0.05, 0.21, 0.09], [4])","([1.0, 0.0, 0.0, 0.0, 0.0], [0])",-0.0,-0.0,-0.0,-0.0,-0.7909999999999999,-0.7909999999999999,observed,0.403336,6.498823999999998,1.033204
66,"([0.5, 0.15, 0.05, 0.21, 0.09], [0])","([1.0, 0.0, 0.0, 0.0, 0.0], [0])",-0.0,-0.0,-0.0,-0.0,-0.0,0.0,observed,0.403336,6.095487999999998,1.033204
67,"([0.5, 0.15, 0.05, 0.21, 0.09], [2])","([1.0, 0.0, 0.0, 0.0, 0.0], [0])",-0.0,-0.0,-0.68,-0.0,-0.0,-0.68,observed,0.403336,6.372151999999998,1.033204
68,"([0.5, 0.15, 0.05, 0.21, 0.09], [3])","([1.0, 0.0, 0.0, 0.0, 0.0], [0])",-0.0,-0.0,-0.0,-0.7559999999999999,-0.0,-0.7559999999999999,observed,0.403336,6.724815999999998,1.033204
69,"([0.5, 0.15, 0.05, 0.21, 0.09], [1])","([1.0, 0.0, 0.0, 0.0, 0.0], [0])",-0.0,-0.9259999999999999,-0.0,-0.0,-0.0,-0.9259999999999999,observed,0.403336,7.247479999999998,1.033204
70,"([0.5, 0.15, 0.05, 0.21, 0.09], [3])","([1.0, 0.0, 0.0, 0.0, 0.0], [0])",-0.0,-0.0,-0.0,-0.7559999999999999,-0.0,-0.7559999999999999,observed,0.403336,7.600143999999998,1.033204
71,"([0.5, 0.15, 0.05, 0.21, 0.09], [4])","([1.0, 0.0, 0.0, 0.0, 0.0], [0])",-0.0,-0.0,-0.0,-0.0,-0.7909999999999999,-0.7909999999999999,observed,0.403336,7.987807999999998,1.033204
72,"([0.5, 0.15, 0.05, 0.21, 0.09], [0])","([1.0, 0.0, 0.0, 0.0, 0.0], [0])",-0.0,-0.0,-0.0,-0.0,-0.0,0.0,observed,0.403336,7.584471999999997,1.033204
73,"([0.5, 0.15, 0.05, 0.21, 0.09], [1])","([1.0, 0.0, 0.0, 0.0, 0.0], [0])",-0.0,-0.9259999999999999,-0.0,-0.0,-0.0,-0.9259999999999999,observed,0.403336,8.107135999999997,1.033204
74,"([0.5, 0.15, 0.05, 0.21, 0.09], [3])","([1.0, 0.0, 0.0, 0.0, 0.0], [0])",-0.0,-0.0,-0.0,-0.7559999999999999,-0.0,-0.7559999999999999,observed,0.403336,8.459799999999998,1.033204
75,"([0.5, 0.15, 0.05, 0.21, 0.09], [0])","([1.0, 0.0, 0.0, 0.0, 0.0], [0])",-0.0,-0.0,-0.0,-0.0,-0.0,0.0,observed,0.403336,8.056463999999998,1.033204
76,"([0.5, 0.15, 0.05, 0.21, 0.09], [3])","([1.0, 0.0, 0.0, 0.0, 0.0], [0])",-0.0,-0.0,-0.0,-0.7559999999999999,-0.0,-0.7559999999999999,observed,0.403336,8.409127999999999,1.033204
77,"([0.5, 0.15, 0.05, 0.21, 0.09], [3])","([1.0, 0.0, 0.0, 0.0, 0.0], [0])",-0.0,-0.0,-0.0,-0.7559999999999999,-0.0,-0.7559999999999999,observed,0.403336,8.761792,1.033204
78,"([0.5, 0.15, 0.05, 0.21, 0.09], [0])","([1.0, 0.0, 0.0, 0.0, 0.0], [0])",-0.0,-0.0,-0.0,-0.0,-0.0,0.0,observed,0.403336,8.358456,1.033204
79,"([0.5, 0.15, 0.05, 0.21, 0.09], [4])","([1.0, 0.0, 0.0, 0.0, 0.0], [0])",-0.0,-0.0,-0.0,-0.0,-0.7909999999999999,-0.7909999999999999,observed,0.403336,8.74612,1.033204
80,"([0.5, 0.15, 0.05, 0.21, 0.09], [1])","([1.0, 0.0, 0.0, 0.0, 0.0], [0])",-0.0,-0.9259999999999999,-0.0,-0.0,-0.0,-0.9259999999999999,observed,0.403336,9.268784,1.033204
81,"([0.5, 0.15, 0.05, 0.21, 0.09], [3])","([1.0, 0.0, 0.0, 0.0, 0.0], [0])",-0.0,-0.0,-0.0,-0.7559999999999999,-0.0,-0.7559999999999999,observed,0.403336,9.621448000000001,1.033204
82,"([0.5, 0.15, 0.05, 0.21, 0.09], [0])","([1.0, 0.0, 0.0, 0.0, 0.0], [0])",-0.0,-0.0,-0.0,-0.0,-0.0,0.0,observed,0.403336,9.218112000000001,1.033204
83,"([0.5, 0.15, 0.05, 0.21, 0.09], [3])","([1.0, 0.0, 0.0, 0.0, 0.0], [0])",-0.0,-0.0,-0.0,-0.7559999999999999,-0.0,-0.7559999999999999,observed,0.403336,9.570776000000002,1.033204
84,"([0.5, 0.15, 0.05, 0.21, 0.09], [1])","([1.0, 0.0, 0.0, 0.0, 0.0], [0])",-0.0,-0.9259999999999999,-0.0,-0.0,-0.0,-0.9259999999999999,observed,0.403336,10.093440000000003,1.033204
85,"([0.5, 0.15, 0.05, 0.21, 0.09], [0])","([1.0, 0.0, 0.0, 0.0, 0.0], [0])",-0.0,-0.0,-0.0,-0.0,-0.0,0.0,observed,0.403336,9.690104000000003,1.033204
86,"([0.5, 0.15, 0.05, 0.21, 0.09], [0])","([1.0, 0.0, 0.0, 0.0, 0.0], [0])",-0.0,-0.0,-0.0,-0.0,-0.0,0.0,observed,0.403336,9.286768000000004,1.033204
87,"([0.5, 0.15, 0.05, 0.21, 0.09], [1])","([1.0, 0.0, 0.0, 0.0, 0.0], [0])",-0.0,-0.9259999999999999,-0.0,-0.0,-0.0,-0.9259999999999999,observed,0.403336,9.809432000000005,1.033204
88,"([0.5, 0.15, 0.05, 0.21, 0.09], [0])","([1.0, 0.0, 0.0, 0.0, 0.0], [0])",-0.0,-0.0,-0.0,-0.0,-0.0,0.0,observed,0.403336,9.406096000000005,1.033204
89,"([0.5, 0.15, 0.05, 0.21, 0.09], [0])","([1.0, 0.0, 0.0, 0.0, 0.0], [0])",-0.0,-0.0,-0.0,-0.0,-0.0,0.0,observed,0.403336,9.002760000000006,1.033204
90,"([0.5, 0.15, 0.05, 0.21, 0.09], [1])","([1.0, 0.0, 0.0, 0.0, 0.0], [0])",-0.0,-0.9259999999999999,-0.0,-0.0,-0.0,-0.9259999999999999,observed,0.403336,9.525424000000006,1.033204
91,"([0.5, 0.15, 0.05, 0.21, 0.09], [2])","([1.0, 0.0, 0.0, 0.0, 0.0], [0])",-0.0,-0.0,-0.68,-0.0,-0.0,-0.68,observed,0.403336,9.802088000000007,1.033204
92,"([0.5, 0.15, 0.05, 0.21, 0.09], [0])","([1.0, 0.0, 0.0, 0.0, 0.0], [0])",-0.0,-0.0,-0.0,-0.0,-0.0,0.0,observed,0.403336,9.398752000000007,1.033204
93,"([0.5, 0.15, 0.05, 0.21, 0.09], [3])","([1.0, 0.0, 0.0, 0.0, 0.0], [0])",-0.0,-0.0,-0.0,-0.7559999999999999,-0.0,-0.7559999999999999,observed,0.403336,9.751416000000008,1.033204
94,"([0.5, 0.15, 0.05, 0.21, 0.09], [3])","([1.0, 0.0, 0.0, 0.0, 0.0], [0])",-0.0,-0.0,-0.0,-0.7559999999999999,-0.0,-0.7559999999999999,observed,0.403336,10.104080000000009,1.033204
95,"([0.5, 0.15, 0.05, 0.21, 0.09], [0])","([1.0, 0.0, 0.0, 0.0, 0.0], [0])",-0.0,-0.0,-0.0,-0.0,-0.0,0.0,observed,0.403336,9.70074400000001,1.033204
96,"([0.5, 0.15, 0.05, 0.21, 0.09], [3])","([1.0, 0.0, 0.0, 0.0, 0.0], [0])",-0.0,-0.0,-0.0,-0.7559999999999999,-0.0,-0.7559999999999999,observed,0.403336,10.05340800000001,1.033204
97,"([0.5, 0.15, 0.05, 0.21, 0.09], [0])","([1.0, 0.0, 0.0, 0.0, 0.0], [0])",-0.0,-0.0,-0.0,-0.0,-0.0,0.0,observed,0.403336,9.65007200000001,1.033204
98,"([0.5, 0.15, 0.05, 0.21, 0.09], [0])","([1.0, 0.0, 0.0, 0.0, 0.0], [0])",-0.0,-0.0,-0.0,-0.0,-0.0,0.0,observed,0.403336,9.246736000000011,1.033204
99,"([0.5, 0.15, 0.05, 0.21, 0.09], [0])","([1.0, 0.0, 0.0, 0.0, 0.0], [0])",-0.0,-0.0,-0.0,-0.0,-0.0,0.0,observed,0.403336,8.843400000000011,1.033204
