,sto-1,FB-0,feedback target 0,feedback target 1,feedback target 2,feedback target 3,feedback target 4,total,target_observed?,exp_loss,actual_regret,exp_regret
0,"([0.5, 0.15, 0.05, 0.21, 0.09], [3])","([0.0, 0.0, 1.0, 0.0, 0.0], [2])",-0.0,-0.0,-0.0,-0.7559999999999999,-0.0,-0.7559999999999999,observed,0.7540159999999999,0.3526639999999999,0.35067999999999994
1,"([0.5, 0.15, 0.05, 0.21, 0.09], [1])","([0.0, 0.0, 0.0, 1.0, 0.0], [3])",-0.0,-0.9259999999999999,-0.0,-0.0,-0.0,-0.9259999999999999,observed,0.630844,0.8753279999999999,0.5781879999999999
2,"([0.5, 0.15, 0.05, 0.21, 0.09], [0])","([0.0, 1.0, 0.0, 0.0, 0.0], [1])",-0.768,-0.0,-0.0,-0.0,-0.0,-0.768,observed,0.6465839999999999,1.239992,0.8214359999999998
3,"([0.5, 0.15, 0.05, 0.21, 0.09], [3])","([1.0, 0.0, 0.0, 0.0, 0.0], [0])",-0.0,-0.0,-0.0,-0.7559999999999999,-0.0,-0.7559999999999999,observed,0.403336,1.5926559999999998,0.8214359999999998
4,"([0.5, 0.15, 0.05, 0.21, 0.09], [3])","([0.0, 0.0, 0.0, 1.0, 0.0], [3])",-0.0,-0.0,-0.0,-0.0,-0.0,0.0,observed,0.630844,1.18932,1.0489439999999999
5,"([0.5, 0.15, 0.05, 0.21, 0.09], [1])","([0.0, 0.0, 0.0, 1.0, 0.0], [3])",-0.0,-0.9259999999999999,-0.0,-0.0,-0.0,-0.9259999999999999,observed,0.630844,1.711984,1.276452
6,"([0.5, 0.15, 0.05, 0.21, 0.09], [3])","([0.0, 1.0, 0.0, 0.0, 0.0], [1])",-0.0,-0.0,-0.0,-0.7559999999999999,-0.0,-0.7559999999999999,observed,0.6465839999999999,2.064648,1.5196999999999998
7,"([0.5, 0.15, 0.05, 0.21, 0.09], [4])","([0.0, 0.0, 0.0, 1.0, 0.0], [3])",-0.0,-0.0,-0.0,-0.0,-0.7909999999999999,-0.7909999999999999,observed,0.630844,2.452312,1.7472079999999999
8,"([0.5, 0.15, 0.05, 0.21, 0.09], [0])","([0.0, 0.0, 0.0, 1.0, 0.0], [3])",-0.768,-0.0,-0.0,-0.0,-0.0,-0.768,observed,0.630844,2.816976,1.974716
9,"([0.5, 0.15, 0.05, 0.21, 0.09], [3])","([0.0, 0.0, 0.0, 1.0, 0.0], [3])",-0.0,-0.0,-0.0,-0.0,-0.0,0.0,observed,0.630844,2.41364,2.2022239999999997
10,"([0.5, 0.15, 0.05, 0.21, 0.09], [3])","([0.0, 0.0, 0.0, 1.0, 0.0], [3])",-0.0,-0.0,-0.0,-0.0,-0.0,0.0,observed,0.630844,2.010304,2.4297319999999996
11,"([0.5, 0.15, 0.05, 0.21, 0.09], [0])","([0.0, 0.0, 0.0, 1.0, 0.0], [3])",-0.768,-0.0,-0.0,-0.0,-0.0,-0.768,observed,0.630844,2.374968,2.6572399999999994
12,"([0.5, 0.15, 0.05, 0.21, 0.09], [3])","([0.0, 0.0, 0.0, 1.0, 0.0], [3])",-0.0,-0.0,-0.0,-0.0,-0.0,0.0,observed,0.630844,1.971632,2.884747999999999
13,"([0.5, 0.15, 0.05, 0.21, 0.09], [0])","([0.0, 0.0, 0.0, 1.0, 0.0], [3])",-0.768,-0.0,-0.0,-0.0,-0.0,-0.768,observed,0.630844,2.336296,3.112255999999999
14,"([0.5, 0.15, 0.05, 0.21, 0.09], [3])","([0.0, 0.0, 0.0, 1.0, 0.0], [3])",-0.0,-0.0,-0.0,-0.0,-0.0,0.0,observed,0.630844,1.93296,3.339763999999999
15,"([0.5, 0.15, 0.05, 0.21, 0.09], [2])","([0.0, 0.0, 0.0, 1.0, 0.0], [3])",-0.0,-0.0,-0.68,-0.0,-0.0,-0.68,observed,0.630844,2.2096240000000003,3.5672719999999987
16,"([0.5, 0.15, 0.05, 0.21, 0.09], [0])","([0.0, 0.0, 0.0, 1.0, 0.0], [3])",-0.768,-0.0,-0.0,-0.0,-0.0,-0.768,observed,0.630844,2.574288,3.7947799999999985
17,"([0.5, 0.15, 0.05, 0.21, 0.09], [3])","([0.0, 0.0, 0.0, 1.0, 0.0], [3])",-0.0,-0.0,-0.0,-0.0,-0.0,0.0,observed,0.630844,2.170952,4.022287999999999
18,"([0.5, 0.15, 0.05, 0.21, 0.09], [0])","([0.0, 0.0, 0.0, 1.0, 0.0], [3])",-0.768,-0.0,-0.0,-0.0,-0.0,-0.768,observed,0.630844,2.535616,4.249795999999999
19,"([0.5, 0.15, 0.05, 0.21, 0.09], [0])","([0.0, 0.0, 0.0, 1.0, 0.0], [3])",-0.768,-0.0,-0.0,-0.0,-0.0,-0.768,observed,0.630844,2.90028,4.477303999999999
20,"([0.5, 0.15, 0.05, 0.21, 0.09], [1])","([0.0, 0.0, 0.0, 1.0, 0.0], [3])",-0.0,-0.9259999999999999,-0.0,-0.0,-0.0,-0.9259999999999999,observed,0.630844,3.422944,4.7048119999999995
21,"([0.5, 0.15, 0.05, 0.21, 0.09], [1])","([0.0, 0.0, 0.0, 1.0, 0.0], [3])",-0.0,-0.9259999999999999,-0.0,-0.0,-0.0,-0.9259999999999999,observed,0.630844,3.945608,4.93232
22,"([0.5, 0.15, 0.05, 0.21, 0.09], [4])","([0.0, 0.0, 0.0, 1.0, 0.0], [3])",-0.0,-0.0,-0.0,-0.0,-0.7909999999999999,-0.7909999999999999,observed,0.630844,4.333272,5.159828
23,"([0.5, 0.15, 0.05, 0.21, 0.09], [0])","([0.0, 0.0, 0.0, 1.0, 0.0], [3])",-0.768,-0.0,-0.0,-0.0,-0.0,-0.768,observed,0.630844,4.697936,5.387336
24,"([0.5, 0.15, 0.05, 0.21, 0.09], [1])","([0.0, 0.0, 0.0, 1.0, 0.0], [3])",-0.0,-0.9259999999999999,-0.0,-0.0,-0.0,-0.9259999999999999,observed,0.630844,5.2206,5.614844000000001
25,"([0.5, 0.15, 0.05, 0.21, 0.09], [0])","([1.0, 0.0, 0.0, 0.0, 0.0], [0])",-0.0,-0.0,-0.0,-0.0,-0.0,0.0,observed,0.403336,4.817264,5.614844000000001
26,"([0.5, 0.15, 0.05, 0.21, 0.09], [4])","([1.0, 0.0, 0.0, 0.0, 0.0], [0])",-0.0,-0.0,-0.0,-0.0,-0.7909999999999999,-0.7909999999999999,observed,0.403336,5.204928,5.614844000000001
27,"([0.5, 0.15, 0.05, 0.21, 0.09], [0])","([1.0, 0.0, 0.0, 0.0, 0.0], [0])",-0.0,-0.0,-0.0,-0.0,-0.0,0.0,observed,0.403336,4.801591999999999,5.614844000000001
28,"([0.5, 0.15, 0.05, 0.21, 0.09], [0])","([1.0, 0.0, 0.0, 0.0, 0.0], [0])",-0.0,-0.0,-0.0,-0.0,-0.0,0.0,observed,0.403336,4.398255999999999,5.614844000000001
29,"([0.5, 0.15, 0.05, 0.21, 0.09], [0])","([1.0, 0.0, 0.0, 0.0, 0.0], [0])",-0.0,-0.0,-0.0,-0.0,-0.0,0.0,observed,0.403336,3.994919999999999,5.614844000000001
30,"([0.5, 0.15, 0.05, 0.21, 0.09], [0])","([1.0, 0.0, 0.0, 0.0, 0.0], [0])",-0.0,-0.0,-0.0,-0.0,-0.0,0.0,observed,0.403336,3.591583999999999,5.614844000000001
31,"([0.5, 0.15, 0.05, 0.21, 0.09], [2])","([1.0, 0.0, 0.0, 0.0, 0.0], [0])",-0.0,-0.0,-0.68,-0.0,-0.0,-0.68,observed,0.403336,3.8682479999999995,5.614844000000001
32,"([0.5, 0.15, 0.05, 0.21, 0.09], [4])","([1.0, 0.0, 0.0, 0.0, 0.0], [0])",-0.0,-0.0,-0.0,-0.0,-0.7909999999999999,-0.7909999999999999,observed,0.403336,4.2559119999999995,5.614844000000001
33,"([0.5, 0.15, 0.05, 0.21, 0.09], [0])","([1.0, 0.0, 0.0, 0.0, 0.0], [0])",-0.0,-0.0,-0.0,-0.0,-0.0,0.0,observed,0.403336,3.8525759999999996,5.614844000000001
34,"([0.5, 0.15, 0.05, 0.21, 0.09], [0])","([1.0, 0.0, 0.0, 0.0, 0.0], [0])",-0.0,-0.0,-0.0,-0.0,-0.0,0.0,observed,0.403336,3.4492399999999996,5.614844000000001
35,"([0.5, 0.15, 0.05, 0.21, 0.09], [0])","([1.0, 0.0, 0.0, 0.0, 0.0], [0])",-0.0,-0.0,-0.0,-0.0,-0.0,0.0,observed,0.403336,3.0459039999999997,5.614844000000001
36,"([0.5, 0.15, 0.05, 0.21, 0.09], [0])","([1.0, 0.0, 0.0, 0.0, 0.0], [0])",-0.0,-0.0,-0.0,-0.0,-0.0,0.0,observed,0.403336,2.642568,5.614844000000001
37,"([0.5, 0.15, 0.05, 0.21, 0.09], [1])","([1.0, 0.0, 0.0, 0.0, 0.0], [0])",-0.0,-0.9259999999999999,-0.0,-0.0,-0.0,-0.9259999999999999,observed,0.403336,3.1652319999999996,5.614844000000001
38,"([0.5, 0.15, 0.05, 0.21, 0.09], [0])","([1.0, 0.0, 0.0, 0.0, 0.0], [0])",-0.0,-0.0,-0.0,-0.0,-0.0,0.0,observed,0.403336,2.7618959999999997,5.614844000000001
39,"([0.5, 0.15, 0.05, 0.21, 0.09], [0])","([1.0, 0.0, 0.0, 0.0, 0.0], [0])",-0.0,-0.0,-0.0,-0.0,-0.0,0.0,observed,0.403336,2.3585599999999998,5.614844000000001
40,"([0.5, 0.15, 0.05, 0.21, 0.09], [0])","([1.0, 0.0, 0.0, 0.0, 0.0], [0])",-0.0,-0.0,-0.0,-0.0,-0.0,0.0,observed,0.403336,1.9552239999999999,5.614844000000001
41,"([0.5, 0.15, 0.05, 0.21, 0.09], [0])","([1.0, 0.0, 0.0, 0.0, 0.0], [0])",-0.0,-0.0,-0.0,-0.0,-0.0,0.0,observed,0.403336,1.551888,5.614844000000001
42,"([0.5, 0.15, 0.05, 0.21, 0.09], [0])","([1.0, 0.0, 0.0, 0.0, 0.0], [0])",-0.0,-0.0,-0.0,-0.0,-0.0,0.0,observed,0.403336,1.148552,5.614844000000001
43,"([0.5, 0.15, 0.05, 0.21, 0.09], [1])","([1.0, 0.0, 0.0, 0.0, 0.0], [0])",-0.0,-0.9259999999999999,-0.0,-0.0,-0.0,-0.9259999999999999,observed,0.403336,1.671216,5.614844000000001
44,"([0.5, 0.15, 0.05, 0.21, 0.09], [0])","([1.0, 0.0, 0.0, 0.0, 0.0], [0])",-0.0,-0.0,-0.0,-0.0,-0.0,0.0,observed,0.403336,1.2678800000000001,5.614844000000001
45,"([0.5, 0.15, 0.05, 0.21, 0.09], [0])","([1.0, 0.0, 0.0, 0.0, 0.0], [0])",-0.0,-0.0,-0.0,-0.0,-0.0,0.0,observed,0.403336,0.8645440000000002,5.614844000000001
46,"([0.5, 0.15, 0.05, 0.21, 0.09], [1])","([1.0, 0.0, 0.0, 0.0, 0.0], [0])",-0.0,-0.9259999999999999,-0.0,-0.0,-0.0,-0.9259999999999999,observed,0.403336,1.3872080000000002,5.614844000000001
47,"([0.5, 0.15, 0.05, 0.21, 0.09], [0])","([1.0, 0.0, 0.0, 0.0, 0.0], [0])",-0.0,-0.0,-0.0,-0.0,-0.0,0.0,observed,0.403336,0.9838720000000003,5.614844000000001
48,"([0.5, 0.15, 0.05, 0.21, 0.09], [0])","([1.0, 0.0, 0.0, 0.0, 0.0], [0])",-0.0,-0.0,-0.0,-0.0,-0.0,0.0,observed,0.403336,0.5805360000000004,5.614844000000001
49,"([0.5, 0.15, 0.05, 0.21, 0.09], [0])","([1.0, 0.0, 0.0, 0.0, 0.0], [0])",-0.0,-0.0,-0.0,-0.0,-0.0,0.0,observed,0.403336,0.1772000000000004,5.614844000000001
50,"([0.5, 0.15, 0.05, 0.21, 0.09], [0])","([1.0, 0.0, 0.0, 0.0, 0.0], [0])",-0.0,-0.0,-0.0,-0.0,-0.0,0.0,observed,0.403336,-0.22613599999999956,5.614844000000001
51,"([0.5, 0.15, 0.05, 0.21, 0.09], [0])","([1.0, 0.0, 0.0, 0.0, 0.0], [0])",-0.0,-0.0,-0.0,-0.0,-0.0,0.0,observed,0.403336,-0.6294719999999996,5.614844000000001
52,"([0.5, 0.15, 0.05, 0.21, 0.09], [0])","([1.0, 0.0, 0.0, 0.0, 0.0], [0])",-0.0,-0.0,-0.0,-0.0,-0.0,0.0,observed,0.403336,-1.0328079999999995,5.614844000000001
53,"([0.5, 0.15, 0.05, 0.21, 0.09], [0])","([1.0, 0.0, 0.0, 0.0, 0.0], [0])",-0.0,-0.0,-0.0,-0.0,-0.0,0.0,observed,0.403336,-1.4361439999999994,5.614844000000001
54,"([0.5, 0.15, 0.05, 0.21, 0.09], [4])","([1.0, 0.0, 0.0, 0.0, 0.0], [0])",-0.0,-0.0,-0.0,-0.0,-0.7909999999999999,-0.7909999999999999,observed,0.403336,-1.0484799999999994,5.614844000000001
55,"([0.5, 0.15, 0.05, 0.21, 0.09], [3])","([1.0, 0.0, 0.0, 0.0, 0.0], [0])",-0.0,-0.0,-0.0,-0.7559999999999999,-0.0,-0.7559999999999999,observed,0.403336,-0.6958159999999995,5.614844000000001
56,"([0.5, 0.15, 0.05, 0.21, 0.09], [0])","([1.0, 0.0, 0.0, 0.0, 0.0], [0])",-0.0,-0.0,-0.0,-0.0,-0.0,0.0,observed,0.403336,-1.0991519999999995,5.614844000000001
57,"([0.5, 0.15, 0.05, 0.21, 0.09], [1])","([1.0, 0.0, 0.0, 0.0, 0.0], [0])",-0.0,-0.9259999999999999,-0.0,-0.0,-0.0,-0.9259999999999999,observed,0.403336,-0.5764879999999994,5.614844000000001
58,"([0.5, 0.15, 0.05, 0.21, 0.09], [0])","([1.0, 0.0, 0.0, 0.0, 0.0], [0])",-0.0,-0.0,-0.0,-0.0,-0.0,0.0,observed,0.403336,-0.9798239999999994,5.614844000000001
59,"([0.5, 0.15, 0.05, 0.21, 0.09], [0])","([1.0, 0.0, 0.0, 0.0, 0.0], [0])",-0.0,-0.0,-0.0,-0.0,-0.0,0.0,observed,0.403336,-1.3831599999999993,5.614844000000001
60,"([0.5, 0.15, 0.05, 0.21, 0.09], [4])","([1.0, 0.0, 0.0, 0.0, 0.0], [0])",-0.0,-0.0,-0.0,-0.0,-0.7909999999999999,-0.7909999999999999,observed,0.403336,-0.9954959999999993,5.614844000000001
61,"([0.5, 0.15, 0.05, 0.21, 0.09], [3])","([1.0, 0.0, 0.0, 0.0, 0.0], [0])",-0.0,-0.0,-0.0,-0.7559999999999999,-0.0,-0.7559999999999999,observed,0.403336,-0.6428319999999994,5.614844000000001
62,"([0.5, 0.15, 0.05, 0.21, 0.09], [0])","([1.0, 0.0, 0.0, 0.0, 0.0], [0])",-0.0,-0.0,-0.0,-0.0,-0.0,0.0,observed,0.403336,-1.0461679999999993,5.614844000000001
63,"([0.5, 0.15, 0.05, 0.21, 0.09], [0])","([1.0, 0.0, 0.0, 0.0, 0.0], [0])",-0.0,-0.0,-0.0,-0.0,-0.0,0.0,observed,0.403336,-1.4495039999999992,5.614844000000001
64,"([0.5, 0.15, 0.05, 0.21, 0.09], [0])","([1.0, 0.0, 0.0, 0.0, 0.0], [0])",-0.0,-0.0,-0.0,-0.0,-0.0,0.0,observed,0.403336,-1.8528399999999992,5.614844000000001
65,"([0.5, 0.15, 0.05, 0.21, 0.09], [0])","([1.0, 0.0, 0.0, 0.0, 0.0], [0])",-0.0,-0.0,-0.0,-0.0,-0.0,0.0,observed,0.403336,-2.256175999999999,5.614844000000001
66,"([0.5, 0.15, 0.05, 0.21, 0.09], [1])","([1.0, 0.0, 0.0, 0.0, 0.0], [0])",-0.0,-0.9259999999999999,-0.0,-0.0,-0.0,-0.9259999999999999,observed,0.403336,-1.733511999999999,5.614844000000001
67,"([0.5, 0.15, 0.05, 0.21, 0.09], [0])","([1.0, 0.0, 0.0, 0.0, 0.0], [0])",-0.0,-0.0,-0.0,-0.0,-0.0,0.0,observed,0.403336,-2.136847999999999,5.614844000000001
68,"([0.5, 0.15, 0.05, 0.21, 0.09], [0])","([1.0, 0.0, 0.0, 0.0, 0.0], [0])",-0.0,-0.0,-0.0,-0.0,-0.0,0.0,observed,0.403336,-2.540183999999999,5.614844000000001
69,"([0.5, 0.15, 0.05, 0.21, 0.09], [0])","([1.0, 0.0, 0.0, 0.0, 0.0], [0])",-0.0,-0.0,-0.0,-0.0,-0.0,0.0,observed,0.403336,-2.943519999999999,5.614844000000001
70,"([0.5, 0.15, 0.05, 0.21, 0.09], [1])","([1.0, 0.0, 0.0, 0.0, 0.0], [0])",-0.0,-0.9259999999999999,-0.0,-0.0,-0.0,-0.9259999999999999,observed,0.403336,-2.420855999999999,5.614844000000001
71,"([0.5, 0.15, 0.05, 0.21, 0.09], [4])","([1.0, 0.0, 0.0, 0.0, 0.0], [0])",-0.0,-0.0,-0.0,-0.0,-0.7909999999999999,-0.7909999999999999,observed,0.403336,-2.033191999999999,5.614844000000001
72,"([0.5, 0.15, 0.05, 0.21, 0.09], [3])","([1.0, 0.0, 0.0, 0.0, 0.0], [0])",-0.0,-0.0,-0.0,-0.7559999999999999,-0.0,-0.7559999999999999,observed,0.403336,-1.680527999999999,5.614844000000001
73,"([0.5, 0.15, 0.05, 0.21, 0.09], [0])","([1.0, 0.0, 0.0, 0.0, 0.0], [0])",-0.0,-0.0,-0.0,-0.0,-0.0,0.0,observed,0.403336,-2.083863999999999,5.614844000000001
74,"([0.5, 0.15, 0.05, 0.21, 0.09], [0])","([1.0, 0.0, 0.0, 0.0, 0.0], [0])",-0.0,-0.0,-0.0,-0.0,-0.0,0.0,observed,0.403336,-2.4871999999999987,5.614844000000001
75,"([0.5, 0.15, 0.05, 0.21, 0.09], [0])","([1.0, 0.0, 0.0, 0.0, 0.0], [0])",-0.0,-0.0,-0.0,-0.0,-0.0,0.0,observed,0.403336,-2.8905359999999987,5.614844000000001
76,"([0.5, 0.15, 0.05, 0.21, 0.09], [3])","([1.0, 0.0, 0.0, 0.0, 0.0], [0])",-0.0,-0.0,-0.0,-0.7559999999999999,-0.0,-0.7559999999999999,observed,0.403336,-2.537871999999999,5.614844000000001
77,"([0.5, 0.15, 0.05, 0.21, 0.09], [3])","([1.0, 0.0, 0.0, 0.0, 0.0], [0])",-0.0,-0.0,-0.0,-0.7559999999999999,-0.0,-0.7559999999999999,observed,0.403336,-2.185207999999999,5.614844000000001
78,"([0.5, 0.15, 0.05, 0.21, 0.09], [4])","([1.0, 0.0, 0.0, 0.0, 0.0], [0])",-0.0,-0.0,-0.0,-0.0,-0.7909999999999999,-0.7909999999999999,observed,0.403336,-1.797543999999999,5.614844000000001
79,"([0.5, 0.15, 0.05, 0.21, 0.09], [1])","([1.0, 0.0, 0.0, 0.0, 0.0], [0])",-0.0,-0.9259999999999999,-0.0,-0.0,-0.0,-0.9259999999999999,observed,0.403336,-1.274879999999999,5.614844000000001
80,"([0.5, 0.15, 0.05, 0.21, 0.09], [0])","([1.0, 0.0, 0.0, 0.0, 0.0], [0])",-0.0,-0.0,-0.0,-0.0,-0.0,0.0,observed,0.403336,-1.6782159999999988,5.614844000000001
81,"([0.5, 0.15, 0.05, 0.21, 0.09], [0])","([1.0, 0.0, 0.0, 0.0, 0.0], [0])",-0.0,-0.0,-0.0,-0.0,-0.0,0.0,observed,0.403336,-2.081551999999999,5.614844000000001
82,"([0.5, 0.15, 0.05, 0.21, 0.09], [0])","([1.0, 0.0, 0.0, 0.0, 0.0], [0])",-0.0,-0.0,-0.0,-0.0,-0.0,0.0,observed,0.403336,-2.484887999999999,5.614844000000001
83,"([0.5, 0.15, 0.05, 0.21, 0.09], [3])","([1.0, 0.0, 0.0, 0.0, 0.0], [0])",-0.0,-0.0,-0.0,-0.7559999999999999,-0.0,-0.7559999999999999,observed,0.403336,-2.132223999999999,5.614844000000001
84,"([0.5, 0.15, 0.05, 0.21, 0.09], [0])","([1.0, 0.0, 0.0, 0.0, 0.0], [0])",-0.0,-0.0,-0.0,-0.0,-0.0,0.0,observed,0.403336,-2.535559999999999,5.614844000000001
85,"([0.5, 0.15, 0.05, 0.21, 0.09], [0])","([1.0, 0.0, 0.0, 0.0, 0.0], [0])",-0.0,-0.0,-0.0,-0.0,-0.0,0.0,observed,0.403336,-2.938895999999999,5.614844000000001
86,"([0.5, 0.15, 0.05, 0.21, 0.09], [0])","([1.0, 0.0, 0.0, 0.0, 0.0], [0])",-0.0,-0.0,-0.0,-0.0,-0.0,0.0,observed,0.403336,-3.3422319999999988,5.614844000000001
87,"([0.5, 0.15, 0.05, 0.21, 0.09], [0])","([1.0, 0.0, 0.0, 0.0, 0.0], [0])",-0.0,-0.0,-0.0,-0.0,-0.0,0.0,observed,0.403336,-3.7455679999999987,5.614844000000001
88,"([0.5, 0.15, 0.05, 0.21, 0.09], [0])","([1.0, 0.0, 0.0, 0.0, 0.0], [0])",-0.0,-0.0,-0.0,-0.0,-0.0,0.0,observed,0.403336,-4.148903999999999,5.614844000000001
89,"([0.5, 0.15, 0.05, 0.21, 0.09], [0])","([1.0, 0.0, 0.0, 0.0, 0.0], [0])",-0.0,-0.0,-0.0,-0.0,-0.0,0.0,observed,0.403336,-4.552239999999999,5.614844000000001
90,"([0.5, 0.15, 0.05, 0.21, 0.09], [3])","([1.0, 0.0, 0.0, 0.0, 0.0], [0])",-0.0,-0.0,-0.0,-0.7559999999999999,-0.0,-0.7559999999999999,observed,0.403336,-4.1995759999999995,5.614844000000001
91,"([0.5, 0.15, 0.05, 0.21, 0.09], [3])","([1.0, 0.0, 0.0, 0.0, 0.0], [0])",-0.0,-0.0,-0.0,-0.7559999999999999,-0.0,-0.7559999999999999,observed,0.403336,-3.8469119999999997,5.614844000000001
92,"([0.5, 0.15, 0.05, 0.21, 0.09], [3])","([1.0, 0.0, 0.0, 0.0, 0.0], [0])",-0.0,-0.0,-0.0,-0.7559999999999999,-0.0,-0.7559999999999999,observed,0.403336,-3.494248,5.614844000000001
93,"([0.5, 0.15, 0.05, 0.21, 0.09], [0])","([1.0, 0.0, 0.0, 0.0, 0.0], [0])",-0.0,-0.0,-0.0,-0.0,-0.0,0.0,observed,0.403336,-3.8975839999999997,5.614844000000001
94,"([0.5, 0.15, 0.05, 0.21, 0.09], [1])","([1.0, 0.0, 0.0, 0.0, 0.0], [0])",-0.0,-0.9259999999999999,-0.0,-0.0,-0.0,-0.9259999999999999,observed,0.403336,-3.3749199999999995,5.614844000000001
95,"([0.5, 0.15, 0.05, 0.21, 0.09], [3])","([1.0, 0.0, 0.0, 0.0, 0.0], [0])",-0.0,-0.0,-0.0,-0.7559999999999999,-0.0,-0.7559999999999999,observed,0.403336,-3.0222559999999996,5.614844000000001
96,"([0.5, 0.15, 0.05, 0.21, 0.09], [3])","([1.0, 0.0, 0.0, 0.0, 0.0], [0])",-0.0,-0.0,-0.0,-0.7559999999999999,-0.0,-0.7559999999999999,observed,0.403336,-2.6695919999999997,5.614844000000001
97,"([0.5, 0.15, 0.05, 0.21, 0.09], [0])","([1.0, 0.0, 0.0, 0.0, 0.0], [0])",-0.0,-0.0,-0.0,-0.0,-0.0,0.0,observed,0.403336,-3.0729279999999997,5.614844000000001
98,"([0.5, 0.15, 0.05, 0.21, 0.09], [1])","([1.0, 0.0, 0.0, 0.0, 0.0], [0])",-0.0,-0.9259999999999999,-0.0,-0.0,-0.0,-0.9259999999999999,observed,0.403336,-2.5502639999999994,5.614844000000001
99,"([0.5, 0.15, 0.05, 0.21, 0.09], [0])","([1.0, 0.0, 0.0, 0.0, 0.0], [0])",-0.0,-0.0,-0.0,-0.0,-0.0,0.0,observed,0.403336,-2.9535999999999993,5.614844000000001
