,sto-1,FB-0,feedback target 0,feedback target 1,feedback target 2,feedback target 3,feedback target 4,total,target_observed?,exp_loss,actual_regret,exp_regret
0,"([0.5, 0.15, 0.05, 0.21, 0.09], [2])","([0.0, 0.0, 0.0, 1.0, 0.0], [3])",-0.0,-0.0,-0.68,-0.0,-0.0,-0.68,observed,0.630844,0.2766640000000001,0.227508
1,"([0.5, 0.15, 0.05, 0.21, 0.09], [0])","([0.0, 0.0, 1.0, 0.0, 0.0], [2])",-0.768,-0.0,-0.0,-0.0,-0.0,-0.768,observed,0.7540159999999999,0.6413280000000001,0.5781879999999999
2,"([0.5, 0.15, 0.05, 0.21, 0.09], [0])","([0.0, 0.0, 0.0, 0.0, 1.0], [4])",-0.768,-0.0,-0.0,-0.0,-0.0,-0.768,observed,0.714564,1.0059920000000002,0.889416
3,"([0.5, 0.15, 0.05, 0.21, 0.09], [0])","([1.0, 0.0, 0.0, 0.0, 0.0], [0])",-0.0,-0.0,-0.0,-0.0,-0.0,0.0,observed,0.403336,0.6026560000000003,0.889416
4,"([0.5, 0.15, 0.05, 0.21, 0.09], [0])","([1.0, 0.0, 0.0, 0.0, 0.0], [0])",-0.0,-0.0,-0.0,-0.0,-0.0,0.0,observed,0.403336,0.19932000000000033,0.889416
5,"([0.5, 0.15, 0.05, 0.21, 0.09], [0])","([1.0, 0.0, 0.0, 0.0, 0.0], [0])",-0.0,-0.0,-0.0,-0.0,-0.0,0.0,observed,0.403336,-0.20401599999999964,0.889416
6,"([0.5, 0.15, 0.05, 0.21, 0.09], [0])","([1.0, 0.0, 0.0, 0.0, 0.0], [0])",-0.0,-0.0,-0.0,-0.0,-0.0,0.0,observed,0.403336,-0.6073519999999997,0.889416
7,"([0.5, 0.15, 0.05, 0.21, 0.09], [0])","([1.0, 0.0, 0.0, 0.0, 0.0], [0])",-0.0,-0.0,-0.0,-0.0,-0.0,0.0,observed,0.403336,-1.0106879999999996,0.889416
8,"([0.5, 0.15, 0.05, 0.21, 0.09], [0])","([1.0, 0.0, 0.0, 0.0, 0.0], [0])",-0.0,-0.0,-0.0,-0.0,-0.0,0.0,observed,0.403336,-1.4140239999999995,0.889416
9,"([0.5, 0.15, 0.05, 0.21, 0.09], [0])","([1.0, 0.0, 0.0, 0.0, 0.0], [0])",-0.0,-0.0,-0.0,-0.0,-0.0,0.0,observed,0.403336,-1.8173599999999994,0.889416
10,"([0.5, 0.15, 0.05, 0.21, 0.09], [1])","([1.0, 0.0, 0.0, 0.0, 0.0], [0])",-0.0,-0.9259999999999999,-0.0,-0.0,-0.0,-0.9259999999999999,observed,0.403336,-1.2946959999999994,0.889416
11,"([0.5, 0.15, 0.05, 0.21, 0.09], [2])","([1.0, 0.0, 0.0, 0.0, 0.0], [0])",-0.0,-0.0,-0.68,-0.0,-0.0,-0.68,observed,0.403336,-1.0180319999999994,0.889416
12,"([0.5, 0.15, 0.05, 0.21, 0.09], [0])","([1.0, 0.0, 0.0, 0.0, 0.0], [0])",-0.0,-0.0,-0.0,-0.0,-0.0,0.0,observed,0.403336,-1.4213679999999993,0.889416
13,"([0.5, 0.15, 0.05, 0.21, 0.09], [1])","([1.0, 0.0, 0.0, 0.0, 0.0], [0])",-0.0,-0.9259999999999999,-0.0,-0.0,-0.0,-0.9259999999999999,observed,0.403336,-0.8987039999999993,0.889416
14,"([0.5, 0.15, 0.05, 0.21, 0.09], [0])","([1.0, 0.0, 0.0, 0.0, 0.0], [0])",-0.0,-0.0,-0.0,-0.0,-0.0,0.0,observed,0.403336,-1.3020399999999992,0.889416
15,"([0.5, 0.15, 0.05, 0.21, 0.09], [1])","([1.0, 0.0, 0.0, 0.0, 0.0], [0])",-0.0,-0.9259999999999999,-0.0,-0.0,-0.0,-0.9259999999999999,observed,0.403336,-0.7793759999999992,0.889416
16,"([0.5, 0.15, 0.05, 0.21, 0.09], [0])","([1.0, 0.0, 0.0, 0.0, 0.0], [0])",-0.0,-0.0,-0.0,-0.0,-0.0,0.0,observed,0.403336,-1.182711999999999,0.889416
17,"([0.5, 0.15, 0.05, 0.21, 0.09], [4])","([1.0, 0.0, 0.0, 0.0, 0.0], [0])",-0.0,-0.0,-0.0,-0.0,-0.7909999999999999,-0.7909999999999999,observed,0.403336,-0.7950479999999991,0.889416
18,"([0.5, 0.15, 0.05, 0.21, 0.09], [1])","([1.0, 0.0, 0.0, 0.0, 0.0], [0])",-0.0,-0.9259999999999999,-0.0,-0.0,-0.0,-0.9259999999999999,observed,0.403336,-0.27238399999999907,0.889416
19,"([0.5, 0.15, 0.05, 0.21, 0.09], [0])","([1.0, 0.0, 0.0, 0.0, 0.0], [0])",-0.0,-0.0,-0.0,-0.0,-0.0,0.0,observed,0.403336,-0.675719999999999,0.889416
20,"([0.5, 0.15, 0.05, 0.21, 0.09], [0])","([1.0, 0.0, 0.0, 0.0, 0.0], [0])",-0.0,-0.0,-0.0,-0.0,-0.0,0.0,observed,0.403336,-1.079055999999999,0.889416
21,"([0.5, 0.15, 0.05, 0.21, 0.09], [2])","([1.0, 0.0, 0.0, 0.0, 0.0], [0])",-0.0,-0.0,-0.68,-0.0,-0.0,-0.68,observed,0.403336,-0.8023919999999989,0.889416
22,"([0.5, 0.15, 0.05, 0.21, 0.09], [4])","([1.0, 0.0, 0.0, 0.0, 0.0], [0])",-0.0,-0.0,-0.0,-0.0,-0.7909999999999999,-0.7909999999999999,observed,0.403336,-0.41472799999999893,0.889416
23,"([0.5, 0.15, 0.05, 0.21, 0.09], [0])","([1.0, 0.0, 0.0, 0.0, 0.0], [0])",-0.0,-0.0,-0.0,-0.0,-0.0,0.0,observed,0.403336,-0.8180639999999989,0.889416
24,"([0.5, 0.15, 0.05, 0.21, 0.09], [0])","([1.0, 0.0, 0.0, 0.0, 0.0], [0])",-0.0,-0.0,-0.0,-0.0,-0.0,0.0,observed,0.403336,-1.221399999999999,0.889416
25,"([0.5, 0.15, 0.05, 0.21, 0.09], [1])","([1.0, 0.0, 0.0, 0.0, 0.0], [0])",-0.0,-0.9259999999999999,-0.0,-0.0,-0.0,-0.9259999999999999,observed,0.403336,-0.6987359999999989,0.889416
26,"([0.5, 0.15, 0.05, 0.21, 0.09], [0])","([1.0, 0.0, 0.0, 0.0, 0.0], [0])",-0.0,-0.0,-0.0,-0.0,-0.0,0.0,observed,0.403336,-1.1020719999999988,0.889416
27,"([0.5, 0.15, 0.05, 0.21, 0.09], [0])","([1.0, 0.0, 0.0, 0.0, 0.0], [0])",-0.0,-0.0,-0.0,-0.0,-0.0,0.0,observed,0.403336,-1.5054079999999987,0.889416
28,"([0.5, 0.15, 0.05, 0.21, 0.09], [0])","([1.0, 0.0, 0.0, 0.0, 0.0], [0])",-0.0,-0.0,-0.0,-0.0,-0.0,0.0,observed,0.403336,-1.9087439999999987,0.889416
29,"([0.5, 0.15, 0.05, 0.21, 0.09], [0])","([1.0, 0.0, 0.0, 0.0, 0.0], [0])",-0.0,-0.0,-0.0,-0.0,-0.0,0.0,observed,0.403336,-2.3120799999999986,0.889416
30,"([0.5, 0.15, 0.05, 0.21, 0.09], [0])","([1.0, 0.0, 0.0, 0.0, 0.0], [0])",-0.0,-0.0,-0.0,-0.0,-0.0,0.0,observed,0.403336,-2.7154159999999985,0.889416
31,"([0.5, 0.15, 0.05, 0.21, 0.09], [1])","([1.0, 0.0, 0.0, 0.0, 0.0], [0])",-0.0,-0.9259999999999999,-0.0,-0.0,-0.0,-0.9259999999999999,observed,0.403336,-2.1927519999999987,0.889416
32,"([0.5, 0.15, 0.05, 0.21, 0.09], [4])","([1.0, 0.0, 0.0, 0.0, 0.0], [0])",-0.0,-0.0,-0.0,-0.0,-0.7909999999999999,-0.7909999999999999,observed,0.403336,-1.8050879999999987,0.889416
33,"([0.5, 0.15, 0.05, 0.21, 0.09], [3])","([1.0, 0.0, 0.0, 0.0, 0.0], [0])",-0.0,-0.0,-0.0,-0.7559999999999999,-0.0,-0.7559999999999999,observed,0.403336,-1.4524239999999988,0.889416
34,"([0.5, 0.15, 0.05, 0.21, 0.09], [4])","([1.0, 0.0, 0.0, 0.0, 0.0], [0])",-0.0,-0.0,-0.0,-0.0,-0.7909999999999999,-0.7909999999999999,observed,0.403336,-1.0647599999999988,0.889416
35,"([0.5, 0.15, 0.05, 0.21, 0.09], [0])","([1.0, 0.0, 0.0, 0.0, 0.0], [0])",-0.0,-0.0,-0.0,-0.0,-0.0,0.0,observed,0.403336,-1.4680959999999987,0.889416
36,"([0.5, 0.15, 0.05, 0.21, 0.09], [0])","([1.0, 0.0, 0.0, 0.0, 0.0], [0])",-0.0,-0.0,-0.0,-0.0,-0.0,0.0,observed,0.403336,-1.8714319999999987,0.889416
37,"([0.5, 0.15, 0.05, 0.21, 0.09], [1])","([1.0, 0.0, 0.0, 0.0, 0.0], [0])",-0.0,-0.9259999999999999,-0.0,-0.0,-0.0,-0.9259999999999999,observed,0.403336,-1.3487679999999986,0.889416
38,"([0.5, 0.15, 0.05, 0.21, 0.09], [3])","([1.0, 0.0, 0.0, 0.0, 0.0], [0])",-0.0,-0.0,-0.0,-0.7559999999999999,-0.0,-0.7559999999999999,observed,0.403336,-0.9961039999999988,0.889416
39,"([0.5, 0.15, 0.05, 0.21, 0.09], [0])","([1.0, 0.0, 0.0, 0.0, 0.0], [0])",-0.0,-0.0,-0.0,-0.0,-0.0,0.0,observed,0.403336,-1.3994399999999987,0.889416
40,"([0.5, 0.15, 0.05, 0.21, 0.09], [0])","([1.0, 0.0, 0.0, 0.0, 0.0], [0])",-0.0,-0.0,-0.0,-0.0,-0.0,0.0,observed,0.403336,-1.8027759999999986,0.889416
41,"([0.5, 0.15, 0.05, 0.21, 0.09], [0])","([1.0, 0.0, 0.0, 0.0, 0.0], [0])",-0.0,-0.0,-0.0,-0.0,-0.0,0.0,observed,0.403336,-2.2061119999999987,0.889416
42,"([0.5, 0.15, 0.05, 0.21, 0.09], [1])","([1.0, 0.0, 0.0, 0.0, 0.0], [0])",-0.0,-0.9259999999999999,-0.0,-0.0,-0.0,-0.9259999999999999,observed,0.403336,-1.6834479999999987,0.889416
43,"([0.5, 0.15, 0.05, 0.21, 0.09], [4])","([1.0, 0.0, 0.0, 0.0, 0.0], [0])",-0.0,-0.0,-0.0,-0.0,-0.7909999999999999,-0.7909999999999999,observed,0.403336,-1.2957839999999987,0.889416
44,"([0.5, 0.15, 0.05, 0.21, 0.09], [0])","([1.0, 0.0, 0.0, 0.0, 0.0], [0])",-0.0,-0.0,-0.0,-0.0,-0.0,0.0,observed,0.403336,-1.6991199999999986,0.889416
45,"([0.5, 0.15, 0.05, 0.21, 0.09], [0])","([1.0, 0.0, 0.0, 0.0, 0.0], [0])",-0.0,-0.0,-0.0,-0.0,-0.0,0.0,observed,0.403336,-2.1024559999999988,0.889416
46,"([0.5, 0.15, 0.05, 0.21, 0.09], [4])","([1.0, 0.0, 0.0, 0.0, 0.0], [0])",-0.0,-0.0,-0.0,-0.0,-0.7909999999999999,-0.7909999999999999,observed,0.403336,-1.7147919999999988,0.889416
47,"([0.5, 0.15, 0.05, 0.21, 0.09], [1])","([1.0, 0.0, 0.0, 0.0, 0.0], [0])",-0.0,-0.9259999999999999,-0.0,-0.0,-0.0,-0.9259999999999999,observed,0.403336,-1.1921279999999987,0.889416
48,"([0.5, 0.15, 0.05, 0.21, 0.09], [1])","([1.0, 0.0, 0.0, 0.0, 0.0], [0])",-0.0,-0.9259999999999999,-0.0,-0.0,-0.0,-0.9259999999999999,observed,0.403336,-0.6694639999999987,0.889416
49,"([0.5, 0.15, 0.05, 0.21, 0.09], [0])","([1.0, 0.0, 0.0, 0.0, 0.0], [0])",-0.0,-0.0,-0.0,-0.0,-0.0,0.0,observed,0.403336,-1.0727999999999986,0.889416
50,"([0.5, 0.15, 0.05, 0.21, 0.09], [0])","([1.0, 0.0, 0.0, 0.0, 0.0], [0])",-0.0,-0.0,-0.0,-0.0,-0.0,0.0,observed,0.403336,-1.4761359999999986,0.889416
51,"([0.5, 0.15, 0.05, 0.21, 0.09], [0])","([1.0, 0.0, 0.0, 0.0, 0.0], [0])",-0.0,-0.0,-0.0,-0.0,-0.0,0.0,observed,0.403336,-1.8794719999999985,0.889416
52,"([0.5, 0.15, 0.05, 0.21, 0.09], [3])","([1.0, 0.0, 0.0, 0.0, 0.0], [0])",-0.0,-0.0,-0.0,-0.7559999999999999,-0.0,-0.7559999999999999,observed,0.403336,-1.5268079999999986,0.889416
53,"([0.5, 0.15, 0.05, 0.21, 0.09], [3])","([1.0, 0.0, 0.0, 0.0, 0.0], [0])",-0.0,-0.0,-0.0,-0.7559999999999999,-0.0,-0.7559999999999999,observed,0.403336,-1.1741439999999987,0.889416
54,"([0.5, 0.15, 0.05, 0.21, 0.09], [0])","([1.0, 0.0, 0.0, 0.0, 0.0], [0])",-0.0,-0.0,-0.0,-0.0,-0.0,0.0,observed,0.403336,-1.5774799999999987,0.889416
55,"([0.5, 0.15, 0.05, 0.21, 0.09], [1])","([1.0, 0.0, 0.0, 0.0, 0.0], [0])",-0.0,-0.9259999999999999,-0.0,-0.0,-0.0,-0.9259999999999999,observed,0.403336,-1.0548159999999986,0.889416
56,"([0.5, 0.15, 0.05, 0.21, 0.09], [0])","([1.0, 0.0, 0.0, 0.0, 0.0], [0])",-0.0,-0.0,-0.0,-0.0,-0.0,0.0,observed,0.403336,-1.4581519999999986,0.889416
57,"([0.5, 0.15, 0.05, 0.21, 0.09], [0])","([1.0, 0.0, 0.0, 0.0, 0.0], [0])",-0.0,-0.0,-0.0,-0.0,-0.0,0.0,observed,0.403336,-1.8614879999999985,0.889416
58,"([0.5, 0.15, 0.05, 0.21, 0.09], [0])","([1.0, 0.0, 0.0, 0.0, 0.0], [0])",-0.0,-0.0,-0.0,-0.0,-0.0,0.0,observed,0.403336,-2.2648239999999986,0.889416
59,"([0.5, 0.15, 0.05, 0.21, 0.09], [0])","([1.0, 0.0, 0.0, 0.0, 0.0], [0])",-0.0,-0.0,-0.0,-0.0,-0.0,0.0,observed,0.403336,-2.6681599999999985,0.889416
60,"([0.5, 0.15, 0.05, 0.21, 0.09], [0])","([1.0, 0.0, 0.0, 0.0, 0.0], [0])",-0.0,-0.0,-0.0,-0.0,-0.0,0.0,observed,0.403336,-3.0714959999999984,0.889416
61,"([0.5, 0.15, 0.05, 0.21, 0.09], [3])","([1.0, 0.0, 0.0, 0.0, 0.0], [0])",-0.0,-0.0,-0.0,-0.7559999999999999,-0.0,-0.7559999999999999,observed,0.403336,-2.7188319999999986,0.889416
62,"([0.5, 0.15, 0.05, 0.21, 0.09], [3])","([1.0, 0.0, 0.0, 0.0, 0.0], [0])",-0.0,-0.0,-0.0,-0.7559999999999999,-0.0,-0.7559999999999999,observed,0.403336,-2.3661679999999987,0.889416
63,"([0.5, 0.15, 0.05, 0.21, 0.09], [0])","([1.0, 0.0, 0.0, 0.0, 0.0], [0])",-0.0,-0.0,-0.0,-0.0,-0.0,0.0,observed,0.403336,-2.7695039999999986,0.889416
64,"([0.5, 0.15, 0.05, 0.21, 0.09], [4])","([1.0, 0.0, 0.0, 0.0, 0.0], [0])",-0.0,-0.0,-0.0,-0.0,-0.7909999999999999,-0.7909999999999999,observed,0.403336,-2.3818399999999986,0.889416
65,"([0.5, 0.15, 0.05, 0.21, 0.09], [0])","([1.0, 0.0, 0.0, 0.0, 0.0], [0])",-0.0,-0.0,-0.0,-0.0,-0.0,0.0,observed,0.403336,-2.7851759999999985,0.889416
66,"([0.5, 0.15, 0.05, 0.21, 0.09], [0])","([1.0, 0.0, 0.0, 0.0, 0.0], [0])",-0.0,-0.0,-0.0,-0.0,-0.0,0.0,observed,0.403336,-3.1885119999999985,0.889416
67,"([0.5, 0.15, 0.05, 0.21, 0.09], [3])","([1.0, 0.0, 0.0, 0.0, 0.0], [0])",-0.0,-0.0,-0.0,-0.7559999999999999,-0.0,-0.7559999999999999,observed,0.403336,-2.8358479999999986,0.889416
68,"([0.5, 0.15, 0.05, 0.21, 0.09], [1])","([1.0, 0.0, 0.0, 0.0, 0.0], [0])",-0.0,-0.9259999999999999,-0.0,-0.0,-0.0,-0.9259999999999999,observed,0.403336,-2.313183999999999,0.889416
69,"([0.5, 0.15, 0.05, 0.21, 0.09], [0])","([1.0, 0.0, 0.0, 0.0, 0.0], [0])",-0.0,-0.0,-0.0,-0.0,-0.0,0.0,observed,0.403336,-2.7165199999999987,0.889416
70,"([0.5, 0.15, 0.05, 0.21, 0.09], [0])","([1.0, 0.0, 0.0, 0.0, 0.0], [0])",-0.0,-0.0,-0.0,-0.0,-0.0,0.0,observed,0.403336,-3.1198559999999986,0.889416
71,"([0.5, 0.15, 0.05, 0.21, 0.09], [4])","([1.0, 0.0, 0.0, 0.0, 0.0], [0])",-0.0,-0.0,-0.0,-0.0,-0.7909999999999999,-0.7909999999999999,observed,0.403336,-2.7321919999999986,0.889416
72,"([0.5, 0.15, 0.05, 0.21, 0.09], [0])","([1.0, 0.0, 0.0, 0.0, 0.0], [0])",-0.0,-0.0,-0.0,-0.0,-0.0,0.0,observed,0.403336,-3.1355279999999985,0.889416
73,"([0.5, 0.15, 0.05, 0.21, 0.09], [0])","([1.0, 0.0, 0.0, 0.0, 0.0], [0])",-0.0,-0.0,-0.0,-0.0,-0.0,0.0,observed,0.403336,-3.5388639999999985,0.889416
74,"([0.5, 0.15, 0.05, 0.21, 0.09], [0])","([1.0, 0.0, 0.0, 0.0, 0.0], [0])",-0.0,-0.0,-0.0,-0.0,-0.0,0.0,observed,0.403336,-3.9421999999999984,0.889416
75,"([0.5, 0.15, 0.05, 0.21, 0.09], [3])","([1.0, 0.0, 0.0, 0.0, 0.0], [0])",-0.0,-0.0,-0.0,-0.7559999999999999,-0.0,-0.7559999999999999,observed,0.403336,-3.5895359999999985,0.889416
76,"([0.5, 0.15, 0.05, 0.21, 0.09], [0])","([1.0, 0.0, 0.0, 0.0, 0.0], [0])",-0.0,-0.0,-0.0,-0.0,-0.0,0.0,observed,0.403336,-3.9928719999999984,0.889416
77,"([0.5, 0.15, 0.05, 0.21, 0.09], [3])","([1.0, 0.0, 0.0, 0.0, 0.0], [0])",-0.0,-0.0,-0.0,-0.7559999999999999,-0.0,-0.7559999999999999,observed,0.403336,-3.6402079999999986,0.889416
78,"([0.5, 0.15, 0.05, 0.21, 0.09], [4])","([1.0, 0.0, 0.0, 0.0, 0.0], [0])",-0.0,-0.0,-0.0,-0.0,-0.7909999999999999,-0.7909999999999999,observed,0.403336,-3.2525439999999985,0.889416
79,"([0.5, 0.15, 0.05, 0.21, 0.09], [0])","([1.0, 0.0, 0.0, 0.0, 0.0], [0])",-0.0,-0.0,-0.0,-0.0,-0.0,0.0,observed,0.403336,-3.6558799999999985,0.889416
80,"([0.5, 0.15, 0.05, 0.21, 0.09], [3])","([1.0, 0.0, 0.0, 0.0, 0.0], [0])",-0.0,-0.0,-0.0,-0.7559999999999999,-0.0,-0.7559999999999999,observed,0.403336,-3.3032159999999986,0.889416
81,"([0.5, 0.15, 0.05, 0.21, 0.09], [3])","([1.0, 0.0, 0.0, 0.0, 0.0], [0])",-0.0,-0.0,-0.0,-0.7559999999999999,-0.0,-0.7559999999999999,observed,0.403336,-2.9505519999999987,0.889416
82,"([0.5, 0.15, 0.05, 0.21, 0.09], [0])","([1.0, 0.0, 0.0, 0.0, 0.0], [0])",-0.0,-0.0,-0.0,-0.0,-0.0,0.0,observed,0.403336,-3.3538879999999986,0.889416
83,"([0.5, 0.15, 0.05, 0.21, 0.09], [4])","([1.0, 0.0, 0.0, 0.0, 0.0], [0])",-0.0,-0.0,-0.0,-0.0,-0.7909999999999999,-0.7909999999999999,observed,0.403336,-2.9662239999999986,0.889416
84,"([0.5, 0.15, 0.05, 0.21, 0.09], [4])","([1.0, 0.0, 0.0, 0.0, 0.0], [0])",-0.0,-0.0,-0.0,-0.0,-0.7909999999999999,-0.7909999999999999,observed,0.403336,-2.5785599999999986,0.889416
85,"([0.5, 0.15, 0.05, 0.21, 0.09], [0])","([1.0, 0.0, 0.0, 0.0, 0.0], [0])",-0.0,-0.0,-0.0,-0.0,-0.0,0.0,observed,0.403336,-2.9818959999999985,0.889416
86,"([0.5, 0.15, 0.05, 0.21, 0.09], [4])","([1.0, 0.0, 0.0, 0.0, 0.0], [0])",-0.0,-0.0,-0.0,-0.0,-0.7909999999999999,-0.7909999999999999,observed,0.403336,-2.5942319999999985,0.889416
87,"([0.5, 0.15, 0.05, 0.21, 0.09], [1])","([1.0, 0.0, 0.0, 0.0, 0.0], [0])",-0.0,-0.9259999999999999,-0.0,-0.0,-0.0,-0.9259999999999999,observed,0.403336,-2.0715679999999983,0.889416
88,"([0.5, 0.15, 0.05, 0.21, 0.09], [0])","([1.0, 0.0, 0.0, 0.0, 0.0], [0])",-0.0,-0.0,-0.0,-0.0,-0.0,0.0,observed,0.403336,-2.474903999999998,0.889416
89,"([0.5, 0.15, 0.05, 0.21, 0.09], [0])","([1.0, 0.0, 0.0, 0.0, 0.0], [0])",-0.0,-0.0,-0.0,-0.0,-0.0,0.0,observed,0.403336,-2.878239999999998,0.889416
90,"([0.5, 0.15, 0.05, 0.21, 0.09], [3])","([1.0, 0.0, 0.0, 0.0, 0.0], [0])",-0.0,-0.0,-0.0,-0.7559999999999999,-0.0,-0.7559999999999999,observed,0.403336,-2.5255759999999983,0.889416
91,"([0.5, 0.15, 0.05, 0.21, 0.09], [0])","([1.0, 0.0, 0.0, 0.0, 0.0], [0])",-0.0,-0.0,-0.0,-0.0,-0.0,0.0,observed,0.403336,-2.928911999999998,0.889416
92,"([0.5, 0.15, 0.05, 0.21, 0.09], [0])","([1.0, 0.0, 0.0, 0.0, 0.0], [0])",-0.0,-0.0,-0.0,-0.0,-0.0,0.0,observed,0.403336,-3.332247999999998,0.889416
93,"([0.5, 0.15, 0.05, 0.21, 0.09], [0])","([1.0, 0.0, 0.0, 0.0, 0.0], [0])",-0.0,-0.0,-0.0,-0.0,-0.0,0.0,observed,0.403336,-3.735583999999998,0.889416
94,"([0.5, 0.15, 0.05, 0.21, 0.09], [3])","([1.0, 0.0, 0.0, 0.0, 0.0], [0])",-0.0,-0.0,-0.0,-0.7559999999999999,-0.0,-0.7559999999999999,observed,0.403336,-3.382919999999998,0.889416
95,"([0.5, 0.15, 0.05, 0.21, 0.09], [0])","([1.0, 0.0, 0.0, 0.0, 0.0], [0])",-0.0,-0.0,-0.0,-0.0,-0.0,0.0,observed,0.403336,-3.786255999999998,0.889416
96,"([0.5, 0.15, 0.05, 0.21, 0.09], [0])","([1.0, 0.0, 0.0, 0.0, 0.0], [0])",-0.0,-0.0,-0.0,-0.0,-0.0,0.0,observed,0.403336,-4.189591999999998,0.889416
97,"([0.5, 0.15, 0.05, 0.21, 0.09], [4])","([1.0, 0.0, 0.0, 0.0, 0.0], [0])",-0.0,-0.0,-0.0,-0.0,-0.7909999999999999,-0.7909999999999999,observed,0.403336,-3.8019279999999984,0.889416
98,"([0.5, 0.15, 0.05, 0.21, 0.09], [0])","([1.0, 0.0, 0.0, 0.0, 0.0], [0])",-0.0,-0.0,-0.0,-0.0,-0.0,0.0,observed,0.403336,-4.205263999999999,0.889416
99,"([0.5, 0.15, 0.05, 0.21, 0.09], [0])","([1.0, 0.0, 0.0, 0.0, 0.0], [0])",-0.0,-0.0,-0.0,-0.0,-0.0,0.0,observed,0.403336,-4.608599999999999,0.889416
