,sto-1,FRL-0,feedback target 0,feedback target 1,feedback target 2,feedback target 3,feedback target 4,feedback target 5,total,exp_loss,actual_regret,exp_regret
0,"([0.03, 0.18, 0.33, 0.03, 0.08, 0.35], [1])","([0.28, 0.02, 0.07, 0.19, 0.19, 0.25], [2])",-0.0,-0.716,-0.0,-0.0,-0.0,-0.0,-0.716,0.7015137786023969,0.21287100000000003,0.198384778602397
1,"([0.03, 0.18, 0.33, 0.03, 0.08, 0.35], [5])","([0.28, 0.02, 0.07, 0.19, 0.19, 0.25], [2])",-0.0,-0.0,-0.0,-0.0,-0.0,-0.9390000000000001,-0.9390000000000001,0.7015137786023969,0.6487420000000002,0.396769557204794
2,"([0.03, 0.18, 0.33, 0.03, 0.08, 0.35], [5])","([0, 0, 0, 0, 0, 1], [5])",-0.0,-0.0,-0.0,-0.0,-0.0,-0.0,0.0,0.5031289999999999,0.14561300000000021,0.396769557204794
3,"([0.03, 0.18, 0.33, 0.03, 0.08, 0.35], [1])","([0, 0, 0, 0, 0, 1], [5])",-0.0,-0.716,-0.0,-0.0,-0.0,-0.0,-0.716,0.5031289999999999,0.35848400000000025,0.396769557204794
4,"([0.03, 0.18, 0.33, 0.03, 0.08, 0.35], [2])","([0, 1, 0, 0, 0, 0], [1])",-0.0,-0.0,-0.758,-0.0,-0.0,-0.0,-0.758,0.69838,0.6133550000000003,0.5920205572047941
5,"([0.03, 0.18, 0.33, 0.03, 0.08, 0.35], [1])","([0, 0, 0, 0, 0, 1], [5])",-0.0,-0.716,-0.0,-0.0,-0.0,-0.0,-0.716,0.5031289999999999,0.8262260000000003,0.5920205572047941
6,"([0.03, 0.18, 0.33, 0.03, 0.08, 0.35], [1])","([0, 0, 0, 0, 0, 1], [5])",-0.0,-0.716,-0.0,-0.0,-0.0,-0.0,-0.716,0.5031289999999999,1.0390970000000004,0.5920205572047941
7,"([0.03, 0.18, 0.33, 0.03, 0.08, 0.35], [2])","([0, 0, 0, 0, 0, 1], [5])",-0.0,-0.0,-0.758,-0.0,-0.0,-0.0,-0.758,0.5031289999999999,1.2939680000000005,0.5920205572047941
8,"([0.03, 0.18, 0.33, 0.03, 0.08, 0.35], [2])","([0, 0, 0, 0, 0, 1], [5])",-0.0,-0.0,-0.758,-0.0,-0.0,-0.0,-0.758,0.5031289999999999,1.5488390000000005,0.5920205572047941
9,"([0.03, 0.18, 0.33, 0.03, 0.08, 0.35], [2])","([0, 0, 0, 0, 0, 1], [5])",-0.0,-0.0,-0.758,-0.0,-0.0,-0.0,-0.758,0.5031289999999999,1.8037100000000006,0.5920205572047941
10,"([0.03, 0.18, 0.33, 0.03, 0.08, 0.35], [2])","([0, 0, 0, 0, 0, 1], [5])",-0.0,-0.0,-0.758,-0.0,-0.0,-0.0,-0.758,0.5031289999999999,2.0585810000000007,0.5920205572047941
11,"([0.03, 0.18, 0.33, 0.03, 0.08, 0.35], [1])","([0, 0, 0, 0, 0, 1], [5])",-0.0,-0.716,-0.0,-0.0,-0.0,-0.0,-0.716,0.5031289999999999,2.271452000000001,0.5920205572047941
12,"([0.03, 0.18, 0.33, 0.03, 0.08, 0.35], [0])","([0, 0, 0, 0, 0, 1], [5])",-0.968,-0.0,-0.0,-0.0,-0.0,-0.0,-0.968,0.5031289999999999,2.736323000000001,0.5920205572047941
13,"([0.03, 0.18, 0.33, 0.03, 0.08, 0.35], [5])","([0, 0, 0, 0, 0, 1], [5])",-0.0,-0.0,-0.0,-0.0,-0.0,-0.0,0.0,0.5031289999999999,2.233194000000001,0.5920205572047941
14,"([0.03, 0.18, 0.33, 0.03, 0.08, 0.35], [5])","([0, 0, 0, 0, 0, 1], [5])",-0.0,-0.0,-0.0,-0.0,-0.0,-0.0,0.0,0.5031289999999999,1.730065000000001,0.5920205572047941
15,"([0.03, 0.18, 0.33, 0.03, 0.08, 0.35], [4])","([0, 0, 0, 0, 0, 1], [5])",-0.0,-0.0,-0.0,-0.0,-0.861,-0.0,-0.861,0.5031289999999999,2.087936000000001,0.5920205572047941
16,"([0.03, 0.18, 0.33, 0.03, 0.08, 0.35], [2])","([0, 0, 0, 0, 0, 1], [5])",-0.0,-0.0,-0.758,-0.0,-0.0,-0.0,-0.758,0.5031289999999999,2.342807000000001,0.5920205572047941
17,"([0.03, 0.18, 0.33, 0.03, 0.08, 0.35], [3])","([0, 0, 0, 0, 0, 1], [5])",-0.0,-0.0,-0.0,-0.868,-0.0,-0.0,-0.868,0.5031289999999999,2.707678000000001,0.5920205572047941
18,"([0.03, 0.18, 0.33, 0.03, 0.08, 0.35], [1])","([0, 0, 0, 0, 0, 1], [5])",-0.0,-0.716,-0.0,-0.0,-0.0,-0.0,-0.716,0.5031289999999999,2.920549000000001,0.5920205572047941
19,"([0.03, 0.18, 0.33, 0.03, 0.08, 0.35], [1])","([0, 0, 0, 0, 0, 1], [5])",-0.0,-0.716,-0.0,-0.0,-0.0,-0.0,-0.716,0.5031289999999999,3.133420000000001,0.5920205572047941
20,"([0.03, 0.18, 0.33, 0.03, 0.08, 0.35], [2])","([0, 0, 0, 0, 0, 1], [5])",-0.0,-0.0,-0.758,-0.0,-0.0,-0.0,-0.758,0.5031289999999999,3.388291000000001,0.5920205572047941
21,"([0.03, 0.18, 0.33, 0.03, 0.08, 0.35], [1])","([0, 0, 0, 0, 0, 1], [5])",-0.0,-0.716,-0.0,-0.0,-0.0,-0.0,-0.716,0.5031289999999999,3.6011620000000013,0.5920205572047941
22,"([0.03, 0.18, 0.33, 0.03, 0.08, 0.35], [5])","([0, 0, 0, 0, 0, 1], [5])",-0.0,-0.0,-0.0,-0.0,-0.0,-0.0,0.0,0.5031289999999999,3.0980330000000014,0.5920205572047941
23,"([0.03, 0.18, 0.33, 0.03, 0.08, 0.35], [5])","([0, 0, 0, 0, 0, 1], [5])",-0.0,-0.0,-0.0,-0.0,-0.0,-0.0,0.0,0.5031289999999999,2.5949040000000014,0.5920205572047941
24,"([0.03, 0.18, 0.33, 0.03, 0.08, 0.35], [2])","([0, 0, 0, 0, 0, 1], [5])",-0.0,-0.0,-0.758,-0.0,-0.0,-0.0,-0.758,0.5031289999999999,2.8497750000000015,0.5920205572047941
25,"([0.03, 0.18, 0.33, 0.03, 0.08, 0.35], [5])","([0, 0, 0, 0, 0, 1], [5])",-0.0,-0.0,-0.0,-0.0,-0.0,-0.0,0.0,0.5031289999999999,2.3466460000000016,0.5920205572047941
26,"([0.03, 0.18, 0.33, 0.03, 0.08, 0.35], [5])","([0, 0, 0, 0, 0, 1], [5])",-0.0,-0.0,-0.0,-0.0,-0.0,-0.0,0.0,0.5031289999999999,1.8435170000000016,0.5920205572047941
27,"([0.03, 0.18, 0.33, 0.03, 0.08, 0.35], [1])","([0, 0, 0, 0, 0, 1], [5])",-0.0,-0.716,-0.0,-0.0,-0.0,-0.0,-0.716,0.5031289999999999,2.056388000000002,0.5920205572047941
28,"([0.03, 0.18, 0.33, 0.03, 0.08, 0.35], [5])","([0, 0, 0, 0, 0, 1], [5])",-0.0,-0.0,-0.0,-0.0,-0.0,-0.0,0.0,0.5031289999999999,1.553259000000002,0.5920205572047941
29,"([0.03, 0.18, 0.33, 0.03, 0.08, 0.35], [2])","([0, 0, 0, 0, 0, 1], [5])",-0.0,-0.0,-0.758,-0.0,-0.0,-0.0,-0.758,0.5031289999999999,1.808130000000002,0.5920205572047941
30,"([0.03, 0.18, 0.33, 0.03, 0.08, 0.35], [5])","([0, 0, 0, 0, 0, 1], [5])",-0.0,-0.0,-0.0,-0.0,-0.0,-0.0,0.0,0.5031289999999999,1.305001000000002,0.5920205572047941
31,"([0.03, 0.18, 0.33, 0.03, 0.08, 0.35], [1])","([0, 0, 0, 0, 0, 1], [5])",-0.0,-0.716,-0.0,-0.0,-0.0,-0.0,-0.716,0.5031289999999999,1.517872000000002,0.5920205572047941
32,"([0.03, 0.18, 0.33, 0.03, 0.08, 0.35], [4])","([0, 0, 0, 0, 0, 1], [5])",-0.0,-0.0,-0.0,-0.0,-0.861,-0.0,-0.861,0.5031289999999999,1.8757430000000022,0.5920205572047941
33,"([0.03, 0.18, 0.33, 0.03, 0.08, 0.35], [2])","([0, 0, 0, 0, 0, 1], [5])",-0.0,-0.0,-0.758,-0.0,-0.0,-0.0,-0.758,0.5031289999999999,2.1306140000000022,0.5920205572047941
34,"([0.03, 0.18, 0.33, 0.03, 0.08, 0.35], [2])","([0, 0, 0, 0, 0, 1], [5])",-0.0,-0.0,-0.758,-0.0,-0.0,-0.0,-0.758,0.5031289999999999,2.3854850000000023,0.5920205572047941
35,"([0.03, 0.18, 0.33, 0.03, 0.08, 0.35], [1])","([0, 0, 0, 0, 0, 1], [5])",-0.0,-0.716,-0.0,-0.0,-0.0,-0.0,-0.716,0.5031289999999999,2.5983560000000026,0.5920205572047941
36,"([0.03, 0.18, 0.33, 0.03, 0.08, 0.35], [2])","([0, 0, 0, 0, 0, 1], [5])",-0.0,-0.0,-0.758,-0.0,-0.0,-0.0,-0.758,0.5031289999999999,2.8532270000000026,0.5920205572047941
37,"([0.03, 0.18, 0.33, 0.03, 0.08, 0.35], [5])","([0, 0, 0, 0, 0, 1], [5])",-0.0,-0.0,-0.0,-0.0,-0.0,-0.0,0.0,0.5031289999999999,2.3500980000000027,0.5920205572047941
38,"([0.03, 0.18, 0.33, 0.03, 0.08, 0.35], [4])","([0, 0, 0, 0, 0, 1], [5])",-0.0,-0.0,-0.0,-0.0,-0.861,-0.0,-0.861,0.5031289999999999,2.707969000000003,0.5920205572047941
39,"([0.03, 0.18, 0.33, 0.03, 0.08, 0.35], [1])","([0, 0, 0, 0, 0, 1], [5])",-0.0,-0.716,-0.0,-0.0,-0.0,-0.0,-0.716,0.5031289999999999,2.9208400000000028,0.5920205572047941
40,"([0.03, 0.18, 0.33, 0.03, 0.08, 0.35], [2])","([0, 0, 0, 0, 0, 1], [5])",-0.0,-0.0,-0.758,-0.0,-0.0,-0.0,-0.758,0.5031289999999999,3.175711000000003,0.5920205572047941
41,"([0.03, 0.18, 0.33, 0.03, 0.08, 0.35], [5])","([0, 0, 0, 0, 0, 1], [5])",-0.0,-0.0,-0.0,-0.0,-0.0,-0.0,0.0,0.5031289999999999,2.672582000000003,0.5920205572047941
42,"([0.03, 0.18, 0.33, 0.03, 0.08, 0.35], [1])","([0, 0, 0, 0, 0, 1], [5])",-0.0,-0.716,-0.0,-0.0,-0.0,-0.0,-0.716,0.5031289999999999,2.8854530000000027,0.5920205572047941
43,"([0.03, 0.18, 0.33, 0.03, 0.08, 0.35], [5])","([0, 0, 0, 0, 0, 1], [5])",-0.0,-0.0,-0.0,-0.0,-0.0,-0.0,0.0,0.5031289999999999,2.3823240000000028,0.5920205572047941
44,"([0.03, 0.18, 0.33, 0.03, 0.08, 0.35], [4])","([0, 0, 0, 0, 0, 1], [5])",-0.0,-0.0,-0.0,-0.0,-0.861,-0.0,-0.861,0.5031289999999999,2.7401950000000026,0.5920205572047941
45,"([0.03, 0.18, 0.33, 0.03, 0.08, 0.35], [1])","([0, 0, 0, 0, 0, 1], [5])",-0.0,-0.716,-0.0,-0.0,-0.0,-0.0,-0.716,0.5031289999999999,2.9530660000000024,0.5920205572047941
46,"([0.03, 0.18, 0.33, 0.03, 0.08, 0.35], [5])","([0, 0, 0, 0, 0, 1], [5])",-0.0,-0.0,-0.0,-0.0,-0.0,-0.0,0.0,0.5031289999999999,2.4499370000000025,0.5920205572047941
47,"([0.03, 0.18, 0.33, 0.03, 0.08, 0.35], [2])","([0, 0, 0, 0, 0, 1], [5])",-0.0,-0.0,-0.758,-0.0,-0.0,-0.0,-0.758,0.5031289999999999,2.7048080000000025,0.5920205572047941
48,"([0.03, 0.18, 0.33, 0.03, 0.08, 0.35], [2])","([0, 0, 0, 0, 0, 1], [5])",-0.0,-0.0,-0.758,-0.0,-0.0,-0.0,-0.758,0.5031289999999999,2.9596790000000026,0.5920205572047941
49,"([0.03, 0.18, 0.33, 0.03, 0.08, 0.35], [5])","([0, 0, 0, 0, 0, 1], [5])",-0.0,-0.0,-0.0,-0.0,-0.0,-0.0,0.0,0.5031289999999999,2.4565500000000027,0.5920205572047941
50,"([0.03, 0.18, 0.33, 0.03, 0.08, 0.35], [5])","([0, 0, 0, 0, 0, 1], [5])",-0.0,-0.0,-0.0,-0.0,-0.0,-0.0,0.0,0.5031289999999999,1.9534210000000027,0.5920205572047941
51,"([0.03, 0.18, 0.33, 0.03, 0.08, 0.35], [4])","([0, 0, 0, 0, 0, 1], [5])",-0.0,-0.0,-0.0,-0.0,-0.861,-0.0,-0.861,0.5031289999999999,2.3112920000000026,0.5920205572047941
52,"([0.03, 0.18, 0.33, 0.03, 0.08, 0.35], [1])","([0, 0, 0, 0, 0, 1], [5])",-0.0,-0.716,-0.0,-0.0,-0.0,-0.0,-0.716,0.5031289999999999,2.5241630000000024,0.5920205572047941
53,"([0.03, 0.18, 0.33, 0.03, 0.08, 0.35], [2])","([0, 0, 0, 0, 0, 1], [5])",-0.0,-0.0,-0.758,-0.0,-0.0,-0.0,-0.758,0.5031289999999999,2.7790340000000024,0.5920205572047941
54,"([0.03, 0.18, 0.33, 0.03, 0.08, 0.35], [5])","([0, 0, 0, 0, 0, 1], [5])",-0.0,-0.0,-0.0,-0.0,-0.0,-0.0,0.0,0.5031289999999999,2.2759050000000025,0.5920205572047941
55,"([0.03, 0.18, 0.33, 0.03, 0.08, 0.35], [2])","([0, 0, 0, 0, 0, 1], [5])",-0.0,-0.0,-0.758,-0.0,-0.0,-0.0,-0.758,0.5031289999999999,2.5307760000000026,0.5920205572047941
56,"([0.03, 0.18, 0.33, 0.03, 0.08, 0.35], [5])","([0, 0, 0, 0, 0, 1], [5])",-0.0,-0.0,-0.0,-0.0,-0.0,-0.0,0.0,0.5031289999999999,2.0276470000000026,0.5920205572047941
57,"([0.03, 0.18, 0.33, 0.03, 0.08, 0.35], [5])","([0, 0, 0, 0, 0, 1], [5])",-0.0,-0.0,-0.0,-0.0,-0.0,-0.0,0.0,0.5031289999999999,1.5245180000000027,0.5920205572047941
58,"([0.03, 0.18, 0.33, 0.03, 0.08, 0.35], [5])","([0, 0, 0, 0, 0, 1], [5])",-0.0,-0.0,-0.0,-0.0,-0.0,-0.0,0.0,0.5031289999999999,1.0213890000000028,0.5920205572047941
59,"([0.03, 0.18, 0.33, 0.03, 0.08, 0.35], [2])","([0, 0, 0, 0, 0, 1], [5])",-0.0,-0.0,-0.758,-0.0,-0.0,-0.0,-0.758,0.5031289999999999,1.2762600000000028,0.5920205572047941
60,"([0.03, 0.18, 0.33, 0.03, 0.08, 0.35], [2])","([0, 0, 0, 0, 0, 1], [5])",-0.0,-0.0,-0.758,-0.0,-0.0,-0.0,-0.758,0.5031289999999999,1.531131000000003,0.5920205572047941
61,"([0.03, 0.18, 0.33, 0.03, 0.08, 0.35], [5])","([0, 0, 0, 0, 0, 1], [5])",-0.0,-0.0,-0.0,-0.0,-0.0,-0.0,0.0,0.5031289999999999,1.028002000000003,0.5920205572047941
62,"([0.03, 0.18, 0.33, 0.03, 0.08, 0.35], [1])","([0, 0, 0, 0, 0, 1], [5])",-0.0,-0.716,-0.0,-0.0,-0.0,-0.0,-0.716,0.5031289999999999,1.240873000000003,0.5920205572047941
63,"([0.03, 0.18, 0.33, 0.03, 0.08, 0.35], [2])","([0, 0, 0, 0, 0, 1], [5])",-0.0,-0.0,-0.758,-0.0,-0.0,-0.0,-0.758,0.5031289999999999,1.495744000000003,0.5920205572047941
64,"([0.03, 0.18, 0.33, 0.03, 0.08, 0.35], [2])","([0, 0, 0, 0, 0, 1], [5])",-0.0,-0.0,-0.758,-0.0,-0.0,-0.0,-0.758,0.5031289999999999,1.7506150000000031,0.5920205572047941
65,"([0.03, 0.18, 0.33, 0.03, 0.08, 0.35], [5])","([0, 0, 0, 0, 0, 1], [5])",-0.0,-0.0,-0.0,-0.0,-0.0,-0.0,0.0,0.5031289999999999,1.2474860000000032,0.5920205572047941
66,"([0.03, 0.18, 0.33, 0.03, 0.08, 0.35], [0])","([0, 0, 0, 0, 0, 1], [5])",-0.968,-0.0,-0.0,-0.0,-0.0,-0.0,-0.968,0.5031289999999999,1.7123570000000032,0.5920205572047941
67,"([0.03, 0.18, 0.33, 0.03, 0.08, 0.35], [5])","([0, 0, 0, 0, 0, 1], [5])",-0.0,-0.0,-0.0,-0.0,-0.0,-0.0,0.0,0.5031289999999999,1.2092280000000033,0.5920205572047941
68,"([0.03, 0.18, 0.33, 0.03, 0.08, 0.35], [1])","([0, 0, 0, 0, 0, 1], [5])",-0.0,-0.716,-0.0,-0.0,-0.0,-0.0,-0.716,0.5031289999999999,1.4220990000000033,0.5920205572047941
69,"([0.03, 0.18, 0.33, 0.03, 0.08, 0.35], [2])","([0, 0, 0, 0, 0, 1], [5])",-0.0,-0.0,-0.758,-0.0,-0.0,-0.0,-0.758,0.5031289999999999,1.6769700000000034,0.5920205572047941
70,"([0.03, 0.18, 0.33, 0.03, 0.08, 0.35], [2])","([0, 0, 0, 0, 0, 1], [5])",-0.0,-0.0,-0.758,-0.0,-0.0,-0.0,-0.758,0.5031289999999999,1.9318410000000035,0.5920205572047941
71,"([0.03, 0.18, 0.33, 0.03, 0.08, 0.35], [1])","([0, 0, 0, 0, 0, 1], [5])",-0.0,-0.716,-0.0,-0.0,-0.0,-0.0,-0.716,0.5031289999999999,2.1447120000000037,0.5920205572047941
72,"([0.03, 0.18, 0.33, 0.03, 0.08, 0.35], [1])","([0, 0, 0, 0, 0, 1], [5])",-0.0,-0.716,-0.0,-0.0,-0.0,-0.0,-0.716,0.5031289999999999,2.3575830000000035,0.5920205572047941
73,"([0.03, 0.18, 0.33, 0.03, 0.08, 0.35], [2])","([0, 0, 0, 0, 0, 1], [5])",-0.0,-0.0,-0.758,-0.0,-0.0,-0.0,-0.758,0.5031289999999999,2.6124540000000036,0.5920205572047941
74,"([0.03, 0.18, 0.33, 0.03, 0.08, 0.35], [2])","([0, 0, 0, 0, 0, 1], [5])",-0.0,-0.0,-0.758,-0.0,-0.0,-0.0,-0.758,0.5031289999999999,2.8673250000000037,0.5920205572047941
75,"([0.03, 0.18, 0.33, 0.03, 0.08, 0.35], [5])","([0, 0, 0, 0, 0, 1], [5])",-0.0,-0.0,-0.0,-0.0,-0.0,-0.0,0.0,0.5031289999999999,2.3641960000000037,0.5920205572047941
76,"([0.03, 0.18, 0.33, 0.03, 0.08, 0.35], [3])","([0, 0, 0, 0, 0, 1], [5])",-0.0,-0.0,-0.0,-0.868,-0.0,-0.0,-0.868,0.5031289999999999,2.7290670000000037,0.5920205572047941
77,"([0.03, 0.18, 0.33, 0.03, 0.08, 0.35], [5])","([0, 0, 0, 0, 0, 1], [5])",-0.0,-0.0,-0.0,-0.0,-0.0,-0.0,0.0,0.5031289999999999,2.2259380000000037,0.5920205572047941
78,"([0.03, 0.18, 0.33, 0.03, 0.08, 0.35], [1])","([0, 0, 0, 0, 0, 1], [5])",-0.0,-0.716,-0.0,-0.0,-0.0,-0.0,-0.716,0.5031289999999999,2.4388090000000036,0.5920205572047941
79,"([0.03, 0.18, 0.33, 0.03, 0.08, 0.35], [2])","([0, 0, 0, 0, 0, 1], [5])",-0.0,-0.0,-0.758,-0.0,-0.0,-0.0,-0.758,0.5031289999999999,2.6936800000000036,0.5920205572047941
80,"([0.03, 0.18, 0.33, 0.03, 0.08, 0.35], [2])","([0, 0, 0, 0, 0, 1], [5])",-0.0,-0.0,-0.758,-0.0,-0.0,-0.0,-0.758,0.5031289999999999,2.9485510000000037,0.5920205572047941
81,"([0.03, 0.18, 0.33, 0.03, 0.08, 0.35], [5])","([0, 0, 0, 0, 0, 1], [5])",-0.0,-0.0,-0.0,-0.0,-0.0,-0.0,0.0,0.5031289999999999,2.4454220000000038,0.5920205572047941
82,"([0.03, 0.18, 0.33, 0.03, 0.08, 0.35], [1])","([0, 0, 0, 0, 0, 1], [5])",-0.0,-0.716,-0.0,-0.0,-0.0,-0.0,-0.716,0.5031289999999999,2.658293000000004,0.5920205572047941
83,"([0.03, 0.18, 0.33, 0.03, 0.08, 0.35], [2])","([0, 0, 0, 0, 0, 1], [5])",-0.0,-0.0,-0.758,-0.0,-0.0,-0.0,-0.758,0.5031289999999999,2.913164000000004,0.5920205572047941
84,"([0.03, 0.18, 0.33, 0.03, 0.08, 0.35], [1])","([0, 0, 0, 0, 0, 1], [5])",-0.0,-0.716,-0.0,-0.0,-0.0,-0.0,-0.716,0.5031289999999999,3.1260350000000043,0.5920205572047941
85,"([0.03, 0.18, 0.33, 0.03, 0.08, 0.35], [1])","([0, 0, 0, 0, 0, 1], [5])",-0.0,-0.716,-0.0,-0.0,-0.0,-0.0,-0.716,0.5031289999999999,3.338906000000004,0.5920205572047941
86,"([0.03, 0.18, 0.33, 0.03, 0.08, 0.35], [2])","([0, 0, 0, 0, 0, 1], [5])",-0.0,-0.0,-0.758,-0.0,-0.0,-0.0,-0.758,0.5031289999999999,3.593777000000004,0.5920205572047941
87,"([0.03, 0.18, 0.33, 0.03, 0.08, 0.35], [2])","([0, 0, 0, 0, 0, 1], [5])",-0.0,-0.0,-0.758,-0.0,-0.0,-0.0,-0.758,0.5031289999999999,3.8486480000000043,0.5920205572047941
88,"([0.03, 0.18, 0.33, 0.03, 0.08, 0.35], [2])","([0, 0, 0, 0, 0, 1], [5])",-0.0,-0.0,-0.758,-0.0,-0.0,-0.0,-0.758,0.5031289999999999,4.103519000000004,0.5920205572047941
89,"([0.03, 0.18, 0.33, 0.03, 0.08, 0.35], [1])","([0, 0, 0, 0, 0, 1], [5])",-0.0,-0.716,-0.0,-0.0,-0.0,-0.0,-0.716,0.5031289999999999,4.316390000000004,0.5920205572047941
90,"([0.03, 0.18, 0.33, 0.03, 0.08, 0.35], [2])","([0, 0, 0, 0, 0, 1], [5])",-0.0,-0.0,-0.758,-0.0,-0.0,-0.0,-0.758,0.5031289999999999,4.571261000000003,0.5920205572047941
91,"([0.03, 0.18, 0.33, 0.03, 0.08, 0.35], [1])","([0, 0, 0, 0, 0, 1], [5])",-0.0,-0.716,-0.0,-0.0,-0.0,-0.0,-0.716,0.5031289999999999,4.784132000000003,0.5920205572047941
92,"([0.03, 0.18, 0.33, 0.03, 0.08, 0.35], [1])","([0, 0, 0, 0, 0, 1], [5])",-0.0,-0.716,-0.0,-0.0,-0.0,-0.0,-0.716,0.5031289999999999,4.997003000000003,0.5920205572047941
93,"([0.03, 0.18, 0.33, 0.03, 0.08, 0.35], [2])","([0, 0, 0, 0, 0, 1], [5])",-0.0,-0.0,-0.758,-0.0,-0.0,-0.0,-0.758,0.5031289999999999,5.251874000000003,0.5920205572047941
94,"([0.03, 0.18, 0.33, 0.03, 0.08, 0.35], [5])","([0, 0, 0, 0, 0, 1], [5])",-0.0,-0.0,-0.0,-0.0,-0.0,-0.0,0.0,0.5031289999999999,4.748745000000003,0.5920205572047941
95,"([0.03, 0.18, 0.33, 0.03, 0.08, 0.35], [5])","([0, 0, 0, 0, 0, 1], [5])",-0.0,-0.0,-0.0,-0.0,-0.0,-0.0,0.0,0.5031289999999999,4.245616000000004,0.5920205572047941
96,"([0.03, 0.18, 0.33, 0.03, 0.08, 0.35], [5])","([0, 0, 0, 0, 0, 1], [5])",-0.0,-0.0,-0.0,-0.0,-0.0,-0.0,0.0,0.5031289999999999,3.7424870000000037,0.5920205572047941
97,"([0.03, 0.18, 0.33, 0.03, 0.08, 0.35], [2])","([0, 0, 0, 0, 0, 1], [5])",-0.0,-0.0,-0.758,-0.0,-0.0,-0.0,-0.758,0.5031289999999999,3.9973580000000037,0.5920205572047941
98,"([0.03, 0.18, 0.33, 0.03, 0.08, 0.35], [2])","([0, 0, 0, 0, 0, 1], [5])",-0.0,-0.0,-0.758,-0.0,-0.0,-0.0,-0.758,0.5031289999999999,4.252229000000003,0.5920205572047941
99,"([0.03, 0.18, 0.33, 0.03, 0.08, 0.35], [5])","([0, 0, 0, 0, 0, 1], [5])",-0.0,-0.0,-0.0,-0.0,-0.0,-0.0,0.0,0.5031289999999999,3.7491000000000034,0.5920205572047941
100,"([0.03, 0.18, 0.33, 0.03, 0.08, 0.35], [1])","([0, 0, 0, 0, 0, 1], [5])",-0.0,-0.716,-0.0,-0.0,-0.0,-0.0,-0.716,0.5031289999999999,3.9619710000000037,0.5920205572047941
101,"([0.03, 0.18, 0.33, 0.03, 0.08, 0.35], [5])","([0, 0, 0, 0, 0, 1], [5])",-0.0,-0.0,-0.0,-0.0,-0.0,-0.0,0.0,0.5031289999999999,3.4588420000000037,0.5920205572047941
102,"([0.03, 0.18, 0.33, 0.03, 0.08, 0.35], [5])","([0, 0, 0, 0, 0, 1], [5])",-0.0,-0.0,-0.0,-0.0,-0.0,-0.0,0.0,0.5031289999999999,2.955713000000004,0.5920205572047941
103,"([0.03, 0.18, 0.33, 0.03, 0.08, 0.35], [1])","([0, 0, 0, 0, 0, 1], [5])",-0.0,-0.716,-0.0,-0.0,-0.0,-0.0,-0.716,0.5031289999999999,3.1685840000000036,0.5920205572047941
104,"([0.03, 0.18, 0.33, 0.03, 0.08, 0.35], [2])","([0, 0, 0, 0, 0, 1], [5])",-0.0,-0.0,-0.758,-0.0,-0.0,-0.0,-0.758,0.5031289999999999,3.4234550000000037,0.5920205572047941
105,"([0.03, 0.18, 0.33, 0.03, 0.08, 0.35], [2])","([0, 0, 0, 0, 0, 1], [5])",-0.0,-0.0,-0.758,-0.0,-0.0,-0.0,-0.758,0.5031289999999999,3.6783260000000038,0.5920205572047941
106,"([0.03, 0.18, 0.33, 0.03, 0.08, 0.35], [3])","([0, 0, 0, 0, 0, 1], [5])",-0.0,-0.0,-0.0,-0.868,-0.0,-0.0,-0.868,0.5031289999999999,4.043197000000004,0.5920205572047941
107,"([0.03, 0.18, 0.33, 0.03, 0.08, 0.35], [5])","([0, 0, 0, 0, 0, 1], [5])",-0.0,-0.0,-0.0,-0.0,-0.0,-0.0,0.0,0.5031289999999999,3.5400680000000038,0.5920205572047941
108,"([0.03, 0.18, 0.33, 0.03, 0.08, 0.35], [1])","([0, 0, 0, 0, 0, 1], [5])",-0.0,-0.716,-0.0,-0.0,-0.0,-0.0,-0.716,0.5031289999999999,3.752939000000004,0.5920205572047941
109,"([0.03, 0.18, 0.33, 0.03, 0.08, 0.35], [2])","([0, 0, 0, 0, 0, 1], [5])",-0.0,-0.0,-0.758,-0.0,-0.0,-0.0,-0.758,0.5031289999999999,4.0078100000000045,0.5920205572047941
110,"([0.03, 0.18, 0.33, 0.03, 0.08, 0.35], [1])","([0, 0, 0, 0, 0, 1], [5])",-0.0,-0.716,-0.0,-0.0,-0.0,-0.0,-0.716,0.5031289999999999,4.220681000000004,0.5920205572047941
111,"([0.03, 0.18, 0.33, 0.03, 0.08, 0.35], [2])","([0, 0, 0, 0, 0, 1], [5])",-0.0,-0.0,-0.758,-0.0,-0.0,-0.0,-0.758,0.5031289999999999,4.475552000000004,0.5920205572047941
112,"([0.03, 0.18, 0.33, 0.03, 0.08, 0.35], [1])","([0, 0, 0, 0, 0, 1], [5])",-0.0,-0.716,-0.0,-0.0,-0.0,-0.0,-0.716,0.5031289999999999,4.688423000000004,0.5920205572047941
113,"([0.03, 0.18, 0.33, 0.03, 0.08, 0.35], [1])","([0, 0, 0, 0, 0, 1], [5])",-0.0,-0.716,-0.0,-0.0,-0.0,-0.0,-0.716,0.5031289999999999,4.901294000000004,0.5920205572047941
114,"([0.03, 0.18, 0.33, 0.03, 0.08, 0.35], [2])","([0, 0, 0, 0, 0, 1], [5])",-0.0,-0.0,-0.758,-0.0,-0.0,-0.0,-0.758,0.5031289999999999,5.156165000000003,0.5920205572047941
115,"([0.03, 0.18, 0.33, 0.03, 0.08, 0.35], [5])","([0, 0, 0, 0, 0, 1], [5])",-0.0,-0.0,-0.0,-0.0,-0.0,-0.0,0.0,0.5031289999999999,4.653036000000004,0.5920205572047941
116,"([0.03, 0.18, 0.33, 0.03, 0.08, 0.35], [2])","([0, 0, 0, 0, 0, 1], [5])",-0.0,-0.0,-0.758,-0.0,-0.0,-0.0,-0.758,0.5031289999999999,4.907907000000003,0.5920205572047941
117,"([0.03, 0.18, 0.33, 0.03, 0.08, 0.35], [2])","([0, 0, 0, 0, 0, 1], [5])",-0.0,-0.0,-0.758,-0.0,-0.0,-0.0,-0.758,0.5031289999999999,5.162778000000003,0.5920205572047941
118,"([0.03, 0.18, 0.33, 0.03, 0.08, 0.35], [2])","([0, 0, 0, 0, 0, 1], [5])",-0.0,-0.0,-0.758,-0.0,-0.0,-0.0,-0.758,0.5031289999999999,5.417649000000003,0.5920205572047941
119,"([0.03, 0.18, 0.33, 0.03, 0.08, 0.35], [5])","([0, 0, 0, 0, 0, 1], [5])",-0.0,-0.0,-0.0,-0.0,-0.0,-0.0,0.0,0.5031289999999999,4.914520000000003,0.5920205572047941
120,"([0.03, 0.18, 0.33, 0.03, 0.08, 0.35], [5])","([0, 0, 0, 0, 0, 1], [5])",-0.0,-0.0,-0.0,-0.0,-0.0,-0.0,0.0,0.5031289999999999,4.411391000000004,0.5920205572047941
121,"([0.03, 0.18, 0.33, 0.03, 0.08, 0.35], [5])","([0, 0, 0, 0, 0, 1], [5])",-0.0,-0.0,-0.0,-0.0,-0.0,-0.0,0.0,0.5031289999999999,3.9082620000000037,0.5920205572047941
122,"([0.03, 0.18, 0.33, 0.03, 0.08, 0.35], [1])","([0, 0, 0, 0, 0, 1], [5])",-0.0,-0.716,-0.0,-0.0,-0.0,-0.0,-0.716,0.5031289999999999,4.121133000000004,0.5920205572047941
123,"([0.03, 0.18, 0.33, 0.03, 0.08, 0.35], [5])","([0, 0, 0, 0, 0, 1], [5])",-0.0,-0.0,-0.0,-0.0,-0.0,-0.0,0.0,0.5031289999999999,3.618004000000004,0.5920205572047941
124,"([0.03, 0.18, 0.33, 0.03, 0.08, 0.35], [2])","([0, 0, 0, 0, 0, 1], [5])",-0.0,-0.0,-0.758,-0.0,-0.0,-0.0,-0.758,0.5031289999999999,3.872875000000004,0.5920205572047941
125,"([0.03, 0.18, 0.33, 0.03, 0.08, 0.35], [5])","([0, 0, 0, 0, 0, 1], [5])",-0.0,-0.0,-0.0,-0.0,-0.0,-0.0,0.0,0.5031289999999999,3.369746000000004,0.5920205572047941
126,"([0.03, 0.18, 0.33, 0.03, 0.08, 0.35], [2])","([0, 0, 0, 0, 0, 1], [5])",-0.0,-0.0,-0.758,-0.0,-0.0,-0.0,-0.758,0.5031289999999999,3.624617000000004,0.5920205572047941
127,"([0.03, 0.18, 0.33, 0.03, 0.08, 0.35], [2])","([0, 0, 0, 0, 0, 1], [5])",-0.0,-0.0,-0.758,-0.0,-0.0,-0.0,-0.758,0.5031289999999999,3.8794880000000043,0.5920205572047941
128,"([0.03, 0.18, 0.33, 0.03, 0.08, 0.35], [5])","([0, 0, 0, 0, 0, 1], [5])",-0.0,-0.0,-0.0,-0.0,-0.0,-0.0,0.0,0.5031289999999999,3.3763590000000043,0.5920205572047941
129,"([0.03, 0.18, 0.33, 0.03, 0.08, 0.35], [5])","([0, 0, 0, 0, 0, 1], [5])",-0.0,-0.0,-0.0,-0.0,-0.0,-0.0,0.0,0.5031289999999999,2.8732300000000044,0.5920205572047941
130,"([0.03, 0.18, 0.33, 0.03, 0.08, 0.35], [5])","([0, 0, 0, 0, 0, 1], [5])",-0.0,-0.0,-0.0,-0.0,-0.0,-0.0,0.0,0.5031289999999999,2.3701010000000045,0.5920205572047941
131,"([0.03, 0.18, 0.33, 0.03, 0.08, 0.35], [2])","([0, 0, 0, 0, 0, 1], [5])",-0.0,-0.0,-0.758,-0.0,-0.0,-0.0,-0.758,0.5031289999999999,2.6249720000000045,0.5920205572047941
132,"([0.03, 0.18, 0.33, 0.03, 0.08, 0.35], [5])","([0, 0, 0, 0, 0, 1], [5])",-0.0,-0.0,-0.0,-0.0,-0.0,-0.0,0.0,0.5031289999999999,2.1218430000000046,0.5920205572047941
133,"([0.03, 0.18, 0.33, 0.03, 0.08, 0.35], [5])","([0, 0, 0, 0, 0, 1], [5])",-0.0,-0.0,-0.0,-0.0,-0.0,-0.0,0.0,0.5031289999999999,1.6187140000000046,0.5920205572047941
134,"([0.03, 0.18, 0.33, 0.03, 0.08, 0.35], [2])","([0, 0, 0, 0, 0, 1], [5])",-0.0,-0.0,-0.758,-0.0,-0.0,-0.0,-0.758,0.5031289999999999,1.8735850000000047,0.5920205572047941
135,"([0.03, 0.18, 0.33, 0.03, 0.08, 0.35], [5])","([0, 0, 0, 0, 0, 1], [5])",-0.0,-0.0,-0.0,-0.0,-0.0,-0.0,0.0,0.5031289999999999,1.3704560000000048,0.5920205572047941
136,"([0.03, 0.18, 0.33, 0.03, 0.08, 0.35], [1])","([0, 0, 0, 0, 0, 1], [5])",-0.0,-0.716,-0.0,-0.0,-0.0,-0.0,-0.716,0.5031289999999999,1.5833270000000048,0.5920205572047941
137,"([0.03, 0.18, 0.33, 0.03, 0.08, 0.35], [1])","([0, 0, 0, 0, 0, 1], [5])",-0.0,-0.716,-0.0,-0.0,-0.0,-0.0,-0.716,0.5031289999999999,1.7961980000000048,0.5920205572047941
138,"([0.03, 0.18, 0.33, 0.03, 0.08, 0.35], [5])","([0, 0, 0, 0, 0, 1], [5])",-0.0,-0.0,-0.0,-0.0,-0.0,-0.0,0.0,0.5031289999999999,1.293069000000005,0.5920205572047941
139,"([0.03, 0.18, 0.33, 0.03, 0.08, 0.35], [1])","([0, 0, 0, 0, 0, 1], [5])",-0.0,-0.716,-0.0,-0.0,-0.0,-0.0,-0.716,0.5031289999999999,1.505940000000005,0.5920205572047941
140,"([0.03, 0.18, 0.33, 0.03, 0.08, 0.35], [1])","([0, 0, 0, 0, 0, 1], [5])",-0.0,-0.716,-0.0,-0.0,-0.0,-0.0,-0.716,0.5031289999999999,1.718811000000005,0.5920205572047941
141,"([0.03, 0.18, 0.33, 0.03, 0.08, 0.35], [1])","([0, 0, 0, 0, 0, 1], [5])",-0.0,-0.716,-0.0,-0.0,-0.0,-0.0,-0.716,0.5031289999999999,1.931682000000005,0.5920205572047941
142,"([0.03, 0.18, 0.33, 0.03, 0.08, 0.35], [2])","([0, 0, 0, 0, 0, 1], [5])",-0.0,-0.0,-0.758,-0.0,-0.0,-0.0,-0.758,0.5031289999999999,2.1865530000000053,0.5920205572047941
143,"([0.03, 0.18, 0.33, 0.03, 0.08, 0.35], [5])","([0, 0, 0, 0, 0, 1], [5])",-0.0,-0.0,-0.0,-0.0,-0.0,-0.0,0.0,0.5031289999999999,1.6834240000000054,0.5920205572047941
144,"([0.03, 0.18, 0.33, 0.03, 0.08, 0.35], [2])","([0, 0, 0, 0, 0, 1], [5])",-0.0,-0.0,-0.758,-0.0,-0.0,-0.0,-0.758,0.5031289999999999,1.9382950000000054,0.5920205572047941
145,"([0.03, 0.18, 0.33, 0.03, 0.08, 0.35], [1])","([0, 0, 0, 0, 0, 1], [5])",-0.0,-0.716,-0.0,-0.0,-0.0,-0.0,-0.716,0.5031289999999999,2.1511660000000052,0.5920205572047941
146,"([0.03, 0.18, 0.33, 0.03, 0.08, 0.35], [2])","([0, 0, 0, 0, 0, 1], [5])",-0.0,-0.0,-0.758,-0.0,-0.0,-0.0,-0.758,0.5031289999999999,2.4060370000000053,0.5920205572047941
147,"([0.03, 0.18, 0.33, 0.03, 0.08, 0.35], [5])","([0, 0, 0, 0, 0, 1], [5])",-0.0,-0.0,-0.0,-0.0,-0.0,-0.0,0.0,0.5031289999999999,1.9029080000000054,0.5920205572047941
148,"([0.03, 0.18, 0.33, 0.03, 0.08, 0.35], [1])","([0, 0, 0, 0, 0, 1], [5])",-0.0,-0.716,-0.0,-0.0,-0.0,-0.0,-0.716,0.5031289999999999,2.115779000000005,0.5920205572047941
149,"([0.03, 0.18, 0.33, 0.03, 0.08, 0.35], [5])","([0, 0, 0, 0, 0, 1], [5])",-0.0,-0.0,-0.0,-0.0,-0.0,-0.0,0.0,0.5031289999999999,1.6126500000000052,0.5920205572047941
150,"([0.03, 0.18, 0.33, 0.03, 0.08, 0.35], [5])","([0, 0, 0, 0, 0, 1], [5])",-0.0,-0.0,-0.0,-0.0,-0.0,-0.0,0.0,0.5031289999999999,1.1095210000000053,0.5920205572047941
151,"([0.03, 0.18, 0.33, 0.03, 0.08, 0.35], [5])","([0, 0, 0, 0, 0, 1], [5])",-0.0,-0.0,-0.0,-0.0,-0.0,-0.0,0.0,0.5031289999999999,0.6063920000000054,0.5920205572047941
152,"([0.03, 0.18, 0.33, 0.03, 0.08, 0.35], [2])","([0, 0, 0, 0, 0, 1], [5])",-0.0,-0.0,-0.758,-0.0,-0.0,-0.0,-0.758,0.5031289999999999,0.8612630000000054,0.5920205572047941
153,"([0.03, 0.18, 0.33, 0.03, 0.08, 0.35], [5])","([0, 0, 0, 0, 0, 1], [5])",-0.0,-0.0,-0.0,-0.0,-0.0,-0.0,0.0,0.5031289999999999,0.3581340000000055,0.5920205572047941
154,"([0.03, 0.18, 0.33, 0.03, 0.08, 0.35], [5])","([0, 0, 0, 0, 0, 1], [5])",-0.0,-0.0,-0.0,-0.0,-0.0,-0.0,0.0,0.5031289999999999,-0.14499499999999443,0.5920205572047941
155,"([0.03, 0.18, 0.33, 0.03, 0.08, 0.35], [1])","([0, 0, 0, 0, 0, 1], [5])",-0.0,-0.716,-0.0,-0.0,-0.0,-0.0,-0.716,0.5031289999999999,0.0678760000000056,0.5920205572047941
156,"([0.03, 0.18, 0.33, 0.03, 0.08, 0.35], [1])","([0, 0, 0, 0, 0, 1], [5])",-0.0,-0.716,-0.0,-0.0,-0.0,-0.0,-0.716,0.5031289999999999,0.28074700000000563,0.5920205572047941
157,"([0.03, 0.18, 0.33, 0.03, 0.08, 0.35], [2])","([0, 0, 0, 0, 0, 1], [5])",-0.0,-0.0,-0.758,-0.0,-0.0,-0.0,-0.758,0.5031289999999999,0.5356180000000057,0.5920205572047941
158,"([0.03, 0.18, 0.33, 0.03, 0.08, 0.35], [2])","([0, 0, 0, 0, 0, 1], [5])",-0.0,-0.0,-0.758,-0.0,-0.0,-0.0,-0.758,0.5031289999999999,0.7904890000000058,0.5920205572047941
159,"([0.03, 0.18, 0.33, 0.03, 0.08, 0.35], [3])","([0, 0, 0, 0, 0, 1], [5])",-0.0,-0.0,-0.0,-0.868,-0.0,-0.0,-0.868,0.5031289999999999,1.1553600000000057,0.5920205572047941
160,"([0.03, 0.18, 0.33, 0.03, 0.08, 0.35], [1])","([0, 0, 0, 0, 0, 1], [5])",-0.0,-0.716,-0.0,-0.0,-0.0,-0.0,-0.716,0.5031289999999999,1.3682310000000057,0.5920205572047941
161,"([0.03, 0.18, 0.33, 0.03, 0.08, 0.35], [2])","([0, 0, 0, 0, 0, 1], [5])",-0.0,-0.0,-0.758,-0.0,-0.0,-0.0,-0.758,0.5031289999999999,1.6231020000000058,0.5920205572047941
162,"([0.03, 0.18, 0.33, 0.03, 0.08, 0.35], [5])","([0, 0, 0, 0, 0, 1], [5])",-0.0,-0.0,-0.0,-0.0,-0.0,-0.0,0.0,0.5031289999999999,1.1199730000000059,0.5920205572047941
163,"([0.03, 0.18, 0.33, 0.03, 0.08, 0.35], [5])","([0, 0, 0, 0, 0, 1], [5])",-0.0,-0.0,-0.0,-0.0,-0.0,-0.0,0.0,0.5031289999999999,0.6168440000000059,0.5920205572047941
164,"([0.03, 0.18, 0.33, 0.03, 0.08, 0.35], [2])","([0, 0, 0, 0, 0, 1], [5])",-0.0,-0.0,-0.758,-0.0,-0.0,-0.0,-0.758,0.5031289999999999,0.871715000000006,0.5920205572047941
165,"([0.03, 0.18, 0.33, 0.03, 0.08, 0.35], [5])","([0, 0, 0, 0, 0, 1], [5])",-0.0,-0.0,-0.0,-0.0,-0.0,-0.0,0.0,0.5031289999999999,0.3685860000000061,0.5920205572047941
166,"([0.03, 0.18, 0.33, 0.03, 0.08, 0.35], [2])","([0, 0, 0, 0, 0, 1], [5])",-0.0,-0.0,-0.758,-0.0,-0.0,-0.0,-0.758,0.5031289999999999,0.6234570000000061,0.5920205572047941
167,"([0.03, 0.18, 0.33, 0.03, 0.08, 0.35], [2])","([0, 0, 0, 0, 0, 1], [5])",-0.0,-0.0,-0.758,-0.0,-0.0,-0.0,-0.758,0.5031289999999999,0.8783280000000062,0.5920205572047941
168,"([0.03, 0.18, 0.33, 0.03, 0.08, 0.35], [2])","([0, 0, 0, 0, 0, 1], [5])",-0.0,-0.0,-0.758,-0.0,-0.0,-0.0,-0.758,0.5031289999999999,1.1331990000000063,0.5920205572047941
169,"([0.03, 0.18, 0.33, 0.03, 0.08, 0.35], [1])","([0, 0, 0, 0, 0, 1], [5])",-0.0,-0.716,-0.0,-0.0,-0.0,-0.0,-0.716,0.5031289999999999,1.3460700000000063,0.5920205572047941
170,"([0.03, 0.18, 0.33, 0.03, 0.08, 0.35], [5])","([0, 0, 0, 0, 0, 1], [5])",-0.0,-0.0,-0.0,-0.0,-0.0,-0.0,0.0,0.5031289999999999,0.8429410000000064,0.5920205572047941
171,"([0.03, 0.18, 0.33, 0.03, 0.08, 0.35], [5])","([0, 0, 0, 0, 0, 1], [5])",-0.0,-0.0,-0.0,-0.0,-0.0,-0.0,0.0,0.5031289999999999,0.33981200000000644,0.5920205572047941
172,"([0.03, 0.18, 0.33, 0.03, 0.08, 0.35], [1])","([0, 0, 0, 0, 0, 1], [5])",-0.0,-0.716,-0.0,-0.0,-0.0,-0.0,-0.716,0.5031289999999999,0.5526830000000065,0.5920205572047941
173,"([0.03, 0.18, 0.33, 0.03, 0.08, 0.35], [5])","([0, 0, 0, 0, 0, 1], [5])",-0.0,-0.0,-0.0,-0.0,-0.0,-0.0,0.0,0.5031289999999999,0.04955400000000654,0.5920205572047941
174,"([0.03, 0.18, 0.33, 0.03, 0.08, 0.35], [5])","([0, 0, 0, 0, 0, 1], [5])",-0.0,-0.0,-0.0,-0.0,-0.0,-0.0,0.0,0.5031289999999999,-0.4535749999999934,0.5920205572047941
175,"([0.03, 0.18, 0.33, 0.03, 0.08, 0.35], [2])","([0, 0, 0, 0, 0, 1], [5])",-0.0,-0.0,-0.758,-0.0,-0.0,-0.0,-0.758,0.5031289999999999,-0.19870399999999333,0.5920205572047941
176,"([0.03, 0.18, 0.33, 0.03, 0.08, 0.35], [2])","([0, 0, 0, 0, 0, 1], [5])",-0.0,-0.0,-0.758,-0.0,-0.0,-0.0,-0.758,0.5031289999999999,0.05616700000000674,0.5920205572047941
177,"([0.03, 0.18, 0.33, 0.03, 0.08, 0.35], [2])","([0, 0, 0, 0, 0, 1], [5])",-0.0,-0.0,-0.758,-0.0,-0.0,-0.0,-0.758,0.5031289999999999,0.3110380000000068,0.5920205572047941
178,"([0.03, 0.18, 0.33, 0.03, 0.08, 0.35], [5])","([0, 0, 0, 0, 0, 1], [5])",-0.0,-0.0,-0.0,-0.0,-0.0,-0.0,0.0,0.5031289999999999,-0.19209099999999313,0.5920205572047941
179,"([0.03, 0.18, 0.33, 0.03, 0.08, 0.35], [1])","([0, 0, 0, 0, 0, 1], [5])",-0.0,-0.716,-0.0,-0.0,-0.0,-0.0,-0.716,0.5031289999999999,0.020780000000006904,0.5920205572047941
180,"([0.03, 0.18, 0.33, 0.03, 0.08, 0.35], [4])","([0, 0, 0, 0, 0, 1], [5])",-0.0,-0.0,-0.0,-0.0,-0.861,-0.0,-0.861,0.5031289999999999,0.37865100000000695,0.5920205572047941
181,"([0.03, 0.18, 0.33, 0.03, 0.08, 0.35], [5])","([0, 0, 0, 0, 0, 1], [5])",-0.0,-0.0,-0.0,-0.0,-0.0,-0.0,0.0,0.5031289999999999,-0.12447799999999298,0.5920205572047941
182,"([0.03, 0.18, 0.33, 0.03, 0.08, 0.35], [2])","([0, 0, 0, 0, 0, 1], [5])",-0.0,-0.0,-0.758,-0.0,-0.0,-0.0,-0.758,0.5031289999999999,0.1303930000000071,0.5920205572047941
183,"([0.03, 0.18, 0.33, 0.03, 0.08, 0.35], [1])","([0, 0, 0, 0, 0, 1], [5])",-0.0,-0.716,-0.0,-0.0,-0.0,-0.0,-0.716,0.5031289999999999,0.3432640000000071,0.5920205572047941
184,"([0.03, 0.18, 0.33, 0.03, 0.08, 0.35], [2])","([0, 0, 0, 0, 0, 1], [5])",-0.0,-0.0,-0.758,-0.0,-0.0,-0.0,-0.758,0.5031289999999999,0.5981350000000072,0.5920205572047941
185,"([0.03, 0.18, 0.33, 0.03, 0.08, 0.35], [2])","([0, 0, 0, 0, 0, 1], [5])",-0.0,-0.0,-0.758,-0.0,-0.0,-0.0,-0.758,0.5031289999999999,0.8530060000000073,0.5920205572047941
186,"([0.03, 0.18, 0.33, 0.03, 0.08, 0.35], [1])","([0, 0, 0, 0, 0, 1], [5])",-0.0,-0.716,-0.0,-0.0,-0.0,-0.0,-0.716,0.5031289999999999,1.0658770000000073,0.5920205572047941
187,"([0.03, 0.18, 0.33, 0.03, 0.08, 0.35], [2])","([0, 0, 0, 0, 0, 1], [5])",-0.0,-0.0,-0.758,-0.0,-0.0,-0.0,-0.758,0.5031289999999999,1.3207480000000074,0.5920205572047941
188,"([0.03, 0.18, 0.33, 0.03, 0.08, 0.35], [1])","([0, 0, 0, 0, 0, 1], [5])",-0.0,-0.716,-0.0,-0.0,-0.0,-0.0,-0.716,0.5031289999999999,1.5336190000000074,0.5920205572047941
189,"([0.03, 0.18, 0.33, 0.03, 0.08, 0.35], [1])","([0, 0, 0, 0, 0, 1], [5])",-0.0,-0.716,-0.0,-0.0,-0.0,-0.0,-0.716,0.5031289999999999,1.7464900000000074,0.5920205572047941
190,"([0.03, 0.18, 0.33, 0.03, 0.08, 0.35], [1])","([0, 0, 0, 0, 0, 1], [5])",-0.0,-0.716,-0.0,-0.0,-0.0,-0.0,-0.716,0.5031289999999999,1.9593610000000075,0.5920205572047941
191,"([0.03, 0.18, 0.33, 0.03, 0.08, 0.35], [4])","([0, 0, 0, 0, 0, 1], [5])",-0.0,-0.0,-0.0,-0.0,-0.861,-0.0,-0.861,0.5031289999999999,2.3172320000000077,0.5920205572047941
192,"([0.03, 0.18, 0.33, 0.03, 0.08, 0.35], [2])","([0, 0, 0, 0, 0, 1], [5])",-0.0,-0.0,-0.758,-0.0,-0.0,-0.0,-0.758,0.5031289999999999,2.572103000000008,0.5920205572047941
193,"([0.03, 0.18, 0.33, 0.03, 0.08, 0.35], [5])","([0, 0, 0, 0, 0, 1], [5])",-0.0,-0.0,-0.0,-0.0,-0.0,-0.0,0.0,0.5031289999999999,2.068974000000008,0.5920205572047941
194,"([0.03, 0.18, 0.33, 0.03, 0.08, 0.35], [2])","([0, 0, 0, 0, 0, 1], [5])",-0.0,-0.0,-0.758,-0.0,-0.0,-0.0,-0.758,0.5031289999999999,2.323845000000008,0.5920205572047941
195,"([0.03, 0.18, 0.33, 0.03, 0.08, 0.35], [4])","([0, 0, 0, 0, 0, 1], [5])",-0.0,-0.0,-0.0,-0.0,-0.861,-0.0,-0.861,0.5031289999999999,2.6817160000000078,0.5920205572047941
196,"([0.03, 0.18, 0.33, 0.03, 0.08, 0.35], [5])","([0, 0, 0, 0, 0, 1], [5])",-0.0,-0.0,-0.0,-0.0,-0.0,-0.0,0.0,0.5031289999999999,2.178587000000008,0.5920205572047941
197,"([0.03, 0.18, 0.33, 0.03, 0.08, 0.35], [2])","([0, 0, 0, 0, 0, 1], [5])",-0.0,-0.0,-0.758,-0.0,-0.0,-0.0,-0.758,0.5031289999999999,2.433458000000008,0.5920205572047941
198,"([0.03, 0.18, 0.33, 0.03, 0.08, 0.35], [5])","([0, 0, 0, 0, 0, 1], [5])",-0.0,-0.0,-0.0,-0.0,-0.0,-0.0,0.0,0.5031289999999999,1.930329000000008,0.5920205572047941
199,"([0.03, 0.18, 0.33, 0.03, 0.08, 0.35], [4])","([0, 0, 0, 0, 0, 1], [5])",-0.0,-0.0,-0.0,-0.0,-0.861,-0.0,-0.861,0.5031289999999999,2.288200000000008,0.5920205572047941
