,sta-1,FB-0,feedback target 0,feedback target 1,feedback target 2,feedback target 3,feedback target 4,feedback target 5,total,exp_loss,actual_regret,exp_regret
0,"([1, 0, 0, 0, 0, 0], [0])","([0, 1, 0, 0, 0, 0], [1])",-0.946,-0.0,-0.0,-0.0,-0.0,-0.0,-0.946,0.946,0.21865445773041414,0.21865445773041414
1,"([0, 0, 0, 0, 1, 0], [4])","([0.23, 0.19, 0.16, 0.12, 0.08, 0.21], [0])",-0.0,-0.0,-0.0,-0.0,-0.794,-0.0,-0.794,0.7273455422695858,0.28530891546082837,0.21865445773041414
2,"([0, 0, 0, 0, 1, 0], [4])","([0.23, 0.19, 0.16, 0.12, 0.08, 0.21], [3])",-0.0,-0.0,-0.0,-0.0,-0.794,-0.0,-0.794,0.7273455422695858,0.3519633731912426,0.21865445773041414
3,"([0, 0, 0, 0, 1, 0], [4])","([0.23, 0.19, 0.16, 0.12, 0.08, 0.21], [1])",-0.0,-0.0,-0.0,-0.0,-0.794,-0.0,-0.794,0.7273455422695858,0.41861783092165683,0.21865445773041414
4,"([0, 0, 0, 0, 1, 0], [4])","([0.23, 0.19, 0.16, 0.12, 0.08, 0.21], [0])",-0.0,-0.0,-0.0,-0.0,-0.794,-0.0,-0.794,0.7273455422695858,0.48527228865207106,0.21865445773041414
5,"([0, 0, 0, 0, 1, 0], [4])","([0.23, 0.19, 0.16, 0.12, 0.08, 0.21], [4])",-0.0,-0.0,-0.0,-0.0,-0.0,-0.0,0.0,0.7273455422695858,-0.24207325361751475,0.21865445773041414
6,"([0, 0, 0, 0, 1, 0], [4])","([0.23, 0.19, 0.16, 0.12, 0.08, 0.21], [0])",-0.0,-0.0,-0.0,-0.0,-0.794,-0.0,-0.794,0.7273455422695858,-0.17541879588710052,0.21865445773041414
7,"([0, 0, 0, 0, 1, 0], [4])","([0.23, 0.19, 0.16, 0.12, 0.08, 0.21], [2])",-0.0,-0.0,-0.0,-0.0,-0.794,-0.0,-0.794,0.7273455422695858,-0.10876433815668629,0.21865445773041414
8,"([0, 0, 0, 0, 1, 0], [4])","([0.23, 0.19, 0.16, 0.12, 0.08, 0.21], [3])",-0.0,-0.0,-0.0,-0.0,-0.794,-0.0,-0.794,0.7273455422695858,-0.04210988042627206,0.21865445773041414
9,"([0, 0, 0, 0, 1, 0], [4])","([0.23, 0.19, 0.16, 0.12, 0.08, 0.21], [4])",-0.0,-0.0,-0.0,-0.0,-0.0,-0.0,0.0,0.7273455422695858,-0.7694554226958579,0.21865445773041414
10,"([0, 0, 0, 0, 1, 0], [4])","([0.23, 0.19, 0.16, 0.12, 0.08, 0.21], [4])",-0.0,-0.0,-0.0,-0.0,-0.0,-0.0,0.0,0.7273455422695858,-1.4968009649654437,0.21865445773041414
11,"([0, 0, 0, 0, 1, 0], [4])","([0.23, 0.19, 0.16, 0.12, 0.08, 0.21], [5])",-0.0,-0.0,-0.0,-0.0,-0.794,-0.0,-0.794,0.7273455422695858,-1.4301465072350295,0.21865445773041414
12,"([0, 0, 0, 0, 1, 0], [4])","([0.23, 0.19, 0.16, 0.12, 0.08, 0.21], [0])",-0.0,-0.0,-0.0,-0.0,-0.794,-0.0,-0.794,0.7273455422695858,-1.3634920495046152,0.21865445773041414
13,"([0, 0, 0, 0, 1, 0], [4])","([0.23, 0.19, 0.16, 0.12, 0.08, 0.21], [5])",-0.0,-0.0,-0.0,-0.0,-0.794,-0.0,-0.794,0.7273455422695858,-1.296837591774201,0.21865445773041414
14,"([0, 0, 0, 0, 1, 0], [4])","([0.23, 0.19, 0.16, 0.12, 0.08, 0.21], [5])",-0.0,-0.0,-0.0,-0.0,-0.794,-0.0,-0.794,0.7273455422695858,-1.2301831340437868,0.21865445773041414
15,"([0, 0, 0, 0, 1, 0], [4])","([0.23, 0.19, 0.16, 0.12, 0.08, 0.21], [5])",-0.0,-0.0,-0.0,-0.0,-0.794,-0.0,-0.794,0.7273455422695858,-1.1635286763133725,0.21865445773041414
16,"([0, 0, 0, 0, 1, 0], [4])","([0.23, 0.19, 0.16, 0.12, 0.08, 0.21], [0])",-0.0,-0.0,-0.0,-0.0,-0.794,-0.0,-0.794,0.7273455422695858,-1.0968742185829583,0.21865445773041414
17,"([0, 0, 0, 0, 1, 0], [4])","([0.23, 0.19, 0.16, 0.12, 0.08, 0.21], [1])",-0.0,-0.0,-0.0,-0.0,-0.794,-0.0,-0.794,0.7273455422695858,-1.030219760852544,0.21865445773041414
18,"([0, 0, 0, 0, 1, 0], [4])","([0.23, 0.19, 0.16, 0.12, 0.08, 0.21], [0])",-0.0,-0.0,-0.0,-0.0,-0.794,-0.0,-0.794,0.7273455422695858,-0.9635653031221298,0.21865445773041414
19,"([0, 0, 0, 0, 1, 0], [4])","([0.23, 0.19, 0.16, 0.12, 0.08, 0.21], [0])",-0.0,-0.0,-0.0,-0.0,-0.794,-0.0,-0.794,0.7273455422695858,-0.8969108453917156,0.21865445773041414
20,"([0, 0, 0, 0, 1, 0], [4])","([0.23, 0.19, 0.16, 0.12, 0.08, 0.21], [4])",-0.0,-0.0,-0.0,-0.0,-0.0,-0.0,0.0,0.7273455422695858,-1.6242563876613014,0.21865445773041414
21,"([0, 0, 0, 0, 1, 0], [4])","([0.23, 0.19, 0.16, 0.12, 0.08, 0.21], [2])",-0.0,-0.0,-0.0,-0.0,-0.794,-0.0,-0.794,0.7273455422695858,-1.5576019299308872,0.21865445773041414
22,"([0, 0, 0, 0, 1, 0], [4])","([0.23, 0.19, 0.16, 0.12, 0.08, 0.21], [2])",-0.0,-0.0,-0.0,-0.0,-0.794,-0.0,-0.794,0.7273455422695858,-1.490947472200473,0.21865445773041414
23,"([0, 0, 0, 0, 1, 0], [4])","([0.23, 0.19, 0.16, 0.12, 0.08, 0.21], [1])",-0.0,-0.0,-0.0,-0.0,-0.794,-0.0,-0.794,0.7273455422695858,-1.4242930144700587,0.21865445773041414
24,"([0, 0, 0, 0, 1, 0], [4])","([0.23, 0.19, 0.16, 0.12, 0.08, 0.21], [1])",-0.0,-0.0,-0.0,-0.0,-0.794,-0.0,-0.794,0.7273455422695858,-1.3576385567396445,0.21865445773041414
25,"([0, 0, 0, 0, 1, 0], [4])","([0.23, 0.19, 0.16, 0.12, 0.08, 0.21], [0])",-0.0,-0.0,-0.0,-0.0,-0.794,-0.0,-0.794,0.7273455422695858,-1.2909840990092303,0.21865445773041414
26,"([0, 0, 0, 0, 1, 0], [4])","([0.23, 0.19, 0.16, 0.12, 0.08, 0.21], [4])",-0.0,-0.0,-0.0,-0.0,-0.0,-0.0,0.0,0.7273455422695858,-2.0183296412788163,0.21865445773041414
27,"([0, 0, 0, 0, 1, 0], [4])","([0.23, 0.19, 0.16, 0.12, 0.08, 0.21], [0])",-0.0,-0.0,-0.0,-0.0,-0.794,-0.0,-0.794,0.7273455422695858,-1.951675183548402,0.21865445773041414
28,"([0, 0, 0, 0, 1, 0], [4])","([0.23, 0.19, 0.16, 0.12, 0.08, 0.21], [4])",-0.0,-0.0,-0.0,-0.0,-0.0,-0.0,0.0,0.7273455422695858,-2.679020725817988,0.21865445773041414
29,"([0, 0, 0, 0, 1, 0], [4])","([0.23, 0.19, 0.16, 0.12, 0.08, 0.21], [4])",-0.0,-0.0,-0.0,-0.0,-0.0,-0.0,0.0,0.7273455422695858,-3.4063662680875737,0.21865445773041414
30,"([0, 0, 0, 0, 1, 0], [4])","([0.23, 0.19, 0.16, 0.12, 0.08, 0.21], [4])",-0.0,-0.0,-0.0,-0.0,-0.0,-0.0,0.0,0.7273455422695858,-4.133711810357159,0.21865445773041414
31,"([0, 0, 0, 0, 1, 0], [4])","([0.23, 0.19, 0.16, 0.12, 0.08, 0.21], [4])",-0.0,-0.0,-0.0,-0.0,-0.0,-0.0,0.0,0.7273455422695858,-4.861057352626744,0.21865445773041414
32,"([0, 0, 0, 0, 1, 0], [4])","([0.23, 0.19, 0.16, 0.12, 0.08, 0.21], [1])",-0.0,-0.0,-0.0,-0.0,-0.794,-0.0,-0.794,0.7273455422695858,-4.79440289489633,0.21865445773041414
33,"([0, 0, 0, 0, 1, 0], [4])","([0.23, 0.19, 0.16, 0.12, 0.08, 0.21], [1])",-0.0,-0.0,-0.0,-0.0,-0.794,-0.0,-0.794,0.7273455422695858,-4.727748437165916,0.21865445773041414
34,"([0, 0, 0, 0, 1, 0], [4])","([0.23, 0.19, 0.16, 0.12, 0.08, 0.21], [5])",-0.0,-0.0,-0.0,-0.0,-0.794,-0.0,-0.794,0.7273455422695858,-4.661093979435502,0.21865445773041414
35,"([0, 0, 0, 0, 1, 0], [4])","([0.23, 0.19, 0.16, 0.12, 0.08, 0.21], [2])",-0.0,-0.0,-0.0,-0.0,-0.794,-0.0,-0.794,0.7273455422695858,-4.5944395217050875,0.21865445773041414
36,"([0, 0, 0, 0, 1, 0], [4])","([0.23, 0.19, 0.16, 0.12, 0.08, 0.21], [5])",-0.0,-0.0,-0.0,-0.0,-0.794,-0.0,-0.794,0.7273455422695858,-4.527785063974673,0.21865445773041414
37,"([0, 0, 0, 0, 1, 0], [4])","([0.23, 0.19, 0.16, 0.12, 0.08, 0.21], [1])",-0.0,-0.0,-0.0,-0.0,-0.794,-0.0,-0.794,0.7273455422695858,-4.461130606244259,0.21865445773041414
38,"([0, 0, 0, 0, 1, 0], [4])","([0.23, 0.19, 0.16, 0.12, 0.08, 0.21], [3])",-0.0,-0.0,-0.0,-0.0,-0.794,-0.0,-0.794,0.7273455422695858,-4.394476148513845,0.21865445773041414
39,"([0, 0, 0, 0, 1, 0], [4])","([0.23, 0.19, 0.16, 0.12, 0.08, 0.21], [5])",-0.0,-0.0,-0.0,-0.0,-0.794,-0.0,-0.794,0.7273455422695858,-4.327821690783431,0.21865445773041414
40,"([0, 0, 0, 0, 1, 0], [4])","([0.23, 0.19, 0.16, 0.12, 0.08, 0.21], [2])",-0.0,-0.0,-0.0,-0.0,-0.794,-0.0,-0.794,0.7273455422695858,-4.261167233053016,0.21865445773041414
41,"([0, 0, 0, 0, 1, 0], [4])","([0.23, 0.19, 0.16, 0.12, 0.08, 0.21], [2])",-0.0,-0.0,-0.0,-0.0,-0.794,-0.0,-0.794,0.7273455422695858,-4.194512775322602,0.21865445773041414
42,"([0, 0, 0, 0, 1, 0], [4])","([0.23, 0.19, 0.16, 0.12, 0.08, 0.21], [0])",-0.0,-0.0,-0.0,-0.0,-0.794,-0.0,-0.794,0.7273455422695858,-4.127858317592188,0.21865445773041414
43,"([0, 0, 0, 0, 1, 0], [4])","([0.23, 0.19, 0.16, 0.12, 0.08, 0.21], [3])",-0.0,-0.0,-0.0,-0.0,-0.794,-0.0,-0.794,0.7273455422695858,-4.061203859861774,0.21865445773041414
44,"([0, 0, 0, 0, 1, 0], [4])","([0.23, 0.19, 0.16, 0.12, 0.08, 0.21], [1])",-0.0,-0.0,-0.0,-0.0,-0.794,-0.0,-0.794,0.7273455422695858,-3.9945494021313595,0.21865445773041414
45,"([0, 0, 0, 0, 1, 0], [4])","([0.23, 0.19, 0.16, 0.12, 0.08, 0.21], [5])",-0.0,-0.0,-0.0,-0.0,-0.794,-0.0,-0.794,0.7273455422695858,-3.927894944400945,0.21865445773041414
46,"([0, 0, 0, 0, 1, 0], [4])","([0.23, 0.19, 0.16, 0.12, 0.08, 0.21], [0])",-0.0,-0.0,-0.0,-0.0,-0.794,-0.0,-0.794,0.7273455422695858,-3.861240486670531,0.21865445773041414
47,"([0, 0, 0, 0, 1, 0], [4])","([0.23, 0.19, 0.16, 0.12, 0.08, 0.21], [1])",-0.0,-0.0,-0.0,-0.0,-0.794,-0.0,-0.794,0.7273455422695858,-3.7945860289401168,0.21865445773041414
48,"([0, 0, 0, 0, 1, 0], [4])","([0.23, 0.19, 0.16, 0.12, 0.08, 0.21], [5])",-0.0,-0.0,-0.0,-0.0,-0.794,-0.0,-0.794,0.7273455422695858,-3.7279315712097025,0.21865445773041414
49,"([0, 0, 0, 0, 1, 0], [4])","([0.23, 0.19, 0.16, 0.12, 0.08, 0.21], [3])",-0.0,-0.0,-0.0,-0.0,-0.794,-0.0,-0.794,0.7273455422695858,-3.6612771134792883,0.21865445773041414
50,"([0, 0, 0, 0, 1, 0], [4])","([0.23, 0.19, 0.16, 0.12, 0.08, 0.21], [2])",-0.0,-0.0,-0.0,-0.0,-0.794,-0.0,-0.794,0.7273455422695858,-3.594622655748874,0.21865445773041414
51,"([0, 0, 0, 0, 1, 0], [4])","([0.23, 0.19, 0.16, 0.12, 0.08, 0.21], [2])",-0.0,-0.0,-0.0,-0.0,-0.794,-0.0,-0.794,0.7273455422695858,-3.52796819801846,0.21865445773041414
52,"([0, 0, 0, 0, 1, 0], [4])","([0.23, 0.19, 0.16, 0.12, 0.08, 0.21], [1])",-0.0,-0.0,-0.0,-0.0,-0.794,-0.0,-0.794,0.7273455422695858,-3.4613137402880456,0.21865445773041414
53,"([0, 0, 0, 0, 1, 0], [4])","([0.23, 0.19, 0.16, 0.12, 0.08, 0.21], [3])",-0.0,-0.0,-0.0,-0.0,-0.794,-0.0,-0.794,0.7273455422695858,-3.3946592825576314,0.21865445773041414
54,"([0, 0, 0, 0, 1, 0], [4])","([0.23, 0.19, 0.16, 0.12, 0.08, 0.21], [0])",-0.0,-0.0,-0.0,-0.0,-0.794,-0.0,-0.794,0.7273455422695858,-3.328004824827217,0.21865445773041414
55,"([0, 0, 0, 0, 1, 0], [4])","([0.23, 0.19, 0.16, 0.12, 0.08, 0.21], [2])",-0.0,-0.0,-0.0,-0.0,-0.794,-0.0,-0.794,0.7273455422695858,-3.261350367096803,0.21865445773041414
56,"([0, 0, 0, 0, 1, 0], [4])","([0.23, 0.19, 0.16, 0.12, 0.08, 0.21], [1])",-0.0,-0.0,-0.0,-0.0,-0.794,-0.0,-0.794,0.7273455422695858,-3.1946959093663887,0.21865445773041414
57,"([0, 0, 0, 0, 1, 0], [4])","([0.23, 0.19, 0.16, 0.12, 0.08, 0.21], [5])",-0.0,-0.0,-0.0,-0.0,-0.794,-0.0,-0.794,0.7273455422695858,-3.1280414516359745,0.21865445773041414
58,"([0, 0, 0, 0, 1, 0], [4])","([0.23, 0.19, 0.16, 0.12, 0.08, 0.21], [2])",-0.0,-0.0,-0.0,-0.0,-0.794,-0.0,-0.794,0.7273455422695858,-3.0613869939055602,0.21865445773041414
59,"([0, 0, 0, 0, 1, 0], [4])","([0.23, 0.19, 0.16, 0.12, 0.08, 0.21], [5])",-0.0,-0.0,-0.0,-0.0,-0.794,-0.0,-0.794,0.7273455422695858,-2.994732536175146,0.21865445773041414
60,"([0, 0, 0, 0, 1, 0], [4])","([0.23, 0.19, 0.16, 0.12, 0.08, 0.21], [3])",-0.0,-0.0,-0.0,-0.0,-0.794,-0.0,-0.794,0.7273455422695858,-2.928078078444732,0.21865445773041414
61,"([0, 0, 0, 0, 1, 0], [4])","([0.23, 0.19, 0.16, 0.12, 0.08, 0.21], [4])",-0.0,-0.0,-0.0,-0.0,-0.0,-0.0,0.0,0.7273455422695858,-3.6554236207143176,0.21865445773041414
62,"([0, 0, 0, 0, 1, 0], [4])","([0.23, 0.19, 0.16, 0.12, 0.08, 0.21], [1])",-0.0,-0.0,-0.0,-0.0,-0.794,-0.0,-0.794,0.7273455422695858,-3.5887691629839034,0.21865445773041414
63,"([0, 0, 0, 0, 1, 0], [4])","([0.23, 0.19, 0.16, 0.12, 0.08, 0.21], [3])",-0.0,-0.0,-0.0,-0.0,-0.794,-0.0,-0.794,0.7273455422695858,-3.522114705253489,0.21865445773041414
64,"([0, 0, 0, 0, 1, 0], [4])","([0.23, 0.19, 0.16, 0.12, 0.08, 0.21], [1])",-0.0,-0.0,-0.0,-0.0,-0.794,-0.0,-0.794,0.7273455422695858,-3.455460247523075,0.21865445773041414
65,"([0, 0, 0, 0, 1, 0], [4])","([0.23, 0.19, 0.16, 0.12, 0.08, 0.21], [1])",-0.0,-0.0,-0.0,-0.0,-0.794,-0.0,-0.794,0.7273455422695858,-3.3888057897926607,0.21865445773041414
66,"([0, 0, 0, 0, 1, 0], [4])","([0.23, 0.19, 0.16, 0.12, 0.08, 0.21], [0])",-0.0,-0.0,-0.0,-0.0,-0.794,-0.0,-0.794,0.7273455422695858,-3.3221513320622464,0.21865445773041414
67,"([0, 0, 0, 0, 1, 0], [4])","([0.23, 0.19, 0.16, 0.12, 0.08, 0.21], [5])",-0.0,-0.0,-0.0,-0.0,-0.794,-0.0,-0.794,0.7273455422695858,-3.255496874331832,0.21865445773041414
68,"([0, 0, 0, 0, 1, 0], [4])","([0.23, 0.19, 0.16, 0.12, 0.08, 0.21], [0])",-0.0,-0.0,-0.0,-0.0,-0.794,-0.0,-0.794,0.7273455422695858,-3.188842416601418,0.21865445773041414
69,"([0, 0, 0, 0, 1, 0], [4])","([0.23, 0.19, 0.16, 0.12, 0.08, 0.21], [5])",-0.0,-0.0,-0.0,-0.0,-0.794,-0.0,-0.794,0.7273455422695858,-3.1221879588710038,0.21865445773041414
70,"([0, 0, 0, 0, 1, 0], [4])","([0.23, 0.19, 0.16, 0.12, 0.08, 0.21], [5])",-0.0,-0.0,-0.0,-0.0,-0.794,-0.0,-0.794,0.7273455422695858,-3.0555335011405895,0.21865445773041414
71,"([0, 0, 0, 0, 1, 0], [4])","([0.23, 0.19, 0.16, 0.12, 0.08, 0.21], [2])",-0.0,-0.0,-0.0,-0.0,-0.794,-0.0,-0.794,0.7273455422695858,-2.9888790434101753,0.21865445773041414
72,"([0, 0, 0, 0, 1, 0], [4])","([0.23, 0.19, 0.16, 0.12, 0.08, 0.21], [5])",-0.0,-0.0,-0.0,-0.0,-0.794,-0.0,-0.794,0.7273455422695858,-2.922224585679761,0.21865445773041414
73,"([0, 0, 0, 0, 1, 0], [4])","([0.23, 0.19, 0.16, 0.12, 0.08, 0.21], [5])",-0.0,-0.0,-0.0,-0.0,-0.794,-0.0,-0.794,0.7273455422695858,-2.855570127949347,0.21865445773041414
74,"([0, 0, 0, 0, 1, 0], [4])","([0.23, 0.19, 0.16, 0.12, 0.08, 0.21], [2])",-0.0,-0.0,-0.0,-0.0,-0.794,-0.0,-0.794,0.7273455422695858,-2.7889156702189326,0.21865445773041414
75,"([0, 0, 0, 0, 1, 0], [4])","([0.23, 0.19, 0.16, 0.12, 0.08, 0.21], [1])",-0.0,-0.0,-0.0,-0.0,-0.794,-0.0,-0.794,0.7273455422695858,-2.7222612124885184,0.21865445773041414
76,"([0, 0, 0, 0, 1, 0], [4])","([0.23, 0.19, 0.16, 0.12, 0.08, 0.21], [5])",-0.0,-0.0,-0.0,-0.0,-0.794,-0.0,-0.794,0.7273455422695858,-2.655606754758104,0.21865445773041414
77,"([0, 0, 0, 0, 1, 0], [4])","([0.23, 0.19, 0.16, 0.12, 0.08, 0.21], [4])",-0.0,-0.0,-0.0,-0.0,-0.0,-0.0,0.0,0.7273455422695858,-3.38295229702769,0.21865445773041414
78,"([0, 0, 0, 0, 1, 0], [4])","([0.23, 0.19, 0.16, 0.12, 0.08, 0.21], [0])",-0.0,-0.0,-0.0,-0.0,-0.794,-0.0,-0.794,0.7273455422695858,-3.3162978392972757,0.21865445773041414
79,"([0, 0, 0, 0, 1, 0], [4])","([0.23, 0.19, 0.16, 0.12, 0.08, 0.21], [4])",-0.0,-0.0,-0.0,-0.0,-0.0,-0.0,0.0,0.7273455422695858,-4.043643381566861,0.21865445773041414
80,"([0, 0, 0, 0, 1, 0], [4])","([0.23, 0.19, 0.16, 0.12, 0.08, 0.21], [5])",-0.0,-0.0,-0.0,-0.0,-0.794,-0.0,-0.794,0.7273455422695858,-3.976988923836447,0.21865445773041414
81,"([0, 0, 0, 0, 1, 0], [4])","([0.23, 0.19, 0.16, 0.12, 0.08, 0.21], [2])",-0.0,-0.0,-0.0,-0.0,-0.794,-0.0,-0.794,0.7273455422695858,-3.9103344661060326,0.21865445773041414
82,"([0, 0, 0, 0, 1, 0], [4])","([0.23, 0.19, 0.16, 0.12, 0.08, 0.21], [0])",-0.0,-0.0,-0.0,-0.0,-0.794,-0.0,-0.794,0.7273455422695858,-3.8436800083756184,0.21865445773041414
83,"([0, 0, 0, 0, 1, 0], [4])","([0.23, 0.19, 0.16, 0.12, 0.08, 0.21], [0])",-0.0,-0.0,-0.0,-0.0,-0.794,-0.0,-0.794,0.7273455422695858,-3.777025550645204,0.21865445773041414
84,"([0, 0, 0, 0, 1, 0], [4])","([0.23, 0.19, 0.16, 0.12, 0.08, 0.21], [5])",-0.0,-0.0,-0.0,-0.0,-0.794,-0.0,-0.794,0.7273455422695858,-3.71037109291479,0.21865445773041414
85,"([0, 0, 0, 0, 1, 0], [4])","([0.23, 0.19, 0.16, 0.12, 0.08, 0.21], [0])",-0.0,-0.0,-0.0,-0.0,-0.794,-0.0,-0.794,0.7273455422695858,-3.6437166351843757,0.21865445773041414
86,"([0, 0, 0, 0, 1, 0], [4])","([0.23, 0.19, 0.16, 0.12, 0.08, 0.21], [0])",-0.0,-0.0,-0.0,-0.0,-0.794,-0.0,-0.794,0.7273455422695858,-3.5770621774539615,0.21865445773041414
87,"([0, 0, 0, 0, 1, 0], [4])","([0.23, 0.19, 0.16, 0.12, 0.08, 0.21], [5])",-0.0,-0.0,-0.0,-0.0,-0.794,-0.0,-0.794,0.7273455422695858,-3.5104077197235473,0.21865445773041414
88,"([0, 0, 0, 0, 1, 0], [4])","([0.23, 0.19, 0.16, 0.12, 0.08, 0.21], [0])",-0.0,-0.0,-0.0,-0.0,-0.794,-0.0,-0.794,0.7273455422695858,-3.443753261993133,0.21865445773041414
89,"([0, 0, 0, 0, 1, 0], [4])","([0.23, 0.19, 0.16, 0.12, 0.08, 0.21], [1])",-0.0,-0.0,-0.0,-0.0,-0.794,-0.0,-0.794,0.7273455422695858,-3.377098804262719,0.21865445773041414
90,"([0, 0, 0, 0, 1, 0], [4])","([0.23, 0.19, 0.16, 0.12, 0.08, 0.21], [0])",-0.0,-0.0,-0.0,-0.0,-0.794,-0.0,-0.794,0.7273455422695858,-3.3104443465323046,0.21865445773041414
91,"([0, 0, 0, 0, 1, 0], [4])","([0.23, 0.19, 0.16, 0.12, 0.08, 0.21], [0])",-0.0,-0.0,-0.0,-0.0,-0.794,-0.0,-0.794,0.7273455422695858,-3.2437898888018903,0.21865445773041414
92,"([0, 0, 0, 0, 1, 0], [4])","([0.23, 0.19, 0.16, 0.12, 0.08, 0.21], [0])",-0.0,-0.0,-0.0,-0.0,-0.794,-0.0,-0.794,0.7273455422695858,-3.177135431071476,0.21865445773041414
93,"([0, 0, 0, 0, 1, 0], [4])","([0.23, 0.19, 0.16, 0.12, 0.08, 0.21], [0])",-0.0,-0.0,-0.0,-0.0,-0.794,-0.0,-0.794,0.7273455422695858,-3.110480973341062,0.21865445773041414
94,"([0, 0, 0, 0, 1, 0], [4])","([0.23, 0.19, 0.16, 0.12, 0.08, 0.21], [0])",-0.0,-0.0,-0.0,-0.0,-0.794,-0.0,-0.794,0.7273455422695858,-3.0438265156106477,0.21865445773041414
95,"([0, 0, 0, 0, 1, 0], [4])","([0.23, 0.19, 0.16, 0.12, 0.08, 0.21], [5])",-0.0,-0.0,-0.0,-0.0,-0.794,-0.0,-0.794,0.7273455422695858,-2.9771720578802334,0.21865445773041414
96,"([0, 0, 0, 0, 1, 0], [4])","([0.23, 0.19, 0.16, 0.12, 0.08, 0.21], [2])",-0.0,-0.0,-0.0,-0.0,-0.794,-0.0,-0.794,0.7273455422695858,-2.910517600149819,0.21865445773041414
97,"([0, 0, 0, 0, 1, 0], [4])","([0.23, 0.19, 0.16, 0.12, 0.08, 0.21], [3])",-0.0,-0.0,-0.0,-0.0,-0.794,-0.0,-0.794,0.7273455422695858,-2.843863142419405,0.21865445773041414
98,"([0, 0, 0, 0, 1, 0], [4])","([0.23, 0.19, 0.16, 0.12, 0.08, 0.21], [0])",-0.0,-0.0,-0.0,-0.0,-0.794,-0.0,-0.794,0.7273455422695858,-2.7772086846889907,0.21865445773041414
99,"([0, 0, 0, 0, 1, 0], [4])","([0.23, 0.19, 0.16, 0.12, 0.08, 0.21], [0])",-0.0,-0.0,-0.0,-0.0,-0.794,-0.0,-0.794,0.7273455422695858,-2.7105542269585765,0.21865445773041414
