,fusto-1,FB-0,feedback target 0,feedback target 1,feedback target 2,feedback target 3,feedback target 4,feedback target 5,total,exp_loss,actual_regret,exp_regret
0,"([0.08, 0.12, 0.13, 0.05, 0.44, 0.18], [4])","([0.14, 0.21, 0.22, 0.13, 0.11, 0.19], [0])",-0.0,-0.0,-0.0,-0.0,-0.728,-0.0,-0.728,0.6792537266574218,0.23808399999999996,0.18933772665742177
1,"([0.08, 0.12, 0.13, 0.05, 0.44, 0.18], [4])","([0, 0, 0, 0, 1, 0], [4])",-0.0,-0.0,-0.0,-0.0,-0.0,-0.0,0.0,0.489916,-0.25183200000000006,0.18933772665742177
2,"([0.08, 0.12, 0.13, 0.05, 0.44, 0.18], [4])","([0, 0, 0, 0, 1, 0], [4])",-0.0,-0.0,-0.0,-0.0,-0.0,-0.0,0.0,0.489916,-0.7417480000000001,0.18933772665742177
3,"([0.08, 0.12, 0.13, 0.05, 0.44, 0.18], [4])","([0, 0, 0, 0, 1, 0], [4])",-0.0,-0.0,-0.0,-0.0,-0.0,-0.0,0.0,0.489916,-1.231664,0.18933772665742177
4,"([0.08, 0.12, 0.13, 0.05, 0.44, 0.18], [4])","([0, 0, 0, 0, 1, 0], [4])",-0.0,-0.0,-0.0,-0.0,-0.0,-0.0,0.0,0.489916,-1.72158,0.18933772665742177
5,"([0.08, 0.12, 0.13, 0.05, 0.44, 0.18], [0])","([0, 0, 0, 0, 1, 0], [4])",-0.772,-0.0,-0.0,-0.0,-0.0,-0.0,-0.772,0.489916,-1.439496,0.18933772665742177
6,"([0.08, 0.12, 0.13, 0.05, 0.44, 0.18], [5])","([0, 0, 0, 0, 1, 0], [4])",-0.0,-0.0,-0.0,-0.0,-0.0,-0.858,-0.858,0.489916,-1.071412,0.18933772665742177
7,"([0.08, 0.12, 0.13, 0.05, 0.44, 0.18], [4])","([0, 0, 0, 0, 1, 0], [4])",-0.0,-0.0,-0.0,-0.0,-0.0,-0.0,0.0,0.489916,-1.561328,0.18933772665742177
8,"([0.08, 0.12, 0.13, 0.05, 0.44, 0.18], [1])","([0, 0, 0, 0, 1, 0], [4])",-0.0,-0.914,-0.0,-0.0,-0.0,-0.0,-0.914,0.489916,-1.137244,0.18933772665742177
9,"([0.08, 0.12, 0.13, 0.05, 0.44, 0.18], [5])","([0, 0, 0, 0, 1, 0], [4])",-0.0,-0.0,-0.0,-0.0,-0.0,-0.858,-0.858,0.489916,-0.76916,0.18933772665742177
10,"([0.08, 0.12, 0.13, 0.05, 0.44, 0.18], [4])","([0, 0, 0, 0, 1, 0], [4])",-0.0,-0.0,-0.0,-0.0,-0.0,-0.0,0.0,0.489916,-1.2590759999999999,0.18933772665742177
11,"([0.08, 0.12, 0.13, 0.05, 0.44, 0.18], [4])","([0, 0, 0, 0, 1, 0], [4])",-0.0,-0.0,-0.0,-0.0,-0.0,-0.0,0.0,0.489916,-1.7489919999999999,0.18933772665742177
12,"([0.08, 0.12, 0.13, 0.05, 0.44, 0.18], [0])","([0, 0, 0, 0, 1, 0], [4])",-0.772,-0.0,-0.0,-0.0,-0.0,-0.0,-0.772,0.489916,-1.4669079999999999,0.18933772665742177
13,"([0.08, 0.12, 0.13, 0.05, 0.44, 0.18], [4])","([0, 0, 0, 0, 1, 0], [4])",-0.0,-0.0,-0.0,-0.0,-0.0,-0.0,0.0,0.489916,-1.956824,0.18933772665742177
14,"([0.08, 0.12, 0.13, 0.05, 0.44, 0.18], [2])","([0, 0, 0, 0, 1, 0], [4])",-0.0,-0.0,-0.94,-0.0,-0.0,-0.0,-0.94,0.489916,-1.50674,0.18933772665742177
15,"([0.08, 0.12, 0.13, 0.05, 0.44, 0.18], [5])","([0, 0, 0, 0, 1, 0], [4])",-0.0,-0.0,-0.0,-0.0,-0.0,-0.858,-0.858,0.489916,-1.1386560000000001,0.18933772665742177
16,"([0.08, 0.12, 0.13, 0.05, 0.44, 0.18], [1])","([0, 0, 0, 0, 1, 0], [4])",-0.0,-0.914,-0.0,-0.0,-0.0,-0.0,-0.914,0.489916,-0.7145720000000001,0.18933772665742177
17,"([0.08, 0.12, 0.13, 0.05, 0.44, 0.18], [5])","([0, 0, 0, 0, 1, 0], [4])",-0.0,-0.0,-0.0,-0.0,-0.0,-0.858,-0.858,0.489916,-0.34648800000000013,0.18933772665742177
18,"([0.08, 0.12, 0.13, 0.05, 0.44, 0.18], [2])","([0, 0, 0, 0, 1, 0], [4])",-0.0,-0.0,-0.94,-0.0,-0.0,-0.0,-0.94,0.489916,0.1035959999999998,0.18933772665742177
19,"([0.08, 0.12, 0.13, 0.05, 0.44, 0.18], [5])","([0, 0, 0, 0, 1, 0], [4])",-0.0,-0.0,-0.0,-0.0,-0.0,-0.858,-0.858,0.489916,0.47167999999999977,0.18933772665742177
20,"([0.08, 0.12, 0.13, 0.05, 0.44, 0.18], [5])","([0, 0, 0, 0, 1, 0], [4])",-0.0,-0.0,-0.0,-0.0,-0.0,-0.858,-0.858,0.489916,0.8397639999999997,0.18933772665742177
21,"([0.08, 0.12, 0.13, 0.05, 0.44, 0.18], [3])","([0, 0, 0, 0, 1, 0], [4])",-0.0,-0.0,-0.0,-0.758,-0.0,-0.0,-0.758,0.489916,1.1078479999999997,0.18933772665742177
22,"([0.08, 0.12, 0.13, 0.05, 0.44, 0.18], [4])","([0, 0, 0, 0, 1, 0], [4])",-0.0,-0.0,-0.0,-0.0,-0.0,-0.0,0.0,0.489916,0.6179319999999997,0.18933772665742177
23,"([0.08, 0.12, 0.13, 0.05, 0.44, 0.18], [4])","([0, 0, 0, 0, 1, 0], [4])",-0.0,-0.0,-0.0,-0.0,-0.0,-0.0,0.0,0.489916,0.12801599999999969,0.18933772665742177
24,"([0.08, 0.12, 0.13, 0.05, 0.44, 0.18], [3])","([0, 0, 0, 0, 1, 0], [4])",-0.0,-0.0,-0.0,-0.758,-0.0,-0.0,-0.758,0.489916,0.3960999999999997,0.18933772665742177
25,"([0.08, 0.12, 0.13, 0.05, 0.44, 0.18], [4])","([0, 0, 0, 0, 1, 0], [4])",-0.0,-0.0,-0.0,-0.0,-0.0,-0.0,0.0,0.489916,-0.09381600000000034,0.18933772665742177
26,"([0.08, 0.12, 0.13, 0.05, 0.44, 0.18], [5])","([0, 0, 0, 0, 1, 0], [4])",-0.0,-0.0,-0.0,-0.0,-0.0,-0.858,-0.858,0.489916,0.2742679999999996,0.18933772665742177
27,"([0.08, 0.12, 0.13, 0.05, 0.44, 0.18], [1])","([0, 0, 0, 0, 1, 0], [4])",-0.0,-0.914,-0.0,-0.0,-0.0,-0.0,-0.914,0.489916,0.6983519999999996,0.18933772665742177
28,"([0.08, 0.12, 0.13, 0.05, 0.44, 0.18], [5])","([0, 0, 0, 0, 1, 0], [4])",-0.0,-0.0,-0.0,-0.0,-0.0,-0.858,-0.858,0.489916,1.0664359999999995,0.18933772665742177
29,"([0.08, 0.12, 0.13, 0.05, 0.44, 0.18], [4])","([0, 0, 0, 0, 1, 0], [4])",-0.0,-0.0,-0.0,-0.0,-0.0,-0.0,0.0,0.489916,0.5765199999999995,0.18933772665742177
30,"([0.08, 0.12, 0.13, 0.05, 0.44, 0.18], [5])","([0, 0, 0, 0, 1, 0], [4])",-0.0,-0.0,-0.0,-0.0,-0.0,-0.858,-0.858,0.489916,0.9446039999999994,0.18933772665742177
31,"([0.08, 0.12, 0.13, 0.05, 0.44, 0.18], [4])","([0, 0, 0, 0, 1, 0], [4])",-0.0,-0.0,-0.0,-0.0,-0.0,-0.0,0.0,0.489916,0.4546879999999994,0.18933772665742177
32,"([0.08, 0.12, 0.13, 0.05, 0.44, 0.18], [2])","([0, 0, 0, 0, 1, 0], [4])",-0.0,-0.0,-0.94,-0.0,-0.0,-0.0,-0.94,0.489916,0.9047719999999994,0.18933772665742177
33,"([0.08, 0.12, 0.13, 0.05, 0.44, 0.18], [4])","([0, 0, 0, 0, 1, 0], [4])",-0.0,-0.0,-0.0,-0.0,-0.0,-0.0,0.0,0.489916,0.41485599999999934,0.18933772665742177
34,"([0.08, 0.12, 0.13, 0.05, 0.44, 0.18], [1])","([0, 0, 0, 0, 1, 0], [4])",-0.0,-0.914,-0.0,-0.0,-0.0,-0.0,-0.914,0.489916,0.8389399999999994,0.18933772665742177
35,"([0.08, 0.12, 0.13, 0.05, 0.44, 0.18], [4])","([0, 0, 0, 0, 1, 0], [4])",-0.0,-0.0,-0.0,-0.0,-0.0,-0.0,0.0,0.489916,0.34902399999999933,0.18933772665742177
36,"([0.08, 0.12, 0.13, 0.05, 0.44, 0.18], [4])","([0, 0, 0, 0, 1, 0], [4])",-0.0,-0.0,-0.0,-0.0,-0.0,-0.0,0.0,0.489916,-0.14089200000000068,0.18933772665742177
37,"([0.08, 0.12, 0.13, 0.05, 0.44, 0.18], [5])","([0, 0, 0, 0, 1, 0], [4])",-0.0,-0.0,-0.0,-0.0,-0.0,-0.858,-0.858,0.489916,0.22719199999999928,0.18933772665742177
38,"([0.08, 0.12, 0.13, 0.05, 0.44, 0.18], [5])","([0, 0, 0, 0, 1, 0], [4])",-0.0,-0.0,-0.0,-0.0,-0.0,-0.858,-0.858,0.489916,0.5952759999999993,0.18933772665742177
39,"([0.08, 0.12, 0.13, 0.05, 0.44, 0.18], [4])","([0, 0, 0, 0, 1, 0], [4])",-0.0,-0.0,-0.0,-0.0,-0.0,-0.0,0.0,0.489916,0.10535999999999923,0.18933772665742177
40,"([0.08, 0.12, 0.13, 0.05, 0.44, 0.18], [4])","([0, 0, 0, 0, 1, 0], [4])",-0.0,-0.0,-0.0,-0.0,-0.0,-0.0,0.0,0.489916,-0.3845560000000008,0.18933772665742177
41,"([0.08, 0.12, 0.13, 0.05, 0.44, 0.18], [1])","([0, 0, 0, 0, 1, 0], [4])",-0.0,-0.914,-0.0,-0.0,-0.0,-0.0,-0.914,0.489916,0.03952799999999923,0.18933772665742177
42,"([0.08, 0.12, 0.13, 0.05, 0.44, 0.18], [4])","([0, 0, 0, 0, 1, 0], [4])",-0.0,-0.0,-0.0,-0.0,-0.0,-0.0,0.0,0.489916,-0.4503880000000008,0.18933772665742177
43,"([0.08, 0.12, 0.13, 0.05, 0.44, 0.18], [5])","([0, 0, 0, 0, 1, 0], [4])",-0.0,-0.0,-0.0,-0.0,-0.0,-0.858,-0.858,0.489916,-0.08230400000000082,0.18933772665742177
44,"([0.08, 0.12, 0.13, 0.05, 0.44, 0.18], [0])","([0, 0, 0, 0, 1, 0], [4])",-0.772,-0.0,-0.0,-0.0,-0.0,-0.0,-0.772,0.489916,0.19977999999999918,0.18933772665742177
45,"([0.08, 0.12, 0.13, 0.05, 0.44, 0.18], [2])","([0, 0, 0, 0, 1, 0], [4])",-0.0,-0.0,-0.94,-0.0,-0.0,-0.0,-0.94,0.489916,0.6498639999999991,0.18933772665742177
46,"([0.08, 0.12, 0.13, 0.05, 0.44, 0.18], [2])","([0, 0, 0, 0, 1, 0], [4])",-0.0,-0.0,-0.94,-0.0,-0.0,-0.0,-0.94,0.489916,1.099947999999999,0.18933772665742177
47,"([0.08, 0.12, 0.13, 0.05, 0.44, 0.18], [1])","([0, 0, 0, 0, 1, 0], [4])",-0.0,-0.914,-0.0,-0.0,-0.0,-0.0,-0.914,0.489916,1.5240319999999992,0.18933772665742177
48,"([0.08, 0.12, 0.13, 0.05, 0.44, 0.18], [4])","([0, 0, 0, 0, 1, 0], [4])",-0.0,-0.0,-0.0,-0.0,-0.0,-0.0,0.0,0.489916,1.0341159999999991,0.18933772665742177
49,"([0.08, 0.12, 0.13, 0.05, 0.44, 0.18], [3])","([0, 0, 0, 0, 1, 0], [4])",-0.0,-0.0,-0.0,-0.758,-0.0,-0.0,-0.758,0.489916,1.3021999999999991,0.18933772665742177
50,"([0.08, 0.12, 0.13, 0.05, 0.44, 0.18], [5])","([0, 0, 0, 0, 1, 0], [4])",-0.0,-0.0,-0.0,-0.0,-0.0,-0.858,-0.858,0.489916,1.6702839999999992,0.18933772665742177
51,"([0.08, 0.12, 0.13, 0.05, 0.44, 0.18], [0])","([0, 0, 0, 0, 1, 0], [4])",-0.772,-0.0,-0.0,-0.0,-0.0,-0.0,-0.772,0.489916,1.9523679999999992,0.18933772665742177
52,"([0.08, 0.12, 0.13, 0.05, 0.44, 0.18], [4])","([0, 0, 0, 0, 1, 0], [4])",-0.0,-0.0,-0.0,-0.0,-0.0,-0.0,0.0,0.489916,1.4624519999999992,0.18933772665742177
53,"([0.08, 0.12, 0.13, 0.05, 0.44, 0.18], [4])","([0, 0, 0, 0, 1, 0], [4])",-0.0,-0.0,-0.0,-0.0,-0.0,-0.0,0.0,0.489916,0.9725359999999992,0.18933772665742177
54,"([0.08, 0.12, 0.13, 0.05, 0.44, 0.18], [0])","([0, 0, 0, 0, 1, 0], [4])",-0.772,-0.0,-0.0,-0.0,-0.0,-0.0,-0.772,0.489916,1.2546199999999992,0.18933772665742177
55,"([0.08, 0.12, 0.13, 0.05, 0.44, 0.18], [4])","([0, 0, 0, 0, 1, 0], [4])",-0.0,-0.0,-0.0,-0.0,-0.0,-0.0,0.0,0.489916,0.7647039999999992,0.18933772665742177
56,"([0.08, 0.12, 0.13, 0.05, 0.44, 0.18], [2])","([0, 0, 0, 0, 1, 0], [4])",-0.0,-0.0,-0.94,-0.0,-0.0,-0.0,-0.94,0.489916,1.214787999999999,0.18933772665742177
57,"([0.08, 0.12, 0.13, 0.05, 0.44, 0.18], [5])","([0, 0, 0, 0, 1, 0], [4])",-0.0,-0.0,-0.0,-0.0,-0.0,-0.858,-0.858,0.489916,1.5828719999999992,0.18933772665742177
58,"([0.08, 0.12, 0.13, 0.05, 0.44, 0.18], [4])","([0, 0, 0, 0, 1, 0], [4])",-0.0,-0.0,-0.0,-0.0,-0.0,-0.0,0.0,0.489916,1.0929559999999992,0.18933772665742177
59,"([0.08, 0.12, 0.13, 0.05, 0.44, 0.18], [4])","([0, 0, 0, 0, 1, 0], [4])",-0.0,-0.0,-0.0,-0.0,-0.0,-0.0,0.0,0.489916,0.6030399999999991,0.18933772665742177
60,"([0.08, 0.12, 0.13, 0.05, 0.44, 0.18], [3])","([0, 0, 0, 0, 1, 0], [4])",-0.0,-0.0,-0.0,-0.758,-0.0,-0.0,-0.758,0.489916,0.8711239999999991,0.18933772665742177
61,"([0.08, 0.12, 0.13, 0.05, 0.44, 0.18], [4])","([0, 0, 0, 0, 1, 0], [4])",-0.0,-0.0,-0.0,-0.0,-0.0,-0.0,0.0,0.489916,0.3812079999999991,0.18933772665742177
62,"([0.08, 0.12, 0.13, 0.05, 0.44, 0.18], [4])","([0, 0, 0, 0, 1, 0], [4])",-0.0,-0.0,-0.0,-0.0,-0.0,-0.0,0.0,0.489916,-0.10870800000000092,0.18933772665742177
63,"([0.08, 0.12, 0.13, 0.05, 0.44, 0.18], [0])","([0, 0, 0, 0, 1, 0], [4])",-0.772,-0.0,-0.0,-0.0,-0.0,-0.0,-0.772,0.489916,0.1733759999999991,0.18933772665742177
64,"([0.08, 0.12, 0.13, 0.05, 0.44, 0.18], [5])","([0, 0, 0, 0, 1, 0], [4])",-0.0,-0.0,-0.0,-0.0,-0.0,-0.858,-0.858,0.489916,0.541459999999999,0.18933772665742177
65,"([0.08, 0.12, 0.13, 0.05, 0.44, 0.18], [4])","([0, 0, 0, 0, 1, 0], [4])",-0.0,-0.0,-0.0,-0.0,-0.0,-0.0,0.0,0.489916,0.051543999999999035,0.18933772665742177
66,"([0.08, 0.12, 0.13, 0.05, 0.44, 0.18], [1])","([0, 0, 0, 0, 1, 0], [4])",-0.0,-0.914,-0.0,-0.0,-0.0,-0.0,-0.914,0.489916,0.47562799999999905,0.18933772665742177
67,"([0.08, 0.12, 0.13, 0.05, 0.44, 0.18], [4])","([0, 0, 0, 0, 1, 0], [4])",-0.0,-0.0,-0.0,-0.0,-0.0,-0.0,0.0,0.489916,-0.014288000000000967,0.18933772665742177
68,"([0.08, 0.12, 0.13, 0.05, 0.44, 0.18], [4])","([0, 0, 0, 0, 1, 0], [4])",-0.0,-0.0,-0.0,-0.0,-0.0,-0.0,0.0,0.489916,-0.504204000000001,0.18933772665742177
69,"([0.08, 0.12, 0.13, 0.05, 0.44, 0.18], [2])","([0, 0, 0, 0, 1, 0], [4])",-0.0,-0.0,-0.94,-0.0,-0.0,-0.0,-0.94,0.489916,-0.054120000000001056,0.18933772665742177
70,"([0.08, 0.12, 0.13, 0.05, 0.44, 0.18], [4])","([0, 0, 0, 0, 1, 0], [4])",-0.0,-0.0,-0.0,-0.0,-0.0,-0.0,0.0,0.489916,-0.5440360000000011,0.18933772665742177
71,"([0.08, 0.12, 0.13, 0.05, 0.44, 0.18], [3])","([0, 0, 0, 0, 1, 0], [4])",-0.0,-0.0,-0.0,-0.758,-0.0,-0.0,-0.758,0.489916,-0.2759520000000011,0.18933772665742177
72,"([0.08, 0.12, 0.13, 0.05, 0.44, 0.18], [4])","([0, 0, 0, 0, 1, 0], [4])",-0.0,-0.0,-0.0,-0.0,-0.0,-0.0,0.0,0.489916,-0.7658680000000011,0.18933772665742177
73,"([0.08, 0.12, 0.13, 0.05, 0.44, 0.18], [5])","([0, 0, 0, 0, 1, 0], [4])",-0.0,-0.0,-0.0,-0.0,-0.0,-0.858,-0.858,0.489916,-0.39778400000000114,0.18933772665742177
74,"([0.08, 0.12, 0.13, 0.05, 0.44, 0.18], [2])","([0, 0, 0, 0, 1, 0], [4])",-0.0,-0.0,-0.94,-0.0,-0.0,-0.0,-0.94,0.489916,0.05229999999999879,0.18933772665742177
75,"([0.08, 0.12, 0.13, 0.05, 0.44, 0.18], [5])","([0, 0, 0, 0, 1, 0], [4])",-0.0,-0.0,-0.0,-0.0,-0.0,-0.858,-0.858,0.489916,0.42038399999999876,0.18933772665742177
76,"([0.08, 0.12, 0.13, 0.05, 0.44, 0.18], [4])","([0, 0, 0, 0, 1, 0], [4])",-0.0,-0.0,-0.0,-0.0,-0.0,-0.0,0.0,0.489916,-0.06953200000000126,0.18933772665742177
77,"([0.08, 0.12, 0.13, 0.05, 0.44, 0.18], [1])","([0, 0, 0, 0, 1, 0], [4])",-0.0,-0.914,-0.0,-0.0,-0.0,-0.0,-0.914,0.489916,0.35455199999999876,0.18933772665742177
78,"([0.08, 0.12, 0.13, 0.05, 0.44, 0.18], [3])","([0, 0, 0, 0, 1, 0], [4])",-0.0,-0.0,-0.0,-0.758,-0.0,-0.0,-0.758,0.489916,0.6226359999999987,0.18933772665742177
79,"([0.08, 0.12, 0.13, 0.05, 0.44, 0.18], [4])","([0, 0, 0, 0, 1, 0], [4])",-0.0,-0.0,-0.0,-0.0,-0.0,-0.0,0.0,0.489916,0.13271999999999873,0.18933772665742177
80,"([0.08, 0.12, 0.13, 0.05, 0.44, 0.18], [4])","([0, 0, 0, 0, 1, 0], [4])",-0.0,-0.0,-0.0,-0.0,-0.0,-0.0,0.0,0.489916,-0.3571960000000013,0.18933772665742177
81,"([0.08, 0.12, 0.13, 0.05, 0.44, 0.18], [5])","([0, 0, 0, 0, 1, 0], [4])",-0.0,-0.0,-0.0,-0.0,-0.0,-0.858,-0.858,0.489916,0.010887999999998677,0.18933772665742177
82,"([0.08, 0.12, 0.13, 0.05, 0.44, 0.18], [4])","([0, 0, 0, 0, 1, 0], [4])",-0.0,-0.0,-0.0,-0.0,-0.0,-0.0,0.0,0.489916,-0.47902800000000134,0.18933772665742177
83,"([0.08, 0.12, 0.13, 0.05, 0.44, 0.18], [4])","([0, 0, 0, 0, 1, 0], [4])",-0.0,-0.0,-0.0,-0.0,-0.0,-0.0,0.0,0.489916,-0.9689440000000014,0.18933772665742177
84,"([0.08, 0.12, 0.13, 0.05, 0.44, 0.18], [2])","([0, 0, 0, 0, 1, 0], [4])",-0.0,-0.0,-0.94,-0.0,-0.0,-0.0,-0.94,0.489916,-0.5188600000000014,0.18933772665742177
85,"([0.08, 0.12, 0.13, 0.05, 0.44, 0.18], [5])","([0, 0, 0, 0, 1, 0], [4])",-0.0,-0.0,-0.0,-0.0,-0.0,-0.858,-0.858,0.489916,-0.15077600000000146,0.18933772665742177
86,"([0.08, 0.12, 0.13, 0.05, 0.44, 0.18], [4])","([0, 0, 0, 0, 1, 0], [4])",-0.0,-0.0,-0.0,-0.0,-0.0,-0.0,0.0,0.489916,-0.6406920000000015,0.18933772665742177
87,"([0.08, 0.12, 0.13, 0.05, 0.44, 0.18], [2])","([0, 0, 0, 0, 1, 0], [4])",-0.0,-0.0,-0.94,-0.0,-0.0,-0.0,-0.94,0.489916,-0.19060800000000155,0.18933772665742177
88,"([0.08, 0.12, 0.13, 0.05, 0.44, 0.18], [1])","([0, 0, 0, 0, 1, 0], [4])",-0.0,-0.914,-0.0,-0.0,-0.0,-0.0,-0.914,0.489916,0.23347599999999846,0.18933772665742177
89,"([0.08, 0.12, 0.13, 0.05, 0.44, 0.18], [2])","([0, 0, 0, 0, 1, 0], [4])",-0.0,-0.0,-0.94,-0.0,-0.0,-0.0,-0.94,0.489916,0.6835599999999984,0.18933772665742177
90,"([0.08, 0.12, 0.13, 0.05, 0.44, 0.18], [4])","([0, 0, 0, 0, 1, 0], [4])",-0.0,-0.0,-0.0,-0.0,-0.0,-0.0,0.0,0.489916,0.19364399999999837,0.18933772665742177
91,"([0.08, 0.12, 0.13, 0.05, 0.44, 0.18], [4])","([0, 0, 0, 0, 1, 0], [4])",-0.0,-0.0,-0.0,-0.0,-0.0,-0.0,0.0,0.489916,-0.29627200000000165,0.18933772665742177
92,"([0.08, 0.12, 0.13, 0.05, 0.44, 0.18], [4])","([0, 0, 0, 0, 1, 0], [4])",-0.0,-0.0,-0.0,-0.0,-0.0,-0.0,0.0,0.489916,-0.7861880000000017,0.18933772665742177
93,"([0.08, 0.12, 0.13, 0.05, 0.44, 0.18], [4])","([0, 0, 0, 0, 1, 0], [4])",-0.0,-0.0,-0.0,-0.0,-0.0,-0.0,0.0,0.489916,-1.2761040000000017,0.18933772665742177
94,"([0.08, 0.12, 0.13, 0.05, 0.44, 0.18], [4])","([0, 0, 0, 0, 1, 0], [4])",-0.0,-0.0,-0.0,-0.0,-0.0,-0.0,0.0,0.489916,-1.7660200000000017,0.18933772665742177
95,"([0.08, 0.12, 0.13, 0.05, 0.44, 0.18], [3])","([0, 0, 0, 0, 1, 0], [4])",-0.0,-0.0,-0.0,-0.758,-0.0,-0.0,-0.758,0.489916,-1.4979360000000017,0.18933772665742177
96,"([0.08, 0.12, 0.13, 0.05, 0.44, 0.18], [4])","([0, 0, 0, 0, 1, 0], [4])",-0.0,-0.0,-0.0,-0.0,-0.0,-0.0,0.0,0.489916,-1.9878520000000017,0.18933772665742177
97,"([0.08, 0.12, 0.13, 0.05, 0.44, 0.18], [1])","([0, 0, 0, 0, 1, 0], [4])",-0.0,-0.914,-0.0,-0.0,-0.0,-0.0,-0.914,0.489916,-1.5637680000000018,0.18933772665742177
98,"([0.08, 0.12, 0.13, 0.05, 0.44, 0.18], [4])","([0, 0, 0, 0, 1, 0], [4])",-0.0,-0.0,-0.0,-0.0,-0.0,-0.0,0.0,0.489916,-2.053684000000002,0.18933772665742177
99,"([0.08, 0.12, 0.13, 0.05, 0.44, 0.18], [0])","([0, 0, 0, 0, 1, 0], [4])",-0.772,-0.0,-0.0,-0.0,-0.0,-0.0,-0.772,0.489916,-1.7716000000000018,0.18933772665742177
100,"([0.08, 0.12, 0.13, 0.05, 0.44, 0.18], [2])","([0, 0, 0, 0, 1, 0], [4])",-0.0,-0.0,-0.94,-0.0,-0.0,-0.0,-0.94,0.489916,-1.321516000000002,0.18933772665742177
101,"([0.08, 0.12, 0.13, 0.05, 0.44, 0.18], [4])","([0, 0, 0, 0, 1, 0], [4])",-0.0,-0.0,-0.0,-0.0,-0.0,-0.0,0.0,0.489916,-1.811432000000002,0.18933772665742177
102,"([0.08, 0.12, 0.13, 0.05, 0.44, 0.18], [3])","([0, 0, 0, 0, 1, 0], [4])",-0.0,-0.0,-0.0,-0.758,-0.0,-0.0,-0.758,0.489916,-1.543348000000002,0.18933772665742177
103,"([0.08, 0.12, 0.13, 0.05, 0.44, 0.18], [0])","([0, 0, 0, 0, 1, 0], [4])",-0.772,-0.0,-0.0,-0.0,-0.0,-0.0,-0.772,0.489916,-1.261264000000002,0.18933772665742177
104,"([0.08, 0.12, 0.13, 0.05, 0.44, 0.18], [5])","([0, 0, 0, 0, 1, 0], [4])",-0.0,-0.0,-0.0,-0.0,-0.0,-0.858,-0.858,0.489916,-0.893180000000002,0.18933772665742177
105,"([0.08, 0.12, 0.13, 0.05, 0.44, 0.18], [1])","([0, 0, 0, 0, 1, 0], [4])",-0.0,-0.914,-0.0,-0.0,-0.0,-0.0,-0.914,0.489916,-0.46909600000000196,0.18933772665742177
106,"([0.08, 0.12, 0.13, 0.05, 0.44, 0.18], [4])","([0, 0, 0, 0, 1, 0], [4])",-0.0,-0.0,-0.0,-0.0,-0.0,-0.0,0.0,0.489916,-0.959012000000002,0.18933772665742177
107,"([0.08, 0.12, 0.13, 0.05, 0.44, 0.18], [3])","([0, 0, 0, 0, 1, 0], [4])",-0.0,-0.0,-0.0,-0.758,-0.0,-0.0,-0.758,0.489916,-0.690928000000002,0.18933772665742177
108,"([0.08, 0.12, 0.13, 0.05, 0.44, 0.18], [1])","([0, 0, 0, 0, 1, 0], [4])",-0.0,-0.914,-0.0,-0.0,-0.0,-0.0,-0.914,0.489916,-0.26684400000000197,0.18933772665742177
109,"([0.08, 0.12, 0.13, 0.05, 0.44, 0.18], [5])","([0, 0, 0, 0, 1, 0], [4])",-0.0,-0.0,-0.0,-0.0,-0.0,-0.858,-0.858,0.489916,0.101239999999998,0.18933772665742177
110,"([0.08, 0.12, 0.13, 0.05, 0.44, 0.18], [1])","([0, 0, 0, 0, 1, 0], [4])",-0.0,-0.914,-0.0,-0.0,-0.0,-0.0,-0.914,0.489916,0.525323999999998,0.18933772665742177
111,"([0.08, 0.12, 0.13, 0.05, 0.44, 0.18], [5])","([0, 0, 0, 0, 1, 0], [4])",-0.0,-0.0,-0.0,-0.0,-0.0,-0.858,-0.858,0.489916,0.893407999999998,0.18933772665742177
112,"([0.08, 0.12, 0.13, 0.05, 0.44, 0.18], [1])","([0, 0, 0, 0, 1, 0], [4])",-0.0,-0.914,-0.0,-0.0,-0.0,-0.0,-0.914,0.489916,1.3174919999999979,0.18933772665742177
113,"([0.08, 0.12, 0.13, 0.05, 0.44, 0.18], [3])","([0, 0, 0, 0, 1, 0], [4])",-0.0,-0.0,-0.0,-0.758,-0.0,-0.0,-0.758,0.489916,1.5855759999999979,0.18933772665742177
114,"([0.08, 0.12, 0.13, 0.05, 0.44, 0.18], [4])","([0, 0, 0, 0, 1, 0], [4])",-0.0,-0.0,-0.0,-0.0,-0.0,-0.0,0.0,0.489916,1.0956599999999979,0.18933772665742177
115,"([0.08, 0.12, 0.13, 0.05, 0.44, 0.18], [2])","([0, 0, 0, 0, 1, 0], [4])",-0.0,-0.0,-0.94,-0.0,-0.0,-0.0,-0.94,0.489916,1.5457439999999978,0.18933772665742177
116,"([0.08, 0.12, 0.13, 0.05, 0.44, 0.18], [4])","([0, 0, 0, 0, 1, 0], [4])",-0.0,-0.0,-0.0,-0.0,-0.0,-0.0,0.0,0.489916,1.0558279999999978,0.18933772665742177
117,"([0.08, 0.12, 0.13, 0.05, 0.44, 0.18], [4])","([0, 0, 0, 0, 1, 0], [4])",-0.0,-0.0,-0.0,-0.0,-0.0,-0.0,0.0,0.489916,0.5659119999999978,0.18933772665742177
118,"([0.08, 0.12, 0.13, 0.05, 0.44, 0.18], [4])","([0, 0, 0, 0, 1, 0], [4])",-0.0,-0.0,-0.0,-0.0,-0.0,-0.0,0.0,0.489916,0.07599599999999773,0.18933772665742177
119,"([0.08, 0.12, 0.13, 0.05, 0.44, 0.18], [5])","([0, 0, 0, 0, 1, 0], [4])",-0.0,-0.0,-0.0,-0.0,-0.0,-0.858,-0.858,0.489916,0.4440799999999977,0.18933772665742177
120,"([0.08, 0.12, 0.13, 0.05, 0.44, 0.18], [4])","([0, 0, 0, 0, 1, 0], [4])",-0.0,-0.0,-0.0,-0.0,-0.0,-0.0,0.0,0.489916,-0.04583600000000232,0.18933772665742177
121,"([0.08, 0.12, 0.13, 0.05, 0.44, 0.18], [2])","([0, 0, 0, 0, 1, 0], [4])",-0.0,-0.0,-0.94,-0.0,-0.0,-0.0,-0.94,0.489916,0.4042479999999976,0.18933772665742177
122,"([0.08, 0.12, 0.13, 0.05, 0.44, 0.18], [2])","([0, 0, 0, 0, 1, 0], [4])",-0.0,-0.0,-0.94,-0.0,-0.0,-0.0,-0.94,0.489916,0.8543319999999975,0.18933772665742177
123,"([0.08, 0.12, 0.13, 0.05, 0.44, 0.18], [0])","([0, 0, 0, 0, 1, 0], [4])",-0.772,-0.0,-0.0,-0.0,-0.0,-0.0,-0.772,0.489916,1.1364159999999974,0.18933772665742177
124,"([0.08, 0.12, 0.13, 0.05, 0.44, 0.18], [3])","([0, 0, 0, 0, 1, 0], [4])",-0.0,-0.0,-0.0,-0.758,-0.0,-0.0,-0.758,0.489916,1.4044999999999974,0.18933772665742177
125,"([0.08, 0.12, 0.13, 0.05, 0.44, 0.18], [5])","([0, 0, 0, 0, 1, 0], [4])",-0.0,-0.0,-0.0,-0.0,-0.0,-0.858,-0.858,0.489916,1.7725839999999975,0.18933772665742177
126,"([0.08, 0.12, 0.13, 0.05, 0.44, 0.18], [4])","([0, 0, 0, 0, 1, 0], [4])",-0.0,-0.0,-0.0,-0.0,-0.0,-0.0,0.0,0.489916,1.2826679999999975,0.18933772665742177
127,"([0.08, 0.12, 0.13, 0.05, 0.44, 0.18], [4])","([0, 0, 0, 0, 1, 0], [4])",-0.0,-0.0,-0.0,-0.0,-0.0,-0.0,0.0,0.489916,0.7927519999999975,0.18933772665742177
128,"([0.08, 0.12, 0.13, 0.05, 0.44, 0.18], [3])","([0, 0, 0, 0, 1, 0], [4])",-0.0,-0.0,-0.0,-0.758,-0.0,-0.0,-0.758,0.489916,1.0608359999999974,0.18933772665742177
129,"([0.08, 0.12, 0.13, 0.05, 0.44, 0.18], [4])","([0, 0, 0, 0, 1, 0], [4])",-0.0,-0.0,-0.0,-0.0,-0.0,-0.0,0.0,0.489916,0.5709199999999974,0.18933772665742177
130,"([0.08, 0.12, 0.13, 0.05, 0.44, 0.18], [2])","([0, 0, 0, 0, 1, 0], [4])",-0.0,-0.0,-0.94,-0.0,-0.0,-0.0,-0.94,0.489916,1.0210039999999974,0.18933772665742177
131,"([0.08, 0.12, 0.13, 0.05, 0.44, 0.18], [0])","([0, 0, 0, 0, 1, 0], [4])",-0.772,-0.0,-0.0,-0.0,-0.0,-0.0,-0.772,0.489916,1.3030879999999974,0.18933772665742177
132,"([0.08, 0.12, 0.13, 0.05, 0.44, 0.18], [4])","([0, 0, 0, 0, 1, 0], [4])",-0.0,-0.0,-0.0,-0.0,-0.0,-0.0,0.0,0.489916,0.8131719999999973,0.18933772665742177
133,"([0.08, 0.12, 0.13, 0.05, 0.44, 0.18], [4])","([0, 0, 0, 0, 1, 0], [4])",-0.0,-0.0,-0.0,-0.0,-0.0,-0.0,0.0,0.489916,0.3232559999999973,0.18933772665742177
134,"([0.08, 0.12, 0.13, 0.05, 0.44, 0.18], [4])","([0, 0, 0, 0, 1, 0], [4])",-0.0,-0.0,-0.0,-0.0,-0.0,-0.0,0.0,0.489916,-0.1666600000000027,0.18933772665742177
135,"([0.08, 0.12, 0.13, 0.05, 0.44, 0.18], [4])","([0, 0, 0, 0, 1, 0], [4])",-0.0,-0.0,-0.0,-0.0,-0.0,-0.0,0.0,0.489916,-0.6565760000000027,0.18933772665742177
136,"([0.08, 0.12, 0.13, 0.05, 0.44, 0.18], [3])","([0, 0, 0, 0, 1, 0], [4])",-0.0,-0.0,-0.0,-0.758,-0.0,-0.0,-0.758,0.489916,-0.3884920000000027,0.18933772665742177
137,"([0.08, 0.12, 0.13, 0.05, 0.44, 0.18], [4])","([0, 0, 0, 0, 1, 0], [4])",-0.0,-0.0,-0.0,-0.0,-0.0,-0.0,0.0,0.489916,-0.8784080000000027,0.18933772665742177
138,"([0.08, 0.12, 0.13, 0.05, 0.44, 0.18], [4])","([0, 0, 0, 0, 1, 0], [4])",-0.0,-0.0,-0.0,-0.0,-0.0,-0.0,0.0,0.489916,-1.3683240000000028,0.18933772665742177
139,"([0.08, 0.12, 0.13, 0.05, 0.44, 0.18], [5])","([0, 0, 0, 0, 1, 0], [4])",-0.0,-0.0,-0.0,-0.0,-0.0,-0.858,-0.858,0.489916,-1.000240000000003,0.18933772665742177
140,"([0.08, 0.12, 0.13, 0.05, 0.44, 0.18], [4])","([0, 0, 0, 0, 1, 0], [4])",-0.0,-0.0,-0.0,-0.0,-0.0,-0.0,0.0,0.489916,-1.490156000000003,0.18933772665742177
141,"([0.08, 0.12, 0.13, 0.05, 0.44, 0.18], [5])","([0, 0, 0, 0, 1, 0], [4])",-0.0,-0.0,-0.0,-0.0,-0.0,-0.858,-0.858,0.489916,-1.1220720000000028,0.18933772665742177
142,"([0.08, 0.12, 0.13, 0.05, 0.44, 0.18], [5])","([0, 0, 0, 0, 1, 0], [4])",-0.0,-0.0,-0.0,-0.0,-0.0,-0.858,-0.858,0.489916,-0.7539880000000029,0.18933772665742177
143,"([0.08, 0.12, 0.13, 0.05, 0.44, 0.18], [2])","([0, 0, 0, 0, 1, 0], [4])",-0.0,-0.0,-0.94,-0.0,-0.0,-0.0,-0.94,0.489916,-0.30390400000000295,0.18933772665742177
144,"([0.08, 0.12, 0.13, 0.05, 0.44, 0.18], [5])","([0, 0, 0, 0, 1, 0], [4])",-0.0,-0.0,-0.0,-0.0,-0.0,-0.858,-0.858,0.489916,0.06417999999999702,0.18933772665742177
145,"([0.08, 0.12, 0.13, 0.05, 0.44, 0.18], [4])","([0, 0, 0, 0, 1, 0], [4])",-0.0,-0.0,-0.0,-0.0,-0.0,-0.0,0.0,0.489916,-0.425736000000003,0.18933772665742177
146,"([0.08, 0.12, 0.13, 0.05, 0.44, 0.18], [4])","([0, 0, 0, 0, 1, 0], [4])",-0.0,-0.0,-0.0,-0.0,-0.0,-0.0,0.0,0.489916,-0.915652000000003,0.18933772665742177
147,"([0.08, 0.12, 0.13, 0.05, 0.44, 0.18], [5])","([0, 0, 0, 0, 1, 0], [4])",-0.0,-0.0,-0.0,-0.0,-0.0,-0.858,-0.858,0.489916,-0.547568000000003,0.18933772665742177
148,"([0.08, 0.12, 0.13, 0.05, 0.44, 0.18], [4])","([0, 0, 0, 0, 1, 0], [4])",-0.0,-0.0,-0.0,-0.0,-0.0,-0.0,0.0,0.489916,-1.0374840000000032,0.18933772665742177
149,"([0.08, 0.12, 0.13, 0.05, 0.44, 0.18], [4])","([0, 0, 0, 0, 1, 0], [4])",-0.0,-0.0,-0.0,-0.0,-0.0,-0.0,0.0,0.489916,-1.5274000000000032,0.18933772665742177
150,"([0.08, 0.12, 0.13, 0.05, 0.44, 0.18], [5])","([0, 0, 0, 0, 1, 0], [4])",-0.0,-0.0,-0.0,-0.0,-0.0,-0.858,-0.858,0.489916,-1.1593160000000031,0.18933772665742177
151,"([0.08, 0.12, 0.13, 0.05, 0.44, 0.18], [4])","([0, 0, 0, 0, 1, 0], [4])",-0.0,-0.0,-0.0,-0.0,-0.0,-0.0,0.0,0.489916,-1.6492320000000031,0.18933772665742177
152,"([0.08, 0.12, 0.13, 0.05, 0.44, 0.18], [3])","([0, 0, 0, 0, 1, 0], [4])",-0.0,-0.0,-0.0,-0.758,-0.0,-0.0,-0.758,0.489916,-1.3811480000000032,0.18933772665742177
153,"([0.08, 0.12, 0.13, 0.05, 0.44, 0.18], [1])","([0, 0, 0, 0, 1, 0], [4])",-0.0,-0.914,-0.0,-0.0,-0.0,-0.0,-0.914,0.489916,-0.9570640000000031,0.18933772665742177
154,"([0.08, 0.12, 0.13, 0.05, 0.44, 0.18], [0])","([0, 0, 0, 0, 1, 0], [4])",-0.772,-0.0,-0.0,-0.0,-0.0,-0.0,-0.772,0.489916,-0.6749800000000031,0.18933772665742177
155,"([0.08, 0.12, 0.13, 0.05, 0.44, 0.18], [0])","([0, 0, 0, 0, 1, 0], [4])",-0.772,-0.0,-0.0,-0.0,-0.0,-0.0,-0.772,0.489916,-0.39289600000000313,0.18933772665742177
156,"([0.08, 0.12, 0.13, 0.05, 0.44, 0.18], [4])","([0, 0, 0, 0, 1, 0], [4])",-0.0,-0.0,-0.0,-0.0,-0.0,-0.0,0.0,0.489916,-0.8828120000000031,0.18933772665742177
157,"([0.08, 0.12, 0.13, 0.05, 0.44, 0.18], [4])","([0, 0, 0, 0, 1, 0], [4])",-0.0,-0.0,-0.0,-0.0,-0.0,-0.0,0.0,0.489916,-1.372728000000003,0.18933772665742177
158,"([0.08, 0.12, 0.13, 0.05, 0.44, 0.18], [1])","([0, 0, 0, 0, 1, 0], [4])",-0.0,-0.914,-0.0,-0.0,-0.0,-0.0,-0.914,0.489916,-0.948644000000003,0.18933772665742177
159,"([0.08, 0.12, 0.13, 0.05, 0.44, 0.18], [0])","([0, 0, 0, 0, 1, 0], [4])",-0.772,-0.0,-0.0,-0.0,-0.0,-0.0,-0.772,0.489916,-0.666560000000003,0.18933772665742177
160,"([0.08, 0.12, 0.13, 0.05, 0.44, 0.18], [4])","([0, 0, 0, 0, 1, 0], [4])",-0.0,-0.0,-0.0,-0.0,-0.0,-0.0,0.0,0.489916,-1.1564760000000032,0.18933772665742177
161,"([0.08, 0.12, 0.13, 0.05, 0.44, 0.18], [4])","([0, 0, 0, 0, 1, 0], [4])",-0.0,-0.0,-0.0,-0.0,-0.0,-0.0,0.0,0.489916,-1.6463920000000032,0.18933772665742177
162,"([0.08, 0.12, 0.13, 0.05, 0.44, 0.18], [4])","([0, 0, 0, 0, 1, 0], [4])",-0.0,-0.0,-0.0,-0.0,-0.0,-0.0,0.0,0.489916,-2.136308000000003,0.18933772665742177
163,"([0.08, 0.12, 0.13, 0.05, 0.44, 0.18], [4])","([0, 0, 0, 0, 1, 0], [4])",-0.0,-0.0,-0.0,-0.0,-0.0,-0.0,0.0,0.489916,-2.6262240000000032,0.18933772665742177
164,"([0.08, 0.12, 0.13, 0.05, 0.44, 0.18], [5])","([0, 0, 0, 0, 1, 0], [4])",-0.0,-0.0,-0.0,-0.0,-0.0,-0.858,-0.858,0.489916,-2.258140000000003,0.18933772665742177
165,"([0.08, 0.12, 0.13, 0.05, 0.44, 0.18], [4])","([0, 0, 0, 0, 1, 0], [4])",-0.0,-0.0,-0.0,-0.0,-0.0,-0.0,0.0,0.489916,-2.748056000000003,0.18933772665742177
166,"([0.08, 0.12, 0.13, 0.05, 0.44, 0.18], [4])","([0, 0, 0, 0, 1, 0], [4])",-0.0,-0.0,-0.0,-0.0,-0.0,-0.0,0.0,0.489916,-3.237972000000003,0.18933772665742177
167,"([0.08, 0.12, 0.13, 0.05, 0.44, 0.18], [4])","([0, 0, 0, 0, 1, 0], [4])",-0.0,-0.0,-0.0,-0.0,-0.0,-0.0,0.0,0.489916,-3.727888000000003,0.18933772665742177
168,"([0.08, 0.12, 0.13, 0.05, 0.44, 0.18], [4])","([0, 0, 0, 0, 1, 0], [4])",-0.0,-0.0,-0.0,-0.0,-0.0,-0.0,0.0,0.489916,-4.217804000000003,0.18933772665742177
169,"([0.08, 0.12, 0.13, 0.05, 0.44, 0.18], [4])","([0, 0, 0, 0, 1, 0], [4])",-0.0,-0.0,-0.0,-0.0,-0.0,-0.0,0.0,0.489916,-4.707720000000003,0.18933772665742177
170,"([0.08, 0.12, 0.13, 0.05, 0.44, 0.18], [2])","([0, 0, 0, 0, 1, 0], [4])",-0.0,-0.0,-0.94,-0.0,-0.0,-0.0,-0.94,0.489916,-4.257636000000003,0.18933772665742177
171,"([0.08, 0.12, 0.13, 0.05, 0.44, 0.18], [1])","([0, 0, 0, 0, 1, 0], [4])",-0.0,-0.914,-0.0,-0.0,-0.0,-0.0,-0.914,0.489916,-3.833552000000003,0.18933772665742177
172,"([0.08, 0.12, 0.13, 0.05, 0.44, 0.18], [4])","([0, 0, 0, 0, 1, 0], [4])",-0.0,-0.0,-0.0,-0.0,-0.0,-0.0,0.0,0.489916,-4.323468000000004,0.18933772665742177
173,"([0.08, 0.12, 0.13, 0.05, 0.44, 0.18], [4])","([0, 0, 0, 0, 1, 0], [4])",-0.0,-0.0,-0.0,-0.0,-0.0,-0.0,0.0,0.489916,-4.813384000000004,0.18933772665742177
174,"([0.08, 0.12, 0.13, 0.05, 0.44, 0.18], [4])","([0, 0, 0, 0, 1, 0], [4])",-0.0,-0.0,-0.0,-0.0,-0.0,-0.0,0.0,0.489916,-5.303300000000004,0.18933772665742177
175,"([0.08, 0.12, 0.13, 0.05, 0.44, 0.18], [2])","([0, 0, 0, 0, 1, 0], [4])",-0.0,-0.0,-0.94,-0.0,-0.0,-0.0,-0.94,0.489916,-4.853216000000003,0.18933772665742177
176,"([0.08, 0.12, 0.13, 0.05, 0.44, 0.18], [5])","([0, 0, 0, 0, 1, 0], [4])",-0.0,-0.0,-0.0,-0.0,-0.0,-0.858,-0.858,0.489916,-4.485132000000004,0.18933772665742177
177,"([0.08, 0.12, 0.13, 0.05, 0.44, 0.18], [0])","([0, 0, 0, 0, 1, 0], [4])",-0.772,-0.0,-0.0,-0.0,-0.0,-0.0,-0.772,0.489916,-4.2030480000000034,0.18933772665742177
178,"([0.08, 0.12, 0.13, 0.05, 0.44, 0.18], [4])","([0, 0, 0, 0, 1, 0], [4])",-0.0,-0.0,-0.0,-0.0,-0.0,-0.0,0.0,0.489916,-4.6929640000000035,0.18933772665742177
179,"([0.08, 0.12, 0.13, 0.05, 0.44, 0.18], [4])","([0, 0, 0, 0, 1, 0], [4])",-0.0,-0.0,-0.0,-0.0,-0.0,-0.0,0.0,0.489916,-5.1828800000000035,0.18933772665742177
180,"([0.08, 0.12, 0.13, 0.05, 0.44, 0.18], [2])","([0, 0, 0, 0, 1, 0], [4])",-0.0,-0.0,-0.94,-0.0,-0.0,-0.0,-0.94,0.489916,-4.732796000000004,0.18933772665742177
181,"([0.08, 0.12, 0.13, 0.05, 0.44, 0.18], [2])","([0, 0, 0, 0, 1, 0], [4])",-0.0,-0.0,-0.94,-0.0,-0.0,-0.0,-0.94,0.489916,-4.282712000000004,0.18933772665742177
182,"([0.08, 0.12, 0.13, 0.05, 0.44, 0.18], [5])","([0, 0, 0, 0, 1, 0], [4])",-0.0,-0.0,-0.0,-0.0,-0.0,-0.858,-0.858,0.489916,-3.9146280000000035,0.18933772665742177
183,"([0.08, 0.12, 0.13, 0.05, 0.44, 0.18], [4])","([0, 0, 0, 0, 1, 0], [4])",-0.0,-0.0,-0.0,-0.0,-0.0,-0.0,0.0,0.489916,-4.404544000000003,0.18933772665742177
184,"([0.08, 0.12, 0.13, 0.05, 0.44, 0.18], [5])","([0, 0, 0, 0, 1, 0], [4])",-0.0,-0.0,-0.0,-0.0,-0.0,-0.858,-0.858,0.489916,-4.0364600000000035,0.18933772665742177
185,"([0.08, 0.12, 0.13, 0.05, 0.44, 0.18], [3])","([0, 0, 0, 0, 1, 0], [4])",-0.0,-0.0,-0.0,-0.758,-0.0,-0.0,-0.758,0.489916,-3.7683760000000035,0.18933772665742177
186,"([0.08, 0.12, 0.13, 0.05, 0.44, 0.18], [3])","([0, 0, 0, 0, 1, 0], [4])",-0.0,-0.0,-0.0,-0.758,-0.0,-0.0,-0.758,0.489916,-3.5002920000000035,0.18933772665742177
187,"([0.08, 0.12, 0.13, 0.05, 0.44, 0.18], [2])","([0, 0, 0, 0, 1, 0], [4])",-0.0,-0.0,-0.94,-0.0,-0.0,-0.0,-0.94,0.489916,-3.0502080000000036,0.18933772665742177
188,"([0.08, 0.12, 0.13, 0.05, 0.44, 0.18], [4])","([0, 0, 0, 0, 1, 0], [4])",-0.0,-0.0,-0.0,-0.0,-0.0,-0.0,0.0,0.489916,-3.5401240000000036,0.18933772665742177
189,"([0.08, 0.12, 0.13, 0.05, 0.44, 0.18], [4])","([0, 0, 0, 0, 1, 0], [4])",-0.0,-0.0,-0.0,-0.0,-0.0,-0.0,0.0,0.489916,-4.030040000000003,0.18933772665742177
190,"([0.08, 0.12, 0.13, 0.05, 0.44, 0.18], [4])","([0, 0, 0, 0, 1, 0], [4])",-0.0,-0.0,-0.0,-0.0,-0.0,-0.0,0.0,0.489916,-4.519956000000003,0.18933772665742177
191,"([0.08, 0.12, 0.13, 0.05, 0.44, 0.18], [4])","([0, 0, 0, 0, 1, 0], [4])",-0.0,-0.0,-0.0,-0.0,-0.0,-0.0,0.0,0.489916,-5.009872000000003,0.18933772665742177
192,"([0.08, 0.12, 0.13, 0.05, 0.44, 0.18], [4])","([0, 0, 0, 0, 1, 0], [4])",-0.0,-0.0,-0.0,-0.0,-0.0,-0.0,0.0,0.489916,-5.499788000000003,0.18933772665742177
193,"([0.08, 0.12, 0.13, 0.05, 0.44, 0.18], [4])","([0, 0, 0, 0, 1, 0], [4])",-0.0,-0.0,-0.0,-0.0,-0.0,-0.0,0.0,0.489916,-5.989704000000003,0.18933772665742177
194,"([0.08, 0.12, 0.13, 0.05, 0.44, 0.18], [4])","([0, 0, 0, 0, 1, 0], [4])",-0.0,-0.0,-0.0,-0.0,-0.0,-0.0,0.0,0.489916,-6.479620000000003,0.18933772665742177
195,"([0.08, 0.12, 0.13, 0.05, 0.44, 0.18], [2])","([0, 0, 0, 0, 1, 0], [4])",-0.0,-0.0,-0.94,-0.0,-0.0,-0.0,-0.94,0.489916,-6.029536000000004,0.18933772665742177
196,"([0.08, 0.12, 0.13, 0.05, 0.44, 0.18], [4])","([0, 0, 0, 0, 1, 0], [4])",-0.0,-0.0,-0.0,-0.0,-0.0,-0.0,0.0,0.489916,-6.519452000000004,0.18933772665742177
197,"([0.08, 0.12, 0.13, 0.05, 0.44, 0.18], [5])","([0, 0, 0, 0, 1, 0], [4])",-0.0,-0.0,-0.0,-0.0,-0.0,-0.858,-0.858,0.489916,-6.151368000000004,0.18933772665742177
198,"([0.08, 0.12, 0.13, 0.05, 0.44, 0.18], [5])","([0, 0, 0, 0, 1, 0], [4])",-0.0,-0.0,-0.0,-0.0,-0.0,-0.858,-0.858,0.489916,-5.7832840000000045,0.18933772665742177
199,"([0.08, 0.12, 0.13, 0.05, 0.44, 0.18], [5])","([0, 0, 0, 0, 1, 0], [4])",-0.0,-0.0,-0.0,-0.0,-0.0,-0.858,-0.858,0.489916,-5.415200000000005,0.18933772665742177
