,suqr-1,FRL-0,feedback target 0,feedback target 1,feedback target 2,feedback target 3,feedback target 4,feedback target 5,total,exp_loss,actual_regret,exp_regret
0,"([0.15, 0.2, 0.13, 0.14, 0.14, 0.23], [5])","([0.18, 0.13, 0.2, 0.19, 0.19, 0.1], [1])",-0.0,-0.0,-0.0,-0.0,-0.0,-0.8540000000000001,-0.8540000000000001,0.7706144362524243,0.08433265345020025,0.0009470897026244707
1,"([0.15, 0.2, 0.13, 0.14, 0.14, 0.23], [3])","([0.18, 0.13, 0.2, 0.19, 0.19, 0.1], [0])",-0.0,-0.0,-0.0,-0.953,-0.0,-0.0,-0.953,0.7706144362524243,0.26766530690040036,0.0018941794052489414
2,"([0.2, 0.19, 0.2, 0.2, 0.2, 0.0], [4])","([0, 0, 0, 0, 0, 1], [5])",-0.0,-0.0,-0.0,-0.0,-0.9540000000000001,-0.0,-0.9540000000000001,0.9412612291054444,0.4519979603506006,0.1734880619608935
3,"([0.2, 0.2, 0.21, 0.2, 0.0, 0.19], [5])","([0, 0, 0, 0, 1, 0], [4])",-0.0,-0.0,-0.0,-0.0,-0.0,-0.8540000000000001,-0.8540000000000001,0.9219856053002423,0.5363306138008008,0.325806320711336
4,"([0.2, 0.2, 0.21, 0.2, 0.0, 0.19], [5])","([0, 0, 0, 0, 1, 0], [4])",-0.0,-0.0,-0.0,-0.0,-0.0,-0.8540000000000001,-0.8540000000000001,0.9219856053002423,0.6206632672510011,0.47812457946177844
5,"([0.2, 0.19, 0.2, 0.2, 0.2, 0.0], [1])","([0, 0, 0, 0, 0, 1], [5])",-0.0,-0.887,-0.0,-0.0,-0.0,-0.0,-0.887,0.9412612291054444,0.7379959207012012,0.649718462017423
6,"([0.2, 0.19, 0.2, 0.2, 0.2, 0.0], [2])","([0, 0, 0, 0, 0, 1], [5])",-0.0,-0.0,-0.9690000000000001,-0.0,-0.0,-0.0,-0.9690000000000001,0.9412612291054444,0.9373285741514015,0.8213123445730676
7,"([0.16, 0.18, 0.15, 0.16, 0.15, 0.2], [0])","([0.18, 0.15, 0.19, 0.18, 0.18, 0.13], [3])",-0.943,-0.0,-0.0,-0.0,-0.0,-0.0,-0.943,0.769743526781735,1.1106612276016015,0.8213885248050027
8,"([0.16, 0.18, 0.15, 0.16, 0.15, 0.2], [0])","([0.18, 0.15, 0.19, 0.18, 0.18, 0.13], [3])",-0.943,-0.0,-0.0,-0.0,-0.0,-0.0,-0.943,0.769743526781735,1.2839938810518015,0.8214647050369378
9,"([0.16, 0.18, 0.15, 0.16, 0.15, 0.2], [2])","([0.18, 0.15, 0.19, 0.18, 0.18, 0.13], [4])",-0.0,-0.0,-0.9690000000000001,-0.0,-0.0,-0.0,-0.9690000000000001,0.769743526781735,1.4833265345020017,0.8215408852688729
10,"([0.16, 0.18, 0.15, 0.15, 0.15, 0.2], [4])","([0.18, 0.15, 0.19, 0.18, 0.18, 0.13], [1])",-0.0,-0.0,-0.0,-0.0,-0.9540000000000001,-0.0,-0.9540000000000001,0.7697245423918484,1.6676591879522018,0.8215980811109215
11,"([0.16, 0.18, 0.15, 0.15, 0.15, 0.2], [2])","([0.18, 0.15, 0.19, 0.18, 0.18, 0.13], [0])",-0.0,-0.0,-0.9690000000000001,-0.0,-0.0,-0.0,-0.9690000000000001,0.7697245423918484,1.866991841402402,0.82165527695297
12,"([0.16, 0.18, 0.15, 0.15, 0.15, 0.2], [1])","([0.18, 0.15, 0.19, 0.18, 0.18, 0.13], [3])",-0.0,-0.887,-0.0,-0.0,-0.0,-0.0,-0.887,0.7697245423918484,1.9843244948526022,0.8217124727950186
13,"([0.16, 0.18, 0.15, 0.15, 0.15, 0.2], [4])","([0.18, 0.15, 0.19, 0.18, 0.18, 0.13], [0])",-0.0,-0.0,-0.0,-0.0,-0.9540000000000001,-0.0,-0.9540000000000001,0.7697245423918484,2.1686571483028025,0.8217696686370671
14,"([0.16, 0.18, 0.15, 0.15, 0.15, 0.2], [4])","([0.18, 0.15, 0.19, 0.18, 0.18, 0.13], [2])",-0.0,-0.0,-0.0,-0.0,-0.9540000000000001,-0.0,-0.9540000000000001,0.7697245423918484,2.3529898017530027,0.8218268644791157
15,"([0.16, 0.18, 0.15, 0.15, 0.15, 0.2], [5])","([0.18, 0.15, 0.19, 0.18, 0.18, 0.13], [1])",-0.0,-0.0,-0.0,-0.0,-0.0,-0.8540000000000001,-0.8540000000000001,0.7697245423918484,2.437322455203203,0.8218840603211642
16,"([0.16, 0.18, 0.15, 0.15, 0.15, 0.2], [5])","([0.18, 0.15, 0.19, 0.18, 0.18, 0.13], [3])",-0.0,-0.0,-0.0,-0.0,-0.0,-0.8540000000000001,-0.8540000000000001,0.7697245423918484,2.5216551086534036,0.8219412561632128
17,"([0.16, 0.18, 0.15, 0.15, 0.15, 0.2], [3])","([0.18, 0.15, 0.19, 0.18, 0.18, 0.13], [2])",-0.0,-0.0,-0.0,-0.953,-0.0,-0.0,-0.953,0.7697245423918484,2.704987762103604,0.8219984520052613
18,"([0.16, 0.18, 0.15, 0.15, 0.15, 0.2], [5])","([0.18, 0.15, 0.19, 0.18, 0.18, 0.13], [3])",-0.0,-0.0,-0.0,-0.0,-0.0,-0.8540000000000001,-0.8540000000000001,0.7697245423918484,2.789320415553804,0.8220556478473099
19,"([0.16, 0.18, 0.15, 0.15, 0.15, 0.2], [0])","([0.18, 0.15, 0.19, 0.18, 0.18, 0.13], [5])",-0.943,-0.0,-0.0,-0.0,-0.0,-0.0,-0.943,0.7697245423918484,2.962653069004004,0.8221128436893584
20,"([0.16, 0.18, 0.15, 0.15, 0.15, 0.2], [3])","([0.18, 0.15, 0.19, 0.18, 0.18, 0.13], [3])",-0.0,-0.0,-0.0,-0.0,-0.0,-0.0,0.0,0.7697245423918484,2.192985722454204,0.822170039531407
21,"([0.16, 0.18, 0.15, 0.15, 0.15, 0.2], [1])","([0.18, 0.15, 0.19, 0.18, 0.18, 0.13], [0])",-0.0,-0.887,-0.0,-0.0,-0.0,-0.0,-0.887,0.7697245423918484,2.310318375904404,0.8222272353734555
22,"([0.16, 0.18, 0.15, 0.15, 0.15, 0.2], [4])","([0.18, 0.15, 0.19, 0.18, 0.18, 0.13], [1])",-0.0,-0.0,-0.0,-0.0,-0.9540000000000001,-0.0,-0.9540000000000001,0.7697245423918484,2.4946510293546043,0.8222844312155041
23,"([0.16, 0.18, 0.15, 0.15, 0.15, 0.2], [2])","([0.18, 0.15, 0.19, 0.18, 0.18, 0.13], [4])",-0.0,-0.0,-0.9690000000000001,-0.0,-0.0,-0.0,-0.9690000000000001,0.7697245423918484,2.6939836828048045,0.8223416270575526
24,"([0.16, 0.18, 0.15, 0.15, 0.15, 0.2], [0])","([0.18, 0.15, 0.19, 0.18, 0.18, 0.13], [2])",-0.943,-0.0,-0.0,-0.0,-0.0,-0.0,-0.943,0.7697245423918484,2.8673163362550045,0.8223988228996012
25,"([0.16, 0.18, 0.15, 0.15, 0.15, 0.2], [0])","([0.18, 0.15, 0.19, 0.18, 0.18, 0.13], [2])",-0.943,-0.0,-0.0,-0.0,-0.0,-0.0,-0.943,0.7697245423918484,3.0406489897052045,0.8224560187416498
26,"([0.16, 0.18, 0.15, 0.15, 0.15, 0.2], [0])","([0.18, 0.15, 0.19, 0.18, 0.18, 0.13], [0])",-0.0,-0.0,-0.0,-0.0,-0.0,-0.0,0.0,0.7697245423918484,2.2709816431554044,0.8225132145836983
27,"([0.16, 0.18, 0.15, 0.15, 0.15, 0.2], [2])","([0.18, 0.15, 0.19, 0.18, 0.18, 0.13], [4])",-0.0,-0.0,-0.9690000000000001,-0.0,-0.0,-0.0,-0.9690000000000001,0.7697245423918484,2.4703142966056046,0.8225704104257469
28,"([0.16, 0.18, 0.15, 0.15, 0.15, 0.2], [4])","([0.18, 0.15, 0.19, 0.18, 0.18, 0.13], [3])",-0.0,-0.0,-0.0,-0.0,-0.9540000000000001,-0.0,-0.9540000000000001,0.7697245423918484,2.6546469500558048,0.8226276062677954
29,"([0.16, 0.18, 0.15, 0.15, 0.15, 0.2], [5])","([0.18, 0.15, 0.19, 0.18, 0.18, 0.13], [4])",-0.0,-0.0,-0.0,-0.0,-0.0,-0.8540000000000001,-0.8540000000000001,0.7697245423918484,2.738979603506005,0.822684802109844
30,"([0.16, 0.18, 0.15, 0.15, 0.15, 0.2], [5])","([0.18, 0.15, 0.19, 0.18, 0.18, 0.13], [4])",-0.0,-0.0,-0.0,-0.0,-0.0,-0.8540000000000001,-0.8540000000000001,0.7697245423918484,2.8233122569562052,0.8227419979518925
31,"([0.16, 0.18, 0.15, 0.15, 0.15, 0.2], [5])","([0.18, 0.15, 0.19, 0.18, 0.18, 0.13], [2])",-0.0,-0.0,-0.0,-0.0,-0.0,-0.8540000000000001,-0.8540000000000001,0.7697245423918484,2.9076449104064057,0.8227991937939411
32,"([0.16, 0.18, 0.15, 0.15, 0.15, 0.2], [4])","([0.18, 0.15, 0.19, 0.18, 0.18, 0.13], [1])",-0.0,-0.0,-0.0,-0.0,-0.9540000000000001,-0.0,-0.9540000000000001,0.7697245423918484,3.091977563856606,0.8228563896359896
33,"([0.16, 0.18, 0.15, 0.15, 0.15, 0.2], [0])","([0.18, 0.15, 0.19, 0.18, 0.18, 0.13], [3])",-0.943,-0.0,-0.0,-0.0,-0.0,-0.0,-0.943,0.7697245423918484,3.265310217306806,0.8229135854780382
34,"([0.16, 0.18, 0.15, 0.15, 0.15, 0.2], [5])","([0.18, 0.15, 0.19, 0.18, 0.18, 0.13], [4])",-0.0,-0.0,-0.0,-0.0,-0.0,-0.8540000000000001,-0.8540000000000001,0.7697245423918484,3.3496428707570063,0.8229707813200867
35,"([0.16, 0.18, 0.15, 0.15, 0.15, 0.2], [4])","([0.18, 0.15, 0.19, 0.18, 0.18, 0.13], [4])",-0.0,-0.0,-0.0,-0.0,-0.0,-0.0,0.0,0.7697245423918484,2.5799755242072067,0.8230279771621353
36,"([0.2, 0.2, 0.21, 0.2, 0.0, 0.19], [3])","([0, 0, 0, 0, 1, 0], [4])",-0.0,-0.0,-0.0,-0.953,-0.0,-0.0,-0.953,0.9219856053002423,2.763308177657407,0.9753462359125777
37,"([0.16, 0.18, 0.15, 0.15, 0.15, 0.2], [5])","([0.18, 0.15, 0.19, 0.18, 0.18, 0.13], [2])",-0.0,-0.0,-0.0,-0.0,-0.0,-0.8540000000000001,-0.8540000000000001,0.7697245423918484,2.847640831107607,0.9754034317546263
38,"([0.16, 0.18, 0.15, 0.16, 0.15, 0.2], [5])","([0.18, 0.15, 0.19, 0.18, 0.18, 0.13], [4])",-0.0,-0.0,-0.0,-0.0,-0.0,-0.8540000000000001,-0.8540000000000001,0.769743526781735,2.9319734845578074,0.9754796119865614
39,"([0.2, 0.2, 0.21, 0.2, 0.0, 0.19], [3])","([0, 0, 0, 0, 1, 0], [4])",-0.0,-0.0,-0.0,-0.953,-0.0,-0.0,-0.953,0.9219856053002423,3.1153061380080076,1.127797870737004
40,"([0.16, 0.18, 0.15, 0.15, 0.15, 0.2], [5])","([0.18, 0.15, 0.19, 0.18, 0.18, 0.13], [2])",-0.0,-0.0,-0.0,-0.0,-0.0,-0.8540000000000001,-0.8540000000000001,0.7697245423918484,3.1996387914582076,1.1278550665790525
41,"([0.16, 0.18, 0.15, 0.16, 0.15, 0.2], [2])","([0.18, 0.15, 0.19, 0.18, 0.18, 0.13], [5])",-0.0,-0.0,-0.9690000000000001,-0.0,-0.0,-0.0,-0.9690000000000001,0.769743526781735,3.398971444908408,1.1279312468109877
42,"([0.16, 0.18, 0.15, 0.15, 0.15, 0.2], [3])","([0.18, 0.15, 0.19, 0.18, 0.18, 0.13], [5])",-0.0,-0.0,-0.0,-0.953,-0.0,-0.0,-0.953,0.7697245423918484,3.582304098358608,1.1279884426530362
43,"([0.16, 0.18, 0.15, 0.15, 0.15, 0.2], [5])","([0.18, 0.15, 0.19, 0.18, 0.18, 0.13], [2])",-0.0,-0.0,-0.0,-0.0,-0.0,-0.8540000000000001,-0.8540000000000001,0.7697245423918484,3.6666367518088085,1.1280456384950848
44,"([0.16, 0.18, 0.15, 0.15, 0.15, 0.2], [3])","([0.18, 0.15, 0.19, 0.18, 0.18, 0.13], [3])",-0.0,-0.0,-0.0,-0.0,-0.0,-0.0,0.0,0.7697245423918484,2.896969405259009,1.1281028343371333
45,"([0.16, 0.18, 0.15, 0.15, 0.15, 0.2], [4])","([0.18, 0.15, 0.19, 0.18, 0.18, 0.13], [1])",-0.0,-0.0,-0.0,-0.0,-0.9540000000000001,-0.0,-0.9540000000000001,0.7697245423918484,3.081302058709209,1.1281600301791819
46,"([0.2, 0.2, 0.21, 0.2, 0.0, 0.19], [0])","([0, 0, 0, 0, 1, 0], [4])",-0.943,-0.0,-0.0,-0.0,-0.0,-0.0,-0.943,0.9219856053002423,3.254634712159409,1.2804782889296242
47,"([0.16, 0.18, 0.15, 0.15, 0.15, 0.2], [0])","([0.18, 0.15, 0.19, 0.18, 0.18, 0.13], [3])",-0.943,-0.0,-0.0,-0.0,-0.0,-0.0,-0.943,0.7697245423918484,3.427967365609609,1.2805354847716728
48,"([0.16, 0.18, 0.15, 0.15, 0.15, 0.2], [3])","([0.18, 0.15, 0.19, 0.18, 0.18, 0.13], [4])",-0.0,-0.0,-0.0,-0.953,-0.0,-0.0,-0.953,0.7697245423918484,3.6113000190598092,1.2805926806137213
49,"([0.16, 0.18, 0.15, 0.15, 0.15, 0.2], [5])","([0.18, 0.15, 0.19, 0.18, 0.18, 0.12], [3])",-0.0,-0.0,-0.0,-0.0,-0.0,-0.8540000000000001,-0.8540000000000001,0.7697009976759842,3.6956326725100093,1.2806263317399056
50,"([0.16, 0.18, 0.15, 0.15, 0.15, 0.2], [1])","([0.18, 0.15, 0.19, 0.18, 0.18, 0.13], [1])",-0.0,-0.0,-0.0,-0.0,-0.0,-0.0,0.0,0.7697245423918484,2.9259653259602096,1.2806835275819541
51,"([0.16, 0.18, 0.15, 0.15, 0.15, 0.2], [2])","([0.18, 0.15, 0.19, 0.18, 0.18, 0.13], [0])",-0.0,-0.0,-0.9690000000000001,-0.0,-0.0,-0.0,-0.9690000000000001,0.7697245423918484,3.12529797941041,1.2807407234240027
52,"([0.16, 0.18, 0.15, 0.15, 0.15, 0.2], [2])","([0.18, 0.15, 0.19, 0.18, 0.18, 0.13], [1])",-0.0,-0.0,-0.9690000000000001,-0.0,-0.0,-0.0,-0.9690000000000001,0.7697245423918484,3.32463063286061,1.2807979192660512
53,"([0.16, 0.18, 0.15, 0.15, 0.15, 0.2], [4])","([0.18, 0.15, 0.19, 0.18, 0.18, 0.12], [4])",-0.0,-0.0,-0.0,-0.0,-0.0,-0.0,0.0,0.7697009976759842,2.5549632863108105,1.2808315703922357
54,"([0.16, 0.18, 0.15, 0.15, 0.15, 0.2], [2])","([0.18, 0.15, 0.19, 0.18, 0.18, 0.12], [1])",-0.0,-0.0,-0.9690000000000001,-0.0,-0.0,-0.0,-0.9690000000000001,0.7697009976759842,2.7542959397610107,1.28086522151842
55,"([0.16, 0.18, 0.15, 0.15, 0.15, 0.2], [3])","([0.18, 0.15, 0.19, 0.18, 0.18, 0.12], [1])",-0.0,-0.0,-0.0,-0.953,-0.0,-0.0,-0.953,0.7697009976759842,2.937628593211211,1.2808988726446042
56,"([0.16, 0.18, 0.15, 0.15, 0.15, 0.2], [1])","([0.18, 0.15, 0.19, 0.18, 0.18, 0.12], [0])",-0.0,-0.887,-0.0,-0.0,-0.0,-0.0,-0.887,0.7697009976759842,3.054961246661411,1.2809325237707885
57,"([0.16, 0.18, 0.15, 0.15, 0.15, 0.2], [5])","([0.18, 0.15, 0.19, 0.18, 0.18, 0.12], [3])",-0.0,-0.0,-0.0,-0.0,-0.0,-0.8540000000000001,-0.8540000000000001,0.7697009976759842,3.1392939001116114,1.2809661748969727
58,"([0.16, 0.18, 0.15, 0.15, 0.15, 0.2], [5])","([0.18, 0.15, 0.19, 0.18, 0.18, 0.12], [1])",-0.0,-0.0,-0.0,-0.0,-0.0,-0.8540000000000001,-0.8540000000000001,0.7697009976759842,3.223626553561812,1.280999826023157
59,"([0.16, 0.18, 0.15, 0.15, 0.15, 0.2], [4])","([0.18, 0.15, 0.19, 0.18, 0.18, 0.12], [3])",-0.0,-0.0,-0.0,-0.0,-0.9540000000000001,-0.0,-0.9540000000000001,0.7697009976759842,3.407959207012012,1.2810334771493412
60,"([0.16, 0.18, 0.15, 0.15, 0.15, 0.2], [2])","([0.18, 0.15, 0.19, 0.18, 0.18, 0.12], [1])",-0.0,-0.0,-0.9690000000000001,-0.0,-0.0,-0.0,-0.9690000000000001,0.7697009976759842,3.607291860462212,1.2810671282755255
61,"([0.16, 0.18, 0.15, 0.15, 0.15, 0.2], [4])","([0.18, 0.15, 0.19, 0.18, 0.18, 0.12], [1])",-0.0,-0.0,-0.0,-0.0,-0.9540000000000001,-0.0,-0.9540000000000001,0.7697009976759842,3.7916245139124123,1.2811007794017097
62,"([0.16, 0.18, 0.15, 0.15, 0.15, 0.2], [1])","([0.18, 0.15, 0.19, 0.18, 0.18, 0.12], [1])",-0.0,-0.0,-0.0,-0.0,-0.0,-0.0,0.0,0.7697009976759842,3.021957167362612,1.281134430527894
63,"([0.16, 0.18, 0.15, 0.15, 0.15, 0.2], [4])","([0.18, 0.15, 0.19, 0.18, 0.18, 0.12], [0])",-0.0,-0.0,-0.0,-0.0,-0.9540000000000001,-0.0,-0.9540000000000001,0.7697009976759842,3.2062898208128123,1.2811680816540783
64,"([0.16, 0.18, 0.15, 0.15, 0.15, 0.2], [5])","([0.18, 0.15, 0.19, 0.18, 0.18, 0.12], [2])",-0.0,-0.0,-0.0,-0.0,-0.0,-0.8540000000000001,-0.8540000000000001,0.7697009976759842,3.290622474263013,1.2812017327802625
65,"([0.16, 0.18, 0.15, 0.15, 0.15, 0.2], [0])","([0.18, 0.15, 0.19, 0.18, 0.18, 0.12], [1])",-0.943,-0.0,-0.0,-0.0,-0.0,-0.0,-0.943,0.7697009976759842,3.463955127713213,1.2812353839064468
66,"([0.16, 0.18, 0.15, 0.15, 0.15, 0.2], [1])","([0.18, 0.15, 0.19, 0.18, 0.18, 0.12], [1])",-0.0,-0.0,-0.0,-0.0,-0.0,-0.0,0.0,0.7697009976759842,2.694287781163413,1.281269035032631
67,"([0.16, 0.18, 0.15, 0.15, 0.15, 0.2], [4])","([0.18, 0.15, 0.19, 0.18, 0.18, 0.12], [0])",-0.0,-0.0,-0.0,-0.0,-0.9540000000000001,-0.0,-0.9540000000000001,0.7697009976759842,2.8786204346136133,1.2813026861588153
68,"([0.16, 0.18, 0.15, 0.15, 0.15, 0.2], [3])","([0.18, 0.15, 0.19, 0.18, 0.18, 0.12], [2])",-0.0,-0.0,-0.0,-0.953,-0.0,-0.0,-0.953,0.7697009976759842,3.0619530880638135,1.2813363372849995
69,"([0.16, 0.18, 0.15, 0.15, 0.15, 0.2], [0])","([0.18, 0.15, 0.19, 0.18, 0.18, 0.12], [2])",-0.943,-0.0,-0.0,-0.0,-0.0,-0.0,-0.943,0.7697009976759842,3.2352857415140135,1.2813699884111838
70,"([0.16, 0.18, 0.15, 0.15, 0.15, 0.2], [1])","([0.18, 0.15, 0.19, 0.18, 0.18, 0.12], [4])",-0.0,-0.887,-0.0,-0.0,-0.0,-0.0,-0.887,0.7697009976759842,3.352618394964214,1.281403639537368
71,"([0.16, 0.18, 0.15, 0.15, 0.15, 0.2], [3])","([0.18, 0.15, 0.19, 0.18, 0.18, 0.12], [2])",-0.0,-0.0,-0.0,-0.953,-0.0,-0.0,-0.953,0.7697009976759842,3.535951048414414,1.2814372906635523
72,"([0.16, 0.18, 0.15, 0.15, 0.15, 0.2], [4])","([0.18, 0.15, 0.19, 0.18, 0.18, 0.12], [0])",-0.0,-0.0,-0.0,-0.0,-0.9540000000000001,-0.0,-0.9540000000000001,0.7697009976759842,3.720283701864614,1.2814709417897365
73,"([0.16, 0.18, 0.15, 0.15, 0.15, 0.2], [4])","([0.18, 0.15, 0.19, 0.18, 0.18, 0.12], [2])",-0.0,-0.0,-0.0,-0.0,-0.9540000000000001,-0.0,-0.9540000000000001,0.7697009976759842,3.9046163553148143,1.2815045929159208
74,"([0.16, 0.18, 0.15, 0.15, 0.15, 0.2], [5])","([0.18, 0.15, 0.19, 0.18, 0.18, 0.12], [3])",-0.0,-0.0,-0.0,-0.0,-0.0,-0.8540000000000001,-0.8540000000000001,0.7697009976759842,3.9889490087650143,1.281538244042105
75,"([0.16, 0.18, 0.15, 0.15, 0.15, 0.2], [5])","([0.18, 0.15, 0.19, 0.18, 0.18, 0.12], [0])",-0.0,-0.0,-0.0,-0.0,-0.0,-0.8540000000000001,-0.8540000000000001,0.7697009976759842,4.073281662215215,1.2815718951682893
76,"([0.16, 0.18, 0.15, 0.15, 0.15, 0.2], [3])","([0.18, 0.15, 0.19, 0.18, 0.18, 0.12], [1])",-0.0,-0.0,-0.0,-0.953,-0.0,-0.0,-0.953,0.7697009976759842,4.256614315665415,1.2816055462944735
77,"([0.16, 0.18, 0.15, 0.15, 0.15, 0.2], [2])","([0.18, 0.15, 0.19, 0.18, 0.18, 0.12], [1])",-0.0,-0.0,-0.9690000000000001,-0.0,-0.0,-0.0,-0.9690000000000001,0.7697009976759842,4.455946969115615,1.2816391974206578
78,"([0.16, 0.18, 0.15, 0.15, 0.15, 0.2], [2])","([0.18, 0.15, 0.19, 0.18, 0.18, 0.12], [5])",-0.0,-0.0,-0.9690000000000001,-0.0,-0.0,-0.0,-0.9690000000000001,0.7697009976759842,4.655279622565816,1.281672848546842
79,"([0.16, 0.18, 0.15, 0.15, 0.15, 0.2], [1])","([0.18, 0.15, 0.19, 0.18, 0.18, 0.12], [0])",-0.0,-0.887,-0.0,-0.0,-0.0,-0.0,-0.887,0.7697009976759842,4.772612276016016,1.2817064996730263
80,"([0.16, 0.18, 0.15, 0.15, 0.15, 0.2], [4])","([0.18, 0.15, 0.19, 0.18, 0.18, 0.12], [4])",-0.0,-0.0,-0.0,-0.0,-0.0,-0.0,0.0,0.7697009976759842,4.002944929466216,1.2817401507992106
81,"([0.16, 0.18, 0.15, 0.15, 0.15, 0.2], [5])","([0.18, 0.15, 0.19, 0.18, 0.18, 0.12], [1])",-0.0,-0.0,-0.0,-0.0,-0.0,-0.8540000000000001,-0.8540000000000001,0.7697009976759842,4.087277582916417,1.2817738019253948
82,"([0.16, 0.18, 0.15, 0.15, 0.15, 0.2], [4])","([0.18, 0.15, 0.19, 0.18, 0.18, 0.12], [5])",-0.0,-0.0,-0.0,-0.0,-0.9540000000000001,-0.0,-0.9540000000000001,0.7697009976759842,4.271610236366617,1.281807453051579
83,"([0.16, 0.18, 0.15, 0.15, 0.15, 0.2], [4])","([0.18, 0.15, 0.19, 0.18, 0.18, 0.12], [4])",-0.0,-0.0,-0.0,-0.0,-0.0,-0.0,0.0,0.7697009976759842,3.5019428898168172,1.2818411041777633
84,"([0.16, 0.18, 0.15, 0.15, 0.15, 0.2], [2])","([0.18, 0.15, 0.19, 0.18, 0.18, 0.12], [2])",-0.0,-0.0,-0.0,-0.0,-0.0,-0.0,0.0,0.7697009976759842,2.7322755432670176,1.2818747553039476
85,"([0.16, 0.18, 0.15, 0.15, 0.15, 0.2], [1])","([0.18, 0.15, 0.19, 0.18, 0.18, 0.12], [5])",-0.0,-0.887,-0.0,-0.0,-0.0,-0.0,-0.887,0.7697009976759842,2.8496081967172175,1.2819084064301318
86,"([0.16, 0.18, 0.15, 0.15, 0.15, 0.2], [2])","([0.18, 0.15, 0.19, 0.18, 0.18, 0.12], [1])",-0.0,-0.0,-0.9690000000000001,-0.0,-0.0,-0.0,-0.9690000000000001,0.7697009976759842,3.048940850167418,1.281942057556316
87,"([0.16, 0.18, 0.15, 0.15, 0.15, 0.2], [5])","([0.18, 0.15, 0.19, 0.18, 0.18, 0.12], [1])",-0.0,-0.0,-0.0,-0.0,-0.0,-0.8540000000000001,-0.8540000000000001,0.7697009976759842,3.133273503617618,1.2819757086825003
88,"([0.16, 0.18, 0.15, 0.15, 0.15, 0.2], [1])","([0.18, 0.15, 0.19, 0.18, 0.18, 0.12], [3])",-0.0,-0.887,-0.0,-0.0,-0.0,-0.0,-0.887,0.7697009976759842,3.2506061570678177,1.2820093598086846
89,"([0.16, 0.18, 0.15, 0.15, 0.15, 0.2], [5])","([0.18, 0.15, 0.19, 0.18, 0.18, 0.12], [4])",-0.0,-0.0,-0.0,-0.0,-0.0,-0.8540000000000001,-0.8540000000000001,0.7697009976759842,3.334938810518018,1.2820430109348688
90,"([0.16, 0.18, 0.15, 0.15, 0.15, 0.2], [0])","([0.18, 0.15, 0.19, 0.18, 0.18, 0.12], [4])",-0.943,-0.0,-0.0,-0.0,-0.0,-0.0,-0.943,0.7697009976759842,3.508271463968218,1.282076662061053
91,"([0.16, 0.18, 0.15, 0.15, 0.15, 0.2], [5])","([0.18, 0.15, 0.19, 0.18, 0.18, 0.12], [1])",-0.0,-0.0,-0.0,-0.0,-0.0,-0.8540000000000001,-0.8540000000000001,0.7697009976759842,3.5926041174184187,1.2821103131872373
92,"([0.16, 0.18, 0.15, 0.15, 0.15, 0.2], [3])","([0.18, 0.15, 0.19, 0.18, 0.18, 0.12], [5])",-0.0,-0.0,-0.0,-0.953,-0.0,-0.0,-0.953,0.7697009976759842,3.775936770868619,1.2821439643134216
93,"([0.16, 0.18, 0.15, 0.15, 0.15, 0.2], [1])","([0.18, 0.15, 0.19, 0.18, 0.18, 0.12], [2])",-0.0,-0.887,-0.0,-0.0,-0.0,-0.0,-0.887,0.7697009976759842,3.8932694243188193,1.2821776154396058
94,"([0.16, 0.18, 0.15, 0.15, 0.15, 0.2], [0])","([0.18, 0.15, 0.19, 0.18, 0.18, 0.12], [3])",-0.943,-0.0,-0.0,-0.0,-0.0,-0.0,-0.943,0.7697009976759842,4.066602077769019,1.28221126656579
95,"([0.16, 0.18, 0.15, 0.15, 0.15, 0.2], [3])","([0.18, 0.15, 0.19, 0.18, 0.18, 0.12], [2])",-0.0,-0.0,-0.0,-0.953,-0.0,-0.0,-0.953,0.7697009976759842,4.249934731219219,1.2822449176919744
96,"([0.16, 0.18, 0.15, 0.15, 0.15, 0.2], [2])","([0.18, 0.15, 0.19, 0.18, 0.18, 0.12], [4])",-0.0,-0.0,-0.9690000000000001,-0.0,-0.0,-0.0,-0.9690000000000001,0.7697009976759842,4.449267384669419,1.2822785688181586
97,"([0.16, 0.18, 0.15, 0.15, 0.15, 0.2], [5])","([0.18, 0.15, 0.19, 0.18, 0.18, 0.12], [3])",-0.0,-0.0,-0.0,-0.0,-0.0,-0.8540000000000001,-0.8540000000000001,0.7697009976759842,4.533600038119619,1.2823122199443429
98,"([0.16, 0.18, 0.15, 0.15, 0.15, 0.2], [1])","([0.18, 0.15, 0.19, 0.18, 0.18, 0.12], [1])",-0.0,-0.0,-0.0,-0.0,-0.0,-0.0,0.0,0.7697009976759842,3.7639326915698197,1.282345871070527
99,"([0.16, 0.18, 0.15, 0.15, 0.15, 0.2], [0])","([0.18, 0.15, 0.19, 0.18, 0.18, 0.12], [0])",-0.0,-0.0,-0.0,-0.0,-0.0,-0.0,0.0,0.7697009976759842,2.99426534502002,1.2823795221967114
100,"([0.16, 0.18, 0.15, 0.15, 0.15, 0.2], [5])","([0.18, 0.15, 0.19, 0.18, 0.18, 0.12], [3])",-0.0,-0.0,-0.0,-0.0,-0.0,-0.8540000000000001,-0.8540000000000001,0.7697009976759842,3.0785979984702205,1.2824131733228956
101,"([0.16, 0.18, 0.15, 0.15, 0.15, 0.2], [2])","([0.18, 0.15, 0.19, 0.18, 0.18, 0.12], [4])",-0.0,-0.0,-0.9690000000000001,-0.0,-0.0,-0.0,-0.9690000000000001,0.7697009976759842,3.2779306519204208,1.2824468244490799
102,"([0.16, 0.18, 0.15, 0.15, 0.15, 0.2], [3])","([0.18, 0.15, 0.19, 0.18, 0.18, 0.12], [4])",-0.0,-0.0,-0.0,-0.953,-0.0,-0.0,-0.953,0.7697009976759842,3.461263305370621,1.2824804755752641
103,"([0.16, 0.18, 0.15, 0.15, 0.15, 0.2], [4])","([0.18, 0.15, 0.19, 0.18, 0.18, 0.12], [0])",-0.0,-0.0,-0.0,-0.0,-0.9540000000000001,-0.0,-0.9540000000000001,0.7697009976759842,3.645595958820821,1.2825141267014484
104,"([0.16, 0.18, 0.15, 0.15, 0.15, 0.2], [5])","([0.18, 0.15, 0.19, 0.18, 0.18, 0.12], [2])",-0.0,-0.0,-0.0,-0.0,-0.0,-0.8540000000000001,-0.8540000000000001,0.7697009976759842,3.7299286122710216,1.2825477778276326
105,"([0.16, 0.18, 0.15, 0.15, 0.15, 0.2], [1])","([0.18, 0.15, 0.19, 0.18, 0.18, 0.12], [4])",-0.0,-0.887,-0.0,-0.0,-0.0,-0.0,-0.887,0.7697009976759842,3.8472612657212215,1.2825814289538169
106,"([0.16, 0.18, 0.15, 0.15, 0.15, 0.2], [5])","([0.18, 0.15, 0.19, 0.18, 0.18, 0.12], [1])",-0.0,-0.0,-0.0,-0.0,-0.0,-0.8540000000000001,-0.8540000000000001,0.7697009976759842,3.931593919171422,1.2826150800800011
107,"([0.16, 0.18, 0.15, 0.15, 0.15, 0.2], [5])","([0.18, 0.15, 0.19, 0.18, 0.18, 0.12], [2])",-0.0,-0.0,-0.0,-0.0,-0.0,-0.8540000000000001,-0.8540000000000001,0.7697009976759842,4.0159265726216224,1.2826487312061854
108,"([0.16, 0.18, 0.15, 0.15, 0.15, 0.2], [4])","([0.18, 0.15, 0.19, 0.18, 0.18, 0.12], [0])",-0.0,-0.0,-0.0,-0.0,-0.9540000000000001,-0.0,-0.9540000000000001,0.7697009976759842,4.200259226071823,1.2826823823323696
109,"([0.16, 0.18, 0.15, 0.15, 0.15, 0.2], [3])","([0.18, 0.15, 0.19, 0.18, 0.18, 0.12], [5])",-0.0,-0.0,-0.0,-0.953,-0.0,-0.0,-0.953,0.7697009976759842,4.383591879522022,1.282716033458554
110,"([0.16, 0.18, 0.15, 0.15, 0.15, 0.2], [2])","([0.18, 0.15, 0.19, 0.18, 0.18, 0.12], [2])",-0.0,-0.0,-0.0,-0.0,-0.0,-0.0,0.0,0.7697009976759842,3.6139245329722227,1.2827496845847381
111,"([0.16, 0.18, 0.15, 0.15, 0.15, 0.2], [2])","([0.18, 0.15, 0.19, 0.18, 0.18, 0.12], [4])",-0.0,-0.0,-0.9690000000000001,-0.0,-0.0,-0.0,-0.9690000000000001,0.7697009976759842,3.813257186422423,1.2827833357109224
112,"([0.16, 0.18, 0.15, 0.15, 0.15, 0.2], [2])","([0.18, 0.15, 0.19, 0.18, 0.18, 0.12], [2])",-0.0,-0.0,-0.0,-0.0,-0.0,-0.0,0.0,0.7697009976759842,3.043589839872623,1.2828169868371067
113,"([0.16, 0.18, 0.15, 0.15, 0.15, 0.2], [4])","([0.18, 0.15, 0.19, 0.18, 0.18, 0.12], [2])",-0.0,-0.0,-0.0,-0.0,-0.9540000000000001,-0.0,-0.9540000000000001,0.7697009976759842,3.227922493322823,1.282850637963291
114,"([0.16, 0.18, 0.15, 0.15, 0.15, 0.2], [4])","([0.18, 0.15, 0.19, 0.18, 0.18, 0.12], [2])",-0.0,-0.0,-0.0,-0.0,-0.9540000000000001,-0.0,-0.9540000000000001,0.7697009976759842,3.412255146773023,1.2828842890894752
115,"([0.16, 0.18, 0.15, 0.15, 0.15, 0.2], [1])","([0.18, 0.15, 0.19, 0.18, 0.18, 0.12], [1])",-0.0,-0.0,-0.0,-0.0,-0.0,-0.0,0.0,0.7697009976759842,2.6425878002232235,1.2829179402156594
116,"([0.16, 0.18, 0.15, 0.15, 0.15, 0.2], [1])","([0.18, 0.15, 0.19, 0.18, 0.18, 0.12], [2])",-0.0,-0.887,-0.0,-0.0,-0.0,-0.0,-0.887,0.7697009976759842,2.7599204536734234,1.2829515913418437
117,"([0.16, 0.18, 0.15, 0.15, 0.15, 0.2], [5])","([0.18, 0.15, 0.19, 0.18, 0.18, 0.12], [3])",-0.0,-0.0,-0.0,-0.0,-0.0,-0.8540000000000001,-0.8540000000000001,0.7697009976759842,2.844253107123624,1.282985242468028
118,"([0.16, 0.18, 0.15, 0.15, 0.15, 0.2], [5])","([0.18, 0.15, 0.19, 0.18, 0.18, 0.12], [4])",-0.0,-0.0,-0.0,-0.0,-0.0,-0.8540000000000001,-0.8540000000000001,0.7697009976759842,2.9285857605738244,1.2830188935942122
119,"([0.16, 0.18, 0.15, 0.15, 0.15, 0.2], [5])","([0.18, 0.15, 0.19, 0.18, 0.18, 0.12], [0])",-0.0,-0.0,-0.0,-0.0,-0.0,-0.8540000000000001,-0.8540000000000001,0.7697009976759842,3.012918414024025,1.2830525447203964
120,"([0.16, 0.18, 0.15, 0.15, 0.15, 0.2], [2])","([0.18, 0.15, 0.19, 0.18, 0.18, 0.12], [5])",-0.0,-0.0,-0.9690000000000001,-0.0,-0.0,-0.0,-0.9690000000000001,0.7697009976759842,3.212251067474225,1.2830861958465807
121,"([0.16, 0.18, 0.15, 0.15, 0.15, 0.2], [3])","([0.18, 0.15, 0.19, 0.18, 0.18, 0.12], [0])",-0.0,-0.0,-0.0,-0.953,-0.0,-0.0,-0.953,0.7697009976759842,3.3955837209244253,1.283119846972765
122,"([0.16, 0.18, 0.15, 0.15, 0.15, 0.2], [4])","([0.18, 0.15, 0.19, 0.18, 0.18, 0.12], [5])",-0.0,-0.0,-0.0,-0.0,-0.9540000000000001,-0.0,-0.9540000000000001,0.7697009976759842,3.5799163743746254,1.2831534980989492
123,"([0.16, 0.18, 0.15, 0.15, 0.15, 0.2], [4])","([0.18, 0.15, 0.19, 0.18, 0.18, 0.12], [4])",-0.0,-0.0,-0.0,-0.0,-0.0,-0.0,0.0,0.7697009976759842,2.8102490278248258,1.2831871492251334
124,"([0.16, 0.18, 0.15, 0.15, 0.15, 0.2], [3])","([0.18, 0.15, 0.19, 0.18, 0.18, 0.12], [0])",-0.0,-0.0,-0.0,-0.953,-0.0,-0.0,-0.953,0.7697009976759842,2.993581681275026,1.2832208003513177
125,"([0.16, 0.18, 0.15, 0.15, 0.15, 0.2], [1])","([0.18, 0.15, 0.19, 0.18, 0.18, 0.12], [4])",-0.0,-0.887,-0.0,-0.0,-0.0,-0.0,-0.887,0.7697009976759842,3.1109143347252264,1.283254451477502
126,"([0.16, 0.18, 0.15, 0.15, 0.15, 0.2], [0])","([0.18, 0.15, 0.19, 0.18, 0.18, 0.12], [3])",-0.943,-0.0,-0.0,-0.0,-0.0,-0.0,-0.943,0.7697009976759842,3.2842469881754264,1.2832881026036862
127,"([0.16, 0.18, 0.15, 0.15, 0.15, 0.2], [4])","([0.18, 0.15, 0.19, 0.18, 0.18, 0.12], [3])",-0.0,-0.0,-0.0,-0.0,-0.9540000000000001,-0.0,-0.9540000000000001,0.7697009976759842,3.4685796416256265,1.2833217537298705
128,"([0.16, 0.18, 0.15, 0.15, 0.15, 0.2], [1])","([0.18, 0.15, 0.19, 0.18, 0.18, 0.12], [4])",-0.0,-0.887,-0.0,-0.0,-0.0,-0.0,-0.887,0.7697009976759842,3.5859122950758264,1.2833554048560547
129,"([0.16, 0.18, 0.15, 0.15, 0.15, 0.2], [5])","([0.18, 0.15, 0.19, 0.18, 0.18, 0.12], [3])",-0.0,-0.0,-0.0,-0.0,-0.0,-0.8540000000000001,-0.8540000000000001,0.7697009976759842,3.670244948526027,1.283389055982239
130,"([0.16, 0.18, 0.15, 0.15, 0.15, 0.2], [5])","([0.18, 0.15, 0.19, 0.18, 0.18, 0.12], [3])",-0.0,-0.0,-0.0,-0.0,-0.0,-0.8540000000000001,-0.8540000000000001,0.7697009976759842,3.7545776019762274,1.2834227071084232
131,"([0.16, 0.18, 0.15, 0.15, 0.15, 0.2], [1])","([0.18, 0.15, 0.19, 0.18, 0.18, 0.12], [4])",-0.0,-0.887,-0.0,-0.0,-0.0,-0.0,-0.887,0.7697009976759842,3.8719102554264273,1.2834563582346075
132,"([0.16, 0.18, 0.15, 0.15, 0.15, 0.2], [3])","([0.18, 0.15, 0.19, 0.18, 0.18, 0.12], [1])",-0.0,-0.0,-0.0,-0.953,-0.0,-0.0,-0.953,0.7697009976759842,4.055242908876627,1.2834900093607917
133,"([0.16, 0.18, 0.15, 0.15, 0.15, 0.2], [5])","([0.18, 0.15, 0.19, 0.18, 0.18, 0.12], [5])",-0.0,-0.0,-0.0,-0.0,-0.0,-0.0,0.0,0.7697009976759842,3.2855755623268275,1.283523660486976
134,"([0.16, 0.18, 0.15, 0.15, 0.15, 0.2], [3])","([0.18, 0.15, 0.19, 0.18, 0.18, 0.12], [2])",-0.0,-0.0,-0.0,-0.953,-0.0,-0.0,-0.953,0.7697009976759842,3.4689082157770277,1.2835573116131602
135,"([0.16, 0.18, 0.15, 0.15, 0.15, 0.2], [1])","([0.18, 0.15, 0.19, 0.18, 0.18, 0.12], [4])",-0.0,-0.887,-0.0,-0.0,-0.0,-0.0,-0.887,0.7697009976759842,3.586240869227228,1.2835909627393445
136,"([0.16, 0.18, 0.15, 0.15, 0.15, 0.2], [5])","([0.18, 0.15, 0.19, 0.18, 0.18, 0.12], [0])",-0.0,-0.0,-0.0,-0.0,-0.0,-0.8540000000000001,-0.8540000000000001,0.7697009976759842,3.6705735226774285,1.2836246138655287
137,"([0.16, 0.18, 0.15, 0.15, 0.15, 0.2], [4])","([0.18, 0.15, 0.19, 0.18, 0.18, 0.12], [3])",-0.0,-0.0,-0.0,-0.0,-0.9540000000000001,-0.0,-0.9540000000000001,0.7697009976759842,3.8549061761276286,1.283658264991713
138,"([0.16, 0.18, 0.15, 0.15, 0.15, 0.2], [2])","([0.18, 0.15, 0.19, 0.18, 0.18, 0.12], [2])",-0.0,-0.0,-0.0,-0.0,-0.0,-0.0,0.0,0.7697009976759842,3.085238829577829,1.2836919161178972
139,"([0.16, 0.18, 0.15, 0.15, 0.15, 0.2], [2])","([0.18, 0.15, 0.19, 0.18, 0.18, 0.12], [2])",-0.0,-0.0,-0.0,-0.0,-0.0,-0.0,0.0,0.7697009976759842,2.3155714830280294,1.2837255672440815
140,"([0.16, 0.18, 0.15, 0.15, 0.15, 0.2], [5])","([0.18, 0.15, 0.19, 0.18, 0.18, 0.12], [2])",-0.0,-0.0,-0.0,-0.0,-0.0,-0.8540000000000001,-0.8540000000000001,0.7697009976759842,2.39990413647823,1.2837592183702657
141,"([0.16, 0.18, 0.15, 0.15, 0.15, 0.2], [4])","([0.18, 0.15, 0.19, 0.18, 0.18, 0.12], [2])",-0.0,-0.0,-0.0,-0.0,-0.9540000000000001,-0.0,-0.9540000000000001,0.7697009976759842,2.58423678992843,1.28379286949645
142,"([0.16, 0.18, 0.15, 0.15, 0.15, 0.2], [2])","([0.18, 0.15, 0.19, 0.18, 0.18, 0.12], [5])",-0.0,-0.0,-0.9690000000000001,-0.0,-0.0,-0.0,-0.9690000000000001,0.7697009976759842,2.78356944337863,1.2838265206226342
143,"([0.16, 0.18, 0.15, 0.15, 0.15, 0.2], [0])","([0.18, 0.15, 0.19, 0.18, 0.18, 0.12], [2])",-0.943,-0.0,-0.0,-0.0,-0.0,-0.0,-0.943,0.7697009976759842,2.95690209682883,1.2838601717488185
144,"([0.16, 0.18, 0.15, 0.15, 0.15, 0.2], [1])","([0.18, 0.15, 0.19, 0.18, 0.18, 0.12], [2])",-0.0,-0.887,-0.0,-0.0,-0.0,-0.0,-0.887,0.7697009976759842,3.0742347502790306,1.2838938228750028
145,"([0.16, 0.18, 0.15, 0.15, 0.15, 0.2], [4])","([0.18, 0.15, 0.19, 0.18, 0.18, 0.12], [4])",-0.0,-0.0,-0.0,-0.0,-0.0,-0.0,0.0,0.7697009976759842,2.304567403729231,1.283927474001187
146,"([0.16, 0.18, 0.15, 0.15, 0.15, 0.2], [5])","([0.18, 0.15, 0.19, 0.18, 0.18, 0.12], [0])",-0.0,-0.0,-0.0,-0.0,-0.0,-0.8540000000000001,-0.8540000000000001,0.7697009976759842,2.3889000571794314,1.2839611251273713
147,"([0.16, 0.18, 0.15, 0.15, 0.15, 0.2], [5])","([0.18, 0.15, 0.19, 0.18, 0.18, 0.12], [0])",-0.0,-0.0,-0.0,-0.0,-0.0,-0.8540000000000001,-0.8540000000000001,0.7697009976759842,2.473232710629632,1.2839947762535555
148,"([0.16, 0.18, 0.15, 0.15, 0.15, 0.2], [3])","([0.18, 0.15, 0.19, 0.18, 0.18, 0.12], [2])",-0.0,-0.0,-0.0,-0.953,-0.0,-0.0,-0.953,0.7697009976759842,2.656565364079832,1.2840284273797398
149,"([0.16, 0.18, 0.15, 0.15, 0.15, 0.2], [5])","([0.18, 0.15, 0.19, 0.18, 0.18, 0.12], [4])",-0.0,-0.0,-0.0,-0.0,-0.0,-0.8540000000000001,-0.8540000000000001,0.7697009976759842,2.740898017530032,1.284062078505924
150,"([0.16, 0.18, 0.15, 0.15, 0.15, 0.2], [5])","([0.18, 0.15, 0.19, 0.18, 0.18, 0.12], [2])",-0.0,-0.0,-0.0,-0.0,-0.0,-0.8540000000000001,-0.8540000000000001,0.7697009976759842,2.8252306709802326,1.2840957296321083
151,"([0.16, 0.18, 0.15, 0.15, 0.15, 0.2], [0])","([0.18, 0.15, 0.19, 0.18, 0.18, 0.12], [4])",-0.943,-0.0,-0.0,-0.0,-0.0,-0.0,-0.943,0.7697009976759842,2.9985633244304326,1.2841293807582925
152,"([0.16, 0.18, 0.15, 0.15, 0.15, 0.2], [5])","([0.18, 0.15, 0.19, 0.18, 0.18, 0.12], [4])",-0.0,-0.0,-0.0,-0.0,-0.0,-0.8540000000000001,-0.8540000000000001,0.7697009976759842,3.082895977880633,1.2841630318844768
153,"([0.16, 0.18, 0.15, 0.15, 0.15, 0.2], [1])","([0.18, 0.15, 0.19, 0.18, 0.18, 0.12], [0])",-0.0,-0.887,-0.0,-0.0,-0.0,-0.0,-0.887,0.7697009976759842,3.200228631330833,1.284196683010661
154,"([0.16, 0.18, 0.15, 0.15, 0.15, 0.2], [3])","([0.18, 0.15, 0.19, 0.18, 0.18, 0.12], [0])",-0.0,-0.0,-0.0,-0.953,-0.0,-0.0,-0.953,0.7697009976759842,3.3835612847810332,1.2842303341368453
155,"([0.16, 0.18, 0.15, 0.15, 0.15, 0.2], [5])","([0.18, 0.15, 0.19, 0.18, 0.18, 0.12], [3])",-0.0,-0.0,-0.0,-0.0,-0.0,-0.8540000000000001,-0.8540000000000001,0.7697009976759842,3.4678939382312333,1.2842639852630295
156,"([0.16, 0.18, 0.15, 0.15, 0.15, 0.2], [1])","([0.18, 0.15, 0.19, 0.18, 0.18, 0.12], [0])",-0.0,-0.887,-0.0,-0.0,-0.0,-0.0,-0.887,0.7697009976759842,3.585226591681433,1.2842976363892138
157,"([0.16, 0.18, 0.15, 0.15, 0.15, 0.2], [4])","([0.18, 0.15, 0.19, 0.18, 0.18, 0.13], [5])",-0.0,-0.0,-0.0,-0.0,-0.9540000000000001,-0.0,-0.9540000000000001,0.7697245423918484,3.7695592451316333,1.2843548322312623
158,"([0.16, 0.18, 0.15, 0.15, 0.15, 0.2], [2])","([0.18, 0.15, 0.19, 0.18, 0.18, 0.12], [2])",-0.0,-0.0,-0.0,-0.0,-0.0,-0.0,0.0,0.7697009976759842,2.9998918985818337,1.2843884833574468
159,"([0.16, 0.18, 0.15, 0.15, 0.15, 0.2], [1])","([0.18, 0.15, 0.19, 0.18, 0.18, 0.12], [0])",-0.0,-0.887,-0.0,-0.0,-0.0,-0.0,-0.887,0.7697009976759842,3.1172245520320336,1.284422134483631
160,"([0.16, 0.18, 0.15, 0.15, 0.15, 0.2], [4])","([0.18, 0.15, 0.19, 0.18, 0.18, 0.12], [5])",-0.0,-0.0,-0.0,-0.0,-0.9540000000000001,-0.0,-0.9540000000000001,0.7697009976759842,3.3015572054822337,1.2844557856098153
161,"([0.16, 0.18, 0.15, 0.15, 0.15, 0.2], [3])","([0.18, 0.15, 0.19, 0.18, 0.18, 0.12], [3])",-0.0,-0.0,-0.0,-0.0,-0.0,-0.0,0.0,0.7697009976759842,2.531889858932434,1.2844894367359996
162,"([0.16, 0.18, 0.15, 0.15, 0.15, 0.2], [3])","([0.18, 0.15, 0.19, 0.18, 0.18, 0.12], [3])",-0.0,-0.0,-0.0,-0.0,-0.0,-0.0,0.0,0.7697009976759842,1.7622225123826343,1.2845230878621838
163,"([0.16, 0.18, 0.15, 0.15, 0.15, 0.2], [5])","([0.18, 0.15, 0.19, 0.18, 0.18, 0.12], [2])",-0.0,-0.0,-0.0,-0.0,-0.0,-0.8540000000000001,-0.8540000000000001,0.7697009976759842,1.8465551658328345,1.284556738988368
164,"([0.16, 0.18, 0.15, 0.15, 0.15, 0.2], [4])","([0.18, 0.15, 0.19, 0.18, 0.18, 0.12], [0])",-0.0,-0.0,-0.0,-0.0,-0.9540000000000001,-0.0,-0.9540000000000001,0.7697009976759842,2.0308878192830346,1.2845903901145523
165,"([0.16, 0.18, 0.15, 0.15, 0.15, 0.2], [4])","([0.18, 0.15, 0.19, 0.18, 0.18, 0.12], [3])",-0.0,-0.0,-0.0,-0.0,-0.9540000000000001,-0.0,-0.9540000000000001,0.7697009976759842,2.2152204727332347,1.2846240412407366
166,"([0.16, 0.18, 0.15, 0.15, 0.15, 0.2], [1])","([0.18, 0.15, 0.19, 0.18, 0.18, 0.12], [3])",-0.0,-0.887,-0.0,-0.0,-0.0,-0.0,-0.887,0.7697009976759842,2.332553126183435,1.2846576923669208
167,"([0.16, 0.18, 0.15, 0.15, 0.15, 0.2], [5])","([0.18, 0.15, 0.19, 0.18, 0.18, 0.12], [3])",-0.0,-0.0,-0.0,-0.0,-0.0,-0.8540000000000001,-0.8540000000000001,0.7697009976759842,2.4168857796336356,1.284691343493105
168,"([0.16, 0.18, 0.15, 0.15, 0.15, 0.2], [0])","([0.18, 0.15, 0.19, 0.18, 0.18, 0.12], [0])",-0.0,-0.0,-0.0,-0.0,-0.0,-0.0,0.0,0.7697009976759842,1.6472184330838358,1.2847249946192894
169,"([0.16, 0.18, 0.15, 0.15, 0.15, 0.2], [2])","([0.18, 0.15, 0.19, 0.18, 0.18, 0.12], [4])",-0.0,-0.0,-0.9690000000000001,-0.0,-0.0,-0.0,-0.9690000000000001,0.7697009976759842,1.846551086534036,1.2847586457454736
170,"([0.16, 0.18, 0.15, 0.15, 0.15, 0.2], [5])","([0.18, 0.15, 0.19, 0.18, 0.18, 0.12], [5])",-0.0,-0.0,-0.0,-0.0,-0.0,-0.0,0.0,0.7697009976759842,1.0768837399842361,1.2847922968716579
171,"([0.16, 0.18, 0.15, 0.15, 0.15, 0.2], [0])","([0.18, 0.15, 0.19, 0.18, 0.18, 0.12], [2])",-0.943,-0.0,-0.0,-0.0,-0.0,-0.0,-0.943,0.7697009976759842,1.2502163934344361,1.284825947997842
172,"([0.16, 0.18, 0.15, 0.15, 0.15, 0.2], [0])","([0.18, 0.15, 0.19, 0.18, 0.18, 0.12], [3])",-0.943,-0.0,-0.0,-0.0,-0.0,-0.0,-0.943,0.7697009976759842,1.4235490468846361,1.2848595991240264
173,"([0.16, 0.18, 0.15, 0.15, 0.15, 0.2], [3])","([0.18, 0.15, 0.19, 0.18, 0.18, 0.12], [0])",-0.0,-0.0,-0.0,-0.953,-0.0,-0.0,-0.953,0.7697009976759842,1.6068817003348363,1.2848932502502106
174,"([0.16, 0.18, 0.15, 0.15, 0.15, 0.2], [1])","([0.18, 0.15, 0.19, 0.18, 0.18, 0.12], [5])",-0.0,-0.887,-0.0,-0.0,-0.0,-0.0,-0.887,0.7697009976759842,1.7242143537850365,1.2849269013763949
175,"([0.16, 0.18, 0.15, 0.15, 0.15, 0.2], [3])","([0.18, 0.15, 0.19, 0.18, 0.18, 0.12], [2])",-0.0,-0.0,-0.0,-0.953,-0.0,-0.0,-0.953,0.7697009976759842,1.9075470072352365,1.2849605525025791
176,"([0.16, 0.18, 0.15, 0.15, 0.15, 0.2], [3])","([0.18, 0.15, 0.19, 0.18, 0.18, 0.12], [3])",-0.0,-0.0,-0.0,-0.0,-0.0,-0.0,0.0,0.7697009976759842,1.1378796606854367,1.2849942036287634
177,"([0.16, 0.18, 0.15, 0.15, 0.15, 0.2], [3])","([0.18, 0.15, 0.19, 0.18, 0.18, 0.12], [0])",-0.0,-0.0,-0.0,-0.953,-0.0,-0.0,-0.953,0.7697009976759842,1.3212123141356367,1.2850278547549476
178,"([0.16, 0.18, 0.15, 0.15, 0.15, 0.2], [0])","([0.18, 0.15, 0.19, 0.18, 0.18, 0.12], [1])",-0.943,-0.0,-0.0,-0.0,-0.0,-0.0,-0.943,0.7697009976759842,1.4945449675858367,1.2850615058811319
179,"([0.16, 0.18, 0.15, 0.15, 0.15, 0.2], [5])","([0.18, 0.15, 0.19, 0.18, 0.18, 0.12], [5])",-0.0,-0.0,-0.0,-0.0,-0.0,-0.0,0.0,0.7697009976759842,0.7248776210360368,1.2850951570073161
180,"([0.16, 0.18, 0.15, 0.15, 0.15, 0.2], [4])","([0.18, 0.15, 0.19, 0.18, 0.18, 0.12], [4])",-0.0,-0.0,-0.0,-0.0,-0.0,-0.0,0.0,0.7697009976759842,-0.044789725513763035,1.2851288081335004
181,"([0.16, 0.18, 0.15, 0.15, 0.15, 0.2], [0])","([0.18, 0.15, 0.19, 0.18, 0.18, 0.12], [0])",-0.0,-0.0,-0.0,-0.0,-0.0,-0.0,0.0,0.7697009976759842,-0.8144570720635629,1.2851624592596846
182,"([0.16, 0.18, 0.15, 0.15, 0.15, 0.2], [1])","([0.18, 0.15, 0.19, 0.18, 0.18, 0.12], [5])",-0.0,-0.887,-0.0,-0.0,-0.0,-0.0,-0.887,0.7697009976759842,-0.6971244186133627,1.285196110385869
183,"([0.16, 0.18, 0.15, 0.15, 0.15, 0.2], [4])","([0.18, 0.15, 0.19, 0.18, 0.18, 0.12], [0])",-0.0,-0.0,-0.0,-0.0,-0.9540000000000001,-0.0,-0.9540000000000001,0.7697009976759842,-0.5127917651631625,1.2852297615120531
184,"([0.16, 0.18, 0.15, 0.15, 0.15, 0.2], [4])","([0.18, 0.15, 0.19, 0.18, 0.18, 0.12], [3])",-0.0,-0.0,-0.0,-0.0,-0.9540000000000001,-0.0,-0.9540000000000001,0.7697009976759842,-0.32845911171296227,1.2852634126382374
185,"([0.16, 0.18, 0.15, 0.15, 0.15, 0.2], [5])","([0.18, 0.15, 0.19, 0.18, 0.18, 0.12], [1])",-0.0,-0.0,-0.0,-0.0,-0.0,-0.8540000000000001,-0.8540000000000001,0.7697009976759842,-0.24412645826276202,1.2852970637644217
186,"([0.16, 0.18, 0.15, 0.15, 0.15, 0.2], [1])","([0.18, 0.15, 0.19, 0.18, 0.18, 0.12], [1])",-0.0,-0.0,-0.0,-0.0,-0.0,-0.0,0.0,0.7697009976759842,-1.0137938048125619,1.285330714890606
187,"([0.16, 0.18, 0.15, 0.15, 0.15, 0.2], [0])","([0.18, 0.15, 0.19, 0.18, 0.18, 0.12], [0])",-0.0,-0.0,-0.0,-0.0,-0.0,-0.0,0.0,0.7697009976759842,-1.7834611513623617,1.2853643660167902
188,"([0.16, 0.18, 0.15, 0.15, 0.15, 0.2], [3])","([0.18, 0.15, 0.19, 0.18, 0.18, 0.12], [4])",-0.0,-0.0,-0.0,-0.953,-0.0,-0.0,-0.953,0.7697009976759842,-1.6001284979121615,1.2853980171429744
189,"([0.16, 0.18, 0.15, 0.15, 0.15, 0.2], [1])","([0.18, 0.15, 0.19, 0.18, 0.18, 0.12], [0])",-0.0,-0.887,-0.0,-0.0,-0.0,-0.0,-0.887,0.7697009976759842,-1.4827958444619613,1.2854316682691587
190,"([0.16, 0.18, 0.15, 0.15, 0.15, 0.2], [1])","([0.18, 0.15, 0.19, 0.18, 0.18, 0.12], [1])",-0.0,-0.0,-0.0,-0.0,-0.0,-0.0,0.0,0.7697009976759842,-2.252463191011761,1.285465319395343
191,"([0.16, 0.18, 0.15, 0.15, 0.15, 0.2], [3])","([0.18, 0.15, 0.19, 0.18, 0.18, 0.12], [2])",-0.0,-0.0,-0.0,-0.953,-0.0,-0.0,-0.953,0.7697009976759842,-2.069130537561561,1.2854989705215272
192,"([0.16, 0.18, 0.15, 0.15, 0.15, 0.2], [2])","([0.18, 0.15, 0.19, 0.18, 0.18, 0.12], [0])",-0.0,-0.0,-0.9690000000000001,-0.0,-0.0,-0.0,-0.9690000000000001,0.7697009976759842,-1.8697978841113607,1.2855326216477114
193,"([0.16, 0.18, 0.15, 0.15, 0.15, 0.2], [2])","([0.18, 0.15, 0.19, 0.18, 0.18, 0.12], [2])",-0.0,-0.0,-0.0,-0.0,-0.0,-0.0,0.0,0.7697009976759842,-2.639465230661161,1.2855662727738957
194,"([0.16, 0.18, 0.15, 0.15, 0.15, 0.2], [0])","([0.18, 0.15, 0.19, 0.18, 0.18, 0.12], [0])",-0.0,-0.0,-0.0,-0.0,-0.0,-0.0,0.0,0.7697009976759842,-3.4091325772109604,1.28559992390008
195,"([0.16, 0.18, 0.15, 0.15, 0.15, 0.2], [2])","([0.18, 0.15, 0.19, 0.18, 0.18, 0.12], [4])",-0.0,-0.0,-0.9690000000000001,-0.0,-0.0,-0.0,-0.9690000000000001,0.7697009976759842,-3.20979992376076,1.2856335750262642
196,"([0.16, 0.18, 0.15, 0.15, 0.15, 0.2], [3])","([0.18, 0.15, 0.19, 0.18, 0.18, 0.12], [2])",-0.0,-0.0,-0.0,-0.953,-0.0,-0.0,-0.953,0.7697009976759842,-3.02646727031056,1.2856672261524484
197,"([0.16, 0.18, 0.15, 0.15, 0.15, 0.2], [4])","([0.18, 0.15, 0.19, 0.18, 0.18, 0.12], [5])",-0.0,-0.0,-0.0,-0.0,-0.9540000000000001,-0.0,-0.9540000000000001,0.7697009976759842,-2.84213461686036,1.2857008772786327
198,"([0.16, 0.18, 0.15, 0.15, 0.15, 0.2], [1])","([0.18, 0.15, 0.19, 0.18, 0.18, 0.12], [0])",-0.0,-0.887,-0.0,-0.0,-0.0,-0.0,-0.887,0.7697009976759842,-2.72480196341016,1.285734528404817
199,"([0.16, 0.18, 0.15, 0.15, 0.15, 0.2], [4])","([0.18, 0.15, 0.19, 0.18, 0.18, 0.12], [0])",-0.0,-0.0,-0.0,-0.0,-0.9540000000000001,-0.0,-0.9540000000000001,0.7697009976759842,-2.54046930995996,1.2857681795310012
