,suqr-1,FRL-0,feedback target 0,feedback target 1,feedback target 2,feedback target 3,feedback target 4,feedback target 5,total,exp_loss,actual_regret,exp_regret
0,"([0.15, 0.2, 0.13, 0.14, 0.14, 0.23], [0])","([0.18, 0.13, 0.2, 0.19, 0.19, 0.1], [0])",-0.0,-0.0,-0.0,-0.0,-0.0,-0.0,0.0,0.7706144362524243,-0.7696672834022416,0.0009471528501827642
1,"([0.2, 0.2, 0.21, 0.0, 0.2, 0.19], [5])","([0, 0, 0, 1, 0, 0], [3])",-0.0,-0.0,-0.0,-0.0,-0.0,-0.8540000000000001,-0.8540000000000001,0.9221947869034899,-0.685334566804483,0.1534746563514311
2,"([0.2, 0.19, 0.2, 0.2, 0.2, 0.0], [0])","([0, 0, 0, 0, 0, 1], [5])",-0.943,-0.0,-0.0,-0.0,-0.0,-0.0,-0.943,0.9412612291054444,-0.5120018502067246,0.32506860205463395
3,"([0.2, 0.2, 0.21, 0.0, 0.2, 0.19], [0])","([0, 0, 0, 1, 0, 0], [3])",-0.943,-0.0,-0.0,-0.0,-0.0,-0.0,-0.943,0.9221947869034899,-0.3386691336089662,0.4775961055558823
4,"([0.2, 0.2, 0.21, 0.0, 0.2, 0.19], [4])","([0, 0, 0, 1, 0, 0], [3])",-0.0,-0.0,-0.0,-0.0,-0.9540000000000001,-0.0,-0.9540000000000001,0.9221947869034899,-0.1543364170112077,0.6301236090571306
5,"([0.15, 0.2, 0.13, 0.14, 0.14, 0.23], [0])","([0.18, 0.13, 0.2, 0.19, 0.19, 0.1], [5])",-0.943,-0.0,-0.0,-0.0,-0.0,-0.0,-0.943,0.7706144362524243,0.01899629958655069,0.6310707619073134
6,"([0.2, 0.2, 0.21, 0.0, 0.2, 0.19], [4])","([0, 0, 0, 1, 0, 0], [3])",-0.0,-0.0,-0.0,-0.0,-0.9540000000000001,-0.0,-0.9540000000000001,0.9221947869034899,0.2033290161843092,0.7835982654085617
7,"([0.15, 0.2, 0.13, 0.14, 0.14, 0.23], [5])","([0.18, 0.13, 0.2, 0.19, 0.19, 0.1], [3])",-0.0,-0.0,-0.0,-0.0,-0.0,-0.8540000000000001,-0.8540000000000001,0.7706144362524243,0.28766173278206775,0.7845454182587445
8,"([0.16, 0.18, 0.15, 0.15, 0.15, 0.2], [4])","([0.18, 0.15, 0.19, 0.18, 0.18, 0.12], [4])",-0.0,-0.0,-0.0,-0.0,-0.0,-0.0,0.0,0.7697009976759842,-0.4820055506201738,0.7845791325324871
9,"([0.2, 0.2, 0.21, 0.2, 0.0, 0.19], [1])","([0, 0, 0, 0, 1, 0], [4])",-0.0,-0.887,-0.0,-0.0,-0.0,-0.0,-0.887,0.9219856053002423,-0.36467283402241535,0.9368974544304879
10,"([0.16, 0.18, 0.15, 0.15, 0.15, 0.2], [2])","([0.18, 0.15, 0.19, 0.18, 0.18, 0.13], [0])",-0.0,-0.0,-0.9690000000000001,-0.0,-0.0,-0.0,-0.9690000000000001,0.7697245423918484,-0.16534011742465682,0.9369547134200947
11,"([0.16, 0.18, 0.15, 0.15, 0.15, 0.2], [5])","([0.18, 0.15, 0.19, 0.18, 0.18, 0.12], [5])",-0.0,-0.0,-0.0,-0.0,-0.0,-0.0,0.0,0.7697009976759842,-0.9350074008268984,0.9369884276938374
12,"([0.16, 0.18, 0.15, 0.15, 0.15, 0.2], [4])","([0.18, 0.15, 0.19, 0.18, 0.18, 0.13], [2])",-0.0,-0.0,-0.0,-0.0,-0.9540000000000001,-0.0,-0.9540000000000001,0.7697245423918484,-0.7506746842291399,0.9370456866834442
13,"([0.16, 0.18, 0.15, 0.15, 0.15, 0.2], [1])","([0.18, 0.15, 0.19, 0.18, 0.18, 0.12], [4])",-0.0,-0.887,-0.0,-0.0,-0.0,-0.0,-0.887,0.7697009976759842,-0.6333419676313814,0.9370794009571869
14,"([0.16, 0.18, 0.15, 0.15, 0.15, 0.2], [0])","([0.18, 0.15, 0.19, 0.18, 0.18, 0.13], [3])",-0.943,-0.0,-0.0,-0.0,-0.0,-0.0,-0.943,0.7697245423918484,-0.460009251033623,0.9371366599467937
15,"([0.16, 0.18, 0.15, 0.15, 0.15, 0.2], [3])","([0.18, 0.15, 0.19, 0.18, 0.18, 0.13], [3])",-0.0,-0.0,-0.0,-0.0,-0.0,-0.0,0.0,0.7697245423918484,-1.2296765344358644,0.9371939189364006
16,"([0.16, 0.18, 0.15, 0.15, 0.15, 0.2], [3])","([0.18, 0.15, 0.19, 0.18, 0.18, 0.12], [4])",-0.0,-0.0,-0.0,-0.953,-0.0,-0.0,-0.953,0.7697009976759842,-1.046343817838106,0.9372276332101432
17,"([0.16, 0.18, 0.15, 0.15, 0.15, 0.2], [4])","([0.18, 0.15, 0.19, 0.18, 0.18, 0.12], [0])",-0.0,-0.0,-0.0,-0.0,-0.9540000000000001,-0.0,-0.9540000000000001,0.7697009976759842,-0.8620111012403474,0.9372613474838859
18,"([0.16, 0.18, 0.15, 0.15, 0.15, 0.2], [2])","([0.18, 0.15, 0.19, 0.18, 0.18, 0.12], [3])",-0.0,-0.0,-0.9690000000000001,-0.0,-0.0,-0.0,-0.9690000000000001,0.7697009976759842,-0.6626783846425889,0.9372950617576286
19,"([0.16, 0.18, 0.15, 0.15, 0.15, 0.2], [2])","([0.18, 0.15, 0.19, 0.18, 0.18, 0.12], [2])",-0.0,-0.0,-0.0,-0.0,-0.0,-0.0,0.0,0.7697009976759842,-1.4323456680448303,0.9373287760313712
20,"([0.16, 0.18, 0.15, 0.15, 0.15, 0.2], [0])","([0.18, 0.15, 0.19, 0.18, 0.18, 0.12], [4])",-0.943,-0.0,-0.0,-0.0,-0.0,-0.0,-0.943,0.7697009976759842,-1.259012951447072,0.9373624903051139
21,"([0.16, 0.18, 0.15, 0.15, 0.15, 0.2], [2])","([0.18, 0.15, 0.19, 0.18, 0.18, 0.12], [4])",-0.0,-0.0,-0.9690000000000001,-0.0,-0.0,-0.0,-0.9690000000000001,0.7697009976759842,-1.0596802348493135,0.9373962045788565
22,"([0.16, 0.18, 0.15, 0.15, 0.15, 0.2], [5])","([0.18, 0.15, 0.19, 0.18, 0.18, 0.12], [4])",-0.0,-0.0,-0.0,-0.0,-0.0,-0.8540000000000001,-0.8540000000000001,0.7697009976759842,-0.975347518251555,0.9374299188525992
23,"([0.16, 0.18, 0.15, 0.15, 0.15, 0.2], [0])","([0.18, 0.15, 0.19, 0.18, 0.18, 0.12], [0])",-0.0,-0.0,-0.0,-0.0,-0.0,-0.0,0.0,0.7697009976759842,-1.7450148016537965,0.9374636331263418
24,"([0.16, 0.18, 0.15, 0.15, 0.15, 0.2], [0])","([0.18, 0.15, 0.19, 0.18, 0.18, 0.12], [2])",-0.943,-0.0,-0.0,-0.0,-0.0,-0.0,-0.943,0.7697009976759842,-1.5716820850560382,0.9374973474000845
25,"([0.16, 0.18, 0.15, 0.15, 0.15, 0.2], [3])","([0.18, 0.15, 0.19, 0.18, 0.18, 0.12], [4])",-0.0,-0.0,-0.0,-0.953,-0.0,-0.0,-0.953,0.7697009976759842,-1.3883493684582797,0.9375310616738272
26,"([0.16, 0.18, 0.15, 0.15, 0.15, 0.2], [0])","([0.18, 0.15, 0.19, 0.18, 0.18, 0.12], [4])",-0.943,-0.0,-0.0,-0.0,-0.0,-0.0,-0.943,0.7697009976759842,-1.2150166518605214,0.9375647759475698
27,"([0.16, 0.18, 0.15, 0.15, 0.15, 0.2], [1])","([0.18, 0.15, 0.19, 0.18, 0.18, 0.12], [0])",-0.0,-0.887,-0.0,-0.0,-0.0,-0.0,-0.887,0.7697009976759842,-1.097683935262763,0.9375984902213125
28,"([0.16, 0.18, 0.15, 0.15, 0.15, 0.2], [1])","([0.18, 0.15, 0.19, 0.18, 0.18, 0.12], [4])",-0.0,-0.887,-0.0,-0.0,-0.0,-0.0,-0.887,0.7697009976759842,-0.9803512186650045,0.9376322044950551
29,"([0.16, 0.18, 0.15, 0.15, 0.15, 0.2], [5])","([0.18, 0.15, 0.19, 0.18, 0.18, 0.12], [2])",-0.0,-0.0,-0.0,-0.0,-0.0,-0.8540000000000001,-0.8540000000000001,0.7697009976759842,-0.896018502067246,0.9376659187687978
30,"([0.16, 0.18, 0.15, 0.15, 0.15, 0.2], [1])","([0.18, 0.15, 0.19, 0.18, 0.18, 0.12], [2])",-0.0,-0.887,-0.0,-0.0,-0.0,-0.0,-0.887,0.7697009976759842,-0.7786857854694875,0.9376996330425404
31,"([0.16, 0.18, 0.15, 0.15, 0.15, 0.2], [3])","([0.18, 0.15, 0.19, 0.18, 0.18, 0.12], [0])",-0.0,-0.0,-0.0,-0.953,-0.0,-0.0,-0.953,0.7697009976759842,-0.5953530688717291,0.9377333473162831
32,"([0.16, 0.18, 0.15, 0.15, 0.15, 0.2], [5])","([0.18, 0.15, 0.19, 0.18, 0.18, 0.12], [0])",-0.0,-0.0,-0.0,-0.0,-0.0,-0.8540000000000001,-0.8540000000000001,0.7697009976759842,-0.5110203522739706,0.9377670615900258
33,"([0.16, 0.18, 0.15, 0.15, 0.15, 0.2], [5])","([0.18, 0.15, 0.19, 0.18, 0.18, 0.12], [2])",-0.0,-0.0,-0.0,-0.0,-0.0,-0.8540000000000001,-0.8540000000000001,0.7697009976759842,-0.42668763567621204,0.9378007758637684
34,"([0.16, 0.18, 0.15, 0.15, 0.15, 0.2], [0])","([0.18, 0.15, 0.19, 0.18, 0.18, 0.12], [0])",-0.0,-0.0,-0.0,-0.0,-0.0,-0.0,0.0,0.7697009976759842,-1.1963549190784537,0.9378344901375111
35,"([0.16, 0.18, 0.15, 0.15, 0.15, 0.2], [1])","([0.18, 0.15, 0.19, 0.18, 0.18, 0.12], [0])",-0.0,-0.887,-0.0,-0.0,-0.0,-0.0,-0.887,0.7697009976759842,-1.0790222024806952,0.9378682044112537
36,"([0.16, 0.18, 0.15, 0.15, 0.15, 0.2], [5])","([0.18, 0.15, 0.19, 0.18, 0.18, 0.12], [2])",-0.0,-0.0,-0.0,-0.0,-0.0,-0.8540000000000001,-0.8540000000000001,0.7697009976759842,-0.9946894858829367,0.9379019186849964
37,"([0.16, 0.18, 0.15, 0.15, 0.15, 0.2], [1])","([0.18, 0.15, 0.19, 0.18, 0.18, 0.12], [4])",-0.0,-0.887,-0.0,-0.0,-0.0,-0.0,-0.887,0.7697009976759842,-0.8773567692851783,0.937935632958739
38,"([0.16, 0.18, 0.15, 0.15, 0.15, 0.2], [2])","([0.18, 0.15, 0.19, 0.18, 0.18, 0.13], [0])",-0.0,-0.0,-0.9690000000000001,-0.0,-0.0,-0.0,-0.9690000000000001,0.7697245423918484,-0.6780240526874197,0.9379928919483459
39,"([0.16, 0.18, 0.15, 0.15, 0.15, 0.2], [4])","([0.18, 0.15, 0.19, 0.18, 0.18, 0.12], [2])",-0.0,-0.0,-0.0,-0.0,-0.9540000000000001,-0.0,-0.9540000000000001,0.7697009976759842,-0.4936913360896612,0.9380266062220886
40,"([0.16, 0.18, 0.15, 0.15, 0.15, 0.2], [1])","([0.18, 0.15, 0.19, 0.18, 0.18, 0.12], [4])",-0.0,-0.887,-0.0,-0.0,-0.0,-0.0,-0.887,0.7697009976759842,-0.37635861949190275,0.9380603204958312
41,"([0.16, 0.18, 0.15, 0.15, 0.15, 0.2], [4])","([0.18, 0.15, 0.19, 0.18, 0.18, 0.12], [0])",-0.0,-0.0,-0.0,-0.0,-0.9540000000000001,-0.0,-0.9540000000000001,0.7697009976759842,-0.19202590289414423,0.9380940347695739
42,"([0.16, 0.18, 0.15, 0.15, 0.15, 0.2], [4])","([0.18, 0.15, 0.19, 0.18, 0.18, 0.12], [1])",-0.0,-0.0,-0.0,-0.0,-0.9540000000000001,-0.0,-0.9540000000000001,0.7697009976759842,-0.007693186296385712,0.9381277490433165
43,"([0.16, 0.18, 0.15, 0.15, 0.15, 0.2], [0])","([0.18, 0.15, 0.19, 0.18, 0.18, 0.12], [4])",-0.943,-0.0,-0.0,-0.0,-0.0,-0.0,-0.943,0.7697009976759842,0.16563953030137268,0.9381614633170592
44,"([0.16, 0.18, 0.15, 0.15, 0.15, 0.2], [4])","([0.18, 0.15, 0.19, 0.18, 0.18, 0.12], [4])",-0.0,-0.0,-0.0,-0.0,-0.0,-0.0,0.0,0.7697009976759842,-0.6040277531008689,0.9381951775908018
45,"([0.16, 0.18, 0.15, 0.15, 0.15, 0.2], [1])","([0.18, 0.15, 0.19, 0.18, 0.18, 0.12], [3])",-0.0,-0.887,-0.0,-0.0,-0.0,-0.0,-0.887,0.7697009976759842,-0.4866950365031104,0.9382288918645445
46,"([0.16, 0.18, 0.15, 0.15, 0.15, 0.2], [5])","([0.18, 0.15, 0.19, 0.18, 0.18, 0.12], [2])",-0.0,-0.0,-0.0,-0.0,-0.0,-0.8540000000000001,-0.8540000000000001,0.7697009976759842,-0.4023623199053519,0.9382626061382872
47,"([0.16, 0.18, 0.15, 0.15, 0.15, 0.2], [1])","([0.18, 0.15, 0.19, 0.18, 0.18, 0.12], [0])",-0.0,-0.887,-0.0,-0.0,-0.0,-0.0,-0.887,0.7697009976759842,-0.2850296033075934,0.9382963204120298
48,"([0.16, 0.18, 0.15, 0.15, 0.15, 0.2], [0])","([0.18, 0.15, 0.19, 0.18, 0.18, 0.12], [4])",-0.943,-0.0,-0.0,-0.0,-0.0,-0.0,-0.943,0.7697009976759842,-0.11169688670983502,0.9383300346857725
49,"([0.16, 0.18, 0.15, 0.15, 0.15, 0.2], [5])","([0.18, 0.15, 0.19, 0.18, 0.18, 0.12], [2])",-0.0,-0.0,-0.0,-0.0,-0.0,-0.8540000000000001,-0.8540000000000001,0.7697009976759842,-0.02736417011207648,0.9383637489595151
50,"([0.16, 0.18, 0.15, 0.15, 0.15, 0.2], [4])","([0.18, 0.15, 0.19, 0.18, 0.18, 0.12], [2])",-0.0,-0.0,-0.0,-0.0,-0.9540000000000001,-0.0,-0.9540000000000001,0.7697009976759842,0.15696854648568204,0.9383974632332578
51,"([0.16, 0.18, 0.15, 0.15, 0.15, 0.2], [4])","([0.18, 0.15, 0.19, 0.18, 0.18, 0.12], [0])",-0.0,-0.0,-0.0,-0.0,-0.9540000000000001,-0.0,-0.9540000000000001,0.7697009976759842,0.34130126308344055,0.9384311775070004
52,"([0.16, 0.18, 0.15, 0.15, 0.15, 0.2], [0])","([0.18, 0.15, 0.19, 0.18, 0.18, 0.12], [1])",-0.943,-0.0,-0.0,-0.0,-0.0,-0.0,-0.943,0.7697009976759842,0.514633979681199,0.9384648917807431
53,"([0.16, 0.18, 0.15, 0.15, 0.15, 0.2], [0])","([0.18, 0.15, 0.19, 0.18, 0.18, 0.12], [3])",-0.943,-0.0,-0.0,-0.0,-0.0,-0.0,-0.943,0.7697009976759842,0.6879666962789573,0.9384986060544858
54,"([0.16, 0.18, 0.15, 0.15, 0.15, 0.2], [4])","([0.18, 0.15, 0.19, 0.18, 0.18, 0.12], [0])",-0.0,-0.0,-0.0,-0.0,-0.9540000000000001,-0.0,-0.9540000000000001,0.7697009976759842,0.8722994128767159,0.9385323203282284
55,"([0.16, 0.18, 0.15, 0.15, 0.15, 0.2], [2])","([0.18, 0.15, 0.19, 0.18, 0.18, 0.12], [2])",-0.0,-0.0,-0.0,-0.0,-0.0,-0.0,0.0,0.7697009976759842,0.10263212947447431,0.9385660346019711
56,"([0.16, 0.18, 0.15, 0.15, 0.15, 0.2], [1])","([0.18, 0.15, 0.19, 0.18, 0.18, 0.12], [0])",-0.0,-0.887,-0.0,-0.0,-0.0,-0.0,-0.887,0.7697009976759842,0.21996484607223277,0.9385997488757137
57,"([0.16, 0.18, 0.15, 0.15, 0.15, 0.2], [3])","([0.18, 0.15, 0.19, 0.18, 0.18, 0.12], [2])",-0.0,-0.0,-0.0,-0.953,-0.0,-0.0,-0.953,0.7697009976759842,0.40329756266999117,0.9386334631494564
58,"([0.16, 0.18, 0.15, 0.15, 0.15, 0.2], [1])","([0.18, 0.15, 0.19, 0.18, 0.18, 0.12], [5])",-0.0,-0.887,-0.0,-0.0,-0.0,-0.0,-0.887,0.7697009976759842,0.5206302792677496,0.938667177423199
59,"([0.16, 0.18, 0.15, 0.15, 0.15, 0.2], [4])","([0.18, 0.15, 0.19, 0.18, 0.18, 0.12], [4])",-0.0,-0.0,-0.0,-0.0,-0.0,-0.0,0.0,0.7697009976759842,-0.24903700413449192,0.9387008916969417
60,"([0.16, 0.18, 0.15, 0.15, 0.15, 0.2], [5])","([0.18, 0.15, 0.19, 0.18, 0.18, 0.12], [5])",-0.0,-0.0,-0.0,-0.0,-0.0,-0.0,0.0,0.7697009976759842,-1.0187042875367336,0.9387346059706844
61,"([0.16, 0.18, 0.15, 0.15, 0.15, 0.2], [5])","([0.18, 0.15, 0.19, 0.18, 0.18, 0.12], [0])",-0.0,-0.0,-0.0,-0.0,-0.0,-0.8540000000000001,-0.8540000000000001,0.7697009976759842,-0.934371570938975,0.938768320244427
62,"([0.16, 0.18, 0.15, 0.15, 0.15, 0.2], [1])","([0.18, 0.15, 0.19, 0.18, 0.18, 0.12], [4])",-0.0,-0.887,-0.0,-0.0,-0.0,-0.0,-0.887,0.7697009976759842,-0.8170388543412166,0.9388020345181697
63,"([0.16, 0.18, 0.15, 0.15, 0.15, 0.2], [2])","([0.18, 0.15, 0.19, 0.18, 0.18, 0.12], [0])",-0.0,-0.0,-0.9690000000000001,-0.0,-0.0,-0.0,-0.9690000000000001,0.7697009976759842,-0.6177061377434581,0.9388357487919123
64,"([0.16, 0.18, 0.15, 0.15, 0.15, 0.2], [3])","([0.18, 0.15, 0.19, 0.18, 0.18, 0.12], [5])",-0.0,-0.0,-0.0,-0.953,-0.0,-0.0,-0.953,0.7697009976759842,-0.43437342114569966,0.938869463065655
65,"([0.16, 0.18, 0.15, 0.15, 0.15, 0.2], [3])","([0.18, 0.15, 0.19, 0.18, 0.18, 0.12], [2])",-0.0,-0.0,-0.0,-0.953,-0.0,-0.0,-0.953,0.7697009976759842,-0.25104070454794125,0.9389031773393977
66,"([0.16, 0.18, 0.15, 0.15, 0.15, 0.2], [5])","([0.18, 0.15, 0.19, 0.18, 0.18, 0.12], [1])",-0.0,-0.0,-0.0,-0.0,-0.0,-0.8540000000000001,-0.8540000000000001,0.7697009976759842,-0.1667079879501827,0.9389368916131403
67,"([0.16, 0.18, 0.15, 0.15, 0.15, 0.2], [1])","([0.18, 0.15, 0.19, 0.18, 0.18, 0.12], [2])",-0.0,-0.887,-0.0,-0.0,-0.0,-0.0,-0.887,0.7697009976759842,-0.049375271352424255,0.938970605886883
68,"([0.16, 0.18, 0.15, 0.15, 0.15, 0.2], [1])","([0.18, 0.15, 0.19, 0.18, 0.18, 0.12], [1])",-0.0,-0.0,-0.0,-0.0,-0.0,-0.0,0.0,0.7697009976759842,-0.8190425547546658,0.9390043201606256
69,"([0.16, 0.18, 0.15, 0.15, 0.15, 0.2], [5])","([0.18, 0.15, 0.19, 0.18, 0.18, 0.12], [2])",-0.0,-0.0,-0.0,-0.0,-0.0,-0.8540000000000001,-0.8540000000000001,0.7697009976759842,-0.7347098381569073,0.9390380344343683
70,"([0.16, 0.18, 0.15, 0.15, 0.15, 0.2], [0])","([0.18, 0.15, 0.19, 0.18, 0.18, 0.12], [4])",-0.943,-0.0,-0.0,-0.0,-0.0,-0.0,-0.943,0.7697009976759842,-0.5613771215591489,0.9390717487081109
71,"([0.16, 0.18, 0.15, 0.15, 0.15, 0.2], [0])","([0.18, 0.15, 0.19, 0.18, 0.18, 0.12], [5])",-0.943,-0.0,-0.0,-0.0,-0.0,-0.0,-0.943,0.7697009976759842,-0.3880444049613905,0.9391054629818536
72,"([0.16, 0.18, 0.15, 0.15, 0.15, 0.2], [3])","([0.18, 0.15, 0.19, 0.18, 0.18, 0.12], [1])",-0.0,-0.0,-0.0,-0.953,-0.0,-0.0,-0.953,0.7697009976759842,-0.20471168836363207,0.9391391772555963
73,"([0.16, 0.18, 0.15, 0.15, 0.15, 0.2], [0])","([0.18, 0.15, 0.19, 0.18, 0.18, 0.12], [4])",-0.943,-0.0,-0.0,-0.0,-0.0,-0.0,-0.943,0.7697009976759842,-0.031378971765873676,0.9391728915293389
74,"([0.16, 0.18, 0.15, 0.15, 0.15, 0.2], [0])","([0.18, 0.15, 0.19, 0.18, 0.18, 0.12], [1])",-0.943,-0.0,-0.0,-0.0,-0.0,-0.0,-0.943,0.7697009976759842,0.14195374483188472,0.9392066058030816
75,"([0.16, 0.18, 0.15, 0.15, 0.15, 0.2], [2])","([0.18, 0.15, 0.19, 0.18, 0.18, 0.12], [4])",-0.0,-0.0,-0.9690000000000001,-0.0,-0.0,-0.0,-0.9690000000000001,0.7697009976759842,0.34128646142964325,0.9392403200768242
76,"([0.16, 0.18, 0.15, 0.15, 0.15, 0.2], [2])","([0.18, 0.15, 0.19, 0.18, 0.18, 0.12], [2])",-0.0,-0.0,-0.0,-0.0,-0.0,-0.0,0.0,0.7697009976759842,-0.4283808219725983,0.9392740343505669
77,"([0.16, 0.18, 0.15, 0.15, 0.15, 0.2], [2])","([0.18, 0.15, 0.19, 0.18, 0.18, 0.12], [5])",-0.0,-0.0,-0.9690000000000001,-0.0,-0.0,-0.0,-0.9690000000000001,0.7697009976759842,-0.22904810537483977,0.9393077486243095
78,"([0.16, 0.18, 0.15, 0.15, 0.15, 0.2], [4])","([0.18, 0.15, 0.19, 0.18, 0.18, 0.12], [3])",-0.0,-0.0,-0.0,-0.0,-0.9540000000000001,-0.0,-0.9540000000000001,0.7697009976759842,-0.044715388777081255,0.9393414628980522
79,"([0.16, 0.18, 0.15, 0.15, 0.15, 0.2], [5])","([0.18, 0.15, 0.19, 0.18, 0.18, 0.12], [4])",-0.0,-0.0,-0.0,-0.0,-0.0,-0.8540000000000001,-0.8540000000000001,0.7697009976759842,0.039617327820677284,0.9393751771717949
80,"([0.16, 0.18, 0.15, 0.15, 0.15, 0.2], [4])","([0.18, 0.15, 0.19, 0.18, 0.18, 0.12], [1])",-0.0,-0.0,-0.0,-0.0,-0.9540000000000001,-0.0,-0.9540000000000001,0.7697009976759842,0.2239500444184358,0.9394088914455375
81,"([0.16, 0.18, 0.15, 0.15, 0.15, 0.2], [5])","([0.18, 0.15, 0.19, 0.18, 0.18, 0.12], [3])",-0.0,-0.0,-0.0,-0.0,-0.0,-0.8540000000000001,-0.8540000000000001,0.7697009976759842,0.30828276101619434,0.9394426057192802
82,"([0.16, 0.18, 0.15, 0.15, 0.15, 0.2], [4])","([0.18, 0.15, 0.19, 0.18, 0.18, 0.12], [5])",-0.0,-0.0,-0.0,-0.0,-0.9540000000000001,-0.0,-0.9540000000000001,0.7697009976759842,0.49261547761395286,0.9394763199930228
83,"([0.16, 0.18, 0.15, 0.15, 0.15, 0.2], [5])","([0.18, 0.15, 0.19, 0.18, 0.18, 0.12], [2])",-0.0,-0.0,-0.0,-0.0,-0.0,-0.8540000000000001,-0.8540000000000001,0.7697009976759842,0.5769481942117114,0.9395100342667655
84,"([0.16, 0.18, 0.15, 0.15, 0.15, 0.2], [0])","([0.18, 0.15, 0.19, 0.18, 0.18, 0.12], [4])",-0.943,-0.0,-0.0,-0.0,-0.0,-0.0,-0.943,0.7697009976759842,0.7502809108094698,0.9395437485405082
85,"([0.16, 0.18, 0.15, 0.15, 0.15, 0.2], [3])","([0.18, 0.15, 0.19, 0.18, 0.18, 0.12], [3])",-0.0,-0.0,-0.0,-0.0,-0.0,-0.0,0.0,0.7697009976759842,-0.01938637259277176,0.9395774628142508
86,"([0.16, 0.18, 0.15, 0.15, 0.15, 0.2], [4])","([0.18, 0.15, 0.19, 0.18, 0.18, 0.12], [3])",-0.0,-0.0,-0.0,-0.0,-0.9540000000000001,-0.0,-0.9540000000000001,0.7697009976759842,0.16494634400498676,0.9396111770879935
87,"([0.16, 0.18, 0.15, 0.15, 0.15, 0.2], [3])","([0.18, 0.15, 0.19, 0.18, 0.18, 0.12], [0])",-0.0,-0.0,-0.0,-0.953,-0.0,-0.0,-0.953,0.7697009976759842,0.34827906060274516,0.9396448913617361
88,"([0.16, 0.18, 0.15, 0.15, 0.15, 0.2], [4])","([0.18, 0.15, 0.19, 0.18, 0.18, 0.12], [4])",-0.0,-0.0,-0.0,-0.0,-0.0,-0.0,0.0,0.7697009976759842,-0.4213882227994964,0.9396786056354788
89,"([0.16, 0.18, 0.15, 0.15, 0.15, 0.2], [4])","([0.18, 0.15, 0.19, 0.18, 0.18, 0.12], [0])",-0.0,-0.0,-0.0,-0.0,-0.9540000000000001,-0.0,-0.9540000000000001,0.7697009976759842,-0.23705550620173788,0.9397123199092214
90,"([0.16, 0.18, 0.15, 0.15, 0.15, 0.2], [1])","([0.18, 0.15, 0.19, 0.18, 0.18, 0.12], [5])",-0.0,-0.887,-0.0,-0.0,-0.0,-0.0,-0.887,0.7697009976759842,-0.11972278960397942,0.9397460341829641
91,"([0.16, 0.18, 0.15, 0.15, 0.15, 0.2], [5])","([0.18, 0.15, 0.19, 0.18, 0.18, 0.12], [0])",-0.0,-0.0,-0.0,-0.0,-0.0,-0.8540000000000001,-0.8540000000000001,0.7697009976759842,-0.03539007300622088,0.9397797484567068
92,"([0.16, 0.18, 0.15, 0.15, 0.15, 0.2], [3])","([0.18, 0.15, 0.19, 0.18, 0.18, 0.12], [1])",-0.0,-0.0,-0.0,-0.953,-0.0,-0.0,-0.953,0.7697009976759842,0.14794264359153753,0.9398134627304494
93,"([0.16, 0.18, 0.15, 0.15, 0.15, 0.2], [1])","([0.18, 0.15, 0.19, 0.18, 0.18, 0.12], [3])",-0.0,-0.887,-0.0,-0.0,-0.0,-0.0,-0.887,0.7697009976759842,0.265275360189296,0.9398471770041921
94,"([0.16, 0.18, 0.15, 0.15, 0.15, 0.2], [2])","([0.18, 0.15, 0.19, 0.18, 0.18, 0.12], [4])",-0.0,-0.0,-0.9690000000000001,-0.0,-0.0,-0.0,-0.9690000000000001,0.7697009976759842,0.4646080767870545,0.9398808912779347
95,"([0.16, 0.18, 0.15, 0.15, 0.15, 0.2], [0])","([0.18, 0.15, 0.19, 0.18, 0.18, 0.12], [3])",-0.943,-0.0,-0.0,-0.0,-0.0,-0.0,-0.943,0.7697009976759842,0.6379407933848129,0.9399146055516774
96,"([0.16, 0.18, 0.15, 0.15, 0.15, 0.2], [5])","([0.18, 0.15, 0.19, 0.18, 0.18, 0.12], [1])",-0.0,-0.0,-0.0,-0.0,-0.0,-0.8540000000000001,-0.8540000000000001,0.7697009976759842,0.7222735099825714,0.93994831982542
97,"([0.16, 0.18, 0.15, 0.15, 0.15, 0.2], [0])","([0.18, 0.15, 0.19, 0.18, 0.18, 0.12], [4])",-0.943,-0.0,-0.0,-0.0,-0.0,-0.0,-0.943,0.7697009976759842,0.8956062265803298,0.9399820340991627
98,"([0.16, 0.18, 0.15, 0.15, 0.15, 0.2], [3])","([0.18, 0.15, 0.19, 0.18, 0.18, 0.12], [4])",-0.0,-0.0,-0.0,-0.953,-0.0,-0.0,-0.953,0.7697009976759842,1.0789389431780883,0.9400157483729054
99,"([0.16, 0.18, 0.15, 0.15, 0.15, 0.2], [0])","([0.18, 0.15, 0.19, 0.18, 0.18, 0.12], [0])",-0.0,-0.0,-0.0,-0.0,-0.0,-0.0,0.0,0.7697009976759842,0.3092716597758467,0.940049462646648
100,"([0.16, 0.18, 0.15, 0.15, 0.15, 0.2], [3])","([0.18, 0.15, 0.19, 0.18, 0.18, 0.12], [0])",-0.0,-0.0,-0.0,-0.953,-0.0,-0.0,-0.953,0.7697009976759842,0.4926043763736051,0.9400831769203907
101,"([0.16, 0.18, 0.15, 0.15, 0.15, 0.2], [1])","([0.18, 0.15, 0.19, 0.18, 0.18, 0.12], [2])",-0.0,-0.887,-0.0,-0.0,-0.0,-0.0,-0.887,0.7697009976759842,0.6099370929713636,0.9401168911941333
102,"([0.16, 0.18, 0.15, 0.15, 0.15, 0.2], [0])","([0.18, 0.15, 0.19, 0.18, 0.18, 0.12], [3])",-0.943,-0.0,-0.0,-0.0,-0.0,-0.0,-0.943,0.7697009976759842,0.783269809569122,0.940150605467876
103,"([0.16, 0.18, 0.15, 0.15, 0.15, 0.2], [5])","([0.18, 0.15, 0.19, 0.18, 0.18, 0.12], [4])",-0.0,-0.0,-0.0,-0.0,-0.0,-0.8540000000000001,-0.8540000000000001,0.7697009976759842,0.8676025261668805,0.9401843197416186
104,"([0.16, 0.18, 0.15, 0.15, 0.15, 0.2], [3])","([0.18, 0.15, 0.19, 0.18, 0.18, 0.12], [1])",-0.0,-0.0,-0.0,-0.953,-0.0,-0.0,-0.953,0.7697009976759842,1.050935242764639,0.9402180340153613
105,"([0.16, 0.18, 0.15, 0.15, 0.15, 0.2], [1])","([0.18, 0.15, 0.19, 0.18, 0.18, 0.12], [5])",-0.0,-0.887,-0.0,-0.0,-0.0,-0.0,-0.887,0.7697009976759842,1.1682679593623975,0.940251748289104
106,"([0.16, 0.18, 0.15, 0.15, 0.15, 0.2], [1])","([0.18, 0.15, 0.19, 0.18, 0.18, 0.12], [5])",-0.0,-0.887,-0.0,-0.0,-0.0,-0.0,-0.887,0.7697009976759842,1.285600675960156,0.9402854625628466
107,"([0.16, 0.18, 0.15, 0.15, 0.15, 0.2], [1])","([0.18, 0.15, 0.19, 0.18, 0.18, 0.12], [0])",-0.0,-0.887,-0.0,-0.0,-0.0,-0.0,-0.887,0.7697009976759842,1.4029333925579144,0.9403191768365893
108,"([0.16, 0.18, 0.15, 0.15, 0.15, 0.2], [2])","([0.18, 0.15, 0.19, 0.18, 0.18, 0.12], [1])",-0.0,-0.0,-0.9690000000000001,-0.0,-0.0,-0.0,-0.9690000000000001,0.7697009976759842,1.602266109155673,0.9403528911103319
109,"([0.16, 0.18, 0.15, 0.15, 0.15, 0.2], [0])","([0.18, 0.15, 0.19, 0.18, 0.18, 0.12], [1])",-0.943,-0.0,-0.0,-0.0,-0.0,-0.0,-0.943,0.7697009976759842,1.7755988257534314,0.9403866053840746
110,"([0.16, 0.18, 0.15, 0.15, 0.15, 0.2], [2])","([0.18, 0.15, 0.19, 0.18, 0.18, 0.12], [4])",-0.0,-0.0,-0.9690000000000001,-0.0,-0.0,-0.0,-0.9690000000000001,0.7697009976759842,1.97493154235119,0.9404203196578172
111,"([0.16, 0.18, 0.15, 0.15, 0.15, 0.2], [1])","([0.18, 0.15, 0.19, 0.18, 0.18, 0.12], [3])",-0.0,-0.887,-0.0,-0.0,-0.0,-0.0,-0.887,0.7697009976759842,2.0922642589489486,0.9404540339315599
112,"([0.16, 0.18, 0.15, 0.15, 0.15, 0.2], [4])","([0.18, 0.15, 0.19, 0.18, 0.18, 0.12], [4])",-0.0,-0.0,-0.0,-0.0,-0.0,-0.0,0.0,0.7697009976759842,1.322596975546707,0.9404877482053026
113,"([0.16, 0.18, 0.15, 0.15, 0.15, 0.2], [1])","([0.18, 0.15, 0.19, 0.18, 0.18, 0.12], [3])",-0.0,-0.887,-0.0,-0.0,-0.0,-0.0,-0.887,0.7697009976759842,1.4399296921444655,0.9405214624790452
114,"([0.16, 0.18, 0.15, 0.15, 0.15, 0.2], [5])","([0.18, 0.15, 0.19, 0.18, 0.18, 0.12], [4])",-0.0,-0.0,-0.0,-0.0,-0.0,-0.8540000000000001,-0.8540000000000001,0.7697009976759842,1.524262408742224,0.9405551767527879
115,"([0.16, 0.18, 0.15, 0.15, 0.15, 0.2], [0])","([0.18, 0.15, 0.19, 0.18, 0.18, 0.12], [4])",-0.943,-0.0,-0.0,-0.0,-0.0,-0.0,-0.943,0.7697009976759842,1.6975951253399826,0.9405888910265305
116,"([0.16, 0.18, 0.15, 0.15, 0.15, 0.2], [2])","([0.18, 0.15, 0.19, 0.18, 0.18, 0.12], [0])",-0.0,-0.0,-0.9690000000000001,-0.0,-0.0,-0.0,-0.9690000000000001,0.7697009976759842,1.896927841937741,0.9406226053002732
117,"([0.16, 0.18, 0.15, 0.15, 0.15, 0.2], [0])","([0.18, 0.15, 0.19, 0.18, 0.18, 0.12], [2])",-0.943,-0.0,-0.0,-0.0,-0.0,-0.0,-0.943,0.7697009976759842,2.0702605585354994,0.9406563195740159
118,"([0.16, 0.18, 0.15, 0.15, 0.15, 0.2], [1])","([0.18, 0.15, 0.19, 0.18, 0.18, 0.12], [0])",-0.0,-0.887,-0.0,-0.0,-0.0,-0.0,-0.887,0.7697009976759842,2.187593275133258,0.9406900338477585
119,"([0.16, 0.18, 0.15, 0.15, 0.15, 0.2], [4])","([0.18, 0.15, 0.19, 0.18, 0.18, 0.12], [3])",-0.0,-0.0,-0.0,-0.0,-0.9540000000000001,-0.0,-0.9540000000000001,0.7697009976759842,2.3719259917310165,0.9407237481215012
120,"([0.16, 0.18, 0.15, 0.15, 0.15, 0.2], [5])","([0.18, 0.15, 0.19, 0.18, 0.18, 0.12], [4])",-0.0,-0.0,-0.0,-0.0,-0.0,-0.8540000000000001,-0.8540000000000001,0.7697009976759842,2.4562587083287752,0.9407574623952438
121,"([0.16, 0.18, 0.15, 0.15, 0.15, 0.2], [2])","([0.18, 0.15, 0.19, 0.18, 0.18, 0.12], [1])",-0.0,-0.0,-0.9690000000000001,-0.0,-0.0,-0.0,-0.9690000000000001,0.7697009976759842,2.6555914249265338,0.9407911766689865
122,"([0.16, 0.18, 0.15, 0.15, 0.15, 0.2], [2])","([0.18, 0.15, 0.19, 0.18, 0.18, 0.12], [5])",-0.0,-0.0,-0.9690000000000001,-0.0,-0.0,-0.0,-0.9690000000000001,0.7697009976759842,2.8549241415242923,0.9408248909427291
123,"([0.16, 0.18, 0.15, 0.15, 0.15, 0.2], [3])","([0.18, 0.15, 0.19, 0.18, 0.18, 0.12], [3])",-0.0,-0.0,-0.0,-0.0,-0.0,-0.0,0.0,0.7697009976759842,2.085256858122051,0.9408586052164718
124,"([0.16, 0.18, 0.15, 0.15, 0.15, 0.2], [2])","([0.18, 0.15, 0.19, 0.18, 0.18, 0.12], [4])",-0.0,-0.0,-0.9690000000000001,-0.0,-0.0,-0.0,-0.9690000000000001,0.7697009976759842,2.2845895747198095,0.9408923194902145
125,"([0.16, 0.18, 0.15, 0.15, 0.15, 0.2], [4])","([0.18, 0.15, 0.19, 0.18, 0.18, 0.12], [4])",-0.0,-0.0,-0.0,-0.0,-0.0,-0.0,0.0,0.7697009976759842,1.514922291317568,0.9409260337639571
126,"([0.16, 0.18, 0.15, 0.15, 0.15, 0.2], [4])","([0.18, 0.15, 0.19, 0.18, 0.18, 0.12], [0])",-0.0,-0.0,-0.0,-0.0,-0.9540000000000001,-0.0,-0.9540000000000001,0.7697009976759842,1.6992550079153266,0.9409597480376998
127,"([0.16, 0.18, 0.15, 0.15, 0.15, 0.2], [2])","([0.18, 0.15, 0.19, 0.18, 0.18, 0.12], [3])",-0.0,-0.0,-0.9690000000000001,-0.0,-0.0,-0.0,-0.9690000000000001,0.7697009976759842,1.898587724513085,0.9409934623114424
128,"([0.16, 0.18, 0.15, 0.15, 0.15, 0.2], [1])","([0.18, 0.15, 0.19, 0.18, 0.18, 0.12], [1])",-0.0,-0.0,-0.0,-0.0,-0.0,-0.0,0.0,0.7697009976759842,1.1289204411108436,0.9410271765851851
129,"([0.16, 0.18, 0.15, 0.15, 0.15, 0.2], [1])","([0.18, 0.15, 0.19, 0.18, 0.18, 0.12], [3])",-0.0,-0.887,-0.0,-0.0,-0.0,-0.0,-0.887,0.7697009976759842,1.246253157708602,0.9410608908589277
130,"([0.16, 0.18, 0.15, 0.15, 0.15, 0.2], [5])","([0.18, 0.15, 0.19, 0.18, 0.18, 0.12], [1])",-0.0,-0.0,-0.0,-0.0,-0.0,-0.8540000000000001,-0.8540000000000001,0.7697009976759842,1.3305858743063605,0.9410946051326704
131,"([0.16, 0.18, 0.15, 0.15, 0.15, 0.2], [0])","([0.18, 0.15, 0.19, 0.18, 0.18, 0.12], [0])",-0.0,-0.0,-0.0,-0.0,-0.0,-0.0,0.0,0.7697009976759842,0.560918590904119,0.9411283194064131
132,"([0.16, 0.18, 0.15, 0.15, 0.15, 0.2], [0])","([0.18, 0.15, 0.19, 0.18, 0.18, 0.12], [1])",-0.943,-0.0,-0.0,-0.0,-0.0,-0.0,-0.943,0.7697009976759842,0.7342513075018774,0.9411620336801557
133,"([0.16, 0.18, 0.15, 0.15, 0.15, 0.2], [2])","([0.18, 0.15, 0.19, 0.18, 0.18, 0.12], [2])",-0.0,-0.0,-0.0,-0.0,-0.0,-0.0,0.0,0.7697009976759842,-0.03541597590036416,0.9411957479538984
134,"([0.16, 0.18, 0.15, 0.15, 0.15, 0.2], [2])","([0.18, 0.15, 0.19, 0.18, 0.18, 0.12], [4])",-0.0,-0.0,-0.9690000000000001,-0.0,-0.0,-0.0,-0.9690000000000001,0.7697009976759842,0.16391674069739437,0.941229462227641
135,"([0.16, 0.18, 0.15, 0.15, 0.15, 0.2], [3])","([0.18, 0.15, 0.19, 0.18, 0.18, 0.12], [2])",-0.0,-0.0,-0.0,-0.953,-0.0,-0.0,-0.953,0.7697009976759842,0.3472494572951528,0.9412631765013837
136,"([0.16, 0.18, 0.15, 0.15, 0.15, 0.2], [0])","([0.18, 0.15, 0.19, 0.18, 0.18, 0.12], [0])",-0.0,-0.0,-0.0,-0.0,-0.0,-0.0,0.0,0.7697009976759842,-0.4224178261070888,0.9412968907751263
137,"([0.16, 0.18, 0.15, 0.15, 0.15, 0.2], [3])","([0.18, 0.15, 0.19, 0.18, 0.18, 0.12], [0])",-0.0,-0.0,-0.0,-0.953,-0.0,-0.0,-0.953,0.7697009976759842,-0.23908510950933037,0.941330605048869
138,"([0.16, 0.18, 0.15, 0.15, 0.15, 0.2], [4])","([0.18, 0.15, 0.19, 0.18, 0.18, 0.12], [1])",-0.0,-0.0,-0.0,-0.0,-0.9540000000000001,-0.0,-0.9540000000000001,0.7697009976759842,-0.05475239291157186,0.9413643193226117
139,"([0.16, 0.18, 0.15, 0.15, 0.15, 0.2], [4])","([0.18, 0.15, 0.19, 0.18, 0.18, 0.12], [5])",-0.0,-0.0,-0.0,-0.0,-0.9540000000000001,-0.0,-0.9540000000000001,0.7697009976759842,0.12958032368618666,0.9413980335963543
140,"([0.16, 0.18, 0.15, 0.15, 0.15, 0.2], [0])","([0.18, 0.15, 0.19, 0.18, 0.18, 0.12], [1])",-0.943,-0.0,-0.0,-0.0,-0.0,-0.0,-0.943,0.7697009976759842,0.30291304028394506,0.941431747870097
141,"([0.16, 0.18, 0.15, 0.15, 0.15, 0.2], [5])","([0.18, 0.15, 0.19, 0.18, 0.18, 0.12], [3])",-0.0,-0.0,-0.0,-0.0,-0.0,-0.8540000000000001,-0.8540000000000001,0.7697009976759842,0.3872457568817036,0.9414654621438396
142,"([0.16, 0.18, 0.15, 0.15, 0.15, 0.2], [4])","([0.18, 0.15, 0.19, 0.18, 0.18, 0.12], [4])",-0.0,-0.0,-0.0,-0.0,-0.0,-0.0,0.0,0.7697009976759842,-0.38242152652053796,0.9414991764175823
143,"([0.16, 0.18, 0.15, 0.15, 0.15, 0.2], [4])","([0.18, 0.15, 0.19, 0.18, 0.18, 0.12], [5])",-0.0,-0.0,-0.0,-0.0,-0.9540000000000001,-0.0,-0.9540000000000001,0.7697009976759842,-0.19808880992277944,0.941532890691325
144,"([0.16, 0.18, 0.15, 0.15, 0.15, 0.2], [3])","([0.18, 0.15, 0.19, 0.18, 0.18, 0.12], [3])",-0.0,-0.0,-0.0,-0.0,-0.0,-0.0,0.0,0.7697009976759842,-0.967756093325021,0.9415666049650676
145,"([0.16, 0.18, 0.15, 0.15, 0.15, 0.2], [2])","([0.18, 0.15, 0.19, 0.18, 0.18, 0.12], [2])",-0.0,-0.0,-0.0,-0.0,-0.0,-0.0,0.0,0.7697009976759842,-1.7374233767272624,0.9416003192388103
146,"([0.16, 0.18, 0.15, 0.15, 0.15, 0.2], [0])","([0.18, 0.15, 0.19, 0.18, 0.18, 0.12], [2])",-0.943,-0.0,-0.0,-0.0,-0.0,-0.0,-0.943,0.7697009976759842,-1.5640906601295042,0.9416340335125529
147,"([0.16, 0.18, 0.15, 0.15, 0.15, 0.2], [2])","([0.18, 0.15, 0.19, 0.18, 0.18, 0.12], [5])",-0.0,-0.0,-0.9690000000000001,-0.0,-0.0,-0.0,-0.9690000000000001,0.7697009976759842,-1.3647579435317456,0.9416677477862956
148,"([0.16, 0.18, 0.15, 0.15, 0.15, 0.2], [4])","([0.18, 0.15, 0.19, 0.18, 0.18, 0.12], [5])",-0.0,-0.0,-0.0,-0.0,-0.9540000000000001,-0.0,-0.9540000000000001,0.7697009976759842,-1.1804252269339872,0.9417014620600382
149,"([0.16, 0.18, 0.15, 0.15, 0.15, 0.2], [4])","([0.18, 0.15, 0.19, 0.18, 0.18, 0.12], [3])",-0.0,-0.0,-0.0,-0.0,-0.9540000000000001,-0.0,-0.9540000000000001,0.7697009976759842,-0.9960925103362287,0.9417351763337809
150,"([0.16, 0.18, 0.15, 0.15, 0.15, 0.2], [1])","([0.18, 0.15, 0.19, 0.18, 0.18, 0.12], [0])",-0.0,-0.887,-0.0,-0.0,-0.0,-0.0,-0.887,0.7697009976759842,-0.8787597937384702,0.9417688906075236
151,"([0.16, 0.18, 0.15, 0.15, 0.15, 0.2], [0])","([0.18, 0.15, 0.19, 0.18, 0.18, 0.12], [3])",-0.943,-0.0,-0.0,-0.0,-0.0,-0.0,-0.943,0.7697009976759842,-0.7054270771407118,0.9418026048812662
152,"([0.16, 0.18, 0.15, 0.15, 0.15, 0.2], [1])","([0.18, 0.15, 0.19, 0.18, 0.18, 0.12], [0])",-0.0,-0.887,-0.0,-0.0,-0.0,-0.0,-0.887,0.7697009976759842,-0.5880943605429534,0.9418363191550089
153,"([0.16, 0.18, 0.15, 0.15, 0.15, 0.2], [1])","([0.18, 0.15, 0.19, 0.18, 0.18, 0.12], [4])",-0.0,-0.887,-0.0,-0.0,-0.0,-0.0,-0.887,0.7697009976759842,-0.47076164394519493,0.9418700334287515
154,"([0.16, 0.18, 0.15, 0.15, 0.15, 0.2], [3])","([0.18, 0.15, 0.19, 0.18, 0.18, 0.12], [5])",-0.0,-0.0,-0.0,-0.953,-0.0,-0.0,-0.953,0.7697009976759842,-0.2874289273474365,0.9419037477024942
155,"([0.16, 0.18, 0.15, 0.15, 0.15, 0.2], [4])","([0.18, 0.15, 0.19, 0.18, 0.18, 0.12], [0])",-0.0,-0.0,-0.0,-0.0,-0.9540000000000001,-0.0,-0.9540000000000001,0.7697009976759842,-0.10309621074967801,0.9419374619762368
156,"([0.16, 0.18, 0.15, 0.15, 0.15, 0.2], [4])","([0.18, 0.15, 0.19, 0.18, 0.18, 0.12], [1])",-0.0,-0.0,-0.0,-0.0,-0.9540000000000001,-0.0,-0.9540000000000001,0.7697009976759842,0.08123650584808051,0.9419711762499795
157,"([0.16, 0.18, 0.15, 0.15, 0.15, 0.2], [4])","([0.18, 0.15, 0.19, 0.18, 0.18, 0.12], [2])",-0.0,-0.0,-0.0,-0.0,-0.9540000000000001,-0.0,-0.9540000000000001,0.7697009976759842,0.265569222445839,0.9420048905237222
158,"([0.16, 0.18, 0.15, 0.15, 0.15, 0.2], [2])","([0.18, 0.15, 0.19, 0.18, 0.18, 0.12], [1])",-0.0,-0.0,-0.9690000000000001,-0.0,-0.0,-0.0,-0.9690000000000001,0.7697009976759842,0.46490193904359756,0.9420386047974648
159,"([0.16, 0.18, 0.15, 0.15, 0.15, 0.2], [2])","([0.18, 0.15, 0.19, 0.18, 0.18, 0.12], [4])",-0.0,-0.0,-0.9690000000000001,-0.0,-0.0,-0.0,-0.9690000000000001,0.7697009976759842,0.6642346556413561,0.9420723190712075
160,"([0.16, 0.18, 0.15, 0.15, 0.15, 0.2], [0])","([0.18, 0.15, 0.19, 0.18, 0.18, 0.12], [3])",-0.943,-0.0,-0.0,-0.0,-0.0,-0.0,-0.943,0.7697009976759842,0.8375673722391145,0.9421060333449501
161,"([0.16, 0.18, 0.15, 0.15, 0.15, 0.2], [5])","([0.18, 0.15, 0.19, 0.18, 0.18, 0.12], [0])",-0.0,-0.0,-0.0,-0.0,-0.0,-0.8540000000000001,-0.8540000000000001,0.7697009976759842,0.921900088836873,0.9421397476186928
162,"([0.16, 0.18, 0.15, 0.15, 0.15, 0.2], [3])","([0.18, 0.15, 0.19, 0.18, 0.18, 0.12], [2])",-0.0,-0.0,-0.0,-0.953,-0.0,-0.0,-0.953,0.7697009976759842,1.1052328054346314,0.9421734618924354
163,"([0.16, 0.18, 0.15, 0.15, 0.15, 0.2], [5])","([0.18, 0.15, 0.19, 0.18, 0.18, 0.12], [0])",-0.0,-0.0,-0.0,-0.0,-0.0,-0.8540000000000001,-0.8540000000000001,0.7697009976759842,1.18956552203239,0.9422071761661781
164,"([0.16, 0.18, 0.15, 0.15, 0.15, 0.2], [1])","([0.18, 0.15, 0.19, 0.18, 0.18, 0.12], [0])",-0.0,-0.887,-0.0,-0.0,-0.0,-0.0,-0.887,0.7697009976759842,1.3068982386301484,0.9422408904399208
165,"([0.16, 0.18, 0.15, 0.15, 0.15, 0.2], [4])","([0.18, 0.15, 0.19, 0.18, 0.18, 0.12], [5])",-0.0,-0.0,-0.0,-0.0,-0.9540000000000001,-0.0,-0.9540000000000001,0.7697009976759842,1.4912309552279068,0.9422746047136634
166,"([0.16, 0.18, 0.15, 0.15, 0.15, 0.2], [3])","([0.18, 0.15, 0.19, 0.18, 0.18, 0.12], [3])",-0.0,-0.0,-0.0,-0.0,-0.0,-0.0,0.0,0.7697009976759842,0.7215636718256653,0.9423083189874061
167,"([0.16, 0.18, 0.15, 0.15, 0.15, 0.2], [1])","([0.18, 0.15, 0.19, 0.18, 0.18, 0.12], [0])",-0.0,-0.887,-0.0,-0.0,-0.0,-0.0,-0.887,0.7697009976759842,0.8388963884234237,0.9423420332611487
168,"([0.16, 0.18, 0.15, 0.15, 0.15, 0.2], [3])","([0.18, 0.15, 0.19, 0.18, 0.18, 0.12], [4])",-0.0,-0.0,-0.0,-0.953,-0.0,-0.0,-0.953,0.7697009976759842,1.0222291050211822,0.9423757475348914
169,"([0.16, 0.18, 0.15, 0.15, 0.15, 0.2], [5])","([0.18, 0.15, 0.19, 0.18, 0.18, 0.12], [3])",-0.0,-0.0,-0.0,-0.0,-0.0,-0.8540000000000001,-0.8540000000000001,0.7697009976759842,1.1065618216189408,0.942409461808634
170,"([0.16, 0.18, 0.15, 0.15, 0.15, 0.2], [5])","([0.18, 0.15, 0.19, 0.18, 0.18, 0.12], [4])",-0.0,-0.0,-0.0,-0.0,-0.0,-0.8540000000000001,-0.8540000000000001,0.7697009976759842,1.1908945382166993,0.9424431760823767
171,"([0.16, 0.18, 0.15, 0.15, 0.15, 0.2], [4])","([0.18, 0.15, 0.19, 0.18, 0.18, 0.12], [2])",-0.0,-0.0,-0.0,-0.0,-0.9540000000000001,-0.0,-0.9540000000000001,0.7697009976759842,1.3752272548144577,0.9424768903561194
172,"([0.16, 0.18, 0.15, 0.15, 0.15, 0.2], [2])","([0.18, 0.15, 0.19, 0.18, 0.18, 0.12], [4])",-0.0,-0.0,-0.9690000000000001,-0.0,-0.0,-0.0,-0.9690000000000001,0.7697009976759842,1.5745599714122163,0.942510604629862
173,"([0.16, 0.18, 0.15, 0.15, 0.15, 0.2], [0])","([0.18, 0.15, 0.19, 0.18, 0.18, 0.12], [1])",-0.943,-0.0,-0.0,-0.0,-0.0,-0.0,-0.943,0.7697009976759842,1.7478926880099745,0.9425443189036047
174,"([0.16, 0.18, 0.15, 0.15, 0.15, 0.2], [2])","([0.18, 0.15, 0.19, 0.18, 0.18, 0.12], [5])",-0.0,-0.0,-0.9690000000000001,-0.0,-0.0,-0.0,-0.9690000000000001,0.7697009976759842,1.947225404607733,0.9425780331773473
175,"([0.16, 0.18, 0.15, 0.15, 0.15, 0.2], [5])","([0.18, 0.15, 0.19, 0.18, 0.18, 0.12], [4])",-0.0,-0.0,-0.0,-0.0,-0.0,-0.8540000000000001,-0.8540000000000001,0.7697009976759842,2.0315581212054914,0.94261174745109
176,"([0.16, 0.18, 0.15, 0.15, 0.15, 0.2], [3])","([0.18, 0.15, 0.19, 0.18, 0.18, 0.12], [4])",-0.0,-0.0,-0.0,-0.953,-0.0,-0.0,-0.953,0.7697009976759842,2.21489083780325,0.9426454617248327
177,"([0.16, 0.18, 0.15, 0.15, 0.15, 0.2], [5])","([0.18, 0.15, 0.19, 0.18, 0.18, 0.12], [0])",-0.0,-0.0,-0.0,-0.0,-0.0,-0.8540000000000001,-0.8540000000000001,0.7697009976759842,2.2992235544010082,0.9426791759985753
178,"([0.16, 0.18, 0.15, 0.15, 0.15, 0.2], [3])","([0.18, 0.15, 0.19, 0.18, 0.18, 0.12], [4])",-0.0,-0.0,-0.0,-0.953,-0.0,-0.0,-0.953,0.7697009976759842,2.4825562709987667,0.942712890272318
179,"([0.16, 0.18, 0.15, 0.15, 0.15, 0.2], [5])","([0.18, 0.15, 0.19, 0.18, 0.18, 0.12], [4])",-0.0,-0.0,-0.0,-0.0,-0.0,-0.8540000000000001,-0.8540000000000001,0.7697009976759842,2.566888987596525,0.9427466045460606
180,"([0.16, 0.18, 0.15, 0.15, 0.15, 0.2], [0])","([0.18, 0.15, 0.19, 0.18, 0.18, 0.12], [0])",-0.0,-0.0,-0.0,-0.0,-0.0,-0.0,0.0,0.7697009976759842,1.7972217041942835,0.9427803188198033
181,"([0.16, 0.18, 0.15, 0.15, 0.15, 0.2], [0])","([0.18, 0.15, 0.19, 0.18, 0.18, 0.12], [5])",-0.943,-0.0,-0.0,-0.0,-0.0,-0.0,-0.943,0.7697009976759842,1.970554420792042,0.942814033093546
182,"([0.16, 0.18, 0.15, 0.15, 0.15, 0.2], [5])","([0.18, 0.15, 0.19, 0.18, 0.18, 0.12], [2])",-0.0,-0.0,-0.0,-0.0,-0.0,-0.8540000000000001,-0.8540000000000001,0.7697009976759842,2.0548871373898008,0.9428477473672886
183,"([0.16, 0.18, 0.15, 0.15, 0.15, 0.2], [4])","([0.18, 0.15, 0.19, 0.18, 0.18, 0.12], [2])",-0.0,-0.0,-0.0,-0.0,-0.9540000000000001,-0.0,-0.9540000000000001,0.7697009976759842,2.239219853987559,0.9428814616410313
184,"([0.16, 0.18, 0.15, 0.15, 0.15, 0.2], [1])","([0.18, 0.15, 0.19, 0.18, 0.18, 0.12], [1])",-0.0,-0.0,-0.0,-0.0,-0.0,-0.0,0.0,0.7697009976759842,1.4695525705853176,0.9429151759147739
185,"([0.16, 0.18, 0.15, 0.15, 0.15, 0.2], [2])","([0.18, 0.15, 0.19, 0.18, 0.18, 0.12], [0])",-0.0,-0.0,-0.9690000000000001,-0.0,-0.0,-0.0,-0.9690000000000001,0.7697009976759842,1.6688852871830762,0.9429488901885166
186,"([0.16, 0.18, 0.15, 0.15, 0.15, 0.2], [4])","([0.18, 0.15, 0.19, 0.18, 0.18, 0.12], [4])",-0.0,-0.0,-0.0,-0.0,-0.0,-0.0,0.0,0.7697009976759842,0.8992180037808346,0.9429826044622592
187,"([0.16, 0.18, 0.15, 0.15, 0.15, 0.2], [3])","([0.18, 0.15, 0.19, 0.18, 0.18, 0.12], [3])",-0.0,-0.0,-0.0,-0.0,-0.0,-0.0,0.0,0.7697009976759842,0.12955072037859305,0.9430163187360019
188,"([0.16, 0.18, 0.15, 0.15, 0.15, 0.2], [0])","([0.18, 0.15, 0.19, 0.18, 0.18, 0.12], [3])",-0.943,-0.0,-0.0,-0.0,-0.0,-0.0,-0.943,0.7697009976759842,0.30288343697635145,0.9430500330097445
189,"([0.16, 0.18, 0.15, 0.15, 0.15, 0.2], [5])","([0.18, 0.15, 0.19, 0.18, 0.18, 0.12], [5])",-0.0,-0.0,-0.0,-0.0,-0.0,-0.0,0.0,0.7697009976759842,-0.4667838464258901,0.9430837472834872
190,"([0.16, 0.18, 0.15, 0.15, 0.15, 0.2], [0])","([0.18, 0.15, 0.19, 0.18, 0.18, 0.12], [0])",-0.0,-0.0,-0.0,-0.0,-0.0,-0.0,0.0,0.7697009976759842,-1.2364511298281315,0.9431174615572299
191,"([0.16, 0.18, 0.15, 0.15, 0.15, 0.2], [3])","([0.18, 0.15, 0.19, 0.18, 0.18, 0.12], [5])",-0.0,-0.0,-0.0,-0.953,-0.0,-0.0,-0.953,0.7697009976759842,-1.053118413230373,0.9431511758309725
192,"([0.16, 0.18, 0.15, 0.15, 0.15, 0.2], [1])","([0.18, 0.15, 0.19, 0.18, 0.18, 0.12], [2])",-0.0,-0.887,-0.0,-0.0,-0.0,-0.0,-0.887,0.7697009976759842,-0.9357856966326146,0.9431848901047152
193,"([0.16, 0.18, 0.15, 0.15, 0.15, 0.2], [1])","([0.18, 0.15, 0.19, 0.18, 0.18, 0.12], [1])",-0.0,-0.0,-0.0,-0.0,-0.0,-0.0,0.0,0.7697009976759842,-1.7054529800348561,0.9432186043784578
194,"([0.16, 0.18, 0.15, 0.15, 0.15, 0.2], [5])","([0.18, 0.15, 0.19, 0.18, 0.18, 0.12], [3])",-0.0,-0.0,-0.0,-0.0,-0.0,-0.8540000000000001,-0.8540000000000001,0.7697009976759842,-1.6211202634370976,0.9432523186522005
195,"([0.16, 0.18, 0.15, 0.15, 0.15, 0.2], [2])","([0.18, 0.15, 0.19, 0.18, 0.18, 0.12], [5])",-0.0,-0.0,-0.9690000000000001,-0.0,-0.0,-0.0,-0.9690000000000001,0.7697009976759842,-1.421787546839339,0.9432860329259432
196,"([0.16, 0.18, 0.15, 0.15, 0.15, 0.2], [0])","([0.18, 0.15, 0.19, 0.18, 0.18, 0.12], [1])",-0.943,-0.0,-0.0,-0.0,-0.0,-0.0,-0.943,0.7697009976759842,-1.2484548302415805,0.9433197471996858
197,"([0.16, 0.18, 0.15, 0.15, 0.15, 0.2], [5])","([0.18, 0.15, 0.19, 0.18, 0.18, 0.12], [4])",-0.0,-0.0,-0.0,-0.0,-0.0,-0.8540000000000001,-0.8540000000000001,0.7697009976759842,-1.164122113643822,0.9433534614734285
198,"([0.16, 0.18, 0.15, 0.15, 0.15, 0.2], [5])","([0.18, 0.15, 0.19, 0.18, 0.18, 0.12], [1])",-0.0,-0.0,-0.0,-0.0,-0.0,-0.8540000000000001,-0.8540000000000001,0.7697009976759842,-1.0797893970460635,0.9433871757471711
199,"([0.16, 0.18, 0.15, 0.15, 0.15, 0.2], [3])","([0.18, 0.15, 0.19, 0.18, 0.18, 0.12], [4])",-0.0,-0.0,-0.0,-0.953,-0.0,-0.0,-0.953,0.7697009976759842,-0.8964566804483051,0.9434208900209138
