,sta-1,FRL-0,feedback target 0,feedback target 1,feedback target 2,feedback target 3,feedback target 4,feedback target 5,total,exp_loss,actual_regret,exp_regret
0,"([0, 0, 0, 0, 0, 1], [5])","([0.26, 0.15, 0.05, 0.3, 0.2, 0.05], [4])",-0.0,-0.0,-0.0,-0.0,-0.0,-0.7090000000000001,-0.7090000000000001,0.6770544821226734,0.03194551787732669,0.0
1,"([0, 0, 0, 0, 0, 1], [5])","([0.26, 0.15, 0.05, 0.3, 0.2, 0.05], [5])",-0.0,-0.0,-0.0,-0.0,-0.0,-0.0,0.0,0.6770544821226734,-0.6451089642453467,0.0
2,"([0, 0, 0, 0, 0, 1], [5])","([0.26, 0.15, 0.05, 0.3, 0.2, 0.05], [3])",-0.0,-0.0,-0.0,-0.0,-0.0,-0.7090000000000001,-0.7090000000000001,0.6770544821226734,-0.61316344636802,0.0
3,"([0, 0, 0, 0, 0, 1], [5])","([0.26, 0.15, 0.05, 0.3, 0.2, 0.05], [4])",-0.0,-0.0,-0.0,-0.0,-0.0,-0.7090000000000001,-0.7090000000000001,0.6770544821226734,-0.5812179284906933,0.0
4,"([0, 0, 0, 0, 0, 1], [5])","([0.26, 0.15, 0.05, 0.3, 0.2, 0.05], [0])",-0.0,-0.0,-0.0,-0.0,-0.0,-0.7090000000000001,-0.7090000000000001,0.6770544821226734,-0.5492724106133666,0.0
5,"([0, 0, 0, 0, 0, 1], [5])","([0.26, 0.15, 0.05, 0.3, 0.2, 0.05], [1])",-0.0,-0.0,-0.0,-0.0,-0.0,-0.7090000000000001,-0.7090000000000001,0.6770544821226734,-0.5173268927360399,0.0
6,"([0, 0, 0, 0, 0, 1], [5])","([0.26, 0.15, 0.05, 0.3, 0.2, 0.05], [0])",-0.0,-0.0,-0.0,-0.0,-0.0,-0.7090000000000001,-0.7090000000000001,0.6770544821226734,-0.48538137485871324,0.0
7,"([0, 0, 0, 0, 0, 1], [5])","([0.26, 0.15, 0.05, 0.3, 0.2, 0.05], [2])",-0.0,-0.0,-0.0,-0.0,-0.0,-0.7090000000000001,-0.7090000000000001,0.6770544821226734,-0.45343585698138655,0.0
8,"([0, 0, 0, 0, 0, 1], [5])","([0.26, 0.15, 0.05, 0.3, 0.2, 0.05], [5])",-0.0,-0.0,-0.0,-0.0,-0.0,-0.0,0.0,0.6770544821226734,-1.13049033910406,0.0
9,"([0, 0, 0, 0, 0, 1], [5])","([0.26, 0.15, 0.05, 0.3, 0.2, 0.05], [0])",-0.0,-0.0,-0.0,-0.0,-0.0,-0.7090000000000001,-0.7090000000000001,0.6770544821226734,-1.0985448212267332,0.0
10,"([0, 0, 0, 0, 0, 1], [5])","([0.26, 0.15, 0.05, 0.3, 0.2, 0.05], [3])",-0.0,-0.0,-0.0,-0.0,-0.0,-0.7090000000000001,-0.7090000000000001,0.6770544821226734,-1.0665993033494066,0.0
11,"([0, 0, 0, 0, 0, 1], [5])","([0.26, 0.15, 0.05, 0.3, 0.2, 0.05], [4])",-0.0,-0.0,-0.0,-0.0,-0.0,-0.7090000000000001,-0.7090000000000001,0.6770544821226734,-1.0346537854720799,0.0
12,"([0, 0, 0, 0, 0, 1], [5])","([0.26, 0.15, 0.05, 0.3, 0.2, 0.05], [1])",-0.0,-0.0,-0.0,-0.0,-0.0,-0.7090000000000001,-0.7090000000000001,0.6770544821226734,-1.0027082675947532,0.0
13,"([0, 0, 0, 0, 0, 1], [5])","([0.26, 0.15, 0.05, 0.3, 0.2, 0.05], [5])",-0.0,-0.0,-0.0,-0.0,-0.0,-0.0,0.0,0.6770544821226734,-1.6797627497174266,0.0
14,"([0, 0, 0, 0, 0, 1], [5])","([0.26, 0.15, 0.05, 0.3, 0.2, 0.05], [4])",-0.0,-0.0,-0.0,-0.0,-0.0,-0.7090000000000001,-0.7090000000000001,0.6770544821226734,-1.6478172318400999,0.0
15,"([0, 0, 0, 0, 0, 1], [5])","([0.26, 0.15, 0.05, 0.3, 0.2, 0.05], [0])",-0.0,-0.0,-0.0,-0.0,-0.0,-0.7090000000000001,-0.7090000000000001,0.6770544821226734,-1.6158717139627732,0.0
16,"([0, 0, 0, 0, 0, 1], [5])","([0.26, 0.15, 0.05, 0.3, 0.2, 0.05], [3])",-0.0,-0.0,-0.0,-0.0,-0.0,-0.7090000000000001,-0.7090000000000001,0.6770544821226734,-1.5839261960854465,0.0
17,"([0, 0, 0, 0, 0, 1], [5])","([0.26, 0.15, 0.05, 0.3, 0.2, 0.05], [4])",-0.0,-0.0,-0.0,-0.0,-0.0,-0.7090000000000001,-0.7090000000000001,0.6770544821226734,-1.5519806782081198,0.0
18,"([0, 0, 0, 0, 0, 1], [5])","([0.26, 0.15, 0.05, 0.3, 0.2, 0.05], [3])",-0.0,-0.0,-0.0,-0.0,-0.0,-0.7090000000000001,-0.7090000000000001,0.6770544821226734,-1.5200351603307931,0.0
19,"([0, 0, 0, 0, 0, 1], [5])","([0.26, 0.15, 0.05, 0.3, 0.2, 0.05], [0])",-0.0,-0.0,-0.0,-0.0,-0.0,-0.7090000000000001,-0.7090000000000001,0.6770544821226734,-1.4880896424534664,0.0
20,"([0, 0, 0, 0, 0, 1], [5])","([0.26, 0.15, 0.05, 0.3, 0.2, 0.05], [1])",-0.0,-0.0,-0.0,-0.0,-0.0,-0.7090000000000001,-0.7090000000000001,0.6770544821226734,-1.4561441245761397,0.0
21,"([0, 0, 0, 0, 0, 1], [5])","([0.26, 0.15, 0.05, 0.3, 0.2, 0.05], [0])",-0.0,-0.0,-0.0,-0.0,-0.0,-0.7090000000000001,-0.7090000000000001,0.6770544821226734,-1.424198606698813,0.0
22,"([0, 0, 0, 0, 0, 1], [5])","([0.26, 0.15, 0.05, 0.3, 0.2, 0.05], [1])",-0.0,-0.0,-0.0,-0.0,-0.0,-0.7090000000000001,-0.7090000000000001,0.6770544821226734,-1.3922530888214864,0.0
23,"([0, 0, 0, 0, 0, 1], [5])","([0.26, 0.15, 0.05, 0.3, 0.2, 0.05], [0])",-0.0,-0.0,-0.0,-0.0,-0.0,-0.7090000000000001,-0.7090000000000001,0.6770544821226734,-1.3603075709441597,0.0
24,"([0, 0, 0, 0, 0, 1], [5])","([0.26, 0.15, 0.05, 0.3, 0.2, 0.05], [0])",-0.0,-0.0,-0.0,-0.0,-0.0,-0.7090000000000001,-0.7090000000000001,0.6770544821226734,-1.328362053066833,0.0
25,"([0, 0, 0, 0, 0, 1], [5])","([0.26, 0.15, 0.05, 0.3, 0.2, 0.05], [0])",-0.0,-0.0,-0.0,-0.0,-0.0,-0.7090000000000001,-0.7090000000000001,0.6770544821226734,-1.2964165351895063,0.0
26,"([0, 0, 0, 0, 0, 1], [5])","([0.26, 0.15, 0.05, 0.3, 0.2, 0.05], [1])",-0.0,-0.0,-0.0,-0.0,-0.0,-0.7090000000000001,-0.7090000000000001,0.6770544821226734,-1.2644710173121796,0.0
27,"([0, 0, 0, 0, 0, 1], [5])","([0.26, 0.15, 0.05, 0.3, 0.2, 0.05], [3])",-0.0,-0.0,-0.0,-0.0,-0.0,-0.7090000000000001,-0.7090000000000001,0.6770544821226734,-1.232525499434853,0.0
28,"([0, 0, 0, 0, 0, 1], [5])","([0.26, 0.15, 0.05, 0.3, 0.2, 0.05], [0])",-0.0,-0.0,-0.0,-0.0,-0.0,-0.7090000000000001,-0.7090000000000001,0.6770544821226734,-1.2005799815575262,0.0
29,"([0, 0, 0, 0, 0, 1], [5])","([0.26, 0.15, 0.05, 0.3, 0.2, 0.05], [3])",-0.0,-0.0,-0.0,-0.0,-0.0,-0.7090000000000001,-0.7090000000000001,0.6770544821226734,-1.1686344636801995,0.0
30,"([0, 0, 0, 0, 0, 1], [5])","([0.26, 0.15, 0.05, 0.3, 0.2, 0.05], [4])",-0.0,-0.0,-0.0,-0.0,-0.0,-0.7090000000000001,-0.7090000000000001,0.6770544821226734,-1.1366889458028728,0.0
31,"([0, 0, 0, 0, 0, 1], [5])","([0.26, 0.15, 0.05, 0.3, 0.2, 0.05], [3])",-0.0,-0.0,-0.0,-0.0,-0.0,-0.7090000000000001,-0.7090000000000001,0.6770544821226734,-1.1047434279255461,0.0
32,"([0, 0, 0, 0, 0, 1], [5])","([0.26, 0.15, 0.05, 0.3, 0.2, 0.05], [4])",-0.0,-0.0,-0.0,-0.0,-0.0,-0.7090000000000001,-0.7090000000000001,0.6770544821226734,-1.0727979100482194,0.0
33,"([0, 0, 0, 0, 0, 1], [5])","([0.26, 0.15, 0.05, 0.3, 0.2, 0.05], [1])",-0.0,-0.0,-0.0,-0.0,-0.0,-0.7090000000000001,-0.7090000000000001,0.6770544821226734,-1.0408523921708928,0.0
34,"([0, 0, 0, 0, 0, 1], [5])","([0.26, 0.15, 0.05, 0.3, 0.2, 0.05], [4])",-0.0,-0.0,-0.0,-0.0,-0.0,-0.7090000000000001,-0.7090000000000001,0.6770544821226734,-1.008906874293566,0.0
35,"([0, 0, 0, 0, 0, 1], [5])","([0.26, 0.15, 0.05, 0.3, 0.2, 0.05], [3])",-0.0,-0.0,-0.0,-0.0,-0.0,-0.7090000000000001,-0.7090000000000001,0.6770544821226734,-0.9769613564162394,0.0
36,"([0, 0, 0, 0, 0, 1], [5])","([0.26, 0.15, 0.05, 0.3, 0.2, 0.05], [5])",-0.0,-0.0,-0.0,-0.0,-0.0,-0.0,0.0,0.6770544821226734,-1.6540158385389128,0.0
37,"([0, 0, 0, 0, 0, 1], [5])","([0.26, 0.15, 0.05, 0.3, 0.2, 0.05], [0])",-0.0,-0.0,-0.0,-0.0,-0.0,-0.7090000000000001,-0.7090000000000001,0.6770544821226734,-1.622070320661586,0.0
38,"([0, 0, 0, 0, 0, 1], [5])","([0.26, 0.15, 0.05, 0.3, 0.2, 0.05], [5])",-0.0,-0.0,-0.0,-0.0,-0.0,-0.0,0.0,0.6770544821226734,-2.2991248027842595,0.0
39,"([0, 0, 0, 0, 0, 1], [5])","([0.26, 0.15, 0.05, 0.3, 0.2, 0.05], [0])",-0.0,-0.0,-0.0,-0.0,-0.0,-0.7090000000000001,-0.7090000000000001,0.6770544821226734,-2.2671792849069328,0.0
40,"([0, 0, 0, 0, 0, 1], [5])","([0.26, 0.15, 0.05, 0.3, 0.2, 0.05], [1])",-0.0,-0.0,-0.0,-0.0,-0.0,-0.7090000000000001,-0.7090000000000001,0.6770544821226734,-2.235233767029606,0.0
41,"([0, 0, 0, 0, 0, 1], [5])","([0.26, 0.15, 0.05, 0.3, 0.2, 0.05], [1])",-0.0,-0.0,-0.0,-0.0,-0.0,-0.7090000000000001,-0.7090000000000001,0.6770544821226734,-2.2032882491522794,0.0
42,"([0, 0, 0, 0, 0, 1], [5])","([0.26, 0.15, 0.05, 0.3, 0.2, 0.05], [0])",-0.0,-0.0,-0.0,-0.0,-0.0,-0.7090000000000001,-0.7090000000000001,0.6770544821226734,-2.1713427312749527,0.0
43,"([0, 0, 0, 0, 0, 1], [5])","([0.26, 0.15, 0.05, 0.3, 0.2, 0.05], [2])",-0.0,-0.0,-0.0,-0.0,-0.0,-0.7090000000000001,-0.7090000000000001,0.6770544821226734,-2.139397213397626,0.0
44,"([0, 0, 0, 0, 0, 1], [5])","([0.26, 0.15, 0.05, 0.3, 0.2, 0.05], [3])",-0.0,-0.0,-0.0,-0.0,-0.0,-0.7090000000000001,-0.7090000000000001,0.6770544821226734,-2.1074516955202993,0.0
45,"([0, 0, 0, 0, 0, 1], [5])","([0.26, 0.15, 0.05, 0.3, 0.2, 0.05], [4])",-0.0,-0.0,-0.0,-0.0,-0.0,-0.7090000000000001,-0.7090000000000001,0.6770544821226734,-2.0755061776429726,0.0
46,"([0, 0, 0, 0, 0, 1], [5])","([0.26, 0.15, 0.05, 0.3, 0.2, 0.05], [3])",-0.0,-0.0,-0.0,-0.0,-0.0,-0.7090000000000001,-0.7090000000000001,0.6770544821226734,-2.043560659765646,0.0
47,"([0, 0, 0, 0, 0, 1], [5])","([0.26, 0.15, 0.05, 0.3, 0.2, 0.05], [3])",-0.0,-0.0,-0.0,-0.0,-0.0,-0.7090000000000001,-0.7090000000000001,0.6770544821226734,-2.0116151418883192,0.0
48,"([0, 0, 0, 0, 0, 1], [5])","([0.26, 0.15, 0.05, 0.3, 0.2, 0.05], [3])",-0.0,-0.0,-0.0,-0.0,-0.0,-0.7090000000000001,-0.7090000000000001,0.6770544821226734,-1.9796696240109926,0.0
49,"([0, 0, 0, 0, 0, 1], [5])","([0.26, 0.15, 0.05, 0.3, 0.2, 0.05], [5])",-0.0,-0.0,-0.0,-0.0,-0.0,-0.0,0.0,0.6770544821226734,-2.656724106133666,0.0
50,"([0, 0, 0, 0, 0, 1], [5])","([0.26, 0.15, 0.05, 0.3, 0.2, 0.05], [3])",-0.0,-0.0,-0.0,-0.0,-0.0,-0.7090000000000001,-0.7090000000000001,0.6770544821226734,-2.6247785882563393,0.0
51,"([0, 0, 0, 0, 0, 1], [5])","([0.26, 0.15, 0.05, 0.3, 0.2, 0.05], [4])",-0.0,-0.0,-0.0,-0.0,-0.0,-0.7090000000000001,-0.7090000000000001,0.6770544821226734,-2.5928330703790126,0.0
52,"([0, 0, 0, 0, 0, 1], [5])","([0.26, 0.15, 0.05, 0.3, 0.2, 0.05], [3])",-0.0,-0.0,-0.0,-0.0,-0.0,-0.7090000000000001,-0.7090000000000001,0.6770544821226734,-2.560887552501686,0.0
53,"([0, 0, 0, 0, 0, 1], [5])","([0.26, 0.15, 0.05, 0.3, 0.2, 0.05], [5])",-0.0,-0.0,-0.0,-0.0,-0.0,-0.0,0.0,0.6770544821226734,-3.2379420346243593,0.0
54,"([0, 0, 0, 0, 0, 1], [5])","([0.26, 0.15, 0.05, 0.3, 0.2, 0.05], [1])",-0.0,-0.0,-0.0,-0.0,-0.0,-0.7090000000000001,-0.7090000000000001,0.6770544821226734,-3.2059965167470326,0.0
55,"([0, 0, 0, 0, 0, 1], [5])","([0.26, 0.15, 0.05, 0.3, 0.2, 0.05], [0])",-0.0,-0.0,-0.0,-0.0,-0.0,-0.7090000000000001,-0.7090000000000001,0.6770544821226734,-3.174050998869706,0.0
56,"([0, 0, 0, 0, 0, 1], [5])","([0.26, 0.15, 0.05, 0.3, 0.2, 0.05], [3])",-0.0,-0.0,-0.0,-0.0,-0.0,-0.7090000000000001,-0.7090000000000001,0.6770544821226734,-3.142105480992379,0.0
57,"([0, 0, 0, 0, 0, 1], [5])","([0.26, 0.15, 0.05, 0.3, 0.2, 0.05], [4])",-0.0,-0.0,-0.0,-0.0,-0.0,-0.7090000000000001,-0.7090000000000001,0.6770544821226734,-3.1101599631150525,0.0
58,"([0, 0, 0, 0, 0, 1], [5])","([0.26, 0.15, 0.05, 0.3, 0.2, 0.05], [4])",-0.0,-0.0,-0.0,-0.0,-0.0,-0.7090000000000001,-0.7090000000000001,0.6770544821226734,-3.078214445237726,0.0
59,"([0, 0, 0, 0, 0, 1], [5])","([0.26, 0.15, 0.05, 0.3, 0.2, 0.05], [4])",-0.0,-0.0,-0.0,-0.0,-0.0,-0.7090000000000001,-0.7090000000000001,0.6770544821226734,-3.046268927360399,0.0
60,"([0, 0, 0, 0, 0, 1], [5])","([0.26, 0.15, 0.05, 0.3, 0.2, 0.05], [0])",-0.0,-0.0,-0.0,-0.0,-0.0,-0.7090000000000001,-0.7090000000000001,0.6770544821226734,-3.0143234094830724,0.0
61,"([0, 0, 0, 0, 0, 1], [5])","([0.26, 0.15, 0.05, 0.3, 0.2, 0.05], [0])",-0.0,-0.0,-0.0,-0.0,-0.0,-0.7090000000000001,-0.7090000000000001,0.6770544821226734,-2.9823778916057457,0.0
62,"([0, 0, 0, 0, 0, 1], [5])","([0.26, 0.15, 0.05, 0.3, 0.2, 0.05], [4])",-0.0,-0.0,-0.0,-0.0,-0.0,-0.7090000000000001,-0.7090000000000001,0.6770544821226734,-2.950432373728419,0.0
63,"([0, 0, 0, 0, 0, 1], [5])","([0.26, 0.15, 0.05, 0.3, 0.2, 0.05], [4])",-0.0,-0.0,-0.0,-0.0,-0.0,-0.7090000000000001,-0.7090000000000001,0.6770544821226734,-2.9184868558510924,0.0
64,"([0, 0, 0, 0, 0, 1], [5])","([0.26, 0.15, 0.05, 0.3, 0.2, 0.05], [1])",-0.0,-0.0,-0.0,-0.0,-0.0,-0.7090000000000001,-0.7090000000000001,0.6770544821226734,-2.8865413379737657,0.0
65,"([0, 0, 0, 0, 0, 1], [5])","([0.26, 0.15, 0.05, 0.3, 0.2, 0.05], [3])",-0.0,-0.0,-0.0,-0.0,-0.0,-0.7090000000000001,-0.7090000000000001,0.6770544821226734,-2.854595820096439,0.0
66,"([0, 0, 0, 0, 0, 1], [5])","([0.26, 0.15, 0.05, 0.3, 0.2, 0.05], [0])",-0.0,-0.0,-0.0,-0.0,-0.0,-0.7090000000000001,-0.7090000000000001,0.6770544821226734,-2.8226503022191123,0.0
67,"([0, 0, 0, 0, 0, 1], [5])","([0.26, 0.15, 0.05, 0.3, 0.2, 0.05], [0])",-0.0,-0.0,-0.0,-0.0,-0.0,-0.7090000000000001,-0.7090000000000001,0.6770544821226734,-2.7907047843417856,0.0
68,"([0, 0, 0, 0, 0, 1], [5])","([0.26, 0.15, 0.05, 0.3, 0.2, 0.05], [0])",-0.0,-0.0,-0.0,-0.0,-0.0,-0.7090000000000001,-0.7090000000000001,0.6770544821226734,-2.758759266464459,0.0
69,"([0, 0, 0, 0, 0, 1], [5])","([0.26, 0.15, 0.05, 0.3, 0.2, 0.05], [0])",-0.0,-0.0,-0.0,-0.0,-0.0,-0.7090000000000001,-0.7090000000000001,0.6770544821226734,-2.726813748587132,0.0
70,"([0, 0, 0, 0, 0, 1], [5])","([0.26, 0.15, 0.05, 0.3, 0.2, 0.05], [0])",-0.0,-0.0,-0.0,-0.0,-0.0,-0.7090000000000001,-0.7090000000000001,0.6770544821226734,-2.6948682307098055,0.0
71,"([0, 0, 0, 0, 0, 1], [5])","([0.26, 0.15, 0.05, 0.3, 0.2, 0.05], [1])",-0.0,-0.0,-0.0,-0.0,-0.0,-0.7090000000000001,-0.7090000000000001,0.6770544821226734,-2.662922712832479,0.0
72,"([0, 0, 0, 0, 0, 1], [5])","([0.26, 0.15, 0.05, 0.3, 0.2, 0.05], [0])",-0.0,-0.0,-0.0,-0.0,-0.0,-0.7090000000000001,-0.7090000000000001,0.6770544821226734,-2.630977194955152,0.0
73,"([0, 0, 0, 0, 0, 1], [5])","([0.26, 0.15, 0.05, 0.3, 0.2, 0.05], [5])",-0.0,-0.0,-0.0,-0.0,-0.0,-0.0,0.0,0.6770544821226734,-3.3080316770778255,0.0
74,"([0, 0, 0, 0, 0, 1], [5])","([0.26, 0.15, 0.05, 0.3, 0.2, 0.05], [3])",-0.0,-0.0,-0.0,-0.0,-0.0,-0.7090000000000001,-0.7090000000000001,0.6770544821226734,-3.276086159200499,0.0
75,"([0, 0, 0, 0, 0, 1], [5])","([0.26, 0.15, 0.05, 0.3, 0.2, 0.05], [0])",-0.0,-0.0,-0.0,-0.0,-0.0,-0.7090000000000001,-0.7090000000000001,0.6770544821226734,-3.244140641323172,0.0
76,"([0, 0, 0, 0, 0, 1], [5])","([0.26, 0.15, 0.05, 0.3, 0.2, 0.05], [2])",-0.0,-0.0,-0.0,-0.0,-0.0,-0.7090000000000001,-0.7090000000000001,0.6770544821226734,-3.2121951234458455,0.0
77,"([0, 0, 0, 0, 0, 1], [5])","([0.26, 0.15, 0.05, 0.3, 0.2, 0.05], [1])",-0.0,-0.0,-0.0,-0.0,-0.0,-0.7090000000000001,-0.7090000000000001,0.6770544821226734,-3.1802496055685188,0.0
78,"([0, 0, 0, 0, 0, 1], [5])","([0.26, 0.15, 0.05, 0.3, 0.2, 0.05], [0])",-0.0,-0.0,-0.0,-0.0,-0.0,-0.7090000000000001,-0.7090000000000001,0.6770544821226734,-3.148304087691192,0.0
79,"([0, 0, 0, 0, 0, 1], [5])","([0.26, 0.15, 0.05, 0.3, 0.2, 0.05], [0])",-0.0,-0.0,-0.0,-0.0,-0.0,-0.7090000000000001,-0.7090000000000001,0.6770544821226734,-3.1163585698138654,0.0
80,"([0, 0, 0, 0, 0, 1], [5])","([0.26, 0.15, 0.05, 0.3, 0.2, 0.05], [0])",-0.0,-0.0,-0.0,-0.0,-0.0,-0.7090000000000001,-0.7090000000000001,0.6770544821226734,-3.0844130519365387,0.0
81,"([0, 0, 0, 0, 0, 1], [5])","([0.26, 0.15, 0.05, 0.3, 0.2, 0.05], [4])",-0.0,-0.0,-0.0,-0.0,-0.0,-0.7090000000000001,-0.7090000000000001,0.6770544821226734,-3.052467534059212,0.0
82,"([0, 0, 0, 0, 0, 1], [5])","([0.26, 0.15, 0.05, 0.3, 0.2, 0.05], [0])",-0.0,-0.0,-0.0,-0.0,-0.0,-0.7090000000000001,-0.7090000000000001,0.6770544821226734,-3.0205220161818853,0.0
83,"([0, 0, 0, 0, 0, 1], [5])","([0.26, 0.15, 0.05, 0.3, 0.2, 0.05], [0])",-0.0,-0.0,-0.0,-0.0,-0.0,-0.7090000000000001,-0.7090000000000001,0.6770544821226734,-2.9885764983045586,0.0
84,"([0, 0, 0, 0, 0, 1], [5])","([0.26, 0.15, 0.05, 0.3, 0.2, 0.05], [4])",-0.0,-0.0,-0.0,-0.0,-0.0,-0.7090000000000001,-0.7090000000000001,0.6770544821226734,-2.956630980427232,0.0
85,"([0, 0, 0, 0, 0, 1], [5])","([0.26, 0.15, 0.05, 0.3, 0.2, 0.05], [4])",-0.0,-0.0,-0.0,-0.0,-0.0,-0.7090000000000001,-0.7090000000000001,0.6770544821226734,-2.9246854625499052,0.0
86,"([0, 0, 0, 0, 0, 1], [5])","([0.26, 0.15, 0.05, 0.3, 0.2, 0.05], [3])",-0.0,-0.0,-0.0,-0.0,-0.0,-0.7090000000000001,-0.7090000000000001,0.6770544821226734,-2.8927399446725786,0.0
87,"([0, 0, 0, 0, 0, 1], [5])","([0.26, 0.15, 0.05, 0.3, 0.2, 0.05], [4])",-0.0,-0.0,-0.0,-0.0,-0.0,-0.7090000000000001,-0.7090000000000001,0.6770544821226734,-2.860794426795252,0.0
88,"([0, 0, 0, 0, 0, 1], [5])","([0.26, 0.15, 0.05, 0.3, 0.2, 0.05], [3])",-0.0,-0.0,-0.0,-0.0,-0.0,-0.7090000000000001,-0.7090000000000001,0.6770544821226734,-2.828848908917925,0.0
89,"([0, 0, 0, 0, 0, 1], [5])","([0.26, 0.15, 0.05, 0.3, 0.2, 0.05], [0])",-0.0,-0.0,-0.0,-0.0,-0.0,-0.7090000000000001,-0.7090000000000001,0.6770544821226734,-2.7969033910405985,0.0
90,"([0, 0, 0, 0, 0, 1], [5])","([0.26, 0.15, 0.05, 0.3, 0.2, 0.05], [0])",-0.0,-0.0,-0.0,-0.0,-0.0,-0.7090000000000001,-0.7090000000000001,0.6770544821226734,-2.764957873163272,0.0
91,"([0, 0, 0, 0, 0, 1], [5])","([0.26, 0.15, 0.05, 0.3, 0.2, 0.05], [2])",-0.0,-0.0,-0.0,-0.0,-0.0,-0.7090000000000001,-0.7090000000000001,0.6770544821226734,-2.733012355285945,0.0
92,"([0, 0, 0, 0, 0, 1], [5])","([0.26, 0.15, 0.05, 0.3, 0.2, 0.05], [0])",-0.0,-0.0,-0.0,-0.0,-0.0,-0.7090000000000001,-0.7090000000000001,0.6770544821226734,-2.7010668374086184,0.0
93,"([0, 0, 0, 0, 0, 1], [5])","([0.26, 0.15, 0.05, 0.3, 0.2, 0.05], [3])",-0.0,-0.0,-0.0,-0.0,-0.0,-0.7090000000000001,-0.7090000000000001,0.6770544821226734,-2.6691213195312917,0.0
94,"([0, 0, 0, 0, 0, 1], [5])","([0.26, 0.15, 0.05, 0.3, 0.2, 0.05], [3])",-0.0,-0.0,-0.0,-0.0,-0.0,-0.7090000000000001,-0.7090000000000001,0.6770544821226734,-2.637175801653965,0.0
95,"([0, 0, 0, 0, 0, 1], [5])","([0.26, 0.15, 0.05, 0.3, 0.2, 0.05], [3])",-0.0,-0.0,-0.0,-0.0,-0.0,-0.7090000000000001,-0.7090000000000001,0.6770544821226734,-2.6052302837766383,0.0
96,"([0, 0, 0, 0, 0, 1], [5])","([0.26, 0.15, 0.05, 0.3, 0.2, 0.05], [0])",-0.0,-0.0,-0.0,-0.0,-0.0,-0.7090000000000001,-0.7090000000000001,0.6770544821226734,-2.5732847658993117,0.0
97,"([0, 0, 0, 0, 0, 1], [5])","([0.26, 0.15, 0.05, 0.3, 0.2, 0.05], [3])",-0.0,-0.0,-0.0,-0.0,-0.0,-0.7090000000000001,-0.7090000000000001,0.6770544821226734,-2.541339248021985,0.0
98,"([0, 0, 0, 0, 0, 1], [5])","([0.26, 0.15, 0.05, 0.3, 0.2, 0.05], [4])",-0.0,-0.0,-0.0,-0.0,-0.0,-0.7090000000000001,-0.7090000000000001,0.6770544821226734,-2.5093937301446583,0.0
99,"([0, 0, 0, 0, 0, 1], [5])","([0.26, 0.15, 0.05, 0.3, 0.2, 0.05], [5])",-0.0,-0.0,-0.0,-0.0,-0.0,-0.0,0.0,0.6770544821226734,-3.1864482122673317,0.0
100,"([0, 0, 0, 0, 0, 1], [5])","([0.26, 0.15, 0.05, 0.3, 0.2, 0.05], [1])",-0.0,-0.0,-0.0,-0.0,-0.0,-0.7090000000000001,-0.7090000000000001,0.6770544821226734,-3.154502694390005,0.0
101,"([0, 0, 0, 0, 0, 1], [5])","([0.26, 0.15, 0.05, 0.3, 0.2, 0.05], [4])",-0.0,-0.0,-0.0,-0.0,-0.0,-0.7090000000000001,-0.7090000000000001,0.6770544821226734,-3.1225571765126783,0.0
102,"([0, 0, 0, 0, 0, 1], [5])","([0.26, 0.15, 0.05, 0.3, 0.2, 0.05], [0])",-0.0,-0.0,-0.0,-0.0,-0.0,-0.7090000000000001,-0.7090000000000001,0.6770544821226734,-3.0906116586353516,0.0
103,"([0, 0, 0, 0, 0, 1], [5])","([0.26, 0.15, 0.05, 0.3, 0.2, 0.05], [3])",-0.0,-0.0,-0.0,-0.0,-0.0,-0.7090000000000001,-0.7090000000000001,0.6770544821226734,-3.058666140758025,0.0
104,"([0, 0, 0, 0, 0, 1], [5])","([0.26, 0.15, 0.05, 0.3, 0.2, 0.05], [1])",-0.0,-0.0,-0.0,-0.0,-0.0,-0.7090000000000001,-0.7090000000000001,0.6770544821226734,-3.026720622880698,0.0
105,"([0, 0, 0, 0, 0, 1], [5])","([0.26, 0.15, 0.05, 0.3, 0.2, 0.05], [2])",-0.0,-0.0,-0.0,-0.0,-0.0,-0.7090000000000001,-0.7090000000000001,0.6770544821226734,-2.9947751050033715,0.0
106,"([0, 0, 0, 0, 0, 1], [5])","([0.26, 0.15, 0.05, 0.3, 0.2, 0.05], [4])",-0.0,-0.0,-0.0,-0.0,-0.0,-0.7090000000000001,-0.7090000000000001,0.6770544821226734,-2.962829587126045,0.0
107,"([0, 0, 0, 0, 0, 1], [5])","([0.26, 0.15, 0.05, 0.3, 0.2, 0.05], [1])",-0.0,-0.0,-0.0,-0.0,-0.0,-0.7090000000000001,-0.7090000000000001,0.6770544821226734,-2.930884069248718,0.0
108,"([0, 0, 0, 0, 0, 1], [5])","([0.26, 0.15, 0.05, 0.3, 0.2, 0.05], [4])",-0.0,-0.0,-0.0,-0.0,-0.0,-0.7090000000000001,-0.7090000000000001,0.6770544821226734,-2.8989385513713914,0.0
109,"([0, 0, 0, 0, 0, 1], [5])","([0.26, 0.15, 0.05, 0.3, 0.2, 0.05], [4])",-0.0,-0.0,-0.0,-0.0,-0.0,-0.7090000000000001,-0.7090000000000001,0.6770544821226734,-2.8669930334940648,0.0
110,"([0, 0, 0, 0, 0, 1], [5])","([0.26, 0.15, 0.05, 0.3, 0.2, 0.05], [1])",-0.0,-0.0,-0.0,-0.0,-0.0,-0.7090000000000001,-0.7090000000000001,0.6770544821226734,-2.835047515616738,0.0
111,"([0, 0, 0, 0, 0, 1], [5])","([0.26, 0.15, 0.05, 0.3, 0.2, 0.05], [3])",-0.0,-0.0,-0.0,-0.0,-0.0,-0.7090000000000001,-0.7090000000000001,0.6770544821226734,-2.8031019977394114,0.0
112,"([0, 0, 0, 0, 0, 1], [5])","([0.26, 0.15, 0.05, 0.3, 0.2, 0.05], [0])",-0.0,-0.0,-0.0,-0.0,-0.0,-0.7090000000000001,-0.7090000000000001,0.6770544821226734,-2.7711564798620847,0.0
113,"([0, 0, 0, 0, 0, 1], [5])","([0.26, 0.15, 0.05, 0.3, 0.2, 0.05], [1])",-0.0,-0.0,-0.0,-0.0,-0.0,-0.7090000000000001,-0.7090000000000001,0.6770544821226734,-2.739210961984758,0.0
114,"([0, 0, 0, 0, 0, 1], [5])","([0.26, 0.15, 0.05, 0.3, 0.2, 0.05], [0])",-0.0,-0.0,-0.0,-0.0,-0.0,-0.7090000000000001,-0.7090000000000001,0.6770544821226734,-2.7072654441074313,0.0
115,"([0, 0, 0, 0, 0, 1], [5])","([0.26, 0.15, 0.05, 0.3, 0.2, 0.05], [3])",-0.0,-0.0,-0.0,-0.0,-0.0,-0.7090000000000001,-0.7090000000000001,0.6770544821226734,-2.6753199262301046,0.0
116,"([0, 0, 0, 0, 0, 1], [5])","([0.26, 0.15, 0.05, 0.3, 0.2, 0.05], [1])",-0.0,-0.0,-0.0,-0.0,-0.0,-0.7090000000000001,-0.7090000000000001,0.6770544821226734,-2.643374408352778,0.0
117,"([0, 0, 0, 0, 0, 1], [5])","([0.26, 0.15, 0.05, 0.3, 0.2, 0.05], [3])",-0.0,-0.0,-0.0,-0.0,-0.0,-0.7090000000000001,-0.7090000000000001,0.6770544821226734,-2.6114288904754512,0.0
118,"([0, 0, 0, 0, 0, 1], [5])","([0.26, 0.15, 0.05, 0.3, 0.2, 0.05], [0])",-0.0,-0.0,-0.0,-0.0,-0.0,-0.7090000000000001,-0.7090000000000001,0.6770544821226734,-2.5794833725981245,0.0
119,"([0, 0, 0, 0, 0, 1], [5])","([0.26, 0.15, 0.05, 0.3, 0.2, 0.05], [0])",-0.0,-0.0,-0.0,-0.0,-0.0,-0.7090000000000001,-0.7090000000000001,0.6770544821226734,-2.547537854720798,0.0
120,"([0, 0, 0, 0, 0, 1], [5])","([0.26, 0.15, 0.05, 0.3, 0.2, 0.05], [0])",-0.0,-0.0,-0.0,-0.0,-0.0,-0.7090000000000001,-0.7090000000000001,0.6770544821226734,-2.515592336843471,0.0
121,"([0, 0, 0, 0, 0, 1], [5])","([0.26, 0.15, 0.05, 0.3, 0.2, 0.05], [5])",-0.0,-0.0,-0.0,-0.0,-0.0,-0.0,0.0,0.6770544821226734,-3.1926468189661446,0.0
122,"([0, 0, 0, 0, 0, 1], [5])","([0.26, 0.15, 0.05, 0.3, 0.2, 0.05], [3])",-0.0,-0.0,-0.0,-0.0,-0.0,-0.7090000000000001,-0.7090000000000001,0.6770544821226734,-3.160701301088818,0.0
123,"([0, 0, 0, 0, 0, 1], [5])","([0.26, 0.15, 0.05, 0.3, 0.2, 0.05], [4])",-0.0,-0.0,-0.0,-0.0,-0.0,-0.7090000000000001,-0.7090000000000001,0.6770544821226734,-3.128755783211491,0.0
124,"([0, 0, 0, 0, 0, 1], [5])","([0.26, 0.15, 0.05, 0.3, 0.2, 0.05], [3])",-0.0,-0.0,-0.0,-0.0,-0.0,-0.7090000000000001,-0.7090000000000001,0.6770544821226734,-3.0968102653341645,0.0
125,"([0, 0, 0, 0, 0, 1], [5])","([0.26, 0.15, 0.05, 0.3, 0.2, 0.05], [0])",-0.0,-0.0,-0.0,-0.0,-0.0,-0.7090000000000001,-0.7090000000000001,0.6770544821226734,-3.064864747456838,0.0
126,"([0, 0, 0, 0, 0, 1], [5])","([0.26, 0.15, 0.05, 0.3, 0.2, 0.05], [1])",-0.0,-0.0,-0.0,-0.0,-0.0,-0.7090000000000001,-0.7090000000000001,0.6770544821226734,-3.032919229579511,0.0
127,"([0, 0, 0, 0, 0, 1], [5])","([0.26, 0.15, 0.05, 0.3, 0.2, 0.05], [0])",-0.0,-0.0,-0.0,-0.0,-0.0,-0.7090000000000001,-0.7090000000000001,0.6770544821226734,-3.0009737117021844,0.0
128,"([0, 0, 0, 0, 0, 1], [5])","([0.26, 0.15, 0.05, 0.3, 0.2, 0.05], [4])",-0.0,-0.0,-0.0,-0.0,-0.0,-0.7090000000000001,-0.7090000000000001,0.6770544821226734,-2.9690281938248577,0.0
129,"([0, 0, 0, 0, 0, 1], [5])","([0.26, 0.15, 0.05, 0.3, 0.2, 0.05], [3])",-0.0,-0.0,-0.0,-0.0,-0.0,-0.7090000000000001,-0.7090000000000001,0.6770544821226734,-2.937082675947531,0.0
130,"([0, 0, 0, 0, 0, 1], [5])","([0.26, 0.15, 0.05, 0.3, 0.2, 0.05], [4])",-0.0,-0.0,-0.0,-0.0,-0.0,-0.7090000000000001,-0.7090000000000001,0.6770544821226734,-2.9051371580702043,0.0
131,"([0, 0, 0, 0, 0, 1], [5])","([0.26, 0.15, 0.05, 0.3, 0.2, 0.05], [0])",-0.0,-0.0,-0.0,-0.0,-0.0,-0.7090000000000001,-0.7090000000000001,0.6770544821226734,-2.8731916401928776,0.0
132,"([0, 0, 0, 0, 0, 1], [5])","([0.26, 0.15, 0.05, 0.3, 0.2, 0.05], [4])",-0.0,-0.0,-0.0,-0.0,-0.0,-0.7090000000000001,-0.7090000000000001,0.6770544821226734,-2.841246122315551,0.0
133,"([0, 0, 0, 0, 0, 1], [5])","([0.26, 0.15, 0.05, 0.3, 0.2, 0.05], [3])",-0.0,-0.0,-0.0,-0.0,-0.0,-0.7090000000000001,-0.7090000000000001,0.6770544821226734,-2.8093006044382243,0.0
134,"([0, 0, 0, 0, 0, 1], [5])","([0.26, 0.15, 0.05, 0.3, 0.2, 0.05], [3])",-0.0,-0.0,-0.0,-0.0,-0.0,-0.7090000000000001,-0.7090000000000001,0.6770544821226734,-2.7773550865608976,0.0
135,"([0, 0, 0, 0, 0, 1], [5])","([0.26, 0.15, 0.05, 0.3, 0.2, 0.05], [0])",-0.0,-0.0,-0.0,-0.0,-0.0,-0.7090000000000001,-0.7090000000000001,0.6770544821226734,-2.745409568683571,0.0
136,"([0, 0, 0, 0, 0, 1], [5])","([0.26, 0.15, 0.05, 0.3, 0.2, 0.05], [2])",-0.0,-0.0,-0.0,-0.0,-0.0,-0.7090000000000001,-0.7090000000000001,0.6770544821226734,-2.713464050806244,0.0
137,"([0, 0, 0, 0, 0, 1], [5])","([0.26, 0.15, 0.05, 0.3, 0.2, 0.05], [4])",-0.0,-0.0,-0.0,-0.0,-0.0,-0.7090000000000001,-0.7090000000000001,0.6770544821226734,-2.6815185329289175,0.0
138,"([0, 0, 0, 0, 0, 1], [5])","([0.26, 0.15, 0.05, 0.3, 0.2, 0.05], [5])",-0.0,-0.0,-0.0,-0.0,-0.0,-0.0,0.0,0.6770544821226734,-3.358573015051591,0.0
139,"([0, 0, 0, 0, 0, 1], [5])","([0.26, 0.15, 0.05, 0.3, 0.2, 0.05], [3])",-0.0,-0.0,-0.0,-0.0,-0.0,-0.7090000000000001,-0.7090000000000001,0.6770544821226734,-3.326627497174264,0.0
140,"([0, 0, 0, 0, 0, 1], [5])","([0.26, 0.15, 0.05, 0.3, 0.2, 0.05], [0])",-0.0,-0.0,-0.0,-0.0,-0.0,-0.7090000000000001,-0.7090000000000001,0.6770544821226734,-3.2946819792969375,0.0
141,"([0, 0, 0, 0, 0, 1], [5])","([0.26, 0.15, 0.05, 0.3, 0.2, 0.05], [0])",-0.0,-0.0,-0.0,-0.0,-0.0,-0.7090000000000001,-0.7090000000000001,0.6770544821226734,-3.262736461419611,0.0
142,"([0, 0, 0, 0, 0, 1], [5])","([0.26, 0.15, 0.05, 0.3, 0.2, 0.05], [3])",-0.0,-0.0,-0.0,-0.0,-0.0,-0.7090000000000001,-0.7090000000000001,0.6770544821226734,-3.230790943542284,0.0
143,"([0, 0, 0, 0, 0, 1], [5])","([0.26, 0.15, 0.05, 0.3, 0.2, 0.05], [3])",-0.0,-0.0,-0.0,-0.0,-0.0,-0.7090000000000001,-0.7090000000000001,0.6770544821226734,-3.1988454256649574,0.0
144,"([0, 0, 0, 0, 0, 1], [5])","([0.26, 0.15, 0.05, 0.3, 0.2, 0.05], [1])",-0.0,-0.0,-0.0,-0.0,-0.0,-0.7090000000000001,-0.7090000000000001,0.6770544821226734,-3.1668999077876308,0.0
145,"([0, 0, 0, 0, 0, 1], [5])","([0.26, 0.15, 0.05, 0.3, 0.2, 0.05], [0])",-0.0,-0.0,-0.0,-0.0,-0.0,-0.7090000000000001,-0.7090000000000001,0.6770544821226734,-3.134954389910304,0.0
146,"([0, 0, 0, 0, 0, 1], [5])","([0.26, 0.15, 0.05, 0.3, 0.2, 0.05], [0])",-0.0,-0.0,-0.0,-0.0,-0.0,-0.7090000000000001,-0.7090000000000001,0.6770544821226734,-3.1030088720329774,0.0
147,"([0, 0, 0, 0, 0, 1], [5])","([0.26, 0.15, 0.05, 0.3, 0.2, 0.05], [0])",-0.0,-0.0,-0.0,-0.0,-0.0,-0.7090000000000001,-0.7090000000000001,0.6770544821226734,-3.0710633541556507,0.0
148,"([0, 0, 0, 0, 0, 1], [5])","([0.26, 0.15, 0.05, 0.3, 0.2, 0.05], [1])",-0.0,-0.0,-0.0,-0.0,-0.0,-0.7090000000000001,-0.7090000000000001,0.6770544821226734,-3.039117836278324,0.0
149,"([0, 0, 0, 0, 0, 1], [5])","([0.26, 0.15, 0.05, 0.3, 0.2, 0.05], [0])",-0.0,-0.0,-0.0,-0.0,-0.0,-0.7090000000000001,-0.7090000000000001,0.6770544821226734,-3.0071723184009973,0.0
150,"([0, 0, 0, 0, 0, 1], [5])","([0.26, 0.15, 0.05, 0.3, 0.2, 0.05], [0])",-0.0,-0.0,-0.0,-0.0,-0.0,-0.7090000000000001,-0.7090000000000001,0.6770544821226734,-2.9752268005236706,0.0
151,"([0, 0, 0, 0, 0, 1], [5])","([0.26, 0.15, 0.05, 0.3, 0.2, 0.05], [4])",-0.0,-0.0,-0.0,-0.0,-0.0,-0.7090000000000001,-0.7090000000000001,0.6770544821226734,-2.943281282646344,0.0
152,"([0, 0, 0, 0, 0, 1], [5])","([0.26, 0.15, 0.05, 0.3, 0.2, 0.05], [1])",-0.0,-0.0,-0.0,-0.0,-0.0,-0.7090000000000001,-0.7090000000000001,0.6770544821226734,-2.9113357647690172,0.0
153,"([0, 0, 0, 0, 0, 1], [5])","([0.26, 0.15, 0.05, 0.3, 0.2, 0.05], [0])",-0.0,-0.0,-0.0,-0.0,-0.0,-0.7090000000000001,-0.7090000000000001,0.6770544821226734,-2.8793902468916905,0.0
154,"([0, 0, 0, 0, 0, 1], [5])","([0.26, 0.15, 0.05, 0.3, 0.2, 0.05], [4])",-0.0,-0.0,-0.0,-0.0,-0.0,-0.7090000000000001,-0.7090000000000001,0.6770544821226734,-2.847444729014364,0.0
155,"([0, 0, 0, 0, 0, 1], [5])","([0.26, 0.15, 0.05, 0.3, 0.2, 0.05], [4])",-0.0,-0.0,-0.0,-0.0,-0.0,-0.7090000000000001,-0.7090000000000001,0.6770544821226734,-2.815499211137037,0.0
156,"([0, 0, 0, 0, 0, 1], [5])","([0.26, 0.15, 0.05, 0.3, 0.2, 0.05], [3])",-0.0,-0.0,-0.0,-0.0,-0.0,-0.7090000000000001,-0.7090000000000001,0.6770544821226734,-2.7835536932597105,0.0
157,"([0, 0, 0, 0, 0, 1], [5])","([0.26, 0.15, 0.05, 0.3, 0.2, 0.05], [0])",-0.0,-0.0,-0.0,-0.0,-0.0,-0.7090000000000001,-0.7090000000000001,0.6770544821226734,-2.751608175382384,0.0
158,"([0, 0, 0, 0, 0, 1], [5])","([0.26, 0.15, 0.05, 0.3, 0.2, 0.05], [2])",-0.0,-0.0,-0.0,-0.0,-0.0,-0.7090000000000001,-0.7090000000000001,0.6770544821226734,-2.719662657505057,0.0
159,"([0, 0, 0, 0, 0, 1], [5])","([0.26, 0.15, 0.05, 0.3, 0.2, 0.05], [3])",-0.0,-0.0,-0.0,-0.0,-0.0,-0.7090000000000001,-0.7090000000000001,0.6770544821226734,-2.6877171396277304,0.0
160,"([0, 0, 0, 0, 0, 1], [5])","([0.26, 0.15, 0.05, 0.3, 0.2, 0.05], [3])",-0.0,-0.0,-0.0,-0.0,-0.0,-0.7090000000000001,-0.7090000000000001,0.6770544821226734,-2.6557716217504037,0.0
161,"([0, 0, 0, 0, 0, 1], [5])","([0.26, 0.15, 0.05, 0.3, 0.2, 0.05], [3])",-0.0,-0.0,-0.0,-0.0,-0.0,-0.7090000000000001,-0.7090000000000001,0.6770544821226734,-2.623826103873077,0.0
162,"([0, 0, 0, 0, 0, 1], [5])","([0.26, 0.15, 0.05, 0.3, 0.2, 0.05], [3])",-0.0,-0.0,-0.0,-0.0,-0.0,-0.7090000000000001,-0.7090000000000001,0.6770544821226734,-2.5918805859957503,0.0
163,"([0, 0, 0, 0, 0, 1], [5])","([0.26, 0.15, 0.05, 0.3, 0.2, 0.05], [1])",-0.0,-0.0,-0.0,-0.0,-0.0,-0.7090000000000001,-0.7090000000000001,0.6770544821226734,-2.5599350681184236,0.0
164,"([0, 0, 0, 0, 0, 1], [5])","([0.26, 0.15, 0.05, 0.3, 0.2, 0.05], [4])",-0.0,-0.0,-0.0,-0.0,-0.0,-0.7090000000000001,-0.7090000000000001,0.6770544821226734,-2.527989550241097,0.0
165,"([0, 0, 0, 0, 0, 1], [5])","([0.26, 0.15, 0.05, 0.3, 0.2, 0.05], [4])",-0.0,-0.0,-0.0,-0.0,-0.0,-0.7090000000000001,-0.7090000000000001,0.6770544821226734,-2.4960440323637703,0.0
166,"([0, 0, 0, 0, 0, 1], [5])","([0.26, 0.15, 0.05, 0.3, 0.2, 0.05], [3])",-0.0,-0.0,-0.0,-0.0,-0.0,-0.7090000000000001,-0.7090000000000001,0.6770544821226734,-2.4640985144864436,0.0
167,"([0, 0, 0, 0, 0, 1], [5])","([0.26, 0.15, 0.05, 0.3, 0.2, 0.05], [3])",-0.0,-0.0,-0.0,-0.0,-0.0,-0.7090000000000001,-0.7090000000000001,0.6770544821226734,-2.432152996609117,0.0
168,"([0, 0, 0, 0, 0, 1], [5])","([0.26, 0.15, 0.05, 0.3, 0.2, 0.05], [0])",-0.0,-0.0,-0.0,-0.0,-0.0,-0.7090000000000001,-0.7090000000000001,0.6770544821226734,-2.40020747873179,0.0
169,"([0, 0, 0, 0, 0, 1], [5])","([0.26, 0.15, 0.05, 0.3, 0.2, 0.05], [0])",-0.0,-0.0,-0.0,-0.0,-0.0,-0.7090000000000001,-0.7090000000000001,0.6770544821226734,-2.3682619608544635,0.0
170,"([0, 0, 0, 0, 0, 1], [5])","([0.26, 0.15, 0.05, 0.3, 0.2, 0.05], [0])",-0.0,-0.0,-0.0,-0.0,-0.0,-0.7090000000000001,-0.7090000000000001,0.6770544821226734,-2.336316442977137,0.0
171,"([0, 0, 0, 0, 0, 1], [5])","([0.26, 0.15, 0.05, 0.3, 0.2, 0.05], [0])",-0.0,-0.0,-0.0,-0.0,-0.0,-0.7090000000000001,-0.7090000000000001,0.6770544821226734,-2.30437092509981,0.0
172,"([0, 0, 0, 0, 0, 1], [5])","([0.26, 0.15, 0.05, 0.3, 0.2, 0.05], [1])",-0.0,-0.0,-0.0,-0.0,-0.0,-0.7090000000000001,-0.7090000000000001,0.6770544821226734,-2.2724254072224834,0.0
173,"([0, 0, 0, 0, 0, 1], [5])","([0.26, 0.15, 0.05, 0.3, 0.2, 0.05], [3])",-0.0,-0.0,-0.0,-0.0,-0.0,-0.7090000000000001,-0.7090000000000001,0.6770544821226734,-2.2404798893451567,0.0
174,"([0, 0, 0, 0, 0, 1], [5])","([0.26, 0.15, 0.05, 0.3, 0.2, 0.05], [3])",-0.0,-0.0,-0.0,-0.0,-0.0,-0.7090000000000001,-0.7090000000000001,0.6770544821226734,-2.20853437146783,0.0
175,"([0, 0, 0, 0, 0, 1], [5])","([0.26, 0.15, 0.05, 0.3, 0.2, 0.05], [4])",-0.0,-0.0,-0.0,-0.0,-0.0,-0.7090000000000001,-0.7090000000000001,0.6770544821226734,-2.1765888535905034,0.0
176,"([0, 0, 0, 0, 0, 1], [5])","([0.26, 0.15, 0.05, 0.3, 0.2, 0.05], [4])",-0.0,-0.0,-0.0,-0.0,-0.0,-0.7090000000000001,-0.7090000000000001,0.6770544821226734,-2.1446433357131767,0.0
177,"([0, 0, 0, 0, 0, 1], [5])","([0.26, 0.15, 0.05, 0.3, 0.2, 0.05], [4])",-0.0,-0.0,-0.0,-0.0,-0.0,-0.7090000000000001,-0.7090000000000001,0.6770544821226734,-2.11269781783585,0.0
178,"([0, 0, 0, 0, 0, 1], [5])","([0.26, 0.15, 0.05, 0.3, 0.2, 0.05], [0])",-0.0,-0.0,-0.0,-0.0,-0.0,-0.7090000000000001,-0.7090000000000001,0.6770544821226734,-2.0807522999585233,0.0
179,"([0, 0, 0, 0, 0, 1], [5])","([0.26, 0.15, 0.05, 0.3, 0.2, 0.05], [3])",-0.0,-0.0,-0.0,-0.0,-0.0,-0.7090000000000001,-0.7090000000000001,0.6770544821226734,-2.0488067820811966,0.0
180,"([0, 0, 0, 0, 0, 1], [5])","([0.26, 0.15, 0.05, 0.3, 0.2, 0.05], [3])",-0.0,-0.0,-0.0,-0.0,-0.0,-0.7090000000000001,-0.7090000000000001,0.6770544821226734,-2.01686126420387,0.0
181,"([0, 0, 0, 0, 0, 1], [5])","([0.26, 0.15, 0.05, 0.3, 0.2, 0.05], [0])",-0.0,-0.0,-0.0,-0.0,-0.0,-0.7090000000000001,-0.7090000000000001,0.6770544821226734,-1.9849157463265432,0.0
182,"([0, 0, 0, 0, 0, 1], [5])","([0.26, 0.15, 0.05, 0.3, 0.2, 0.05], [4])",-0.0,-0.0,-0.0,-0.0,-0.0,-0.7090000000000001,-0.7090000000000001,0.6770544821226734,-1.9529702284492165,0.0
183,"([0, 0, 0, 0, 0, 1], [5])","([0.26, 0.15, 0.05, 0.3, 0.2, 0.05], [0])",-0.0,-0.0,-0.0,-0.0,-0.0,-0.7090000000000001,-0.7090000000000001,0.6770544821226734,-1.9210247105718898,0.0
184,"([0, 0, 0, 0, 0, 1], [5])","([0.26, 0.15, 0.05, 0.3, 0.2, 0.05], [3])",-0.0,-0.0,-0.0,-0.0,-0.0,-0.7090000000000001,-0.7090000000000001,0.6770544821226734,-1.8890791926945631,0.0
185,"([0, 0, 0, 0, 0, 1], [5])","([0.26, 0.15, 0.05, 0.3, 0.2, 0.05], [1])",-0.0,-0.0,-0.0,-0.0,-0.0,-0.7090000000000001,-0.7090000000000001,0.6770544821226734,-1.8571336748172365,0.0
186,"([0, 0, 0, 0, 0, 1], [5])","([0.26, 0.15, 0.05, 0.3, 0.2, 0.05], [0])",-0.0,-0.0,-0.0,-0.0,-0.0,-0.7090000000000001,-0.7090000000000001,0.6770544821226734,-1.8251881569399098,0.0
187,"([0, 0, 0, 0, 0, 1], [5])","([0.26, 0.15, 0.05, 0.3, 0.2, 0.05], [0])",-0.0,-0.0,-0.0,-0.0,-0.0,-0.7090000000000001,-0.7090000000000001,0.6770544821226734,-1.793242639062583,0.0
188,"([0, 0, 0, 0, 0, 1], [5])","([0.26, 0.15, 0.05, 0.3, 0.2, 0.05], [3])",-0.0,-0.0,-0.0,-0.0,-0.0,-0.7090000000000001,-0.7090000000000001,0.6770544821226734,-1.7612971211852564,0.0
189,"([0, 0, 0, 0, 0, 1], [5])","([0.26, 0.15, 0.05, 0.3, 0.2, 0.05], [0])",-0.0,-0.0,-0.0,-0.0,-0.0,-0.7090000000000001,-0.7090000000000001,0.6770544821226734,-1.7293516033079297,0.0
190,"([0, 0, 0, 0, 0, 1], [5])","([0.26, 0.15, 0.05, 0.3, 0.2, 0.05], [1])",-0.0,-0.0,-0.0,-0.0,-0.0,-0.7090000000000001,-0.7090000000000001,0.6770544821226734,-1.697406085430603,0.0
191,"([0, 0, 0, 0, 0, 1], [5])","([0.26, 0.15, 0.05, 0.3, 0.2, 0.05], [3])",-0.0,-0.0,-0.0,-0.0,-0.0,-0.7090000000000001,-0.7090000000000001,0.6770544821226734,-1.6654605675532763,0.0
192,"([0, 0, 0, 0, 0, 1], [5])","([0.26, 0.15, 0.05, 0.3, 0.2, 0.05], [4])",-0.0,-0.0,-0.0,-0.0,-0.0,-0.7090000000000001,-0.7090000000000001,0.6770544821226734,-1.6335150496759496,0.0
193,"([0, 0, 0, 0, 0, 1], [5])","([0.26, 0.15, 0.05, 0.3, 0.2, 0.05], [3])",-0.0,-0.0,-0.0,-0.0,-0.0,-0.7090000000000001,-0.7090000000000001,0.6770544821226734,-1.601569531798623,0.0
194,"([0, 0, 0, 0, 0, 1], [5])","([0.26, 0.15, 0.05, 0.3, 0.2, 0.05], [2])",-0.0,-0.0,-0.0,-0.0,-0.0,-0.7090000000000001,-0.7090000000000001,0.6770544821226734,-1.5696240139212962,0.0
195,"([0, 0, 0, 0, 0, 1], [5])","([0.26, 0.15, 0.05, 0.3, 0.2, 0.05], [3])",-0.0,-0.0,-0.0,-0.0,-0.0,-0.7090000000000001,-0.7090000000000001,0.6770544821226734,-1.5376784960439696,0.0
196,"([0, 0, 0, 0, 0, 1], [5])","([0.26, 0.15, 0.05, 0.3, 0.2, 0.05], [1])",-0.0,-0.0,-0.0,-0.0,-0.0,-0.7090000000000001,-0.7090000000000001,0.6770544821226734,-1.5057329781666429,0.0
197,"([0, 0, 0, 0, 0, 1], [5])","([0.26, 0.15, 0.05, 0.3, 0.2, 0.05], [3])",-0.0,-0.0,-0.0,-0.0,-0.0,-0.7090000000000001,-0.7090000000000001,0.6770544821226734,-1.4737874602893162,0.0
198,"([0, 0, 0, 0, 0, 1], [5])","([0.26, 0.15, 0.05, 0.3, 0.2, 0.05], [1])",-0.0,-0.0,-0.0,-0.0,-0.0,-0.7090000000000001,-0.7090000000000001,0.6770544821226734,-1.4418419424119895,0.0
199,"([0, 0, 0, 0, 0, 1], [5])","([0.26, 0.15, 0.05, 0.3, 0.2, 0.05], [4])",-0.0,-0.0,-0.0,-0.0,-0.0,-0.7090000000000001,-0.7090000000000001,0.6770544821226734,-1.4098964245346628,0.0
