,sto-1,FB-0,feedback target 0,feedback target 1,feedback target 2,feedback target 3,feedback target 4,feedback target 5,total,exp_loss,actual_regret,exp_regret
0,"([0.05, 0.5, 0.09, 0.14, 0.23, 0.0], [1])","([0, 1, 0, 0, 0, 0], [1])",-0.0,-0.0,-0.0,-0.0,-0.0,-0.0,0.0,0.3851411411411412,-0.3851411411411412,0.0
1,"([0.05, 0.5, 0.09, 0.14, 0.23, 0.0], [1])","([0, 1, 0, 0, 0, 0], [1])",-0.0,-0.0,-0.0,-0.0,-0.0,-0.0,0.0,0.3851411411411412,-0.7702822822822823,0.0
2,"([0.05, 0.5, 0.09, 0.14, 0.23, 0.0], [2])","([0, 1, 0, 0, 0, 0], [1])",-0.0,-0.0,-0.7390000000000001,-0.0,-0.0,-0.0,-0.7390000000000001,0.3851411411411412,-0.4164234234234234,0.0
3,"([0.05, 0.5, 0.09, 0.14, 0.23, 0.0], [1])","([0, 1, 0, 0, 0, 0], [1])",-0.0,-0.0,-0.0,-0.0,-0.0,-0.0,0.0,0.3851411411411412,-0.8015645645645646,0.0
4,"([0.05, 0.5, 0.09, 0.14, 0.23, 0.0], [1])","([0, 1, 0, 0, 0, 0], [1])",-0.0,-0.0,-0.0,-0.0,-0.0,-0.0,0.0,0.3851411411411412,-1.1867057057057058,0.0
5,"([0.05, 0.5, 0.09, 0.14, 0.23, 0.0], [1])","([0, 1, 0, 0, 0, 0], [1])",-0.0,-0.0,-0.0,-0.0,-0.0,-0.0,0.0,0.3851411411411412,-1.571846846846847,0.0
6,"([0.05, 0.5, 0.09, 0.14, 0.23, 0.0], [4])","([0, 1, 0, 0, 0, 0], [1])",-0.0,-0.0,-0.0,-0.0,-0.8190000000000001,-0.0,-0.8190000000000001,0.3851411411411412,-1.1379879879879882,0.0
7,"([0.05, 0.5, 0.09, 0.14, 0.23, 0.0], [1])","([0, 1, 0, 0, 0, 0], [1])",-0.0,-0.0,-0.0,-0.0,-0.0,-0.0,0.0,0.3851411411411412,-1.5231291291291293,0.0
8,"([0.05, 0.5, 0.09, 0.14, 0.23, 0.0], [1])","([0, 1, 0, 0, 0, 0], [1])",-0.0,-0.0,-0.0,-0.0,-0.0,-0.0,0.0,0.3851411411411412,-1.9082702702702705,0.0
9,"([0.05, 0.5, 0.09, 0.14, 0.23, 0.0], [1])","([0, 1, 0, 0, 0, 0], [1])",-0.0,-0.0,-0.0,-0.0,-0.0,-0.0,0.0,0.3851411411411412,-2.2934114114114115,0.0
10,"([0.05, 0.5, 0.09, 0.14, 0.23, 0.0], [4])","([0, 1, 0, 0, 0, 0], [1])",-0.0,-0.0,-0.0,-0.0,-0.8190000000000001,-0.0,-0.8190000000000001,0.3851411411411412,-1.8595525525525525,0.0
11,"([0.05, 0.5, 0.09, 0.14, 0.23, 0.0], [1])","([0, 1, 0, 0, 0, 0], [1])",-0.0,-0.0,-0.0,-0.0,-0.0,-0.0,0.0,0.3851411411411412,-2.2446936936936934,0.0
12,"([0.05, 0.5, 0.09, 0.14, 0.23, 0.0], [2])","([0, 1, 0, 0, 0, 0], [1])",-0.0,-0.0,-0.7390000000000001,-0.0,-0.0,-0.0,-0.7390000000000001,0.3851411411411412,-1.8908348348348345,0.0
13,"([0.05, 0.5, 0.09, 0.14, 0.23, 0.0], [0])","([0, 1, 0, 0, 0, 0], [1])",-0.747,-0.0,-0.0,-0.0,-0.0,-0.0,-0.747,0.3851411411411412,-1.5289759759759756,0.0
14,"([0.05, 0.5, 0.09, 0.14, 0.23, 0.0], [2])","([0, 1, 0, 0, 0, 0], [1])",-0.0,-0.0,-0.7390000000000001,-0.0,-0.0,-0.0,-0.7390000000000001,0.3851411411411412,-1.1751171171171166,0.0
15,"([0.05, 0.5, 0.09, 0.14, 0.23, 0.0], [4])","([0, 1, 0, 0, 0, 0], [1])",-0.0,-0.0,-0.0,-0.0,-0.8190000000000001,-0.0,-0.8190000000000001,0.3851411411411412,-0.7412582582582578,0.0
16,"([0.05, 0.5, 0.09, 0.14, 0.23, 0.0], [1])","([0, 1, 0, 0, 0, 0], [1])",-0.0,-0.0,-0.0,-0.0,-0.0,-0.0,0.0,0.3851411411411412,-1.126399399399399,0.0
17,"([0.05, 0.5, 0.09, 0.14, 0.23, 0.0], [4])","([0, 1, 0, 0, 0, 0], [1])",-0.0,-0.0,-0.0,-0.0,-0.8190000000000001,-0.0,-0.8190000000000001,0.3851411411411412,-0.6925405405405402,0.0
18,"([0.05, 0.5, 0.09, 0.14, 0.23, 0.0], [4])","([0, 1, 0, 0, 0, 0], [1])",-0.0,-0.0,-0.0,-0.0,-0.8190000000000001,-0.0,-0.8190000000000001,0.3851411411411412,-0.25868168168168126,0.0
19,"([0.05, 0.5, 0.09, 0.14, 0.23, 0.0], [3])","([0, 1, 0, 0, 0, 0], [1])",-0.0,-0.0,-0.0,-0.7170000000000001,-0.0,-0.0,-0.7170000000000001,0.3851411411411412,0.07317717717717764,0.0
20,"([0.05, 0.5, 0.09, 0.14, 0.23, 0.0], [1])","([0, 1, 0, 0, 0, 0], [1])",-0.0,-0.0,-0.0,-0.0,-0.0,-0.0,0.0,0.3851411411411412,-0.31196396396396353,0.0
21,"([0.05, 0.5, 0.09, 0.14, 0.23, 0.0], [1])","([0, 1, 0, 0, 0, 0], [1])",-0.0,-0.0,-0.0,-0.0,-0.0,-0.0,0.0,0.3851411411411412,-0.6971051051051047,0.0
22,"([0.05, 0.5, 0.09, 0.14, 0.23, 0.0], [3])","([0, 1, 0, 0, 0, 0], [1])",-0.0,-0.0,-0.0,-0.7170000000000001,-0.0,-0.0,-0.7170000000000001,0.3851411411411412,-0.3652462462462458,0.0
23,"([0.05, 0.5, 0.09, 0.14, 0.23, 0.0], [1])","([0, 1, 0, 0, 0, 0], [1])",-0.0,-0.0,-0.0,-0.0,-0.0,-0.0,0.0,0.3851411411411412,-0.750387387387387,0.0
24,"([0.05, 0.5, 0.09, 0.14, 0.23, 0.0], [1])","([0, 1, 0, 0, 0, 0], [1])",-0.0,-0.0,-0.0,-0.0,-0.0,-0.0,0.0,0.3851411411411412,-1.1355285285285281,0.0
25,"([0.05, 0.5, 0.09, 0.14, 0.23, 0.0], [4])","([0, 1, 0, 0, 0, 0], [1])",-0.0,-0.0,-0.0,-0.0,-0.8190000000000001,-0.0,-0.8190000000000001,0.3851411411411412,-0.7016696696696693,0.0
26,"([0.05, 0.5, 0.09, 0.14, 0.23, 0.0], [3])","([0, 1, 0, 0, 0, 0], [1])",-0.0,-0.0,-0.0,-0.7170000000000001,-0.0,-0.0,-0.7170000000000001,0.3851411411411412,-0.36981081081081035,0.0
27,"([0.05, 0.5, 0.09, 0.14, 0.23, 0.0], [4])","([0, 1, 0, 0, 0, 0], [1])",-0.0,-0.0,-0.0,-0.0,-0.8190000000000001,-0.0,-0.8190000000000001,0.3851411411411412,0.06404804804804853,0.0
28,"([0.05, 0.5, 0.09, 0.14, 0.23, 0.0], [4])","([0, 1, 0, 0, 0, 0], [1])",-0.0,-0.0,-0.0,-0.0,-0.8190000000000001,-0.0,-0.8190000000000001,0.3851411411411412,0.4979069069069074,0.0
29,"([0.05, 0.5, 0.09, 0.14, 0.23, 0.0], [3])","([0, 1, 0, 0, 0, 0], [1])",-0.0,-0.0,-0.0,-0.7170000000000001,-0.0,-0.0,-0.7170000000000001,0.3851411411411412,0.8297657657657663,0.0
30,"([0.05, 0.5, 0.09, 0.14, 0.23, 0.0], [1])","([0, 1, 0, 0, 0, 0], [1])",-0.0,-0.0,-0.0,-0.0,-0.0,-0.0,0.0,0.3851411411411412,0.44462462462462515,0.0
31,"([0.05, 0.5, 0.09, 0.14, 0.23, 0.0], [1])","([0, 1, 0, 0, 0, 0], [1])",-0.0,-0.0,-0.0,-0.0,-0.0,-0.0,0.0,0.3851411411411412,0.05948348348348398,0.0
32,"([0.05, 0.5, 0.09, 0.14, 0.23, 0.0], [4])","([0, 1, 0, 0, 0, 0], [1])",-0.0,-0.0,-0.0,-0.0,-0.8190000000000001,-0.0,-0.8190000000000001,0.3851411411411412,0.49334234234234287,0.0
33,"([0.05, 0.5, 0.09, 0.14, 0.23, 0.0], [1])","([0, 1, 0, 0, 0, 0], [1])",-0.0,-0.0,-0.0,-0.0,-0.0,-0.0,0.0,0.3851411411411412,0.10820120120120169,0.0
34,"([0.05, 0.5, 0.09, 0.14, 0.23, 0.0], [4])","([0, 1, 0, 0, 0, 0], [1])",-0.0,-0.0,-0.0,-0.0,-0.8190000000000001,-0.0,-0.8190000000000001,0.3851411411411412,0.5420600600600606,0.0
35,"([0.05, 0.5, 0.09, 0.14, 0.23, 0.0], [1])","([0, 1, 0, 0, 0, 0], [1])",-0.0,-0.0,-0.0,-0.0,-0.0,-0.0,0.0,0.3851411411411412,0.1569189189189194,0.0
36,"([0.05, 0.5, 0.09, 0.14, 0.23, 0.0], [1])","([0, 1, 0, 0, 0, 0], [1])",-0.0,-0.0,-0.0,-0.0,-0.0,-0.0,0.0,0.3851411411411412,-0.22822222222222177,0.0
37,"([0.05, 0.5, 0.09, 0.14, 0.23, 0.0], [1])","([0, 1, 0, 0, 0, 0], [1])",-0.0,-0.0,-0.0,-0.0,-0.0,-0.0,0.0,0.3851411411411412,-0.613363363363363,0.0
38,"([0.05, 0.5, 0.09, 0.14, 0.23, 0.0], [4])","([0, 1, 0, 0, 0, 0], [1])",-0.0,-0.0,-0.0,-0.0,-0.8190000000000001,-0.0,-0.8190000000000001,0.3851411411411412,-0.17950450450450406,0.0
39,"([0.05, 0.5, 0.09, 0.14, 0.23, 0.0], [1])","([0, 1, 0, 0, 0, 0], [1])",-0.0,-0.0,-0.0,-0.0,-0.0,-0.0,0.0,0.3851411411411412,-0.5646456456456452,0.0
40,"([0.05, 0.5, 0.09, 0.14, 0.23, 0.0], [3])","([0, 1, 0, 0, 0, 0], [1])",-0.0,-0.0,-0.0,-0.7170000000000001,-0.0,-0.0,-0.7170000000000001,0.3851411411411412,-0.23278678678678633,0.0
41,"([0.05, 0.5, 0.09, 0.14, 0.23, 0.0], [3])","([0, 1, 0, 0, 0, 0], [1])",-0.0,-0.0,-0.0,-0.7170000000000001,-0.0,-0.0,-0.7170000000000001,0.3851411411411412,0.09907207207207258,0.0
42,"([0.05, 0.5, 0.09, 0.14, 0.23, 0.0], [1])","([0, 1, 0, 0, 0, 0], [1])",-0.0,-0.0,-0.0,-0.0,-0.0,-0.0,0.0,0.3851411411411412,-0.2860690690690686,0.0
43,"([0.05, 0.5, 0.09, 0.14, 0.23, 0.0], [1])","([0, 1, 0, 0, 0, 0], [1])",-0.0,-0.0,-0.0,-0.0,-0.0,-0.0,0.0,0.3851411411411412,-0.6712102102102098,0.0
44,"([0.05, 0.5, 0.09, 0.14, 0.23, 0.0], [1])","([0, 1, 0, 0, 0, 0], [1])",-0.0,-0.0,-0.0,-0.0,-0.0,-0.0,0.0,0.3851411411411412,-1.056351351351351,0.0
45,"([0.05, 0.5, 0.09, 0.14, 0.23, 0.0], [1])","([0, 1, 0, 0, 0, 0], [1])",-0.0,-0.0,-0.0,-0.0,-0.0,-0.0,0.0,0.3851411411411412,-1.4414924924924921,0.0
46,"([0.05, 0.5, 0.09, 0.14, 0.23, 0.0], [4])","([0, 1, 0, 0, 0, 0], [1])",-0.0,-0.0,-0.0,-0.0,-0.8190000000000001,-0.0,-0.8190000000000001,0.3851411411411412,-1.0076336336336333,0.0
47,"([0.05, 0.5, 0.09, 0.14, 0.23, 0.0], [1])","([0, 1, 0, 0, 0, 0], [1])",-0.0,-0.0,-0.0,-0.0,-0.0,-0.0,0.0,0.3851411411411412,-1.3927747747747745,0.0
48,"([0.05, 0.5, 0.09, 0.14, 0.23, 0.0], [1])","([0, 1, 0, 0, 0, 0], [1])",-0.0,-0.0,-0.0,-0.0,-0.0,-0.0,0.0,0.3851411411411412,-1.7779159159159157,0.0
49,"([0.05, 0.5, 0.09, 0.14, 0.23, 0.0], [3])","([0, 1, 0, 0, 0, 0], [1])",-0.0,-0.0,-0.0,-0.7170000000000001,-0.0,-0.0,-0.7170000000000001,0.3851411411411412,-1.4460570570570568,0.0
50,"([0.05, 0.5, 0.09, 0.14, 0.23, 0.0], [0])","([0, 1, 0, 0, 0, 0], [1])",-0.747,-0.0,-0.0,-0.0,-0.0,-0.0,-0.747,0.3851411411411412,-1.084198198198198,0.0
51,"([0.05, 0.5, 0.09, 0.14, 0.23, 0.0], [1])","([0, 1, 0, 0, 0, 0], [1])",-0.0,-0.0,-0.0,-0.0,-0.0,-0.0,0.0,0.3851411411411412,-1.4693393393393392,0.0
52,"([0.05, 0.5, 0.09, 0.14, 0.23, 0.0], [4])","([0, 1, 0, 0, 0, 0], [1])",-0.0,-0.0,-0.0,-0.0,-0.8190000000000001,-0.0,-0.8190000000000001,0.3851411411411412,-1.0354804804804805,0.0
53,"([0.05, 0.5, 0.09, 0.14, 0.23, 0.0], [1])","([0, 1, 0, 0, 0, 0], [1])",-0.0,-0.0,-0.0,-0.0,-0.0,-0.0,0.0,0.3851411411411412,-1.4206216216216216,0.0
54,"([0.05, 0.5, 0.09, 0.14, 0.23, 0.0], [4])","([0, 1, 0, 0, 0, 0], [1])",-0.0,-0.0,-0.0,-0.0,-0.8190000000000001,-0.0,-0.8190000000000001,0.3851411411411412,-0.9867627627627628,0.0
55,"([0.05, 0.5, 0.09, 0.14, 0.23, 0.0], [1])","([0, 1, 0, 0, 0, 0], [1])",-0.0,-0.0,-0.0,-0.0,-0.0,-0.0,0.0,0.3851411411411412,-1.3719039039039038,0.0
56,"([0.05, 0.5, 0.09, 0.14, 0.23, 0.0], [1])","([0, 1, 0, 0, 0, 0], [1])",-0.0,-0.0,-0.0,-0.0,-0.0,-0.0,0.0,0.3851411411411412,-1.757045045045045,0.0
57,"([0.05, 0.5, 0.09, 0.14, 0.23, 0.0], [4])","([0, 1, 0, 0, 0, 0], [1])",-0.0,-0.0,-0.0,-0.0,-0.8190000000000001,-0.0,-0.8190000000000001,0.3851411411411412,-1.3231861861861862,0.0
58,"([0.05, 0.5, 0.09, 0.14, 0.23, 0.0], [1])","([0, 1, 0, 0, 0, 0], [1])",-0.0,-0.0,-0.0,-0.0,-0.0,-0.0,0.0,0.3851411411411412,-1.7083273273273274,0.0
59,"([0.05, 0.5, 0.09, 0.14, 0.23, 0.0], [1])","([0, 1, 0, 0, 0, 0], [1])",-0.0,-0.0,-0.0,-0.0,-0.0,-0.0,0.0,0.3851411411411412,-2.0934684684684686,0.0
60,"([0.05, 0.5, 0.09, 0.14, 0.23, 0.0], [3])","([0, 1, 0, 0, 0, 0], [1])",-0.0,-0.0,-0.0,-0.7170000000000001,-0.0,-0.0,-0.7170000000000001,0.3851411411411412,-1.7616096096096097,0.0
61,"([0.05, 0.5, 0.09, 0.14, 0.23, 0.0], [3])","([0, 1, 0, 0, 0, 0], [1])",-0.0,-0.0,-0.0,-0.7170000000000001,-0.0,-0.0,-0.7170000000000001,0.3851411411411412,-1.4297507507507508,0.0
62,"([0.05, 0.5, 0.09, 0.14, 0.23, 0.0], [3])","([0, 1, 0, 0, 0, 0], [1])",-0.0,-0.0,-0.0,-0.7170000000000001,-0.0,-0.0,-0.7170000000000001,0.3851411411411412,-1.0978918918918918,0.0
63,"([0.05, 0.5, 0.09, 0.14, 0.23, 0.0], [1])","([0, 1, 0, 0, 0, 0], [1])",-0.0,-0.0,-0.0,-0.0,-0.0,-0.0,0.0,0.3851411411411412,-1.483033033033033,0.0
64,"([0.05, 0.5, 0.09, 0.14, 0.23, 0.0], [1])","([0, 1, 0, 0, 0, 0], [1])",-0.0,-0.0,-0.0,-0.0,-0.0,-0.0,0.0,0.3851411411411412,-1.8681741741741742,0.0
65,"([0.05, 0.5, 0.09, 0.14, 0.23, 0.0], [1])","([0, 1, 0, 0, 0, 0], [1])",-0.0,-0.0,-0.0,-0.0,-0.0,-0.0,0.0,0.3851411411411412,-2.2533153153153154,0.0
66,"([0.05, 0.5, 0.09, 0.14, 0.23, 0.0], [4])","([0, 1, 0, 0, 0, 0], [1])",-0.0,-0.0,-0.0,-0.0,-0.8190000000000001,-0.0,-0.8190000000000001,0.3851411411411412,-1.8194564564564564,0.0
67,"([0.05, 0.5, 0.09, 0.14, 0.23, 0.0], [4])","([0, 1, 0, 0, 0, 0], [1])",-0.0,-0.0,-0.0,-0.0,-0.8190000000000001,-0.0,-0.8190000000000001,0.3851411411411412,-1.3855975975975974,0.0
68,"([0.05, 0.5, 0.09, 0.14, 0.23, 0.0], [1])","([0, 1, 0, 0, 0, 0], [1])",-0.0,-0.0,-0.0,-0.0,-0.0,-0.0,0.0,0.3851411411411412,-1.7707387387387385,0.0
69,"([0.05, 0.5, 0.09, 0.14, 0.23, 0.0], [2])","([0, 1, 0, 0, 0, 0], [1])",-0.0,-0.0,-0.7390000000000001,-0.0,-0.0,-0.0,-0.7390000000000001,0.3851411411411412,-1.4168798798798796,0.0
70,"([0.05, 0.5, 0.09, 0.14, 0.23, 0.0], [3])","([0, 1, 0, 0, 0, 0], [1])",-0.0,-0.0,-0.0,-0.7170000000000001,-0.0,-0.0,-0.7170000000000001,0.3851411411411412,-1.0850210210210207,0.0
71,"([0.05, 0.5, 0.09, 0.14, 0.23, 0.0], [1])","([0, 1, 0, 0, 0, 0], [1])",-0.0,-0.0,-0.0,-0.0,-0.0,-0.0,0.0,0.3851411411411412,-1.470162162162162,0.0
72,"([0.05, 0.5, 0.09, 0.14, 0.23, 0.0], [3])","([0, 1, 0, 0, 0, 0], [1])",-0.0,-0.0,-0.0,-0.7170000000000001,-0.0,-0.0,-0.7170000000000001,0.3851411411411412,-1.138303303303303,0.0
73,"([0.05, 0.5, 0.09, 0.14, 0.23, 0.0], [0])","([0, 1, 0, 0, 0, 0], [1])",-0.747,-0.0,-0.0,-0.0,-0.0,-0.0,-0.747,0.3851411411411412,-0.7764444444444442,0.0
74,"([0.05, 0.5, 0.09, 0.14, 0.23, 0.0], [4])","([0, 1, 0, 0, 0, 0], [1])",-0.0,-0.0,-0.0,-0.0,-0.8190000000000001,-0.0,-0.8190000000000001,0.3851411411411412,-0.3425855855855853,0.0
75,"([0.05, 0.5, 0.09, 0.14, 0.23, 0.0], [4])","([0, 1, 0, 0, 0, 0], [1])",-0.0,-0.0,-0.0,-0.0,-0.8190000000000001,-0.0,-0.8190000000000001,0.3851411411411412,0.09127327327327361,0.0
76,"([0.05, 0.5, 0.09, 0.14, 0.23, 0.0], [4])","([0, 1, 0, 0, 0, 0], [1])",-0.0,-0.0,-0.0,-0.0,-0.8190000000000001,-0.0,-0.8190000000000001,0.3851411411411412,0.5251321321321325,0.0
77,"([0.05, 0.5, 0.09, 0.14, 0.23, 0.0], [4])","([0, 1, 0, 0, 0, 0], [1])",-0.0,-0.0,-0.0,-0.0,-0.8190000000000001,-0.0,-0.8190000000000001,0.3851411411411412,0.9589909909909914,0.0
78,"([0.05, 0.5, 0.09, 0.14, 0.23, 0.0], [2])","([0, 1, 0, 0, 0, 0], [1])",-0.0,-0.0,-0.7390000000000001,-0.0,-0.0,-0.0,-0.7390000000000001,0.3851411411411412,1.3128498498498504,0.0
79,"([0.05, 0.5, 0.09, 0.14, 0.23, 0.0], [3])","([0, 1, 0, 0, 0, 0], [1])",-0.0,-0.0,-0.0,-0.7170000000000001,-0.0,-0.0,-0.7170000000000001,0.3851411411411412,1.6447087087087093,0.0
80,"([0.05, 0.5, 0.09, 0.14, 0.23, 0.0], [1])","([0, 1, 0, 0, 0, 0], [1])",-0.0,-0.0,-0.0,-0.0,-0.0,-0.0,0.0,0.3851411411411412,1.2595675675675682,0.0
81,"([0.05, 0.5, 0.09, 0.14, 0.23, 0.0], [4])","([0, 1, 0, 0, 0, 0], [1])",-0.0,-0.0,-0.0,-0.0,-0.8190000000000001,-0.0,-0.8190000000000001,0.3851411411411412,1.6934264264264272,0.0
82,"([0.05, 0.5, 0.09, 0.14, 0.23, 0.0], [1])","([0, 1, 0, 0, 0, 0], [1])",-0.0,-0.0,-0.0,-0.0,-0.0,-0.0,0.0,0.3851411411411412,1.308285285285286,0.0
83,"([0.05, 0.5, 0.09, 0.14, 0.23, 0.0], [4])","([0, 1, 0, 0, 0, 0], [1])",-0.0,-0.0,-0.0,-0.0,-0.8190000000000001,-0.0,-0.8190000000000001,0.3851411411411412,1.7421441441441448,0.0
84,"([0.05, 0.5, 0.09, 0.14, 0.23, 0.0], [1])","([0, 1, 0, 0, 0, 0], [1])",-0.0,-0.0,-0.0,-0.0,-0.0,-0.0,0.0,0.3851411411411412,1.3570030030030036,0.0
85,"([0.05, 0.5, 0.09, 0.14, 0.23, 0.0], [4])","([0, 1, 0, 0, 0, 0], [1])",-0.0,-0.0,-0.0,-0.0,-0.8190000000000001,-0.0,-0.8190000000000001,0.3851411411411412,1.7908618618618624,0.0
86,"([0.05, 0.5, 0.09, 0.14, 0.23, 0.0], [4])","([0, 1, 0, 0, 0, 0], [1])",-0.0,-0.0,-0.0,-0.0,-0.8190000000000001,-0.0,-0.8190000000000001,0.3851411411411412,2.2247207207207214,0.0
87,"([0.05, 0.5, 0.09, 0.14, 0.23, 0.0], [1])","([0, 1, 0, 0, 0, 0], [1])",-0.0,-0.0,-0.0,-0.0,-0.0,-0.0,0.0,0.3851411411411412,1.8395795795795802,0.0
88,"([0.05, 0.5, 0.09, 0.14, 0.23, 0.0], [1])","([0, 1, 0, 0, 0, 0], [1])",-0.0,-0.0,-0.0,-0.0,-0.0,-0.0,0.0,0.3851411411411412,1.454438438438439,0.0
89,"([0.05, 0.5, 0.09, 0.14, 0.23, 0.0], [1])","([0, 1, 0, 0, 0, 0], [1])",-0.0,-0.0,-0.0,-0.0,-0.0,-0.0,0.0,0.3851411411411412,1.0692972972972978,0.0
90,"([0.05, 0.5, 0.09, 0.14, 0.23, 0.0], [1])","([0, 1, 0, 0, 0, 0], [1])",-0.0,-0.0,-0.0,-0.0,-0.0,-0.0,0.0,0.3851411411411412,0.6841561561561567,0.0
91,"([0.05, 0.5, 0.09, 0.14, 0.23, 0.0], [1])","([0, 1, 0, 0, 0, 0], [1])",-0.0,-0.0,-0.0,-0.0,-0.0,-0.0,0.0,0.3851411411411412,0.2990150150150155,0.0
92,"([0.05, 0.5, 0.09, 0.14, 0.23, 0.0], [4])","([0, 1, 0, 0, 0, 0], [1])",-0.0,-0.0,-0.0,-0.0,-0.8190000000000001,-0.0,-0.8190000000000001,0.3851411411411412,0.7328738738738744,0.0
93,"([0.05, 0.5, 0.09, 0.14, 0.23, 0.0], [1])","([0, 1, 0, 0, 0, 0], [1])",-0.0,-0.0,-0.0,-0.0,-0.0,-0.0,0.0,0.3851411411411412,0.3477327327327332,0.0
94,"([0.05, 0.5, 0.09, 0.14, 0.23, 0.0], [4])","([0, 1, 0, 0, 0, 0], [1])",-0.0,-0.0,-0.0,-0.0,-0.8190000000000001,-0.0,-0.8190000000000001,0.3851411411411412,0.7815915915915921,0.0
95,"([0.05, 0.5, 0.09, 0.14, 0.23, 0.0], [3])","([0, 1, 0, 0, 0, 0], [1])",-0.0,-0.0,-0.0,-0.7170000000000001,-0.0,-0.0,-0.7170000000000001,0.3851411411411412,1.113450450450451,0.0
96,"([0.05, 0.5, 0.09, 0.14, 0.23, 0.0], [4])","([0, 1, 0, 0, 0, 0], [1])",-0.0,-0.0,-0.0,-0.0,-0.8190000000000001,-0.0,-0.8190000000000001,0.3851411411411412,1.54730930930931,0.0
97,"([0.05, 0.5, 0.09, 0.14, 0.23, 0.0], [1])","([0, 1, 0, 0, 0, 0], [1])",-0.0,-0.0,-0.0,-0.0,-0.0,-0.0,0.0,0.3851411411411412,1.1621681681681688,0.0
98,"([0.05, 0.5, 0.09, 0.14, 0.23, 0.0], [4])","([0, 1, 0, 0, 0, 0], [1])",-0.0,-0.0,-0.0,-0.0,-0.8190000000000001,-0.0,-0.8190000000000001,0.3851411411411412,1.5960270270270276,0.0
99,"([0.05, 0.5, 0.09, 0.14, 0.23, 0.0], [1])","([0, 1, 0, 0, 0, 0], [1])",-0.0,-0.0,-0.0,-0.0,-0.0,-0.0,0.0,0.3851411411411412,1.2108858858858864,0.0
100,"([0.05, 0.5, 0.09, 0.14, 0.23, 0.0], [2])","([0, 1, 0, 0, 0, 0], [1])",-0.0,-0.0,-0.7390000000000001,-0.0,-0.0,-0.0,-0.7390000000000001,0.3851411411411412,1.5647447447447453,0.0
101,"([0.05, 0.5, 0.09, 0.14, 0.23, 0.0], [1])","([0, 1, 0, 0, 0, 0], [1])",-0.0,-0.0,-0.0,-0.0,-0.0,-0.0,0.0,0.3851411411411412,1.1796036036036042,0.0
102,"([0.05, 0.5, 0.09, 0.14, 0.23, 0.0], [3])","([0, 1, 0, 0, 0, 0], [1])",-0.0,-0.0,-0.0,-0.7170000000000001,-0.0,-0.0,-0.7170000000000001,0.3851411411411412,1.511462462462463,0.0
103,"([0.05, 0.5, 0.09, 0.14, 0.23, 0.0], [4])","([0, 1, 0, 0, 0, 0], [1])",-0.0,-0.0,-0.0,-0.0,-0.8190000000000001,-0.0,-0.8190000000000001,0.3851411411411412,1.9453213213213219,0.0
104,"([0.05, 0.5, 0.09, 0.14, 0.23, 0.0], [3])","([0, 1, 0, 0, 0, 0], [1])",-0.0,-0.0,-0.0,-0.7170000000000001,-0.0,-0.0,-0.7170000000000001,0.3851411411411412,2.2771801801801805,0.0
105,"([0.05, 0.5, 0.09, 0.14, 0.23, 0.0], [1])","([0, 1, 0, 0, 0, 0], [1])",-0.0,-0.0,-0.0,-0.0,-0.0,-0.0,0.0,0.3851411411411412,1.8920390390390394,0.0
106,"([0.05, 0.5, 0.09, 0.14, 0.23, 0.0], [3])","([0, 1, 0, 0, 0, 0], [1])",-0.0,-0.0,-0.0,-0.7170000000000001,-0.0,-0.0,-0.7170000000000001,0.3851411411411412,2.2238978978978983,0.0
107,"([0.05, 0.5, 0.09, 0.14, 0.23, 0.0], [2])","([0, 1, 0, 0, 0, 0], [1])",-0.0,-0.0,-0.7390000000000001,-0.0,-0.0,-0.0,-0.7390000000000001,0.3851411411411412,2.577756756756757,0.0
108,"([0.05, 0.5, 0.09, 0.14, 0.23, 0.0], [1])","([0, 1, 0, 0, 0, 0], [1])",-0.0,-0.0,-0.0,-0.0,-0.0,-0.0,0.0,0.3851411411411412,2.1926156156156162,0.0
109,"([0.05, 0.5, 0.09, 0.14, 0.23, 0.0], [1])","([0, 1, 0, 0, 0, 0], [1])",-0.0,-0.0,-0.0,-0.0,-0.0,-0.0,0.0,0.3851411411411412,1.807474474474475,0.0
110,"([0.05, 0.5, 0.09, 0.14, 0.23, 0.0], [1])","([0, 1, 0, 0, 0, 0], [1])",-0.0,-0.0,-0.0,-0.0,-0.0,-0.0,0.0,0.3851411411411412,1.422333333333334,0.0
111,"([0.05, 0.5, 0.09, 0.14, 0.23, 0.0], [1])","([0, 1, 0, 0, 0, 0], [1])",-0.0,-0.0,-0.0,-0.0,-0.0,-0.0,0.0,0.3851411411411412,1.0371921921921927,0.0
112,"([0.05, 0.5, 0.09, 0.14, 0.23, 0.0], [2])","([0, 1, 0, 0, 0, 0], [1])",-0.0,-0.0,-0.7390000000000001,-0.0,-0.0,-0.0,-0.7390000000000001,0.3851411411411412,1.3910510510510516,0.0
113,"([0.05, 0.5, 0.09, 0.14, 0.23, 0.0], [1])","([0, 1, 0, 0, 0, 0], [1])",-0.0,-0.0,-0.0,-0.0,-0.0,-0.0,0.0,0.3851411411411412,1.0059099099099105,0.0
114,"([0.05, 0.5, 0.09, 0.14, 0.23, 0.0], [3])","([0, 1, 0, 0, 0, 0], [1])",-0.0,-0.0,-0.0,-0.7170000000000001,-0.0,-0.0,-0.7170000000000001,0.3851411411411412,1.3377687687687694,0.0
115,"([0.05, 0.5, 0.09, 0.14, 0.23, 0.0], [1])","([0, 1, 0, 0, 0, 0], [1])",-0.0,-0.0,-0.0,-0.0,-0.0,-0.0,0.0,0.3851411411411412,0.9526276276276282,0.0
116,"([0.05, 0.5, 0.09, 0.14, 0.23, 0.0], [3])","([0, 1, 0, 0, 0, 0], [1])",-0.0,-0.0,-0.0,-0.7170000000000001,-0.0,-0.0,-0.7170000000000001,0.3851411411411412,1.2844864864864871,0.0
117,"([0.05, 0.5, 0.09, 0.14, 0.23, 0.0], [1])","([0, 1, 0, 0, 0, 0], [1])",-0.0,-0.0,-0.0,-0.0,-0.0,-0.0,0.0,0.3851411411411412,0.8993453453453459,0.0
118,"([0.05, 0.5, 0.09, 0.14, 0.23, 0.0], [1])","([0, 1, 0, 0, 0, 0], [1])",-0.0,-0.0,-0.0,-0.0,-0.0,-0.0,0.0,0.3851411411411412,0.5142042042042048,0.0
119,"([0.05, 0.5, 0.09, 0.14, 0.23, 0.0], [4])","([0, 1, 0, 0, 0, 0], [1])",-0.0,-0.0,-0.0,-0.0,-0.8190000000000001,-0.0,-0.8190000000000001,0.3851411411411412,0.9480630630630636,0.0
120,"([0.05, 0.5, 0.09, 0.14, 0.23, 0.0], [3])","([0, 1, 0, 0, 0, 0], [1])",-0.0,-0.0,-0.0,-0.7170000000000001,-0.0,-0.0,-0.7170000000000001,0.3851411411411412,1.2799219219219227,0.0
121,"([0.05, 0.5, 0.09, 0.14, 0.23, 0.0], [1])","([0, 1, 0, 0, 0, 0], [1])",-0.0,-0.0,-0.0,-0.0,-0.0,-0.0,0.0,0.3851411411411412,0.8947807807807815,0.0
122,"([0.05, 0.5, 0.09, 0.14, 0.23, 0.0], [1])","([0, 1, 0, 0, 0, 0], [1])",-0.0,-0.0,-0.0,-0.0,-0.0,-0.0,0.0,0.3851411411411412,0.5096396396396403,0.0
123,"([0.05, 0.5, 0.09, 0.14, 0.23, 0.0], [4])","([0, 1, 0, 0, 0, 0], [1])",-0.0,-0.0,-0.0,-0.0,-0.8190000000000001,-0.0,-0.8190000000000001,0.3851411411411412,0.9434984984984992,0.0
124,"([0.05, 0.5, 0.09, 0.14, 0.23, 0.0], [0])","([0, 1, 0, 0, 0, 0], [1])",-0.747,-0.0,-0.0,-0.0,-0.0,-0.0,-0.747,0.3851411411411412,1.305357357357358,0.0
125,"([0.05, 0.5, 0.09, 0.14, 0.23, 0.0], [3])","([0, 1, 0, 0, 0, 0], [1])",-0.0,-0.0,-0.0,-0.7170000000000001,-0.0,-0.0,-0.7170000000000001,0.3851411411411412,1.637216216216217,0.0
126,"([0.05, 0.5, 0.09, 0.14, 0.23, 0.0], [1])","([0, 1, 0, 0, 0, 0], [1])",-0.0,-0.0,-0.0,-0.0,-0.0,-0.0,0.0,0.3851411411411412,1.2520750750750758,0.0
127,"([0.05, 0.5, 0.09, 0.14, 0.23, 0.0], [3])","([0, 1, 0, 0, 0, 0], [1])",-0.0,-0.0,-0.0,-0.7170000000000001,-0.0,-0.0,-0.7170000000000001,0.3851411411411412,1.5839339339339347,0.0
128,"([0.05, 0.5, 0.09, 0.14, 0.23, 0.0], [4])","([0, 1, 0, 0, 0, 0], [1])",-0.0,-0.0,-0.0,-0.0,-0.8190000000000001,-0.0,-0.8190000000000001,0.3851411411411412,2.0177927927927937,0.0
129,"([0.05, 0.5, 0.09, 0.14, 0.23, 0.0], [0])","([0, 1, 0, 0, 0, 0], [1])",-0.747,-0.0,-0.0,-0.0,-0.0,-0.0,-0.747,0.3851411411411412,2.3796516516516526,0.0
130,"([0.05, 0.5, 0.09, 0.14, 0.23, 0.0], [1])","([0, 1, 0, 0, 0, 0], [1])",-0.0,-0.0,-0.0,-0.0,-0.0,-0.0,0.0,0.3851411411411412,1.9945105105105114,0.0
131,"([0.05, 0.5, 0.09, 0.14, 0.23, 0.0], [4])","([0, 1, 0, 0, 0, 0], [1])",-0.0,-0.0,-0.0,-0.0,-0.8190000000000001,-0.0,-0.8190000000000001,0.3851411411411412,2.42836936936937,0.0
132,"([0.05, 0.5, 0.09, 0.14, 0.23, 0.0], [0])","([0, 1, 0, 0, 0, 0], [1])",-0.747,-0.0,-0.0,-0.0,-0.0,-0.0,-0.747,0.3851411411411412,2.790228228228229,0.0
133,"([0.05, 0.5, 0.09, 0.14, 0.23, 0.0], [3])","([0, 1, 0, 0, 0, 0], [1])",-0.0,-0.0,-0.0,-0.7170000000000001,-0.0,-0.0,-0.7170000000000001,0.3851411411411412,3.1220870870870883,0.0
134,"([0.05, 0.5, 0.09, 0.14, 0.23, 0.0], [1])","([0, 1, 0, 0, 0, 0], [1])",-0.0,-0.0,-0.0,-0.0,-0.0,-0.0,0.0,0.3851411411411412,2.736945945945947,0.0
135,"([0.05, 0.5, 0.09, 0.14, 0.23, 0.0], [4])","([0, 1, 0, 0, 0, 0], [1])",-0.0,-0.0,-0.0,-0.0,-0.8190000000000001,-0.0,-0.8190000000000001,0.3851411411411412,3.170804804804806,0.0
136,"([0.05, 0.5, 0.09, 0.14, 0.23, 0.0], [2])","([0, 1, 0, 0, 0, 0], [1])",-0.0,-0.0,-0.7390000000000001,-0.0,-0.0,-0.0,-0.7390000000000001,0.3851411411411412,3.524663663663665,0.0
137,"([0.05, 0.5, 0.09, 0.14, 0.23, 0.0], [1])","([0, 1, 0, 0, 0, 0], [1])",-0.0,-0.0,-0.0,-0.0,-0.0,-0.0,0.0,0.3851411411411412,3.1395225225225234,0.0
138,"([0.05, 0.5, 0.09, 0.14, 0.23, 0.0], [4])","([0, 1, 0, 0, 0, 0], [1])",-0.0,-0.0,-0.0,-0.0,-0.8190000000000001,-0.0,-0.8190000000000001,0.3851411411411412,3.5733813813813824,0.0
139,"([0.05, 0.5, 0.09, 0.14, 0.23, 0.0], [1])","([0, 1, 0, 0, 0, 0], [1])",-0.0,-0.0,-0.0,-0.0,-0.0,-0.0,0.0,0.3851411411411412,3.1882402402402414,0.0
140,"([0.05, 0.5, 0.09, 0.14, 0.23, 0.0], [2])","([0, 1, 0, 0, 0, 0], [1])",-0.0,-0.0,-0.7390000000000001,-0.0,-0.0,-0.0,-0.7390000000000001,0.3851411411411412,3.5420990990991004,0.0
141,"([0.05, 0.5, 0.09, 0.14, 0.23, 0.0], [2])","([0, 1, 0, 0, 0, 0], [1])",-0.0,-0.0,-0.7390000000000001,-0.0,-0.0,-0.0,-0.7390000000000001,0.3851411411411412,3.8959579579579593,0.0
142,"([0.05, 0.5, 0.09, 0.14, 0.23, 0.0], [3])","([0, 1, 0, 0, 0, 0], [1])",-0.0,-0.0,-0.0,-0.7170000000000001,-0.0,-0.0,-0.7170000000000001,0.3851411411411412,4.227816816816818,0.0
143,"([0.05, 0.5, 0.09, 0.14, 0.23, 0.0], [1])","([0, 1, 0, 0, 0, 0], [1])",-0.0,-0.0,-0.0,-0.0,-0.0,-0.0,0.0,0.3851411411411412,3.842675675675677,0.0
144,"([0.05, 0.5, 0.09, 0.14, 0.23, 0.0], [3])","([0, 1, 0, 0, 0, 0], [1])",-0.0,-0.0,-0.0,-0.7170000000000001,-0.0,-0.0,-0.7170000000000001,0.3851411411411412,4.174534534534536,0.0
145,"([0.05, 0.5, 0.09, 0.14, 0.23, 0.0], [4])","([0, 1, 0, 0, 0, 0], [1])",-0.0,-0.0,-0.0,-0.0,-0.8190000000000001,-0.0,-0.8190000000000001,0.3851411411411412,4.608393393393395,0.0
146,"([0.05, 0.5, 0.09, 0.14, 0.23, 0.0], [3])","([0, 1, 0, 0, 0, 0], [1])",-0.0,-0.0,-0.0,-0.7170000000000001,-0.0,-0.0,-0.7170000000000001,0.3851411411411412,4.940252252252254,0.0
147,"([0.05, 0.5, 0.09, 0.14, 0.23, 0.0], [1])","([0, 1, 0, 0, 0, 0], [1])",-0.0,-0.0,-0.0,-0.0,-0.0,-0.0,0.0,0.3851411411411412,4.555111111111112,0.0
148,"([0.05, 0.5, 0.09, 0.14, 0.23, 0.0], [1])","([0, 1, 0, 0, 0, 0], [1])",-0.0,-0.0,-0.0,-0.0,-0.0,-0.0,0.0,0.3851411411411412,4.169969969969971,0.0
149,"([0.05, 0.5, 0.09, 0.14, 0.23, 0.0], [1])","([0, 1, 0, 0, 0, 0], [1])",-0.0,-0.0,-0.0,-0.0,-0.0,-0.0,0.0,0.3851411411411412,3.7848288288288296,0.0
150,"([0.05, 0.5, 0.09, 0.14, 0.23, 0.0], [4])","([0, 1, 0, 0, 0, 0], [1])",-0.0,-0.0,-0.0,-0.0,-0.8190000000000001,-0.0,-0.8190000000000001,0.3851411411411412,4.218687687687688,0.0
151,"([0.05, 0.5, 0.09, 0.14, 0.23, 0.0], [1])","([0, 1, 0, 0, 0, 0], [1])",-0.0,-0.0,-0.0,-0.0,-0.0,-0.0,0.0,0.3851411411411412,3.833546546546547,0.0
152,"([0.05, 0.5, 0.09, 0.14, 0.23, 0.0], [3])","([0, 1, 0, 0, 0, 0], [1])",-0.0,-0.0,-0.0,-0.7170000000000001,-0.0,-0.0,-0.7170000000000001,0.3851411411411412,4.165405405405406,0.0
153,"([0.05, 0.5, 0.09, 0.14, 0.23, 0.0], [1])","([0, 1, 0, 0, 0, 0], [1])",-0.0,-0.0,-0.0,-0.0,-0.0,-0.0,0.0,0.3851411411411412,3.7802642642642645,0.0
154,"([0.05, 0.5, 0.09, 0.14, 0.23, 0.0], [2])","([0, 1, 0, 0, 0, 0], [1])",-0.0,-0.0,-0.7390000000000001,-0.0,-0.0,-0.0,-0.7390000000000001,0.3851411411411412,4.134123123123123,0.0
155,"([0.05, 0.5, 0.09, 0.14, 0.23, 0.0], [1])","([0, 1, 0, 0, 0, 0], [1])",-0.0,-0.0,-0.0,-0.0,-0.0,-0.0,0.0,0.3851411411411412,3.7489819819819816,0.0
156,"([0.05, 0.5, 0.09, 0.14, 0.23, 0.0], [4])","([0, 1, 0, 0, 0, 0], [1])",-0.0,-0.0,-0.0,-0.0,-0.8190000000000001,-0.0,-0.8190000000000001,0.3851411411411412,4.18284084084084,0.0
157,"([0.05, 0.5, 0.09, 0.14, 0.23, 0.0], [1])","([0, 1, 0, 0, 0, 0], [1])",-0.0,-0.0,-0.0,-0.0,-0.0,-0.0,0.0,0.3851411411411412,3.797699699699699,0.0
158,"([0.05, 0.5, 0.09, 0.14, 0.23, 0.0], [1])","([0, 1, 0, 0, 0, 0], [1])",-0.0,-0.0,-0.0,-0.0,-0.0,-0.0,0.0,0.3851411411411412,3.4125585585585574,0.0
159,"([0.05, 0.5, 0.09, 0.14, 0.23, 0.0], [3])","([0, 1, 0, 0, 0, 0], [1])",-0.0,-0.0,-0.0,-0.7170000000000001,-0.0,-0.0,-0.7170000000000001,0.3851411411411412,3.7444174174174165,0.0
160,"([0.05, 0.5, 0.09, 0.14, 0.23, 0.0], [1])","([0, 1, 0, 0, 0, 0], [1])",-0.0,-0.0,-0.0,-0.0,-0.0,-0.0,0.0,0.3851411411411412,3.359276276276275,0.0
161,"([0.05, 0.5, 0.09, 0.14, 0.23, 0.0], [1])","([0, 1, 0, 0, 0, 0], [1])",-0.0,-0.0,-0.0,-0.0,-0.0,-0.0,0.0,0.3851411411411412,2.9741351351351337,0.0
162,"([0.05, 0.5, 0.09, 0.14, 0.23, 0.0], [3])","([0, 1, 0, 0, 0, 0], [1])",-0.0,-0.0,-0.0,-0.7170000000000001,-0.0,-0.0,-0.7170000000000001,0.3851411411411412,3.305993993993993,0.0
163,"([0.05, 0.5, 0.09, 0.14, 0.23, 0.0], [3])","([0, 1, 0, 0, 0, 0], [1])",-0.0,-0.0,-0.0,-0.7170000000000001,-0.0,-0.0,-0.7170000000000001,0.3851411411411412,3.637852852852852,0.0
164,"([0.05, 0.5, 0.09, 0.14, 0.23, 0.0], [1])","([0, 1, 0, 0, 0, 0], [1])",-0.0,-0.0,-0.0,-0.0,-0.0,-0.0,0.0,0.3851411411411412,3.2527117117117106,0.0
165,"([0.05, 0.5, 0.09, 0.14, 0.23, 0.0], [1])","([0, 1, 0, 0, 0, 0], [1])",-0.0,-0.0,-0.0,-0.0,-0.0,-0.0,0.0,0.3851411411411412,2.867570570570569,0.0
166,"([0.05, 0.5, 0.09, 0.14, 0.23, 0.0], [4])","([0, 1, 0, 0, 0, 0], [1])",-0.0,-0.0,-0.0,-0.0,-0.8190000000000001,-0.0,-0.8190000000000001,0.3851411411411412,3.301429429429428,0.0
167,"([0.05, 0.5, 0.09, 0.14, 0.23, 0.0], [4])","([0, 1, 0, 0, 0, 0], [1])",-0.0,-0.0,-0.0,-0.0,-0.8190000000000001,-0.0,-0.8190000000000001,0.3851411411411412,3.735288288288287,0.0
168,"([0.05, 0.5, 0.09, 0.14, 0.23, 0.0], [4])","([0, 1, 0, 0, 0, 0], [1])",-0.0,-0.0,-0.0,-0.0,-0.8190000000000001,-0.0,-0.8190000000000001,0.3851411411411412,4.169147147147146,0.0
169,"([0.05, 0.5, 0.09, 0.14, 0.23, 0.0], [3])","([0, 1, 0, 0, 0, 0], [1])",-0.0,-0.0,-0.0,-0.7170000000000001,-0.0,-0.0,-0.7170000000000001,0.3851411411411412,4.501006006006005,0.0
170,"([0.05, 0.5, 0.09, 0.14, 0.23, 0.0], [1])","([0, 1, 0, 0, 0, 0], [1])",-0.0,-0.0,-0.0,-0.0,-0.0,-0.0,0.0,0.3851411411411412,4.1158648648648635,0.0
171,"([0.05, 0.5, 0.09, 0.14, 0.23, 0.0], [3])","([0, 1, 0, 0, 0, 0], [1])",-0.0,-0.0,-0.0,-0.7170000000000001,-0.0,-0.0,-0.7170000000000001,0.3851411411411412,4.447723723723723,0.0
172,"([0.05, 0.5, 0.09, 0.14, 0.23, 0.0], [1])","([0, 1, 0, 0, 0, 0], [1])",-0.0,-0.0,-0.0,-0.0,-0.0,-0.0,0.0,0.3851411411411412,4.062582582582581,0.0
173,"([0.05, 0.5, 0.09, 0.14, 0.23, 0.0], [3])","([0, 1, 0, 0, 0, 0], [1])",-0.0,-0.0,-0.0,-0.7170000000000001,-0.0,-0.0,-0.7170000000000001,0.3851411411411412,4.39444144144144,0.0
174,"([0.05, 0.5, 0.09, 0.14, 0.23, 0.0], [4])","([0, 1, 0, 0, 0, 0], [1])",-0.0,-0.0,-0.0,-0.0,-0.8190000000000001,-0.0,-0.8190000000000001,0.3851411411411412,4.828300300300299,0.0
175,"([0.05, 0.5, 0.09, 0.14, 0.23, 0.0], [4])","([0, 1, 0, 0, 0, 0], [1])",-0.0,-0.0,-0.0,-0.0,-0.8190000000000001,-0.0,-0.8190000000000001,0.3851411411411412,5.262159159159157,0.0
176,"([0.05, 0.5, 0.09, 0.14, 0.23, 0.0], [4])","([0, 1, 0, 0, 0, 0], [1])",-0.0,-0.0,-0.0,-0.0,-0.8190000000000001,-0.0,-0.8190000000000001,0.3851411411411412,5.696018018018016,0.0
177,"([0.05, 0.5, 0.09, 0.14, 0.23, 0.0], [1])","([0, 1, 0, 0, 0, 0], [1])",-0.0,-0.0,-0.0,-0.0,-0.0,-0.0,0.0,0.3851411411411412,5.310876876876875,0.0
178,"([0.05, 0.5, 0.09, 0.14, 0.23, 0.0], [3])","([0, 1, 0, 0, 0, 0], [1])",-0.0,-0.0,-0.0,-0.7170000000000001,-0.0,-0.0,-0.7170000000000001,0.3851411411411412,5.642735735735734,0.0
179,"([0.05, 0.5, 0.09, 0.14, 0.23, 0.0], [1])","([0, 1, 0, 0, 0, 0], [1])",-0.0,-0.0,-0.0,-0.0,-0.0,-0.0,0.0,0.3851411411411412,5.257594594594592,0.0
180,"([0.05, 0.5, 0.09, 0.14, 0.23, 0.0], [3])","([0, 1, 0, 0, 0, 0], [1])",-0.0,-0.0,-0.0,-0.7170000000000001,-0.0,-0.0,-0.7170000000000001,0.3851411411411412,5.5894534534534515,0.0
181,"([0.05, 0.5, 0.09, 0.14, 0.23, 0.0], [3])","([0, 1, 0, 0, 0, 0], [1])",-0.0,-0.0,-0.0,-0.7170000000000001,-0.0,-0.0,-0.7170000000000001,0.3851411411411412,5.921312312312311,0.0
182,"([0.05, 0.5, 0.09, 0.14, 0.23, 0.0], [4])","([0, 1, 0, 0, 0, 0], [1])",-0.0,-0.0,-0.0,-0.0,-0.8190000000000001,-0.0,-0.8190000000000001,0.3851411411411412,6.355171171171169,0.0
183,"([0.05, 0.5, 0.09, 0.14, 0.23, 0.0], [1])","([0, 1, 0, 0, 0, 0], [1])",-0.0,-0.0,-0.0,-0.0,-0.0,-0.0,0.0,0.3851411411411412,5.970030030030028,0.0
184,"([0.05, 0.5, 0.09, 0.14, 0.23, 0.0], [2])","([0, 1, 0, 0, 0, 0], [1])",-0.0,-0.0,-0.7390000000000001,-0.0,-0.0,-0.0,-0.7390000000000001,0.3851411411411412,6.323888888888886,0.0
185,"([0.05, 0.5, 0.09, 0.14, 0.23, 0.0], [1])","([0, 1, 0, 0, 0, 0], [1])",-0.0,-0.0,-0.0,-0.0,-0.0,-0.0,0.0,0.3851411411411412,5.938747747747745,0.0
186,"([0.05, 0.5, 0.09, 0.14, 0.23, 0.0], [4])","([0, 1, 0, 0, 0, 0], [1])",-0.0,-0.0,-0.0,-0.0,-0.8190000000000001,-0.0,-0.8190000000000001,0.3851411411411412,6.372606606606603,0.0
187,"([0.05, 0.5, 0.09, 0.14, 0.23, 0.0], [4])","([0, 1, 0, 0, 0, 0], [1])",-0.0,-0.0,-0.0,-0.0,-0.8190000000000001,-0.0,-0.8190000000000001,0.3851411411411412,6.806465465465462,0.0
188,"([0.05, 0.5, 0.09, 0.14, 0.23, 0.0], [4])","([0, 1, 0, 0, 0, 0], [1])",-0.0,-0.0,-0.0,-0.0,-0.8190000000000001,-0.0,-0.8190000000000001,0.3851411411411412,7.2403243243243205,0.0
189,"([0.05, 0.5, 0.09, 0.14, 0.23, 0.0], [1])","([0, 1, 0, 0, 0, 0], [1])",-0.0,-0.0,-0.0,-0.0,-0.0,-0.0,0.0,0.3851411411411412,6.855183183183179,0.0
190,"([0.05, 0.5, 0.09, 0.14, 0.23, 0.0], [1])","([0, 1, 0, 0, 0, 0], [1])",-0.0,-0.0,-0.0,-0.0,-0.0,-0.0,0.0,0.3851411411411412,6.470042042042038,0.0
191,"([0.05, 0.5, 0.09, 0.14, 0.23, 0.0], [3])","([0, 1, 0, 0, 0, 0], [1])",-0.0,-0.0,-0.0,-0.7170000000000001,-0.0,-0.0,-0.7170000000000001,0.3851411411411412,6.801900900900897,0.0
192,"([0.05, 0.5, 0.09, 0.14, 0.23, 0.0], [4])","([0, 1, 0, 0, 0, 0], [1])",-0.0,-0.0,-0.0,-0.0,-0.8190000000000001,-0.0,-0.8190000000000001,0.3851411411411412,7.235759759759755,0.0
193,"([0.05, 0.5, 0.09, 0.14, 0.23, 0.0], [1])","([0, 1, 0, 0, 0, 0], [1])",-0.0,-0.0,-0.0,-0.0,-0.0,-0.0,0.0,0.3851411411411412,6.850618618618614,0.0
194,"([0.05, 0.5, 0.09, 0.14, 0.23, 0.0], [4])","([0, 1, 0, 0, 0, 0], [1])",-0.0,-0.0,-0.0,-0.0,-0.8190000000000001,-0.0,-0.8190000000000001,0.3851411411411412,7.2844774774774725,0.0
195,"([0.05, 0.5, 0.09, 0.14, 0.23, 0.0], [1])","([0, 1, 0, 0, 0, 0], [1])",-0.0,-0.0,-0.0,-0.0,-0.0,-0.0,0.0,0.3851411411411412,6.899336336336331,0.0
196,"([0.05, 0.5, 0.09, 0.14, 0.23, 0.0], [1])","([0, 1, 0, 0, 0, 0], [1])",-0.0,-0.0,-0.0,-0.0,-0.0,-0.0,0.0,0.3851411411411412,6.51419519519519,0.0
197,"([0.05, 0.5, 0.09, 0.14, 0.23, 0.0], [3])","([0, 1, 0, 0, 0, 0], [1])",-0.0,-0.0,-0.0,-0.7170000000000001,-0.0,-0.0,-0.7170000000000001,0.3851411411411412,6.846054054054049,0.0
198,"([0.05, 0.5, 0.09, 0.14, 0.23, 0.0], [1])","([0, 1, 0, 0, 0, 0], [1])",-0.0,-0.0,-0.0,-0.0,-0.0,-0.0,0.0,0.3851411411411412,6.4609129129129075,0.0
199,"([0.05, 0.5, 0.09, 0.14, 0.23, 0.0], [4])","([0, 1, 0, 0, 0, 0], [1])",-0.0,-0.0,-0.0,-0.0,-0.8190000000000001,-0.0,-0.8190000000000001,0.3851411411411412,6.894771771771766,0.0
