,sto-1,FB-0,feedback target 0,feedback target 1,feedback target 2,feedback target 3,feedback target 4,total,exp_loss,actual_regret,exp_regret
0,"([0.26, 0.12, 0.33, 0.23, 0.07], [2])","([0, 0, 1, 0, 0], [2])",-0.0,-0.0,-0.0,-0.0,-0.0,0.0,0.598392,-0.598392,0.0
1,"([0.26, 0.12, 0.33, 0.23, 0.07], [1])","([0, 0, 0, 0, 1], [4])",-0.0,-0.9520000000000001,-0.0,-0.0,-0.0,-0.9520000000000001,0.813732,-0.244784,0.21533999999999998
2,"([0.26, 0.12, 0.33, 0.23, 0.07], [1])","([0, 0, 1, 0, 0], [2])",-0.0,-0.9520000000000001,-0.0,-0.0,-0.0,-0.9520000000000001,0.598392,0.10882400000000003,0.21533999999999998
3,"([0.26, 0.12, 0.33, 0.23, 0.07], [2])","([0, 0, 1, 0, 0], [2])",-0.0,-0.0,-0.0,-0.0,-0.0,0.0,0.598392,-0.489568,0.21533999999999998
4,"([0.26, 0.12, 0.33, 0.23, 0.07], [3])","([0, 0, 1, 0, 0], [2])",-0.0,-0.0,-0.0,-0.888,-0.0,-0.888,0.598392,-0.19996000000000003,0.21533999999999998
5,"([0.26, 0.12, 0.33, 0.23, 0.07], [2])","([0, 0, 1, 0, 0], [2])",-0.0,-0.0,-0.0,-0.0,-0.0,0.0,0.598392,-0.7983520000000001,0.21533999999999998
6,"([0.26, 0.12, 0.33, 0.23, 0.07], [2])","([0, 0, 1, 0, 0], [2])",-0.0,-0.0,-0.0,-0.0,-0.0,0.0,0.598392,-1.396744,0.21533999999999998
7,"([0.26, 0.12, 0.33, 0.23, 0.07], [3])","([0, 0, 1, 0, 0], [2])",-0.0,-0.0,-0.0,-0.888,-0.0,-0.888,0.598392,-1.1071360000000001,0.21533999999999998
8,"([0.26, 0.12, 0.33, 0.23, 0.07], [0])","([0, 0, 0, 1, 0], [3])",-0.8540000000000001,-0.0,-0.0,-0.0,-0.0,-0.8540000000000001,0.6772560000000001,-0.8515280000000001,0.294204
9,"([0.26, 0.12, 0.33, 0.23, 0.07], [1])","([0, 0, 1, 0, 0], [2])",-0.0,-0.9520000000000001,-0.0,-0.0,-0.0,-0.9520000000000001,0.598392,-0.49792000000000003,0.294204
10,"([0.26, 0.12, 0.33, 0.23, 0.07], [3])","([0, 0, 1, 0, 0], [2])",-0.0,-0.0,-0.0,-0.888,-0.0,-0.888,0.598392,-0.20831200000000005,0.294204
11,"([0.26, 0.12, 0.33, 0.23, 0.07], [0])","([0, 0, 1, 0, 0], [2])",-0.8540000000000001,-0.0,-0.0,-0.0,-0.0,-0.8540000000000001,0.598392,0.047296000000000005,0.294204
12,"([0.26, 0.12, 0.33, 0.23, 0.07], [3])","([0, 0, 1, 0, 0], [2])",-0.0,-0.0,-0.0,-0.888,-0.0,-0.888,0.598392,0.336904,0.294204
13,"([0.26, 0.12, 0.33, 0.23, 0.07], [3])","([0, 0, 1, 0, 0], [2])",-0.0,-0.0,-0.0,-0.888,-0.0,-0.888,0.598392,0.626512,0.294204
14,"([0.26, 0.12, 0.33, 0.23, 0.07], [2])","([0, 0, 1, 0, 0], [2])",-0.0,-0.0,-0.0,-0.0,-0.0,0.0,0.598392,0.028119999999999923,0.294204
15,"([0.26, 0.12, 0.33, 0.23, 0.07], [0])","([0, 0, 1, 0, 0], [2])",-0.8540000000000001,-0.0,-0.0,-0.0,-0.0,-0.8540000000000001,0.598392,0.283728,0.294204
16,"([0.26, 0.12, 0.33, 0.23, 0.07], [3])","([0, 0, 1, 0, 0], [2])",-0.0,-0.0,-0.0,-0.888,-0.0,-0.888,0.598392,0.573336,0.294204
17,"([0.26, 0.12, 0.33, 0.23, 0.07], [2])","([0, 0, 1, 0, 0], [2])",-0.0,-0.0,-0.0,-0.0,-0.0,0.0,0.598392,-0.025056000000000078,0.294204
18,"([0.26, 0.12, 0.33, 0.23, 0.07], [0])","([0, 0, 1, 0, 0], [2])",-0.8540000000000001,-0.0,-0.0,-0.0,-0.0,-0.8540000000000001,0.598392,0.23055199999999998,0.294204
19,"([0.26, 0.12, 0.33, 0.23, 0.07], [3])","([0, 0, 1, 0, 0], [2])",-0.0,-0.0,-0.0,-0.888,-0.0,-0.888,0.598392,0.52016,0.294204
20,"([0.26, 0.12, 0.33, 0.23, 0.07], [2])","([0, 0, 1, 0, 0], [2])",-0.0,-0.0,-0.0,-0.0,-0.0,0.0,0.598392,-0.07823200000000008,0.294204
21,"([0.26, 0.12, 0.33, 0.23, 0.07], [2])","([0, 0, 1, 0, 0], [2])",-0.0,-0.0,-0.0,-0.0,-0.0,0.0,0.598392,-0.6766240000000001,0.294204
22,"([0.26, 0.12, 0.33, 0.23, 0.07], [3])","([0, 0, 1, 0, 0], [2])",-0.0,-0.0,-0.0,-0.888,-0.0,-0.888,0.598392,-0.38701600000000014,0.294204
23,"([0.26, 0.12, 0.33, 0.23, 0.07], [0])","([0, 0, 1, 0, 0], [2])",-0.8540000000000001,-0.0,-0.0,-0.0,-0.0,-0.8540000000000001,0.598392,-0.13140800000000008,0.294204
24,"([0.26, 0.12, 0.33, 0.23, 0.07], [0])","([0, 0, 1, 0, 0], [2])",-0.8540000000000001,-0.0,-0.0,-0.0,-0.0,-0.8540000000000001,0.598392,0.12419999999999998,0.294204
25,"([0.26, 0.12, 0.33, 0.23, 0.07], [2])","([0, 0, 1, 0, 0], [2])",-0.0,-0.0,-0.0,-0.0,-0.0,0.0,0.598392,-0.47419200000000006,0.294204
26,"([0.26, 0.12, 0.33, 0.23, 0.07], [4])","([0, 0, 1, 0, 0], [2])",-0.0,-0.0,-0.0,-0.0,-0.93,-0.93,0.598392,-0.14258400000000004,0.294204
27,"([0.26, 0.12, 0.33, 0.23, 0.07], [0])","([0, 0, 1, 0, 0], [2])",-0.8540000000000001,-0.0,-0.0,-0.0,-0.0,-0.8540000000000001,0.598392,0.11302400000000001,0.294204
28,"([0.26, 0.12, 0.33, 0.23, 0.07], [2])","([0, 0, 1, 0, 0], [2])",-0.0,-0.0,-0.0,-0.0,-0.0,0.0,0.598392,-0.485368,0.294204
29,"([0.26, 0.12, 0.33, 0.23, 0.07], [0])","([0, 0, 1, 0, 0], [2])",-0.8540000000000001,-0.0,-0.0,-0.0,-0.0,-0.8540000000000001,0.598392,-0.22975999999999996,0.294204
30,"([0.26, 0.12, 0.33, 0.23, 0.07], [2])","([0, 0, 1, 0, 0], [2])",-0.0,-0.0,-0.0,-0.0,-0.0,0.0,0.598392,-0.828152,0.294204
31,"([0.26, 0.12, 0.33, 0.23, 0.07], [0])","([0, 0, 1, 0, 0], [2])",-0.8540000000000001,-0.0,-0.0,-0.0,-0.0,-0.8540000000000001,0.598392,-0.5725439999999999,0.294204
32,"([0.26, 0.12, 0.33, 0.23, 0.07], [3])","([0, 0, 1, 0, 0], [2])",-0.0,-0.0,-0.0,-0.888,-0.0,-0.888,0.598392,-0.28293599999999997,0.294204
33,"([0.26, 0.12, 0.33, 0.23, 0.07], [0])","([0, 0, 1, 0, 0], [2])",-0.8540000000000001,-0.0,-0.0,-0.0,-0.0,-0.8540000000000001,0.598392,-0.027327999999999908,0.294204
34,"([0.26, 0.12, 0.33, 0.23, 0.07], [2])","([0, 0, 1, 0, 0], [2])",-0.0,-0.0,-0.0,-0.0,-0.0,0.0,0.598392,-0.6257199999999999,0.294204
35,"([0.26, 0.12, 0.33, 0.23, 0.07], [3])","([0, 0, 1, 0, 0], [2])",-0.0,-0.0,-0.0,-0.888,-0.0,-0.888,0.598392,-0.33611199999999997,0.294204
36,"([0.26, 0.12, 0.33, 0.23, 0.07], [4])","([0, 0, 1, 0, 0], [2])",-0.0,-0.0,-0.0,-0.0,-0.93,-0.93,0.598392,-0.0045039999999999525,0.294204
37,"([0.26, 0.12, 0.33, 0.23, 0.07], [3])","([0, 0, 1, 0, 0], [2])",-0.0,-0.0,-0.0,-0.888,-0.0,-0.888,0.598392,0.285104,0.294204
38,"([0.26, 0.12, 0.33, 0.23, 0.07], [2])","([0, 0, 1, 0, 0], [2])",-0.0,-0.0,-0.0,-0.0,-0.0,0.0,0.598392,-0.313288,0.294204
39,"([0.26, 0.12, 0.33, 0.23, 0.07], [2])","([0, 0, 1, 0, 0], [2])",-0.0,-0.0,-0.0,-0.0,-0.0,0.0,0.598392,-0.91168,0.294204
40,"([0.26, 0.12, 0.33, 0.23, 0.07], [0])","([0, 0, 1, 0, 0], [2])",-0.8540000000000001,-0.0,-0.0,-0.0,-0.0,-0.8540000000000001,0.598392,-0.656072,0.294204
41,"([0.26, 0.12, 0.33, 0.23, 0.07], [2])","([0, 0, 1, 0, 0], [2])",-0.0,-0.0,-0.0,-0.0,-0.0,0.0,0.598392,-1.254464,0.294204
42,"([0.26, 0.12, 0.33, 0.23, 0.07], [2])","([0, 0, 1, 0, 0], [2])",-0.0,-0.0,-0.0,-0.0,-0.0,0.0,0.598392,-1.852856,0.294204
43,"([0.26, 0.12, 0.33, 0.23, 0.07], [2])","([0, 0, 1, 0, 0], [2])",-0.0,-0.0,-0.0,-0.0,-0.0,0.0,0.598392,-2.451248,0.294204
44,"([0.26, 0.12, 0.33, 0.23, 0.07], [3])","([0, 0, 1, 0, 0], [2])",-0.0,-0.0,-0.0,-0.888,-0.0,-0.888,0.598392,-2.1616400000000002,0.294204
45,"([0.26, 0.12, 0.33, 0.23, 0.07], [3])","([0, 0, 1, 0, 0], [2])",-0.0,-0.0,-0.0,-0.888,-0.0,-0.888,0.598392,-1.8720320000000004,0.294204
46,"([0.26, 0.12, 0.33, 0.23, 0.07], [1])","([0, 0, 1, 0, 0], [2])",-0.0,-0.9520000000000001,-0.0,-0.0,-0.0,-0.9520000000000001,0.598392,-1.5184240000000004,0.294204
47,"([0.26, 0.12, 0.33, 0.23, 0.07], [0])","([0, 0, 1, 0, 0], [2])",-0.8540000000000001,-0.0,-0.0,-0.0,-0.0,-0.8540000000000001,0.598392,-1.2628160000000004,0.294204
48,"([0.26, 0.12, 0.33, 0.23, 0.07], [1])","([0, 0, 1, 0, 0], [2])",-0.0,-0.9520000000000001,-0.0,-0.0,-0.0,-0.9520000000000001,0.598392,-0.9092080000000003,0.294204
49,"([0.26, 0.12, 0.33, 0.23, 0.07], [3])","([0, 0, 1, 0, 0], [2])",-0.0,-0.0,-0.0,-0.888,-0.0,-0.888,0.598392,-0.6196000000000004,0.294204
50,"([0.26, 0.12, 0.33, 0.23, 0.07], [2])","([0, 0, 1, 0, 0], [2])",-0.0,-0.0,-0.0,-0.0,-0.0,0.0,0.598392,-1.2179920000000004,0.294204
51,"([0.26, 0.12, 0.33, 0.23, 0.07], [0])","([0, 0, 1, 0, 0], [2])",-0.8540000000000001,-0.0,-0.0,-0.0,-0.0,-0.8540000000000001,0.598392,-0.9623840000000004,0.294204
52,"([0.26, 0.12, 0.33, 0.23, 0.07], [0])","([0, 0, 1, 0, 0], [2])",-0.8540000000000001,-0.0,-0.0,-0.0,-0.0,-0.8540000000000001,0.598392,-0.7067760000000003,0.294204
53,"([0.26, 0.12, 0.33, 0.23, 0.07], [3])","([0, 0, 1, 0, 0], [2])",-0.0,-0.0,-0.0,-0.888,-0.0,-0.888,0.598392,-0.4171680000000003,0.294204
54,"([0.26, 0.12, 0.33, 0.23, 0.07], [0])","([0, 0, 1, 0, 0], [2])",-0.8540000000000001,-0.0,-0.0,-0.0,-0.0,-0.8540000000000001,0.598392,-0.16156000000000026,0.294204
55,"([0.26, 0.12, 0.33, 0.23, 0.07], [0])","([0, 0, 1, 0, 0], [2])",-0.8540000000000001,-0.0,-0.0,-0.0,-0.0,-0.8540000000000001,0.598392,0.0940479999999998,0.294204
56,"([0.26, 0.12, 0.33, 0.23, 0.07], [0])","([0, 0, 1, 0, 0], [2])",-0.8540000000000001,-0.0,-0.0,-0.0,-0.0,-0.8540000000000001,0.598392,0.34965599999999986,0.294204
57,"([0.26, 0.12, 0.33, 0.23, 0.07], [0])","([0, 0, 1, 0, 0], [2])",-0.8540000000000001,-0.0,-0.0,-0.0,-0.0,-0.8540000000000001,0.598392,0.6052639999999999,0.294204
58,"([0.26, 0.12, 0.33, 0.23, 0.07], [4])","([0, 0, 1, 0, 0], [2])",-0.0,-0.0,-0.0,-0.0,-0.93,-0.93,0.598392,0.9368719999999999,0.294204
59,"([0.26, 0.12, 0.33, 0.23, 0.07], [4])","([0, 0, 1, 0, 0], [2])",-0.0,-0.0,-0.0,-0.0,-0.93,-0.93,0.598392,1.2684799999999998,0.294204
60,"([0.26, 0.12, 0.33, 0.23, 0.07], [2])","([0, 0, 1, 0, 0], [2])",-0.0,-0.0,-0.0,-0.0,-0.0,0.0,0.598392,0.6700879999999998,0.294204
61,"([0.26, 0.12, 0.33, 0.23, 0.07], [3])","([0, 0, 1, 0, 0], [2])",-0.0,-0.0,-0.0,-0.888,-0.0,-0.888,0.598392,0.9596959999999998,0.294204
62,"([0.26, 0.12, 0.33, 0.23, 0.07], [2])","([0, 0, 1, 0, 0], [2])",-0.0,-0.0,-0.0,-0.0,-0.0,0.0,0.598392,0.36130399999999974,0.294204
63,"([0.26, 0.12, 0.33, 0.23, 0.07], [0])","([0, 0, 1, 0, 0], [2])",-0.8540000000000001,-0.0,-0.0,-0.0,-0.0,-0.8540000000000001,0.598392,0.6169119999999998,0.294204
64,"([0.26, 0.12, 0.33, 0.23, 0.07], [4])","([0, 0, 1, 0, 0], [2])",-0.0,-0.0,-0.0,-0.0,-0.93,-0.93,0.598392,0.9485199999999998,0.294204
65,"([0.26, 0.12, 0.33, 0.23, 0.07], [1])","([0, 0, 1, 0, 0], [2])",-0.0,-0.9520000000000001,-0.0,-0.0,-0.0,-0.9520000000000001,0.598392,1.3021279999999997,0.294204
66,"([0.26, 0.12, 0.33, 0.23, 0.07], [2])","([0, 0, 1, 0, 0], [2])",-0.0,-0.0,-0.0,-0.0,-0.0,0.0,0.598392,0.7037359999999997,0.294204
67,"([0.26, 0.12, 0.33, 0.23, 0.07], [2])","([0, 0, 1, 0, 0], [2])",-0.0,-0.0,-0.0,-0.0,-0.0,0.0,0.598392,0.10534399999999966,0.294204
68,"([0.26, 0.12, 0.33, 0.23, 0.07], [1])","([0, 0, 1, 0, 0], [2])",-0.0,-0.9520000000000001,-0.0,-0.0,-0.0,-0.9520000000000001,0.598392,0.4589519999999997,0.294204
69,"([0.26, 0.12, 0.33, 0.23, 0.07], [0])","([0, 0, 1, 0, 0], [2])",-0.8540000000000001,-0.0,-0.0,-0.0,-0.0,-0.8540000000000001,0.598392,0.7145599999999998,0.294204
70,"([0.26, 0.12, 0.33, 0.23, 0.07], [3])","([0, 0, 1, 0, 0], [2])",-0.0,-0.0,-0.0,-0.888,-0.0,-0.888,0.598392,1.0041679999999997,0.294204
71,"([0.26, 0.12, 0.33, 0.23, 0.07], [3])","([0, 0, 1, 0, 0], [2])",-0.0,-0.0,-0.0,-0.888,-0.0,-0.888,0.598392,1.2937759999999998,0.294204
72,"([0.26, 0.12, 0.33, 0.23, 0.07], [2])","([0, 0, 1, 0, 0], [2])",-0.0,-0.0,-0.0,-0.0,-0.0,0.0,0.598392,0.6953839999999998,0.294204
73,"([0.26, 0.12, 0.33, 0.23, 0.07], [0])","([0, 0, 1, 0, 0], [2])",-0.8540000000000001,-0.0,-0.0,-0.0,-0.0,-0.8540000000000001,0.598392,0.9509919999999998,0.294204
74,"([0.26, 0.12, 0.33, 0.23, 0.07], [0])","([0, 0, 1, 0, 0], [2])",-0.8540000000000001,-0.0,-0.0,-0.0,-0.0,-0.8540000000000001,0.598392,1.2066,0.294204
75,"([0.26, 0.12, 0.33, 0.23, 0.07], [2])","([0, 0, 1, 0, 0], [2])",-0.0,-0.0,-0.0,-0.0,-0.0,0.0,0.598392,0.6082079999999999,0.294204
76,"([0.26, 0.12, 0.33, 0.23, 0.07], [0])","([0, 0, 1, 0, 0], [2])",-0.8540000000000001,-0.0,-0.0,-0.0,-0.0,-0.8540000000000001,0.598392,0.8638159999999999,0.294204
77,"([0.26, 0.12, 0.33, 0.23, 0.07], [2])","([0, 0, 1, 0, 0], [2])",-0.0,-0.0,-0.0,-0.0,-0.0,0.0,0.598392,0.2654239999999999,0.294204
78,"([0.26, 0.12, 0.33, 0.23, 0.07], [2])","([0, 0, 1, 0, 0], [2])",-0.0,-0.0,-0.0,-0.0,-0.0,0.0,0.598392,-0.33296800000000015,0.294204
79,"([0.26, 0.12, 0.33, 0.23, 0.07], [2])","([0, 0, 1, 0, 0], [2])",-0.0,-0.0,-0.0,-0.0,-0.0,0.0,0.598392,-0.9313600000000002,0.294204
80,"([0.26, 0.12, 0.33, 0.23, 0.07], [0])","([0, 0, 1, 0, 0], [2])",-0.8540000000000001,-0.0,-0.0,-0.0,-0.0,-0.8540000000000001,0.598392,-0.6757520000000001,0.294204
81,"([0.26, 0.12, 0.33, 0.23, 0.07], [3])","([0, 0, 1, 0, 0], [2])",-0.0,-0.0,-0.0,-0.888,-0.0,-0.888,0.598392,-0.38614400000000015,0.294204
82,"([0.26, 0.12, 0.33, 0.23, 0.07], [2])","([0, 0, 1, 0, 0], [2])",-0.0,-0.0,-0.0,-0.0,-0.0,0.0,0.598392,-0.9845360000000002,0.294204
83,"([0.26, 0.12, 0.33, 0.23, 0.07], [2])","([0, 0, 1, 0, 0], [2])",-0.0,-0.0,-0.0,-0.0,-0.0,0.0,0.598392,-1.5829280000000003,0.294204
84,"([0.26, 0.12, 0.33, 0.23, 0.07], [1])","([0, 0, 1, 0, 0], [2])",-0.0,-0.9520000000000001,-0.0,-0.0,-0.0,-0.9520000000000001,0.598392,-1.2293200000000004,0.294204
85,"([0.26, 0.12, 0.33, 0.23, 0.07], [2])","([0, 0, 1, 0, 0], [2])",-0.0,-0.0,-0.0,-0.0,-0.0,0.0,0.598392,-1.8277120000000004,0.294204
86,"([0.26, 0.12, 0.33, 0.23, 0.07], [3])","([0, 0, 1, 0, 0], [2])",-0.0,-0.0,-0.0,-0.888,-0.0,-0.888,0.598392,-1.5381040000000006,0.294204
87,"([0.26, 0.12, 0.33, 0.23, 0.07], [3])","([0, 0, 1, 0, 0], [2])",-0.0,-0.0,-0.0,-0.888,-0.0,-0.888,0.598392,-1.2484960000000007,0.294204
88,"([0.26, 0.12, 0.33, 0.23, 0.07], [3])","([0, 0, 1, 0, 0], [2])",-0.0,-0.0,-0.0,-0.888,-0.0,-0.888,0.598392,-0.9588880000000007,0.294204
89,"([0.26, 0.12, 0.33, 0.23, 0.07], [2])","([0, 0, 1, 0, 0], [2])",-0.0,-0.0,-0.0,-0.0,-0.0,0.0,0.598392,-1.5572800000000009,0.294204
90,"([0.26, 0.12, 0.33, 0.23, 0.07], [2])","([0, 0, 1, 0, 0], [2])",-0.0,-0.0,-0.0,-0.0,-0.0,0.0,0.598392,-2.155672000000001,0.294204
91,"([0.26, 0.12, 0.33, 0.23, 0.07], [1])","([0, 0, 1, 0, 0], [2])",-0.0,-0.9520000000000001,-0.0,-0.0,-0.0,-0.9520000000000001,0.598392,-1.802064000000001,0.294204
92,"([0.26, 0.12, 0.33, 0.23, 0.07], [2])","([0, 0, 1, 0, 0], [2])",-0.0,-0.0,-0.0,-0.0,-0.0,0.0,0.598392,-2.400456000000001,0.294204
93,"([0.26, 0.12, 0.33, 0.23, 0.07], [1])","([0, 0, 1, 0, 0], [2])",-0.0,-0.9520000000000001,-0.0,-0.0,-0.0,-0.9520000000000001,0.598392,-2.046848000000001,0.294204
94,"([0.26, 0.12, 0.33, 0.23, 0.07], [3])","([0, 0, 1, 0, 0], [2])",-0.0,-0.0,-0.0,-0.888,-0.0,-0.888,0.598392,-1.7572400000000012,0.294204
95,"([0.26, 0.12, 0.33, 0.23, 0.07], [2])","([0, 0, 1, 0, 0], [2])",-0.0,-0.0,-0.0,-0.0,-0.0,0.0,0.598392,-2.3556320000000013,0.294204
96,"([0.26, 0.12, 0.33, 0.23, 0.07], [2])","([0, 0, 1, 0, 0], [2])",-0.0,-0.0,-0.0,-0.0,-0.0,0.0,0.598392,-2.9540240000000013,0.294204
97,"([0.26, 0.12, 0.33, 0.23, 0.07], [3])","([0, 0, 1, 0, 0], [2])",-0.0,-0.0,-0.0,-0.888,-0.0,-0.888,0.598392,-2.6644160000000014,0.294204
98,"([0.26, 0.12, 0.33, 0.23, 0.07], [3])","([0, 0, 1, 0, 0], [2])",-0.0,-0.0,-0.0,-0.888,-0.0,-0.888,0.598392,-2.3748080000000016,0.294204
99,"([0.26, 0.12, 0.33, 0.23, 0.07], [1])","([0, 0, 1, 0, 0], [2])",-0.0,-0.9520000000000001,-0.0,-0.0,-0.0,-0.9520000000000001,0.598392,-2.0212000000000017,0.294204
