,sto-1,FB-0,feedback target 0,feedback target 1,feedback target 2,feedback target 3,feedback target 4,feedback target 5,total,exp_loss,actual_regret,exp_regret
0,"([0.05, 0.5, 0.09, 0.14, 0.23, 0.0], [1])","([0.17, 0.13, 0.16, 0.14, 0.25, 0.14], [0])",-0.0,-0.713,-0.0,-0.0,-0.0,-0.0,-0.713,0.6176548855838165,0.3278588588588588,0.23251374444267536
1,"([0.05, 0.5, 0.09, 0.14, 0.23, 0.0], [2])","([0.17, 0.13, 0.16, 0.14, 0.25, 0.14], [1])",-0.0,-0.0,-0.7390000000000001,-0.0,-0.0,-0.0,-0.7390000000000001,0.6176548855838165,0.6817177177177177,0.4650274888853507
2,"([0.05, 0.5, 0.09, 0.14, 0.23, 0.0], [3])","([0, 0, 1, 0, 0, 0], [2])",-0.0,-0.0,-0.0,-0.7170000000000001,-0.0,-0.0,-0.7170000000000001,0.6761871871871872,1.0135765765765767,0.7560735349313967
3,"([0.05, 0.5, 0.09, 0.14, 0.23, 0.0], [1])","([0.17, 0.15, 0.17, 0.15, 0.21, 0.15], [2])",-0.0,-0.713,-0.0,-0.0,-0.0,-0.0,-0.713,0.6180067793612712,1.3414354354354354,0.9889391731515268
4,"([0.05, 0.5, 0.09, 0.14, 0.23, 0.0], [3])","([0, 1, 0, 0, 0, 0], [1])",-0.0,-0.0,-0.0,-0.7170000000000001,-0.0,-0.0,-0.7170000000000001,0.3851411411411412,1.6732942942942943,0.9889391731515268
5,"([0.05, 0.5, 0.09, 0.14, 0.23, 0.0], [4])","([0, 1, 0, 0, 0, 0], [1])",-0.0,-0.0,-0.0,-0.0,-0.8190000000000001,-0.0,-0.8190000000000001,0.3851411411411412,2.107153153153153,0.9889391731515268
6,"([0.05, 0.5, 0.09, 0.14, 0.23, 0.0], [4])","([0.17, 0.15, 0.17, 0.15, 0.21, 0.15], [0])",-0.0,-0.0,-0.0,-0.0,-0.8190000000000001,-0.0,-0.8190000000000001,0.6180067793612712,2.541012012012012,1.2218048113716569
7,"([0.05, 0.5, 0.09, 0.14, 0.23, 0.0], [1])","([0.17, 0.14, 0.16, 0.15, 0.22, 0.15], [0])",-0.0,-0.713,-0.0,-0.0,-0.0,-0.0,-0.713,0.6176239846571551,2.868870870870871,1.4542876548876706
8,"([0.05, 0.5, 0.09, 0.14, 0.23, 0.0], [4])","([0, 1, 0, 0, 0, 0], [1])",-0.0,-0.0,-0.0,-0.0,-0.8190000000000001,-0.0,-0.8190000000000001,0.3851411411411412,3.30272972972973,1.4542876548876706
9,"([0.05, 0.5, 0.09, 0.14, 0.23, 0.0], [4])","([0, 1, 0, 0, 0, 0], [1])",-0.0,-0.0,-0.0,-0.0,-0.8190000000000001,-0.0,-0.8190000000000001,0.3851411411411412,3.7365885885885888,1.4542876548876706
10,"([0.05, 0.5, 0.09, 0.14, 0.23, 0.0], [1])","([0, 1, 0, 0, 0, 0], [1])",-0.0,-0.0,-0.0,-0.0,-0.0,-0.0,0.0,0.3851411411411412,3.3514474474474474,1.4542876548876706
11,"([0.05, 0.5, 0.09, 0.14, 0.23, 0.0], [1])","([0, 1, 0, 0, 0, 0], [1])",-0.0,-0.0,-0.0,-0.0,-0.0,-0.0,0.0,0.3851411411411412,2.966306306306306,1.4542876548876706
12,"([0.05, 0.5, 0.09, 0.14, 0.23, 0.0], [3])","([0, 1, 0, 0, 0, 0], [1])",-0.0,-0.0,-0.0,-0.7170000000000001,-0.0,-0.0,-0.7170000000000001,0.3851411411411412,3.298165165165165,1.4542876548876706
13,"([0.05, 0.5, 0.09, 0.14, 0.23, 0.0], [1])","([0, 1, 0, 0, 0, 0], [1])",-0.0,-0.0,-0.0,-0.0,-0.0,-0.0,0.0,0.3851411411411412,2.9130240240240237,1.4542876548876706
14,"([0.05, 0.5, 0.09, 0.14, 0.23, 0.0], [0])","([0, 1, 0, 0, 0, 0], [1])",-0.747,-0.0,-0.0,-0.0,-0.0,-0.0,-0.747,0.3851411411411412,3.2748828828828827,1.4542876548876706
15,"([0.05, 0.5, 0.09, 0.14, 0.23, 0.0], [4])","([0, 0, 0, 0, 1, 0], [4])",-0.0,-0.0,-0.0,-0.0,-0.0,-0.0,0.0,0.5568248248248249,2.8897417417417417,1.6259713385713543
16,"([0.05, 0.5, 0.09, 0.14, 0.23, 0.0], [0])","([0, 0, 0, 0, 1, 0], [4])",-0.747,-0.0,-0.0,-0.0,-0.0,-0.0,-0.747,0.5568248248248249,3.2516006006006006,1.797655022255038
17,"([0.05, 0.5, 0.09, 0.14, 0.23, 0.0], [3])","([0, 0, 0, 0, 1, 0], [4])",-0.0,-0.0,-0.0,-0.7170000000000001,-0.0,-0.0,-0.7170000000000001,0.5568248248248249,3.5834594594594593,1.9693387059387217
18,"([0.05, 0.5, 0.09, 0.14, 0.23, 0.0], [2])","([0, 0, 0, 0, 1, 0], [4])",-0.0,-0.0,-0.7390000000000001,-0.0,-0.0,-0.0,-0.7390000000000001,0.5568248248248249,3.9373183183183182,2.1410223896224054
19,"([0.05, 0.5, 0.09, 0.14, 0.23, 0.0], [1])","([0, 0, 0, 0, 1, 0], [4])",-0.0,-0.713,-0.0,-0.0,-0.0,-0.0,-0.713,0.5568248248248249,4.265177177177177,2.312706073306089
20,"([0.05, 0.5, 0.09, 0.14, 0.23, 0.0], [4])","([0, 0, 0, 0, 1, 0], [4])",-0.0,-0.0,-0.0,-0.0,-0.0,-0.0,0.0,0.5568248248248249,3.880036036036036,2.484389756989773
21,"([0.05, 0.5, 0.09, 0.14, 0.23, 0.0], [1])","([0, 0, 0, 0, 1, 0], [4])",-0.0,-0.713,-0.0,-0.0,-0.0,-0.0,-0.713,0.5568248248248249,4.207894894894895,2.6560734406734565
22,"([0.05, 0.5, 0.09, 0.14, 0.23, 0.0], [3])","([0, 0, 0, 0, 1, 0], [4])",-0.0,-0.0,-0.0,-0.7170000000000001,-0.0,-0.0,-0.7170000000000001,0.5568248248248249,4.539753753753754,2.82775712435714
23,"([0.05, 0.5, 0.09, 0.14, 0.23, 0.0], [1])","([0, 0, 0, 0, 1, 0], [4])",-0.0,-0.713,-0.0,-0.0,-0.0,-0.0,-0.713,0.5568248248248249,4.8676126126126125,2.999440808040824
24,"([0.05, 0.5, 0.09, 0.14, 0.23, 0.0], [2])","([0, 0, 0, 0, 1, 0], [4])",-0.0,-0.0,-0.7390000000000001,-0.0,-0.0,-0.0,-0.7390000000000001,0.5568248248248249,5.221471471471471,3.1711244917245076
25,"([0.05, 0.5, 0.09, 0.14, 0.23, 0.0], [3])","([0, 0, 0, 0, 1, 0], [4])",-0.0,-0.0,-0.0,-0.7170000000000001,-0.0,-0.0,-0.7170000000000001,0.5568248248248249,5.55333033033033,3.3428081754081913
26,"([0.05, 0.5, 0.09, 0.14, 0.23, 0.0], [1])","([0, 0, 0, 0, 1, 0], [4])",-0.0,-0.713,-0.0,-0.0,-0.0,-0.0,-0.713,0.5568248248248249,5.881189189189189,3.514491859091875
27,"([0.05, 0.5, 0.09, 0.14, 0.23, 0.0], [4])","([0, 0, 0, 0, 1, 0], [4])",-0.0,-0.0,-0.0,-0.0,-0.0,-0.0,0.0,0.5568248248248249,5.496048048048047,3.6861755427755587
28,"([0.05, 0.5, 0.09, 0.14, 0.23, 0.0], [2])","([0, 0, 0, 0, 1, 0], [4])",-0.0,-0.0,-0.7390000000000001,-0.0,-0.0,-0.0,-0.7390000000000001,0.5568248248248249,5.849906906906906,3.8578592264592424
29,"([0.05, 0.5, 0.09, 0.14, 0.23, 0.0], [4])","([0, 0, 0, 0, 1, 0], [4])",-0.0,-0.0,-0.0,-0.0,-0.0,-0.0,0.0,0.5568248248248249,5.4647657657657644,4.029542910142926
30,"([0.05, 0.5, 0.09, 0.14, 0.23, 0.0], [4])","([0, 0, 0, 0, 1, 0], [4])",-0.0,-0.0,-0.0,-0.0,-0.0,-0.0,0.0,0.5568248248248249,5.079624624624623,4.201226593826609
31,"([0.05, 0.5, 0.09, 0.14, 0.23, 0.0], [1])","([0, 0, 0, 0, 1, 0], [4])",-0.0,-0.713,-0.0,-0.0,-0.0,-0.0,-0.713,0.5568248248248249,5.407483483483482,4.372910277510293
32,"([0.05, 0.5, 0.09, 0.14, 0.23, 0.0], [1])","([0, 0, 0, 0, 1, 0], [4])",-0.0,-0.713,-0.0,-0.0,-0.0,-0.0,-0.713,0.5568248248248249,5.73534234234234,4.544593961193977
33,"([0.05, 0.5, 0.09, 0.14, 0.23, 0.0], [1])","([0, 0, 0, 0, 1, 0], [4])",-0.0,-0.713,-0.0,-0.0,-0.0,-0.0,-0.713,0.5568248248248249,6.063201201201199,4.71627764487766
34,"([0.05, 0.5, 0.09, 0.14, 0.23, 0.0], [3])","([0, 0, 0, 0, 1, 0], [4])",-0.0,-0.0,-0.0,-0.7170000000000001,-0.0,-0.0,-0.7170000000000001,0.5568248248248249,6.395060060060058,4.887961328561344
35,"([0.05, 0.5, 0.09, 0.14, 0.23, 0.0], [1])","([0, 0, 0, 0, 1, 0], [4])",-0.0,-0.713,-0.0,-0.0,-0.0,-0.0,-0.713,0.5568248248248249,6.722918918918917,5.059645012245028
36,"([0.05, 0.5, 0.09, 0.14, 0.23, 0.0], [4])","([0, 0, 0, 0, 1, 0], [4])",-0.0,-0.0,-0.0,-0.0,-0.0,-0.0,0.0,0.5568248248248249,6.3377777777777755,5.2313286959287115
37,"([0.05, 0.5, 0.09, 0.14, 0.23, 0.0], [2])","([0, 0, 0, 0, 1, 0], [4])",-0.0,-0.0,-0.7390000000000001,-0.0,-0.0,-0.0,-0.7390000000000001,0.5568248248248249,6.691636636636634,5.403012379612395
38,"([0.05, 0.5, 0.09, 0.14, 0.23, 0.0], [1])","([0, 0, 0, 0, 1, 0], [4])",-0.0,-0.713,-0.0,-0.0,-0.0,-0.0,-0.713,0.5568248248248249,7.019495495495493,5.574696063296079
39,"([0.05, 0.5, 0.09, 0.14, 0.23, 0.0], [3])","([0, 0, 0, 0, 1, 0], [4])",-0.0,-0.0,-0.0,-0.7170000000000001,-0.0,-0.0,-0.7170000000000001,0.5568248248248249,7.351354354354352,5.746379746979763
40,"([0.05, 0.5, 0.09, 0.14, 0.23, 0.0], [3])","([0, 0, 0, 0, 1, 0], [4])",-0.0,-0.0,-0.0,-0.7170000000000001,-0.0,-0.0,-0.7170000000000001,0.5568248248248249,7.683213213213211,5.918063430663446
41,"([0.05, 0.5, 0.09, 0.14, 0.23, 0.0], [3])","([0, 0, 0, 0, 1, 0], [4])",-0.0,-0.0,-0.0,-0.7170000000000001,-0.0,-0.0,-0.7170000000000001,0.5568248248248249,8.01507207207207,6.08974711434713
42,"([0.05, 0.5, 0.09, 0.14, 0.23, 0.0], [3])","([0, 0, 0, 0, 1, 0], [4])",-0.0,-0.0,-0.0,-0.7170000000000001,-0.0,-0.0,-0.7170000000000001,0.5568248248248249,8.346930930930927,6.261430798030814
43,"([0.05, 0.5, 0.09, 0.14, 0.23, 0.0], [1])","([0, 0, 0, 0, 1, 0], [4])",-0.0,-0.713,-0.0,-0.0,-0.0,-0.0,-0.713,0.5568248248248249,8.674789789789786,6.433114481714497
44,"([0.05, 0.5, 0.09, 0.14, 0.23, 0.0], [3])","([0, 0, 0, 0, 1, 0], [4])",-0.0,-0.0,-0.0,-0.7170000000000001,-0.0,-0.0,-0.7170000000000001,0.5568248248248249,9.006648648648644,6.604798165398181
45,"([0.05, 0.5, 0.09, 0.14, 0.23, 0.0], [1])","([0, 0, 0, 0, 1, 0], [4])",-0.0,-0.713,-0.0,-0.0,-0.0,-0.0,-0.713,0.5568248248248249,9.334507507507503,6.776481849081865
46,"([0.05, 0.5, 0.09, 0.14, 0.23, 0.0], [4])","([0, 0, 0, 0, 1, 0], [4])",-0.0,-0.0,-0.0,-0.0,-0.0,-0.0,0.0,0.5568248248248249,8.949366366366363,6.9481655327655485
47,"([0.05, 0.5, 0.09, 0.14, 0.23, 0.0], [1])","([0, 0, 0, 0, 1, 0], [4])",-0.0,-0.713,-0.0,-0.0,-0.0,-0.0,-0.713,0.5568248248248249,9.277225225225221,7.119849216449232
48,"([0.05, 0.5, 0.09, 0.14, 0.23, 0.0], [2])","([0, 0, 0, 0, 1, 0], [4])",-0.0,-0.0,-0.7390000000000001,-0.0,-0.0,-0.0,-0.7390000000000001,0.5568248248248249,9.63108408408408,7.291532900132916
49,"([0.05, 0.5, 0.09, 0.14, 0.23, 0.0], [1])","([0, 0, 0, 0, 1, 0], [4])",-0.0,-0.713,-0.0,-0.0,-0.0,-0.0,-0.713,0.5568248248248249,9.958942942942938,7.4632165838166
50,"([0.05, 0.5, 0.09, 0.14, 0.23, 0.0], [1])","([0, 0, 0, 0, 1, 0], [4])",-0.0,-0.713,-0.0,-0.0,-0.0,-0.0,-0.713,0.5568248248248249,10.286801801801797,7.634900267500283
51,"([0.05, 0.5, 0.09, 0.14, 0.23, 0.0], [3])","([0, 0, 0, 0, 1, 0], [4])",-0.0,-0.0,-0.0,-0.7170000000000001,-0.0,-0.0,-0.7170000000000001,0.5568248248248249,10.618660660660655,7.806583951183967
52,"([0.05, 0.5, 0.09, 0.14, 0.23, 0.0], [1])","([0, 0, 0, 0, 1, 0], [4])",-0.0,-0.713,-0.0,-0.0,-0.0,-0.0,-0.713,0.5568248248248249,10.946519519519514,7.978267634867651
53,"([0.05, 0.5, 0.09, 0.14, 0.23, 0.0], [1])","([0, 0, 0, 0, 1, 0], [4])",-0.0,-0.713,-0.0,-0.0,-0.0,-0.0,-0.713,0.5568248248248249,11.274378378378373,8.149951318551334
54,"([0.05, 0.5, 0.09, 0.14, 0.23, 0.0], [4])","([0, 0, 0, 0, 1, 0], [4])",-0.0,-0.0,-0.0,-0.0,-0.0,-0.0,0.0,0.5568248248248249,10.889237237237232,8.321635002235018
55,"([0.05, 0.5, 0.09, 0.14, 0.23, 0.0], [1])","([0, 0, 0, 0, 1, 0], [4])",-0.0,-0.713,-0.0,-0.0,-0.0,-0.0,-0.713,0.5568248248248249,11.21709609609609,8.493318685918702
56,"([0.05, 0.5, 0.09, 0.14, 0.23, 0.0], [4])","([0, 0, 0, 0, 1, 0], [4])",-0.0,-0.0,-0.0,-0.0,-0.0,-0.0,0.0,0.5568248248248249,10.83195495495495,8.665002369602385
57,"([0.05, 0.5, 0.09, 0.14, 0.23, 0.0], [2])","([0, 0, 0, 0, 1, 0], [4])",-0.0,-0.0,-0.7390000000000001,-0.0,-0.0,-0.0,-0.7390000000000001,0.5568248248248249,11.185813813813809,8.83668605328607
58,"([0.05, 0.5, 0.09, 0.14, 0.23, 0.0], [1])","([0, 0, 0, 0, 1, 0], [4])",-0.0,-0.713,-0.0,-0.0,-0.0,-0.0,-0.713,0.5568248248248249,11.513672672672667,9.008369736969753
59,"([0.05, 0.5, 0.09, 0.14, 0.23, 0.0], [3])","([0, 0, 0, 0, 1, 0], [4])",-0.0,-0.0,-0.0,-0.7170000000000001,-0.0,-0.0,-0.7170000000000001,0.5568248248248249,11.845531531531526,9.180053420653437
60,"([0.05, 0.5, 0.09, 0.14, 0.23, 0.0], [1])","([0, 0, 0, 0, 1, 0], [4])",-0.0,-0.713,-0.0,-0.0,-0.0,-0.0,-0.713,0.5568248248248249,12.173390390390384,9.35173710433712
61,"([0.05, 0.5, 0.09, 0.14, 0.23, 0.0], [1])","([0, 0, 0, 0, 1, 0], [4])",-0.0,-0.713,-0.0,-0.0,-0.0,-0.0,-0.713,0.5568248248248249,12.501249249249243,9.523420788020804
62,"([0.05, 0.5, 0.09, 0.14, 0.23, 0.0], [1])","([0, 0, 0, 0, 1, 0], [4])",-0.0,-0.713,-0.0,-0.0,-0.0,-0.0,-0.713,0.5568248248248249,12.829108108108102,9.695104471704488
63,"([0.05, 0.5, 0.09, 0.14, 0.23, 0.0], [1])","([0, 1, 0, 0, 0, 0], [1])",-0.0,-0.0,-0.0,-0.0,-0.0,-0.0,0.0,0.3851411411411412,12.443966966966961,9.695104471704488
64,"([0.05, 0.5, 0.09, 0.14, 0.23, 0.0], [0])","([0, 1, 0, 0, 0, 0], [1])",-0.747,-0.0,-0.0,-0.0,-0.0,-0.0,-0.747,0.3851411411411412,12.80582582582582,9.695104471704488
65,"([0.05, 0.5, 0.09, 0.14, 0.23, 0.0], [1])","([0, 1, 0, 0, 0, 0], [1])",-0.0,-0.0,-0.0,-0.0,-0.0,-0.0,0.0,0.3851411411411412,12.42068468468468,9.695104471704488
66,"([0.05, 0.5, 0.09, 0.14, 0.23, 0.0], [3])","([0, 1, 0, 0, 0, 0], [1])",-0.0,-0.0,-0.0,-0.7170000000000001,-0.0,-0.0,-0.7170000000000001,0.3851411411411412,12.752543543543538,9.695104471704488
67,"([0.05, 0.5, 0.09, 0.14, 0.23, 0.0], [3])","([0, 1, 0, 0, 0, 0], [1])",-0.0,-0.0,-0.0,-0.7170000000000001,-0.0,-0.0,-0.7170000000000001,0.3851411411411412,13.084402402402397,9.695104471704488
68,"([0.05, 0.5, 0.09, 0.14, 0.23, 0.0], [1])","([0, 1, 0, 0, 0, 0], [1])",-0.0,-0.0,-0.0,-0.0,-0.0,-0.0,0.0,0.3851411411411412,12.699261261261256,9.695104471704488
69,"([0.05, 0.5, 0.09, 0.14, 0.23, 0.0], [0])","([0, 1, 0, 0, 0, 0], [1])",-0.747,-0.0,-0.0,-0.0,-0.0,-0.0,-0.747,0.3851411411411412,13.061120120120115,9.695104471704488
70,"([0.05, 0.5, 0.09, 0.14, 0.23, 0.0], [2])","([0, 1, 0, 0, 0, 0], [1])",-0.0,-0.0,-0.7390000000000001,-0.0,-0.0,-0.0,-0.7390000000000001,0.3851411411411412,13.414978978978974,9.695104471704488
71,"([0.05, 0.5, 0.09, 0.14, 0.23, 0.0], [1])","([0, 1, 0, 0, 0, 0], [1])",-0.0,-0.0,-0.0,-0.0,-0.0,-0.0,0.0,0.3851411411411412,13.029837837837833,9.695104471704488
72,"([0.05, 0.5, 0.09, 0.14, 0.23, 0.0], [2])","([0, 1, 0, 0, 0, 0], [1])",-0.0,-0.0,-0.7390000000000001,-0.0,-0.0,-0.0,-0.7390000000000001,0.3851411411411412,13.383696696696692,9.695104471704488
73,"([0.05, 0.5, 0.09, 0.14, 0.23, 0.0], [4])","([0, 1, 0, 0, 0, 0], [1])",-0.0,-0.0,-0.0,-0.0,-0.8190000000000001,-0.0,-0.8190000000000001,0.3851411411411412,13.81755555555555,9.695104471704488
74,"([0.05, 0.5, 0.09, 0.14, 0.23, 0.0], [4])","([0, 1, 0, 0, 0, 0], [1])",-0.0,-0.0,-0.0,-0.0,-0.8190000000000001,-0.0,-0.8190000000000001,0.3851411411411412,14.251414414414409,9.695104471704488
75,"([0.05, 0.5, 0.09, 0.14, 0.23, 0.0], [4])","([0, 1, 0, 0, 0, 0], [1])",-0.0,-0.0,-0.0,-0.0,-0.8190000000000001,-0.0,-0.8190000000000001,0.3851411411411412,14.685273273273268,9.695104471704488
76,"([0.05, 0.5, 0.09, 0.14, 0.23, 0.0], [0])","([0, 0, 0, 0, 1, 0], [4])",-0.747,-0.0,-0.0,-0.0,-0.0,-0.0,-0.747,0.5568248248248249,15.047132132132127,9.866788155388171
77,"([0.05, 0.5, 0.09, 0.14, 0.23, 0.0], [4])","([0, 0, 0, 0, 1, 0], [4])",-0.0,-0.0,-0.0,-0.0,-0.0,-0.0,0.0,0.5568248248248249,14.661990990990986,10.038471839071855
78,"([0.05, 0.5, 0.09, 0.14, 0.23, 0.0], [1])","([0, 0, 0, 0, 1, 0], [4])",-0.0,-0.713,-0.0,-0.0,-0.0,-0.0,-0.713,0.5568248248248249,14.989849849849845,10.210155522755539
79,"([0.05, 0.5, 0.09, 0.14, 0.23, 0.0], [1])","([0, 0, 0, 0, 1, 0], [4])",-0.0,-0.713,-0.0,-0.0,-0.0,-0.0,-0.713,0.5568248248248249,15.317708708708704,10.381839206439222
80,"([0.05, 0.5, 0.09, 0.14, 0.23, 0.0], [4])","([0, 1, 0, 0, 0, 0], [1])",-0.0,-0.0,-0.0,-0.0,-0.8190000000000001,-0.0,-0.8190000000000001,0.3851411411411412,15.751567567567562,10.381839206439222
81,"([0.05, 0.5, 0.09, 0.14, 0.23, 0.0], [1])","([0, 0, 0, 0, 1, 0], [4])",-0.0,-0.713,-0.0,-0.0,-0.0,-0.0,-0.713,0.5568248248248249,16.079426426426423,10.553522890122906
82,"([0.05, 0.5, 0.09, 0.14, 0.23, 0.0], [1])","([0, 0, 0, 0, 1, 0], [4])",-0.0,-0.713,-0.0,-0.0,-0.0,-0.0,-0.713,0.5568248248248249,16.407285285285283,10.72520657380659
83,"([0.05, 0.5, 0.09, 0.14, 0.23, 0.0], [1])","([0, 1, 0, 0, 0, 0], [1])",-0.0,-0.0,-0.0,-0.0,-0.0,-0.0,0.0,0.3851411411411412,16.022144144144143,10.72520657380659
84,"([0.05, 0.5, 0.09, 0.14, 0.23, 0.0], [1])","([0, 1, 0, 0, 0, 0], [1])",-0.0,-0.0,-0.0,-0.0,-0.0,-0.0,0.0,0.3851411411411412,15.637003003003002,10.72520657380659
85,"([0.05, 0.5, 0.09, 0.14, 0.23, 0.0], [4])","([0, 1, 0, 0, 0, 0], [1])",-0.0,-0.0,-0.0,-0.0,-0.8190000000000001,-0.0,-0.8190000000000001,0.3851411411411412,16.07086186186186,10.72520657380659
86,"([0.05, 0.5, 0.09, 0.14, 0.23, 0.0], [4])","([0, 1, 0, 0, 0, 0], [1])",-0.0,-0.0,-0.0,-0.0,-0.8190000000000001,-0.0,-0.8190000000000001,0.3851411411411412,16.50472072072072,10.72520657380659
87,"([0.05, 0.5, 0.09, 0.14, 0.23, 0.0], [1])","([0, 0, 0, 0, 1, 0], [4])",-0.0,-0.713,-0.0,-0.0,-0.0,-0.0,-0.713,0.5568248248248249,16.83257957957958,10.896890257490274
88,"([0.05, 0.5, 0.09, 0.14, 0.23, 0.0], [1])","([0, 1, 0, 0, 0, 0], [1])",-0.0,-0.0,-0.0,-0.0,-0.0,-0.0,0.0,0.3851411411411412,16.44743843843844,10.896890257490274
89,"([0.05, 0.5, 0.09, 0.14, 0.23, 0.0], [1])","([0, 1, 0, 0, 0, 0], [1])",-0.0,-0.0,-0.0,-0.0,-0.0,-0.0,0.0,0.3851411411411412,16.0622972972973,10.896890257490274
90,"([0.05, 0.5, 0.09, 0.14, 0.23, 0.0], [4])","([0, 1, 0, 0, 0, 0], [1])",-0.0,-0.0,-0.0,-0.0,-0.8190000000000001,-0.0,-0.8190000000000001,0.3851411411411412,16.496156156156157,10.896890257490274
91,"([0.05, 0.5, 0.09, 0.14, 0.23, 0.0], [1])","([0, 1, 0, 0, 0, 0], [1])",-0.0,-0.0,-0.0,-0.0,-0.0,-0.0,0.0,0.3851411411411412,16.111015015015017,10.896890257490274
92,"([0.05, 0.5, 0.09, 0.14, 0.23, 0.0], [3])","([0, 1, 0, 0, 0, 0], [1])",-0.0,-0.0,-0.0,-0.7170000000000001,-0.0,-0.0,-0.7170000000000001,0.3851411411411412,16.442873873873875,10.896890257490274
93,"([0.05, 0.5, 0.09, 0.14, 0.23, 0.0], [4])","([0, 1, 0, 0, 0, 0], [1])",-0.0,-0.0,-0.0,-0.0,-0.8190000000000001,-0.0,-0.8190000000000001,0.3851411411411412,16.876732732732734,10.896890257490274
94,"([0.05, 0.5, 0.09, 0.14, 0.23, 0.0], [1])","([0, 1, 0, 0, 0, 0], [1])",-0.0,-0.0,-0.0,-0.0,-0.0,-0.0,0.0,0.3851411411411412,16.491591591591593,10.896890257490274
95,"([0.05, 0.5, 0.09, 0.14, 0.23, 0.0], [4])","([0, 1, 0, 0, 0, 0], [1])",-0.0,-0.0,-0.0,-0.0,-0.8190000000000001,-0.0,-0.8190000000000001,0.3851411411411412,16.92545045045045,10.896890257490274
96,"([0.05, 0.5, 0.09, 0.14, 0.23, 0.0], [4])","([0, 1, 0, 0, 0, 0], [1])",-0.0,-0.0,-0.0,-0.0,-0.8190000000000001,-0.0,-0.8190000000000001,0.3851411411411412,17.35930930930931,10.896890257490274
97,"([0.05, 0.5, 0.09, 0.14, 0.23, 0.0], [4])","([0, 0, 0, 0, 1, 0], [4])",-0.0,-0.0,-0.0,-0.0,-0.0,-0.0,0.0,0.5568248248248249,16.97416816816817,11.068573941173957
98,"([0.05, 0.5, 0.09, 0.14, 0.23, 0.0], [1])","([0, 0, 0, 0, 1, 0], [4])",-0.0,-0.713,-0.0,-0.0,-0.0,-0.0,-0.713,0.5568248248248249,17.30202702702703,11.240257624857641
99,"([0.05, 0.5, 0.09, 0.14, 0.23, 0.0], [1])","([0, 0, 0, 0, 1, 0], [4])",-0.0,-0.713,-0.0,-0.0,-0.0,-0.0,-0.713,0.5568248248248249,17.62988588588589,11.411941308541325
100,"([0.05, 0.5, 0.09, 0.14, 0.23, 0.0], [4])","([0, 0, 0, 0, 1, 0], [4])",-0.0,-0.0,-0.0,-0.0,-0.0,-0.0,0.0,0.5568248248248249,17.24474474474475,11.583624992225008
101,"([0.05, 0.5, 0.09, 0.14, 0.23, 0.0], [3])","([0, 0, 0, 0, 1, 0], [4])",-0.0,-0.0,-0.0,-0.7170000000000001,-0.0,-0.0,-0.7170000000000001,0.5568248248248249,17.57660360360361,11.755308675908692
102,"([0.05, 0.5, 0.09, 0.14, 0.23, 0.0], [3])","([0, 0, 0, 0, 1, 0], [4])",-0.0,-0.0,-0.0,-0.7170000000000001,-0.0,-0.0,-0.7170000000000001,0.5568248248248249,17.908462462462467,11.926992359592376
103,"([0.05, 0.5, 0.09, 0.14, 0.23, 0.0], [3])","([0, 0, 0, 0, 1, 0], [4])",-0.0,-0.0,-0.0,-0.7170000000000001,-0.0,-0.0,-0.7170000000000001,0.5568248248248249,18.240321321321325,12.09867604327606
104,"([0.05, 0.5, 0.09, 0.14, 0.23, 0.0], [4])","([0, 0, 0, 0, 1, 0], [4])",-0.0,-0.0,-0.0,-0.0,-0.0,-0.0,0.0,0.5568248248248249,17.855180180180184,12.270359726959743
105,"([0.05, 0.5, 0.09, 0.14, 0.23, 0.0], [4])","([0, 0, 0, 0, 1, 0], [4])",-0.0,-0.0,-0.0,-0.0,-0.0,-0.0,0.0,0.5568248248248249,17.470039039039044,12.442043410643427
106,"([0.05, 0.5, 0.09, 0.14, 0.23, 0.0], [1])","([0, 0, 0, 0, 1, 0], [4])",-0.0,-0.713,-0.0,-0.0,-0.0,-0.0,-0.713,0.5568248248248249,17.797897897897904,12.61372709432711
107,"([0.05, 0.5, 0.09, 0.14, 0.23, 0.0], [2])","([0, 0, 0, 0, 1, 0], [4])",-0.0,-0.0,-0.7390000000000001,-0.0,-0.0,-0.0,-0.7390000000000001,0.5568248248248249,18.151756756756765,12.785410778010794
108,"([0.05, 0.5, 0.09, 0.14, 0.23, 0.0], [4])","([0, 0, 0, 0, 1, 0], [4])",-0.0,-0.0,-0.0,-0.0,-0.0,-0.0,0.0,0.5568248248248249,17.766615615615624,12.957094461694478
109,"([0.05, 0.5, 0.09, 0.14, 0.23, 0.0], [0])","([0, 0, 0, 0, 1, 0], [4])",-0.747,-0.0,-0.0,-0.0,-0.0,-0.0,-0.747,0.5568248248248249,18.128474474474483,13.128778145378162
110,"([0.05, 0.5, 0.09, 0.14, 0.23, 0.0], [4])","([0, 0, 0, 0, 1, 0], [4])",-0.0,-0.0,-0.0,-0.0,-0.0,-0.0,0.0,0.5568248248248249,17.743333333333343,13.300461829061845
111,"([0.05, 0.5, 0.09, 0.14, 0.23, 0.0], [4])","([0, 0, 0, 0, 1, 0], [4])",-0.0,-0.0,-0.0,-0.0,-0.0,-0.0,0.0,0.5568248248248249,17.358192192192202,13.472145512745529
112,"([0.05, 0.5, 0.09, 0.14, 0.23, 0.0], [0])","([0, 0, 0, 0, 1, 0], [4])",-0.747,-0.0,-0.0,-0.0,-0.0,-0.0,-0.747,0.5568248248248249,17.720051051051062,13.643829196429213
113,"([0.05, 0.5, 0.09, 0.14, 0.23, 0.0], [1])","([0, 0, 0, 0, 1, 0], [4])",-0.0,-0.713,-0.0,-0.0,-0.0,-0.0,-0.713,0.5568248248248249,18.047909909909922,13.815512880112896
114,"([0.05, 0.5, 0.09, 0.14, 0.23, 0.0], [1])","([0, 0, 0, 0, 1, 0], [4])",-0.0,-0.713,-0.0,-0.0,-0.0,-0.0,-0.713,0.5568248248248249,18.375768768768783,13.98719656379658
115,"([0.05, 0.5, 0.09, 0.14, 0.23, 0.0], [4])","([0, 0, 0, 0, 1, 0], [4])",-0.0,-0.0,-0.0,-0.0,-0.0,-0.0,0.0,0.5568248248248249,17.990627627627642,14.158880247480264
116,"([0.05, 0.5, 0.09, 0.14, 0.23, 0.0], [1])","([0, 0, 0, 0, 1, 0], [4])",-0.0,-0.713,-0.0,-0.0,-0.0,-0.0,-0.713,0.5568248248248249,18.318486486486503,14.330563931163947
117,"([0.05, 0.5, 0.09, 0.14, 0.23, 0.0], [2])","([0, 0, 0, 0, 1, 0], [4])",-0.0,-0.0,-0.7390000000000001,-0.0,-0.0,-0.0,-0.7390000000000001,0.5568248248248249,18.672345345345363,14.502247614847631
118,"([0.05, 0.5, 0.09, 0.14, 0.23, 0.0], [1])","([0, 0, 0, 0, 1, 0], [4])",-0.0,-0.713,-0.0,-0.0,-0.0,-0.0,-0.713,0.5568248248248249,19.000204204204223,14.673931298531315
119,"([0.05, 0.5, 0.09, 0.14, 0.23, 0.0], [1])","([0, 0, 0, 0, 1, 0], [4])",-0.0,-0.713,-0.0,-0.0,-0.0,-0.0,-0.713,0.5568248248248249,19.328063063063084,14.845614982214999
120,"([0.05, 0.5, 0.09, 0.14, 0.23, 0.0], [1])","([0, 0, 0, 0, 1, 0], [4])",-0.0,-0.713,-0.0,-0.0,-0.0,-0.0,-0.713,0.5568248248248249,19.655921921921944,15.017298665898682
121,"([0.05, 0.5, 0.09, 0.14, 0.23, 0.0], [1])","([0, 0, 0, 0, 1, 0], [4])",-0.0,-0.713,-0.0,-0.0,-0.0,-0.0,-0.713,0.5568248248248249,19.983780780780805,15.188982349582366
122,"([0.05, 0.5, 0.09, 0.14, 0.23, 0.0], [1])","([0, 0, 0, 0, 1, 0], [4])",-0.0,-0.713,-0.0,-0.0,-0.0,-0.0,-0.713,0.5568248248248249,20.311639639639665,15.36066603326605
123,"([0.05, 0.5, 0.09, 0.14, 0.23, 0.0], [4])","([0, 0, 0, 0, 1, 0], [4])",-0.0,-0.0,-0.0,-0.0,-0.0,-0.0,0.0,0.5568248248248249,19.926498498498525,15.532349716949733
124,"([0.05, 0.5, 0.09, 0.14, 0.23, 0.0], [3])","([0, 0, 0, 0, 1, 0], [4])",-0.0,-0.0,-0.0,-0.7170000000000001,-0.0,-0.0,-0.7170000000000001,0.5568248248248249,20.258357357357383,15.704033400633417
125,"([0.05, 0.5, 0.09, 0.14, 0.23, 0.0], [4])","([0, 0, 0, 0, 1, 0], [4])",-0.0,-0.0,-0.0,-0.0,-0.0,-0.0,0.0,0.5568248248248249,19.873216216216242,15.8757170843171
126,"([0.05, 0.5, 0.09, 0.14, 0.23, 0.0], [3])","([0, 0, 0, 0, 1, 0], [4])",-0.0,-0.0,-0.0,-0.7170000000000001,-0.0,-0.0,-0.7170000000000001,0.5568248248248249,20.2050750750751,16.047400768000784
127,"([0.05, 0.5, 0.09, 0.14, 0.23, 0.0], [1])","([0, 0, 0, 0, 1, 0], [4])",-0.0,-0.713,-0.0,-0.0,-0.0,-0.0,-0.713,0.5568248248248249,20.53293393393396,16.219084451684466
128,"([0.05, 0.5, 0.09, 0.14, 0.23, 0.0], [1])","([0, 0, 0, 0, 1, 0], [4])",-0.0,-0.713,-0.0,-0.0,-0.0,-0.0,-0.713,0.5568248248248249,20.86079279279282,16.39076813536815
129,"([0.05, 0.5, 0.09, 0.14, 0.23, 0.0], [1])","([0, 0, 0, 0, 1, 0], [4])",-0.0,-0.713,-0.0,-0.0,-0.0,-0.0,-0.713,0.5568248248248249,21.188651651651682,16.56245181905183
130,"([0.05, 0.5, 0.09, 0.14, 0.23, 0.0], [1])","([0, 0, 0, 0, 1, 0], [4])",-0.0,-0.713,-0.0,-0.0,-0.0,-0.0,-0.713,0.5568248248248249,21.516510510510543,16.734135502735512
131,"([0.05, 0.5, 0.09, 0.14, 0.23, 0.0], [1])","([0, 1, 0, 0, 0, 0], [1])",-0.0,-0.0,-0.0,-0.0,-0.0,-0.0,0.0,0.3851411411411412,21.131369369369402,16.734135502735512
132,"([0.05, 0.5, 0.09, 0.14, 0.23, 0.0], [1])","([0, 1, 0, 0, 0, 0], [1])",-0.0,-0.0,-0.0,-0.0,-0.0,-0.0,0.0,0.3851411411411412,20.74622822822826,16.734135502735512
133,"([0.05, 0.5, 0.09, 0.14, 0.23, 0.0], [2])","([0, 1, 0, 0, 0, 0], [1])",-0.0,-0.0,-0.7390000000000001,-0.0,-0.0,-0.0,-0.7390000000000001,0.3851411411411412,21.10008708708712,16.734135502735512
134,"([0.05, 0.5, 0.09, 0.14, 0.23, 0.0], [1])","([0, 1, 0, 0, 0, 0], [1])",-0.0,-0.0,-0.0,-0.0,-0.0,-0.0,0.0,0.3851411411411412,20.71494594594598,16.734135502735512
135,"([0.05, 0.5, 0.09, 0.14, 0.23, 0.0], [2])","([0, 1, 0, 0, 0, 0], [1])",-0.0,-0.0,-0.7390000000000001,-0.0,-0.0,-0.0,-0.7390000000000001,0.3851411411411412,21.06880480480484,16.734135502735512
136,"([0.05, 0.5, 0.09, 0.14, 0.23, 0.0], [1])","([0, 1, 0, 0, 0, 0], [1])",-0.0,-0.0,-0.0,-0.0,-0.0,-0.0,0.0,0.3851411411411412,20.6836636636637,16.734135502735512
137,"([0.05, 0.5, 0.09, 0.14, 0.23, 0.0], [1])","([0, 1, 0, 0, 0, 0], [1])",-0.0,-0.0,-0.0,-0.0,-0.0,-0.0,0.0,0.3851411411411412,20.29852252252256,16.734135502735512
138,"([0.05, 0.5, 0.09, 0.14, 0.23, 0.0], [3])","([0, 1, 0, 0, 0, 0], [1])",-0.0,-0.0,-0.0,-0.7170000000000001,-0.0,-0.0,-0.7170000000000001,0.3851411411411412,20.63038138138142,16.734135502735512
139,"([0.05, 0.5, 0.09, 0.14, 0.23, 0.0], [1])","([0, 1, 0, 0, 0, 0], [1])",-0.0,-0.0,-0.0,-0.0,-0.0,-0.0,0.0,0.3851411411411412,20.24524024024028,16.734135502735512
140,"([0.05, 0.5, 0.09, 0.14, 0.23, 0.0], [4])","([0, 1, 0, 0, 0, 0], [1])",-0.0,-0.0,-0.0,-0.0,-0.8190000000000001,-0.0,-0.8190000000000001,0.3851411411411412,20.679099099099137,16.734135502735512
141,"([0.05, 0.5, 0.09, 0.14, 0.23, 0.0], [1])","([0, 1, 0, 0, 0, 0], [1])",-0.0,-0.0,-0.0,-0.0,-0.0,-0.0,0.0,0.3851411411411412,20.293957957957996,16.734135502735512
142,"([0.05, 0.5, 0.09, 0.14, 0.23, 0.0], [1])","([0, 1, 0, 0, 0, 0], [1])",-0.0,-0.0,-0.0,-0.0,-0.0,-0.0,0.0,0.3851411411411412,19.908816816816856,16.734135502735512
143,"([0.05, 0.5, 0.09, 0.14, 0.23, 0.0], [4])","([0, 1, 0, 0, 0, 0], [1])",-0.0,-0.0,-0.0,-0.0,-0.8190000000000001,-0.0,-0.8190000000000001,0.3851411411411412,20.342675675675714,16.734135502735512
144,"([0.05, 0.5, 0.09, 0.14, 0.23, 0.0], [1])","([0, 1, 0, 0, 0, 0], [1])",-0.0,-0.0,-0.0,-0.0,-0.0,-0.0,0.0,0.3851411411411412,19.957534534534574,16.734135502735512
145,"([0.05, 0.5, 0.09, 0.14, 0.23, 0.0], [1])","([0, 1, 0, 0, 0, 0], [1])",-0.0,-0.0,-0.0,-0.0,-0.0,-0.0,0.0,0.3851411411411412,19.572393393393433,16.734135502735512
146,"([0.05, 0.5, 0.09, 0.14, 0.23, 0.0], [1])","([0, 1, 0, 0, 0, 0], [1])",-0.0,-0.0,-0.0,-0.0,-0.0,-0.0,0.0,0.3851411411411412,19.187252252252293,16.734135502735512
147,"([0.05, 0.5, 0.09, 0.14, 0.23, 0.0], [3])","([0, 1, 0, 0, 0, 0], [1])",-0.0,-0.0,-0.0,-0.7170000000000001,-0.0,-0.0,-0.7170000000000001,0.3851411411411412,19.51911111111115,16.734135502735512
148,"([0.05, 0.5, 0.09, 0.14, 0.23, 0.0], [1])","([0, 1, 0, 0, 0, 0], [1])",-0.0,-0.0,-0.0,-0.0,-0.0,-0.0,0.0,0.3851411411411412,19.13396996997001,16.734135502735512
149,"([0.05, 0.5, 0.09, 0.14, 0.23, 0.0], [4])","([0, 1, 0, 0, 0, 0], [1])",-0.0,-0.0,-0.0,-0.0,-0.8190000000000001,-0.0,-0.8190000000000001,0.3851411411411412,19.56782882882887,16.734135502735512
150,"([0.05, 0.5, 0.09, 0.14, 0.23, 0.0], [4])","([0, 1, 0, 0, 0, 0], [1])",-0.0,-0.0,-0.0,-0.0,-0.8190000000000001,-0.0,-0.8190000000000001,0.3851411411411412,20.001687687687728,16.734135502735512
151,"([0.05, 0.5, 0.09, 0.14, 0.23, 0.0], [2])","([0, 1, 0, 0, 0, 0], [1])",-0.0,-0.0,-0.7390000000000001,-0.0,-0.0,-0.0,-0.7390000000000001,0.3851411411411412,20.355546546546588,16.734135502735512
152,"([0.05, 0.5, 0.09, 0.14, 0.23, 0.0], [1])","([0, 1, 0, 0, 0, 0], [1])",-0.0,-0.0,-0.0,-0.0,-0.0,-0.0,0.0,0.3851411411411412,19.970405405405447,16.734135502735512
153,"([0.05, 0.5, 0.09, 0.14, 0.23, 0.0], [2])","([0, 1, 0, 0, 0, 0], [1])",-0.0,-0.0,-0.7390000000000001,-0.0,-0.0,-0.0,-0.7390000000000001,0.3851411411411412,20.324264264264308,16.734135502735512
154,"([0.05, 0.5, 0.09, 0.14, 0.23, 0.0], [2])","([0, 1, 0, 0, 0, 0], [1])",-0.0,-0.0,-0.7390000000000001,-0.0,-0.0,-0.0,-0.7390000000000001,0.3851411411411412,20.678123123123168,16.734135502735512
155,"([0.05, 0.5, 0.09, 0.14, 0.23, 0.0], [1])","([0, 1, 0, 0, 0, 0], [1])",-0.0,-0.0,-0.0,-0.0,-0.0,-0.0,0.0,0.3851411411411412,20.292981981982027,16.734135502735512
156,"([0.05, 0.5, 0.09, 0.14, 0.23, 0.0], [1])","([0, 1, 0, 0, 0, 0], [1])",-0.0,-0.0,-0.0,-0.0,-0.0,-0.0,0.0,0.3851411411411412,19.907840840840887,16.734135502735512
157,"([0.05, 0.5, 0.09, 0.14, 0.23, 0.0], [3])","([0, 1, 0, 0, 0, 0], [1])",-0.0,-0.0,-0.0,-0.7170000000000001,-0.0,-0.0,-0.7170000000000001,0.3851411411411412,20.239699699699745,16.734135502735512
158,"([0.05, 0.5, 0.09, 0.14, 0.23, 0.0], [1])","([0, 1, 0, 0, 0, 0], [1])",-0.0,-0.0,-0.0,-0.0,-0.0,-0.0,0.0,0.3851411411411412,19.854558558558605,16.734135502735512
159,"([0.05, 0.5, 0.09, 0.14, 0.23, 0.0], [1])","([0, 1, 0, 0, 0, 0], [1])",-0.0,-0.0,-0.0,-0.0,-0.0,-0.0,0.0,0.3851411411411412,19.469417417417464,16.734135502735512
160,"([0.05, 0.5, 0.09, 0.14, 0.23, 0.0], [4])","([0, 1, 0, 0, 0, 0], [1])",-0.0,-0.0,-0.0,-0.0,-0.8190000000000001,-0.0,-0.8190000000000001,0.3851411411411412,19.903276276276323,16.734135502735512
161,"([0.05, 0.5, 0.09, 0.14, 0.23, 0.0], [1])","([0, 1, 0, 0, 0, 0], [1])",-0.0,-0.0,-0.0,-0.0,-0.0,-0.0,0.0,0.3851411411411412,19.518135135135182,16.734135502735512
162,"([0.05, 0.5, 0.09, 0.14, 0.23, 0.0], [2])","([0, 1, 0, 0, 0, 0], [1])",-0.0,-0.0,-0.7390000000000001,-0.0,-0.0,-0.0,-0.7390000000000001,0.3851411411411412,19.871993993994042,16.734135502735512
163,"([0.05, 0.5, 0.09, 0.14, 0.23, 0.0], [1])","([0, 1, 0, 0, 0, 0], [1])",-0.0,-0.0,-0.0,-0.0,-0.0,-0.0,0.0,0.3851411411411412,19.486852852852902,16.734135502735512
164,"([0.05, 0.5, 0.09, 0.14, 0.23, 0.0], [2])","([0, 1, 0, 0, 0, 0], [1])",-0.0,-0.0,-0.7390000000000001,-0.0,-0.0,-0.0,-0.7390000000000001,0.3851411411411412,19.840711711711762,16.734135502735512
165,"([0.05, 0.5, 0.09, 0.14, 0.23, 0.0], [3])","([0, 1, 0, 0, 0, 0], [1])",-0.0,-0.0,-0.0,-0.7170000000000001,-0.0,-0.0,-0.7170000000000001,0.3851411411411412,20.17257057057062,16.734135502735512
166,"([0.05, 0.5, 0.09, 0.14, 0.23, 0.0], [4])","([0, 1, 0, 0, 0, 0], [1])",-0.0,-0.0,-0.0,-0.0,-0.8190000000000001,-0.0,-0.8190000000000001,0.3851411411411412,20.60642942942948,16.734135502735512
167,"([0.05, 0.5, 0.09, 0.14, 0.23, 0.0], [4])","([0, 1, 0, 0, 0, 0], [1])",-0.0,-0.0,-0.0,-0.0,-0.8190000000000001,-0.0,-0.8190000000000001,0.3851411411411412,21.040288288288338,16.734135502735512
168,"([0.05, 0.5, 0.09, 0.14, 0.23, 0.0], [1])","([0, 1, 0, 0, 0, 0], [1])",-0.0,-0.0,-0.0,-0.0,-0.0,-0.0,0.0,0.3851411411411412,20.655147147147197,16.734135502735512
169,"([0.05, 0.5, 0.09, 0.14, 0.23, 0.0], [3])","([0, 1, 0, 0, 0, 0], [1])",-0.0,-0.0,-0.0,-0.7170000000000001,-0.0,-0.0,-0.7170000000000001,0.3851411411411412,20.987006006006055,16.734135502735512
170,"([0.05, 0.5, 0.09, 0.14, 0.23, 0.0], [2])","([0, 1, 0, 0, 0, 0], [1])",-0.0,-0.0,-0.7390000000000001,-0.0,-0.0,-0.0,-0.7390000000000001,0.3851411411411412,21.340864864864916,16.734135502735512
171,"([0.05, 0.5, 0.09, 0.14, 0.23, 0.0], [1])","([0, 1, 0, 0, 0, 0], [1])",-0.0,-0.0,-0.0,-0.0,-0.0,-0.0,0.0,0.3851411411411412,20.955723723723775,16.734135502735512
172,"([0.05, 0.5, 0.09, 0.14, 0.23, 0.0], [1])","([0, 1, 0, 0, 0, 0], [1])",-0.0,-0.0,-0.0,-0.0,-0.0,-0.0,0.0,0.3851411411411412,20.570582582582635,16.734135502735512
173,"([0.05, 0.5, 0.09, 0.14, 0.23, 0.0], [1])","([0, 1, 0, 0, 0, 0], [1])",-0.0,-0.0,-0.0,-0.0,-0.0,-0.0,0.0,0.3851411411411412,20.185441441441494,16.734135502735512
174,"([0.05, 0.5, 0.09, 0.14, 0.23, 0.0], [1])","([0, 1, 0, 0, 0, 0], [1])",-0.0,-0.0,-0.0,-0.0,-0.0,-0.0,0.0,0.3851411411411412,19.800300300300353,16.734135502735512
175,"([0.05, 0.5, 0.09, 0.14, 0.23, 0.0], [1])","([0, 1, 0, 0, 0, 0], [1])",-0.0,-0.0,-0.0,-0.0,-0.0,-0.0,0.0,0.3851411411411412,19.415159159159213,16.734135502735512
176,"([0.05, 0.5, 0.09, 0.14, 0.23, 0.0], [1])","([0, 1, 0, 0, 0, 0], [1])",-0.0,-0.0,-0.0,-0.0,-0.0,-0.0,0.0,0.3851411411411412,19.030018018018072,16.734135502735512
177,"([0.05, 0.5, 0.09, 0.14, 0.23, 0.0], [1])","([0, 1, 0, 0, 0, 0], [1])",-0.0,-0.0,-0.0,-0.0,-0.0,-0.0,0.0,0.3851411411411412,18.644876876876932,16.734135502735512
178,"([0.05, 0.5, 0.09, 0.14, 0.23, 0.0], [1])","([0, 1, 0, 0, 0, 0], [1])",-0.0,-0.0,-0.0,-0.0,-0.0,-0.0,0.0,0.3851411411411412,18.25973573573579,16.734135502735512
179,"([0.05, 0.5, 0.09, 0.14, 0.23, 0.0], [1])","([0, 1, 0, 0, 0, 0], [1])",-0.0,-0.0,-0.0,-0.0,-0.0,-0.0,0.0,0.3851411411411412,17.87459459459465,16.734135502735512
180,"([0.05, 0.5, 0.09, 0.14, 0.23, 0.0], [1])","([0, 1, 0, 0, 0, 0], [1])",-0.0,-0.0,-0.0,-0.0,-0.0,-0.0,0.0,0.3851411411411412,17.48945345345351,16.734135502735512
181,"([0.05, 0.5, 0.09, 0.14, 0.23, 0.0], [1])","([0, 1, 0, 0, 0, 0], [1])",-0.0,-0.0,-0.0,-0.0,-0.0,-0.0,0.0,0.3851411411411412,17.10431231231237,16.734135502735512
182,"([0.05, 0.5, 0.09, 0.14, 0.23, 0.0], [4])","([0, 1, 0, 0, 0, 0], [1])",-0.0,-0.0,-0.0,-0.0,-0.8190000000000001,-0.0,-0.8190000000000001,0.3851411411411412,17.53817117117123,16.734135502735512
183,"([0.05, 0.5, 0.09, 0.14, 0.23, 0.0], [4])","([0, 1, 0, 0, 0, 0], [1])",-0.0,-0.0,-0.0,-0.0,-0.8190000000000001,-0.0,-0.8190000000000001,0.3851411411411412,17.972030030030087,16.734135502735512
184,"([0.05, 0.5, 0.09, 0.14, 0.23, 0.0], [2])","([0, 1, 0, 0, 0, 0], [1])",-0.0,-0.0,-0.7390000000000001,-0.0,-0.0,-0.0,-0.7390000000000001,0.3851411411411412,18.325888888888947,16.734135502735512
185,"([0.05, 0.5, 0.09, 0.14, 0.23, 0.0], [1])","([0, 1, 0, 0, 0, 0], [1])",-0.0,-0.0,-0.0,-0.0,-0.0,-0.0,0.0,0.3851411411411412,17.940747747747807,16.734135502735512
186,"([0.05, 0.5, 0.09, 0.14, 0.23, 0.0], [2])","([0, 1, 0, 0, 0, 0], [1])",-0.0,-0.0,-0.7390000000000001,-0.0,-0.0,-0.0,-0.7390000000000001,0.3851411411411412,18.294606606606667,16.734135502735512
187,"([0.05, 0.5, 0.09, 0.14, 0.23, 0.0], [1])","([0, 1, 0, 0, 0, 0], [1])",-0.0,-0.0,-0.0,-0.0,-0.0,-0.0,0.0,0.3851411411411412,17.909465465465527,16.734135502735512
188,"([0.05, 0.5, 0.09, 0.14, 0.23, 0.0], [3])","([0, 1, 0, 0, 0, 0], [1])",-0.0,-0.0,-0.0,-0.7170000000000001,-0.0,-0.0,-0.7170000000000001,0.3851411411411412,18.241324324324385,16.734135502735512
189,"([0.05, 0.5, 0.09, 0.14, 0.23, 0.0], [1])","([0, 1, 0, 0, 0, 0], [1])",-0.0,-0.0,-0.0,-0.0,-0.0,-0.0,0.0,0.3851411411411412,17.856183183183244,16.734135502735512
190,"([0.05, 0.5, 0.09, 0.14, 0.23, 0.0], [0])","([0, 1, 0, 0, 0, 0], [1])",-0.747,-0.0,-0.0,-0.0,-0.0,-0.0,-0.747,0.3851411411411412,18.218042042042104,16.734135502735512
191,"([0.05, 0.5, 0.09, 0.14, 0.23, 0.0], [1])","([0, 1, 0, 0, 0, 0], [1])",-0.0,-0.0,-0.0,-0.0,-0.0,-0.0,0.0,0.3851411411411412,17.832900900900963,16.734135502735512
192,"([0.05, 0.5, 0.09, 0.14, 0.23, 0.0], [1])","([0, 1, 0, 0, 0, 0], [1])",-0.0,-0.0,-0.0,-0.0,-0.0,-0.0,0.0,0.3851411411411412,17.447759759759823,16.734135502735512
193,"([0.05, 0.5, 0.09, 0.14, 0.23, 0.0], [2])","([0, 1, 0, 0, 0, 0], [1])",-0.0,-0.0,-0.7390000000000001,-0.0,-0.0,-0.0,-0.7390000000000001,0.3851411411411412,17.801618618618683,16.734135502735512
194,"([0.05, 0.5, 0.09, 0.14, 0.23, 0.0], [1])","([0, 1, 0, 0, 0, 0], [1])",-0.0,-0.0,-0.0,-0.0,-0.0,-0.0,0.0,0.3851411411411412,17.416477477477542,16.734135502735512
195,"([0.05, 0.5, 0.09, 0.14, 0.23, 0.0], [1])","([0, 1, 0, 0, 0, 0], [1])",-0.0,-0.0,-0.0,-0.0,-0.0,-0.0,0.0,0.3851411411411412,17.031336336336402,16.734135502735512
196,"([0.05, 0.5, 0.09, 0.14, 0.23, 0.0], [1])","([0, 1, 0, 0, 0, 0], [1])",-0.0,-0.0,-0.0,-0.0,-0.0,-0.0,0.0,0.3851411411411412,16.64619519519526,16.734135502735512
197,"([0.05, 0.5, 0.09, 0.14, 0.23, 0.0], [1])","([0, 1, 0, 0, 0, 0], [1])",-0.0,-0.0,-0.0,-0.0,-0.0,-0.0,0.0,0.3851411411411412,16.26105405405412,16.734135502735512
198,"([0.05, 0.5, 0.09, 0.14, 0.23, 0.0], [3])","([0, 1, 0, 0, 0, 0], [1])",-0.0,-0.0,-0.0,-0.7170000000000001,-0.0,-0.0,-0.7170000000000001,0.3851411411411412,16.59291291291298,16.734135502735512
199,"([0.05, 0.5, 0.09, 0.14, 0.23, 0.0], [2])","([0, 1, 0, 0, 0, 0], [1])",-0.0,-0.0,-0.7390000000000001,-0.0,-0.0,-0.0,-0.7390000000000001,0.3851411411411412,16.94677177177184,16.734135502735512
