,sta-1,FRL-0,feedback target 0,feedback target 1,feedback target 2,feedback target 3,feedback target 4,feedback target 5,total,exp_loss,actual_regret,exp_regret
0,"([0, 0, 1, 0, 0, 0], [2])","([0.08, 0.16, 0.05, 0.22, 0.32, 0.17], [2])",-0.0,-0.0,-0.0,-0.0,-0.0,-0.0,0.0,0.6777227189314741,-0.6777227189314741,0.0
1,"([0, 0, 1, 0, 0, 0], [2])","([0.08, 0.16, 0.05, 0.22, 0.32, 0.17], [3])",-0.0,-0.0,-0.715,-0.0,-0.0,-0.0,-0.715,0.6777227189314741,-0.6404454378629482,0.0
2,"([0, 0, 1, 0, 0, 0], [2])","([0.08, 0.16, 0.05, 0.22, 0.32, 0.17], [5])",-0.0,-0.0,-0.715,-0.0,-0.0,-0.0,-0.715,0.6777227189314741,-0.6031681567944223,0.0
3,"([0, 0, 1, 0, 0, 0], [2])","([0.08, 0.16, 0.05, 0.22, 0.32, 0.17], [4])",-0.0,-0.0,-0.715,-0.0,-0.0,-0.0,-0.715,0.6777227189314741,-0.5658908757258964,0.0
4,"([0, 0, 1, 0, 0, 0], [2])","([0.08, 0.16, 0.05, 0.22, 0.32, 0.17], [3])",-0.0,-0.0,-0.715,-0.0,-0.0,-0.0,-0.715,0.6777227189314741,-0.5286135946573705,0.0
5,"([0, 0, 1, 0, 0, 0], [2])","([0.08, 0.16, 0.05, 0.22, 0.32, 0.17], [4])",-0.0,-0.0,-0.715,-0.0,-0.0,-0.0,-0.715,0.6777227189314741,-0.49133631358884455,0.0
6,"([0, 0, 1, 0, 0, 0], [2])","([0.08, 0.16, 0.05, 0.22, 0.32, 0.17], [2])",-0.0,-0.0,-0.0,-0.0,-0.0,-0.0,0.0,0.6777227189314741,-1.1690590325203187,0.0
7,"([0, 0, 1, 0, 0, 0], [2])","([0.08, 0.16, 0.05, 0.22, 0.32, 0.17], [2])",-0.0,-0.0,-0.0,-0.0,-0.0,-0.0,0.0,0.6777227189314741,-1.8467817514517928,0.0
8,"([0, 0, 1, 0, 0, 0], [2])","([0.08, 0.16, 0.05, 0.22, 0.32, 0.17], [5])",-0.0,-0.0,-0.715,-0.0,-0.0,-0.0,-0.715,0.6777227189314741,-1.809504470383267,0.0
9,"([0, 0, 1, 0, 0, 0], [2])","([0.08, 0.16, 0.05, 0.22, 0.32, 0.17], [1])",-0.0,-0.0,-0.715,-0.0,-0.0,-0.0,-0.715,0.6777227189314741,-1.7722271893147412,0.0
10,"([0, 0, 1, 0, 0, 0], [2])","([0.08, 0.16, 0.05, 0.22, 0.32, 0.17], [0])",-0.0,-0.0,-0.715,-0.0,-0.0,-0.0,-0.715,0.6777227189314741,-1.7349499082462154,0.0
11,"([0, 0, 1, 0, 0, 0], [2])","([0.08, 0.16, 0.05, 0.22, 0.32, 0.17], [3])",-0.0,-0.0,-0.715,-0.0,-0.0,-0.0,-0.715,0.6777227189314741,-1.6976726271776896,0.0
12,"([0, 0, 1, 0, 0, 0], [2])","([0.08, 0.16, 0.05, 0.22, 0.32, 0.17], [0])",-0.0,-0.0,-0.715,-0.0,-0.0,-0.0,-0.715,0.6777227189314741,-1.6603953461091638,0.0
13,"([0, 0, 1, 0, 0, 0], [2])","([0.08, 0.16, 0.05, 0.22, 0.32, 0.17], [5])",-0.0,-0.0,-0.715,-0.0,-0.0,-0.0,-0.715,0.6777227189314741,-1.623118065040638,0.0
14,"([0, 0, 1, 0, 0, 0], [2])","([0.08, 0.16, 0.05, 0.22, 0.32, 0.17], [4])",-0.0,-0.0,-0.715,-0.0,-0.0,-0.0,-0.715,0.6777227189314741,-1.5858407839721123,0.0
15,"([0, 0, 1, 0, 0, 0], [2])","([0.08, 0.16, 0.05, 0.22, 0.32, 0.17], [2])",-0.0,-0.0,-0.0,-0.0,-0.0,-0.0,0.0,0.6777227189314741,-2.2635635029035863,0.0
16,"([0, 0, 1, 0, 0, 0], [2])","([0.08, 0.16, 0.05, 0.22, 0.32, 0.17], [5])",-0.0,-0.0,-0.715,-0.0,-0.0,-0.0,-0.715,0.6777227189314741,-2.2262862218350605,0.0
17,"([0, 0, 1, 0, 0, 0], [2])","([0.08, 0.16, 0.05, 0.22, 0.32, 0.17], [5])",-0.0,-0.0,-0.715,-0.0,-0.0,-0.0,-0.715,0.6777227189314741,-2.1890089407665347,0.0
18,"([0, 0, 1, 0, 0, 0], [2])","([0.08, 0.16, 0.05, 0.22, 0.32, 0.17], [4])",-0.0,-0.0,-0.715,-0.0,-0.0,-0.0,-0.715,0.6777227189314741,-2.151731659698009,0.0
19,"([0, 0, 1, 0, 0, 0], [2])","([0.08, 0.16, 0.05, 0.22, 0.32, 0.17], [5])",-0.0,-0.0,-0.715,-0.0,-0.0,-0.0,-0.715,0.6777227189314741,-2.114454378629483,0.0
20,"([0, 0, 1, 0, 0, 0], [2])","([0.08, 0.16, 0.05, 0.22, 0.32, 0.17], [0])",-0.0,-0.0,-0.715,-0.0,-0.0,-0.0,-0.715,0.6777227189314741,-2.0771770975609574,0.0
21,"([0, 0, 1, 0, 0, 0], [2])","([0.08, 0.16, 0.05, 0.22, 0.32, 0.17], [4])",-0.0,-0.0,-0.715,-0.0,-0.0,-0.0,-0.715,0.6777227189314741,-2.0398998164924316,0.0
22,"([0, 0, 1, 0, 0, 0], [2])","([0.08, 0.16, 0.05, 0.22, 0.32, 0.17], [4])",-0.0,-0.0,-0.715,-0.0,-0.0,-0.0,-0.715,0.6777227189314741,-2.002622535423906,0.0
23,"([0, 0, 1, 0, 0, 0], [2])","([0.08, 0.16, 0.05, 0.22, 0.32, 0.17], [0])",-0.0,-0.0,-0.715,-0.0,-0.0,-0.0,-0.715,0.6777227189314741,-1.96534525435538,0.0
24,"([0, 0, 1, 0, 0, 0], [2])","([0.08, 0.16, 0.05, 0.22, 0.32, 0.17], [3])",-0.0,-0.0,-0.715,-0.0,-0.0,-0.0,-0.715,0.6777227189314741,-1.9280679732868542,0.0
25,"([0, 0, 1, 0, 0, 0], [2])","([0.08, 0.16, 0.05, 0.22, 0.32, 0.17], [0])",-0.0,-0.0,-0.715,-0.0,-0.0,-0.0,-0.715,0.6777227189314741,-1.8907906922183284,0.0
26,"([0, 0, 1, 0, 0, 0], [2])","([0.08, 0.16, 0.05, 0.22, 0.32, 0.17], [3])",-0.0,-0.0,-0.715,-0.0,-0.0,-0.0,-0.715,0.6777227189314741,-1.8535134111498026,0.0
27,"([0, 0, 1, 0, 0, 0], [2])","([0.08, 0.16, 0.05, 0.22, 0.32, 0.17], [4])",-0.0,-0.0,-0.715,-0.0,-0.0,-0.0,-0.715,0.6777227189314741,-1.8162361300812768,0.0
28,"([0, 0, 1, 0, 0, 0], [2])","([0.08, 0.16, 0.05, 0.22, 0.32, 0.17], [5])",-0.0,-0.0,-0.715,-0.0,-0.0,-0.0,-0.715,0.6777227189314741,-1.778958849012751,0.0
29,"([0, 0, 1, 0, 0, 0], [2])","([0.08, 0.16, 0.05, 0.22, 0.32, 0.17], [2])",-0.0,-0.0,-0.0,-0.0,-0.0,-0.0,0.0,0.6777227189314741,-2.456681567944225,0.0
30,"([0, 0, 1, 0, 0, 0], [2])","([0.08, 0.16, 0.05, 0.22, 0.32, 0.17], [4])",-0.0,-0.0,-0.715,-0.0,-0.0,-0.0,-0.715,0.6777227189314741,-2.4194042868756993,0.0
31,"([0, 0, 1, 0, 0, 0], [2])","([0.08, 0.16, 0.05, 0.22, 0.32, 0.17], [5])",-0.0,-0.0,-0.715,-0.0,-0.0,-0.0,-0.715,0.6777227189314741,-2.3821270058071735,0.0
32,"([0, 0, 1, 0, 0, 0], [2])","([0.08, 0.16, 0.05, 0.22, 0.32, 0.17], [5])",-0.0,-0.0,-0.715,-0.0,-0.0,-0.0,-0.715,0.6777227189314741,-2.3448497247386477,0.0
33,"([0, 0, 1, 0, 0, 0], [2])","([0.08, 0.16, 0.05, 0.22, 0.32, 0.17], [3])",-0.0,-0.0,-0.715,-0.0,-0.0,-0.0,-0.715,0.6777227189314741,-2.307572443670122,0.0
34,"([0, 0, 1, 0, 0, 0], [2])","([0.08, 0.16, 0.05, 0.22, 0.32, 0.17], [5])",-0.0,-0.0,-0.715,-0.0,-0.0,-0.0,-0.715,0.6777227189314741,-2.270295162601596,0.0
35,"([0, 0, 1, 0, 0, 0], [2])","([0.08, 0.16, 0.05, 0.22, 0.32, 0.17], [5])",-0.0,-0.0,-0.715,-0.0,-0.0,-0.0,-0.715,0.6777227189314741,-2.2330178815330703,0.0
36,"([0, 0, 1, 0, 0, 0], [2])","([0.08, 0.16, 0.05, 0.22, 0.32, 0.17], [4])",-0.0,-0.0,-0.715,-0.0,-0.0,-0.0,-0.715,0.6777227189314741,-2.1957406004645446,0.0
37,"([0, 0, 1, 0, 0, 0], [2])","([0.08, 0.16, 0.05, 0.22, 0.32, 0.17], [4])",-0.0,-0.0,-0.715,-0.0,-0.0,-0.0,-0.715,0.6777227189314741,-2.1584633193960188,0.0
38,"([0, 0, 1, 0, 0, 0], [2])","([0.08, 0.16, 0.05, 0.22, 0.32, 0.17], [5])",-0.0,-0.0,-0.715,-0.0,-0.0,-0.0,-0.715,0.6777227189314741,-2.121186038327493,0.0
39,"([0, 0, 1, 0, 0, 0], [2])","([0.08, 0.16, 0.05, 0.22, 0.32, 0.17], [3])",-0.0,-0.0,-0.715,-0.0,-0.0,-0.0,-0.715,0.6777227189314741,-2.083908757258967,0.0
40,"([0, 0, 1, 0, 0, 0], [2])","([0.08, 0.16, 0.05, 0.22, 0.32, 0.17], [4])",-0.0,-0.0,-0.715,-0.0,-0.0,-0.0,-0.715,0.6777227189314741,-2.0466314761904414,0.0
41,"([0, 0, 1, 0, 0, 0], [2])","([0.08, 0.16, 0.05, 0.22, 0.32, 0.17], [4])",-0.0,-0.0,-0.715,-0.0,-0.0,-0.0,-0.715,0.6777227189314741,-2.0093541951219156,0.0
42,"([0, 0, 1, 0, 0, 0], [2])","([0.08, 0.16, 0.05, 0.22, 0.32, 0.17], [3])",-0.0,-0.0,-0.715,-0.0,-0.0,-0.0,-0.715,0.6777227189314741,-1.9720769140533898,0.0
43,"([0, 0, 1, 0, 0, 0], [2])","([0.08, 0.16, 0.05, 0.22, 0.32, 0.17], [4])",-0.0,-0.0,-0.715,-0.0,-0.0,-0.0,-0.715,0.6777227189314741,-1.934799632984864,0.0
44,"([0, 0, 1, 0, 0, 0], [2])","([0.08, 0.16, 0.05, 0.22, 0.32, 0.17], [4])",-0.0,-0.0,-0.715,-0.0,-0.0,-0.0,-0.715,0.6777227189314741,-1.8975223519163382,0.0
45,"([0, 0, 1, 0, 0, 0], [2])","([0.08, 0.16, 0.05, 0.22, 0.32, 0.17], [0])",-0.0,-0.0,-0.715,-0.0,-0.0,-0.0,-0.715,0.6777227189314741,-1.8602450708478124,0.0
46,"([0, 0, 1, 0, 0, 0], [2])","([0.08, 0.16, 0.05, 0.22, 0.32, 0.17], [1])",-0.0,-0.0,-0.715,-0.0,-0.0,-0.0,-0.715,0.6777227189314741,-1.8229677897792866,0.0
47,"([0, 0, 1, 0, 0, 0], [2])","([0.08, 0.16, 0.05, 0.22, 0.32, 0.17], [5])",-0.0,-0.0,-0.715,-0.0,-0.0,-0.0,-0.715,0.6777227189314741,-1.7856905087107608,0.0
48,"([0, 0, 1, 0, 0, 0], [2])","([0.08, 0.16, 0.05, 0.22, 0.32, 0.17], [3])",-0.0,-0.0,-0.715,-0.0,-0.0,-0.0,-0.715,0.6777227189314741,-1.748413227642235,0.0
49,"([0, 0, 1, 0, 0, 0], [2])","([0.08, 0.16, 0.05, 0.22, 0.32, 0.17], [5])",-0.0,-0.0,-0.715,-0.0,-0.0,-0.0,-0.715,0.6777227189314741,-1.7111359465737093,0.0
50,"([0, 0, 1, 0, 0, 0], [2])","([0.08, 0.16, 0.05, 0.22, 0.32, 0.17], [4])",-0.0,-0.0,-0.715,-0.0,-0.0,-0.0,-0.715,0.6777227189314741,-1.6738586655051835,0.0
51,"([0, 0, 1, 0, 0, 0], [2])","([0.08, 0.16, 0.05, 0.22, 0.32, 0.17], [1])",-0.0,-0.0,-0.715,-0.0,-0.0,-0.0,-0.715,0.6777227189314741,-1.6365813844366577,0.0
52,"([0, 0, 1, 0, 0, 0], [2])","([0.08, 0.16, 0.05, 0.22, 0.32, 0.17], [2])",-0.0,-0.0,-0.0,-0.0,-0.0,-0.0,0.0,0.6777227189314741,-2.3143041033681317,0.0
53,"([0, 0, 1, 0, 0, 0], [2])","([0.08, 0.16, 0.05, 0.22, 0.32, 0.17], [4])",-0.0,-0.0,-0.715,-0.0,-0.0,-0.0,-0.715,0.6777227189314741,-2.277026822299606,0.0
54,"([0, 0, 1, 0, 0, 0], [2])","([0.08, 0.16, 0.05, 0.22, 0.32, 0.17], [2])",-0.0,-0.0,-0.0,-0.0,-0.0,-0.0,0.0,0.6777227189314741,-2.95474954123108,0.0
55,"([0, 0, 1, 0, 0, 0], [2])","([0.08, 0.16, 0.05, 0.22, 0.32, 0.17], [5])",-0.0,-0.0,-0.715,-0.0,-0.0,-0.0,-0.715,0.6777227189314741,-2.9174722601625542,0.0
56,"([0, 0, 1, 0, 0, 0], [2])","([0.08, 0.16, 0.05, 0.22, 0.32, 0.17], [0])",-0.0,-0.0,-0.715,-0.0,-0.0,-0.0,-0.715,0.6777227189314741,-2.8801949790940284,0.0
57,"([0, 0, 1, 0, 0, 0], [2])","([0.08, 0.16, 0.05, 0.22, 0.32, 0.17], [4])",-0.0,-0.0,-0.715,-0.0,-0.0,-0.0,-0.715,0.6777227189314741,-2.8429176980255026,0.0
58,"([0, 0, 1, 0, 0, 0], [2])","([0.08, 0.16, 0.05, 0.22, 0.32, 0.17], [3])",-0.0,-0.0,-0.715,-0.0,-0.0,-0.0,-0.715,0.6777227189314741,-2.805640416956977,0.0
59,"([0, 0, 1, 0, 0, 0], [2])","([0.08, 0.16, 0.05, 0.22, 0.32, 0.17], [3])",-0.0,-0.0,-0.715,-0.0,-0.0,-0.0,-0.715,0.6777227189314741,-2.768363135888451,0.0
60,"([0, 0, 1, 0, 0, 0], [2])","([0.08, 0.16, 0.05, 0.22, 0.32, 0.17], [1])",-0.0,-0.0,-0.715,-0.0,-0.0,-0.0,-0.715,0.6777227189314741,-2.7310858548199253,0.0
61,"([0, 0, 1, 0, 0, 0], [2])","([0.08, 0.16, 0.05, 0.22, 0.32, 0.17], [3])",-0.0,-0.0,-0.715,-0.0,-0.0,-0.0,-0.715,0.6777227189314741,-2.6938085737513995,0.0
62,"([0, 0, 1, 0, 0, 0], [2])","([0.08, 0.16, 0.05, 0.22, 0.32, 0.17], [2])",-0.0,-0.0,-0.0,-0.0,-0.0,-0.0,0.0,0.6777227189314741,-3.3715312926828735,0.0
63,"([0, 0, 1, 0, 0, 0], [2])","([0.08, 0.16, 0.05, 0.22, 0.32, 0.17], [3])",-0.0,-0.0,-0.715,-0.0,-0.0,-0.0,-0.715,0.6777227189314741,-3.3342540116143478,0.0
64,"([0, 0, 1, 0, 0, 0], [2])","([0.08, 0.16, 0.05, 0.22, 0.32, 0.17], [0])",-0.0,-0.0,-0.715,-0.0,-0.0,-0.0,-0.715,0.6777227189314741,-3.296976730545822,0.0
65,"([0, 0, 1, 0, 0, 0], [2])","([0.08, 0.16, 0.05, 0.22, 0.32, 0.17], [4])",-0.0,-0.0,-0.715,-0.0,-0.0,-0.0,-0.715,0.6777227189314741,-3.259699449477296,0.0
66,"([0, 0, 1, 0, 0, 0], [2])","([0.08, 0.16, 0.05, 0.22, 0.32, 0.17], [3])",-0.0,-0.0,-0.715,-0.0,-0.0,-0.0,-0.715,0.6777227189314741,-3.2224221684087704,0.0
67,"([0, 0, 1, 0, 0, 0], [2])","([0.08, 0.16, 0.05, 0.22, 0.32, 0.17], [4])",-0.0,-0.0,-0.715,-0.0,-0.0,-0.0,-0.715,0.6777227189314741,-3.1851448873402446,0.0
68,"([0, 0, 1, 0, 0, 0], [2])","([0.08, 0.16, 0.05, 0.22, 0.32, 0.17], [3])",-0.0,-0.0,-0.715,-0.0,-0.0,-0.0,-0.715,0.6777227189314741,-3.147867606271719,0.0
69,"([0, 0, 1, 0, 0, 0], [2])","([0.08, 0.16, 0.05, 0.22, 0.32, 0.17], [3])",-0.0,-0.0,-0.715,-0.0,-0.0,-0.0,-0.715,0.6777227189314741,-3.110590325203193,0.0
70,"([0, 0, 1, 0, 0, 0], [2])","([0.08, 0.16, 0.05, 0.22, 0.32, 0.17], [4])",-0.0,-0.0,-0.715,-0.0,-0.0,-0.0,-0.715,0.6777227189314741,-3.073313044134667,0.0
71,"([0, 0, 1, 0, 0, 0], [2])","([0.08, 0.16, 0.05, 0.22, 0.32, 0.17], [3])",-0.0,-0.0,-0.715,-0.0,-0.0,-0.0,-0.715,0.6777227189314741,-3.0360357630661414,0.0
72,"([0, 0, 1, 0, 0, 0], [2])","([0.08, 0.16, 0.05, 0.22, 0.32, 0.17], [2])",-0.0,-0.0,-0.0,-0.0,-0.0,-0.0,0.0,0.6777227189314741,-3.7137584819976155,0.0
73,"([0, 0, 1, 0, 0, 0], [2])","([0.08, 0.16, 0.05, 0.22, 0.32, 0.17], [4])",-0.0,-0.0,-0.715,-0.0,-0.0,-0.0,-0.715,0.6777227189314741,-3.6764812009290897,0.0
74,"([0, 0, 1, 0, 0, 0], [2])","([0.08, 0.16, 0.05, 0.22, 0.32, 0.17], [3])",-0.0,-0.0,-0.715,-0.0,-0.0,-0.0,-0.715,0.6777227189314741,-3.639203919860564,0.0
75,"([0, 0, 1, 0, 0, 0], [2])","([0.08, 0.16, 0.05, 0.22, 0.32, 0.17], [1])",-0.0,-0.0,-0.715,-0.0,-0.0,-0.0,-0.715,0.6777227189314741,-3.601926638792038,0.0
76,"([0, 0, 1, 0, 0, 0], [2])","([0.08, 0.16, 0.05, 0.22, 0.32, 0.17], [1])",-0.0,-0.0,-0.715,-0.0,-0.0,-0.0,-0.715,0.6777227189314741,-3.5646493577235123,0.0
77,"([0, 0, 1, 0, 0, 0], [2])","([0.08, 0.16, 0.05, 0.22, 0.32, 0.17], [0])",-0.0,-0.0,-0.715,-0.0,-0.0,-0.0,-0.715,0.6777227189314741,-3.5273720766549865,0.0
78,"([0, 0, 1, 0, 0, 0], [2])","([0.08, 0.16, 0.05, 0.22, 0.32, 0.17], [4])",-0.0,-0.0,-0.715,-0.0,-0.0,-0.0,-0.715,0.6777227189314741,-3.4900947955864607,0.0
79,"([0, 0, 1, 0, 0, 0], [2])","([0.08, 0.16, 0.05, 0.22, 0.32, 0.17], [4])",-0.0,-0.0,-0.715,-0.0,-0.0,-0.0,-0.715,0.6777227189314741,-3.452817514517935,0.0
80,"([0, 0, 1, 0, 0, 0], [2])","([0.08, 0.16, 0.05, 0.22, 0.32, 0.17], [2])",-0.0,-0.0,-0.0,-0.0,-0.0,-0.0,0.0,0.6777227189314741,-4.130540233449409,0.0
81,"([0, 0, 1, 0, 0, 0], [2])","([0.08, 0.16, 0.05, 0.22, 0.32, 0.17], [4])",-0.0,-0.0,-0.715,-0.0,-0.0,-0.0,-0.715,0.6777227189314741,-4.093262952380883,0.0
82,"([0, 0, 1, 0, 0, 0], [2])","([0.08, 0.16, 0.05, 0.22, 0.32, 0.17], [1])",-0.0,-0.0,-0.715,-0.0,-0.0,-0.0,-0.715,0.6777227189314741,-4.0559856713123565,0.0
83,"([0, 0, 1, 0, 0, 0], [2])","([0.08, 0.16, 0.05, 0.22, 0.32, 0.17], [5])",-0.0,-0.0,-0.715,-0.0,-0.0,-0.0,-0.715,0.6777227189314741,-4.01870839024383,0.0
84,"([0, 0, 1, 0, 0, 0], [2])","([0.08, 0.16, 0.05, 0.22, 0.32, 0.17], [3])",-0.0,-0.0,-0.715,-0.0,-0.0,-0.0,-0.715,0.6777227189314741,-3.9814311091753045,0.0
85,"([0, 0, 1, 0, 0, 0], [2])","([0.08, 0.16, 0.05, 0.22, 0.32, 0.17], [0])",-0.0,-0.0,-0.715,-0.0,-0.0,-0.0,-0.715,0.6777227189314741,-3.9441538281067787,0.0
86,"([0, 0, 1, 0, 0, 0], [2])","([0.08, 0.16, 0.05, 0.22, 0.32, 0.17], [1])",-0.0,-0.0,-0.715,-0.0,-0.0,-0.0,-0.715,0.6777227189314741,-3.906876547038253,0.0
87,"([0, 0, 1, 0, 0, 0], [2])","([0.08, 0.16, 0.05, 0.22, 0.32, 0.17], [3])",-0.0,-0.0,-0.715,-0.0,-0.0,-0.0,-0.715,0.6777227189314741,-3.869599265969727,0.0
88,"([0, 0, 1, 0, 0, 0], [2])","([0.08, 0.16, 0.05, 0.22, 0.32, 0.17], [5])",-0.0,-0.0,-0.715,-0.0,-0.0,-0.0,-0.715,0.6777227189314741,-3.8323219849012014,0.0
89,"([0, 0, 1, 0, 0, 0], [2])","([0.08, 0.16, 0.05, 0.22, 0.32, 0.17], [4])",-0.0,-0.0,-0.715,-0.0,-0.0,-0.0,-0.715,0.6777227189314741,-3.7950447038326756,0.0
90,"([0, 0, 1, 0, 0, 0], [2])","([0.08, 0.16, 0.05, 0.22, 0.32, 0.17], [4])",-0.0,-0.0,-0.715,-0.0,-0.0,-0.0,-0.715,0.6777227189314741,-3.7577674227641498,0.0
91,"([0, 0, 1, 0, 0, 0], [2])","([0.08, 0.16, 0.05, 0.22, 0.32, 0.17], [5])",-0.0,-0.0,-0.715,-0.0,-0.0,-0.0,-0.715,0.6777227189314741,-3.720490141695624,0.0
92,"([0, 0, 1, 0, 0, 0], [2])","([0.08, 0.16, 0.05, 0.22, 0.32, 0.17], [4])",-0.0,-0.0,-0.715,-0.0,-0.0,-0.0,-0.715,0.6777227189314741,-3.683212860627098,0.0
93,"([0, 0, 1, 0, 0, 0], [2])","([0.08, 0.16, 0.05, 0.22, 0.32, 0.17], [3])",-0.0,-0.0,-0.715,-0.0,-0.0,-0.0,-0.715,0.6777227189314741,-3.6459355795585724,0.0
94,"([0, 0, 1, 0, 0, 0], [2])","([0.08, 0.16, 0.05, 0.22, 0.32, 0.17], [5])",-0.0,-0.0,-0.715,-0.0,-0.0,-0.0,-0.715,0.6777227189314741,-3.6086582984900466,0.0
95,"([0, 0, 1, 0, 0, 0], [2])","([0.08, 0.16, 0.05, 0.22, 0.32, 0.17], [5])",-0.0,-0.0,-0.715,-0.0,-0.0,-0.0,-0.715,0.6777227189314741,-3.571381017421521,0.0
96,"([0, 0, 1, 0, 0, 0], [2])","([0.08, 0.16, 0.05, 0.22, 0.32, 0.17], [1])",-0.0,-0.0,-0.715,-0.0,-0.0,-0.0,-0.715,0.6777227189314741,-3.534103736352995,0.0
97,"([0, 0, 1, 0, 0, 0], [2])","([0.08, 0.16, 0.05, 0.22, 0.32, 0.17], [0])",-0.0,-0.0,-0.715,-0.0,-0.0,-0.0,-0.715,0.6777227189314741,-3.4968264552844692,0.0
98,"([0, 0, 1, 0, 0, 0], [2])","([0.08, 0.16, 0.05, 0.22, 0.32, 0.17], [5])",-0.0,-0.0,-0.715,-0.0,-0.0,-0.0,-0.715,0.6777227189314741,-3.4595491742159434,0.0
99,"([0, 0, 1, 0, 0, 0], [2])","([0.08, 0.16, 0.05, 0.22, 0.32, 0.17], [1])",-0.0,-0.0,-0.715,-0.0,-0.0,-0.0,-0.715,0.6777227189314741,-3.4222718931474176,0.0
100,"([0, 0, 1, 0, 0, 0], [2])","([0.08, 0.16, 0.05, 0.22, 0.32, 0.17], [4])",-0.0,-0.0,-0.715,-0.0,-0.0,-0.0,-0.715,0.6777227189314741,-3.384994612078892,0.0
101,"([0, 0, 1, 0, 0, 0], [2])","([0.08, 0.16, 0.05, 0.22, 0.32, 0.17], [3])",-0.0,-0.0,-0.715,-0.0,-0.0,-0.0,-0.715,0.6777227189314741,-3.347717331010366,0.0
102,"([0, 0, 1, 0, 0, 0], [2])","([0.08, 0.16, 0.05, 0.22, 0.32, 0.17], [0])",-0.0,-0.0,-0.715,-0.0,-0.0,-0.0,-0.715,0.6777227189314741,-3.3104400499418403,0.0
103,"([0, 0, 1, 0, 0, 0], [2])","([0.08, 0.16, 0.05, 0.22, 0.32, 0.17], [3])",-0.0,-0.0,-0.715,-0.0,-0.0,-0.0,-0.715,0.6777227189314741,-3.2731627688733145,0.0
104,"([0, 0, 1, 0, 0, 0], [2])","([0.08, 0.16, 0.05, 0.22, 0.32, 0.17], [4])",-0.0,-0.0,-0.715,-0.0,-0.0,-0.0,-0.715,0.6777227189314741,-3.2358854878047887,0.0
105,"([0, 0, 1, 0, 0, 0], [2])","([0.08, 0.16, 0.05, 0.22, 0.32, 0.17], [2])",-0.0,-0.0,-0.0,-0.0,-0.0,-0.0,0.0,0.6777227189314741,-3.9136082067362628,0.0
106,"([0, 0, 1, 0, 0, 0], [2])","([0.08, 0.16, 0.05, 0.22, 0.32, 0.17], [5])",-0.0,-0.0,-0.715,-0.0,-0.0,-0.0,-0.715,0.6777227189314741,-3.876330925667737,0.0
107,"([0, 0, 1, 0, 0, 0], [2])","([0.08, 0.16, 0.05, 0.22, 0.32, 0.17], [3])",-0.0,-0.0,-0.715,-0.0,-0.0,-0.0,-0.715,0.6777227189314741,-3.839053644599211,0.0
108,"([0, 0, 1, 0, 0, 0], [2])","([0.08, 0.16, 0.05, 0.22, 0.32, 0.17], [4])",-0.0,-0.0,-0.715,-0.0,-0.0,-0.0,-0.715,0.6777227189314741,-3.8017763635306854,0.0
109,"([0, 0, 1, 0, 0, 0], [2])","([0.08, 0.16, 0.05, 0.22, 0.32, 0.17], [4])",-0.0,-0.0,-0.715,-0.0,-0.0,-0.0,-0.715,0.6777227189314741,-3.7644990824621596,0.0
110,"([0, 0, 1, 0, 0, 0], [2])","([0.08, 0.16, 0.05, 0.22, 0.32, 0.17], [3])",-0.0,-0.0,-0.715,-0.0,-0.0,-0.0,-0.715,0.6777227189314741,-3.727221801393634,0.0
111,"([0, 0, 1, 0, 0, 0], [2])","([0.08, 0.16, 0.05, 0.22, 0.32, 0.17], [2])",-0.0,-0.0,-0.0,-0.0,-0.0,-0.0,0.0,0.6777227189314741,-4.404944520325108,0.0
112,"([0, 0, 1, 0, 0, 0], [2])","([0.08, 0.16, 0.05, 0.22, 0.32, 0.17], [4])",-0.0,-0.0,-0.715,-0.0,-0.0,-0.0,-0.715,0.6777227189314741,-4.367667239256582,0.0
113,"([0, 0, 1, 0, 0, 0], [2])","([0.08, 0.16, 0.05, 0.22, 0.32, 0.17], [5])",-0.0,-0.0,-0.715,-0.0,-0.0,-0.0,-0.715,0.6777227189314741,-4.330389958188055,0.0
114,"([0, 0, 1, 0, 0, 0], [2])","([0.08, 0.16, 0.05, 0.22, 0.32, 0.17], [4])",-0.0,-0.0,-0.715,-0.0,-0.0,-0.0,-0.715,0.6777227189314741,-4.293112677119529,0.0
115,"([0, 0, 1, 0, 0, 0], [2])","([0.08, 0.16, 0.05, 0.22, 0.32, 0.17], [2])",-0.0,-0.0,-0.0,-0.0,-0.0,-0.0,0.0,0.6777227189314741,-4.970835396051003,0.0
116,"([0, 0, 1, 0, 0, 0], [2])","([0.08, 0.16, 0.05, 0.22, 0.32, 0.17], [4])",-0.0,-0.0,-0.715,-0.0,-0.0,-0.0,-0.715,0.6777227189314741,-4.9335581149824765,0.0
117,"([0, 0, 1, 0, 0, 0], [2])","([0.08, 0.16, 0.05, 0.22, 0.32, 0.17], [1])",-0.0,-0.0,-0.715,-0.0,-0.0,-0.0,-0.715,0.6777227189314741,-4.89628083391395,0.0
118,"([0, 0, 1, 0, 0, 0], [2])","([0.08, 0.16, 0.05, 0.22, 0.32, 0.17], [0])",-0.0,-0.0,-0.715,-0.0,-0.0,-0.0,-0.715,0.6777227189314741,-4.859003552845424,0.0
119,"([0, 0, 1, 0, 0, 0], [2])","([0.08, 0.16, 0.05, 0.22, 0.32, 0.17], [5])",-0.0,-0.0,-0.715,-0.0,-0.0,-0.0,-0.715,0.6777227189314741,-4.821726271776898,0.0
120,"([0, 0, 1, 0, 0, 0], [2])","([0.08, 0.16, 0.05, 0.22, 0.32, 0.17], [4])",-0.0,-0.0,-0.715,-0.0,-0.0,-0.0,-0.715,0.6777227189314741,-4.784448990708372,0.0
121,"([0, 0, 1, 0, 0, 0], [2])","([0.08, 0.16, 0.05, 0.22, 0.32, 0.17], [4])",-0.0,-0.0,-0.715,-0.0,-0.0,-0.0,-0.715,0.6777227189314741,-4.747171709639845,0.0
122,"([0, 0, 1, 0, 0, 0], [2])","([0.08, 0.16, 0.05, 0.22, 0.32, 0.17], [5])",-0.0,-0.0,-0.715,-0.0,-0.0,-0.0,-0.715,0.6777227189314741,-4.709894428571319,0.0
123,"([0, 0, 1, 0, 0, 0], [2])","([0.08, 0.16, 0.05, 0.22, 0.32, 0.17], [1])",-0.0,-0.0,-0.715,-0.0,-0.0,-0.0,-0.715,0.6777227189314741,-4.672617147502793,0.0
124,"([0, 0, 1, 0, 0, 0], [2])","([0.08, 0.16, 0.05, 0.22, 0.32, 0.17], [3])",-0.0,-0.0,-0.715,-0.0,-0.0,-0.0,-0.715,0.6777227189314741,-4.635339866434267,0.0
125,"([0, 0, 1, 0, 0, 0], [2])","([0.08, 0.16, 0.05, 0.22, 0.32, 0.17], [1])",-0.0,-0.0,-0.715,-0.0,-0.0,-0.0,-0.715,0.6777227189314741,-4.59806258536574,0.0
126,"([0, 0, 1, 0, 0, 0], [2])","([0.08, 0.16, 0.05, 0.22, 0.32, 0.17], [1])",-0.0,-0.0,-0.715,-0.0,-0.0,-0.0,-0.715,0.6777227189314741,-4.560785304297214,0.0
127,"([0, 0, 1, 0, 0, 0], [2])","([0.08, 0.16, 0.05, 0.22, 0.32, 0.17], [4])",-0.0,-0.0,-0.715,-0.0,-0.0,-0.0,-0.715,0.6777227189314741,-4.523508023228688,0.0
128,"([0, 0, 1, 0, 0, 0], [2])","([0.08, 0.16, 0.05, 0.22, 0.32, 0.17], [4])",-0.0,-0.0,-0.715,-0.0,-0.0,-0.0,-0.715,0.6777227189314741,-4.486230742160162,0.0
129,"([0, 0, 1, 0, 0, 0], [2])","([0.08, 0.16, 0.05, 0.22, 0.32, 0.17], [3])",-0.0,-0.0,-0.715,-0.0,-0.0,-0.0,-0.715,0.6777227189314741,-4.4489534610916355,0.0
130,"([0, 0, 1, 0, 0, 0], [2])","([0.08, 0.16, 0.05, 0.22, 0.32, 0.17], [4])",-0.0,-0.0,-0.715,-0.0,-0.0,-0.0,-0.715,0.6777227189314741,-4.411676180023109,0.0
131,"([0, 0, 1, 0, 0, 0], [2])","([0.08, 0.16, 0.05, 0.22, 0.32, 0.17], [0])",-0.0,-0.0,-0.715,-0.0,-0.0,-0.0,-0.715,0.6777227189314741,-4.374398898954583,0.0
132,"([0, 0, 1, 0, 0, 0], [2])","([0.08, 0.16, 0.05, 0.22, 0.32, 0.17], [4])",-0.0,-0.0,-0.715,-0.0,-0.0,-0.0,-0.715,0.6777227189314741,-4.337121617886057,0.0
133,"([0, 0, 1, 0, 0, 0], [2])","([0.08, 0.16, 0.05, 0.22, 0.32, 0.17], [5])",-0.0,-0.0,-0.715,-0.0,-0.0,-0.0,-0.715,0.6777227189314741,-4.2998443368175305,0.0
134,"([0, 0, 1, 0, 0, 0], [2])","([0.08, 0.16, 0.05, 0.22, 0.32, 0.17], [3])",-0.0,-0.0,-0.715,-0.0,-0.0,-0.0,-0.715,0.6777227189314741,-4.262567055749004,0.0
135,"([0, 0, 1, 0, 0, 0], [2])","([0.08, 0.16, 0.05, 0.22, 0.32, 0.17], [5])",-0.0,-0.0,-0.715,-0.0,-0.0,-0.0,-0.715,0.6777227189314741,-4.225289774680478,0.0
136,"([0, 0, 1, 0, 0, 0], [2])","([0.08, 0.16, 0.05, 0.22, 0.32, 0.17], [4])",-0.0,-0.0,-0.715,-0.0,-0.0,-0.0,-0.715,0.6777227189314741,-4.188012493611952,0.0
137,"([0, 0, 1, 0, 0, 0], [2])","([0.08, 0.16, 0.05, 0.22, 0.32, 0.17], [1])",-0.0,-0.0,-0.715,-0.0,-0.0,-0.0,-0.715,0.6777227189314741,-4.150735212543426,0.0
138,"([0, 0, 1, 0, 0, 0], [2])","([0.08, 0.16, 0.05, 0.22, 0.32, 0.17], [3])",-0.0,-0.0,-0.715,-0.0,-0.0,-0.0,-0.715,0.6777227189314741,-4.113457931474899,0.0
139,"([0, 0, 1, 0, 0, 0], [2])","([0.08, 0.16, 0.05, 0.22, 0.32, 0.17], [3])",-0.0,-0.0,-0.715,-0.0,-0.0,-0.0,-0.715,0.6777227189314741,-4.076180650406373,0.0
140,"([0, 0, 1, 0, 0, 0], [2])","([0.08, 0.16, 0.05, 0.22, 0.32, 0.17], [5])",-0.0,-0.0,-0.715,-0.0,-0.0,-0.0,-0.715,0.6777227189314741,-4.038903369337847,0.0
141,"([0, 0, 1, 0, 0, 0], [2])","([0.08, 0.16, 0.05, 0.22, 0.32, 0.17], [4])",-0.0,-0.0,-0.715,-0.0,-0.0,-0.0,-0.715,0.6777227189314741,-4.001626088269321,0.0
142,"([0, 0, 1, 0, 0, 0], [2])","([0.08, 0.16, 0.05, 0.22, 0.32, 0.17], [1])",-0.0,-0.0,-0.715,-0.0,-0.0,-0.0,-0.715,0.6777227189314741,-3.964348807200795,0.0
143,"([0, 0, 1, 0, 0, 0], [2])","([0.08, 0.16, 0.05, 0.22, 0.32, 0.17], [0])",-0.0,-0.0,-0.715,-0.0,-0.0,-0.0,-0.715,0.6777227189314741,-3.927071526132269,0.0
144,"([0, 0, 1, 0, 0, 0], [2])","([0.08, 0.16, 0.05, 0.22, 0.32, 0.17], [4])",-0.0,-0.0,-0.715,-0.0,-0.0,-0.0,-0.715,0.6777227189314741,-3.8897942450637433,0.0
145,"([0, 0, 1, 0, 0, 0], [2])","([0.08, 0.16, 0.05, 0.22, 0.32, 0.17], [0])",-0.0,-0.0,-0.715,-0.0,-0.0,-0.0,-0.715,0.6777227189314741,-3.8525169639952175,0.0
146,"([0, 0, 1, 0, 0, 0], [2])","([0.08, 0.16, 0.05, 0.22, 0.32, 0.17], [0])",-0.0,-0.0,-0.715,-0.0,-0.0,-0.0,-0.715,0.6777227189314741,-3.8152396829266917,0.0
147,"([0, 0, 1, 0, 0, 0], [2])","([0.08, 0.16, 0.05, 0.22, 0.32, 0.17], [1])",-0.0,-0.0,-0.715,-0.0,-0.0,-0.0,-0.715,0.6777227189314741,-3.777962401858166,0.0
148,"([0, 0, 1, 0, 0, 0], [2])","([0.08, 0.16, 0.05, 0.22, 0.32, 0.17], [0])",-0.0,-0.0,-0.715,-0.0,-0.0,-0.0,-0.715,0.6777227189314741,-3.74068512078964,0.0
149,"([0, 0, 1, 0, 0, 0], [2])","([0.08, 0.16, 0.05, 0.22, 0.32, 0.17], [3])",-0.0,-0.0,-0.715,-0.0,-0.0,-0.0,-0.715,0.6777227189314741,-3.7034078397211143,0.0
150,"([0, 0, 1, 0, 0, 0], [2])","([0.08, 0.16, 0.05, 0.22, 0.32, 0.17], [0])",-0.0,-0.0,-0.715,-0.0,-0.0,-0.0,-0.715,0.6777227189314741,-3.6661305586525885,0.0
151,"([0, 0, 1, 0, 0, 0], [2])","([0.08, 0.16, 0.05, 0.22, 0.32, 0.17], [5])",-0.0,-0.0,-0.715,-0.0,-0.0,-0.0,-0.715,0.6777227189314741,-3.6288532775840627,0.0
152,"([0, 0, 1, 0, 0, 0], [2])","([0.08, 0.16, 0.05, 0.22, 0.32, 0.17], [1])",-0.0,-0.0,-0.715,-0.0,-0.0,-0.0,-0.715,0.6777227189314741,-3.591575996515537,0.0
153,"([0, 0, 1, 0, 0, 0], [2])","([0.08, 0.16, 0.05, 0.22, 0.32, 0.17], [4])",-0.0,-0.0,-0.715,-0.0,-0.0,-0.0,-0.715,0.6777227189314741,-3.554298715447011,0.0
154,"([0, 0, 1, 0, 0, 0], [2])","([0.08, 0.16, 0.05, 0.22, 0.32, 0.17], [4])",-0.0,-0.0,-0.715,-0.0,-0.0,-0.0,-0.715,0.6777227189314741,-3.5170214343784854,0.0
155,"([0, 0, 1, 0, 0, 0], [2])","([0.08, 0.16, 0.05, 0.22, 0.32, 0.17], [4])",-0.0,-0.0,-0.715,-0.0,-0.0,-0.0,-0.715,0.6777227189314741,-3.4797441533099596,0.0
156,"([0, 0, 1, 0, 0, 0], [2])","([0.08, 0.16, 0.05, 0.22, 0.32, 0.17], [4])",-0.0,-0.0,-0.715,-0.0,-0.0,-0.0,-0.715,0.6777227189314741,-3.4424668722414338,0.0
157,"([0, 0, 1, 0, 0, 0], [2])","([0.08, 0.16, 0.05, 0.22, 0.32, 0.17], [2])",-0.0,-0.0,-0.0,-0.0,-0.0,-0.0,0.0,0.6777227189314741,-4.120189591172908,0.0
158,"([0, 0, 1, 0, 0, 0], [2])","([0.08, 0.16, 0.05, 0.22, 0.32, 0.17], [5])",-0.0,-0.0,-0.715,-0.0,-0.0,-0.0,-0.715,0.6777227189314741,-4.082912310104382,0.0
159,"([0, 0, 1, 0, 0, 0], [2])","([0.08, 0.16, 0.05, 0.22, 0.32, 0.17], [1])",-0.0,-0.0,-0.715,-0.0,-0.0,-0.0,-0.715,0.6777227189314741,-4.045635029035855,0.0
160,"([0, 0, 1, 0, 0, 0], [2])","([0.08, 0.16, 0.05, 0.22, 0.32, 0.17], [1])",-0.0,-0.0,-0.715,-0.0,-0.0,-0.0,-0.715,0.6777227189314741,-4.008357747967329,0.0
161,"([0, 0, 1, 0, 0, 0], [2])","([0.08, 0.16, 0.05, 0.22, 0.32, 0.17], [3])",-0.0,-0.0,-0.715,-0.0,-0.0,-0.0,-0.715,0.6777227189314741,-3.9710804668988033,0.0
162,"([0, 0, 1, 0, 0, 0], [2])","([0.08, 0.16, 0.05, 0.22, 0.32, 0.17], [4])",-0.0,-0.0,-0.715,-0.0,-0.0,-0.0,-0.715,0.6777227189314741,-3.9338031858302775,0.0
163,"([0, 0, 1, 0, 0, 0], [2])","([0.08, 0.16, 0.05, 0.22, 0.32, 0.17], [5])",-0.0,-0.0,-0.715,-0.0,-0.0,-0.0,-0.715,0.6777227189314741,-3.8965259047617518,0.0
164,"([0, 0, 1, 0, 0, 0], [2])","([0.08, 0.16, 0.05, 0.22, 0.32, 0.17], [5])",-0.0,-0.0,-0.715,-0.0,-0.0,-0.0,-0.715,0.6777227189314741,-3.859248623693226,0.0
165,"([0, 0, 1, 0, 0, 0], [2])","([0.08, 0.16, 0.05, 0.22, 0.32, 0.17], [0])",-0.0,-0.0,-0.715,-0.0,-0.0,-0.0,-0.715,0.6777227189314741,-3.8219713426247,0.0
166,"([0, 0, 1, 0, 0, 0], [2])","([0.08, 0.16, 0.05, 0.22, 0.32, 0.17], [1])",-0.0,-0.0,-0.715,-0.0,-0.0,-0.0,-0.715,0.6777227189314741,-3.7846940615561744,0.0
167,"([0, 0, 1, 0, 0, 0], [2])","([0.08, 0.16, 0.05, 0.22, 0.32, 0.17], [5])",-0.0,-0.0,-0.715,-0.0,-0.0,-0.0,-0.715,0.6777227189314741,-3.7474167804876486,0.0
168,"([0, 0, 1, 0, 0, 0], [2])","([0.08, 0.16, 0.05, 0.22, 0.32, 0.17], [5])",-0.0,-0.0,-0.715,-0.0,-0.0,-0.0,-0.715,0.6777227189314741,-3.710139499419123,0.0
169,"([0, 0, 1, 0, 0, 0], [2])","([0.08, 0.16, 0.05, 0.22, 0.32, 0.17], [3])",-0.0,-0.0,-0.715,-0.0,-0.0,-0.0,-0.715,0.6777227189314741,-3.672862218350597,0.0
170,"([0, 0, 1, 0, 0, 0], [2])","([0.08, 0.16, 0.05, 0.22, 0.32, 0.17], [3])",-0.0,-0.0,-0.715,-0.0,-0.0,-0.0,-0.715,0.6777227189314741,-3.635584937282071,0.0
171,"([0, 0, 1, 0, 0, 0], [2])","([0.08, 0.16, 0.05, 0.22, 0.32, 0.17], [1])",-0.0,-0.0,-0.715,-0.0,-0.0,-0.0,-0.715,0.6777227189314741,-3.5983076562135454,0.0
172,"([0, 0, 1, 0, 0, 0], [2])","([0.08, 0.16, 0.05, 0.22, 0.32, 0.17], [1])",-0.0,-0.0,-0.715,-0.0,-0.0,-0.0,-0.715,0.6777227189314741,-3.5610303751450196,0.0
173,"([0, 0, 1, 0, 0, 0], [2])","([0.08, 0.16, 0.05, 0.22, 0.32, 0.17], [2])",-0.0,-0.0,-0.0,-0.0,-0.0,-0.0,0.0,0.6777227189314741,-4.238753094076493,0.0
174,"([0, 0, 1, 0, 0, 0], [2])","([0.08, 0.16, 0.05, 0.22, 0.32, 0.17], [3])",-0.0,-0.0,-0.715,-0.0,-0.0,-0.0,-0.715,0.6777227189314741,-4.201475813007967,0.0
175,"([0, 0, 1, 0, 0, 0], [2])","([0.08, 0.16, 0.05, 0.22, 0.32, 0.17], [3])",-0.0,-0.0,-0.715,-0.0,-0.0,-0.0,-0.715,0.6777227189314741,-4.164198531939441,0.0
176,"([0, 0, 1, 0, 0, 0], [2])","([0.08, 0.16, 0.05, 0.22, 0.32, 0.17], [3])",-0.0,-0.0,-0.715,-0.0,-0.0,-0.0,-0.715,0.6777227189314741,-4.1269212508709145,0.0
177,"([0, 0, 1, 0, 0, 0], [2])","([0.08, 0.16, 0.05, 0.22, 0.32, 0.17], [4])",-0.0,-0.0,-0.715,-0.0,-0.0,-0.0,-0.715,0.6777227189314741,-4.089643969802388,0.0
178,"([0, 0, 1, 0, 0, 0], [2])","([0.08, 0.16, 0.05, 0.22, 0.32, 0.17], [4])",-0.0,-0.0,-0.715,-0.0,-0.0,-0.0,-0.715,0.6777227189314741,-4.052366688733862,0.0
179,"([0, 0, 1, 0, 0, 0], [2])","([0.08, 0.16, 0.05, 0.22, 0.32, 0.17], [2])",-0.0,-0.0,-0.0,-0.0,-0.0,-0.0,0.0,0.6777227189314741,-4.730089407665336,0.0
180,"([0, 0, 1, 0, 0, 0], [2])","([0.08, 0.16, 0.05, 0.22, 0.32, 0.17], [3])",-0.0,-0.0,-0.715,-0.0,-0.0,-0.0,-0.715,0.6777227189314741,-4.6928121265968095,0.0
181,"([0, 0, 1, 0, 0, 0], [2])","([0.08, 0.16, 0.05, 0.22, 0.32, 0.17], [1])",-0.0,-0.0,-0.715,-0.0,-0.0,-0.0,-0.715,0.6777227189314741,-4.655534845528283,0.0
182,"([0, 0, 1, 0, 0, 0], [2])","([0.08, 0.16, 0.05, 0.22, 0.32, 0.17], [4])",-0.0,-0.0,-0.715,-0.0,-0.0,-0.0,-0.715,0.6777227189314741,-4.618257564459757,0.0
183,"([0, 0, 1, 0, 0, 0], [2])","([0.08, 0.16, 0.05, 0.22, 0.32, 0.17], [4])",-0.0,-0.0,-0.715,-0.0,-0.0,-0.0,-0.715,0.6777227189314741,-4.580980283391231,0.0
184,"([0, 0, 1, 0, 0, 0], [2])","([0.08, 0.16, 0.05, 0.22, 0.32, 0.17], [3])",-0.0,-0.0,-0.715,-0.0,-0.0,-0.0,-0.715,0.6777227189314741,-4.5437030023227045,0.0
185,"([0, 0, 1, 0, 0, 0], [2])","([0.08, 0.16, 0.05, 0.22, 0.32, 0.17], [4])",-0.0,-0.0,-0.715,-0.0,-0.0,-0.0,-0.715,0.6777227189314741,-4.506425721254178,0.0
186,"([0, 0, 1, 0, 0, 0], [2])","([0.08, 0.16, 0.05, 0.22, 0.32, 0.17], [4])",-0.0,-0.0,-0.715,-0.0,-0.0,-0.0,-0.715,0.6777227189314741,-4.469148440185652,0.0
187,"([0, 0, 1, 0, 0, 0], [2])","([0.08, 0.16, 0.05, 0.22, 0.32, 0.17], [3])",-0.0,-0.0,-0.715,-0.0,-0.0,-0.0,-0.715,0.6777227189314741,-4.431871159117126,0.0
188,"([0, 0, 1, 0, 0, 0], [2])","([0.08, 0.16, 0.05, 0.22, 0.32, 0.17], [1])",-0.0,-0.0,-0.715,-0.0,-0.0,-0.0,-0.715,0.6777227189314741,-4.3945938780486,0.0
189,"([0, 0, 1, 0, 0, 0], [2])","([0.08, 0.16, 0.05, 0.22, 0.32, 0.17], [4])",-0.0,-0.0,-0.715,-0.0,-0.0,-0.0,-0.715,0.6777227189314741,-4.357316596980073,0.0
190,"([0, 0, 1, 0, 0, 0], [2])","([0.08, 0.16, 0.05, 0.22, 0.32, 0.17], [5])",-0.0,-0.0,-0.715,-0.0,-0.0,-0.0,-0.715,0.6777227189314741,-4.320039315911547,0.0
191,"([0, 0, 1, 0, 0, 0], [2])","([0.08, 0.16, 0.05, 0.22, 0.32, 0.17], [1])",-0.0,-0.0,-0.715,-0.0,-0.0,-0.0,-0.715,0.6777227189314741,-4.282762034843021,0.0
192,"([0, 0, 1, 0, 0, 0], [2])","([0.08, 0.16, 0.05, 0.22, 0.32, 0.17], [4])",-0.0,-0.0,-0.715,-0.0,-0.0,-0.0,-0.715,0.6777227189314741,-4.245484753774495,0.0
193,"([0, 0, 1, 0, 0, 0], [2])","([0.08, 0.16, 0.05, 0.22, 0.32, 0.17], [4])",-0.0,-0.0,-0.715,-0.0,-0.0,-0.0,-0.715,0.6777227189314741,-4.208207472705968,0.0
194,"([0, 0, 1, 0, 0, 0], [2])","([0.08, 0.16, 0.05, 0.22, 0.32, 0.17], [4])",-0.0,-0.0,-0.715,-0.0,-0.0,-0.0,-0.715,0.6777227189314741,-4.170930191637442,0.0
195,"([0, 0, 1, 0, 0, 0], [2])","([0.08, 0.16, 0.05, 0.22, 0.32, 0.17], [3])",-0.0,-0.0,-0.715,-0.0,-0.0,-0.0,-0.715,0.6777227189314741,-4.133652910568916,0.0
196,"([0, 0, 1, 0, 0, 0], [2])","([0.08, 0.16, 0.05, 0.22, 0.32, 0.17], [1])",-0.0,-0.0,-0.715,-0.0,-0.0,-0.0,-0.715,0.6777227189314741,-4.09637562950039,0.0
197,"([0, 0, 1, 0, 0, 0], [2])","([0.08, 0.16, 0.05, 0.22, 0.32, 0.17], [3])",-0.0,-0.0,-0.715,-0.0,-0.0,-0.0,-0.715,0.6777227189314741,-4.0590983484318635,0.0
198,"([0, 0, 1, 0, 0, 0], [2])","([0.08, 0.16, 0.05, 0.22, 0.32, 0.17], [4])",-0.0,-0.0,-0.715,-0.0,-0.0,-0.0,-0.715,0.6777227189314741,-4.021821067363337,0.0
199,"([0, 0, 1, 0, 0, 0], [2])","([0.08, 0.16, 0.05, 0.22, 0.32, 0.17], [4])",-0.0,-0.0,-0.715,-0.0,-0.0,-0.0,-0.715,0.6777227189314741,-3.9845437862948114,0.0
