,sta-1,FRL-0,feedback target 0,feedback target 1,feedback target 2,feedback target 3,feedback target 4,feedback target 5,total,exp_loss,actual_regret,exp_regret
0,"([0, 0, 1, 0, 0, 0], [2])","([0.08, 0.16, 0.05, 0.22, 0.32, 0.17], [4])",-0.0,-0.0,-0.715,-0.0,-0.0,-0.0,-0.715,0.6777227189314741,0.0372772810685259,0.0
1,"([0, 0, 1, 0, 0, 0], [2])","([0.08, 0.16, 0.05, 0.22, 0.32, 0.17], [5])",-0.0,-0.0,-0.715,-0.0,-0.0,-0.0,-0.715,0.6777227189314741,0.0745545621370518,0.0
2,"([0, 0, 1, 0, 0, 0], [2])","([0.08, 0.16, 0.05, 0.22, 0.32, 0.17], [1])",-0.0,-0.0,-0.715,-0.0,-0.0,-0.0,-0.715,0.6777227189314741,0.11183184320557771,0.0
3,"([0, 0, 1, 0, 0, 0], [2])","([0.08, 0.16, 0.05, 0.22, 0.32, 0.17], [4])",-0.0,-0.0,-0.715,-0.0,-0.0,-0.0,-0.715,0.6777227189314741,0.1491091242741036,0.0
4,"([0, 0, 1, 0, 0, 0], [2])","([0.08, 0.16, 0.05, 0.22, 0.32, 0.17], [4])",-0.0,-0.0,-0.715,-0.0,-0.0,-0.0,-0.715,0.6777227189314741,0.1863864053426295,0.0
5,"([0, 0, 1, 0, 0, 0], [2])","([0.08, 0.16, 0.05, 0.22, 0.32, 0.17], [2])",-0.0,-0.0,-0.0,-0.0,-0.0,-0.0,0.0,0.6777227189314741,-0.49133631358884455,0.0
6,"([0, 0, 1, 0, 0, 0], [2])","([0.08, 0.16, 0.05, 0.22, 0.32, 0.17], [4])",-0.0,-0.0,-0.715,-0.0,-0.0,-0.0,-0.715,0.6777227189314741,-0.45405903252031865,0.0
7,"([0, 0, 1, 0, 0, 0], [2])","([0.08, 0.16, 0.05, 0.22, 0.32, 0.17], [4])",-0.0,-0.0,-0.715,-0.0,-0.0,-0.0,-0.715,0.6777227189314741,-0.41678175145179275,0.0
8,"([0, 0, 1, 0, 0, 0], [2])","([0.08, 0.16, 0.05, 0.22, 0.32, 0.17], [5])",-0.0,-0.0,-0.715,-0.0,-0.0,-0.0,-0.715,0.6777227189314741,-0.37950447038326685,0.0
9,"([0, 0, 1, 0, 0, 0], [2])","([0.08, 0.16, 0.05, 0.22, 0.32, 0.17], [0])",-0.0,-0.0,-0.715,-0.0,-0.0,-0.0,-0.715,0.6777227189314741,-0.34222718931474094,0.0
10,"([0, 0, 1, 0, 0, 0], [2])","([0.08, 0.16, 0.05, 0.22, 0.32, 0.17], [5])",-0.0,-0.0,-0.715,-0.0,-0.0,-0.0,-0.715,0.6777227189314741,-0.30494990824621504,0.0
11,"([0, 0, 1, 0, 0, 0], [2])","([0.08, 0.16, 0.05, 0.22, 0.32, 0.17], [3])",-0.0,-0.0,-0.715,-0.0,-0.0,-0.0,-0.715,0.6777227189314741,-0.26767262717768914,0.0
12,"([0, 0, 1, 0, 0, 0], [2])","([0.08, 0.16, 0.05, 0.22, 0.32, 0.17], [1])",-0.0,-0.0,-0.715,-0.0,-0.0,-0.0,-0.715,0.6777227189314741,-0.23039534610916323,0.0
13,"([0, 0, 1, 0, 0, 0], [2])","([0.08, 0.16, 0.05, 0.22, 0.32, 0.17], [0])",-0.0,-0.0,-0.715,-0.0,-0.0,-0.0,-0.715,0.6777227189314741,-0.19311806504063733,0.0
14,"([0, 0, 1, 0, 0, 0], [2])","([0.08, 0.16, 0.05, 0.22, 0.32, 0.17], [4])",-0.0,-0.0,-0.715,-0.0,-0.0,-0.0,-0.715,0.6777227189314741,-0.15584078397211143,0.0
15,"([0, 0, 1, 0, 0, 0], [2])","([0.08, 0.16, 0.05, 0.22, 0.32, 0.17], [4])",-0.0,-0.0,-0.715,-0.0,-0.0,-0.0,-0.715,0.6777227189314741,-0.11856350290358553,0.0
16,"([0, 0, 1, 0, 0, 0], [2])","([0.08, 0.16, 0.05, 0.22, 0.32, 0.17], [4])",-0.0,-0.0,-0.715,-0.0,-0.0,-0.0,-0.715,0.6777227189314741,-0.08128622183505962,0.0
17,"([0, 0, 1, 0, 0, 0], [2])","([0.08, 0.16, 0.05, 0.22, 0.32, 0.17], [5])",-0.0,-0.0,-0.715,-0.0,-0.0,-0.0,-0.715,0.6777227189314741,-0.04400894076653372,0.0
18,"([0, 0, 1, 0, 0, 0], [2])","([0.08, 0.16, 0.05, 0.22, 0.32, 0.17], [3])",-0.0,-0.0,-0.715,-0.0,-0.0,-0.0,-0.715,0.6777227189314741,-0.006731659698007819,0.0
19,"([0, 0, 1, 0, 0, 0], [2])","([0.08, 0.16, 0.05, 0.22, 0.32, 0.17], [3])",-0.0,-0.0,-0.715,-0.0,-0.0,-0.0,-0.715,0.6777227189314741,0.030545621370518083,0.0
20,"([0, 0, 1, 0, 0, 0], [2])","([0.08, 0.16, 0.05, 0.22, 0.32, 0.17], [1])",-0.0,-0.0,-0.715,-0.0,-0.0,-0.0,-0.715,0.6777227189314741,0.06782290243904399,0.0
21,"([0, 0, 1, 0, 0, 0], [2])","([0.08, 0.16, 0.05, 0.22, 0.32, 0.17], [5])",-0.0,-0.0,-0.715,-0.0,-0.0,-0.0,-0.715,0.6777227189314741,0.10510018350756989,0.0
22,"([0, 0, 1, 0, 0, 0], [2])","([0.08, 0.16, 0.05, 0.22, 0.32, 0.17], [1])",-0.0,-0.0,-0.715,-0.0,-0.0,-0.0,-0.715,0.6777227189314741,0.1423774645760958,0.0
23,"([0, 0, 1, 0, 0, 0], [2])","([0.08, 0.16, 0.05, 0.22, 0.32, 0.17], [3])",-0.0,-0.0,-0.715,-0.0,-0.0,-0.0,-0.715,0.6777227189314741,0.1796547456446217,0.0
24,"([0, 0, 1, 0, 0, 0], [2])","([0.08, 0.16, 0.05, 0.22, 0.32, 0.17], [4])",-0.0,-0.0,-0.715,-0.0,-0.0,-0.0,-0.715,0.6777227189314741,0.2169320267131476,0.0
25,"([0, 0, 1, 0, 0, 0], [2])","([0.08, 0.16, 0.05, 0.22, 0.32, 0.17], [2])",-0.0,-0.0,-0.0,-0.0,-0.0,-0.0,0.0,0.6777227189314741,-0.46079069221832647,0.0
26,"([0, 0, 1, 0, 0, 0], [2])","([0.08, 0.16, 0.05, 0.22, 0.32, 0.17], [3])",-0.0,-0.0,-0.715,-0.0,-0.0,-0.0,-0.715,0.6777227189314741,-0.42351341114980057,0.0
27,"([0, 0, 1, 0, 0, 0], [2])","([0.08, 0.16, 0.05, 0.22, 0.32, 0.17], [5])",-0.0,-0.0,-0.715,-0.0,-0.0,-0.0,-0.715,0.6777227189314741,-0.38623613008127466,0.0
28,"([0, 0, 1, 0, 0, 0], [2])","([0.08, 0.16, 0.05, 0.22, 0.32, 0.17], [4])",-0.0,-0.0,-0.715,-0.0,-0.0,-0.0,-0.715,0.6777227189314741,-0.34895884901274876,0.0
29,"([0, 0, 1, 0, 0, 0], [2])","([0.08, 0.16, 0.05, 0.22, 0.32, 0.17], [3])",-0.0,-0.0,-0.715,-0.0,-0.0,-0.0,-0.715,0.6777227189314741,-0.31168156794422286,0.0
30,"([0, 0, 1, 0, 0, 0], [2])","([0.08, 0.16, 0.05, 0.22, 0.32, 0.17], [1])",-0.0,-0.0,-0.715,-0.0,-0.0,-0.0,-0.715,0.6777227189314741,-0.27440428687569696,0.0
31,"([0, 0, 1, 0, 0, 0], [2])","([0.08, 0.16, 0.05, 0.22, 0.32, 0.17], [2])",-0.0,-0.0,-0.0,-0.0,-0.0,-0.0,0.0,0.6777227189314741,-0.952127005807171,0.0
32,"([0, 0, 1, 0, 0, 0], [2])","([0.08, 0.16, 0.05, 0.22, 0.32, 0.17], [3])",-0.0,-0.0,-0.715,-0.0,-0.0,-0.0,-0.715,0.6777227189314741,-0.9148497247386451,0.0
33,"([0, 0, 1, 0, 0, 0], [2])","([0.08, 0.16, 0.05, 0.22, 0.32, 0.17], [5])",-0.0,-0.0,-0.715,-0.0,-0.0,-0.0,-0.715,0.6777227189314741,-0.8775724436701192,0.0
34,"([0, 0, 1, 0, 0, 0], [2])","([0.08, 0.16, 0.05, 0.22, 0.32, 0.17], [3])",-0.0,-0.0,-0.715,-0.0,-0.0,-0.0,-0.715,0.6777227189314741,-0.8402951626015933,0.0
35,"([0, 0, 1, 0, 0, 0], [2])","([0.08, 0.16, 0.05, 0.22, 0.32, 0.17], [5])",-0.0,-0.0,-0.715,-0.0,-0.0,-0.0,-0.715,0.6777227189314741,-0.8030178815330674,0.0
36,"([0, 0, 1, 0, 0, 0], [2])","([0.08, 0.16, 0.05, 0.22, 0.32, 0.17], [5])",-0.0,-0.0,-0.715,-0.0,-0.0,-0.0,-0.715,0.6777227189314741,-0.7657406004645415,0.0
37,"([0, 0, 1, 0, 0, 0], [2])","([0.08, 0.16, 0.05, 0.22, 0.32, 0.17], [4])",-0.0,-0.0,-0.715,-0.0,-0.0,-0.0,-0.715,0.6777227189314741,-0.7284633193960156,0.0
38,"([0, 0, 1, 0, 0, 0], [2])","([0.08, 0.16, 0.05, 0.22, 0.32, 0.17], [4])",-0.0,-0.0,-0.715,-0.0,-0.0,-0.0,-0.715,0.6777227189314741,-0.6911860383274897,0.0
39,"([0, 0, 1, 0, 0, 0], [2])","([0.08, 0.16, 0.05, 0.22, 0.32, 0.17], [1])",-0.0,-0.0,-0.715,-0.0,-0.0,-0.0,-0.715,0.6777227189314741,-0.6539087572589638,0.0
40,"([0, 0, 1, 0, 0, 0], [2])","([0.08, 0.16, 0.05, 0.22, 0.32, 0.17], [5])",-0.0,-0.0,-0.715,-0.0,-0.0,-0.0,-0.715,0.6777227189314741,-0.6166314761904379,0.0
41,"([0, 0, 1, 0, 0, 0], [2])","([0.08, 0.16, 0.05, 0.22, 0.32, 0.17], [0])",-0.0,-0.0,-0.715,-0.0,-0.0,-0.0,-0.715,0.6777227189314741,-0.579354195121912,0.0
42,"([0, 0, 1, 0, 0, 0], [2])","([0.08, 0.16, 0.05, 0.22, 0.32, 0.17], [5])",-0.0,-0.0,-0.715,-0.0,-0.0,-0.0,-0.715,0.6777227189314741,-0.5420769140533861,0.0
43,"([0, 0, 1, 0, 0, 0], [2])","([0.08, 0.16, 0.05, 0.22, 0.32, 0.17], [0])",-0.0,-0.0,-0.715,-0.0,-0.0,-0.0,-0.715,0.6777227189314741,-0.5047996329848602,0.0
44,"([0, 0, 1, 0, 0, 0], [2])","([0.08, 0.16, 0.05, 0.22, 0.32, 0.17], [4])",-0.0,-0.0,-0.715,-0.0,-0.0,-0.0,-0.715,0.6777227189314741,-0.4675223519163343,0.0
45,"([0, 0, 1, 0, 0, 0], [2])","([0.08, 0.16, 0.05, 0.22, 0.32, 0.17], [3])",-0.0,-0.0,-0.715,-0.0,-0.0,-0.0,-0.715,0.6777227189314741,-0.4302450708478084,0.0
46,"([0, 0, 1, 0, 0, 0], [2])","([0.08, 0.16, 0.05, 0.22, 0.32, 0.17], [4])",-0.0,-0.0,-0.715,-0.0,-0.0,-0.0,-0.715,0.6777227189314741,-0.3929677897792825,0.0
47,"([0, 0, 1, 0, 0, 0], [2])","([0.08, 0.16, 0.05, 0.22, 0.32, 0.17], [1])",-0.0,-0.0,-0.715,-0.0,-0.0,-0.0,-0.715,0.6777227189314741,-0.3556905087107566,0.0
48,"([0, 0, 1, 0, 0, 0], [2])","([0.08, 0.16, 0.05, 0.22, 0.32, 0.17], [4])",-0.0,-0.0,-0.715,-0.0,-0.0,-0.0,-0.715,0.6777227189314741,-0.3184132276422307,0.0
49,"([0, 0, 1, 0, 0, 0], [2])","([0.08, 0.16, 0.05, 0.22, 0.32, 0.17], [1])",-0.0,-0.0,-0.715,-0.0,-0.0,-0.0,-0.715,0.6777227189314741,-0.2811359465737048,0.0
50,"([0, 0, 1, 0, 0, 0], [2])","([0.08, 0.16, 0.05, 0.22, 0.32, 0.17], [2])",-0.0,-0.0,-0.0,-0.0,-0.0,-0.0,0.0,0.6777227189314741,-0.9588586655051788,0.0
51,"([0, 0, 1, 0, 0, 0], [2])","([0.08, 0.16, 0.05, 0.22, 0.32, 0.17], [5])",-0.0,-0.0,-0.715,-0.0,-0.0,-0.0,-0.715,0.6777227189314741,-0.9215813844366529,0.0
52,"([0, 0, 1, 0, 0, 0], [2])","([0.08, 0.16, 0.05, 0.22, 0.32, 0.17], [3])",-0.0,-0.0,-0.715,-0.0,-0.0,-0.0,-0.715,0.6777227189314741,-0.884304103368127,0.0
53,"([0, 0, 1, 0, 0, 0], [2])","([0.08, 0.16, 0.05, 0.22, 0.32, 0.17], [5])",-0.0,-0.0,-0.715,-0.0,-0.0,-0.0,-0.715,0.6777227189314741,-0.8470268222996011,0.0
54,"([0, 0, 1, 0, 0, 0], [2])","([0.08, 0.16, 0.05, 0.22, 0.32, 0.17], [1])",-0.0,-0.0,-0.715,-0.0,-0.0,-0.0,-0.715,0.6777227189314741,-0.8097495412310752,0.0
55,"([0, 0, 1, 0, 0, 0], [2])","([0.08, 0.16, 0.05, 0.22, 0.32, 0.17], [1])",-0.0,-0.0,-0.715,-0.0,-0.0,-0.0,-0.715,0.6777227189314741,-0.7724722601625493,0.0
56,"([0, 0, 1, 0, 0, 0], [2])","([0.08, 0.16, 0.05, 0.22, 0.32, 0.17], [4])",-0.0,-0.0,-0.715,-0.0,-0.0,-0.0,-0.715,0.6777227189314741,-0.7351949790940234,0.0
57,"([0, 0, 1, 0, 0, 0], [2])","([0.08, 0.16, 0.05, 0.22, 0.32, 0.17], [4])",-0.0,-0.0,-0.715,-0.0,-0.0,-0.0,-0.715,0.6777227189314741,-0.6979176980254975,0.0
58,"([0, 0, 1, 0, 0, 0], [2])","([0.08, 0.16, 0.05, 0.22, 0.32, 0.17], [0])",-0.0,-0.0,-0.715,-0.0,-0.0,-0.0,-0.715,0.6777227189314741,-0.6606404169569716,0.0
59,"([0, 0, 1, 0, 0, 0], [2])","([0.08, 0.16, 0.05, 0.22, 0.32, 0.17], [3])",-0.0,-0.0,-0.715,-0.0,-0.0,-0.0,-0.715,0.6777227189314741,-0.6233631358884457,0.0
60,"([0, 0, 1, 0, 0, 0], [2])","([0.08, 0.16, 0.05, 0.22, 0.32, 0.17], [4])",-0.0,-0.0,-0.715,-0.0,-0.0,-0.0,-0.715,0.6777227189314741,-0.5860858548199198,0.0
61,"([0, 0, 1, 0, 0, 0], [2])","([0.08, 0.16, 0.05, 0.22, 0.32, 0.17], [3])",-0.0,-0.0,-0.715,-0.0,-0.0,-0.0,-0.715,0.6777227189314741,-0.5488085737513939,0.0
62,"([0, 0, 1, 0, 0, 0], [2])","([0.08, 0.16, 0.05, 0.22, 0.32, 0.17], [5])",-0.0,-0.0,-0.715,-0.0,-0.0,-0.0,-0.715,0.6777227189314741,-0.511531292682868,0.0
63,"([0, 0, 1, 0, 0, 0], [2])","([0.08, 0.16, 0.05, 0.22, 0.32, 0.17], [1])",-0.0,-0.0,-0.715,-0.0,-0.0,-0.0,-0.715,0.6777227189314741,-0.4742540116143421,0.0
64,"([0, 0, 1, 0, 0, 0], [2])","([0.08, 0.16, 0.05, 0.22, 0.32, 0.17], [4])",-0.0,-0.0,-0.715,-0.0,-0.0,-0.0,-0.715,0.6777227189314741,-0.4369767305458162,0.0
65,"([0, 0, 1, 0, 0, 0], [2])","([0.08, 0.16, 0.05, 0.22, 0.32, 0.17], [4])",-0.0,-0.0,-0.715,-0.0,-0.0,-0.0,-0.715,0.6777227189314741,-0.3996994494772903,0.0
66,"([0, 0, 1, 0, 0, 0], [2])","([0.08, 0.16, 0.05, 0.22, 0.32, 0.17], [4])",-0.0,-0.0,-0.715,-0.0,-0.0,-0.0,-0.715,0.6777227189314741,-0.3624221684087644,0.0
67,"([0, 0, 1, 0, 0, 0], [2])","([0.08, 0.16, 0.05, 0.22, 0.32, 0.17], [5])",-0.0,-0.0,-0.715,-0.0,-0.0,-0.0,-0.715,0.6777227189314741,-0.3251448873402385,0.0
68,"([0, 0, 1, 0, 0, 0], [2])","([0.08, 0.16, 0.05, 0.22, 0.32, 0.17], [3])",-0.0,-0.0,-0.715,-0.0,-0.0,-0.0,-0.715,0.6777227189314741,-0.2878676062717126,0.0
69,"([0, 0, 1, 0, 0, 0], [2])","([0.08, 0.16, 0.05, 0.22, 0.32, 0.17], [3])",-0.0,-0.0,-0.715,-0.0,-0.0,-0.0,-0.715,0.6777227189314741,-0.2505903252031867,0.0
70,"([0, 0, 1, 0, 0, 0], [2])","([0.08, 0.16, 0.05, 0.22, 0.32, 0.17], [1])",-0.0,-0.0,-0.715,-0.0,-0.0,-0.0,-0.715,0.6777227189314741,-0.2133130441346608,0.0
71,"([0, 0, 1, 0, 0, 0], [2])","([0.08, 0.16, 0.05, 0.22, 0.32, 0.17], [1])",-0.0,-0.0,-0.715,-0.0,-0.0,-0.0,-0.715,0.6777227189314741,-0.1760357630661349,0.0
72,"([0, 0, 1, 0, 0, 0], [2])","([0.08, 0.16, 0.05, 0.22, 0.32, 0.17], [2])",-0.0,-0.0,-0.0,-0.0,-0.0,-0.0,0.0,0.6777227189314741,-0.853758481997609,0.0
73,"([0, 0, 1, 0, 0, 0], [2])","([0.08, 0.16, 0.05, 0.22, 0.32, 0.17], [3])",-0.0,-0.0,-0.715,-0.0,-0.0,-0.0,-0.715,0.6777227189314741,-0.816481200929083,0.0
74,"([0, 0, 1, 0, 0, 0], [2])","([0.08, 0.16, 0.05, 0.22, 0.32, 0.17], [0])",-0.0,-0.0,-0.715,-0.0,-0.0,-0.0,-0.715,0.6777227189314741,-0.7792039198605571,0.0
75,"([0, 0, 1, 0, 0, 0], [2])","([0.08, 0.16, 0.05, 0.22, 0.32, 0.17], [1])",-0.0,-0.0,-0.715,-0.0,-0.0,-0.0,-0.715,0.6777227189314741,-0.7419266387920312,0.0
76,"([0, 0, 1, 0, 0, 0], [2])","([0.08, 0.16, 0.05, 0.22, 0.32, 0.17], [5])",-0.0,-0.0,-0.715,-0.0,-0.0,-0.0,-0.715,0.6777227189314741,-0.7046493577235053,0.0
77,"([0, 0, 1, 0, 0, 0], [2])","([0.08, 0.16, 0.05, 0.22, 0.32, 0.17], [1])",-0.0,-0.0,-0.715,-0.0,-0.0,-0.0,-0.715,0.6777227189314741,-0.6673720766549794,0.0
78,"([0, 0, 1, 0, 0, 0], [2])","([0.08, 0.16, 0.05, 0.22, 0.32, 0.17], [5])",-0.0,-0.0,-0.715,-0.0,-0.0,-0.0,-0.715,0.6777227189314741,-0.6300947955864535,0.0
79,"([0, 0, 1, 0, 0, 0], [2])","([0.08, 0.16, 0.05, 0.22, 0.32, 0.17], [1])",-0.0,-0.0,-0.715,-0.0,-0.0,-0.0,-0.715,0.6777227189314741,-0.5928175145179276,0.0
80,"([0, 0, 1, 0, 0, 0], [2])","([0.08, 0.16, 0.05, 0.22, 0.32, 0.17], [4])",-0.0,-0.0,-0.715,-0.0,-0.0,-0.0,-0.715,0.6777227189314741,-0.5555402334494017,0.0
81,"([0, 0, 1, 0, 0, 0], [2])","([0.08, 0.16, 0.05, 0.22, 0.32, 0.17], [4])",-0.0,-0.0,-0.715,-0.0,-0.0,-0.0,-0.715,0.6777227189314741,-0.5182629523808758,0.0
82,"([0, 0, 1, 0, 0, 0], [2])","([0.08, 0.16, 0.05, 0.22, 0.32, 0.17], [3])",-0.0,-0.0,-0.715,-0.0,-0.0,-0.0,-0.715,0.6777227189314741,-0.4809856713123499,0.0
83,"([0, 0, 1, 0, 0, 0], [2])","([0.08, 0.16, 0.05, 0.22, 0.32, 0.17], [4])",-0.0,-0.0,-0.715,-0.0,-0.0,-0.0,-0.715,0.6777227189314741,-0.443708390243824,0.0
84,"([0, 0, 1, 0, 0, 0], [2])","([0.08, 0.16, 0.05, 0.22, 0.32, 0.17], [0])",-0.0,-0.0,-0.715,-0.0,-0.0,-0.0,-0.715,0.6777227189314741,-0.4064311091752981,0.0
85,"([0, 0, 1, 0, 0, 0], [2])","([0.08, 0.16, 0.05, 0.22, 0.32, 0.17], [4])",-0.0,-0.0,-0.715,-0.0,-0.0,-0.0,-0.715,0.6777227189314741,-0.3691538281067722,0.0
86,"([0, 0, 1, 0, 0, 0], [2])","([0.08, 0.16, 0.05, 0.22, 0.32, 0.17], [4])",-0.0,-0.0,-0.715,-0.0,-0.0,-0.0,-0.715,0.6777227189314741,-0.3318765470382463,0.0
87,"([0, 0, 1, 0, 0, 0], [2])","([0.08, 0.16, 0.05, 0.22, 0.32, 0.17], [3])",-0.0,-0.0,-0.715,-0.0,-0.0,-0.0,-0.715,0.6777227189314741,-0.2945992659697204,0.0
88,"([0, 0, 1, 0, 0, 0], [2])","([0.08, 0.16, 0.05, 0.22, 0.32, 0.17], [4])",-0.0,-0.0,-0.715,-0.0,-0.0,-0.0,-0.715,0.6777227189314741,-0.2573219849011945,0.0
89,"([0, 0, 1, 0, 0, 0], [2])","([0.08, 0.16, 0.05, 0.22, 0.32, 0.17], [5])",-0.0,-0.0,-0.715,-0.0,-0.0,-0.0,-0.715,0.6777227189314741,-0.2200447038326686,0.0
90,"([0, 0, 1, 0, 0, 0], [2])","([0.08, 0.16, 0.05, 0.22, 0.32, 0.17], [4])",-0.0,-0.0,-0.715,-0.0,-0.0,-0.0,-0.715,0.6777227189314741,-0.1827674227641427,0.0
91,"([0, 0, 1, 0, 0, 0], [2])","([0.08, 0.16, 0.05, 0.22, 0.32, 0.17], [3])",-0.0,-0.0,-0.715,-0.0,-0.0,-0.0,-0.715,0.6777227189314741,-0.1454901416956168,0.0
92,"([0, 0, 1, 0, 0, 0], [2])","([0.08, 0.16, 0.05, 0.22, 0.32, 0.17], [3])",-0.0,-0.0,-0.715,-0.0,-0.0,-0.0,-0.715,0.6777227189314741,-0.1082128606270909,0.0
93,"([0, 0, 1, 0, 0, 0], [2])","([0.08, 0.16, 0.05, 0.22, 0.32, 0.17], [4])",-0.0,-0.0,-0.715,-0.0,-0.0,-0.0,-0.715,0.6777227189314741,-0.070935579558565,0.0
94,"([0, 0, 1, 0, 0, 0], [2])","([0.08, 0.16, 0.05, 0.22, 0.32, 0.17], [1])",-0.0,-0.0,-0.715,-0.0,-0.0,-0.0,-0.715,0.6777227189314741,-0.033658298490039096,0.0
95,"([0, 0, 1, 0, 0, 0], [2])","([0.08, 0.16, 0.05, 0.22, 0.32, 0.17], [3])",-0.0,-0.0,-0.715,-0.0,-0.0,-0.0,-0.715,0.6777227189314741,0.003618982578486807,0.0
96,"([0, 0, 1, 0, 0, 0], [2])","([0.08, 0.16, 0.05, 0.22, 0.32, 0.17], [4])",-0.0,-0.0,-0.715,-0.0,-0.0,-0.0,-0.715,0.6777227189314741,0.04089626364701271,0.0
97,"([0, 0, 1, 0, 0, 0], [2])","([0.08, 0.16, 0.05, 0.22, 0.32, 0.17], [4])",-0.0,-0.0,-0.715,-0.0,-0.0,-0.0,-0.715,0.6777227189314741,0.07817354471553861,0.0
98,"([0, 0, 1, 0, 0, 0], [2])","([0.08, 0.16, 0.05, 0.22, 0.32, 0.17], [3])",-0.0,-0.0,-0.715,-0.0,-0.0,-0.0,-0.715,0.6777227189314741,0.11545082578406451,0.0
99,"([0, 0, 1, 0, 0, 0], [2])","([0.08, 0.16, 0.05, 0.22, 0.32, 0.17], [3])",-0.0,-0.0,-0.715,-0.0,-0.0,-0.0,-0.715,0.6777227189314741,0.15272810685259042,0.0
100,"([0, 0, 1, 0, 0, 0], [2])","([0.08, 0.16, 0.05, 0.22, 0.32, 0.17], [5])",-0.0,-0.0,-0.715,-0.0,-0.0,-0.0,-0.715,0.6777227189314741,0.19000538792111632,0.0
101,"([0, 0, 1, 0, 0, 0], [2])","([0.08, 0.16, 0.05, 0.22, 0.32, 0.17], [0])",-0.0,-0.0,-0.715,-0.0,-0.0,-0.0,-0.715,0.6777227189314741,0.22728266898964222,0.0
102,"([0, 0, 1, 0, 0, 0], [2])","([0.08, 0.16, 0.05, 0.22, 0.32, 0.17], [4])",-0.0,-0.0,-0.715,-0.0,-0.0,-0.0,-0.715,0.6777227189314741,0.2645599500581681,0.0
103,"([0, 0, 1, 0, 0, 0], [2])","([0.08, 0.16, 0.05, 0.22, 0.32, 0.17], [3])",-0.0,-0.0,-0.715,-0.0,-0.0,-0.0,-0.715,0.6777227189314741,0.30183723112669403,0.0
104,"([0, 0, 1, 0, 0, 0], [2])","([0.08, 0.16, 0.05, 0.22, 0.32, 0.17], [1])",-0.0,-0.0,-0.715,-0.0,-0.0,-0.0,-0.715,0.6777227189314741,0.33911451219521993,0.0
105,"([0, 0, 1, 0, 0, 0], [2])","([0.08, 0.16, 0.05, 0.22, 0.32, 0.17], [4])",-0.0,-0.0,-0.715,-0.0,-0.0,-0.0,-0.715,0.6777227189314741,0.37639179326374583,0.0
106,"([0, 0, 1, 0, 0, 0], [2])","([0.08, 0.16, 0.05, 0.22, 0.32, 0.17], [4])",-0.0,-0.0,-0.715,-0.0,-0.0,-0.0,-0.715,0.6777227189314741,0.41366907433227174,0.0
107,"([0, 0, 1, 0, 0, 0], [2])","([0.08, 0.16, 0.05, 0.22, 0.32, 0.17], [0])",-0.0,-0.0,-0.715,-0.0,-0.0,-0.0,-0.715,0.6777227189314741,0.45094635540079764,0.0
108,"([0, 0, 1, 0, 0, 0], [2])","([0.08, 0.16, 0.05, 0.22, 0.32, 0.17], [4])",-0.0,-0.0,-0.715,-0.0,-0.0,-0.0,-0.715,0.6777227189314741,0.48822363646932354,0.0
109,"([0, 0, 1, 0, 0, 0], [2])","([0.08, 0.16, 0.05, 0.22, 0.32, 0.17], [4])",-0.0,-0.0,-0.715,-0.0,-0.0,-0.0,-0.715,0.6777227189314741,0.5255009175378494,0.0
110,"([0, 0, 1, 0, 0, 0], [2])","([0.08, 0.16, 0.05, 0.22, 0.32, 0.17], [1])",-0.0,-0.0,-0.715,-0.0,-0.0,-0.0,-0.715,0.6777227189314741,0.5627781986063753,0.0
111,"([0, 0, 1, 0, 0, 0], [2])","([0.08, 0.16, 0.05, 0.22, 0.32, 0.17], [3])",-0.0,-0.0,-0.715,-0.0,-0.0,-0.0,-0.715,0.6777227189314741,0.6000554796749012,0.0
112,"([0, 0, 1, 0, 0, 0], [2])","([0.08, 0.16, 0.05, 0.22, 0.32, 0.17], [4])",-0.0,-0.0,-0.715,-0.0,-0.0,-0.0,-0.715,0.6777227189314741,0.6373327607434272,0.0
113,"([0, 0, 1, 0, 0, 0], [2])","([0.08, 0.16, 0.05, 0.22, 0.32, 0.17], [4])",-0.0,-0.0,-0.715,-0.0,-0.0,-0.0,-0.715,0.6777227189314741,0.674610041811953,0.0
114,"([0, 0, 1, 0, 0, 0], [2])","([0.08, 0.16, 0.05, 0.22, 0.32, 0.17], [3])",-0.0,-0.0,-0.715,-0.0,-0.0,-0.0,-0.715,0.6777227189314741,0.711887322880479,0.0
115,"([0, 0, 1, 0, 0, 0], [2])","([0.08, 0.16, 0.05, 0.22, 0.32, 0.17], [1])",-0.0,-0.0,-0.715,-0.0,-0.0,-0.0,-0.715,0.6777227189314741,0.7491646039490049,0.0
116,"([0, 0, 1, 0, 0, 0], [2])","([0.08, 0.16, 0.05, 0.22, 0.32, 0.17], [5])",-0.0,-0.0,-0.715,-0.0,-0.0,-0.0,-0.715,0.6777227189314741,0.7864418850175308,0.0
117,"([0, 0, 1, 0, 0, 0], [2])","([0.08, 0.16, 0.05, 0.22, 0.32, 0.17], [3])",-0.0,-0.0,-0.715,-0.0,-0.0,-0.0,-0.715,0.6777227189314741,0.8237191660860567,0.0
118,"([0, 0, 1, 0, 0, 0], [2])","([0.08, 0.16, 0.05, 0.22, 0.32, 0.17], [2])",-0.0,-0.0,-0.0,-0.0,-0.0,-0.0,0.0,0.6777227189314741,0.1459964471545826,0.0
119,"([0, 0, 1, 0, 0, 0], [2])","([0.08, 0.16, 0.05, 0.22, 0.32, 0.17], [1])",-0.0,-0.0,-0.715,-0.0,-0.0,-0.0,-0.715,0.6777227189314741,0.1832737282231085,0.0
120,"([0, 0, 1, 0, 0, 0], [2])","([0.08, 0.16, 0.05, 0.22, 0.32, 0.17], [4])",-0.0,-0.0,-0.715,-0.0,-0.0,-0.0,-0.715,0.6777227189314741,0.2205510092916344,0.0
121,"([0, 0, 1, 0, 0, 0], [2])","([0.08, 0.16, 0.05, 0.22, 0.32, 0.17], [3])",-0.0,-0.0,-0.715,-0.0,-0.0,-0.0,-0.715,0.6777227189314741,0.2578282903601603,0.0
122,"([0, 0, 1, 0, 0, 0], [2])","([0.08, 0.16, 0.05, 0.22, 0.32, 0.17], [5])",-0.0,-0.0,-0.715,-0.0,-0.0,-0.0,-0.715,0.6777227189314741,0.2951055714286862,0.0
123,"([0, 0, 1, 0, 0, 0], [2])","([0.08, 0.16, 0.05, 0.22, 0.32, 0.17], [3])",-0.0,-0.0,-0.715,-0.0,-0.0,-0.0,-0.715,0.6777227189314741,0.3323828524972121,0.0
124,"([0, 0, 1, 0, 0, 0], [2])","([0.08, 0.16, 0.05, 0.22, 0.32, 0.17], [4])",-0.0,-0.0,-0.715,-0.0,-0.0,-0.0,-0.715,0.6777227189314741,0.369660133565738,0.0
125,"([0, 0, 1, 0, 0, 0], [2])","([0.08, 0.16, 0.05, 0.22, 0.32, 0.17], [4])",-0.0,-0.0,-0.715,-0.0,-0.0,-0.0,-0.715,0.6777227189314741,0.4069374146342639,0.0
126,"([0, 0, 1, 0, 0, 0], [2])","([0.08, 0.16, 0.05, 0.22, 0.32, 0.17], [3])",-0.0,-0.0,-0.715,-0.0,-0.0,-0.0,-0.715,0.6777227189314741,0.4442146957027898,0.0
127,"([0, 0, 1, 0, 0, 0], [2])","([0.08, 0.16, 0.05, 0.22, 0.32, 0.17], [3])",-0.0,-0.0,-0.715,-0.0,-0.0,-0.0,-0.715,0.6777227189314741,0.4814919767713157,0.0
128,"([0, 0, 1, 0, 0, 0], [2])","([0.08, 0.16, 0.05, 0.22, 0.32, 0.17], [2])",-0.0,-0.0,-0.0,-0.0,-0.0,-0.0,0.0,0.6777227189314741,-0.19623074216015834,0.0
129,"([0, 0, 1, 0, 0, 0], [2])","([0.08, 0.16, 0.05, 0.22, 0.32, 0.17], [4])",-0.0,-0.0,-0.715,-0.0,-0.0,-0.0,-0.715,0.6777227189314741,-0.15895346109163244,0.0
130,"([0, 0, 1, 0, 0, 0], [2])","([0.08, 0.16, 0.05, 0.22, 0.32, 0.17], [3])",-0.0,-0.0,-0.715,-0.0,-0.0,-0.0,-0.715,0.6777227189314741,-0.12167618002310654,0.0
131,"([0, 0, 1, 0, 0, 0], [2])","([0.08, 0.16, 0.05, 0.22, 0.32, 0.17], [4])",-0.0,-0.0,-0.715,-0.0,-0.0,-0.0,-0.715,0.6777227189314741,-0.08439889895458064,0.0
132,"([0, 0, 1, 0, 0, 0], [2])","([0.08, 0.16, 0.05, 0.22, 0.32, 0.17], [1])",-0.0,-0.0,-0.715,-0.0,-0.0,-0.0,-0.715,0.6777227189314741,-0.047121617886054734,0.0
133,"([0, 0, 1, 0, 0, 0], [2])","([0.08, 0.16, 0.05, 0.22, 0.32, 0.17], [0])",-0.0,-0.0,-0.715,-0.0,-0.0,-0.0,-0.715,0.6777227189314741,-0.009844336817528831,0.0
134,"([0, 0, 1, 0, 0, 0], [2])","([0.08, 0.16, 0.05, 0.22, 0.32, 0.17], [3])",-0.0,-0.0,-0.715,-0.0,-0.0,-0.0,-0.715,0.6777227189314741,0.02743294425099707,0.0
135,"([0, 0, 1, 0, 0, 0], [2])","([0.08, 0.16, 0.05, 0.22, 0.32, 0.17], [0])",-0.0,-0.0,-0.715,-0.0,-0.0,-0.0,-0.715,0.6777227189314741,0.06471022531952297,0.0
136,"([0, 0, 1, 0, 0, 0], [2])","([0.08, 0.16, 0.05, 0.22, 0.32, 0.17], [4])",-0.0,-0.0,-0.715,-0.0,-0.0,-0.0,-0.715,0.6777227189314741,0.10198750638804888,0.0
137,"([0, 0, 1, 0, 0, 0], [2])","([0.08, 0.16, 0.05, 0.22, 0.32, 0.17], [0])",-0.0,-0.0,-0.715,-0.0,-0.0,-0.0,-0.715,0.6777227189314741,0.13926478745657478,0.0
138,"([0, 0, 1, 0, 0, 0], [2])","([0.08, 0.16, 0.05, 0.22, 0.32, 0.17], [4])",-0.0,-0.0,-0.715,-0.0,-0.0,-0.0,-0.715,0.6777227189314741,0.17654206852510068,0.0
139,"([0, 0, 1, 0, 0, 0], [2])","([0.08, 0.16, 0.05, 0.22, 0.32, 0.17], [1])",-0.0,-0.0,-0.715,-0.0,-0.0,-0.0,-0.715,0.6777227189314741,0.21381934959362658,0.0
140,"([0, 0, 1, 0, 0, 0], [2])","([0.08, 0.16, 0.05, 0.22, 0.32, 0.17], [4])",-0.0,-0.0,-0.715,-0.0,-0.0,-0.0,-0.715,0.6777227189314741,0.2510966306621525,0.0
141,"([0, 0, 1, 0, 0, 0], [2])","([0.08, 0.16, 0.05, 0.22, 0.32, 0.17], [4])",-0.0,-0.0,-0.715,-0.0,-0.0,-0.0,-0.715,0.6777227189314741,0.2883739117306784,0.0
142,"([0, 0, 1, 0, 0, 0], [2])","([0.08, 0.16, 0.05, 0.22, 0.32, 0.17], [5])",-0.0,-0.0,-0.715,-0.0,-0.0,-0.0,-0.715,0.6777227189314741,0.3256511927992043,0.0
143,"([0, 0, 1, 0, 0, 0], [2])","([0.08, 0.16, 0.05, 0.22, 0.32, 0.17], [3])",-0.0,-0.0,-0.715,-0.0,-0.0,-0.0,-0.715,0.6777227189314741,0.3629284738677302,0.0
144,"([0, 0, 1, 0, 0, 0], [2])","([0.08, 0.16, 0.05, 0.22, 0.32, 0.17], [1])",-0.0,-0.0,-0.715,-0.0,-0.0,-0.0,-0.715,0.6777227189314741,0.4002057549362561,0.0
145,"([0, 0, 1, 0, 0, 0], [2])","([0.08, 0.16, 0.05, 0.22, 0.32, 0.17], [0])",-0.0,-0.0,-0.715,-0.0,-0.0,-0.0,-0.715,0.6777227189314741,0.437483036004782,0.0
146,"([0, 0, 1, 0, 0, 0], [2])","([0.08, 0.16, 0.05, 0.22, 0.32, 0.17], [5])",-0.0,-0.0,-0.715,-0.0,-0.0,-0.0,-0.715,0.6777227189314741,0.4747603170733079,0.0
147,"([0, 0, 1, 0, 0, 0], [2])","([0.08, 0.16, 0.05, 0.22, 0.32, 0.17], [3])",-0.0,-0.0,-0.715,-0.0,-0.0,-0.0,-0.715,0.6777227189314741,0.5120375981418338,0.0
148,"([0, 0, 1, 0, 0, 0], [2])","([0.08, 0.16, 0.05, 0.22, 0.32, 0.17], [5])",-0.0,-0.0,-0.715,-0.0,-0.0,-0.0,-0.715,0.6777227189314741,0.5493148792103597,0.0
149,"([0, 0, 1, 0, 0, 0], [2])","([0.08, 0.16, 0.05, 0.22, 0.32, 0.17], [3])",-0.0,-0.0,-0.715,-0.0,-0.0,-0.0,-0.715,0.6777227189314741,0.5865921602788856,0.0
150,"([0, 0, 1, 0, 0, 0], [2])","([0.08, 0.16, 0.05, 0.22, 0.32, 0.17], [4])",-0.0,-0.0,-0.715,-0.0,-0.0,-0.0,-0.715,0.6777227189314741,0.6238694413474115,0.0
151,"([0, 0, 1, 0, 0, 0], [2])","([0.08, 0.16, 0.05, 0.22, 0.32, 0.17], [4])",-0.0,-0.0,-0.715,-0.0,-0.0,-0.0,-0.715,0.6777227189314741,0.6611467224159374,0.0
152,"([0, 0, 1, 0, 0, 0], [2])","([0.08, 0.16, 0.05, 0.22, 0.32, 0.17], [1])",-0.0,-0.0,-0.715,-0.0,-0.0,-0.0,-0.715,0.6777227189314741,0.6984240034844633,0.0
153,"([0, 0, 1, 0, 0, 0], [2])","([0.08, 0.16, 0.05, 0.22, 0.32, 0.17], [3])",-0.0,-0.0,-0.715,-0.0,-0.0,-0.0,-0.715,0.6777227189314741,0.7357012845529892,0.0
154,"([0, 0, 1, 0, 0, 0], [2])","([0.08, 0.16, 0.05, 0.22, 0.32, 0.17], [4])",-0.0,-0.0,-0.715,-0.0,-0.0,-0.0,-0.715,0.6777227189314741,0.7729785656215151,0.0
155,"([0, 0, 1, 0, 0, 0], [2])","([0.08, 0.16, 0.05, 0.22, 0.32, 0.17], [2])",-0.0,-0.0,-0.0,-0.0,-0.0,-0.0,0.0,0.6777227189314741,0.09525584669004106,0.0
156,"([0, 0, 1, 0, 0, 0], [2])","([0.08, 0.16, 0.05, 0.22, 0.32, 0.17], [5])",-0.0,-0.0,-0.715,-0.0,-0.0,-0.0,-0.715,0.6777227189314741,0.13253312775856696,0.0
157,"([0, 0, 1, 0, 0, 0], [2])","([0.08, 0.16, 0.05, 0.22, 0.32, 0.17], [5])",-0.0,-0.0,-0.715,-0.0,-0.0,-0.0,-0.715,0.6777227189314741,0.16981040882709286,0.0
158,"([0, 0, 1, 0, 0, 0], [2])","([0.08, 0.16, 0.05, 0.22, 0.32, 0.17], [4])",-0.0,-0.0,-0.715,-0.0,-0.0,-0.0,-0.715,0.6777227189314741,0.20708768989561877,0.0
159,"([0, 0, 1, 0, 0, 0], [2])","([0.08, 0.16, 0.05, 0.22, 0.32, 0.17], [4])",-0.0,-0.0,-0.715,-0.0,-0.0,-0.0,-0.715,0.6777227189314741,0.24436497096414467,0.0
160,"([0, 0, 1, 0, 0, 0], [2])","([0.08, 0.16, 0.05, 0.22, 0.32, 0.17], [0])",-0.0,-0.0,-0.715,-0.0,-0.0,-0.0,-0.715,0.6777227189314741,0.28164225203267057,0.0
161,"([0, 0, 1, 0, 0, 0], [2])","([0.08, 0.16, 0.05, 0.22, 0.32, 0.17], [5])",-0.0,-0.0,-0.715,-0.0,-0.0,-0.0,-0.715,0.6777227189314741,0.3189195331011965,0.0
162,"([0, 0, 1, 0, 0, 0], [2])","([0.08, 0.16, 0.05, 0.22, 0.32, 0.17], [5])",-0.0,-0.0,-0.715,-0.0,-0.0,-0.0,-0.715,0.6777227189314741,0.3561968141697224,0.0
163,"([0, 0, 1, 0, 0, 0], [2])","([0.08, 0.16, 0.05, 0.22, 0.32, 0.17], [5])",-0.0,-0.0,-0.715,-0.0,-0.0,-0.0,-0.715,0.6777227189314741,0.3934740952382483,0.0
164,"([0, 0, 1, 0, 0, 0], [2])","([0.08, 0.16, 0.05, 0.22, 0.32, 0.17], [4])",-0.0,-0.0,-0.715,-0.0,-0.0,-0.0,-0.715,0.6777227189314741,0.4307513763067742,0.0
165,"([0, 0, 1, 0, 0, 0], [2])","([0.08, 0.16, 0.05, 0.22, 0.32, 0.17], [3])",-0.0,-0.0,-0.715,-0.0,-0.0,-0.0,-0.715,0.6777227189314741,0.4680286573753001,0.0
166,"([0, 0, 1, 0, 0, 0], [2])","([0.08, 0.16, 0.05, 0.22, 0.32, 0.17], [4])",-0.0,-0.0,-0.715,-0.0,-0.0,-0.0,-0.715,0.6777227189314741,0.505305938443826,0.0
167,"([0, 0, 1, 0, 0, 0], [2])","([0.08, 0.16, 0.05, 0.22, 0.32, 0.17], [3])",-0.0,-0.0,-0.715,-0.0,-0.0,-0.0,-0.715,0.6777227189314741,0.5425832195123519,0.0
168,"([0, 0, 1, 0, 0, 0], [2])","([0.08, 0.16, 0.05, 0.22, 0.32, 0.17], [5])",-0.0,-0.0,-0.715,-0.0,-0.0,-0.0,-0.715,0.6777227189314741,0.5798605005808778,0.0
169,"([0, 0, 1, 0, 0, 0], [2])","([0.08, 0.16, 0.05, 0.22, 0.32, 0.17], [3])",-0.0,-0.0,-0.715,-0.0,-0.0,-0.0,-0.715,0.6777227189314741,0.6171377816494037,0.0
170,"([0, 0, 1, 0, 0, 0], [2])","([0.08, 0.16, 0.05, 0.22, 0.32, 0.17], [0])",-0.0,-0.0,-0.715,-0.0,-0.0,-0.0,-0.715,0.6777227189314741,0.6544150627179296,0.0
171,"([0, 0, 1, 0, 0, 0], [2])","([0.08, 0.16, 0.05, 0.22, 0.32, 0.17], [4])",-0.0,-0.0,-0.715,-0.0,-0.0,-0.0,-0.715,0.6777227189314741,0.6916923437864555,0.0
172,"([0, 0, 1, 0, 0, 0], [2])","([0.08, 0.16, 0.05, 0.22, 0.32, 0.17], [3])",-0.0,-0.0,-0.715,-0.0,-0.0,-0.0,-0.715,0.6777227189314741,0.7289696248549814,0.0
173,"([0, 0, 1, 0, 0, 0], [2])","([0.08, 0.16, 0.05, 0.22, 0.32, 0.17], [1])",-0.0,-0.0,-0.715,-0.0,-0.0,-0.0,-0.715,0.6777227189314741,0.7662469059235073,0.0
174,"([0, 0, 1, 0, 0, 0], [2])","([0.08, 0.16, 0.05, 0.22, 0.32, 0.17], [5])",-0.0,-0.0,-0.715,-0.0,-0.0,-0.0,-0.715,0.6777227189314741,0.8035241869920332,0.0
175,"([0, 0, 1, 0, 0, 0], [2])","([0.08, 0.16, 0.05, 0.22, 0.32, 0.17], [4])",-0.0,-0.0,-0.715,-0.0,-0.0,-0.0,-0.715,0.6777227189314741,0.8408014680605591,0.0
176,"([0, 0, 1, 0, 0, 0], [2])","([0.08, 0.16, 0.05, 0.22, 0.32, 0.17], [5])",-0.0,-0.0,-0.715,-0.0,-0.0,-0.0,-0.715,0.6777227189314741,0.878078749129085,0.0
177,"([0, 0, 1, 0, 0, 0], [2])","([0.08, 0.16, 0.05, 0.22, 0.32, 0.17], [5])",-0.0,-0.0,-0.715,-0.0,-0.0,-0.0,-0.715,0.6777227189314741,0.9153560301976109,0.0
178,"([0, 0, 1, 0, 0, 0], [2])","([0.08, 0.16, 0.05, 0.22, 0.32, 0.17], [5])",-0.0,-0.0,-0.715,-0.0,-0.0,-0.0,-0.715,0.6777227189314741,0.9526333112661368,0.0
179,"([0, 0, 1, 0, 0, 0], [2])","([0.08, 0.16, 0.05, 0.22, 0.32, 0.17], [5])",-0.0,-0.0,-0.715,-0.0,-0.0,-0.0,-0.715,0.6777227189314741,0.9899105923346627,0.0
180,"([0, 0, 1, 0, 0, 0], [2])","([0.08, 0.16, 0.05, 0.22, 0.32, 0.17], [4])",-0.0,-0.0,-0.715,-0.0,-0.0,-0.0,-0.715,0.6777227189314741,1.0271878734031885,0.0
181,"([0, 0, 1, 0, 0, 0], [2])","([0.08, 0.16, 0.05, 0.22, 0.32, 0.17], [5])",-0.0,-0.0,-0.715,-0.0,-0.0,-0.0,-0.715,0.6777227189314741,1.0644651544717143,0.0
182,"([0, 0, 1, 0, 0, 0], [2])","([0.08, 0.16, 0.05, 0.22, 0.32, 0.17], [4])",-0.0,-0.0,-0.715,-0.0,-0.0,-0.0,-0.715,0.6777227189314741,1.10174243554024,0.0
183,"([0, 0, 1, 0, 0, 0], [2])","([0.08, 0.16, 0.05, 0.22, 0.32, 0.17], [5])",-0.0,-0.0,-0.715,-0.0,-0.0,-0.0,-0.715,0.6777227189314741,1.1390197166087659,0.0
184,"([0, 0, 1, 0, 0, 0], [2])","([0.08, 0.16, 0.05, 0.22, 0.32, 0.17], [4])",-0.0,-0.0,-0.715,-0.0,-0.0,-0.0,-0.715,0.6777227189314741,1.1762969976772917,0.0
185,"([0, 0, 1, 0, 0, 0], [2])","([0.08, 0.16, 0.05, 0.22, 0.32, 0.17], [0])",-0.0,-0.0,-0.715,-0.0,-0.0,-0.0,-0.715,0.6777227189314741,1.2135742787458175,0.0
186,"([0, 0, 1, 0, 0, 0], [2])","([0.08, 0.16, 0.05, 0.22, 0.32, 0.17], [1])",-0.0,-0.0,-0.715,-0.0,-0.0,-0.0,-0.715,0.6777227189314741,1.2508515598143433,0.0
187,"([0, 0, 1, 0, 0, 0], [2])","([0.08, 0.16, 0.05, 0.22, 0.32, 0.17], [3])",-0.0,-0.0,-0.715,-0.0,-0.0,-0.0,-0.715,0.6777227189314741,1.288128840882869,0.0
188,"([0, 0, 1, 0, 0, 0], [2])","([0.08, 0.16, 0.05, 0.22, 0.32, 0.17], [0])",-0.0,-0.0,-0.715,-0.0,-0.0,-0.0,-0.715,0.6777227189314741,1.3254061219513948,0.0
189,"([0, 0, 1, 0, 0, 0], [2])","([0.08, 0.16, 0.05, 0.22, 0.32, 0.17], [5])",-0.0,-0.0,-0.715,-0.0,-0.0,-0.0,-0.715,0.6777227189314741,1.3626834030199206,0.0
190,"([0, 0, 1, 0, 0, 0], [2])","([0.08, 0.16, 0.05, 0.22, 0.32, 0.17], [2])",-0.0,-0.0,-0.0,-0.0,-0.0,-0.0,0.0,0.6777227189314741,0.6849606840884466,0.0
191,"([0, 0, 1, 0, 0, 0], [2])","([0.08, 0.16, 0.05, 0.22, 0.32, 0.17], [2])",-0.0,-0.0,-0.0,-0.0,-0.0,-0.0,0.0,0.6777227189314741,0.007237965156972503,0.0
192,"([0, 0, 1, 0, 0, 0], [2])","([0.08, 0.16, 0.05, 0.22, 0.32, 0.17], [3])",-0.0,-0.0,-0.715,-0.0,-0.0,-0.0,-0.715,0.6777227189314741,0.044515246225498406,0.0
193,"([0, 0, 1, 0, 0, 0], [2])","([0.08, 0.16, 0.05, 0.22, 0.32, 0.17], [1])",-0.0,-0.0,-0.715,-0.0,-0.0,-0.0,-0.715,0.6777227189314741,0.08179252729402431,0.0
194,"([0, 0, 1, 0, 0, 0], [2])","([0.08, 0.16, 0.05, 0.22, 0.32, 0.17], [3])",-0.0,-0.0,-0.715,-0.0,-0.0,-0.0,-0.715,0.6777227189314741,0.11906980836255021,0.0
195,"([0, 0, 1, 0, 0, 0], [2])","([0.08, 0.16, 0.05, 0.22, 0.32, 0.17], [1])",-0.0,-0.0,-0.715,-0.0,-0.0,-0.0,-0.715,0.6777227189314741,0.15634708943107611,0.0
196,"([0, 0, 1, 0, 0, 0], [2])","([0.08, 0.16, 0.05, 0.22, 0.32, 0.17], [5])",-0.0,-0.0,-0.715,-0.0,-0.0,-0.0,-0.715,0.6777227189314741,0.19362437049960202,0.0
197,"([0, 0, 1, 0, 0, 0], [2])","([0.08, 0.16, 0.05, 0.22, 0.32, 0.17], [5])",-0.0,-0.0,-0.715,-0.0,-0.0,-0.0,-0.715,0.6777227189314741,0.23090165156812792,0.0
198,"([0, 0, 1, 0, 0, 0], [2])","([0.08, 0.16, 0.05, 0.22, 0.32, 0.17], [4])",-0.0,-0.0,-0.715,-0.0,-0.0,-0.0,-0.715,0.6777227189314741,0.2681789326366538,0.0
199,"([0, 0, 1, 0, 0, 0], [2])","([0.08, 0.16, 0.05, 0.22, 0.32, 0.17], [1])",-0.0,-0.0,-0.715,-0.0,-0.0,-0.0,-0.715,0.6777227189314741,0.3054562137051797,0.0
