,sta-1,FRL-0,feedback target 0,feedback target 1,feedback target 2,feedback target 3,feedback target 4,feedback target 5,total,exp_loss,actual_regret,exp_regret
0,"([0, 0, 0, 0, 1, 0], [4])","([0.23, 0.19, 0.16, 0.12, 0.08, 0.21], [5])",-0.0,-0.0,-0.0,-0.0,-0.794,-0.0,-0.794,0.7273455422695858,0.06665445773041423,0.0
1,"([0, 0, 0, 0, 1, 0], [4])","([0.23, 0.19, 0.16, 0.12, 0.08, 0.21], [5])",-0.0,-0.0,-0.0,-0.0,-0.794,-0.0,-0.794,0.7273455422695858,0.13330891546082846,0.0
2,"([0, 0, 0, 0, 1, 0], [4])","([0.23, 0.19, 0.16, 0.12, 0.08, 0.21], [0])",-0.0,-0.0,-0.0,-0.0,-0.794,-0.0,-0.794,0.7273455422695858,0.1999633731912427,0.0
3,"([0, 0, 0, 0, 1, 0], [4])","([0.23, 0.19, 0.16, 0.12, 0.08, 0.21], [1])",-0.0,-0.0,-0.0,-0.0,-0.794,-0.0,-0.794,0.7273455422695858,0.2666178309216569,0.0
4,"([0, 0, 0, 0, 1, 0], [4])","([0.23, 0.19, 0.16, 0.12, 0.08, 0.21], [1])",-0.0,-0.0,-0.0,-0.0,-0.794,-0.0,-0.794,0.7273455422695858,0.33327228865207115,0.0
5,"([0, 0, 0, 0, 1, 0], [4])","([0.23, 0.19, 0.16, 0.12, 0.08, 0.21], [1])",-0.0,-0.0,-0.0,-0.0,-0.794,-0.0,-0.794,0.7273455422695858,0.3999267463824854,0.0
6,"([0, 0, 0, 0, 1, 0], [4])","([0.23, 0.19, 0.16, 0.12, 0.08, 0.21], [0])",-0.0,-0.0,-0.0,-0.0,-0.794,-0.0,-0.794,0.7273455422695858,0.4665812041128996,0.0
7,"([0, 0, 0, 0, 1, 0], [4])","([0.23, 0.19, 0.16, 0.12, 0.08, 0.21], [1])",-0.0,-0.0,-0.0,-0.0,-0.794,-0.0,-0.794,0.7273455422695858,0.5332356618433138,0.0
8,"([0, 0, 0, 0, 1, 0], [4])","([0.23, 0.19, 0.16, 0.12, 0.08, 0.21], [5])",-0.0,-0.0,-0.0,-0.0,-0.794,-0.0,-0.794,0.7273455422695858,0.5998901195737281,0.0
9,"([0, 0, 0, 0, 1, 0], [4])","([0.23, 0.19, 0.16, 0.12, 0.08, 0.21], [5])",-0.0,-0.0,-0.0,-0.0,-0.794,-0.0,-0.794,0.7273455422695858,0.6665445773041423,0.0
10,"([0, 0, 0, 0, 1, 0], [4])","([0.23, 0.19, 0.16, 0.12, 0.08, 0.21], [2])",-0.0,-0.0,-0.0,-0.0,-0.794,-0.0,-0.794,0.7273455422695858,0.7331990350345565,0.0
11,"([0, 0, 0, 0, 1, 0], [4])","([0.23, 0.19, 0.16, 0.12, 0.08, 0.21], [5])",-0.0,-0.0,-0.0,-0.0,-0.794,-0.0,-0.794,0.7273455422695858,0.7998534927649708,0.0
12,"([0, 0, 0, 0, 1, 0], [4])","([0.23, 0.19, 0.16, 0.12, 0.08, 0.21], [0])",-0.0,-0.0,-0.0,-0.0,-0.794,-0.0,-0.794,0.7273455422695858,0.866507950495385,0.0
13,"([0, 0, 0, 0, 1, 0], [4])","([0.23, 0.19, 0.16, 0.12, 0.08, 0.21], [5])",-0.0,-0.0,-0.0,-0.0,-0.794,-0.0,-0.794,0.7273455422695858,0.9331624082257992,0.0
14,"([0, 0, 0, 0, 1, 0], [4])","([0.23, 0.19, 0.16, 0.12, 0.08, 0.21], [5])",-0.0,-0.0,-0.0,-0.0,-0.794,-0.0,-0.794,0.7273455422695858,0.9998168659562134,0.0
15,"([0, 0, 0, 0, 1, 0], [4])","([0.23, 0.19, 0.16, 0.12, 0.08, 0.21], [1])",-0.0,-0.0,-0.0,-0.0,-0.794,-0.0,-0.794,0.7273455422695858,1.0664713236866277,0.0
16,"([0, 0, 0, 0, 1, 0], [4])","([0.23, 0.19, 0.16, 0.12, 0.08, 0.21], [0])",-0.0,-0.0,-0.0,-0.0,-0.794,-0.0,-0.794,0.7273455422695858,1.133125781417042,0.0
17,"([0, 0, 0, 0, 1, 0], [4])","([0.23, 0.19, 0.16, 0.12, 0.08, 0.21], [5])",-0.0,-0.0,-0.0,-0.0,-0.794,-0.0,-0.794,0.7273455422695858,1.1997802391474561,0.0
18,"([0, 0, 0, 0, 1, 0], [4])","([0.23, 0.19, 0.16, 0.12, 0.08, 0.21], [3])",-0.0,-0.0,-0.0,-0.0,-0.794,-0.0,-0.794,0.7273455422695858,1.2664346968778704,0.0
19,"([0, 0, 0, 0, 1, 0], [4])","([0.23, 0.19, 0.16, 0.12, 0.08, 0.21], [2])",-0.0,-0.0,-0.0,-0.0,-0.794,-0.0,-0.794,0.7273455422695858,1.3330891546082846,0.0
20,"([0, 0, 0, 0, 1, 0], [4])","([0.23, 0.19, 0.16, 0.12, 0.08, 0.21], [0])",-0.0,-0.0,-0.0,-0.0,-0.794,-0.0,-0.794,0.7273455422695858,1.3997436123386988,0.0
21,"([0, 0, 0, 0, 1, 0], [4])","([0.23, 0.19, 0.16, 0.12, 0.08, 0.21], [1])",-0.0,-0.0,-0.0,-0.0,-0.794,-0.0,-0.794,0.7273455422695858,1.466398070069113,0.0
22,"([0, 0, 0, 0, 1, 0], [4])","([0.23, 0.19, 0.16, 0.12, 0.08, 0.21], [4])",-0.0,-0.0,-0.0,-0.0,-0.0,-0.0,0.0,0.7273455422695858,0.7390525277995272,0.0
23,"([0, 0, 0, 0, 1, 0], [4])","([0.23, 0.19, 0.16, 0.12, 0.08, 0.21], [5])",-0.0,-0.0,-0.0,-0.0,-0.794,-0.0,-0.794,0.7273455422695858,0.8057069855299415,0.0
24,"([0, 0, 0, 0, 1, 0], [4])","([0.23, 0.19, 0.16, 0.12, 0.08, 0.21], [2])",-0.0,-0.0,-0.0,-0.0,-0.794,-0.0,-0.794,0.7273455422695858,0.8723614432603557,0.0
25,"([0, 0, 0, 0, 1, 0], [4])","([0.23, 0.19, 0.16, 0.12, 0.08, 0.21], [5])",-0.0,-0.0,-0.0,-0.0,-0.794,-0.0,-0.794,0.7273455422695858,0.9390159009907699,0.0
26,"([0, 0, 0, 0, 1, 0], [4])","([0.23, 0.19, 0.16, 0.12, 0.08, 0.21], [4])",-0.0,-0.0,-0.0,-0.0,-0.0,-0.0,0.0,0.7273455422695858,0.21167035872118412,0.0
27,"([0, 0, 0, 0, 1, 0], [4])","([0.23, 0.19, 0.16, 0.12, 0.08, 0.21], [5])",-0.0,-0.0,-0.0,-0.0,-0.794,-0.0,-0.794,0.7273455422695858,0.27832481645159834,0.0
28,"([0, 0, 0, 0, 1, 0], [4])","([0.23, 0.19, 0.16, 0.12, 0.08, 0.21], [4])",-0.0,-0.0,-0.0,-0.0,-0.0,-0.0,0.0,0.7273455422695858,-0.44902072581798746,0.0
29,"([0, 0, 0, 0, 1, 0], [4])","([0.23, 0.19, 0.16, 0.12, 0.08, 0.21], [1])",-0.0,-0.0,-0.0,-0.0,-0.794,-0.0,-0.794,0.7273455422695858,-0.38236626808757324,0.0
30,"([0, 0, 0, 0, 1, 0], [4])","([0.23, 0.19, 0.16, 0.12, 0.08, 0.21], [3])",-0.0,-0.0,-0.0,-0.0,-0.794,-0.0,-0.794,0.7273455422695858,-0.315711810357159,0.0
31,"([0, 0, 0, 0, 1, 0], [4])","([0.23, 0.19, 0.16, 0.12, 0.08, 0.21], [0])",-0.0,-0.0,-0.0,-0.0,-0.794,-0.0,-0.794,0.7273455422695858,-0.24905735262674478,0.0
32,"([0, 0, 0, 0, 1, 0], [4])","([0.23, 0.19, 0.16, 0.12, 0.08, 0.21], [4])",-0.0,-0.0,-0.0,-0.0,-0.0,-0.0,0.0,0.7273455422695858,-0.9764028948963306,0.0
33,"([0, 0, 0, 0, 1, 0], [4])","([0.23, 0.19, 0.16, 0.12, 0.08, 0.21], [4])",-0.0,-0.0,-0.0,-0.0,-0.0,-0.0,0.0,0.7273455422695858,-1.7037484371659164,0.0
34,"([0, 0, 0, 0, 1, 0], [4])","([0.23, 0.19, 0.16, 0.12, 0.08, 0.21], [3])",-0.0,-0.0,-0.0,-0.0,-0.794,-0.0,-0.794,0.7273455422695858,-1.6370939794355022,0.0
35,"([0, 0, 0, 0, 1, 0], [4])","([0.23, 0.19, 0.16, 0.12, 0.08, 0.21], [5])",-0.0,-0.0,-0.0,-0.0,-0.794,-0.0,-0.794,0.7273455422695858,-1.570439521705088,0.0
36,"([0, 0, 0, 0, 1, 0], [4])","([0.23, 0.19, 0.16, 0.12, 0.08, 0.21], [5])",-0.0,-0.0,-0.0,-0.0,-0.794,-0.0,-0.794,0.7273455422695858,-1.5037850639746737,0.0
37,"([0, 0, 0, 0, 1, 0], [4])","([0.23, 0.19, 0.16, 0.12, 0.08, 0.21], [5])",-0.0,-0.0,-0.0,-0.0,-0.794,-0.0,-0.794,0.7273455422695858,-1.4371306062442595,0.0
38,"([0, 0, 0, 0, 1, 0], [4])","([0.23, 0.19, 0.16, 0.12, 0.08, 0.21], [3])",-0.0,-0.0,-0.0,-0.0,-0.794,-0.0,-0.794,0.7273455422695858,-1.3704761485138452,0.0
39,"([0, 0, 0, 0, 1, 0], [4])","([0.23, 0.19, 0.16, 0.12, 0.08, 0.21], [2])",-0.0,-0.0,-0.0,-0.0,-0.794,-0.0,-0.794,0.7273455422695858,-1.303821690783431,0.0
40,"([0, 0, 0, 0, 1, 0], [4])","([0.23, 0.19, 0.16, 0.12, 0.08, 0.21], [5])",-0.0,-0.0,-0.0,-0.0,-0.794,-0.0,-0.794,0.7273455422695858,-1.2371672330530168,0.0
41,"([0, 0, 0, 0, 1, 0], [4])","([0.23, 0.19, 0.16, 0.12, 0.08, 0.21], [3])",-0.0,-0.0,-0.0,-0.0,-0.794,-0.0,-0.794,0.7273455422695858,-1.1705127753226026,0.0
42,"([0, 0, 0, 0, 1, 0], [4])","([0.23, 0.19, 0.16, 0.12, 0.08, 0.21], [5])",-0.0,-0.0,-0.0,-0.0,-0.794,-0.0,-0.794,0.7273455422695858,-1.1038583175921883,0.0
43,"([0, 0, 0, 0, 1, 0], [4])","([0.23, 0.19, 0.16, 0.12, 0.08, 0.21], [1])",-0.0,-0.0,-0.0,-0.0,-0.794,-0.0,-0.794,0.7273455422695858,-1.037203859861774,0.0
44,"([0, 0, 0, 0, 1, 0], [4])","([0.23, 0.19, 0.16, 0.12, 0.08, 0.21], [1])",-0.0,-0.0,-0.0,-0.0,-0.794,-0.0,-0.794,0.7273455422695858,-0.9705494021313599,0.0
45,"([0, 0, 0, 0, 1, 0], [4])","([0.23, 0.19, 0.16, 0.12, 0.08, 0.21], [0])",-0.0,-0.0,-0.0,-0.0,-0.794,-0.0,-0.794,0.7273455422695858,-0.9038949444009456,0.0
46,"([0, 0, 0, 0, 1, 0], [4])","([0.23, 0.19, 0.16, 0.12, 0.08, 0.21], [0])",-0.0,-0.0,-0.0,-0.0,-0.794,-0.0,-0.794,0.7273455422695858,-0.8372404866705314,0.0
47,"([0, 0, 0, 0, 1, 0], [4])","([0.23, 0.19, 0.16, 0.12, 0.08, 0.21], [1])",-0.0,-0.0,-0.0,-0.0,-0.794,-0.0,-0.794,0.7273455422695858,-0.7705860289401172,0.0
48,"([0, 0, 0, 0, 1, 0], [4])","([0.23, 0.19, 0.16, 0.12, 0.08, 0.21], [2])",-0.0,-0.0,-0.0,-0.0,-0.794,-0.0,-0.794,0.7273455422695858,-0.703931571209703,0.0
49,"([0, 0, 0, 0, 1, 0], [4])","([0.23, 0.19, 0.16, 0.12, 0.08, 0.21], [1])",-0.0,-0.0,-0.0,-0.0,-0.794,-0.0,-0.794,0.7273455422695858,-0.6372771134792887,0.0
50,"([0, 0, 0, 0, 1, 0], [4])","([0.23, 0.19, 0.16, 0.12, 0.08, 0.21], [2])",-0.0,-0.0,-0.0,-0.0,-0.794,-0.0,-0.794,0.7273455422695858,-0.5706226557488745,0.0
51,"([0, 0, 0, 0, 1, 0], [4])","([0.23, 0.19, 0.16, 0.12, 0.08, 0.21], [4])",-0.0,-0.0,-0.0,-0.0,-0.0,-0.0,0.0,0.7273455422695858,-1.2979681980184603,0.0
52,"([0, 0, 0, 0, 1, 0], [4])","([0.23, 0.19, 0.16, 0.12, 0.08, 0.21], [0])",-0.0,-0.0,-0.0,-0.0,-0.794,-0.0,-0.794,0.7273455422695858,-1.231313740288046,0.0
53,"([0, 0, 0, 0, 1, 0], [4])","([0.23, 0.19, 0.16, 0.12, 0.08, 0.21], [2])",-0.0,-0.0,-0.0,-0.0,-0.794,-0.0,-0.794,0.7273455422695858,-1.1646592825576318,0.0
54,"([0, 0, 0, 0, 1, 0], [4])","([0.23, 0.19, 0.16, 0.12, 0.08, 0.21], [4])",-0.0,-0.0,-0.0,-0.0,-0.0,-0.0,0.0,0.7273455422695858,-1.8920048248272177,0.0
55,"([0, 0, 0, 0, 1, 0], [4])","([0.23, 0.19, 0.16, 0.12, 0.08, 0.21], [5])",-0.0,-0.0,-0.0,-0.0,-0.794,-0.0,-0.794,0.7273455422695858,-1.8253503670968034,0.0
56,"([0, 0, 0, 0, 1, 0], [4])","([0.23, 0.19, 0.16, 0.12, 0.08, 0.21], [2])",-0.0,-0.0,-0.0,-0.0,-0.794,-0.0,-0.794,0.7273455422695858,-1.7586959093663892,0.0
57,"([0, 0, 0, 0, 1, 0], [4])","([0.23, 0.19, 0.16, 0.12, 0.08, 0.21], [5])",-0.0,-0.0,-0.0,-0.0,-0.794,-0.0,-0.794,0.7273455422695858,-1.692041451635975,0.0
58,"([0, 0, 0, 0, 1, 0], [4])","([0.23, 0.19, 0.16, 0.12, 0.08, 0.21], [0])",-0.0,-0.0,-0.0,-0.0,-0.794,-0.0,-0.794,0.7273455422695858,-1.6253869939055607,0.0
59,"([0, 0, 0, 0, 1, 0], [4])","([0.23, 0.19, 0.16, 0.12, 0.08, 0.21], [1])",-0.0,-0.0,-0.0,-0.0,-0.794,-0.0,-0.794,0.7273455422695858,-1.5587325361751465,0.0
60,"([0, 0, 0, 0, 1, 0], [4])","([0.23, 0.19, 0.16, 0.12, 0.08, 0.21], [2])",-0.0,-0.0,-0.0,-0.0,-0.794,-0.0,-0.794,0.7273455422695858,-1.4920780784447323,0.0
61,"([0, 0, 0, 0, 1, 0], [4])","([0.23, 0.19, 0.16, 0.12, 0.08, 0.21], [4])",-0.0,-0.0,-0.0,-0.0,-0.0,-0.0,0.0,0.7273455422695858,-2.219423620714318,0.0
62,"([0, 0, 0, 0, 1, 0], [4])","([0.23, 0.19, 0.16, 0.12, 0.08, 0.21], [0])",-0.0,-0.0,-0.0,-0.0,-0.794,-0.0,-0.794,0.7273455422695858,-2.152769162983904,0.0
63,"([0, 0, 0, 0, 1, 0], [4])","([0.23, 0.19, 0.16, 0.12, 0.08, 0.21], [5])",-0.0,-0.0,-0.0,-0.0,-0.794,-0.0,-0.794,0.7273455422695858,-2.0861147052534896,0.0
64,"([0, 0, 0, 0, 1, 0], [4])","([0.23, 0.19, 0.16, 0.12, 0.08, 0.21], [1])",-0.0,-0.0,-0.0,-0.0,-0.794,-0.0,-0.794,0.7273455422695858,-2.0194602475230754,0.0
65,"([0, 0, 0, 0, 1, 0], [4])","([0.23, 0.19, 0.16, 0.12, 0.08, 0.21], [5])",-0.0,-0.0,-0.0,-0.0,-0.794,-0.0,-0.794,0.7273455422695858,-1.9528057897926612,0.0
66,"([0, 0, 0, 0, 1, 0], [4])","([0.23, 0.19, 0.16, 0.12, 0.08, 0.21], [0])",-0.0,-0.0,-0.0,-0.0,-0.794,-0.0,-0.794,0.7273455422695858,-1.886151332062247,0.0
67,"([0, 0, 0, 0, 1, 0], [4])","([0.23, 0.19, 0.16, 0.12, 0.08, 0.21], [1])",-0.0,-0.0,-0.0,-0.0,-0.794,-0.0,-0.794,0.7273455422695858,-1.8194968743318327,0.0
68,"([0, 0, 0, 0, 1, 0], [4])","([0.23, 0.19, 0.16, 0.12, 0.08, 0.21], [2])",-0.0,-0.0,-0.0,-0.0,-0.794,-0.0,-0.794,0.7273455422695858,-1.7528424166014185,0.0
69,"([0, 0, 0, 0, 1, 0], [4])","([0.23, 0.19, 0.16, 0.12, 0.08, 0.21], [5])",-0.0,-0.0,-0.0,-0.0,-0.794,-0.0,-0.794,0.7273455422695858,-1.6861879588710043,0.0
70,"([0, 0, 0, 0, 1, 0], [4])","([0.23, 0.19, 0.16, 0.12, 0.08, 0.21], [0])",-0.0,-0.0,-0.0,-0.0,-0.794,-0.0,-0.794,0.7273455422695858,-1.61953350114059,0.0
71,"([0, 0, 0, 0, 1, 0], [4])","([0.23, 0.19, 0.16, 0.12, 0.08, 0.21], [3])",-0.0,-0.0,-0.0,-0.0,-0.794,-0.0,-0.794,0.7273455422695858,-1.5528790434101758,0.0
72,"([0, 0, 0, 0, 1, 0], [4])","([0.23, 0.19, 0.16, 0.12, 0.08, 0.21], [5])",-0.0,-0.0,-0.0,-0.0,-0.794,-0.0,-0.794,0.7273455422695858,-1.4862245856797616,0.0
73,"([0, 0, 0, 0, 1, 0], [4])","([0.23, 0.19, 0.16, 0.12, 0.08, 0.21], [3])",-0.0,-0.0,-0.0,-0.0,-0.794,-0.0,-0.794,0.7273455422695858,-1.4195701279493473,0.0
74,"([0, 0, 0, 0, 1, 0], [4])","([0.23, 0.19, 0.16, 0.12, 0.08, 0.21], [1])",-0.0,-0.0,-0.0,-0.0,-0.794,-0.0,-0.794,0.7273455422695858,-1.352915670218933,0.0
75,"([0, 0, 0, 0, 1, 0], [4])","([0.23, 0.19, 0.16, 0.12, 0.08, 0.21], [0])",-0.0,-0.0,-0.0,-0.0,-0.794,-0.0,-0.794,0.7273455422695858,-1.2862612124885189,0.0
76,"([0, 0, 0, 0, 1, 0], [4])","([0.23, 0.19, 0.16, 0.12, 0.08, 0.21], [1])",-0.0,-0.0,-0.0,-0.0,-0.794,-0.0,-0.794,0.7273455422695858,-1.2196067547581046,0.0
77,"([0, 0, 0, 0, 1, 0], [4])","([0.23, 0.19, 0.16, 0.12, 0.08, 0.21], [3])",-0.0,-0.0,-0.0,-0.0,-0.794,-0.0,-0.794,0.7273455422695858,-1.1529522970276904,0.0
78,"([0, 0, 0, 0, 1, 0], [4])","([0.23, 0.19, 0.16, 0.12, 0.08, 0.21], [0])",-0.0,-0.0,-0.0,-0.0,-0.794,-0.0,-0.794,0.7273455422695858,-1.0862978392972762,0.0
79,"([0, 0, 0, 0, 1, 0], [4])","([0.23, 0.19, 0.16, 0.12, 0.08, 0.21], [2])",-0.0,-0.0,-0.0,-0.0,-0.794,-0.0,-0.794,0.7273455422695858,-1.019643381566862,0.0
80,"([0, 0, 0, 0, 1, 0], [4])","([0.23, 0.19, 0.16, 0.12, 0.08, 0.21], [0])",-0.0,-0.0,-0.0,-0.0,-0.794,-0.0,-0.794,0.7273455422695858,-0.9529889238364477,0.0
81,"([0, 0, 0, 0, 1, 0], [4])","([0.23, 0.19, 0.16, 0.12, 0.08, 0.21], [0])",-0.0,-0.0,-0.0,-0.0,-0.794,-0.0,-0.794,0.7273455422695858,-0.8863344661060335,0.0
82,"([0, 0, 0, 0, 1, 0], [4])","([0.23, 0.19, 0.16, 0.12, 0.08, 0.21], [2])",-0.0,-0.0,-0.0,-0.0,-0.794,-0.0,-0.794,0.7273455422695858,-0.8196800083756193,0.0
83,"([0, 0, 0, 0, 1, 0], [4])","([0.23, 0.19, 0.16, 0.12, 0.08, 0.21], [5])",-0.0,-0.0,-0.0,-0.0,-0.794,-0.0,-0.794,0.7273455422695858,-0.753025550645205,0.0
84,"([0, 0, 0, 0, 1, 0], [4])","([0.23, 0.19, 0.16, 0.12, 0.08, 0.21], [5])",-0.0,-0.0,-0.0,-0.0,-0.794,-0.0,-0.794,0.7273455422695858,-0.6863710929147908,0.0
85,"([0, 0, 0, 0, 1, 0], [4])","([0.23, 0.19, 0.16, 0.12, 0.08, 0.21], [5])",-0.0,-0.0,-0.0,-0.0,-0.794,-0.0,-0.794,0.7273455422695858,-0.6197166351843766,0.0
86,"([0, 0, 0, 0, 1, 0], [4])","([0.23, 0.19, 0.16, 0.12, 0.08, 0.21], [1])",-0.0,-0.0,-0.0,-0.0,-0.794,-0.0,-0.794,0.7273455422695858,-0.5530621774539624,0.0
87,"([0, 0, 0, 0, 1, 0], [4])","([0.23, 0.19, 0.16, 0.12, 0.08, 0.21], [5])",-0.0,-0.0,-0.0,-0.0,-0.794,-0.0,-0.794,0.7273455422695858,-0.4864077197235481,0.0
88,"([0, 0, 0, 0, 1, 0], [4])","([0.23, 0.19, 0.16, 0.12, 0.08, 0.21], [4])",-0.0,-0.0,-0.0,-0.0,-0.0,-0.0,0.0,0.7273455422695858,-1.213753261993134,0.0
89,"([0, 0, 0, 0, 1, 0], [4])","([0.23, 0.19, 0.16, 0.12, 0.08, 0.21], [5])",-0.0,-0.0,-0.0,-0.0,-0.794,-0.0,-0.794,0.7273455422695858,-1.1470988042627197,0.0
90,"([0, 0, 0, 0, 1, 0], [4])","([0.23, 0.19, 0.16, 0.12, 0.08, 0.21], [5])",-0.0,-0.0,-0.0,-0.0,-0.794,-0.0,-0.794,0.7273455422695858,-1.0804443465323055,0.0
91,"([0, 0, 0, 0, 1, 0], [4])","([0.23, 0.19, 0.16, 0.12, 0.08, 0.21], [5])",-0.0,-0.0,-0.0,-0.0,-0.794,-0.0,-0.794,0.7273455422695858,-1.0137898888018912,0.0
92,"([0, 0, 0, 0, 1, 0], [4])","([0.23, 0.19, 0.16, 0.12, 0.08, 0.21], [2])",-0.0,-0.0,-0.0,-0.0,-0.794,-0.0,-0.794,0.7273455422695858,-0.947135431071477,0.0
93,"([0, 0, 0, 0, 1, 0], [4])","([0.23, 0.19, 0.16, 0.12, 0.08, 0.21], [5])",-0.0,-0.0,-0.0,-0.0,-0.794,-0.0,-0.794,0.7273455422695858,-0.8804809733410628,0.0
94,"([0, 0, 0, 0, 1, 0], [4])","([0.23, 0.19, 0.16, 0.12, 0.08, 0.21], [4])",-0.0,-0.0,-0.0,-0.0,-0.0,-0.0,0.0,0.7273455422695858,-1.6078265156106486,0.0
95,"([0, 0, 0, 0, 1, 0], [4])","([0.23, 0.19, 0.16, 0.12, 0.08, 0.21], [0])",-0.0,-0.0,-0.0,-0.0,-0.794,-0.0,-0.794,0.7273455422695858,-1.5411720578802344,0.0
96,"([0, 0, 0, 0, 1, 0], [4])","([0.23, 0.19, 0.16, 0.12, 0.08, 0.21], [2])",-0.0,-0.0,-0.0,-0.0,-0.794,-0.0,-0.794,0.7273455422695858,-1.4745176001498201,0.0
97,"([0, 0, 0, 0, 1, 0], [4])","([0.23, 0.19, 0.16, 0.12, 0.08, 0.21], [3])",-0.0,-0.0,-0.0,-0.0,-0.794,-0.0,-0.794,0.7273455422695858,-1.407863142419406,0.0
98,"([0, 0, 0, 0, 1, 0], [4])","([0.23, 0.19, 0.16, 0.12, 0.08, 0.21], [0])",-0.0,-0.0,-0.0,-0.0,-0.794,-0.0,-0.794,0.7273455422695858,-1.3412086846889917,0.0
99,"([0, 0, 0, 0, 1, 0], [4])","([0.23, 0.19, 0.16, 0.12, 0.08, 0.21], [5])",-0.0,-0.0,-0.0,-0.0,-0.794,-0.0,-0.794,0.7273455422695858,-1.2745542269585775,0.0
