,sto-1,FB-0,feedback target 0,feedback target 1,feedback target 2,feedback target 3,feedback target 4,feedback target 5,total,target_observed?,exp_loss,actual_regret,exp_regret
0,"([0.5, 0.15, 0.12, 0.19, 0.02, 0.03], [0])","([0.2, 0.15, 0.23, 0.16, 0.08, 0.18], [1])",-0.0,-0.0,-0.0,-0.0,-0.0,-0.0,0.0,not observed,0.5557041027266445,0.3798668668668669,0.22457096959351142
1,"([0.5, 0.15, 0.12, 0.19, 0.02, 0.03], [1])","([0.24, 0.11, 0.32, 0.14, 0.01, 0.19], [0])",-0.0,-0.0,-0.0,-0.0,-0.0,-0.0,0.0,not observed,0.5410320020698809,0.6587337337337338,0.4344698385302592
2,"([0.5, 0.15, 0.12, 0.19, 0.02, 0.03], [0])","([0.24, 0.11, 0.32, 0.14, 0.01, 0.19], [0])",-0.0,-0.0,-0.0,-0.0,-0.0,-0.0,0.0,observed,0.5410320020698809,0.3276006006006007,0.644368707467007
3,"([0.5, 0.15, 0.12, 0.19, 0.02, 0.03], [1])","([0.21, 0.13, 0.26, 0.15, 0.06, 0.18], [5])",-0.0,-0.0,-0.0,-0.0,-0.0,-0.0,0.0,not observed,0.5514667590603906,0.6064674674674676,0.8647023333942645
4,"([0.5, 0.15, 0.12, 0.19, 0.02, 0.03], [0])","([0.21, 0.13, 0.26, 0.15, 0.06, 0.18], [3])",-0.0,-0.0,-0.0,-0.0,-0.0,-0.0,0.0,not observed,0.5514667590603906,0.9863343343343345,1.085035959321522
5,"([0.5, 0.15, 0.12, 0.19, 0.02, 0.03], [0])","([0.21, 0.13, 0.26, 0.15, 0.06, 0.18], [2])",-0.0,-0.0,-0.0,-0.0,-0.0,-0.0,0.0,not observed,0.5514667590603906,1.3662012012012013,1.3053695852487794
6,"([0.5, 0.15, 0.12, 0.19, 0.02, 0.03], [0])","([0.21, 0.13, 0.26, 0.15, 0.06, 0.18], [3])",-0.0,-0.0,-0.0,-0.0,-0.0,-0.0,0.0,not observed,0.5514667590603906,1.7460680680680682,1.525703211176037
7,"([0.5, 0.15, 0.12, 0.19, 0.02, 0.03], [0])","([0.21, 0.13, 0.26, 0.15, 0.06, 0.18], [0])",-0.0,-0.0,-0.0,-0.0,-0.0,-0.0,0.0,observed,0.5514667590603906,1.4149349349349352,1.7460368371032944
8,"([0.5, 0.15, 0.12, 0.19, 0.02, 0.03], [3])","([0.21, 0.13, 0.26, 0.15, 0.06, 0.18], [0])",-0.0,-0.0,-0.0,-0.0,-0.0,-0.0,0.0,not observed,0.5514667590603906,1.713801801801802,1.9663704630305519
9,"([0.5, 0.15, 0.12, 0.19, 0.02, 0.03], [0])","([0.21, 0.13, 0.26, 0.15, 0.06, 0.18], [3])",-0.0,-0.0,-0.0,-0.0,-0.0,-0.0,0.0,not observed,0.5514667590603906,2.093668668668669,2.1867040889578093
10,"([0.5, 0.15, 0.12, 0.19, 0.02, 0.03], [2])","([0.21, 0.13, 0.26, 0.15, 0.06, 0.18], [0])",-0.0,-0.0,-0.0,-0.0,-0.0,-0.0,0.0,not observed,0.5514667590603906,2.553535535535536,2.4070377148850666
11,"([0.5, 0.15, 0.12, 0.19, 0.02, 0.03], [2])","([0.21, 0.13, 0.26, 0.15, 0.06, 0.18], [0])",-0.0,-0.0,-0.0,-0.0,-0.0,-0.0,0.0,not observed,0.5514667590603906,3.013402402402403,2.6273713408123243
12,"([0.5, 0.15, 0.12, 0.19, 0.02, 0.03], [3])","([0.21, 0.13, 0.26, 0.15, 0.06, 0.18], [5])",-0.0,-0.0,-0.0,-0.0,-0.0,-0.0,0.0,not observed,0.5514667590603906,3.31226926926927,2.847704966739582
13,"([0.5, 0.15, 0.12, 0.19, 0.02, 0.03], [0])","([0.21, 0.13, 0.26, 0.15, 0.06, 0.18], [2])",-0.0,-0.0,-0.0,-0.0,-0.0,-0.0,0.0,not observed,0.5514667590603906,3.692136136136137,3.0680385926668396
14,"([0.5, 0.15, 0.12, 0.19, 0.02, 0.03], [0])","([0.21, 0.13, 0.26, 0.15, 0.06, 0.18], [2])",-0.0,-0.0,-0.0,-0.0,-0.0,-0.0,0.0,not observed,0.5514667590603906,4.072003003003004,3.2883722185940973
15,"([0.5, 0.15, 0.12, 0.19, 0.02, 0.03], [0])","([0.21, 0.13, 0.26, 0.15, 0.06, 0.18], [1])",-0.0,-0.0,-0.0,-0.0,-0.0,-0.0,0.0,not observed,0.5514667590603906,4.451869869869871,3.508705844521355
16,"([0.5, 0.15, 0.12, 0.19, 0.02, 0.03], [0])","([0.21, 0.13, 0.26, 0.15, 0.06, 0.18], [5])",-0.0,-0.0,-0.0,-0.0,-0.0,-0.0,0.0,not observed,0.5514667590603906,4.831736736736738,3.7290394704486127
17,"([0.5, 0.15, 0.12, 0.19, 0.02, 0.03], [0])","([0.21, 0.13, 0.26, 0.15, 0.06, 0.18], [0])",-0.0,-0.0,-0.0,-0.0,-0.0,-0.0,0.0,observed,0.5514667590603906,4.500603603603604,3.9493730963758704
18,"([0.5, 0.15, 0.12, 0.19, 0.02, 0.03], [2])","([0.21, 0.13, 0.26, 0.15, 0.06, 0.18], [1])",-0.0,-0.0,-0.0,-0.0,-0.0,-0.0,0.0,not observed,0.5514667590603906,4.960470470470471,4.169706722303128
19,"([0.5, 0.15, 0.12, 0.19, 0.02, 0.03], [1])","([0.21, 0.13, 0.26, 0.15, 0.06, 0.18], [2])",-0.0,-0.0,-0.0,-0.0,-0.0,-0.0,0.0,not observed,0.5514667590603906,5.239337337337338,4.390040348230386
20,"([0.5, 0.15, 0.12, 0.19, 0.02, 0.03], [0])","([0.21, 0.13, 0.26, 0.15, 0.06, 0.18], [2])",-0.0,-0.0,-0.0,-0.0,-0.0,-0.0,0.0,not observed,0.5514667590603906,5.619204204204205,4.6103739741576435
21,"([0.5, 0.15, 0.12, 0.19, 0.02, 0.03], [5])","([0.21, 0.13, 0.26, 0.15, 0.06, 0.18], [4])",-0.0,-0.0,-0.0,-0.0,-0.0,-0.0,0.0,not observed,0.5514667590603906,5.952071071071073,4.830707600084901
22,"([0.5, 0.15, 0.12, 0.19, 0.02, 0.03], [2])","([0.21, 0.13, 0.26, 0.15, 0.06, 0.18], [4])",-0.0,-0.0,-0.0,-0.0,-0.0,-0.0,0.0,not observed,0.5514667590603906,6.41193793793794,5.051041226012159
23,"([0.5, 0.15, 0.12, 0.19, 0.02, 0.03], [3])","([0.21, 0.13, 0.26, 0.15, 0.06, 0.18], [4])",-0.0,-0.0,-0.0,-0.0,-0.0,-0.0,0.0,not observed,0.5514667590603906,6.710804804804806,5.271374851939417
24,"([0.5, 0.15, 0.12, 0.19, 0.02, 0.03], [2])","([0.21, 0.13, 0.26, 0.15, 0.06, 0.18], [4])",-0.0,-0.0,-0.0,-0.0,-0.0,-0.0,0.0,not observed,0.5514667590603906,7.170671671671673,5.491708477866674
25,"([0.5, 0.15, 0.12, 0.19, 0.02, 0.03], [2])","([0.21, 0.13, 0.26, 0.15, 0.06, 0.18], [1])",-0.0,-0.0,-0.0,-0.0,-0.0,-0.0,0.0,not observed,0.5514667590603906,7.6305385385385405,5.712042103793932
26,"([0.5, 0.15, 0.12, 0.19, 0.02, 0.03], [1])","([0.21, 0.13, 0.26, 0.15, 0.06, 0.18], [5])",-0.0,-0.0,-0.0,-0.0,-0.0,-0.0,0.0,not observed,0.5514667590603906,7.9094054054054075,5.93237572972119
27,"([0.5, 0.15, 0.12, 0.19, 0.02, 0.03], [0])","([0.21, 0.13, 0.26, 0.15, 0.06, 0.18], [0])",-0.0,-0.0,-0.0,-0.0,-0.0,-0.0,0.0,observed,0.5514667590603906,7.578272272272274,6.152709355648447
28,"([0.5, 0.15, 0.12, 0.19, 0.02, 0.03], [2])","([0.21, 0.13, 0.26, 0.15, 0.06, 0.18], [5])",-0.0,-0.0,-0.0,-0.0,-0.0,-0.0,0.0,not observed,0.5514667590603906,8.03813913913914,6.373042981575705
29,"([0.5, 0.15, 0.12, 0.19, 0.02, 0.03], [0])","([0.21, 0.13, 0.26, 0.15, 0.06, 0.18], [1])",-0.0,-0.0,-0.0,-0.0,-0.0,-0.0,0.0,not observed,0.5514667590603906,8.418006006006006,6.593376607502963
30,"([0.5, 0.15, 0.12, 0.19, 0.02, 0.03], [0])","([0.21, 0.13, 0.26, 0.15, 0.06, 0.18], [5])",-0.0,-0.0,-0.0,-0.0,-0.0,-0.0,0.0,not observed,0.5514667590603906,8.797872872872873,6.81371023343022
31,"([0.5, 0.15, 0.12, 0.19, 0.02, 0.03], [0])","([0.21, 0.13, 0.26, 0.15, 0.06, 0.18], [0])",-0.0,-0.0,-0.0,-0.0,-0.0,-0.0,0.0,observed,0.5514667590603906,8.46673973973974,7.034043859357478
32,"([0.5, 0.15, 0.12, 0.19, 0.02, 0.03], [2])","([0.21, 0.13, 0.26, 0.15, 0.06, 0.18], [5])",-0.0,-0.0,-0.0,-0.0,-0.0,-0.0,0.0,not observed,0.5514667590603906,8.926606606606606,7.254377485284736
33,"([0.5, 0.15, 0.12, 0.19, 0.02, 0.03], [3])","([0.21, 0.13, 0.26, 0.15, 0.06, 0.18], [1])",-0.0,-0.0,-0.0,-0.0,-0.0,-0.0,0.0,not observed,0.5514667590603906,9.225473473473473,7.4747111112119935
34,"([0.5, 0.15, 0.12, 0.19, 0.02, 0.03], [3])","([0.21, 0.13, 0.26, 0.15, 0.06, 0.18], [2])",-0.0,-0.0,-0.0,-0.0,-0.0,-0.0,0.0,not observed,0.5514667590603906,9.52434034034034,7.695044737139251
35,"([0.5, 0.15, 0.12, 0.19, 0.02, 0.03], [3])","([0.21, 0.13, 0.26, 0.15, 0.06, 0.18], [3])",-0.0,-0.0,-0.0,-0.0,-0.0,-0.0,0.0,observed,0.5514667590603906,9.193207207207207,7.915378363066509
36,"([0.5, 0.15, 0.12, 0.19, 0.02, 0.03], [0])","([0.21, 0.13, 0.26, 0.15, 0.06, 0.18], [1])",-0.0,-0.0,-0.0,-0.0,-0.0,-0.0,0.0,not observed,0.5514667590603906,9.573074074074073,8.135711988993766
37,"([0.5, 0.15, 0.12, 0.19, 0.02, 0.03], [1])","([0.21, 0.13, 0.26, 0.15, 0.06, 0.18], [3])",-0.0,-0.0,-0.0,-0.0,-0.0,-0.0,0.0,not observed,0.5514667590603906,9.85194094094094,8.356045614921022
38,"([0.5, 0.15, 0.12, 0.19, 0.02, 0.03], [0])","([0.21, 0.13, 0.26, 0.15, 0.06, 0.18], [0])",-0.0,-0.0,-0.0,-0.0,-0.0,-0.0,0.0,observed,0.5514667590603906,9.520807807807808,8.57637924084828
39,"([0.5, 0.15, 0.12, 0.19, 0.02, 0.03], [0])","([0.21, 0.13, 0.26, 0.15, 0.06, 0.18], [5])",-0.0,-0.0,-0.0,-0.0,-0.0,-0.0,0.0,not observed,0.5514667590603906,9.900674674674674,8.796712866775536
40,"([0.5, 0.15, 0.12, 0.19, 0.02, 0.03], [0])","([0.21, 0.13, 0.26, 0.15, 0.06, 0.18], [1])",-0.0,-0.0,-0.0,-0.0,-0.0,-0.0,0.0,not observed,0.5514667590603906,10.28054154154154,9.017046492702793
41,"([0.5, 0.15, 0.12, 0.19, 0.02, 0.03], [5])","([0.21, 0.13, 0.26, 0.15, 0.06, 0.18], [2])",-0.0,-0.0,-0.0,-0.0,-0.0,-0.0,0.0,not observed,0.5514667590603906,10.613408408408407,9.23738011863005
42,"([0.5, 0.15, 0.12, 0.19, 0.02, 0.03], [0])","([0.21, 0.13, 0.26, 0.15, 0.06, 0.18], [3])",-0.0,-0.0,-0.0,-0.0,-0.0,-0.0,0.0,not observed,0.5514667590603906,10.993275275275273,9.457713744557307
43,"([0.5, 0.15, 0.12, 0.19, 0.02, 0.03], [1])","([0.21, 0.13, 0.26, 0.15, 0.06, 0.18], [5])",-0.0,-0.0,-0.0,-0.0,-0.0,-0.0,0.0,not observed,0.5514667590603906,11.27214214214214,9.678047370484563
44,"([0.5, 0.15, 0.12, 0.19, 0.02, 0.03], [0])","([0.21, 0.13, 0.26, 0.15, 0.06, 0.18], [5])",-0.0,-0.0,-0.0,-0.0,-0.0,-0.0,0.0,not observed,0.5514667590603906,11.652009009009006,9.89838099641182
45,"([0.5, 0.15, 0.12, 0.19, 0.02, 0.03], [1])","([0.21, 0.13, 0.26, 0.15, 0.06, 0.18], [5])",-0.0,-0.0,-0.0,-0.0,-0.0,-0.0,0.0,not observed,0.5514667590603906,11.930875875875874,10.118714622339077
46,"([0.5, 0.15, 0.12, 0.19, 0.02, 0.03], [3])","([0.21, 0.13, 0.26, 0.15, 0.06, 0.18], [2])",-0.0,-0.0,-0.0,-0.0,-0.0,-0.0,0.0,not observed,0.5514667590603906,12.22974274274274,10.339048248266334
47,"([0.5, 0.15, 0.12, 0.19, 0.02, 0.03], [4])","([0.21, 0.13, 0.26, 0.15, 0.06, 0.18], [3])",-0.0,-0.0,-0.0,-0.0,-0.0,-0.0,0.0,not observed,0.5514667590603906,12.442609609609606,10.55938187419359
48,"([0.5, 0.15, 0.12, 0.19, 0.02, 0.03], [3])","([0.21, 0.13, 0.26, 0.15, 0.06, 0.18], [5])",-0.0,-0.0,-0.0,-0.0,-0.0,-0.0,0.0,not observed,0.5514667590603906,12.741476476476473,10.779715500120847
49,"([0.5, 0.15, 0.12, 0.19, 0.02, 0.03], [0])","([0.21, 0.13, 0.26, 0.15, 0.06, 0.18], [1])",-0.0,-0.0,-0.0,-0.0,-0.0,-0.0,0.0,not observed,0.5514667590603906,13.121343343343339,11.000049126048104
50,"([0.5, 0.15, 0.12, 0.19, 0.02, 0.03], [1])","([0.21, 0.13, 0.26, 0.15, 0.06, 0.18], [5])",-0.0,-0.0,-0.0,-0.0,-0.0,-0.0,0.0,not observed,0.5514667590603906,13.400210210210206,11.220382751975361
51,"([0.5, 0.15, 0.12, 0.19, 0.02, 0.03], [0])","([0.21, 0.13, 0.26, 0.15, 0.06, 0.18], [0])",-0.0,-0.0,-0.0,-0.0,-0.0,-0.0,0.0,observed,0.5514667590603906,13.069077077077074,11.440716377902618
52,"([0.5, 0.15, 0.12, 0.19, 0.02, 0.03], [0])","([0.21, 0.13, 0.26, 0.15, 0.06, 0.18], [2])",-0.0,-0.0,-0.0,-0.0,-0.0,-0.0,0.0,not observed,0.5514667590603906,13.44894394394394,11.661050003829875
53,"([0.5, 0.15, 0.12, 0.19, 0.02, 0.03], [2])","([0.21, 0.13, 0.26, 0.15, 0.06, 0.18], [0])",-0.0,-0.0,-0.0,-0.0,-0.0,-0.0,0.0,not observed,0.5514667590603906,13.908810810810806,11.881383629757131
54,"([0.5, 0.15, 0.12, 0.19, 0.02, 0.03], [0])","([0.21, 0.13, 0.26, 0.15, 0.06, 0.18], [4])",-0.0,-0.0,-0.0,-0.0,-0.0,-0.0,0.0,not observed,0.5514667590603906,14.288677677677672,12.101717255684388
55,"([0.5, 0.15, 0.12, 0.19, 0.02, 0.03], [3])","([0.21, 0.13, 0.26, 0.15, 0.06, 0.18], [2])",-0.0,-0.0,-0.0,-0.0,-0.0,-0.0,0.0,not observed,0.5514667590603906,14.587544544544539,12.322050881611645
56,"([0.5, 0.15, 0.12, 0.19, 0.02, 0.03], [0])","([0.21, 0.13, 0.26, 0.15, 0.06, 0.18], [3])",-0.0,-0.0,-0.0,-0.0,-0.0,-0.0,0.0,not observed,0.5514667590603906,14.967411411411405,12.542384507538902
57,"([0.5, 0.15, 0.12, 0.19, 0.02, 0.03], [0])","([0.21, 0.13, 0.26, 0.15, 0.06, 0.18], [5])",-0.0,-0.0,-0.0,-0.0,-0.0,-0.0,0.0,not observed,0.5514667590603906,15.34727827827827,12.762718133466159
58,"([0.5, 0.15, 0.12, 0.19, 0.02, 0.03], [0])","([0.21, 0.13, 0.26, 0.15, 0.06, 0.18], [5])",-0.0,-0.0,-0.0,-0.0,-0.0,-0.0,0.0,not observed,0.5514667590603906,15.727145145145137,12.983051759393415
59,"([0.5, 0.15, 0.12, 0.19, 0.02, 0.03], [0])","([0.21, 0.13, 0.26, 0.15, 0.06, 0.18], [1])",-0.0,-0.0,-0.0,-0.0,-0.0,-0.0,0.0,not observed,0.5514667590603906,16.107012012012003,13.203385385320672
60,"([0.5, 0.15, 0.12, 0.19, 0.02, 0.03], [3])","([0.21, 0.13, 0.26, 0.15, 0.06, 0.18], [3])",-0.0,-0.0,-0.0,-0.0,-0.0,-0.0,0.0,observed,0.5514667590603906,15.77587887887887,13.423719011247929
61,"([0.5, 0.15, 0.12, 0.19, 0.02, 0.03], [3])","([0.21, 0.13, 0.26, 0.15, 0.06, 0.18], [0])",-0.0,-0.0,-0.0,-0.0,-0.0,-0.0,0.0,not observed,0.5514667590603906,16.074745745745737,13.644052637175186
62,"([0.5, 0.15, 0.12, 0.19, 0.02, 0.03], [0])","([0.21, 0.13, 0.26, 0.15, 0.06, 0.18], [0])",-0.0,-0.0,-0.0,-0.0,-0.0,-0.0,0.0,observed,0.5514667590603906,15.743612612612605,13.864386263102443
63,"([0.5, 0.15, 0.12, 0.19, 0.02, 0.03], [3])","([0.21, 0.13, 0.26, 0.15, 0.06, 0.18], [3])",-0.0,-0.0,-0.0,-0.0,-0.0,-0.0,0.0,observed,0.5514667590603906,15.412479479479472,14.0847198890297
64,"([0.5, 0.15, 0.12, 0.19, 0.02, 0.03], [0])","([0.21, 0.13, 0.26, 0.15, 0.06, 0.18], [1])",-0.0,-0.0,-0.0,-0.0,-0.0,-0.0,0.0,not observed,0.5514667590603906,15.792346346346338,14.305053514956956
65,"([0.5, 0.15, 0.12, 0.19, 0.02, 0.03], [0])","([0.21, 0.13, 0.26, 0.15, 0.06, 0.18], [3])",-0.0,-0.0,-0.0,-0.0,-0.0,-0.0,0.0,not observed,0.5514667590603906,16.172213213213205,14.525387140884213
66,"([0.5, 0.15, 0.12, 0.19, 0.02, 0.03], [1])","([0.21, 0.13, 0.26, 0.15, 0.06, 0.18], [5])",-0.0,-0.0,-0.0,-0.0,-0.0,-0.0,0.0,not observed,0.5514667590603906,16.45108008008007,14.74572076681147
67,"([0.5, 0.15, 0.12, 0.19, 0.02, 0.03], [3])","([0.21, 0.13, 0.26, 0.15, 0.06, 0.18], [2])",-0.0,-0.0,-0.0,-0.0,-0.0,-0.0,0.0,not observed,0.5514667590603906,16.749946946946938,14.966054392738727
68,"([0.5, 0.15, 0.12, 0.19, 0.02, 0.03], [2])","([0.21, 0.13, 0.26, 0.15, 0.06, 0.18], [1])",-0.0,-0.0,-0.0,-0.0,-0.0,-0.0,0.0,not observed,0.5514667590603906,17.209813813813806,15.186388018665983
69,"([0.5, 0.15, 0.12, 0.19, 0.02, 0.03], [2])","([0.21, 0.13, 0.26, 0.15, 0.06, 0.18], [5])",-0.0,-0.0,-0.0,-0.0,-0.0,-0.0,0.0,not observed,0.5514667590603906,17.669680680680674,15.40672164459324
70,"([0.5, 0.15, 0.12, 0.19, 0.02, 0.03], [3])","([0.21, 0.13, 0.26, 0.15, 0.06, 0.18], [2])",-0.0,-0.0,-0.0,-0.0,-0.0,-0.0,0.0,not observed,0.5514667590603906,17.96854754754754,15.627055270520497
71,"([0.5, 0.15, 0.12, 0.19, 0.02, 0.03], [1])","([0.21, 0.13, 0.26, 0.15, 0.06, 0.18], [4])",-0.0,-0.0,-0.0,-0.0,-0.0,-0.0,0.0,not observed,0.5514667590603906,18.247414414414408,15.847388896447754
72,"([0.5, 0.15, 0.12, 0.19, 0.02, 0.03], [1])","([0.21, 0.13, 0.26, 0.15, 0.06, 0.18], [5])",-0.0,-0.0,-0.0,-0.0,-0.0,-0.0,0.0,not observed,0.5514667590603906,18.526281281281275,16.06772252237501
73,"([0.5, 0.15, 0.12, 0.19, 0.02, 0.03], [0])","([0.21, 0.13, 0.26, 0.15, 0.06, 0.18], [0])",-0.0,-0.0,-0.0,-0.0,-0.0,-0.0,0.0,observed,0.5514667590603906,18.195148148148142,16.288056148302267
74,"([0.5, 0.15, 0.12, 0.19, 0.02, 0.03], [0])","([0.21, 0.13, 0.26, 0.15, 0.06, 0.18], [5])",-0.0,-0.0,-0.0,-0.0,-0.0,-0.0,0.0,not observed,0.5514667590603906,18.57501501501501,16.508389774229524
75,"([0.5, 0.15, 0.12, 0.19, 0.02, 0.03], [0])","([0.21, 0.13, 0.26, 0.15, 0.06, 0.18], [0])",-0.0,-0.0,-0.0,-0.0,-0.0,-0.0,0.0,observed,0.5514667590603906,18.243881881881876,16.72872340015678
76,"([0.5, 0.15, 0.12, 0.19, 0.02, 0.03], [1])","([0.21, 0.13, 0.26, 0.15, 0.06, 0.18], [5])",-0.0,-0.0,-0.0,-0.0,-0.0,-0.0,0.0,not observed,0.5514667590603906,18.522748748748743,16.949057026084038
77,"([0.5, 0.15, 0.12, 0.19, 0.02, 0.03], [1])","([0.21, 0.13, 0.26, 0.15, 0.06, 0.18], [3])",-0.0,-0.0,-0.0,-0.0,-0.0,-0.0,0.0,not observed,0.5514667590603906,18.80161561561561,17.169390652011295
78,"([0.5, 0.15, 0.12, 0.19, 0.02, 0.03], [2])","([0.21, 0.13, 0.26, 0.15, 0.06, 0.18], [3])",-0.0,-0.0,-0.0,-0.0,-0.0,-0.0,0.0,not observed,0.5514667590603906,19.261482482482478,17.38972427793855
79,"([0.5, 0.15, 0.12, 0.19, 0.02, 0.03], [2])","([0.21, 0.13, 0.26, 0.15, 0.06, 0.18], [2])",-0.0,-0.0,-0.0,-0.0,-0.0,-0.0,0.0,observed,0.5514667590603906,18.930349349349346,17.61005790386581
80,"([0.5, 0.15, 0.12, 0.19, 0.02, 0.03], [3])","([0.21, 0.13, 0.26, 0.15, 0.06, 0.18], [5])",-0.0,-0.0,-0.0,-0.0,-0.0,-0.0,0.0,not observed,0.5514667590603906,19.229216216216212,17.830391529793065
81,"([0.5, 0.15, 0.12, 0.19, 0.02, 0.03], [2])","([0.21, 0.13, 0.26, 0.15, 0.06, 0.18], [2])",-0.0,-0.0,-0.0,-0.0,-0.0,-0.0,0.0,observed,0.5514667590603906,18.89808308308308,18.050725155720322
82,"([0.5, 0.15, 0.12, 0.19, 0.02, 0.03], [0])","([0.21, 0.13, 0.26, 0.15, 0.06, 0.18], [2])",-0.0,-0.0,-0.0,-0.0,-0.0,-0.0,0.0,not observed,0.5514667590603906,19.277949949949946,18.27105878164758
83,"([0.5, 0.15, 0.12, 0.19, 0.02, 0.03], [3])","([0.21, 0.13, 0.26, 0.15, 0.06, 0.18], [1])",-0.0,-0.0,-0.0,-0.0,-0.0,-0.0,0.0,not observed,0.5514667590603906,19.576816816816812,18.491392407574835
84,"([0.5, 0.15, 0.12, 0.19, 0.02, 0.03], [0])","([0.21, 0.13, 0.26, 0.15, 0.06, 0.18], [5])",-0.0,-0.0,-0.0,-0.0,-0.0,-0.0,0.0,not observed,0.5514667590603906,19.95668368368368,18.711726033502092
85,"([0.5, 0.15, 0.12, 0.19, 0.02, 0.03], [0])","([0.21, 0.13, 0.26, 0.15, 0.06, 0.18], [3])",-0.0,-0.0,-0.0,-0.0,-0.0,-0.0,0.0,not observed,0.5514667590603906,20.336550550550545,18.93205965942935
86,"([0.5, 0.15, 0.12, 0.19, 0.02, 0.03], [3])","([0.21, 0.13, 0.26, 0.15, 0.06, 0.18], [5])",-0.0,-0.0,-0.0,-0.0,-0.0,-0.0,0.0,not observed,0.5514667590603906,20.63541741741741,19.152393285356606
87,"([0.5, 0.15, 0.12, 0.19, 0.02, 0.03], [0])","([0.21, 0.13, 0.26, 0.15, 0.06, 0.18], [1])",-0.0,-0.0,-0.0,-0.0,-0.0,-0.0,0.0,not observed,0.5514667590603906,21.015284284284277,19.372726911283863
88,"([0.5, 0.15, 0.12, 0.19, 0.02, 0.03], [1])","([0.21, 0.13, 0.26, 0.15, 0.06, 0.18], [3])",-0.0,-0.0,-0.0,-0.0,-0.0,-0.0,0.0,not observed,0.5514667590603906,21.294151151151144,19.59306053721112
89,"([0.5, 0.15, 0.12, 0.19, 0.02, 0.03], [3])","([0.21, 0.13, 0.26, 0.15, 0.06, 0.18], [5])",-0.0,-0.0,-0.0,-0.0,-0.0,-0.0,0.0,not observed,0.5514667590603906,21.59301801801801,19.813394163138376
90,"([0.5, 0.15, 0.12, 0.19, 0.02, 0.03], [0])","([0.21, 0.13, 0.26, 0.15, 0.06, 0.18], [2])",-0.0,-0.0,-0.0,-0.0,-0.0,-0.0,0.0,not observed,0.5514667590603906,21.972884884884877,20.033727789065633
91,"([0.5, 0.15, 0.12, 0.19, 0.02, 0.03], [3])","([0.21, 0.13, 0.26, 0.15, 0.06, 0.18], [4])",-0.0,-0.0,-0.0,-0.0,-0.0,-0.0,0.0,not observed,0.5514667590603906,22.271751751751744,20.25406141499289
92,"([0.5, 0.15, 0.12, 0.19, 0.02, 0.03], [1])","([0.21, 0.13, 0.26, 0.15, 0.06, 0.18], [4])",-0.0,-0.0,-0.0,-0.0,-0.0,-0.0,0.0,not observed,0.5514667590603906,22.55061861861861,20.474395040920147
93,"([0.5, 0.15, 0.12, 0.19, 0.02, 0.03], [0])","([0.21, 0.13, 0.26, 0.15, 0.06, 0.18], [5])",-0.0,-0.0,-0.0,-0.0,-0.0,-0.0,0.0,not observed,0.5514667590603906,22.930485485485477,20.694728666847404
94,"([0.5, 0.15, 0.12, 0.19, 0.02, 0.03], [0])","([0.21, 0.13, 0.26, 0.15, 0.06, 0.18], [4])",-0.0,-0.0,-0.0,-0.0,-0.0,-0.0,0.0,not observed,0.5514667590603906,23.310352352352343,20.91506229277466
95,"([0.5, 0.15, 0.12, 0.19, 0.02, 0.03], [3])","([0.21, 0.13, 0.26, 0.15, 0.06, 0.18], [2])",-0.0,-0.0,-0.0,-0.0,-0.0,-0.0,0.0,not observed,0.5514667590603906,23.60921921921921,21.135395918701917
96,"([0.5, 0.15, 0.12, 0.19, 0.02, 0.03], [1])","([0.21, 0.13, 0.26, 0.15, 0.06, 0.18], [4])",-0.0,-0.0,-0.0,-0.0,-0.0,-0.0,0.0,not observed,0.5514667590603906,23.888086086086076,21.355729544629174
97,"([0.5, 0.15, 0.12, 0.19, 0.02, 0.03], [0])","([0.21, 0.13, 0.26, 0.15, 0.06, 0.18], [0])",-0.0,-0.0,-0.0,-0.0,-0.0,-0.0,0.0,observed,0.5514667590603906,23.556952952952944,21.57606317055643
98,"([0.5, 0.15, 0.12, 0.19, 0.02, 0.03], [3])","([0.21, 0.13, 0.26, 0.15, 0.06, 0.18], [2])",-0.0,-0.0,-0.0,-0.0,-0.0,-0.0,0.0,not observed,0.5514667590603906,23.85581981981981,21.796396796483688
99,"([0.5, 0.15, 0.12, 0.19, 0.02, 0.03], [3])","([0.21, 0.13, 0.26, 0.15, 0.06, 0.18], [2])",-0.0,-0.0,-0.0,-0.0,-0.0,-0.0,0.0,not observed,0.5514667590603906,24.154686686686677,22.016730422410944
