825783
583289
650045
661537
398502
269467
671067
773300
655124
403107
360516
891398
883899
183659
862387
276157
516141
812159
750616
291814
407260
447377
184542
727831
618196
134906
96541
235850
249873
59573
468651
160507
803650
4512
770724
89050
829091
161203
596109
171241
458955
13961
608069
256763
486014
567871
384805
20268
964491
71914
852365
270797
295035
697391
580509
178500
576191
25564
817088
972373
327827
453077
552182
405906
237438
716077
985014
441074
75244
817969
769680
610605
511639
225064
734515
638681
714812
376973
514812
41835
579971
316248
402619
190838
589023
271478
721246
99788
467938
416249
565929
353550
283029
302589
81285
584494
356336
694556
84253
111240
