,sto-1,FB-0,feedback target 0,feedback target 1,feedback target 2,feedback target 3,feedback target 4,feedback target 5,total,exp_loss,actual_regret,exp_regret
0,"([0.08, 0.12, 0.13, 0.05, 0.44, 0.18], [3])","([1, 0, 0, 0, 0, 0], [0])",-0.0,-0.0,-0.0,-0.758,-0.0,-0.0,-0.758,0.7471079999999999,0.268084,0.25719199999999987
1,"([0.08, 0.12, 0.13, 0.05, 0.44, 0.18], [1])","([0, 0, 0, 1, 0, 0], [3])",-0.0,-0.914,-0.0,-0.0,-0.0,-0.0,-0.914,0.7694239999999999,0.692168,0.5366999999999997
2,"([0.08, 0.12, 0.13, 0.05, 0.44, 0.18], [4])","([0, 0, 0, 1, 0, 0], [3])",-0.0,-0.0,-0.0,-0.0,-0.728,-0.0,-0.728,0.7694239999999999,0.930252,0.8162079999999996
3,"([0.08, 0.12, 0.13, 0.05, 0.44, 0.18], [5])","([0, 0, 0, 0, 1, 0], [4])",-0.0,-0.0,-0.0,-0.0,-0.0,-0.858,-0.858,0.489916,1.298336,0.8162079999999996
4,"([0.08, 0.12, 0.13, 0.05, 0.44, 0.18], [4])","([0, 1, 0, 0, 0, 0], [1])",-0.0,-0.0,-0.0,-0.0,-0.728,-0.0,-0.728,0.6949019999999999,1.53642,1.0211939999999995
5,"([0.08, 0.12, 0.13, 0.05, 0.44, 0.18], [0])","([0, 0, 0, 0, 1, 0], [4])",-0.772,-0.0,-0.0,-0.0,-0.0,-0.0,-0.772,0.489916,1.818504,1.0211939999999995
6,"([0.08, 0.12, 0.13, 0.05, 0.44, 0.18], [4])","([0, 0, 0, 0, 1, 0], [4])",-0.0,-0.0,-0.0,-0.0,-0.0,-0.0,0.0,0.489916,1.3285879999999999,1.0211939999999995
7,"([0.08, 0.12, 0.13, 0.05, 0.44, 0.18], [0])","([0, 0, 0, 0, 1, 0], [4])",-0.772,-0.0,-0.0,-0.0,-0.0,-0.0,-0.772,0.489916,1.6106719999999999,1.0211939999999995
8,"([0.08, 0.12, 0.13, 0.05, 0.44, 0.18], [0])","([0, 0, 0, 0, 1, 0], [4])",-0.772,-0.0,-0.0,-0.0,-0.0,-0.0,-0.772,0.489916,1.8927559999999999,1.0211939999999995
9,"([0.08, 0.12, 0.13, 0.05, 0.44, 0.18], [4])","([1, 0, 0, 0, 0, 0], [0])",-0.0,-0.0,-0.0,-0.0,-0.728,-0.0,-0.728,0.7471079999999999,2.13084,1.2783859999999994
10,"([0.08, 0.12, 0.13, 0.05, 0.44, 0.18], [1])","([0, 0, 0, 0, 1, 0], [4])",-0.0,-0.914,-0.0,-0.0,-0.0,-0.0,-0.914,0.489916,2.554924,1.2783859999999994
11,"([0.08, 0.12, 0.13, 0.05, 0.44, 0.18], [4])","([1, 0, 0, 0, 0, 0], [0])",-0.0,-0.0,-0.0,-0.0,-0.728,-0.0,-0.728,0.7471079999999999,2.7930080000000004,1.5355779999999992
12,"([0.08, 0.12, 0.13, 0.05, 0.44, 0.18], [1])","([0, 0, 0, 0, 1, 0], [4])",-0.0,-0.914,-0.0,-0.0,-0.0,-0.0,-0.914,0.489916,3.2170920000000005,1.5355779999999992
13,"([0.08, 0.12, 0.13, 0.05, 0.44, 0.18], [4])","([0, 0, 0, 0, 1, 0], [4])",-0.0,-0.0,-0.0,-0.0,-0.0,-0.0,0.0,0.489916,2.7271760000000005,1.5355779999999992
14,"([0.08, 0.12, 0.13, 0.05, 0.44, 0.18], [4])","([0, 0, 0, 0, 1, 0], [4])",-0.0,-0.0,-0.0,-0.0,-0.0,-0.0,0.0,0.489916,2.2372600000000005,1.5355779999999992
15,"([0.08, 0.12, 0.13, 0.05, 0.44, 0.18], [5])","([0, 0, 0, 0, 1, 0], [4])",-0.0,-0.0,-0.0,-0.0,-0.0,-0.858,-0.858,0.489916,2.6053440000000005,1.5355779999999992
16,"([0.08, 0.12, 0.13, 0.05, 0.44, 0.18], [0])","([0, 0, 0, 0, 1, 0], [4])",-0.772,-0.0,-0.0,-0.0,-0.0,-0.0,-0.772,0.489916,2.8874280000000008,1.5355779999999992
17,"([0.08, 0.12, 0.13, 0.05, 0.44, 0.18], [4])","([0, 0, 0, 0, 1, 0], [4])",-0.0,-0.0,-0.0,-0.0,-0.0,-0.0,0.0,0.489916,2.3975120000000008,1.5355779999999992
18,"([0.08, 0.12, 0.13, 0.05, 0.44, 0.18], [4])","([0, 0, 0, 0, 1, 0], [4])",-0.0,-0.0,-0.0,-0.0,-0.0,-0.0,0.0,0.489916,1.9075960000000007,1.5355779999999992
19,"([0.08, 0.12, 0.13, 0.05, 0.44, 0.18], [1])","([0, 0, 0, 0, 1, 0], [4])",-0.0,-0.914,-0.0,-0.0,-0.0,-0.0,-0.914,0.489916,2.331680000000001,1.5355779999999992
20,"([0.08, 0.12, 0.13, 0.05, 0.44, 0.18], [4])","([0, 0, 0, 0, 1, 0], [4])",-0.0,-0.0,-0.0,-0.0,-0.0,-0.0,0.0,0.489916,1.8417640000000008,1.5355779999999992
21,"([0.08, 0.12, 0.13, 0.05, 0.44, 0.18], [2])","([0, 0, 0, 0, 1, 0], [4])",-0.0,-0.0,-0.94,-0.0,-0.0,-0.0,-0.94,0.489916,2.2918480000000008,1.5355779999999992
22,"([0.08, 0.12, 0.13, 0.05, 0.44, 0.18], [4])","([0, 0, 0, 0, 1, 0], [4])",-0.0,-0.0,-0.0,-0.0,-0.0,-0.0,0.0,0.489916,1.8019320000000008,1.5355779999999992
23,"([0.08, 0.12, 0.13, 0.05, 0.44, 0.18], [1])","([0, 0, 0, 0, 1, 0], [4])",-0.0,-0.914,-0.0,-0.0,-0.0,-0.0,-0.914,0.489916,2.226016000000001,1.5355779999999992
24,"([0.08, 0.12, 0.13, 0.05, 0.44, 0.18], [0])","([0, 0, 0, 0, 1, 0], [4])",-0.772,-0.0,-0.0,-0.0,-0.0,-0.0,-0.772,0.489916,2.5081000000000007,1.5355779999999992
25,"([0.08, 0.12, 0.13, 0.05, 0.44, 0.18], [4])","([0, 0, 0, 0, 1, 0], [4])",-0.0,-0.0,-0.0,-0.0,-0.0,-0.0,0.0,0.489916,2.0181840000000006,1.5355779999999992
26,"([0.08, 0.12, 0.13, 0.05, 0.44, 0.18], [4])","([0, 0, 0, 0, 1, 0], [4])",-0.0,-0.0,-0.0,-0.0,-0.0,-0.0,0.0,0.489916,1.5282680000000006,1.5355779999999992
27,"([0.08, 0.12, 0.13, 0.05, 0.44, 0.18], [2])","([0, 0, 0, 0, 1, 0], [4])",-0.0,-0.0,-0.94,-0.0,-0.0,-0.0,-0.94,0.489916,1.9783520000000006,1.5355779999999992
28,"([0.08, 0.12, 0.13, 0.05, 0.44, 0.18], [4])","([0, 0, 0, 0, 1, 0], [4])",-0.0,-0.0,-0.0,-0.0,-0.0,-0.0,0.0,0.489916,1.4884360000000005,1.5355779999999992
29,"([0.08, 0.12, 0.13, 0.05, 0.44, 0.18], [4])","([0, 0, 0, 0, 1, 0], [4])",-0.0,-0.0,-0.0,-0.0,-0.0,-0.0,0.0,0.489916,0.9985200000000005,1.5355779999999992
30,"([0.08, 0.12, 0.13, 0.05, 0.44, 0.18], [5])","([0, 0, 0, 0, 1, 0], [4])",-0.0,-0.0,-0.0,-0.0,-0.0,-0.858,-0.858,0.489916,1.3666040000000006,1.5355779999999992
31,"([0.08, 0.12, 0.13, 0.05, 0.44, 0.18], [3])","([0, 0, 0, 0, 1, 0], [4])",-0.0,-0.0,-0.0,-0.758,-0.0,-0.0,-0.758,0.489916,1.6346880000000006,1.5355779999999992
32,"([0.08, 0.12, 0.13, 0.05, 0.44, 0.18], [5])","([0, 0, 0, 0, 1, 0], [4])",-0.0,-0.0,-0.0,-0.0,-0.0,-0.858,-0.858,0.489916,2.0027720000000007,1.5355779999999992
33,"([0.08, 0.12, 0.13, 0.05, 0.44, 0.18], [4])","([0, 0, 0, 0, 1, 0], [4])",-0.0,-0.0,-0.0,-0.0,-0.0,-0.0,0.0,0.489916,1.5128560000000006,1.5355779999999992
34,"([0.08, 0.12, 0.13, 0.05, 0.44, 0.18], [3])","([0, 0, 0, 0, 1, 0], [4])",-0.0,-0.0,-0.0,-0.758,-0.0,-0.0,-0.758,0.489916,1.7809400000000006,1.5355779999999992
35,"([0.08, 0.12, 0.13, 0.05, 0.44, 0.18], [5])","([0, 0, 0, 0, 1, 0], [4])",-0.0,-0.0,-0.0,-0.0,-0.0,-0.858,-0.858,0.489916,2.1490240000000007,1.5355779999999992
36,"([0.08, 0.12, 0.13, 0.05, 0.44, 0.18], [2])","([0, 0, 0, 0, 1, 0], [4])",-0.0,-0.0,-0.94,-0.0,-0.0,-0.0,-0.94,0.489916,2.5991080000000006,1.5355779999999992
37,"([0.08, 0.12, 0.13, 0.05, 0.44, 0.18], [1])","([0, 0, 0, 0, 1, 0], [4])",-0.0,-0.914,-0.0,-0.0,-0.0,-0.0,-0.914,0.489916,3.0231920000000008,1.5355779999999992
38,"([0.08, 0.12, 0.13, 0.05, 0.44, 0.18], [2])","([0, 0, 0, 0, 1, 0], [4])",-0.0,-0.0,-0.94,-0.0,-0.0,-0.0,-0.94,0.489916,3.4732760000000007,1.5355779999999992
39,"([0.08, 0.12, 0.13, 0.05, 0.44, 0.18], [4])","([0, 0, 0, 0, 1, 0], [4])",-0.0,-0.0,-0.0,-0.0,-0.0,-0.0,0.0,0.489916,2.9833600000000007,1.5355779999999992
40,"([0.08, 0.12, 0.13, 0.05, 0.44, 0.18], [3])","([0, 0, 0, 0, 1, 0], [4])",-0.0,-0.0,-0.0,-0.758,-0.0,-0.0,-0.758,0.489916,3.2514440000000007,1.5355779999999992
41,"([0.08, 0.12, 0.13, 0.05, 0.44, 0.18], [1])","([0, 0, 0, 0, 1, 0], [4])",-0.0,-0.914,-0.0,-0.0,-0.0,-0.0,-0.914,0.489916,3.675528000000001,1.5355779999999992
42,"([0.08, 0.12, 0.13, 0.05, 0.44, 0.18], [4])","([0, 0, 0, 0, 1, 0], [4])",-0.0,-0.0,-0.0,-0.0,-0.0,-0.0,0.0,0.489916,3.1856120000000008,1.5355779999999992
43,"([0.08, 0.12, 0.13, 0.05, 0.44, 0.18], [0])","([0, 0, 0, 0, 1, 0], [4])",-0.772,-0.0,-0.0,-0.0,-0.0,-0.0,-0.772,0.489916,3.467696000000001,1.5355779999999992
44,"([0.08, 0.12, 0.13, 0.05, 0.44, 0.18], [4])","([0, 0, 0, 0, 1, 0], [4])",-0.0,-0.0,-0.0,-0.0,-0.0,-0.0,0.0,0.489916,2.977780000000001,1.5355779999999992
45,"([0.08, 0.12, 0.13, 0.05, 0.44, 0.18], [4])","([0, 0, 0, 0, 1, 0], [4])",-0.0,-0.0,-0.0,-0.0,-0.0,-0.0,0.0,0.489916,2.487864000000001,1.5355779999999992
46,"([0.08, 0.12, 0.13, 0.05, 0.44, 0.18], [2])","([0, 0, 0, 0, 1, 0], [4])",-0.0,-0.0,-0.94,-0.0,-0.0,-0.0,-0.94,0.489916,2.937948000000001,1.5355779999999992
47,"([0.08, 0.12, 0.13, 0.05, 0.44, 0.18], [4])","([0, 0, 0, 0, 1, 0], [4])",-0.0,-0.0,-0.0,-0.0,-0.0,-0.0,0.0,0.489916,2.448032000000001,1.5355779999999992
48,"([0.08, 0.12, 0.13, 0.05, 0.44, 0.18], [1])","([0, 0, 0, 0, 1, 0], [4])",-0.0,-0.914,-0.0,-0.0,-0.0,-0.0,-0.914,0.489916,2.872116000000001,1.5355779999999992
49,"([0.08, 0.12, 0.13, 0.05, 0.44, 0.18], [4])","([0, 0, 0, 0, 1, 0], [4])",-0.0,-0.0,-0.0,-0.0,-0.0,-0.0,0.0,0.489916,2.382200000000001,1.5355779999999992
50,"([0.08, 0.12, 0.13, 0.05, 0.44, 0.18], [5])","([0, 0, 0, 0, 1, 0], [4])",-0.0,-0.0,-0.0,-0.0,-0.0,-0.858,-0.858,0.489916,2.750284000000001,1.5355779999999992
51,"([0.08, 0.12, 0.13, 0.05, 0.44, 0.18], [4])","([0, 0, 0, 0, 1, 0], [4])",-0.0,-0.0,-0.0,-0.0,-0.0,-0.0,0.0,0.489916,2.260368000000001,1.5355779999999992
52,"([0.08, 0.12, 0.13, 0.05, 0.44, 0.18], [4])","([0, 0, 0, 0, 1, 0], [4])",-0.0,-0.0,-0.0,-0.0,-0.0,-0.0,0.0,0.489916,1.770452000000001,1.5355779999999992
53,"([0.08, 0.12, 0.13, 0.05, 0.44, 0.18], [1])","([0, 0, 0, 0, 1, 0], [4])",-0.0,-0.914,-0.0,-0.0,-0.0,-0.0,-0.914,0.489916,2.194536000000001,1.5355779999999992
54,"([0.08, 0.12, 0.13, 0.05, 0.44, 0.18], [4])","([0, 0, 0, 0, 1, 0], [4])",-0.0,-0.0,-0.0,-0.0,-0.0,-0.0,0.0,0.489916,1.7046200000000011,1.5355779999999992
55,"([0.08, 0.12, 0.13, 0.05, 0.44, 0.18], [5])","([0, 0, 0, 0, 1, 0], [4])",-0.0,-0.0,-0.0,-0.0,-0.0,-0.858,-0.858,0.489916,2.072704000000001,1.5355779999999992
56,"([0.08, 0.12, 0.13, 0.05, 0.44, 0.18], [5])","([0, 0, 0, 0, 1, 0], [4])",-0.0,-0.0,-0.0,-0.0,-0.0,-0.858,-0.858,0.489916,2.4407880000000013,1.5355779999999992
57,"([0.08, 0.12, 0.13, 0.05, 0.44, 0.18], [4])","([0, 0, 0, 0, 1, 0], [4])",-0.0,-0.0,-0.0,-0.0,-0.0,-0.0,0.0,0.489916,1.9508720000000013,1.5355779999999992
58,"([0.08, 0.12, 0.13, 0.05, 0.44, 0.18], [4])","([0, 0, 0, 0, 1, 0], [4])",-0.0,-0.0,-0.0,-0.0,-0.0,-0.0,0.0,0.489916,1.4609560000000013,1.5355779999999992
59,"([0.08, 0.12, 0.13, 0.05, 0.44, 0.18], [3])","([0, 0, 0, 0, 1, 0], [4])",-0.0,-0.0,-0.0,-0.758,-0.0,-0.0,-0.758,0.489916,1.7290400000000012,1.5355779999999992
60,"([0.08, 0.12, 0.13, 0.05, 0.44, 0.18], [4])","([0, 0, 0, 0, 1, 0], [4])",-0.0,-0.0,-0.0,-0.0,-0.0,-0.0,0.0,0.489916,1.2391240000000012,1.5355779999999992
61,"([0.08, 0.12, 0.13, 0.05, 0.44, 0.18], [3])","([0, 0, 0, 0, 1, 0], [4])",-0.0,-0.0,-0.0,-0.758,-0.0,-0.0,-0.758,0.489916,1.5072080000000012,1.5355779999999992
62,"([0.08, 0.12, 0.13, 0.05, 0.44, 0.18], [4])","([0, 0, 0, 0, 1, 0], [4])",-0.0,-0.0,-0.0,-0.0,-0.0,-0.0,0.0,0.489916,1.0172920000000012,1.5355779999999992
63,"([0.08, 0.12, 0.13, 0.05, 0.44, 0.18], [4])","([0, 0, 0, 0, 1, 0], [4])",-0.0,-0.0,-0.0,-0.0,-0.0,-0.0,0.0,0.489916,0.5273760000000012,1.5355779999999992
64,"([0.08, 0.12, 0.13, 0.05, 0.44, 0.18], [4])","([0, 0, 0, 0, 1, 0], [4])",-0.0,-0.0,-0.0,-0.0,-0.0,-0.0,0.0,0.489916,0.03746000000000116,1.5355779999999992
65,"([0.08, 0.12, 0.13, 0.05, 0.44, 0.18], [2])","([0, 0, 0, 0, 1, 0], [4])",-0.0,-0.0,-0.94,-0.0,-0.0,-0.0,-0.94,0.489916,0.4875440000000011,1.5355779999999992
66,"([0.08, 0.12, 0.13, 0.05, 0.44, 0.18], [4])","([0, 0, 0, 0, 1, 0], [4])",-0.0,-0.0,-0.0,-0.0,-0.0,-0.0,0.0,0.489916,-0.0023719999999989305,1.5355779999999992
67,"([0.08, 0.12, 0.13, 0.05, 0.44, 0.18], [4])","([0, 0, 0, 0, 1, 0], [4])",-0.0,-0.0,-0.0,-0.0,-0.0,-0.0,0.0,0.489916,-0.49228799999999895,1.5355779999999992
68,"([0.08, 0.12, 0.13, 0.05, 0.44, 0.18], [1])","([0, 0, 0, 0, 1, 0], [4])",-0.0,-0.914,-0.0,-0.0,-0.0,-0.0,-0.914,0.489916,-0.06820399999999893,1.5355779999999992
69,"([0.08, 0.12, 0.13, 0.05, 0.44, 0.18], [4])","([0, 0, 0, 0, 1, 0], [4])",-0.0,-0.0,-0.0,-0.0,-0.0,-0.0,0.0,0.489916,-0.558119999999999,1.5355779999999992
70,"([0.08, 0.12, 0.13, 0.05, 0.44, 0.18], [0])","([0, 0, 0, 0, 1, 0], [4])",-0.772,-0.0,-0.0,-0.0,-0.0,-0.0,-0.772,0.489916,-0.27603599999999895,1.5355779999999992
71,"([0.08, 0.12, 0.13, 0.05, 0.44, 0.18], [4])","([0, 0, 0, 0, 1, 0], [4])",-0.0,-0.0,-0.0,-0.0,-0.0,-0.0,0.0,0.489916,-0.765951999999999,1.5355779999999992
72,"([0.08, 0.12, 0.13, 0.05, 0.44, 0.18], [5])","([0, 0, 0, 0, 1, 0], [4])",-0.0,-0.0,-0.0,-0.0,-0.0,-0.858,-0.858,0.489916,-0.397867999999999,1.5355779999999992
73,"([0.08, 0.12, 0.13, 0.05, 0.44, 0.18], [4])","([0, 0, 0, 0, 1, 0], [4])",-0.0,-0.0,-0.0,-0.0,-0.0,-0.0,0.0,0.489916,-0.887783999999999,1.5355779999999992
74,"([0.08, 0.12, 0.13, 0.05, 0.44, 0.18], [0])","([0, 0, 0, 0, 1, 0], [4])",-0.772,-0.0,-0.0,-0.0,-0.0,-0.0,-0.772,0.489916,-0.605699999999999,1.5355779999999992
75,"([0.08, 0.12, 0.13, 0.05, 0.44, 0.18], [2])","([0, 0, 0, 0, 1, 0], [4])",-0.0,-0.0,-0.94,-0.0,-0.0,-0.0,-0.94,0.489916,-0.1556159999999991,1.5355779999999992
76,"([0.08, 0.12, 0.13, 0.05, 0.44, 0.18], [4])","([0, 0, 0, 0, 1, 0], [4])",-0.0,-0.0,-0.0,-0.0,-0.0,-0.0,0.0,0.489916,-0.6455319999999991,1.5355779999999992
77,"([0.08, 0.12, 0.13, 0.05, 0.44, 0.18], [1])","([0, 0, 0, 0, 1, 0], [4])",-0.0,-0.914,-0.0,-0.0,-0.0,-0.0,-0.914,0.489916,-0.2214479999999991,1.5355779999999992
78,"([0.08, 0.12, 0.13, 0.05, 0.44, 0.18], [3])","([0, 0, 0, 0, 1, 0], [4])",-0.0,-0.0,-0.0,-0.758,-0.0,-0.0,-0.758,0.489916,0.0466360000000009,1.5355779999999992
79,"([0.08, 0.12, 0.13, 0.05, 0.44, 0.18], [1])","([0, 0, 0, 0, 1, 0], [4])",-0.0,-0.914,-0.0,-0.0,-0.0,-0.0,-0.914,0.489916,0.4707200000000009,1.5355779999999992
80,"([0.08, 0.12, 0.13, 0.05, 0.44, 0.18], [4])","([0, 0, 0, 0, 1, 0], [4])",-0.0,-0.0,-0.0,-0.0,-0.0,-0.0,0.0,0.489916,-0.019195999999999103,1.5355779999999992
81,"([0.08, 0.12, 0.13, 0.05, 0.44, 0.18], [1])","([0, 0, 0, 0, 1, 0], [4])",-0.0,-0.914,-0.0,-0.0,-0.0,-0.0,-0.914,0.489916,0.4048880000000009,1.5355779999999992
82,"([0.08, 0.12, 0.13, 0.05, 0.44, 0.18], [1])","([0, 0, 0, 0, 1, 0], [4])",-0.0,-0.914,-0.0,-0.0,-0.0,-0.0,-0.914,0.489916,0.8289720000000009,1.5355779999999992
83,"([0.08, 0.12, 0.13, 0.05, 0.44, 0.18], [4])","([0, 0, 0, 0, 1, 0], [4])",-0.0,-0.0,-0.0,-0.0,-0.0,-0.0,0.0,0.489916,0.3390560000000009,1.5355779999999992
84,"([0.08, 0.12, 0.13, 0.05, 0.44, 0.18], [1])","([0, 0, 0, 0, 1, 0], [4])",-0.0,-0.914,-0.0,-0.0,-0.0,-0.0,-0.914,0.489916,0.7631400000000009,1.5355779999999992
85,"([0.08, 0.12, 0.13, 0.05, 0.44, 0.18], [4])","([0, 0, 0, 0, 1, 0], [4])",-0.0,-0.0,-0.0,-0.0,-0.0,-0.0,0.0,0.489916,0.2732240000000009,1.5355779999999992
86,"([0.08, 0.12, 0.13, 0.05, 0.44, 0.18], [1])","([0, 0, 0, 0, 1, 0], [4])",-0.0,-0.914,-0.0,-0.0,-0.0,-0.0,-0.914,0.489916,0.6973080000000009,1.5355779999999992
87,"([0.08, 0.12, 0.13, 0.05, 0.44, 0.18], [4])","([0, 0, 0, 0, 1, 0], [4])",-0.0,-0.0,-0.0,-0.0,-0.0,-0.0,0.0,0.489916,0.2073920000000009,1.5355779999999992
88,"([0.08, 0.12, 0.13, 0.05, 0.44, 0.18], [3])","([0, 0, 0, 0, 1, 0], [4])",-0.0,-0.0,-0.0,-0.758,-0.0,-0.0,-0.758,0.489916,0.4754760000000009,1.5355779999999992
89,"([0.08, 0.12, 0.13, 0.05, 0.44, 0.18], [2])","([0, 0, 0, 0, 1, 0], [4])",-0.0,-0.0,-0.94,-0.0,-0.0,-0.0,-0.94,0.489916,0.9255600000000008,1.5355779999999992
90,"([0.08, 0.12, 0.13, 0.05, 0.44, 0.18], [1])","([0, 0, 0, 0, 1, 0], [4])",-0.0,-0.914,-0.0,-0.0,-0.0,-0.0,-0.914,0.489916,1.349644000000001,1.5355779999999992
91,"([0.08, 0.12, 0.13, 0.05, 0.44, 0.18], [2])","([0, 0, 0, 0, 1, 0], [4])",-0.0,-0.0,-0.94,-0.0,-0.0,-0.0,-0.94,0.489916,1.7997280000000009,1.5355779999999992
92,"([0.08, 0.12, 0.13, 0.05, 0.44, 0.18], [4])","([0, 0, 0, 0, 1, 0], [4])",-0.0,-0.0,-0.0,-0.0,-0.0,-0.0,0.0,0.489916,1.3098120000000009,1.5355779999999992
93,"([0.08, 0.12, 0.13, 0.05, 0.44, 0.18], [0])","([0, 0, 0, 0, 1, 0], [4])",-0.772,-0.0,-0.0,-0.0,-0.0,-0.0,-0.772,0.489916,1.5918960000000009,1.5355779999999992
94,"([0.08, 0.12, 0.13, 0.05, 0.44, 0.18], [5])","([0, 0, 0, 0, 1, 0], [4])",-0.0,-0.0,-0.0,-0.0,-0.0,-0.858,-0.858,0.489916,1.9599800000000007,1.5355779999999992
95,"([0.08, 0.12, 0.13, 0.05, 0.44, 0.18], [5])","([0, 0, 0, 0, 1, 0], [4])",-0.0,-0.0,-0.0,-0.0,-0.0,-0.858,-0.858,0.489916,2.328064000000001,1.5355779999999992
96,"([0.08, 0.12, 0.13, 0.05, 0.44, 0.18], [4])","([0, 0, 0, 0, 1, 0], [4])",-0.0,-0.0,-0.0,-0.0,-0.0,-0.0,0.0,0.489916,1.8381480000000008,1.5355779999999992
97,"([0.08, 0.12, 0.13, 0.05, 0.44, 0.18], [4])","([0, 0, 0, 0, 1, 0], [4])",-0.0,-0.0,-0.0,-0.0,-0.0,-0.0,0.0,0.489916,1.3482320000000008,1.5355779999999992
98,"([0.08, 0.12, 0.13, 0.05, 0.44, 0.18], [3])","([0, 0, 0, 0, 1, 0], [4])",-0.0,-0.0,-0.0,-0.758,-0.0,-0.0,-0.758,0.489916,1.6163160000000008,1.5355779999999992
99,"([0.08, 0.12, 0.13, 0.05, 0.44, 0.18], [4])","([0, 0, 0, 0, 1, 0], [4])",-0.0,-0.0,-0.0,-0.0,-0.0,-0.0,0.0,0.489916,1.1264000000000007,1.5355779999999992
100,"([0.08, 0.12, 0.13, 0.05, 0.44, 0.18], [4])","([0, 0, 0, 0, 1, 0], [4])",-0.0,-0.0,-0.0,-0.0,-0.0,-0.0,0.0,0.489916,0.6364840000000007,1.5355779999999992
101,"([0.08, 0.12, 0.13, 0.05, 0.44, 0.18], [1])","([0, 0, 0, 0, 1, 0], [4])",-0.0,-0.914,-0.0,-0.0,-0.0,-0.0,-0.914,0.489916,1.0605680000000008,1.5355779999999992
102,"([0.08, 0.12, 0.13, 0.05, 0.44, 0.18], [3])","([0, 0, 0, 0, 1, 0], [4])",-0.0,-0.0,-0.0,-0.758,-0.0,-0.0,-0.758,0.489916,1.3286520000000008,1.5355779999999992
103,"([0.08, 0.12, 0.13, 0.05, 0.44, 0.18], [1])","([0, 0, 0, 0, 1, 0], [4])",-0.0,-0.914,-0.0,-0.0,-0.0,-0.0,-0.914,0.489916,1.752736000000001,1.5355779999999992
104,"([0.08, 0.12, 0.13, 0.05, 0.44, 0.18], [4])","([0, 0, 0, 0, 1, 0], [4])",-0.0,-0.0,-0.0,-0.0,-0.0,-0.0,0.0,0.489916,1.262820000000001,1.5355779999999992
105,"([0.08, 0.12, 0.13, 0.05, 0.44, 0.18], [4])","([0, 0, 0, 0, 1, 0], [4])",-0.0,-0.0,-0.0,-0.0,-0.0,-0.0,0.0,0.489916,0.7729040000000009,1.5355779999999992
106,"([0.08, 0.12, 0.13, 0.05, 0.44, 0.18], [4])","([0, 0, 0, 0, 1, 0], [4])",-0.0,-0.0,-0.0,-0.0,-0.0,-0.0,0.0,0.489916,0.2829880000000009,1.5355779999999992
107,"([0.08, 0.12, 0.13, 0.05, 0.44, 0.18], [4])","([0, 0, 0, 0, 1, 0], [4])",-0.0,-0.0,-0.0,-0.0,-0.0,-0.0,0.0,0.489916,-0.2069279999999991,1.5355779999999992
108,"([0.08, 0.12, 0.13, 0.05, 0.44, 0.18], [4])","([0, 0, 0, 0, 1, 0], [4])",-0.0,-0.0,-0.0,-0.0,-0.0,-0.0,0.0,0.489916,-0.6968439999999991,1.5355779999999992
109,"([0.08, 0.12, 0.13, 0.05, 0.44, 0.18], [4])","([0, 0, 0, 0, 1, 0], [4])",-0.0,-0.0,-0.0,-0.0,-0.0,-0.0,0.0,0.489916,-1.1867599999999991,1.5355779999999992
110,"([0.08, 0.12, 0.13, 0.05, 0.44, 0.18], [4])","([0, 0, 0, 0, 1, 0], [4])",-0.0,-0.0,-0.0,-0.0,-0.0,-0.0,0.0,0.489916,-1.6766759999999992,1.5355779999999992
111,"([0.08, 0.12, 0.13, 0.05, 0.44, 0.18], [0])","([0, 0, 0, 0, 1, 0], [4])",-0.772,-0.0,-0.0,-0.0,-0.0,-0.0,-0.772,0.489916,-1.3945919999999992,1.5355779999999992
112,"([0.08, 0.12, 0.13, 0.05, 0.44, 0.18], [4])","([0, 0, 0, 0, 1, 0], [4])",-0.0,-0.0,-0.0,-0.0,-0.0,-0.0,0.0,0.489916,-1.8845079999999992,1.5355779999999992
113,"([0.08, 0.12, 0.13, 0.05, 0.44, 0.18], [4])","([0, 0, 0, 0, 1, 0], [4])",-0.0,-0.0,-0.0,-0.0,-0.0,-0.0,0.0,0.489916,-2.3744239999999994,1.5355779999999992
114,"([0.08, 0.12, 0.13, 0.05, 0.44, 0.18], [0])","([0, 0, 0, 0, 1, 0], [4])",-0.772,-0.0,-0.0,-0.0,-0.0,-0.0,-0.772,0.489916,-2.092339999999999,1.5355779999999992
115,"([0.08, 0.12, 0.13, 0.05, 0.44, 0.18], [5])","([0, 0, 0, 0, 1, 0], [4])",-0.0,-0.0,-0.0,-0.0,-0.0,-0.858,-0.858,0.489916,-1.7242559999999991,1.5355779999999992
116,"([0.08, 0.12, 0.13, 0.05, 0.44, 0.18], [4])","([0, 0, 0, 0, 1, 0], [4])",-0.0,-0.0,-0.0,-0.0,-0.0,-0.0,0.0,0.489916,-2.214171999999999,1.5355779999999992
117,"([0.08, 0.12, 0.13, 0.05, 0.44, 0.18], [4])","([0, 0, 0, 0, 1, 0], [4])",-0.0,-0.0,-0.0,-0.0,-0.0,-0.0,0.0,0.489916,-2.704087999999999,1.5355779999999992
118,"([0.08, 0.12, 0.13, 0.05, 0.44, 0.18], [4])","([0, 0, 0, 0, 1, 0], [4])",-0.0,-0.0,-0.0,-0.0,-0.0,-0.0,0.0,0.489916,-3.194003999999999,1.5355779999999992
119,"([0.08, 0.12, 0.13, 0.05, 0.44, 0.18], [2])","([0, 0, 0, 0, 1, 0], [4])",-0.0,-0.0,-0.94,-0.0,-0.0,-0.0,-0.94,0.489916,-2.7439199999999992,1.5355779999999992
120,"([0.08, 0.12, 0.13, 0.05, 0.44, 0.18], [4])","([0, 0, 0, 0, 1, 0], [4])",-0.0,-0.0,-0.0,-0.0,-0.0,-0.0,0.0,0.489916,-3.2338359999999993,1.5355779999999992
121,"([0.08, 0.12, 0.13, 0.05, 0.44, 0.18], [1])","([0, 0, 0, 0, 1, 0], [4])",-0.0,-0.914,-0.0,-0.0,-0.0,-0.0,-0.914,0.489916,-2.809751999999999,1.5355779999999992
122,"([0.08, 0.12, 0.13, 0.05, 0.44, 0.18], [2])","([0, 0, 0, 0, 1, 0], [4])",-0.0,-0.0,-0.94,-0.0,-0.0,-0.0,-0.94,0.489916,-2.359667999999999,1.5355779999999992
123,"([0.08, 0.12, 0.13, 0.05, 0.44, 0.18], [3])","([0, 0, 0, 0, 1, 0], [4])",-0.0,-0.0,-0.0,-0.758,-0.0,-0.0,-0.758,0.489916,-2.091583999999999,1.5355779999999992
124,"([0.08, 0.12, 0.13, 0.05, 0.44, 0.18], [4])","([0, 0, 0, 0, 1, 0], [4])",-0.0,-0.0,-0.0,-0.0,-0.0,-0.0,0.0,0.489916,-2.5814999999999992,1.5355779999999992
125,"([0.08, 0.12, 0.13, 0.05, 0.44, 0.18], [4])","([0, 0, 0, 0, 1, 0], [4])",-0.0,-0.0,-0.0,-0.0,-0.0,-0.0,0.0,0.489916,-3.0714159999999993,1.5355779999999992
126,"([0.08, 0.12, 0.13, 0.05, 0.44, 0.18], [5])","([0, 0, 0, 0, 1, 0], [4])",-0.0,-0.0,-0.0,-0.0,-0.0,-0.858,-0.858,0.489916,-2.703331999999999,1.5355779999999992
127,"([0.08, 0.12, 0.13, 0.05, 0.44, 0.18], [4])","([0, 0, 0, 0, 1, 0], [4])",-0.0,-0.0,-0.0,-0.0,-0.0,-0.0,0.0,0.489916,-3.193247999999999,1.5355779999999992
128,"([0.08, 0.12, 0.13, 0.05, 0.44, 0.18], [4])","([0, 0, 0, 0, 1, 0], [4])",-0.0,-0.0,-0.0,-0.0,-0.0,-0.0,0.0,0.489916,-3.683163999999999,1.5355779999999992
129,"([0.08, 0.12, 0.13, 0.05, 0.44, 0.18], [4])","([0, 0, 0, 0, 1, 0], [4])",-0.0,-0.0,-0.0,-0.0,-0.0,-0.0,0.0,0.489916,-4.173079999999999,1.5355779999999992
130,"([0.08, 0.12, 0.13, 0.05, 0.44, 0.18], [2])","([0, 0, 0, 0, 1, 0], [4])",-0.0,-0.0,-0.94,-0.0,-0.0,-0.0,-0.94,0.489916,-3.722995999999999,1.5355779999999992
131,"([0.08, 0.12, 0.13, 0.05, 0.44, 0.18], [0])","([0, 0, 0, 0, 1, 0], [4])",-0.772,-0.0,-0.0,-0.0,-0.0,-0.0,-0.772,0.489916,-3.440911999999999,1.5355779999999992
132,"([0.08, 0.12, 0.13, 0.05, 0.44, 0.18], [1])","([0, 0, 0, 0, 1, 0], [4])",-0.0,-0.914,-0.0,-0.0,-0.0,-0.0,-0.914,0.489916,-3.016827999999999,1.5355779999999992
133,"([0.08, 0.12, 0.13, 0.05, 0.44, 0.18], [4])","([0, 0, 0, 0, 1, 0], [4])",-0.0,-0.0,-0.0,-0.0,-0.0,-0.0,0.0,0.489916,-3.506743999999999,1.5355779999999992
134,"([0.08, 0.12, 0.13, 0.05, 0.44, 0.18], [1])","([0, 0, 0, 0, 1, 0], [4])",-0.0,-0.914,-0.0,-0.0,-0.0,-0.0,-0.914,0.489916,-3.082659999999999,1.5355779999999992
135,"([0.08, 0.12, 0.13, 0.05, 0.44, 0.18], [4])","([0, 0, 0, 0, 1, 0], [4])",-0.0,-0.0,-0.0,-0.0,-0.0,-0.0,0.0,0.489916,-3.572575999999999,1.5355779999999992
136,"([0.08, 0.12, 0.13, 0.05, 0.44, 0.18], [4])","([0, 0, 0, 0, 1, 0], [4])",-0.0,-0.0,-0.0,-0.0,-0.0,-0.0,0.0,0.489916,-4.062491999999999,1.5355779999999992
137,"([0.08, 0.12, 0.13, 0.05, 0.44, 0.18], [4])","([0, 0, 0, 0, 1, 0], [4])",-0.0,-0.0,-0.0,-0.0,-0.0,-0.0,0.0,0.489916,-4.552407999999999,1.5355779999999992
138,"([0.08, 0.12, 0.13, 0.05, 0.44, 0.18], [1])","([0, 0, 0, 0, 1, 0], [4])",-0.0,-0.914,-0.0,-0.0,-0.0,-0.0,-0.914,0.489916,-4.128323999999999,1.5355779999999992
139,"([0.08, 0.12, 0.13, 0.05, 0.44, 0.18], [1])","([0, 0, 0, 0, 1, 0], [4])",-0.0,-0.914,-0.0,-0.0,-0.0,-0.0,-0.914,0.489916,-3.704239999999999,1.5355779999999992
140,"([0.08, 0.12, 0.13, 0.05, 0.44, 0.18], [5])","([0, 0, 0, 0, 1, 0], [4])",-0.0,-0.0,-0.0,-0.0,-0.0,-0.858,-0.858,0.489916,-3.336155999999999,1.5355779999999992
141,"([0.08, 0.12, 0.13, 0.05, 0.44, 0.18], [5])","([0, 0, 0, 0, 1, 0], [4])",-0.0,-0.0,-0.0,-0.0,-0.0,-0.858,-0.858,0.489916,-2.968071999999999,1.5355779999999992
142,"([0.08, 0.12, 0.13, 0.05, 0.44, 0.18], [2])","([0, 0, 0, 0, 1, 0], [4])",-0.0,-0.0,-0.94,-0.0,-0.0,-0.0,-0.94,0.489916,-2.517987999999999,1.5355779999999992
143,"([0.08, 0.12, 0.13, 0.05, 0.44, 0.18], [2])","([0, 0, 0, 0, 1, 0], [4])",-0.0,-0.0,-0.94,-0.0,-0.0,-0.0,-0.94,0.489916,-2.067903999999999,1.5355779999999992
144,"([0.08, 0.12, 0.13, 0.05, 0.44, 0.18], [4])","([0, 0, 0, 0, 1, 0], [4])",-0.0,-0.0,-0.0,-0.0,-0.0,-0.0,0.0,0.489916,-2.557819999999999,1.5355779999999992
145,"([0.08, 0.12, 0.13, 0.05, 0.44, 0.18], [4])","([0, 0, 0, 0, 1, 0], [4])",-0.0,-0.0,-0.0,-0.0,-0.0,-0.0,0.0,0.489916,-3.047735999999999,1.5355779999999992
146,"([0.08, 0.12, 0.13, 0.05, 0.44, 0.18], [4])","([0, 0, 0, 0, 1, 0], [4])",-0.0,-0.0,-0.0,-0.0,-0.0,-0.0,0.0,0.489916,-3.537651999999999,1.5355779999999992
147,"([0.08, 0.12, 0.13, 0.05, 0.44, 0.18], [4])","([0, 0, 0, 0, 1, 0], [4])",-0.0,-0.0,-0.0,-0.0,-0.0,-0.0,0.0,0.489916,-4.027567999999999,1.5355779999999992
148,"([0.08, 0.12, 0.13, 0.05, 0.44, 0.18], [3])","([0, 0, 0, 0, 1, 0], [4])",-0.0,-0.0,-0.0,-0.758,-0.0,-0.0,-0.758,0.489916,-3.7594839999999987,1.5355779999999992
149,"([0.08, 0.12, 0.13, 0.05, 0.44, 0.18], [5])","([0, 0, 0, 0, 1, 0], [4])",-0.0,-0.0,-0.0,-0.0,-0.0,-0.858,-0.858,0.489916,-3.3913999999999986,1.5355779999999992
150,"([0.08, 0.12, 0.13, 0.05, 0.44, 0.18], [4])","([0, 0, 0, 0, 1, 0], [4])",-0.0,-0.0,-0.0,-0.0,-0.0,-0.0,0.0,0.489916,-3.8813159999999987,1.5355779999999992
151,"([0.08, 0.12, 0.13, 0.05, 0.44, 0.18], [1])","([0, 0, 0, 0, 1, 0], [4])",-0.0,-0.914,-0.0,-0.0,-0.0,-0.0,-0.914,0.489916,-3.4572319999999985,1.5355779999999992
152,"([0.08, 0.12, 0.13, 0.05, 0.44, 0.18], [4])","([0, 0, 0, 0, 1, 0], [4])",-0.0,-0.0,-0.0,-0.0,-0.0,-0.0,0.0,0.489916,-3.9471479999999985,1.5355779999999992
153,"([0.08, 0.12, 0.13, 0.05, 0.44, 0.18], [4])","([0, 0, 0, 0, 1, 0], [4])",-0.0,-0.0,-0.0,-0.0,-0.0,-0.0,0.0,0.489916,-4.437063999999999,1.5355779999999992
154,"([0.08, 0.12, 0.13, 0.05, 0.44, 0.18], [5])","([0, 0, 0, 0, 1, 0], [4])",-0.0,-0.0,-0.0,-0.0,-0.0,-0.858,-0.858,0.489916,-4.068979999999999,1.5355779999999992
155,"([0.08, 0.12, 0.13, 0.05, 0.44, 0.18], [5])","([0, 0, 0, 0, 1, 0], [4])",-0.0,-0.0,-0.0,-0.0,-0.0,-0.858,-0.858,0.489916,-3.700895999999999,1.5355779999999992
156,"([0.08, 0.12, 0.13, 0.05, 0.44, 0.18], [5])","([0, 0, 0, 0, 1, 0], [4])",-0.0,-0.0,-0.0,-0.0,-0.0,-0.858,-0.858,0.489916,-3.3328119999999988,1.5355779999999992
157,"([0.08, 0.12, 0.13, 0.05, 0.44, 0.18], [0])","([0, 0, 0, 0, 1, 0], [4])",-0.772,-0.0,-0.0,-0.0,-0.0,-0.0,-0.772,0.489916,-3.0507279999999986,1.5355779999999992
158,"([0.08, 0.12, 0.13, 0.05, 0.44, 0.18], [5])","([0, 0, 0, 0, 1, 0], [4])",-0.0,-0.0,-0.0,-0.0,-0.0,-0.858,-0.858,0.489916,-2.6826439999999985,1.5355779999999992
159,"([0.08, 0.12, 0.13, 0.05, 0.44, 0.18], [4])","([0, 0, 0, 0, 1, 0], [4])",-0.0,-0.0,-0.0,-0.0,-0.0,-0.0,0.0,0.489916,-3.1725599999999985,1.5355779999999992
160,"([0.08, 0.12, 0.13, 0.05, 0.44, 0.18], [0])","([0, 0, 0, 0, 1, 0], [4])",-0.772,-0.0,-0.0,-0.0,-0.0,-0.0,-0.772,0.489916,-2.8904759999999987,1.5355779999999992
161,"([0.08, 0.12, 0.13, 0.05, 0.44, 0.18], [4])","([0, 0, 0, 0, 1, 0], [4])",-0.0,-0.0,-0.0,-0.0,-0.0,-0.0,0.0,0.489916,-3.3803919999999987,1.5355779999999992
162,"([0.08, 0.12, 0.13, 0.05, 0.44, 0.18], [4])","([0, 0, 0, 0, 1, 0], [4])",-0.0,-0.0,-0.0,-0.0,-0.0,-0.0,0.0,0.489916,-3.8703079999999987,1.5355779999999992
163,"([0.08, 0.12, 0.13, 0.05, 0.44, 0.18], [4])","([0, 0, 0, 0, 1, 0], [4])",-0.0,-0.0,-0.0,-0.0,-0.0,-0.0,0.0,0.489916,-4.360223999999999,1.5355779999999992
164,"([0.08, 0.12, 0.13, 0.05, 0.44, 0.18], [4])","([0, 0, 0, 0, 1, 0], [4])",-0.0,-0.0,-0.0,-0.0,-0.0,-0.0,0.0,0.489916,-4.850139999999999,1.5355779999999992
165,"([0.08, 0.12, 0.13, 0.05, 0.44, 0.18], [4])","([0, 0, 0, 0, 1, 0], [4])",-0.0,-0.0,-0.0,-0.0,-0.0,-0.0,0.0,0.489916,-5.340055999999999,1.5355779999999992
166,"([0.08, 0.12, 0.13, 0.05, 0.44, 0.18], [4])","([0, 0, 0, 0, 1, 0], [4])",-0.0,-0.0,-0.0,-0.0,-0.0,-0.0,0.0,0.489916,-5.829971999999999,1.5355779999999992
167,"([0.08, 0.12, 0.13, 0.05, 0.44, 0.18], [3])","([0, 0, 0, 0, 1, 0], [4])",-0.0,-0.0,-0.0,-0.758,-0.0,-0.0,-0.758,0.489916,-5.561887999999999,1.5355779999999992
168,"([0.08, 0.12, 0.13, 0.05, 0.44, 0.18], [1])","([0, 0, 0, 0, 1, 0], [4])",-0.0,-0.914,-0.0,-0.0,-0.0,-0.0,-0.914,0.489916,-5.137803999999999,1.5355779999999992
169,"([0.08, 0.12, 0.13, 0.05, 0.44, 0.18], [4])","([0, 0, 0, 0, 1, 0], [4])",-0.0,-0.0,-0.0,-0.0,-0.0,-0.0,0.0,0.489916,-5.627719999999999,1.5355779999999992
170,"([0.08, 0.12, 0.13, 0.05, 0.44, 0.18], [5])","([0, 0, 0, 0, 1, 0], [4])",-0.0,-0.0,-0.0,-0.0,-0.0,-0.858,-0.858,0.489916,-5.2596359999999995,1.5355779999999992
171,"([0.08, 0.12, 0.13, 0.05, 0.44, 0.18], [4])","([0, 0, 0, 0, 1, 0], [4])",-0.0,-0.0,-0.0,-0.0,-0.0,-0.0,0.0,0.489916,-5.7495519999999996,1.5355779999999992
172,"([0.08, 0.12, 0.13, 0.05, 0.44, 0.18], [2])","([0, 0, 0, 0, 1, 0], [4])",-0.0,-0.0,-0.94,-0.0,-0.0,-0.0,-0.94,0.489916,-5.299467999999999,1.5355779999999992
173,"([0.08, 0.12, 0.13, 0.05, 0.44, 0.18], [5])","([0, 0, 0, 0, 1, 0], [4])",-0.0,-0.0,-0.0,-0.0,-0.0,-0.858,-0.858,0.489916,-4.9313839999999995,1.5355779999999992
174,"([0.08, 0.12, 0.13, 0.05, 0.44, 0.18], [1])","([0, 0, 0, 0, 1, 0], [4])",-0.0,-0.914,-0.0,-0.0,-0.0,-0.0,-0.914,0.489916,-4.5073,1.5355779999999992
175,"([0.08, 0.12, 0.13, 0.05, 0.44, 0.18], [4])","([0, 0, 0, 0, 1, 0], [4])",-0.0,-0.0,-0.0,-0.0,-0.0,-0.0,0.0,0.489916,-4.997216,1.5355779999999992
176,"([0.08, 0.12, 0.13, 0.05, 0.44, 0.18], [4])","([0, 0, 0, 0, 1, 0], [4])",-0.0,-0.0,-0.0,-0.0,-0.0,-0.0,0.0,0.489916,-5.487132,1.5355779999999992
177,"([0.08, 0.12, 0.13, 0.05, 0.44, 0.18], [4])","([0, 0, 0, 0, 1, 0], [4])",-0.0,-0.0,-0.0,-0.0,-0.0,-0.0,0.0,0.489916,-5.977048,1.5355779999999992
178,"([0.08, 0.12, 0.13, 0.05, 0.44, 0.18], [4])","([0, 0, 0, 0, 1, 0], [4])",-0.0,-0.0,-0.0,-0.0,-0.0,-0.0,0.0,0.489916,-6.466964,1.5355779999999992
179,"([0.08, 0.12, 0.13, 0.05, 0.44, 0.18], [1])","([0, 0, 0, 0, 1, 0], [4])",-0.0,-0.914,-0.0,-0.0,-0.0,-0.0,-0.914,0.489916,-6.04288,1.5355779999999992
180,"([0.08, 0.12, 0.13, 0.05, 0.44, 0.18], [4])","([0, 0, 0, 0, 1, 0], [4])",-0.0,-0.0,-0.0,-0.0,-0.0,-0.0,0.0,0.489916,-6.532796,1.5355779999999992
181,"([0.08, 0.12, 0.13, 0.05, 0.44, 0.18], [2])","([0, 0, 0, 0, 1, 0], [4])",-0.0,-0.0,-0.94,-0.0,-0.0,-0.0,-0.94,0.489916,-6.082712000000001,1.5355779999999992
182,"([0.08, 0.12, 0.13, 0.05, 0.44, 0.18], [3])","([0, 0, 0, 0, 1, 0], [4])",-0.0,-0.0,-0.0,-0.758,-0.0,-0.0,-0.758,0.489916,-5.814628000000001,1.5355779999999992
183,"([0.08, 0.12, 0.13, 0.05, 0.44, 0.18], [4])","([0, 0, 0, 0, 1, 0], [4])",-0.0,-0.0,-0.0,-0.0,-0.0,-0.0,0.0,0.489916,-6.304544000000001,1.5355779999999992
184,"([0.08, 0.12, 0.13, 0.05, 0.44, 0.18], [5])","([0, 0, 0, 0, 1, 0], [4])",-0.0,-0.0,-0.0,-0.0,-0.0,-0.858,-0.858,0.489916,-5.936460000000001,1.5355779999999992
185,"([0.08, 0.12, 0.13, 0.05, 0.44, 0.18], [4])","([0, 0, 0, 0, 1, 0], [4])",-0.0,-0.0,-0.0,-0.0,-0.0,-0.0,0.0,0.489916,-6.426376000000001,1.5355779999999992
186,"([0.08, 0.12, 0.13, 0.05, 0.44, 0.18], [1])","([0, 0, 0, 0, 1, 0], [4])",-0.0,-0.914,-0.0,-0.0,-0.0,-0.0,-0.914,0.489916,-6.0022920000000015,1.5355779999999992
187,"([0.08, 0.12, 0.13, 0.05, 0.44, 0.18], [2])","([0, 0, 0, 0, 1, 0], [4])",-0.0,-0.0,-0.94,-0.0,-0.0,-0.0,-0.94,0.489916,-5.552208000000002,1.5355779999999992
188,"([0.08, 0.12, 0.13, 0.05, 0.44, 0.18], [5])","([0, 0, 0, 0, 1, 0], [4])",-0.0,-0.0,-0.0,-0.0,-0.0,-0.858,-0.858,0.489916,-5.184124000000002,1.5355779999999992
189,"([0.08, 0.12, 0.13, 0.05, 0.44, 0.18], [4])","([0, 0, 0, 0, 1, 0], [4])",-0.0,-0.0,-0.0,-0.0,-0.0,-0.0,0.0,0.489916,-5.674040000000002,1.5355779999999992
190,"([0.08, 0.12, 0.13, 0.05, 0.44, 0.18], [0])","([0, 0, 0, 0, 1, 0], [4])",-0.772,-0.0,-0.0,-0.0,-0.0,-0.0,-0.772,0.489916,-5.391956000000002,1.5355779999999992
191,"([0.08, 0.12, 0.13, 0.05, 0.44, 0.18], [4])","([0, 0, 0, 0, 1, 0], [4])",-0.0,-0.0,-0.0,-0.0,-0.0,-0.0,0.0,0.489916,-5.881872000000002,1.5355779999999992
192,"([0.08, 0.12, 0.13, 0.05, 0.44, 0.18], [0])","([0, 0, 0, 0, 1, 0], [4])",-0.772,-0.0,-0.0,-0.0,-0.0,-0.0,-0.772,0.489916,-5.599788000000002,1.5355779999999992
193,"([0.08, 0.12, 0.13, 0.05, 0.44, 0.18], [4])","([0, 0, 0, 0, 1, 0], [4])",-0.0,-0.0,-0.0,-0.0,-0.0,-0.0,0.0,0.489916,-6.089704000000002,1.5355779999999992
194,"([0.08, 0.12, 0.13, 0.05, 0.44, 0.18], [5])","([0, 0, 0, 0, 1, 0], [4])",-0.0,-0.0,-0.0,-0.0,-0.0,-0.858,-0.858,0.489916,-5.721620000000002,1.5355779999999992
195,"([0.08, 0.12, 0.13, 0.05, 0.44, 0.18], [4])","([0, 0, 0, 0, 1, 0], [4])",-0.0,-0.0,-0.0,-0.0,-0.0,-0.0,0.0,0.489916,-6.211536000000002,1.5355779999999992
196,"([0.08, 0.12, 0.13, 0.05, 0.44, 0.18], [5])","([0, 0, 0, 0, 1, 0], [4])",-0.0,-0.0,-0.0,-0.0,-0.0,-0.858,-0.858,0.489916,-5.843452000000003,1.5355779999999992
197,"([0.08, 0.12, 0.13, 0.05, 0.44, 0.18], [4])","([0, 0, 0, 0, 1, 0], [4])",-0.0,-0.0,-0.0,-0.0,-0.0,-0.0,0.0,0.489916,-6.333368000000003,1.5355779999999992
198,"([0.08, 0.12, 0.13, 0.05, 0.44, 0.18], [4])","([0, 0, 0, 0, 1, 0], [4])",-0.0,-0.0,-0.0,-0.0,-0.0,-0.0,0.0,0.489916,-6.823284000000003,1.5355779999999992
199,"([0.08, 0.12, 0.13, 0.05, 0.44, 0.18], [5])","([0, 0, 0, 0, 1, 0], [4])",-0.0,-0.0,-0.0,-0.0,-0.0,-0.858,-0.858,0.489916,-6.455200000000003,1.5355779999999992
