,sto-1,FB-0,feedback target 0,feedback target 1,feedback target 2,feedback target 3,feedback target 4,feedback target 5,total,exp_loss,actual_regret,exp_regret
0,"([0.08, 0.12, 0.13, 0.05, 0.44, 0.18], [2])","([0, 0, 0, 0, 0, 1], [5])",-0.0,-0.0,-0.94,-0.0,-0.0,-0.0,-0.94,0.652026,0.45008399999999993,0.16210999999999998
1,"([0.08, 0.12, 0.13, 0.05, 0.44, 0.18], [4])","([0.11, 0.25, 0.27, 0.1, 0.06, 0.2], [2])",-0.0,-0.0,-0.0,-0.0,-0.728,-0.0,-0.728,0.6838404318181908,0.6881679999999999,0.3560344318181907
2,"([0.08, 0.12, 0.13, 0.05, 0.44, 0.18], [2])","([0.11, 0.25, 0.27, 0.1, 0.06, 0.2], [1])",-0.0,-0.0,-0.94,-0.0,-0.0,-0.0,-0.94,0.6838404318181908,1.1382519999999998,0.5499588636363815
3,"([0.08, 0.12, 0.13, 0.05, 0.44, 0.18], [4])","([0, 0, 1, 0, 0, 0], [2])",-0.0,-0.0,-0.0,-0.0,-0.728,-0.0,-0.728,0.683244,1.3763359999999998,0.7432868636363814
4,"([0.08, 0.12, 0.13, 0.05, 0.44, 0.18], [1])","([0, 0, 1, 0, 0, 0], [2])",-0.0,-0.914,-0.0,-0.0,-0.0,-0.0,-0.914,0.683244,1.80042,0.9366148636363814
5,"([0.08, 0.12, 0.13, 0.05, 0.44, 0.18], [4])","([0, 0, 1, 0, 0, 0], [2])",-0.0,-0.0,-0.0,-0.0,-0.728,-0.0,-0.728,0.683244,2.0385039999999996,1.1299428636363813
6,"([0.08, 0.12, 0.13, 0.05, 0.44, 0.18], [4])","([0, 0, 0, 0, 1, 0], [4])",-0.0,-0.0,-0.0,-0.0,-0.0,-0.0,0.0,0.489916,1.5485879999999996,1.1299428636363813
7,"([0.08, 0.12, 0.13, 0.05, 0.44, 0.18], [3])","([0, 0, 0, 0, 1, 0], [4])",-0.0,-0.0,-0.0,-0.758,-0.0,-0.0,-0.758,0.489916,1.8166719999999996,1.1299428636363813
8,"([0.08, 0.12, 0.13, 0.05, 0.44, 0.18], [4])","([0, 0, 0, 0, 1, 0], [4])",-0.0,-0.0,-0.0,-0.0,-0.0,-0.0,0.0,0.489916,1.3267559999999996,1.1299428636363813
9,"([0.08, 0.12, 0.13, 0.05, 0.44, 0.18], [4])","([0, 0, 0, 0, 1, 0], [4])",-0.0,-0.0,-0.0,-0.0,-0.0,-0.0,0.0,0.489916,0.8368399999999996,1.1299428636363813
10,"([0.08, 0.12, 0.13, 0.05, 0.44, 0.18], [2])","([0, 0, 0, 0, 1, 0], [4])",-0.0,-0.0,-0.94,-0.0,-0.0,-0.0,-0.94,0.489916,1.2869239999999995,1.1299428636363813
11,"([0.08, 0.12, 0.13, 0.05, 0.44, 0.18], [0])","([0, 0, 0, 0, 1, 0], [4])",-0.772,-0.0,-0.0,-0.0,-0.0,-0.0,-0.772,0.489916,1.5690079999999995,1.1299428636363813
12,"([0.08, 0.12, 0.13, 0.05, 0.44, 0.18], [2])","([0, 0, 0, 0, 1, 0], [4])",-0.0,-0.0,-0.94,-0.0,-0.0,-0.0,-0.94,0.489916,2.0190919999999997,1.1299428636363813
13,"([0.08, 0.12, 0.13, 0.05, 0.44, 0.18], [1])","([0, 0, 1, 0, 0, 0], [2])",-0.0,-0.914,-0.0,-0.0,-0.0,-0.0,-0.914,0.683244,2.443176,1.3232708636363812
14,"([0.08, 0.12, 0.13, 0.05, 0.44, 0.18], [4])","([0, 0, 1, 0, 0, 0], [2])",-0.0,-0.0,-0.0,-0.0,-0.728,-0.0,-0.728,0.683244,2.68126,1.5165988636363812
15,"([0.08, 0.12, 0.13, 0.05, 0.44, 0.18], [2])","([0, 0, 0, 0, 1, 0], [4])",-0.0,-0.0,-0.94,-0.0,-0.0,-0.0,-0.94,0.489916,3.131344,1.5165988636363812
16,"([0.08, 0.12, 0.13, 0.05, 0.44, 0.18], [4])","([0, 0, 1, 0, 0, 0], [2])",-0.0,-0.0,-0.0,-0.0,-0.728,-0.0,-0.728,0.683244,3.369428,1.7099268636363811
17,"([0.08, 0.12, 0.13, 0.05, 0.44, 0.18], [4])","([0, 0, 0, 0, 1, 0], [4])",-0.0,-0.0,-0.0,-0.0,-0.0,-0.0,0.0,0.489916,2.879512,1.7099268636363811
18,"([0.08, 0.12, 0.13, 0.05, 0.44, 0.18], [1])","([0, 0, 0, 0, 1, 0], [4])",-0.0,-0.914,-0.0,-0.0,-0.0,-0.0,-0.914,0.489916,3.303596,1.7099268636363811
19,"([0.08, 0.12, 0.13, 0.05, 0.44, 0.18], [4])","([0, 0, 0, 0, 1, 0], [4])",-0.0,-0.0,-0.0,-0.0,-0.0,-0.0,0.0,0.489916,2.81368,1.7099268636363811
20,"([0.08, 0.12, 0.13, 0.05, 0.44, 0.18], [1])","([0, 0, 0, 0, 1, 0], [4])",-0.0,-0.914,-0.0,-0.0,-0.0,-0.0,-0.914,0.489916,3.2377640000000003,1.7099268636363811
21,"([0.08, 0.12, 0.13, 0.05, 0.44, 0.18], [4])","([0, 0, 0, 0, 1, 0], [4])",-0.0,-0.0,-0.0,-0.0,-0.0,-0.0,0.0,0.489916,2.7478480000000003,1.7099268636363811
22,"([0.08, 0.12, 0.13, 0.05, 0.44, 0.18], [4])","([0, 0, 0, 0, 1, 0], [4])",-0.0,-0.0,-0.0,-0.0,-0.0,-0.0,0.0,0.489916,2.2579320000000003,1.7099268636363811
23,"([0.08, 0.12, 0.13, 0.05, 0.44, 0.18], [4])","([0, 0, 0, 0, 1, 0], [4])",-0.0,-0.0,-0.0,-0.0,-0.0,-0.0,0.0,0.489916,1.7680160000000003,1.7099268636363811
24,"([0.08, 0.12, 0.13, 0.05, 0.44, 0.18], [0])","([0, 0, 0, 0, 1, 0], [4])",-0.772,-0.0,-0.0,-0.0,-0.0,-0.0,-0.772,0.489916,2.0501000000000005,1.7099268636363811
25,"([0.08, 0.12, 0.13, 0.05, 0.44, 0.18], [5])","([0, 0, 0, 0, 1, 0], [4])",-0.0,-0.0,-0.0,-0.0,-0.0,-0.858,-0.858,0.489916,2.4181840000000006,1.7099268636363811
26,"([0.08, 0.12, 0.13, 0.05, 0.44, 0.18], [4])","([0, 0, 0, 0, 1, 0], [4])",-0.0,-0.0,-0.0,-0.0,-0.0,-0.0,0.0,0.489916,1.9282680000000005,1.7099268636363811
27,"([0.08, 0.12, 0.13, 0.05, 0.44, 0.18], [5])","([0, 0, 0, 0, 1, 0], [4])",-0.0,-0.0,-0.0,-0.0,-0.0,-0.858,-0.858,0.489916,2.2963520000000006,1.7099268636363811
28,"([0.08, 0.12, 0.13, 0.05, 0.44, 0.18], [5])","([0, 0, 0, 0, 1, 0], [4])",-0.0,-0.0,-0.0,-0.0,-0.0,-0.858,-0.858,0.489916,2.6644360000000007,1.7099268636363811
29,"([0.08, 0.12, 0.13, 0.05, 0.44, 0.18], [1])","([0, 0, 0, 0, 1, 0], [4])",-0.0,-0.914,-0.0,-0.0,-0.0,-0.0,-0.914,0.489916,3.088520000000001,1.7099268636363811
30,"([0.08, 0.12, 0.13, 0.05, 0.44, 0.18], [4])","([0, 0, 0, 0, 1, 0], [4])",-0.0,-0.0,-0.0,-0.0,-0.0,-0.0,0.0,0.489916,2.598604000000001,1.7099268636363811
31,"([0.08, 0.12, 0.13, 0.05, 0.44, 0.18], [5])","([0, 0, 0, 0, 1, 0], [4])",-0.0,-0.0,-0.0,-0.0,-0.0,-0.858,-0.858,0.489916,2.966688000000001,1.7099268636363811
32,"([0.08, 0.12, 0.13, 0.05, 0.44, 0.18], [5])","([0, 0, 0, 0, 1, 0], [4])",-0.0,-0.0,-0.0,-0.0,-0.0,-0.858,-0.858,0.489916,3.334772000000001,1.7099268636363811
33,"([0.08, 0.12, 0.13, 0.05, 0.44, 0.18], [2])","([0, 0, 0, 0, 1, 0], [4])",-0.0,-0.0,-0.94,-0.0,-0.0,-0.0,-0.94,0.489916,3.784856000000001,1.7099268636363811
34,"([0.08, 0.12, 0.13, 0.05, 0.44, 0.18], [2])","([0, 0, 0, 0, 1, 0], [4])",-0.0,-0.0,-0.94,-0.0,-0.0,-0.0,-0.94,0.489916,4.234940000000001,1.7099268636363811
35,"([0.08, 0.12, 0.13, 0.05, 0.44, 0.18], [4])","([0, 0, 0, 0, 1, 0], [4])",-0.0,-0.0,-0.0,-0.0,-0.0,-0.0,0.0,0.489916,3.745024000000001,1.7099268636363811
36,"([0.08, 0.12, 0.13, 0.05, 0.44, 0.18], [4])","([0, 0, 0, 0, 1, 0], [4])",-0.0,-0.0,-0.0,-0.0,-0.0,-0.0,0.0,0.489916,3.255108000000001,1.7099268636363811
37,"([0.08, 0.12, 0.13, 0.05, 0.44, 0.18], [2])","([0, 0, 0, 0, 1, 0], [4])",-0.0,-0.0,-0.94,-0.0,-0.0,-0.0,-0.94,0.489916,3.7051920000000007,1.7099268636363811
38,"([0.08, 0.12, 0.13, 0.05, 0.44, 0.18], [4])","([0, 0, 0, 0, 1, 0], [4])",-0.0,-0.0,-0.0,-0.0,-0.0,-0.0,0.0,0.489916,3.2152760000000007,1.7099268636363811
39,"([0.08, 0.12, 0.13, 0.05, 0.44, 0.18], [2])","([0, 0, 0, 0, 1, 0], [4])",-0.0,-0.0,-0.94,-0.0,-0.0,-0.0,-0.94,0.489916,3.6653600000000006,1.7099268636363811
40,"([0.08, 0.12, 0.13, 0.05, 0.44, 0.18], [1])","([0, 0, 0, 0, 1, 0], [4])",-0.0,-0.914,-0.0,-0.0,-0.0,-0.0,-0.914,0.489916,4.089444,1.7099268636363811
41,"([0.08, 0.12, 0.13, 0.05, 0.44, 0.18], [2])","([0, 0, 0, 0, 1, 0], [4])",-0.0,-0.0,-0.94,-0.0,-0.0,-0.0,-0.94,0.489916,4.539528000000001,1.7099268636363811
42,"([0.08, 0.12, 0.13, 0.05, 0.44, 0.18], [5])","([0, 0, 0, 0, 1, 0], [4])",-0.0,-0.0,-0.0,-0.0,-0.0,-0.858,-0.858,0.489916,4.907612,1.7099268636363811
43,"([0.08, 0.12, 0.13, 0.05, 0.44, 0.18], [0])","([0, 0, 0, 0, 1, 0], [4])",-0.772,-0.0,-0.0,-0.0,-0.0,-0.0,-0.772,0.489916,5.1896960000000005,1.7099268636363811
44,"([0.08, 0.12, 0.13, 0.05, 0.44, 0.18], [0])","([0, 0, 0, 0, 1, 0], [4])",-0.772,-0.0,-0.0,-0.0,-0.0,-0.0,-0.772,0.489916,5.471780000000001,1.7099268636363811
45,"([0.08, 0.12, 0.13, 0.05, 0.44, 0.18], [0])","([0, 0, 1, 0, 0, 0], [2])",-0.772,-0.0,-0.0,-0.0,-0.0,-0.0,-0.772,0.683244,5.753864000000001,1.903254863636381
46,"([0.08, 0.12, 0.13, 0.05, 0.44, 0.18], [4])","([0, 0, 1, 0, 0, 0], [2])",-0.0,-0.0,-0.0,-0.0,-0.728,-0.0,-0.728,0.683244,5.991948000000001,2.096582863636381
47,"([0.08, 0.12, 0.13, 0.05, 0.44, 0.18], [1])","([0, 0, 1, 0, 0, 0], [2])",-0.0,-0.914,-0.0,-0.0,-0.0,-0.0,-0.914,0.683244,6.416032,2.289910863636381
48,"([0.08, 0.12, 0.13, 0.05, 0.44, 0.18], [3])","([0, 0, 0, 0, 1, 0], [4])",-0.0,-0.0,-0.0,-0.758,-0.0,-0.0,-0.758,0.489916,6.684116,2.289910863636381
49,"([0.08, 0.12, 0.13, 0.05, 0.44, 0.18], [2])","([0, 0, 1, 0, 0, 0], [2])",-0.0,-0.0,-0.0,-0.0,-0.0,-0.0,0.0,0.683244,6.1942,2.483238863636381
50,"([0.08, 0.12, 0.13, 0.05, 0.44, 0.18], [4])","([0, 0, 1, 0, 0, 0], [2])",-0.0,-0.0,-0.0,-0.0,-0.728,-0.0,-0.728,0.683244,6.432284,2.6765668636363813
51,"([0.08, 0.12, 0.13, 0.05, 0.44, 0.18], [4])","([0, 0, 1, 0, 0, 0], [2])",-0.0,-0.0,-0.0,-0.0,-0.728,-0.0,-0.728,0.683244,6.670368,2.8698948636363815
52,"([0.08, 0.12, 0.13, 0.05, 0.44, 0.18], [4])","([0, 0, 1, 0, 0, 0], [2])",-0.0,-0.0,-0.0,-0.0,-0.728,-0.0,-0.728,0.683244,6.908452,3.0632228636363816
53,"([0.08, 0.12, 0.13, 0.05, 0.44, 0.18], [5])","([0, 0, 0, 0, 1, 0], [4])",-0.0,-0.0,-0.0,-0.0,-0.0,-0.858,-0.858,0.489916,7.276535999999999,3.0632228636363816
54,"([0.08, 0.12, 0.13, 0.05, 0.44, 0.18], [4])","([0, 0, 1, 0, 0, 0], [2])",-0.0,-0.0,-0.0,-0.0,-0.728,-0.0,-0.728,0.683244,7.514619999999999,3.256550863636382
55,"([0.08, 0.12, 0.13, 0.05, 0.44, 0.18], [4])","([0, 0, 1, 0, 0, 0], [2])",-0.0,-0.0,-0.0,-0.0,-0.728,-0.0,-0.728,0.683244,7.752703999999999,3.449878863636382
56,"([0.08, 0.12, 0.13, 0.05, 0.44, 0.18], [5])","([0, 0, 0, 0, 1, 0], [4])",-0.0,-0.0,-0.0,-0.0,-0.0,-0.858,-0.858,0.489916,8.120788,3.449878863636382
57,"([0.08, 0.12, 0.13, 0.05, 0.44, 0.18], [3])","([0, 0, 0, 0, 1, 0], [4])",-0.0,-0.0,-0.0,-0.758,-0.0,-0.0,-0.758,0.489916,8.388872,3.449878863636382
58,"([0.08, 0.12, 0.13, 0.05, 0.44, 0.18], [4])","([0, 0, 0, 0, 1, 0], [4])",-0.0,-0.0,-0.0,-0.0,-0.0,-0.0,0.0,0.489916,7.898955999999999,3.449878863636382
59,"([0.08, 0.12, 0.13, 0.05, 0.44, 0.18], [0])","([0, 0, 0, 0, 1, 0], [4])",-0.772,-0.0,-0.0,-0.0,-0.0,-0.0,-0.772,0.489916,8.18104,3.449878863636382
60,"([0.08, 0.12, 0.13, 0.05, 0.44, 0.18], [4])","([0, 0, 0, 0, 1, 0], [4])",-0.0,-0.0,-0.0,-0.0,-0.0,-0.0,0.0,0.489916,7.691123999999999,3.449878863636382
61,"([0.08, 0.12, 0.13, 0.05, 0.44, 0.18], [4])","([0, 0, 0, 0, 1, 0], [4])",-0.0,-0.0,-0.0,-0.0,-0.0,-0.0,0.0,0.489916,7.201207999999999,3.449878863636382
62,"([0.08, 0.12, 0.13, 0.05, 0.44, 0.18], [4])","([0, 0, 0, 0, 1, 0], [4])",-0.0,-0.0,-0.0,-0.0,-0.0,-0.0,0.0,0.489916,6.711291999999999,3.449878863636382
63,"([0.08, 0.12, 0.13, 0.05, 0.44, 0.18], [1])","([0, 0, 0, 0, 1, 0], [4])",-0.0,-0.914,-0.0,-0.0,-0.0,-0.0,-0.914,0.489916,7.135375999999999,3.449878863636382
64,"([0.08, 0.12, 0.13, 0.05, 0.44, 0.18], [4])","([0, 0, 0, 0, 1, 0], [4])",-0.0,-0.0,-0.0,-0.0,-0.0,-0.0,0.0,0.489916,6.645459999999999,3.449878863636382
65,"([0.08, 0.12, 0.13, 0.05, 0.44, 0.18], [1])","([0, 0, 0, 0, 1, 0], [4])",-0.0,-0.914,-0.0,-0.0,-0.0,-0.0,-0.914,0.489916,7.069543999999999,3.449878863636382
66,"([0.08, 0.12, 0.13, 0.05, 0.44, 0.18], [4])","([0, 0, 0, 0, 1, 0], [4])",-0.0,-0.0,-0.0,-0.0,-0.0,-0.0,0.0,0.489916,6.579627999999999,3.449878863636382
67,"([0.08, 0.12, 0.13, 0.05, 0.44, 0.18], [4])","([0, 0, 0, 0, 1, 0], [4])",-0.0,-0.0,-0.0,-0.0,-0.0,-0.0,0.0,0.489916,6.089711999999999,3.449878863636382
68,"([0.08, 0.12, 0.13, 0.05, 0.44, 0.18], [1])","([0, 0, 0, 0, 1, 0], [4])",-0.0,-0.914,-0.0,-0.0,-0.0,-0.0,-0.914,0.489916,6.513795999999998,3.449878863636382
69,"([0.08, 0.12, 0.13, 0.05, 0.44, 0.18], [4])","([0, 0, 0, 0, 1, 0], [4])",-0.0,-0.0,-0.0,-0.0,-0.0,-0.0,0.0,0.489916,6.023879999999998,3.449878863636382
70,"([0.08, 0.12, 0.13, 0.05, 0.44, 0.18], [5])","([0, 0, 0, 0, 1, 0], [4])",-0.0,-0.0,-0.0,-0.0,-0.0,-0.858,-0.858,0.489916,6.391963999999998,3.449878863636382
71,"([0.08, 0.12, 0.13, 0.05, 0.44, 0.18], [5])","([0, 0, 0, 0, 1, 0], [4])",-0.0,-0.0,-0.0,-0.0,-0.0,-0.858,-0.858,0.489916,6.760047999999998,3.449878863636382
72,"([0.08, 0.12, 0.13, 0.05, 0.44, 0.18], [4])","([0, 0, 0, 0, 1, 0], [4])",-0.0,-0.0,-0.0,-0.0,-0.0,-0.0,0.0,0.489916,6.270131999999998,3.449878863636382
73,"([0.08, 0.12, 0.13, 0.05, 0.44, 0.18], [5])","([0, 0, 0, 0, 1, 0], [4])",-0.0,-0.0,-0.0,-0.0,-0.0,-0.858,-0.858,0.489916,6.638215999999997,3.449878863636382
74,"([0.08, 0.12, 0.13, 0.05, 0.44, 0.18], [4])","([0, 0, 0, 0, 1, 0], [4])",-0.0,-0.0,-0.0,-0.0,-0.0,-0.0,0.0,0.489916,6.148299999999997,3.449878863636382
75,"([0.08, 0.12, 0.13, 0.05, 0.44, 0.18], [5])","([0, 0, 0, 0, 1, 0], [4])",-0.0,-0.0,-0.0,-0.0,-0.0,-0.858,-0.858,0.489916,6.516383999999997,3.449878863636382
76,"([0.08, 0.12, 0.13, 0.05, 0.44, 0.18], [4])","([0, 0, 0, 0, 1, 0], [4])",-0.0,-0.0,-0.0,-0.0,-0.0,-0.0,0.0,0.489916,6.026467999999997,3.449878863636382
77,"([0.08, 0.12, 0.13, 0.05, 0.44, 0.18], [4])","([0, 0, 0, 0, 1, 0], [4])",-0.0,-0.0,-0.0,-0.0,-0.0,-0.0,0.0,0.489916,5.536551999999997,3.449878863636382
78,"([0.08, 0.12, 0.13, 0.05, 0.44, 0.18], [4])","([0, 0, 0, 0, 1, 0], [4])",-0.0,-0.0,-0.0,-0.0,-0.0,-0.0,0.0,0.489916,5.046635999999997,3.449878863636382
79,"([0.08, 0.12, 0.13, 0.05, 0.44, 0.18], [2])","([0, 0, 0, 0, 1, 0], [4])",-0.0,-0.0,-0.94,-0.0,-0.0,-0.0,-0.94,0.489916,5.496719999999996,3.449878863636382
80,"([0.08, 0.12, 0.13, 0.05, 0.44, 0.18], [0])","([0, 0, 0, 0, 1, 0], [4])",-0.772,-0.0,-0.0,-0.0,-0.0,-0.0,-0.772,0.489916,5.7788039999999965,3.449878863636382
81,"([0.08, 0.12, 0.13, 0.05, 0.44, 0.18], [5])","([0, 0, 0, 0, 1, 0], [4])",-0.0,-0.0,-0.0,-0.0,-0.0,-0.858,-0.858,0.489916,6.146887999999996,3.449878863636382
82,"([0.08, 0.12, 0.13, 0.05, 0.44, 0.18], [2])","([0, 0, 0, 0, 1, 0], [4])",-0.0,-0.0,-0.94,-0.0,-0.0,-0.0,-0.94,0.489916,6.596971999999996,3.449878863636382
83,"([0.08, 0.12, 0.13, 0.05, 0.44, 0.18], [4])","([0, 0, 0, 0, 1, 0], [4])",-0.0,-0.0,-0.0,-0.0,-0.0,-0.0,0.0,0.489916,6.107055999999996,3.449878863636382
84,"([0.08, 0.12, 0.13, 0.05, 0.44, 0.18], [4])","([0, 0, 0, 0, 1, 0], [4])",-0.0,-0.0,-0.0,-0.0,-0.0,-0.0,0.0,0.489916,5.617139999999996,3.449878863636382
85,"([0.08, 0.12, 0.13, 0.05, 0.44, 0.18], [1])","([0, 0, 0, 0, 1, 0], [4])",-0.0,-0.914,-0.0,-0.0,-0.0,-0.0,-0.914,0.489916,6.041223999999995,3.449878863636382
86,"([0.08, 0.12, 0.13, 0.05, 0.44, 0.18], [2])","([0, 0, 0, 0, 1, 0], [4])",-0.0,-0.0,-0.94,-0.0,-0.0,-0.0,-0.94,0.489916,6.491307999999995,3.449878863636382
87,"([0.08, 0.12, 0.13, 0.05, 0.44, 0.18], [4])","([0, 0, 0, 0, 1, 0], [4])",-0.0,-0.0,-0.0,-0.0,-0.0,-0.0,0.0,0.489916,6.001391999999995,3.449878863636382
88,"([0.08, 0.12, 0.13, 0.05, 0.44, 0.18], [4])","([0, 0, 0, 0, 1, 0], [4])",-0.0,-0.0,-0.0,-0.0,-0.0,-0.0,0.0,0.489916,5.511475999999995,3.449878863636382
89,"([0.08, 0.12, 0.13, 0.05, 0.44, 0.18], [5])","([0, 0, 0, 0, 1, 0], [4])",-0.0,-0.0,-0.0,-0.0,-0.0,-0.858,-0.858,0.489916,5.879559999999994,3.449878863636382
90,"([0.08, 0.12, 0.13, 0.05, 0.44, 0.18], [1])","([0, 0, 0, 0, 1, 0], [4])",-0.0,-0.914,-0.0,-0.0,-0.0,-0.0,-0.914,0.489916,6.303643999999994,3.449878863636382
91,"([0.08, 0.12, 0.13, 0.05, 0.44, 0.18], [5])","([0, 0, 0, 0, 1, 0], [4])",-0.0,-0.0,-0.0,-0.0,-0.0,-0.858,-0.858,0.489916,6.671727999999994,3.449878863636382
92,"([0.08, 0.12, 0.13, 0.05, 0.44, 0.18], [1])","([0, 0, 0, 0, 1, 0], [4])",-0.0,-0.914,-0.0,-0.0,-0.0,-0.0,-0.914,0.489916,7.095811999999993,3.449878863636382
93,"([0.08, 0.12, 0.13, 0.05, 0.44, 0.18], [2])","([0, 0, 0, 0, 1, 0], [4])",-0.0,-0.0,-0.94,-0.0,-0.0,-0.0,-0.94,0.489916,7.545895999999994,3.449878863636382
94,"([0.08, 0.12, 0.13, 0.05, 0.44, 0.18], [5])","([0, 0, 0, 0, 1, 0], [4])",-0.0,-0.0,-0.0,-0.0,-0.0,-0.858,-0.858,0.489916,7.913979999999993,3.449878863636382
95,"([0.08, 0.12, 0.13, 0.05, 0.44, 0.18], [5])","([0, 0, 0, 0, 1, 0], [4])",-0.0,-0.0,-0.0,-0.0,-0.0,-0.858,-0.858,0.489916,8.282063999999993,3.449878863636382
96,"([0.08, 0.12, 0.13, 0.05, 0.44, 0.18], [2])","([0, 0, 0, 0, 1, 0], [4])",-0.0,-0.0,-0.94,-0.0,-0.0,-0.0,-0.94,0.489916,8.732147999999993,3.449878863636382
97,"([0.08, 0.12, 0.13, 0.05, 0.44, 0.18], [4])","([0, 0, 0, 0, 1, 0], [4])",-0.0,-0.0,-0.0,-0.0,-0.0,-0.0,0.0,0.489916,8.242231999999994,3.449878863636382
98,"([0.08, 0.12, 0.13, 0.05, 0.44, 0.18], [2])","([0, 0, 0, 0, 1, 0], [4])",-0.0,-0.0,-0.94,-0.0,-0.0,-0.0,-0.94,0.489916,8.692315999999995,3.449878863636382
99,"([0.08, 0.12, 0.13, 0.05, 0.44, 0.18], [5])","([0, 0, 0, 0, 1, 0], [4])",-0.0,-0.0,-0.0,-0.0,-0.0,-0.858,-0.858,0.489916,9.060399999999994,3.449878863636382
100,"([0.08, 0.12, 0.13, 0.05, 0.44, 0.18], [3])","([0, 0, 0, 0, 1, 0], [4])",-0.0,-0.0,-0.0,-0.758,-0.0,-0.0,-0.758,0.489916,9.328483999999994,3.449878863636382
101,"([0.08, 0.12, 0.13, 0.05, 0.44, 0.18], [5])","([0, 0, 0, 0, 1, 0], [4])",-0.0,-0.0,-0.0,-0.0,-0.0,-0.858,-0.858,0.489916,9.696567999999994,3.449878863636382
102,"([0.08, 0.12, 0.13, 0.05, 0.44, 0.18], [3])","([0, 0, 0, 0, 1, 0], [4])",-0.0,-0.0,-0.0,-0.758,-0.0,-0.0,-0.758,0.489916,9.964651999999994,3.449878863636382
103,"([0.08, 0.12, 0.13, 0.05, 0.44, 0.18], [4])","([0, 0, 0, 0, 1, 0], [4])",-0.0,-0.0,-0.0,-0.0,-0.0,-0.0,0.0,0.489916,9.474735999999993,3.449878863636382
104,"([0.08, 0.12, 0.13, 0.05, 0.44, 0.18], [4])","([0, 0, 0, 0, 1, 0], [4])",-0.0,-0.0,-0.0,-0.0,-0.0,-0.0,0.0,0.489916,8.984819999999992,3.449878863636382
105,"([0.08, 0.12, 0.13, 0.05, 0.44, 0.18], [4])","([0, 0, 0, 0, 1, 0], [4])",-0.0,-0.0,-0.0,-0.0,-0.0,-0.0,0.0,0.489916,8.494903999999991,3.449878863636382
106,"([0.08, 0.12, 0.13, 0.05, 0.44, 0.18], [5])","([0, 0, 0, 0, 1, 0], [4])",-0.0,-0.0,-0.0,-0.0,-0.0,-0.858,-0.858,0.489916,8.86298799999999,3.449878863636382
107,"([0.08, 0.12, 0.13, 0.05, 0.44, 0.18], [0])","([0, 0, 0, 0, 1, 0], [4])",-0.772,-0.0,-0.0,-0.0,-0.0,-0.0,-0.772,0.489916,9.14507199999999,3.449878863636382
108,"([0.08, 0.12, 0.13, 0.05, 0.44, 0.18], [4])","([0, 0, 0, 0, 1, 0], [4])",-0.0,-0.0,-0.0,-0.0,-0.0,-0.0,0.0,0.489916,8.655155999999991,3.449878863636382
109,"([0.08, 0.12, 0.13, 0.05, 0.44, 0.18], [5])","([0, 0, 0, 0, 1, 0], [4])",-0.0,-0.0,-0.0,-0.0,-0.0,-0.858,-0.858,0.489916,9.02323999999999,3.449878863636382
110,"([0.08, 0.12, 0.13, 0.05, 0.44, 0.18], [2])","([0, 0, 0, 0, 1, 0], [4])",-0.0,-0.0,-0.94,-0.0,-0.0,-0.0,-0.94,0.489916,9.473323999999991,3.449878863636382
111,"([0.08, 0.12, 0.13, 0.05, 0.44, 0.18], [5])","([0, 0, 0, 0, 1, 0], [4])",-0.0,-0.0,-0.0,-0.0,-0.0,-0.858,-0.858,0.489916,9.84140799999999,3.449878863636382
112,"([0.08, 0.12, 0.13, 0.05, 0.44, 0.18], [4])","([0, 0, 0, 0, 1, 0], [4])",-0.0,-0.0,-0.0,-0.0,-0.0,-0.0,0.0,0.489916,9.35149199999999,3.449878863636382
113,"([0.08, 0.12, 0.13, 0.05, 0.44, 0.18], [2])","([0, 0, 0, 0, 1, 0], [4])",-0.0,-0.0,-0.94,-0.0,-0.0,-0.0,-0.94,0.489916,9.80157599999999,3.449878863636382
114,"([0.08, 0.12, 0.13, 0.05, 0.44, 0.18], [2])","([0, 0, 0, 0, 1, 0], [4])",-0.0,-0.0,-0.94,-0.0,-0.0,-0.0,-0.94,0.489916,10.25165999999999,3.449878863636382
115,"([0.08, 0.12, 0.13, 0.05, 0.44, 0.18], [2])","([0, 0, 0, 0, 1, 0], [4])",-0.0,-0.0,-0.94,-0.0,-0.0,-0.0,-0.94,0.489916,10.70174399999999,3.449878863636382
116,"([0.08, 0.12, 0.13, 0.05, 0.44, 0.18], [4])","([0, 0, 0, 0, 1, 0], [4])",-0.0,-0.0,-0.0,-0.0,-0.0,-0.0,0.0,0.489916,10.21182799999999,3.449878863636382
117,"([0.08, 0.12, 0.13, 0.05, 0.44, 0.18], [5])","([0, 0, 0, 0, 1, 0], [4])",-0.0,-0.0,-0.0,-0.0,-0.0,-0.858,-0.858,0.489916,10.57991199999999,3.449878863636382
118,"([0.08, 0.12, 0.13, 0.05, 0.44, 0.18], [4])","([0, 0, 0, 0, 1, 0], [4])",-0.0,-0.0,-0.0,-0.0,-0.0,-0.0,0.0,0.489916,10.089995999999989,3.449878863636382
119,"([0.08, 0.12, 0.13, 0.05, 0.44, 0.18], [3])","([0, 0, 0, 0, 1, 0], [4])",-0.0,-0.0,-0.0,-0.758,-0.0,-0.0,-0.758,0.489916,10.358079999999989,3.449878863636382
120,"([0.08, 0.12, 0.13, 0.05, 0.44, 0.18], [4])","([0, 0, 0, 0, 1, 0], [4])",-0.0,-0.0,-0.0,-0.0,-0.0,-0.0,0.0,0.489916,9.86816399999999,3.449878863636382
121,"([0.08, 0.12, 0.13, 0.05, 0.44, 0.18], [5])","([0, 0, 0, 0, 1, 0], [4])",-0.0,-0.0,-0.0,-0.0,-0.0,-0.858,-0.858,0.489916,10.23624799999999,3.449878863636382
122,"([0.08, 0.12, 0.13, 0.05, 0.44, 0.18], [2])","([0, 0, 0, 0, 1, 0], [4])",-0.0,-0.0,-0.94,-0.0,-0.0,-0.0,-0.94,0.489916,10.68633199999999,3.449878863636382
123,"([0.08, 0.12, 0.13, 0.05, 0.44, 0.18], [2])","([0, 0, 0, 0, 1, 0], [4])",-0.0,-0.0,-0.94,-0.0,-0.0,-0.0,-0.94,0.489916,11.13641599999999,3.449878863636382
124,"([0.08, 0.12, 0.13, 0.05, 0.44, 0.18], [4])","([0, 0, 0, 0, 1, 0], [4])",-0.0,-0.0,-0.0,-0.0,-0.0,-0.0,0.0,0.489916,10.646499999999989,3.449878863636382
125,"([0.08, 0.12, 0.13, 0.05, 0.44, 0.18], [0])","([0, 0, 0, 0, 1, 0], [4])",-0.772,-0.0,-0.0,-0.0,-0.0,-0.0,-0.772,0.489916,10.928583999999988,3.449878863636382
126,"([0.08, 0.12, 0.13, 0.05, 0.44, 0.18], [2])","([0, 0, 0, 0, 1, 0], [4])",-0.0,-0.0,-0.94,-0.0,-0.0,-0.0,-0.94,0.489916,11.378667999999989,3.449878863636382
127,"([0.08, 0.12, 0.13, 0.05, 0.44, 0.18], [5])","([0, 0, 0, 0, 1, 0], [4])",-0.0,-0.0,-0.0,-0.0,-0.0,-0.858,-0.858,0.489916,11.746751999999988,3.449878863636382
128,"([0.08, 0.12, 0.13, 0.05, 0.44, 0.18], [4])","([0, 0, 0, 0, 1, 0], [4])",-0.0,-0.0,-0.0,-0.0,-0.0,-0.0,0.0,0.489916,11.25683599999999,3.449878863636382
129,"([0.08, 0.12, 0.13, 0.05, 0.44, 0.18], [1])","([0, 0, 0, 0, 1, 0], [4])",-0.0,-0.914,-0.0,-0.0,-0.0,-0.0,-0.914,0.489916,11.68091999999999,3.449878863636382
130,"([0.08, 0.12, 0.13, 0.05, 0.44, 0.18], [5])","([0, 0, 0, 0, 1, 0], [4])",-0.0,-0.0,-0.0,-0.0,-0.0,-0.858,-0.858,0.489916,12.04900399999999,3.449878863636382
131,"([0.08, 0.12, 0.13, 0.05, 0.44, 0.18], [4])","([0, 0, 0, 0, 1, 0], [4])",-0.0,-0.0,-0.0,-0.0,-0.0,-0.0,0.0,0.489916,11.559087999999988,3.449878863636382
132,"([0.08, 0.12, 0.13, 0.05, 0.44, 0.18], [4])","([0, 0, 0, 0, 1, 0], [4])",-0.0,-0.0,-0.0,-0.0,-0.0,-0.0,0.0,0.489916,11.069171999999988,3.449878863636382
133,"([0.08, 0.12, 0.13, 0.05, 0.44, 0.18], [2])","([0, 0, 0, 0, 1, 0], [4])",-0.0,-0.0,-0.94,-0.0,-0.0,-0.0,-0.94,0.489916,11.519255999999988,3.449878863636382
134,"([0.08, 0.12, 0.13, 0.05, 0.44, 0.18], [4])","([0, 0, 0, 0, 1, 0], [4])",-0.0,-0.0,-0.0,-0.0,-0.0,-0.0,0.0,0.489916,11.029339999999987,3.449878863636382
135,"([0.08, 0.12, 0.13, 0.05, 0.44, 0.18], [5])","([0, 0, 0, 0, 1, 0], [4])",-0.0,-0.0,-0.0,-0.0,-0.0,-0.858,-0.858,0.489916,11.397423999999987,3.449878863636382
136,"([0.08, 0.12, 0.13, 0.05, 0.44, 0.18], [1])","([0, 0, 0, 0, 1, 0], [4])",-0.0,-0.914,-0.0,-0.0,-0.0,-0.0,-0.914,0.489916,11.821507999999987,3.449878863636382
137,"([0.08, 0.12, 0.13, 0.05, 0.44, 0.18], [0])","([0, 0, 0, 0, 1, 0], [4])",-0.772,-0.0,-0.0,-0.0,-0.0,-0.0,-0.772,0.489916,12.103591999999987,3.449878863636382
138,"([0.08, 0.12, 0.13, 0.05, 0.44, 0.18], [4])","([0, 0, 0, 0, 1, 0], [4])",-0.0,-0.0,-0.0,-0.0,-0.0,-0.0,0.0,0.489916,11.613675999999987,3.449878863636382
139,"([0.08, 0.12, 0.13, 0.05, 0.44, 0.18], [4])","([0, 0, 0, 0, 1, 0], [4])",-0.0,-0.0,-0.0,-0.0,-0.0,-0.0,0.0,0.489916,11.123759999999987,3.449878863636382
140,"([0.08, 0.12, 0.13, 0.05, 0.44, 0.18], [0])","([0, 0, 0, 0, 1, 0], [4])",-0.772,-0.0,-0.0,-0.0,-0.0,-0.0,-0.772,0.489916,11.405843999999986,3.449878863636382
141,"([0.08, 0.12, 0.13, 0.05, 0.44, 0.18], [2])","([0, 0, 0, 0, 1, 0], [4])",-0.0,-0.0,-0.94,-0.0,-0.0,-0.0,-0.94,0.489916,11.855927999999986,3.449878863636382
142,"([0.08, 0.12, 0.13, 0.05, 0.44, 0.18], [4])","([0, 0, 0, 0, 1, 0], [4])",-0.0,-0.0,-0.0,-0.0,-0.0,-0.0,0.0,0.489916,11.366011999999987,3.449878863636382
143,"([0.08, 0.12, 0.13, 0.05, 0.44, 0.18], [3])","([0, 0, 0, 0, 1, 0], [4])",-0.0,-0.0,-0.0,-0.758,-0.0,-0.0,-0.758,0.489916,11.634095999999987,3.449878863636382
144,"([0.08, 0.12, 0.13, 0.05, 0.44, 0.18], [0])","([0, 0, 0, 0, 1, 0], [4])",-0.772,-0.0,-0.0,-0.0,-0.0,-0.0,-0.772,0.489916,11.916179999999986,3.449878863636382
145,"([0.08, 0.12, 0.13, 0.05, 0.44, 0.18], [4])","([0, 0, 0, 0, 1, 0], [4])",-0.0,-0.0,-0.0,-0.0,-0.0,-0.0,0.0,0.489916,11.426263999999986,3.449878863636382
146,"([0.08, 0.12, 0.13, 0.05, 0.44, 0.18], [2])","([0, 0, 0, 0, 1, 0], [4])",-0.0,-0.0,-0.94,-0.0,-0.0,-0.0,-0.94,0.489916,11.876347999999986,3.449878863636382
147,"([0.08, 0.12, 0.13, 0.05, 0.44, 0.18], [1])","([0, 0, 0, 0, 1, 0], [4])",-0.0,-0.914,-0.0,-0.0,-0.0,-0.0,-0.914,0.489916,12.300431999999986,3.449878863636382
148,"([0.08, 0.12, 0.13, 0.05, 0.44, 0.18], [5])","([0, 0, 0, 0, 1, 0], [4])",-0.0,-0.0,-0.0,-0.0,-0.0,-0.858,-0.858,0.489916,12.668515999999986,3.449878863636382
149,"([0.08, 0.12, 0.13, 0.05, 0.44, 0.18], [4])","([0, 0, 0, 0, 1, 0], [4])",-0.0,-0.0,-0.0,-0.0,-0.0,-0.0,0.0,0.489916,12.178599999999985,3.449878863636382
150,"([0.08, 0.12, 0.13, 0.05, 0.44, 0.18], [5])","([0, 0, 0, 0, 1, 0], [4])",-0.0,-0.0,-0.0,-0.0,-0.0,-0.858,-0.858,0.489916,12.546683999999985,3.449878863636382
151,"([0.08, 0.12, 0.13, 0.05, 0.44, 0.18], [1])","([0, 0, 0, 0, 1, 0], [4])",-0.0,-0.914,-0.0,-0.0,-0.0,-0.0,-0.914,0.489916,12.970767999999985,3.449878863636382
152,"([0.08, 0.12, 0.13, 0.05, 0.44, 0.18], [4])","([0, 0, 0, 0, 1, 0], [4])",-0.0,-0.0,-0.0,-0.0,-0.0,-0.0,0.0,0.489916,12.480851999999985,3.449878863636382
153,"([0.08, 0.12, 0.13, 0.05, 0.44, 0.18], [1])","([0, 0, 0, 0, 1, 0], [4])",-0.0,-0.914,-0.0,-0.0,-0.0,-0.0,-0.914,0.489916,12.904935999999985,3.449878863636382
154,"([0.08, 0.12, 0.13, 0.05, 0.44, 0.18], [4])","([0, 0, 0, 0, 1, 0], [4])",-0.0,-0.0,-0.0,-0.0,-0.0,-0.0,0.0,0.489916,12.415019999999984,3.449878863636382
155,"([0.08, 0.12, 0.13, 0.05, 0.44, 0.18], [1])","([0, 0, 0, 0, 1, 0], [4])",-0.0,-0.914,-0.0,-0.0,-0.0,-0.0,-0.914,0.489916,12.839103999999985,3.449878863636382
156,"([0.08, 0.12, 0.13, 0.05, 0.44, 0.18], [4])","([0, 0, 0, 0, 1, 0], [4])",-0.0,-0.0,-0.0,-0.0,-0.0,-0.0,0.0,0.489916,12.349187999999984,3.449878863636382
157,"([0.08, 0.12, 0.13, 0.05, 0.44, 0.18], [5])","([0, 0, 0, 0, 1, 0], [4])",-0.0,-0.0,-0.0,-0.0,-0.0,-0.858,-0.858,0.489916,12.717271999999983,3.449878863636382
158,"([0.08, 0.12, 0.13, 0.05, 0.44, 0.18], [4])","([0, 0, 0, 0, 1, 0], [4])",-0.0,-0.0,-0.0,-0.0,-0.0,-0.0,0.0,0.489916,12.227355999999983,3.449878863636382
159,"([0.08, 0.12, 0.13, 0.05, 0.44, 0.18], [2])","([0, 0, 0, 0, 1, 0], [4])",-0.0,-0.0,-0.94,-0.0,-0.0,-0.0,-0.94,0.489916,12.677439999999983,3.449878863636382
160,"([0.08, 0.12, 0.13, 0.05, 0.44, 0.18], [1])","([0, 0, 0, 0, 1, 0], [4])",-0.0,-0.914,-0.0,-0.0,-0.0,-0.0,-0.914,0.489916,13.101523999999984,3.449878863636382
161,"([0.08, 0.12, 0.13, 0.05, 0.44, 0.18], [0])","([0, 0, 0, 0, 1, 0], [4])",-0.772,-0.0,-0.0,-0.0,-0.0,-0.0,-0.772,0.489916,13.383607999999983,3.449878863636382
162,"([0.08, 0.12, 0.13, 0.05, 0.44, 0.18], [5])","([0, 0, 0, 0, 1, 0], [4])",-0.0,-0.0,-0.0,-0.0,-0.0,-0.858,-0.858,0.489916,13.751691999999982,3.449878863636382
163,"([0.08, 0.12, 0.13, 0.05, 0.44, 0.18], [5])","([0, 0, 0, 0, 1, 0], [4])",-0.0,-0.0,-0.0,-0.0,-0.0,-0.858,-0.858,0.489916,14.119775999999982,3.449878863636382
164,"([0.08, 0.12, 0.13, 0.05, 0.44, 0.18], [4])","([0, 0, 0, 0, 1, 0], [4])",-0.0,-0.0,-0.0,-0.0,-0.0,-0.0,0.0,0.489916,13.629859999999983,3.449878863636382
165,"([0.08, 0.12, 0.13, 0.05, 0.44, 0.18], [4])","([0, 0, 0, 0, 1, 0], [4])",-0.0,-0.0,-0.0,-0.0,-0.0,-0.0,0.0,0.489916,13.139943999999982,3.449878863636382
166,"([0.08, 0.12, 0.13, 0.05, 0.44, 0.18], [4])","([0, 0, 0, 0, 1, 0], [4])",-0.0,-0.0,-0.0,-0.0,-0.0,-0.0,0.0,0.489916,12.650027999999981,3.449878863636382
167,"([0.08, 0.12, 0.13, 0.05, 0.44, 0.18], [4])","([0, 0, 0, 0, 1, 0], [4])",-0.0,-0.0,-0.0,-0.0,-0.0,-0.0,0.0,0.489916,12.16011199999998,3.449878863636382
168,"([0.08, 0.12, 0.13, 0.05, 0.44, 0.18], [2])","([0, 0, 0, 0, 1, 0], [4])",-0.0,-0.0,-0.94,-0.0,-0.0,-0.0,-0.94,0.489916,12.61019599999998,3.449878863636382
169,"([0.08, 0.12, 0.13, 0.05, 0.44, 0.18], [1])","([0, 0, 0, 0, 1, 0], [4])",-0.0,-0.914,-0.0,-0.0,-0.0,-0.0,-0.914,0.489916,13.034279999999981,3.449878863636382
170,"([0.08, 0.12, 0.13, 0.05, 0.44, 0.18], [4])","([0, 0, 0, 0, 1, 0], [4])",-0.0,-0.0,-0.0,-0.0,-0.0,-0.0,0.0,0.489916,12.54436399999998,3.449878863636382
171,"([0.08, 0.12, 0.13, 0.05, 0.44, 0.18], [4])","([0, 0, 0, 0, 1, 0], [4])",-0.0,-0.0,-0.0,-0.0,-0.0,-0.0,0.0,0.489916,12.05444799999998,3.449878863636382
172,"([0.08, 0.12, 0.13, 0.05, 0.44, 0.18], [4])","([0, 0, 0, 0, 1, 0], [4])",-0.0,-0.0,-0.0,-0.0,-0.0,-0.0,0.0,0.489916,11.564531999999978,3.449878863636382
173,"([0.08, 0.12, 0.13, 0.05, 0.44, 0.18], [4])","([0, 0, 0, 0, 1, 0], [4])",-0.0,-0.0,-0.0,-0.0,-0.0,-0.0,0.0,0.489916,11.074615999999978,3.449878863636382
174,"([0.08, 0.12, 0.13, 0.05, 0.44, 0.18], [5])","([0, 0, 0, 0, 1, 0], [4])",-0.0,-0.0,-0.0,-0.0,-0.0,-0.858,-0.858,0.489916,11.442699999999977,3.449878863636382
175,"([0.08, 0.12, 0.13, 0.05, 0.44, 0.18], [4])","([0, 0, 0, 0, 1, 0], [4])",-0.0,-0.0,-0.0,-0.0,-0.0,-0.0,0.0,0.489916,10.952783999999976,3.449878863636382
176,"([0.08, 0.12, 0.13, 0.05, 0.44, 0.18], [4])","([0, 0, 0, 0, 1, 0], [4])",-0.0,-0.0,-0.0,-0.0,-0.0,-0.0,0.0,0.489916,10.462867999999975,3.449878863636382
177,"([0.08, 0.12, 0.13, 0.05, 0.44, 0.18], [5])","([0, 0, 0, 0, 1, 0], [4])",-0.0,-0.0,-0.0,-0.0,-0.0,-0.858,-0.858,0.489916,10.830951999999975,3.449878863636382
178,"([0.08, 0.12, 0.13, 0.05, 0.44, 0.18], [1])","([0, 0, 0, 0, 1, 0], [4])",-0.0,-0.914,-0.0,-0.0,-0.0,-0.0,-0.914,0.489916,11.255035999999976,3.449878863636382
179,"([0.08, 0.12, 0.13, 0.05, 0.44, 0.18], [0])","([0, 0, 0, 0, 1, 0], [4])",-0.772,-0.0,-0.0,-0.0,-0.0,-0.0,-0.772,0.489916,11.537119999999975,3.449878863636382
180,"([0.08, 0.12, 0.13, 0.05, 0.44, 0.18], [3])","([0, 0, 0, 0, 1, 0], [4])",-0.0,-0.0,-0.0,-0.758,-0.0,-0.0,-0.758,0.489916,11.805203999999975,3.449878863636382
181,"([0.08, 0.12, 0.13, 0.05, 0.44, 0.18], [2])","([0, 0, 0, 0, 1, 0], [4])",-0.0,-0.0,-0.94,-0.0,-0.0,-0.0,-0.94,0.489916,12.255287999999975,3.449878863636382
182,"([0.08, 0.12, 0.13, 0.05, 0.44, 0.18], [0])","([0, 0, 0, 0, 1, 0], [4])",-0.772,-0.0,-0.0,-0.0,-0.0,-0.0,-0.772,0.489916,12.537371999999975,3.449878863636382
183,"([0.08, 0.12, 0.13, 0.05, 0.44, 0.18], [4])","([0, 0, 0, 0, 1, 0], [4])",-0.0,-0.0,-0.0,-0.0,-0.0,-0.0,0.0,0.489916,12.047455999999976,3.449878863636382
184,"([0.08, 0.12, 0.13, 0.05, 0.44, 0.18], [4])","([0, 0, 0, 0, 1, 0], [4])",-0.0,-0.0,-0.0,-0.0,-0.0,-0.0,0.0,0.489916,11.557539999999975,3.449878863636382
185,"([0.08, 0.12, 0.13, 0.05, 0.44, 0.18], [5])","([0, 0, 0, 0, 1, 0], [4])",-0.0,-0.0,-0.0,-0.0,-0.0,-0.858,-0.858,0.489916,11.925623999999974,3.449878863636382
186,"([0.08, 0.12, 0.13, 0.05, 0.44, 0.18], [4])","([0, 0, 0, 0, 1, 0], [4])",-0.0,-0.0,-0.0,-0.0,-0.0,-0.0,0.0,0.489916,11.435707999999973,3.449878863636382
187,"([0.08, 0.12, 0.13, 0.05, 0.44, 0.18], [4])","([0, 0, 0, 0, 1, 0], [4])",-0.0,-0.0,-0.0,-0.0,-0.0,-0.0,0.0,0.489916,10.945791999999972,3.449878863636382
188,"([0.08, 0.12, 0.13, 0.05, 0.44, 0.18], [1])","([0, 0, 0, 0, 1, 0], [4])",-0.0,-0.914,-0.0,-0.0,-0.0,-0.0,-0.914,0.489916,11.369875999999973,3.449878863636382
189,"([0.08, 0.12, 0.13, 0.05, 0.44, 0.18], [4])","([0, 0, 0, 0, 1, 0], [4])",-0.0,-0.0,-0.0,-0.0,-0.0,-0.0,0.0,0.489916,10.879959999999972,3.449878863636382
190,"([0.08, 0.12, 0.13, 0.05, 0.44, 0.18], [4])","([0, 0, 0, 0, 1, 0], [4])",-0.0,-0.0,-0.0,-0.0,-0.0,-0.0,0.0,0.489916,10.390043999999971,3.449878863636382
191,"([0.08, 0.12, 0.13, 0.05, 0.44, 0.18], [5])","([0, 0, 0, 0, 1, 0], [4])",-0.0,-0.0,-0.0,-0.0,-0.0,-0.858,-0.858,0.489916,10.75812799999997,3.449878863636382
192,"([0.08, 0.12, 0.13, 0.05, 0.44, 0.18], [5])","([0, 0, 0, 0, 1, 0], [4])",-0.0,-0.0,-0.0,-0.0,-0.0,-0.858,-0.858,0.489916,11.12621199999997,3.449878863636382
193,"([0.08, 0.12, 0.13, 0.05, 0.44, 0.18], [5])","([0, 0, 0, 0, 1, 0], [4])",-0.0,-0.0,-0.0,-0.0,-0.0,-0.858,-0.858,0.489916,11.49429599999997,3.449878863636382
194,"([0.08, 0.12, 0.13, 0.05, 0.44, 0.18], [4])","([0, 0, 0, 0, 1, 0], [4])",-0.0,-0.0,-0.0,-0.0,-0.0,-0.0,0.0,0.489916,11.00437999999997,3.449878863636382
195,"([0.08, 0.12, 0.13, 0.05, 0.44, 0.18], [1])","([0, 0, 0, 0, 1, 0], [4])",-0.0,-0.914,-0.0,-0.0,-0.0,-0.0,-0.914,0.489916,11.42846399999997,3.449878863636382
196,"([0.08, 0.12, 0.13, 0.05, 0.44, 0.18], [4])","([0, 0, 0, 0, 1, 0], [4])",-0.0,-0.0,-0.0,-0.0,-0.0,-0.0,0.0,0.489916,10.938547999999969,3.449878863636382
197,"([0.08, 0.12, 0.13, 0.05, 0.44, 0.18], [3])","([0, 0, 0, 0, 1, 0], [4])",-0.0,-0.0,-0.0,-0.758,-0.0,-0.0,-0.758,0.489916,11.206631999999969,3.449878863636382
198,"([0.08, 0.12, 0.13, 0.05, 0.44, 0.18], [5])","([0, 0, 0, 0, 1, 0], [4])",-0.0,-0.0,-0.0,-0.0,-0.0,-0.858,-0.858,0.489916,11.574715999999968,3.449878863636382
199,"([0.08, 0.12, 0.13, 0.05, 0.44, 0.18], [5])","([0, 0, 0, 0, 1, 0], [4])",-0.0,-0.0,-0.0,-0.0,-0.0,-0.858,-0.858,0.489916,11.942799999999968,3.449878863636382
