,sto-1,FB-0,feedback target 0,feedback target 1,feedback target 2,feedback target 3,feedback target 4,feedback target 5,total,exp_loss,actual_regret,exp_regret
0,"([0.08, 0.12, 0.13, 0.05, 0.44, 0.18], [4])","([0, 0, 0, 0, 1, 0], [4])",-0.0,-0.0,-0.0,-0.0,-0.0,-0.0,0.0,0.489916,-0.489916,0.0
1,"([0.08, 0.12, 0.13, 0.05, 0.44, 0.18], [3])","([0, 0, 0, 0, 1, 0], [4])",-0.0,-0.0,-0.0,-0.758,-0.0,-0.0,-0.758,0.489916,-0.22183200000000003,0.0
2,"([0.08, 0.12, 0.13, 0.05, 0.44, 0.18], [0])","([0, 0, 0, 0, 1, 0], [4])",-0.772,-0.0,-0.0,-0.0,-0.0,-0.0,-0.772,0.489916,0.06025199999999997,0.0
3,"([0.08, 0.12, 0.13, 0.05, 0.44, 0.18], [5])","([0, 0, 0, 0, 1, 0], [4])",-0.0,-0.0,-0.0,-0.0,-0.0,-0.858,-0.858,0.489916,0.42833599999999994,0.0
4,"([0.08, 0.12, 0.13, 0.05, 0.44, 0.18], [1])","([0, 0, 0, 0, 1, 0], [4])",-0.0,-0.914,-0.0,-0.0,-0.0,-0.0,-0.914,0.489916,0.85242,0.0
5,"([0.08, 0.12, 0.13, 0.05, 0.44, 0.18], [4])","([0, 1, 0, 0, 0, 0], [1])",-0.0,-0.0,-0.0,-0.0,-0.728,-0.0,-0.728,0.6949019999999999,1.090504,0.2049859999999999
6,"([0.08, 0.12, 0.13, 0.05, 0.44, 0.18], [4])","([0, 0, 0, 0, 1, 0], [4])",-0.0,-0.0,-0.0,-0.0,-0.0,-0.0,0.0,0.489916,0.6005879999999999,0.2049859999999999
7,"([0.08, 0.12, 0.13, 0.05, 0.44, 0.18], [4])","([0, 0, 0, 0, 1, 0], [4])",-0.0,-0.0,-0.0,-0.0,-0.0,-0.0,0.0,0.489916,0.11067199999999988,0.2049859999999999
8,"([0.08, 0.12, 0.13, 0.05, 0.44, 0.18], [0])","([0, 0, 0, 0, 1, 0], [4])",-0.772,-0.0,-0.0,-0.0,-0.0,-0.0,-0.772,0.489916,0.3927559999999999,0.2049859999999999
9,"([0.08, 0.12, 0.13, 0.05, 0.44, 0.18], [0])","([0, 0, 0, 0, 1, 0], [4])",-0.772,-0.0,-0.0,-0.0,-0.0,-0.0,-0.772,0.489916,0.6748399999999999,0.2049859999999999
10,"([0.08, 0.12, 0.13, 0.05, 0.44, 0.18], [3])","([0, 0, 0, 0, 1, 0], [4])",-0.0,-0.0,-0.0,-0.758,-0.0,-0.0,-0.758,0.489916,0.9429239999999999,0.2049859999999999
11,"([0.08, 0.12, 0.13, 0.05, 0.44, 0.18], [5])","([0, 0, 0, 0, 1, 0], [4])",-0.0,-0.0,-0.0,-0.0,-0.0,-0.858,-0.858,0.489916,1.3110079999999997,0.2049859999999999
12,"([0.08, 0.12, 0.13, 0.05, 0.44, 0.18], [1])","([0, 0, 0, 0, 1, 0], [4])",-0.0,-0.914,-0.0,-0.0,-0.0,-0.0,-0.914,0.489916,1.7350919999999999,0.2049859999999999
13,"([0.08, 0.12, 0.13, 0.05, 0.44, 0.18], [3])","([1, 0, 0, 0, 0, 0], [0])",-0.0,-0.0,-0.0,-0.758,-0.0,-0.0,-0.758,0.7471079999999999,2.003176,0.46217799999999976
14,"([0.08, 0.12, 0.13, 0.05, 0.44, 0.18], [0])","([1, 0, 0, 0, 0, 0], [0])",-0.0,-0.0,-0.0,-0.0,-0.0,-0.0,0.0,0.7471079999999999,1.5132599999999998,0.7193699999999996
15,"([0.08, 0.12, 0.13, 0.05, 0.44, 0.18], [0])","([1, 0, 0, 0, 0, 0], [0])",-0.0,-0.0,-0.0,-0.0,-0.0,-0.0,0.0,0.7471079999999999,1.0233439999999998,0.9765619999999995
16,"([0.08, 0.12, 0.13, 0.05, 0.44, 0.18], [5])","([1, 0, 0, 0, 0, 0], [0])",-0.0,-0.0,-0.0,-0.0,-0.0,-0.858,-0.858,0.7471079999999999,1.3914279999999999,1.2337539999999994
17,"([0.08, 0.12, 0.13, 0.05, 0.44, 0.18], [0])","([1, 0, 0, 0, 0, 0], [0])",-0.0,-0.0,-0.0,-0.0,-0.0,-0.0,0.0,0.7471079999999999,0.9015119999999999,1.4909459999999992
18,"([0.08, 0.12, 0.13, 0.05, 0.44, 0.18], [4])","([1, 0, 0, 0, 0, 0], [0])",-0.0,-0.0,-0.0,-0.0,-0.728,-0.0,-0.728,0.7471079999999999,1.1395959999999998,1.748137999999999
19,"([0.08, 0.12, 0.13, 0.05, 0.44, 0.18], [4])","([1, 0, 0, 0, 0, 0], [0])",-0.0,-0.0,-0.0,-0.0,-0.728,-0.0,-0.728,0.7471079999999999,1.3776799999999998,2.005329999999999
20,"([0.08, 0.12, 0.13, 0.05, 0.44, 0.18], [5])","([1, 0, 0, 0, 0, 0], [0])",-0.0,-0.0,-0.0,-0.0,-0.0,-0.858,-0.858,0.7471079999999999,1.7457639999999999,2.262521999999999
21,"([0.08, 0.12, 0.13, 0.05, 0.44, 0.18], [4])","([1, 0, 0, 0, 0, 0], [0])",-0.0,-0.0,-0.0,-0.0,-0.728,-0.0,-0.728,0.7471079999999999,1.9838479999999998,2.5197139999999987
22,"([0.08, 0.12, 0.13, 0.05, 0.44, 0.18], [2])","([1, 0, 0, 0, 0, 0], [0])",-0.0,-0.0,-0.94,-0.0,-0.0,-0.0,-0.94,0.7471079999999999,2.4339319999999995,2.7769059999999985
23,"([0.08, 0.12, 0.13, 0.05, 0.44, 0.18], [4])","([0, 0, 0, 0, 1, 0], [4])",-0.0,-0.0,-0.0,-0.0,-0.0,-0.0,0.0,0.489916,1.9440159999999995,2.7769059999999985
24,"([0.08, 0.12, 0.13, 0.05, 0.44, 0.18], [5])","([0, 0, 0, 0, 1, 0], [4])",-0.0,-0.0,-0.0,-0.0,-0.0,-0.858,-0.858,0.489916,2.3120999999999996,2.7769059999999985
25,"([0.08, 0.12, 0.13, 0.05, 0.44, 0.18], [1])","([0, 0, 0, 0, 1, 0], [4])",-0.0,-0.914,-0.0,-0.0,-0.0,-0.0,-0.914,0.489916,2.7361839999999997,2.7769059999999985
26,"([0.08, 0.12, 0.13, 0.05, 0.44, 0.18], [4])","([0, 0, 0, 0, 1, 0], [4])",-0.0,-0.0,-0.0,-0.0,-0.0,-0.0,0.0,0.489916,2.2462679999999997,2.7769059999999985
27,"([0.08, 0.12, 0.13, 0.05, 0.44, 0.18], [4])","([0, 0, 0, 0, 1, 0], [4])",-0.0,-0.0,-0.0,-0.0,-0.0,-0.0,0.0,0.489916,1.7563519999999997,2.7769059999999985
28,"([0.08, 0.12, 0.13, 0.05, 0.44, 0.18], [4])","([0, 0, 0, 0, 1, 0], [4])",-0.0,-0.0,-0.0,-0.0,-0.0,-0.0,0.0,0.489916,1.2664359999999997,2.7769059999999985
29,"([0.08, 0.12, 0.13, 0.05, 0.44, 0.18], [0])","([0, 0, 0, 0, 1, 0], [4])",-0.772,-0.0,-0.0,-0.0,-0.0,-0.0,-0.772,0.489916,1.5485199999999997,2.7769059999999985
30,"([0.08, 0.12, 0.13, 0.05, 0.44, 0.18], [2])","([0, 0, 0, 0, 1, 0], [4])",-0.0,-0.0,-0.94,-0.0,-0.0,-0.0,-0.94,0.489916,1.9986039999999996,2.7769059999999985
31,"([0.08, 0.12, 0.13, 0.05, 0.44, 0.18], [3])","([0, 0, 0, 0, 1, 0], [4])",-0.0,-0.0,-0.0,-0.758,-0.0,-0.0,-0.758,0.489916,2.2666879999999994,2.7769059999999985
32,"([0.08, 0.12, 0.13, 0.05, 0.44, 0.18], [5])","([0, 0, 0, 0, 1, 0], [4])",-0.0,-0.0,-0.0,-0.0,-0.0,-0.858,-0.858,0.489916,2.6347719999999994,2.7769059999999985
33,"([0.08, 0.12, 0.13, 0.05, 0.44, 0.18], [3])","([0, 0, 0, 0, 1, 0], [4])",-0.0,-0.0,-0.0,-0.758,-0.0,-0.0,-0.758,0.489916,2.9028559999999994,2.7769059999999985
34,"([0.08, 0.12, 0.13, 0.05, 0.44, 0.18], [1])","([0, 0, 0, 0, 1, 0], [4])",-0.0,-0.914,-0.0,-0.0,-0.0,-0.0,-0.914,0.489916,3.3269399999999996,2.7769059999999985
35,"([0.08, 0.12, 0.13, 0.05, 0.44, 0.18], [4])","([0, 0, 0, 0, 1, 0], [4])",-0.0,-0.0,-0.0,-0.0,-0.0,-0.0,0.0,0.489916,2.8370239999999995,2.7769059999999985
36,"([0.08, 0.12, 0.13, 0.05, 0.44, 0.18], [4])","([0, 0, 0, 0, 1, 0], [4])",-0.0,-0.0,-0.0,-0.0,-0.0,-0.0,0.0,0.489916,2.3471079999999995,2.7769059999999985
37,"([0.08, 0.12, 0.13, 0.05, 0.44, 0.18], [4])","([0, 0, 0, 0, 1, 0], [4])",-0.0,-0.0,-0.0,-0.0,-0.0,-0.0,0.0,0.489916,1.8571919999999995,2.7769059999999985
38,"([0.08, 0.12, 0.13, 0.05, 0.44, 0.18], [3])","([0, 0, 0, 0, 1, 0], [4])",-0.0,-0.0,-0.0,-0.758,-0.0,-0.0,-0.758,0.489916,2.1252759999999995,2.7769059999999985
39,"([0.08, 0.12, 0.13, 0.05, 0.44, 0.18], [4])","([0, 0, 0, 0, 1, 0], [4])",-0.0,-0.0,-0.0,-0.0,-0.0,-0.0,0.0,0.489916,1.6353599999999995,2.7769059999999985
40,"([0.08, 0.12, 0.13, 0.05, 0.44, 0.18], [4])","([0, 0, 0, 0, 1, 0], [4])",-0.0,-0.0,-0.0,-0.0,-0.0,-0.0,0.0,0.489916,1.1454439999999995,2.7769059999999985
41,"([0.08, 0.12, 0.13, 0.05, 0.44, 0.18], [4])","([0, 0, 0, 0, 1, 0], [4])",-0.0,-0.0,-0.0,-0.0,-0.0,-0.0,0.0,0.489916,0.6555279999999994,2.7769059999999985
42,"([0.08, 0.12, 0.13, 0.05, 0.44, 0.18], [5])","([0, 0, 0, 0, 1, 0], [4])",-0.0,-0.0,-0.0,-0.0,-0.0,-0.858,-0.858,0.489916,1.0236119999999995,2.7769059999999985
43,"([0.08, 0.12, 0.13, 0.05, 0.44, 0.18], [5])","([0, 0, 0, 0, 1, 0], [4])",-0.0,-0.0,-0.0,-0.0,-0.0,-0.858,-0.858,0.489916,1.3916959999999996,2.7769059999999985
44,"([0.08, 0.12, 0.13, 0.05, 0.44, 0.18], [1])","([0, 0, 0, 0, 1, 0], [4])",-0.0,-0.914,-0.0,-0.0,-0.0,-0.0,-0.914,0.489916,1.8157799999999997,2.7769059999999985
45,"([0.08, 0.12, 0.13, 0.05, 0.44, 0.18], [2])","([0, 0, 0, 0, 1, 0], [4])",-0.0,-0.0,-0.94,-0.0,-0.0,-0.0,-0.94,0.489916,2.2658639999999997,2.7769059999999985
46,"([0.08, 0.12, 0.13, 0.05, 0.44, 0.18], [1])","([0, 0, 0, 0, 1, 0], [4])",-0.0,-0.914,-0.0,-0.0,-0.0,-0.0,-0.914,0.489916,2.689948,2.7769059999999985
47,"([0.08, 0.12, 0.13, 0.05, 0.44, 0.18], [4])","([0, 0, 0, 0, 1, 0], [4])",-0.0,-0.0,-0.0,-0.0,-0.0,-0.0,0.0,0.489916,2.2000319999999998,2.7769059999999985
48,"([0.08, 0.12, 0.13, 0.05, 0.44, 0.18], [2])","([0, 0, 0, 0, 1, 0], [4])",-0.0,-0.0,-0.94,-0.0,-0.0,-0.0,-0.94,0.489916,2.6501159999999997,2.7769059999999985
49,"([0.08, 0.12, 0.13, 0.05, 0.44, 0.18], [1])","([0, 0, 0, 0, 1, 0], [4])",-0.0,-0.914,-0.0,-0.0,-0.0,-0.0,-0.914,0.489916,3.0742,2.7769059999999985
50,"([0.08, 0.12, 0.13, 0.05, 0.44, 0.18], [4])","([0, 0, 0, 0, 1, 0], [4])",-0.0,-0.0,-0.0,-0.0,-0.0,-0.0,0.0,0.489916,2.584284,2.7769059999999985
51,"([0.08, 0.12, 0.13, 0.05, 0.44, 0.18], [4])","([0, 0, 0, 0, 1, 0], [4])",-0.0,-0.0,-0.0,-0.0,-0.0,-0.0,0.0,0.489916,2.094368,2.7769059999999985
52,"([0.08, 0.12, 0.13, 0.05, 0.44, 0.18], [1])","([0, 0, 0, 0, 1, 0], [4])",-0.0,-0.914,-0.0,-0.0,-0.0,-0.0,-0.914,0.489916,2.518452,2.7769059999999985
53,"([0.08, 0.12, 0.13, 0.05, 0.44, 0.18], [4])","([0, 0, 0, 0, 1, 0], [4])",-0.0,-0.0,-0.0,-0.0,-0.0,-0.0,0.0,0.489916,2.028536,2.7769059999999985
54,"([0.08, 0.12, 0.13, 0.05, 0.44, 0.18], [4])","([0, 0, 0, 0, 1, 0], [4])",-0.0,-0.0,-0.0,-0.0,-0.0,-0.0,0.0,0.489916,1.5386199999999999,2.7769059999999985
55,"([0.08, 0.12, 0.13, 0.05, 0.44, 0.18], [4])","([0, 0, 0, 0, 1, 0], [4])",-0.0,-0.0,-0.0,-0.0,-0.0,-0.0,0.0,0.489916,1.0487039999999999,2.7769059999999985
56,"([0.08, 0.12, 0.13, 0.05, 0.44, 0.18], [5])","([0, 0, 0, 0, 1, 0], [4])",-0.0,-0.0,-0.0,-0.0,-0.0,-0.858,-0.858,0.489916,1.416788,2.7769059999999985
57,"([0.08, 0.12, 0.13, 0.05, 0.44, 0.18], [0])","([0, 0, 0, 0, 1, 0], [4])",-0.772,-0.0,-0.0,-0.0,-0.0,-0.0,-0.772,0.489916,1.698872,2.7769059999999985
58,"([0.08, 0.12, 0.13, 0.05, 0.44, 0.18], [2])","([0, 0, 0, 0, 1, 0], [4])",-0.0,-0.0,-0.94,-0.0,-0.0,-0.0,-0.94,0.489916,2.148956,2.7769059999999985
59,"([0.08, 0.12, 0.13, 0.05, 0.44, 0.18], [2])","([0, 0, 0, 0, 1, 0], [4])",-0.0,-0.0,-0.94,-0.0,-0.0,-0.0,-0.94,0.489916,2.59904,2.7769059999999985
60,"([0.08, 0.12, 0.13, 0.05, 0.44, 0.18], [4])","([0, 0, 0, 0, 1, 0], [4])",-0.0,-0.0,-0.0,-0.0,-0.0,-0.0,0.0,0.489916,2.109124,2.7769059999999985
61,"([0.08, 0.12, 0.13, 0.05, 0.44, 0.18], [5])","([0, 0, 0, 0, 1, 0], [4])",-0.0,-0.0,-0.0,-0.0,-0.0,-0.858,-0.858,0.489916,2.477208,2.7769059999999985
62,"([0.08, 0.12, 0.13, 0.05, 0.44, 0.18], [2])","([0, 0, 0, 0, 1, 0], [4])",-0.0,-0.0,-0.94,-0.0,-0.0,-0.0,-0.94,0.489916,2.927292,2.7769059999999985
63,"([0.08, 0.12, 0.13, 0.05, 0.44, 0.18], [4])","([0, 0, 0, 0, 1, 0], [4])",-0.0,-0.0,-0.0,-0.0,-0.0,-0.0,0.0,0.489916,2.437376,2.7769059999999985
64,"([0.08, 0.12, 0.13, 0.05, 0.44, 0.18], [0])","([0, 0, 0, 0, 1, 0], [4])",-0.772,-0.0,-0.0,-0.0,-0.0,-0.0,-0.772,0.489916,2.7194599999999998,2.7769059999999985
65,"([0.08, 0.12, 0.13, 0.05, 0.44, 0.18], [4])","([0, 0, 0, 0, 1, 0], [4])",-0.0,-0.0,-0.0,-0.0,-0.0,-0.0,0.0,0.489916,2.2295439999999997,2.7769059999999985
66,"([0.08, 0.12, 0.13, 0.05, 0.44, 0.18], [4])","([0, 0, 0, 0, 1, 0], [4])",-0.0,-0.0,-0.0,-0.0,-0.0,-0.0,0.0,0.489916,1.7396279999999997,2.7769059999999985
67,"([0.08, 0.12, 0.13, 0.05, 0.44, 0.18], [2])","([0, 0, 0, 0, 1, 0], [4])",-0.0,-0.0,-0.94,-0.0,-0.0,-0.0,-0.94,0.489916,2.1897119999999997,2.7769059999999985
68,"([0.08, 0.12, 0.13, 0.05, 0.44, 0.18], [4])","([0, 0, 0, 0, 1, 0], [4])",-0.0,-0.0,-0.0,-0.0,-0.0,-0.0,0.0,0.489916,1.6997959999999996,2.7769059999999985
69,"([0.08, 0.12, 0.13, 0.05, 0.44, 0.18], [4])","([0, 0, 0, 0, 1, 0], [4])",-0.0,-0.0,-0.0,-0.0,-0.0,-0.0,0.0,0.489916,1.2098799999999996,2.7769059999999985
70,"([0.08, 0.12, 0.13, 0.05, 0.44, 0.18], [1])","([0, 0, 0, 0, 1, 0], [4])",-0.0,-0.914,-0.0,-0.0,-0.0,-0.0,-0.914,0.489916,1.6339639999999997,2.7769059999999985
71,"([0.08, 0.12, 0.13, 0.05, 0.44, 0.18], [4])","([0, 0, 0, 0, 1, 0], [4])",-0.0,-0.0,-0.0,-0.0,-0.0,-0.0,0.0,0.489916,1.1440479999999997,2.7769059999999985
72,"([0.08, 0.12, 0.13, 0.05, 0.44, 0.18], [3])","([0, 0, 0, 0, 1, 0], [4])",-0.0,-0.0,-0.0,-0.758,-0.0,-0.0,-0.758,0.489916,1.4121319999999997,2.7769059999999985
73,"([0.08, 0.12, 0.13, 0.05, 0.44, 0.18], [4])","([0, 0, 0, 0, 1, 0], [4])",-0.0,-0.0,-0.0,-0.0,-0.0,-0.0,0.0,0.489916,0.9222159999999997,2.7769059999999985
74,"([0.08, 0.12, 0.13, 0.05, 0.44, 0.18], [1])","([0, 0, 0, 0, 1, 0], [4])",-0.0,-0.914,-0.0,-0.0,-0.0,-0.0,-0.914,0.489916,1.3462999999999998,2.7769059999999985
75,"([0.08, 0.12, 0.13, 0.05, 0.44, 0.18], [4])","([0, 0, 0, 0, 1, 0], [4])",-0.0,-0.0,-0.0,-0.0,-0.0,-0.0,0.0,0.489916,0.8563839999999998,2.7769059999999985
76,"([0.08, 0.12, 0.13, 0.05, 0.44, 0.18], [4])","([0, 0, 0, 0, 1, 0], [4])",-0.0,-0.0,-0.0,-0.0,-0.0,-0.0,0.0,0.489916,0.3664679999999998,2.7769059999999985
77,"([0.08, 0.12, 0.13, 0.05, 0.44, 0.18], [2])","([0, 0, 0, 0, 1, 0], [4])",-0.0,-0.0,-0.94,-0.0,-0.0,-0.0,-0.94,0.489916,0.8165519999999997,2.7769059999999985
78,"([0.08, 0.12, 0.13, 0.05, 0.44, 0.18], [4])","([0, 0, 0, 0, 1, 0], [4])",-0.0,-0.0,-0.0,-0.0,-0.0,-0.0,0.0,0.489916,0.3266359999999997,2.7769059999999985
79,"([0.08, 0.12, 0.13, 0.05, 0.44, 0.18], [0])","([0, 0, 0, 0, 1, 0], [4])",-0.772,-0.0,-0.0,-0.0,-0.0,-0.0,-0.772,0.489916,0.6087199999999997,2.7769059999999985
80,"([0.08, 0.12, 0.13, 0.05, 0.44, 0.18], [4])","([0, 0, 0, 0, 1, 0], [4])",-0.0,-0.0,-0.0,-0.0,-0.0,-0.0,0.0,0.489916,0.11880399999999969,2.7769059999999985
81,"([0.08, 0.12, 0.13, 0.05, 0.44, 0.18], [1])","([0, 0, 0, 0, 1, 0], [4])",-0.0,-0.914,-0.0,-0.0,-0.0,-0.0,-0.914,0.489916,0.5428879999999997,2.7769059999999985
82,"([0.08, 0.12, 0.13, 0.05, 0.44, 0.18], [4])","([0, 0, 0, 0, 1, 0], [4])",-0.0,-0.0,-0.0,-0.0,-0.0,-0.0,0.0,0.489916,0.052971999999999686,2.7769059999999985
83,"([0.08, 0.12, 0.13, 0.05, 0.44, 0.18], [5])","([0, 0, 0, 0, 1, 0], [4])",-0.0,-0.0,-0.0,-0.0,-0.0,-0.858,-0.858,0.489916,0.42105599999999965,2.7769059999999985
84,"([0.08, 0.12, 0.13, 0.05, 0.44, 0.18], [4])","([0, 0, 0, 0, 1, 0], [4])",-0.0,-0.0,-0.0,-0.0,-0.0,-0.0,0.0,0.489916,-0.06886000000000037,2.7769059999999985
85,"([0.08, 0.12, 0.13, 0.05, 0.44, 0.18], [5])","([0, 0, 0, 0, 1, 0], [4])",-0.0,-0.0,-0.0,-0.0,-0.0,-0.858,-0.858,0.489916,0.2992239999999996,2.7769059999999985
86,"([0.08, 0.12, 0.13, 0.05, 0.44, 0.18], [0])","([0, 0, 0, 0, 1, 0], [4])",-0.772,-0.0,-0.0,-0.0,-0.0,-0.0,-0.772,0.489916,0.5813079999999996,2.7769059999999985
87,"([0.08, 0.12, 0.13, 0.05, 0.44, 0.18], [0])","([0, 0, 0, 0, 1, 0], [4])",-0.772,-0.0,-0.0,-0.0,-0.0,-0.0,-0.772,0.489916,0.8633919999999996,2.7769059999999985
88,"([0.08, 0.12, 0.13, 0.05, 0.44, 0.18], [5])","([0, 0, 0, 0, 1, 0], [4])",-0.0,-0.0,-0.0,-0.0,-0.0,-0.858,-0.858,0.489916,1.2314759999999996,2.7769059999999985
89,"([0.08, 0.12, 0.13, 0.05, 0.44, 0.18], [2])","([0, 0, 0, 0, 1, 0], [4])",-0.0,-0.0,-0.94,-0.0,-0.0,-0.0,-0.94,0.489916,1.6815599999999995,2.7769059999999985
90,"([0.08, 0.12, 0.13, 0.05, 0.44, 0.18], [4])","([0, 0, 0, 0, 1, 0], [4])",-0.0,-0.0,-0.0,-0.0,-0.0,-0.0,0.0,0.489916,1.1916439999999995,2.7769059999999985
91,"([0.08, 0.12, 0.13, 0.05, 0.44, 0.18], [5])","([0, 0, 0, 0, 1, 0], [4])",-0.0,-0.0,-0.0,-0.0,-0.0,-0.858,-0.858,0.489916,1.5597279999999993,2.7769059999999985
92,"([0.08, 0.12, 0.13, 0.05, 0.44, 0.18], [4])","([0, 0, 0, 0, 1, 0], [4])",-0.0,-0.0,-0.0,-0.0,-0.0,-0.0,0.0,0.489916,1.0698119999999993,2.7769059999999985
93,"([0.08, 0.12, 0.13, 0.05, 0.44, 0.18], [1])","([0, 0, 0, 0, 1, 0], [4])",-0.0,-0.914,-0.0,-0.0,-0.0,-0.0,-0.914,0.489916,1.4938959999999994,2.7769059999999985
94,"([0.08, 0.12, 0.13, 0.05, 0.44, 0.18], [4])","([0, 0, 0, 0, 1, 0], [4])",-0.0,-0.0,-0.0,-0.0,-0.0,-0.0,0.0,0.489916,1.0039799999999994,2.7769059999999985
95,"([0.08, 0.12, 0.13, 0.05, 0.44, 0.18], [2])","([0, 0, 0, 0, 1, 0], [4])",-0.0,-0.0,-0.94,-0.0,-0.0,-0.0,-0.94,0.489916,1.4540639999999994,2.7769059999999985
96,"([0.08, 0.12, 0.13, 0.05, 0.44, 0.18], [4])","([0, 0, 0, 0, 1, 0], [4])",-0.0,-0.0,-0.0,-0.0,-0.0,-0.0,0.0,0.489916,0.9641479999999993,2.7769059999999985
97,"([0.08, 0.12, 0.13, 0.05, 0.44, 0.18], [4])","([0, 0, 0, 0, 1, 0], [4])",-0.0,-0.0,-0.0,-0.0,-0.0,-0.0,0.0,0.489916,0.4742319999999993,2.7769059999999985
98,"([0.08, 0.12, 0.13, 0.05, 0.44, 0.18], [5])","([0, 0, 0, 0, 1, 0], [4])",-0.0,-0.0,-0.0,-0.0,-0.0,-0.858,-0.858,0.489916,0.8423159999999993,2.7769059999999985
99,"([0.08, 0.12, 0.13, 0.05, 0.44, 0.18], [1])","([0, 0, 0, 0, 1, 0], [4])",-0.0,-0.914,-0.0,-0.0,-0.0,-0.0,-0.914,0.489916,1.2663999999999993,2.7769059999999985
100,"([0.08, 0.12, 0.13, 0.05, 0.44, 0.18], [1])","([0, 0, 0, 0, 1, 0], [4])",-0.0,-0.914,-0.0,-0.0,-0.0,-0.0,-0.914,0.489916,1.6904839999999992,2.7769059999999985
101,"([0.08, 0.12, 0.13, 0.05, 0.44, 0.18], [4])","([0, 0, 0, 0, 1, 0], [4])",-0.0,-0.0,-0.0,-0.0,-0.0,-0.0,0.0,0.489916,1.2005679999999992,2.7769059999999985
102,"([0.08, 0.12, 0.13, 0.05, 0.44, 0.18], [4])","([0, 0, 0, 0, 1, 0], [4])",-0.0,-0.0,-0.0,-0.0,-0.0,-0.0,0.0,0.489916,0.7106519999999992,2.7769059999999985
103,"([0.08, 0.12, 0.13, 0.05, 0.44, 0.18], [5])","([0, 0, 0, 0, 1, 0], [4])",-0.0,-0.0,-0.0,-0.0,-0.0,-0.858,-0.858,0.489916,1.0787359999999993,2.7769059999999985
104,"([0.08, 0.12, 0.13, 0.05, 0.44, 0.18], [4])","([0, 0, 0, 0, 1, 0], [4])",-0.0,-0.0,-0.0,-0.0,-0.0,-0.0,0.0,0.489916,0.5888199999999992,2.7769059999999985
105,"([0.08, 0.12, 0.13, 0.05, 0.44, 0.18], [2])","([0, 0, 0, 0, 1, 0], [4])",-0.0,-0.0,-0.94,-0.0,-0.0,-0.0,-0.94,0.489916,1.0389039999999992,2.7769059999999985
106,"([0.08, 0.12, 0.13, 0.05, 0.44, 0.18], [0])","([0, 0, 0, 0, 1, 0], [4])",-0.772,-0.0,-0.0,-0.0,-0.0,-0.0,-0.772,0.489916,1.3209879999999992,2.7769059999999985
107,"([0.08, 0.12, 0.13, 0.05, 0.44, 0.18], [0])","([0, 0, 0, 0, 1, 0], [4])",-0.772,-0.0,-0.0,-0.0,-0.0,-0.0,-0.772,0.489916,1.6030719999999992,2.7769059999999985
108,"([0.08, 0.12, 0.13, 0.05, 0.44, 0.18], [4])","([0, 0, 0, 0, 1, 0], [4])",-0.0,-0.0,-0.0,-0.0,-0.0,-0.0,0.0,0.489916,1.1131559999999991,2.7769059999999985
109,"([0.08, 0.12, 0.13, 0.05, 0.44, 0.18], [4])","([0, 0, 0, 0, 1, 0], [4])",-0.0,-0.0,-0.0,-0.0,-0.0,-0.0,0.0,0.489916,0.6232399999999991,2.7769059999999985
110,"([0.08, 0.12, 0.13, 0.05, 0.44, 0.18], [3])","([0, 0, 0, 0, 1, 0], [4])",-0.0,-0.0,-0.0,-0.758,-0.0,-0.0,-0.758,0.489916,0.8913239999999991,2.7769059999999985
111,"([0.08, 0.12, 0.13, 0.05, 0.44, 0.18], [0])","([0, 0, 0, 0, 1, 0], [4])",-0.772,-0.0,-0.0,-0.0,-0.0,-0.0,-0.772,0.489916,1.1734079999999991,2.7769059999999985
112,"([0.08, 0.12, 0.13, 0.05, 0.44, 0.18], [1])","([0, 0, 0, 0, 1, 0], [4])",-0.0,-0.914,-0.0,-0.0,-0.0,-0.0,-0.914,0.489916,1.597491999999999,2.7769059999999985
113,"([0.08, 0.12, 0.13, 0.05, 0.44, 0.18], [5])","([0, 0, 0, 0, 1, 0], [4])",-0.0,-0.0,-0.0,-0.0,-0.0,-0.858,-0.858,0.489916,1.965575999999999,2.7769059999999985
114,"([0.08, 0.12, 0.13, 0.05, 0.44, 0.18], [4])","([0, 0, 0, 0, 1, 0], [4])",-0.0,-0.0,-0.0,-0.0,-0.0,-0.0,0.0,0.489916,1.475659999999999,2.7769059999999985
115,"([0.08, 0.12, 0.13, 0.05, 0.44, 0.18], [0])","([0, 0, 0, 0, 1, 0], [4])",-0.772,-0.0,-0.0,-0.0,-0.0,-0.0,-0.772,0.489916,1.757743999999999,2.7769059999999985
116,"([0.08, 0.12, 0.13, 0.05, 0.44, 0.18], [2])","([0, 0, 0, 0, 1, 0], [4])",-0.0,-0.0,-0.94,-0.0,-0.0,-0.0,-0.94,0.489916,2.2078279999999992,2.7769059999999985
117,"([0.08, 0.12, 0.13, 0.05, 0.44, 0.18], [4])","([0, 0, 0, 0, 1, 0], [4])",-0.0,-0.0,-0.0,-0.0,-0.0,-0.0,0.0,0.489916,1.7179119999999992,2.7769059999999985
118,"([0.08, 0.12, 0.13, 0.05, 0.44, 0.18], [4])","([0, 0, 0, 0, 1, 0], [4])",-0.0,-0.0,-0.0,-0.0,-0.0,-0.0,0.0,0.489916,1.2279959999999992,2.7769059999999985
119,"([0.08, 0.12, 0.13, 0.05, 0.44, 0.18], [0])","([0, 0, 0, 0, 1, 0], [4])",-0.772,-0.0,-0.0,-0.0,-0.0,-0.0,-0.772,0.489916,1.5100799999999992,2.7769059999999985
120,"([0.08, 0.12, 0.13, 0.05, 0.44, 0.18], [0])","([0, 0, 0, 0, 1, 0], [4])",-0.772,-0.0,-0.0,-0.0,-0.0,-0.0,-0.772,0.489916,1.7921639999999992,2.7769059999999985
121,"([0.08, 0.12, 0.13, 0.05, 0.44, 0.18], [2])","([0, 0, 0, 0, 1, 0], [4])",-0.0,-0.0,-0.94,-0.0,-0.0,-0.0,-0.94,0.489916,2.242247999999999,2.7769059999999985
122,"([0.08, 0.12, 0.13, 0.05, 0.44, 0.18], [4])","([0, 0, 0, 0, 1, 0], [4])",-0.0,-0.0,-0.0,-0.0,-0.0,-0.0,0.0,0.489916,1.7523319999999991,2.7769059999999985
123,"([0.08, 0.12, 0.13, 0.05, 0.44, 0.18], [4])","([0, 0, 0, 0, 1, 0], [4])",-0.0,-0.0,-0.0,-0.0,-0.0,-0.0,0.0,0.489916,1.262415999999999,2.7769059999999985
124,"([0.08, 0.12, 0.13, 0.05, 0.44, 0.18], [4])","([0, 0, 0, 0, 1, 0], [4])",-0.0,-0.0,-0.0,-0.0,-0.0,-0.0,0.0,0.489916,0.7724999999999991,2.7769059999999985
125,"([0.08, 0.12, 0.13, 0.05, 0.44, 0.18], [4])","([0, 0, 0, 0, 1, 0], [4])",-0.0,-0.0,-0.0,-0.0,-0.0,-0.0,0.0,0.489916,0.28258399999999906,2.7769059999999985
126,"([0.08, 0.12, 0.13, 0.05, 0.44, 0.18], [4])","([0, 0, 0, 0, 1, 0], [4])",-0.0,-0.0,-0.0,-0.0,-0.0,-0.0,0.0,0.489916,-0.20733200000000096,2.7769059999999985
127,"([0.08, 0.12, 0.13, 0.05, 0.44, 0.18], [4])","([0, 0, 0, 0, 1, 0], [4])",-0.0,-0.0,-0.0,-0.0,-0.0,-0.0,0.0,0.489916,-0.697248000000001,2.7769059999999985
128,"([0.08, 0.12, 0.13, 0.05, 0.44, 0.18], [5])","([0, 0, 0, 0, 1, 0], [4])",-0.0,-0.0,-0.0,-0.0,-0.0,-0.858,-0.858,0.489916,-0.329164000000001,2.7769059999999985
129,"([0.08, 0.12, 0.13, 0.05, 0.44, 0.18], [2])","([0, 0, 0, 0, 1, 0], [4])",-0.0,-0.0,-0.94,-0.0,-0.0,-0.0,-0.94,0.489916,0.12091999999999892,2.7769059999999985
130,"([0.08, 0.12, 0.13, 0.05, 0.44, 0.18], [4])","([0, 0, 0, 0, 1, 0], [4])",-0.0,-0.0,-0.0,-0.0,-0.0,-0.0,0.0,0.489916,-0.3689960000000011,2.7769059999999985
131,"([0.08, 0.12, 0.13, 0.05, 0.44, 0.18], [2])","([0, 0, 0, 0, 1, 0], [4])",-0.0,-0.0,-0.94,-0.0,-0.0,-0.0,-0.94,0.489916,0.08108799999999883,2.7769059999999985
132,"([0.08, 0.12, 0.13, 0.05, 0.44, 0.18], [2])","([0, 0, 0, 0, 1, 0], [4])",-0.0,-0.0,-0.94,-0.0,-0.0,-0.0,-0.94,0.489916,0.5311719999999988,2.7769059999999985
133,"([0.08, 0.12, 0.13, 0.05, 0.44, 0.18], [1])","([0, 0, 0, 0, 1, 0], [4])",-0.0,-0.914,-0.0,-0.0,-0.0,-0.0,-0.914,0.489916,0.9552559999999988,2.7769059999999985
134,"([0.08, 0.12, 0.13, 0.05, 0.44, 0.18], [4])","([0, 0, 0, 0, 1, 0], [4])",-0.0,-0.0,-0.0,-0.0,-0.0,-0.0,0.0,0.489916,0.46533999999999875,2.7769059999999985
135,"([0.08, 0.12, 0.13, 0.05, 0.44, 0.18], [4])","([0, 0, 0, 0, 1, 0], [4])",-0.0,-0.0,-0.0,-0.0,-0.0,-0.0,0.0,0.489916,-0.024576000000001264,2.7769059999999985
136,"([0.08, 0.12, 0.13, 0.05, 0.44, 0.18], [2])","([0, 0, 0, 0, 1, 0], [4])",-0.0,-0.0,-0.94,-0.0,-0.0,-0.0,-0.94,0.489916,0.42550799999999867,2.7769059999999985
137,"([0.08, 0.12, 0.13, 0.05, 0.44, 0.18], [4])","([0, 0, 0, 0, 1, 0], [4])",-0.0,-0.0,-0.0,-0.0,-0.0,-0.0,0.0,0.489916,-0.06440800000000135,2.7769059999999985
138,"([0.08, 0.12, 0.13, 0.05, 0.44, 0.18], [4])","([0, 0, 0, 0, 1, 0], [4])",-0.0,-0.0,-0.0,-0.0,-0.0,-0.0,0.0,0.489916,-0.5543240000000014,2.7769059999999985
139,"([0.08, 0.12, 0.13, 0.05, 0.44, 0.18], [4])","([0, 0, 0, 0, 1, 0], [4])",-0.0,-0.0,-0.0,-0.0,-0.0,-0.0,0.0,0.489916,-1.0442400000000014,2.7769059999999985
140,"([0.08, 0.12, 0.13, 0.05, 0.44, 0.18], [4])","([0, 0, 0, 0, 1, 0], [4])",-0.0,-0.0,-0.0,-0.0,-0.0,-0.0,0.0,0.489916,-1.5341560000000014,2.7769059999999985
141,"([0.08, 0.12, 0.13, 0.05, 0.44, 0.18], [5])","([0, 0, 0, 0, 1, 0], [4])",-0.0,-0.0,-0.0,-0.0,-0.0,-0.858,-0.858,0.489916,-1.1660720000000016,2.7769059999999985
142,"([0.08, 0.12, 0.13, 0.05, 0.44, 0.18], [4])","([0, 0, 0, 0, 1, 0], [4])",-0.0,-0.0,-0.0,-0.0,-0.0,-0.0,0.0,0.489916,-1.6559880000000016,2.7769059999999985
143,"([0.08, 0.12, 0.13, 0.05, 0.44, 0.18], [4])","([0, 0, 0, 0, 1, 0], [4])",-0.0,-0.0,-0.0,-0.0,-0.0,-0.0,0.0,0.489916,-2.1459040000000016,2.7769059999999985
144,"([0.08, 0.12, 0.13, 0.05, 0.44, 0.18], [3])","([0, 0, 0, 0, 1, 0], [4])",-0.0,-0.0,-0.0,-0.758,-0.0,-0.0,-0.758,0.489916,-1.8778200000000016,2.7769059999999985
145,"([0.08, 0.12, 0.13, 0.05, 0.44, 0.18], [0])","([0, 0, 0, 0, 1, 0], [4])",-0.772,-0.0,-0.0,-0.0,-0.0,-0.0,-0.772,0.489916,-1.5957360000000016,2.7769059999999985
146,"([0.08, 0.12, 0.13, 0.05, 0.44, 0.18], [0])","([0, 0, 0, 0, 1, 0], [4])",-0.772,-0.0,-0.0,-0.0,-0.0,-0.0,-0.772,0.489916,-1.3136520000000016,2.7769059999999985
147,"([0.08, 0.12, 0.13, 0.05, 0.44, 0.18], [4])","([0, 0, 0, 0, 1, 0], [4])",-0.0,-0.0,-0.0,-0.0,-0.0,-0.0,0.0,0.489916,-1.8035680000000016,2.7769059999999985
148,"([0.08, 0.12, 0.13, 0.05, 0.44, 0.18], [4])","([0, 0, 0, 0, 1, 0], [4])",-0.0,-0.0,-0.0,-0.0,-0.0,-0.0,0.0,0.489916,-2.2934840000000016,2.7769059999999985
149,"([0.08, 0.12, 0.13, 0.05, 0.44, 0.18], [1])","([0, 0, 0, 0, 1, 0], [4])",-0.0,-0.914,-0.0,-0.0,-0.0,-0.0,-0.914,0.489916,-1.8694000000000015,2.7769059999999985
150,"([0.08, 0.12, 0.13, 0.05, 0.44, 0.18], [5])","([0, 0, 0, 0, 1, 0], [4])",-0.0,-0.0,-0.0,-0.0,-0.0,-0.858,-0.858,0.489916,-1.5013160000000014,2.7769059999999985
151,"([0.08, 0.12, 0.13, 0.05, 0.44, 0.18], [5])","([0, 0, 0, 0, 1, 0], [4])",-0.0,-0.0,-0.0,-0.0,-0.0,-0.858,-0.858,0.489916,-1.1332320000000013,2.7769059999999985
152,"([0.08, 0.12, 0.13, 0.05, 0.44, 0.18], [4])","([0, 0, 0, 0, 1, 0], [4])",-0.0,-0.0,-0.0,-0.0,-0.0,-0.0,0.0,0.489916,-1.6231480000000014,2.7769059999999985
153,"([0.08, 0.12, 0.13, 0.05, 0.44, 0.18], [4])","([0, 0, 0, 0, 1, 0], [4])",-0.0,-0.0,-0.0,-0.0,-0.0,-0.0,0.0,0.489916,-2.1130640000000014,2.7769059999999985
154,"([0.08, 0.12, 0.13, 0.05, 0.44, 0.18], [5])","([0, 0, 0, 0, 1, 0], [4])",-0.0,-0.0,-0.0,-0.0,-0.0,-0.858,-0.858,0.489916,-1.7449800000000013,2.7769059999999985
155,"([0.08, 0.12, 0.13, 0.05, 0.44, 0.18], [5])","([0, 0, 0, 0, 1, 0], [4])",-0.0,-0.0,-0.0,-0.0,-0.0,-0.858,-0.858,0.489916,-1.3768960000000012,2.7769059999999985
156,"([0.08, 0.12, 0.13, 0.05, 0.44, 0.18], [3])","([0, 0, 0, 0, 1, 0], [4])",-0.0,-0.0,-0.0,-0.758,-0.0,-0.0,-0.758,0.489916,-1.1088120000000012,2.7769059999999985
157,"([0.08, 0.12, 0.13, 0.05, 0.44, 0.18], [4])","([0, 0, 0, 0, 1, 0], [4])",-0.0,-0.0,-0.0,-0.0,-0.0,-0.0,0.0,0.489916,-1.5987280000000013,2.7769059999999985
158,"([0.08, 0.12, 0.13, 0.05, 0.44, 0.18], [5])","([0, 0, 0, 0, 1, 0], [4])",-0.0,-0.0,-0.0,-0.0,-0.0,-0.858,-0.858,0.489916,-1.2306440000000012,2.7769059999999985
159,"([0.08, 0.12, 0.13, 0.05, 0.44, 0.18], [4])","([0, 0, 0, 0, 1, 0], [4])",-0.0,-0.0,-0.0,-0.0,-0.0,-0.0,0.0,0.489916,-1.7205600000000012,2.7769059999999985
160,"([0.08, 0.12, 0.13, 0.05, 0.44, 0.18], [4])","([0, 0, 0, 0, 1, 0], [4])",-0.0,-0.0,-0.0,-0.0,-0.0,-0.0,0.0,0.489916,-2.210476000000001,2.7769059999999985
161,"([0.08, 0.12, 0.13, 0.05, 0.44, 0.18], [3])","([0, 0, 0, 0, 1, 0], [4])",-0.0,-0.0,-0.0,-0.758,-0.0,-0.0,-0.758,0.489916,-1.9423920000000012,2.7769059999999985
162,"([0.08, 0.12, 0.13, 0.05, 0.44, 0.18], [4])","([0, 0, 0, 0, 1, 0], [4])",-0.0,-0.0,-0.0,-0.0,-0.0,-0.0,0.0,0.489916,-2.4323080000000012,2.7769059999999985
163,"([0.08, 0.12, 0.13, 0.05, 0.44, 0.18], [4])","([0, 0, 0, 0, 1, 0], [4])",-0.0,-0.0,-0.0,-0.0,-0.0,-0.0,0.0,0.489916,-2.9222240000000013,2.7769059999999985
164,"([0.08, 0.12, 0.13, 0.05, 0.44, 0.18], [5])","([0, 0, 0, 0, 1, 0], [4])",-0.0,-0.0,-0.0,-0.0,-0.0,-0.858,-0.858,0.489916,-2.554140000000001,2.7769059999999985
165,"([0.08, 0.12, 0.13, 0.05, 0.44, 0.18], [4])","([0, 0, 0, 0, 1, 0], [4])",-0.0,-0.0,-0.0,-0.0,-0.0,-0.0,0.0,0.489916,-3.044056000000001,2.7769059999999985
166,"([0.08, 0.12, 0.13, 0.05, 0.44, 0.18], [4])","([0, 0, 0, 0, 1, 0], [4])",-0.0,-0.0,-0.0,-0.0,-0.0,-0.0,0.0,0.489916,-3.5339720000000012,2.7769059999999985
167,"([0.08, 0.12, 0.13, 0.05, 0.44, 0.18], [1])","([0, 0, 0, 0, 1, 0], [4])",-0.0,-0.914,-0.0,-0.0,-0.0,-0.0,-0.914,0.489916,-3.109888000000001,2.7769059999999985
168,"([0.08, 0.12, 0.13, 0.05, 0.44, 0.18], [2])","([0, 0, 0, 0, 1, 0], [4])",-0.0,-0.0,-0.94,-0.0,-0.0,-0.0,-0.94,0.489916,-2.659804000000001,2.7769059999999985
169,"([0.08, 0.12, 0.13, 0.05, 0.44, 0.18], [4])","([0, 0, 0, 0, 1, 0], [4])",-0.0,-0.0,-0.0,-0.0,-0.0,-0.0,0.0,0.489916,-3.149720000000001,2.7769059999999985
170,"([0.08, 0.12, 0.13, 0.05, 0.44, 0.18], [1])","([0, 0, 0, 0, 1, 0], [4])",-0.0,-0.914,-0.0,-0.0,-0.0,-0.0,-0.914,0.489916,-2.725636000000001,2.7769059999999985
171,"([0.08, 0.12, 0.13, 0.05, 0.44, 0.18], [4])","([0, 0, 0, 0, 1, 0], [4])",-0.0,-0.0,-0.0,-0.0,-0.0,-0.0,0.0,0.489916,-3.215552000000001,2.7769059999999985
172,"([0.08, 0.12, 0.13, 0.05, 0.44, 0.18], [1])","([0, 0, 0, 0, 1, 0], [4])",-0.0,-0.914,-0.0,-0.0,-0.0,-0.0,-0.914,0.489916,-2.791468000000001,2.7769059999999985
173,"([0.08, 0.12, 0.13, 0.05, 0.44, 0.18], [4])","([0, 0, 0, 0, 1, 0], [4])",-0.0,-0.0,-0.0,-0.0,-0.0,-0.0,0.0,0.489916,-3.281384000000001,2.7769059999999985
174,"([0.08, 0.12, 0.13, 0.05, 0.44, 0.18], [5])","([0, 0, 0, 0, 1, 0], [4])",-0.0,-0.0,-0.0,-0.0,-0.0,-0.858,-0.858,0.489916,-2.913300000000001,2.7769059999999985
175,"([0.08, 0.12, 0.13, 0.05, 0.44, 0.18], [4])","([0, 0, 0, 0, 1, 0], [4])",-0.0,-0.0,-0.0,-0.0,-0.0,-0.0,0.0,0.489916,-3.403216000000001,2.7769059999999985
176,"([0.08, 0.12, 0.13, 0.05, 0.44, 0.18], [0])","([0, 0, 0, 0, 1, 0], [4])",-0.772,-0.0,-0.0,-0.0,-0.0,-0.0,-0.772,0.489916,-3.121132000000001,2.7769059999999985
177,"([0.08, 0.12, 0.13, 0.05, 0.44, 0.18], [2])","([0, 0, 0, 0, 1, 0], [4])",-0.0,-0.0,-0.94,-0.0,-0.0,-0.0,-0.94,0.489916,-2.671048000000001,2.7769059999999985
178,"([0.08, 0.12, 0.13, 0.05, 0.44, 0.18], [3])","([0, 0, 0, 0, 1, 0], [4])",-0.0,-0.0,-0.0,-0.758,-0.0,-0.0,-0.758,0.489916,-2.402964000000001,2.7769059999999985
179,"([0.08, 0.12, 0.13, 0.05, 0.44, 0.18], [4])","([0, 0, 0, 0, 1, 0], [4])",-0.0,-0.0,-0.0,-0.0,-0.0,-0.0,0.0,0.489916,-2.8928800000000012,2.7769059999999985
180,"([0.08, 0.12, 0.13, 0.05, 0.44, 0.18], [4])","([0, 0, 0, 0, 1, 0], [4])",-0.0,-0.0,-0.0,-0.0,-0.0,-0.0,0.0,0.489916,-3.3827960000000012,2.7769059999999985
181,"([0.08, 0.12, 0.13, 0.05, 0.44, 0.18], [4])","([0, 0, 0, 0, 1, 0], [4])",-0.0,-0.0,-0.0,-0.0,-0.0,-0.0,0.0,0.489916,-3.8727120000000013,2.7769059999999985
182,"([0.08, 0.12, 0.13, 0.05, 0.44, 0.18], [4])","([0, 0, 0, 0, 1, 0], [4])",-0.0,-0.0,-0.0,-0.0,-0.0,-0.0,0.0,0.489916,-4.362628000000001,2.7769059999999985
183,"([0.08, 0.12, 0.13, 0.05, 0.44, 0.18], [1])","([0, 0, 0, 0, 1, 0], [4])",-0.0,-0.914,-0.0,-0.0,-0.0,-0.0,-0.914,0.489916,-3.9385440000000007,2.7769059999999985
184,"([0.08, 0.12, 0.13, 0.05, 0.44, 0.18], [4])","([0, 0, 0, 0, 1, 0], [4])",-0.0,-0.0,-0.0,-0.0,-0.0,-0.0,0.0,0.489916,-4.428460000000001,2.7769059999999985
185,"([0.08, 0.12, 0.13, 0.05, 0.44, 0.18], [4])","([0, 0, 0, 0, 1, 0], [4])",-0.0,-0.0,-0.0,-0.0,-0.0,-0.0,0.0,0.489916,-4.918376000000001,2.7769059999999985
186,"([0.08, 0.12, 0.13, 0.05, 0.44, 0.18], [4])","([0, 0, 0, 0, 1, 0], [4])",-0.0,-0.0,-0.0,-0.0,-0.0,-0.0,0.0,0.489916,-5.408292000000001,2.7769059999999985
187,"([0.08, 0.12, 0.13, 0.05, 0.44, 0.18], [1])","([0, 0, 0, 0, 1, 0], [4])",-0.0,-0.914,-0.0,-0.0,-0.0,-0.0,-0.914,0.489916,-4.9842080000000015,2.7769059999999985
188,"([0.08, 0.12, 0.13, 0.05, 0.44, 0.18], [5])","([0, 0, 0, 0, 1, 0], [4])",-0.0,-0.0,-0.0,-0.0,-0.0,-0.858,-0.858,0.489916,-4.616124000000002,2.7769059999999985
189,"([0.08, 0.12, 0.13, 0.05, 0.44, 0.18], [5])","([0, 0, 0, 0, 1, 0], [4])",-0.0,-0.0,-0.0,-0.0,-0.0,-0.858,-0.858,0.489916,-4.248040000000002,2.7769059999999985
190,"([0.08, 0.12, 0.13, 0.05, 0.44, 0.18], [4])","([0, 0, 0, 0, 1, 0], [4])",-0.0,-0.0,-0.0,-0.0,-0.0,-0.0,0.0,0.489916,-4.737956000000002,2.7769059999999985
191,"([0.08, 0.12, 0.13, 0.05, 0.44, 0.18], [4])","([0, 0, 0, 0, 1, 0], [4])",-0.0,-0.0,-0.0,-0.0,-0.0,-0.0,0.0,0.489916,-5.227872000000002,2.7769059999999985
192,"([0.08, 0.12, 0.13, 0.05, 0.44, 0.18], [4])","([0, 0, 0, 0, 1, 0], [4])",-0.0,-0.0,-0.0,-0.0,-0.0,-0.0,0.0,0.489916,-5.717788000000002,2.7769059999999985
193,"([0.08, 0.12, 0.13, 0.05, 0.44, 0.18], [2])","([0, 0, 0, 0, 1, 0], [4])",-0.0,-0.0,-0.94,-0.0,-0.0,-0.0,-0.94,0.489916,-5.267704000000002,2.7769059999999985
194,"([0.08, 0.12, 0.13, 0.05, 0.44, 0.18], [0])","([0, 0, 0, 0, 1, 0], [4])",-0.772,-0.0,-0.0,-0.0,-0.0,-0.0,-0.772,0.489916,-4.985620000000002,2.7769059999999985
195,"([0.08, 0.12, 0.13, 0.05, 0.44, 0.18], [4])","([0, 0, 0, 0, 1, 0], [4])",-0.0,-0.0,-0.0,-0.0,-0.0,-0.0,0.0,0.489916,-5.475536000000002,2.7769059999999985
196,"([0.08, 0.12, 0.13, 0.05, 0.44, 0.18], [2])","([0, 0, 0, 0, 1, 0], [4])",-0.0,-0.0,-0.94,-0.0,-0.0,-0.0,-0.94,0.489916,-5.025452000000001,2.7769059999999985
197,"([0.08, 0.12, 0.13, 0.05, 0.44, 0.18], [5])","([0, 0, 0, 0, 1, 0], [4])",-0.0,-0.0,-0.0,-0.0,-0.0,-0.858,-0.858,0.489916,-4.657368000000002,2.7769059999999985
198,"([0.08, 0.12, 0.13, 0.05, 0.44, 0.18], [1])","([0, 0, 0, 0, 1, 0], [4])",-0.0,-0.914,-0.0,-0.0,-0.0,-0.0,-0.914,0.489916,-4.233284000000002,2.7769059999999985
199,"([0.08, 0.12, 0.13, 0.05, 0.44, 0.18], [5])","([0, 0, 0, 0, 1, 0], [4])",-0.0,-0.0,-0.0,-0.0,-0.0,-0.858,-0.858,0.489916,-3.865200000000002,2.7769059999999985
