,sto-1,FB-0,feedback target 0,feedback target 1,feedback target 2,feedback target 3,feedback target 4,total,exp_loss,actual_regret,exp_regret
0,"([0.26, 0.12, 0.33, 0.23, 0.07], [2])","([1, 0, 0, 0, 0], [0])",-0.0,-0.0,-0.855,-0.0,-0.0,-0.855,0.6585000000000001,0.25660799999999995,0.06010800000000005
1,"([0.26, 0.12, 0.33, 0.23, 0.07], [3])","([0, 0, 1, 0, 0], [2])",-0.0,-0.0,-0.0,-0.888,-0.0,-0.888,0.598392,0.5462159999999999,0.06010800000000005
2,"([0.26, 0.12, 0.33, 0.23, 0.07], [0])","([0, 0, 0, 1, 0], [3])",-0.8540000000000001,-0.0,-0.0,-0.0,-0.0,-0.8540000000000001,0.6772560000000001,0.801824,0.1389720000000001
3,"([0.26, 0.12, 0.33, 0.23, 0.07], [2])","([0, 0, 1, 0, 0], [2])",-0.0,-0.0,-0.0,-0.0,-0.0,0.0,0.598392,0.20343199999999995,0.1389720000000001
4,"([0.26, 0.12, 0.33, 0.23, 0.07], [2])","([0, 0, 1, 0, 0], [2])",-0.0,-0.0,-0.0,-0.0,-0.0,0.0,0.598392,-0.3949600000000001,0.1389720000000001
5,"([0.26, 0.12, 0.33, 0.23, 0.07], [0])","([0, 0, 1, 0, 0], [2])",-0.8540000000000001,-0.0,-0.0,-0.0,-0.0,-0.8540000000000001,0.598392,-0.13935200000000003,0.1389720000000001
6,"([0.26, 0.12, 0.33, 0.23, 0.07], [0])","([0, 0, 1, 0, 0], [2])",-0.8540000000000001,-0.0,-0.0,-0.0,-0.0,-0.8540000000000001,0.598392,0.11625600000000003,0.1389720000000001
7,"([0.26, 0.12, 0.33, 0.23, 0.07], [1])","([0, 0, 1, 0, 0], [2])",-0.0,-0.9520000000000001,-0.0,-0.0,-0.0,-0.9520000000000001,0.598392,0.46986400000000006,0.1389720000000001
8,"([0.26, 0.12, 0.33, 0.23, 0.07], [1])","([0, 0, 1, 0, 0], [2])",-0.0,-0.9520000000000001,-0.0,-0.0,-0.0,-0.9520000000000001,0.598392,0.8234720000000001,0.1389720000000001
9,"([0.26, 0.12, 0.33, 0.23, 0.07], [0])","([1, 0, 0, 0, 0], [0])",-0.0,-0.0,-0.0,-0.0,-0.0,0.0,0.6585000000000001,0.22508000000000006,0.19908000000000015
10,"([0.26, 0.12, 0.33, 0.23, 0.07], [0])","([1, 0, 0, 0, 0], [0])",-0.0,-0.0,-0.0,-0.0,-0.0,0.0,0.6585000000000001,-0.373312,0.2591880000000002
11,"([0.26, 0.12, 0.33, 0.23, 0.07], [4])","([1, 0, 0, 0, 0], [0])",-0.0,-0.0,-0.0,-0.0,-0.93,-0.93,0.6585000000000001,-0.04170399999999996,0.31929600000000025
12,"([0.26, 0.12, 0.33, 0.23, 0.07], [3])","([1, 0, 0, 0, 0], [0])",-0.0,-0.0,-0.0,-0.888,-0.0,-0.888,0.6585000000000001,0.247904,0.3794040000000003
13,"([0.26, 0.12, 0.33, 0.23, 0.07], [2])","([1, 0, 0, 0, 0], [0])",-0.0,-0.0,-0.855,-0.0,-0.0,-0.855,0.6585000000000001,0.504512,0.43951200000000035
14,"([0.26, 0.12, 0.33, 0.23, 0.07], [0])","([1, 0, 0, 0, 0], [0])",-0.0,-0.0,-0.0,-0.0,-0.0,0.0,0.6585000000000001,-0.09388000000000007,0.4996200000000004
15,"([0.26, 0.12, 0.33, 0.23, 0.07], [1])","([1, 0, 0, 0, 0], [0])",-0.0,-0.9520000000000001,-0.0,-0.0,-0.0,-0.9520000000000001,0.6585000000000001,0.25972799999999996,0.5597280000000004
16,"([0.26, 0.12, 0.33, 0.23, 0.07], [3])","([1, 0, 0, 0, 0], [0])",-0.0,-0.0,-0.0,-0.888,-0.0,-0.888,0.6585000000000001,0.5493359999999999,0.6198360000000005
17,"([0.26, 0.12, 0.33, 0.23, 0.07], [0])","([1, 0, 0, 0, 0], [0])",-0.0,-0.0,-0.0,-0.0,-0.0,0.0,0.6585000000000001,-0.0490560000000001,0.6799440000000005
18,"([0.26, 0.12, 0.33, 0.23, 0.07], [0])","([1, 0, 0, 0, 0], [0])",-0.0,-0.0,-0.0,-0.0,-0.0,0.0,0.6585000000000001,-0.6474480000000001,0.7400520000000006
19,"([0.26, 0.12, 0.33, 0.23, 0.07], [2])","([1, 0, 0, 0, 0], [0])",-0.0,-0.0,-0.855,-0.0,-0.0,-0.855,0.6585000000000001,-0.3908400000000002,0.8001600000000006
20,"([0.26, 0.12, 0.33, 0.23, 0.07], [3])","([1, 0, 0, 0, 0], [0])",-0.0,-0.0,-0.0,-0.888,-0.0,-0.888,0.6585000000000001,-0.10123200000000021,0.8602680000000007
21,"([0.26, 0.12, 0.33, 0.23, 0.07], [3])","([1, 0, 0, 0, 0], [0])",-0.0,-0.0,-0.0,-0.888,-0.0,-0.888,0.6585000000000001,0.18837599999999977,0.9203760000000007
22,"([0.26, 0.12, 0.33, 0.23, 0.07], [2])","([1, 0, 0, 0, 0], [0])",-0.0,-0.0,-0.855,-0.0,-0.0,-0.855,0.6585000000000001,0.4449839999999997,0.9804840000000008
23,"([0.26, 0.12, 0.33, 0.23, 0.07], [0])","([1, 0, 0, 0, 0], [0])",-0.0,-0.0,-0.0,-0.0,-0.0,0.0,0.6585000000000001,-0.15340800000000032,1.0405920000000008
24,"([0.26, 0.12, 0.33, 0.23, 0.07], [1])","([1, 0, 0, 0, 0], [0])",-0.0,-0.9520000000000001,-0.0,-0.0,-0.0,-0.9520000000000001,0.6585000000000001,0.2001999999999997,1.100700000000001
25,"([0.26, 0.12, 0.33, 0.23, 0.07], [0])","([1, 0, 0, 0, 0], [0])",-0.0,-0.0,-0.0,-0.0,-0.0,0.0,0.6585000000000001,-0.3981920000000003,1.160808000000001
26,"([0.26, 0.12, 0.33, 0.23, 0.07], [3])","([1, 0, 0, 0, 0], [0])",-0.0,-0.0,-0.0,-0.888,-0.0,-0.888,0.6585000000000001,-0.10858400000000035,1.220916000000001
27,"([0.26, 0.12, 0.33, 0.23, 0.07], [0])","([1, 0, 0, 0, 0], [0])",-0.0,-0.0,-0.0,-0.0,-0.0,0.0,0.6585000000000001,-0.7069760000000004,1.281024000000001
28,"([0.26, 0.12, 0.33, 0.23, 0.07], [3])","([1, 0, 0, 0, 0], [0])",-0.0,-0.0,-0.0,-0.888,-0.0,-0.888,0.6585000000000001,-0.4173680000000004,1.341132000000001
29,"([0.26, 0.12, 0.33, 0.23, 0.07], [0])","([1, 0, 0, 0, 0], [0])",-0.0,-0.0,-0.0,-0.0,-0.0,0.0,0.6585000000000001,-1.0157600000000004,1.4012400000000012
30,"([0.26, 0.12, 0.33, 0.23, 0.07], [2])","([1, 0, 0, 0, 0], [0])",-0.0,-0.0,-0.855,-0.0,-0.0,-0.855,0.6585000000000001,-0.7591520000000005,1.4613480000000012
31,"([0.26, 0.12, 0.33, 0.23, 0.07], [3])","([1, 0, 0, 0, 0], [0])",-0.0,-0.0,-0.0,-0.888,-0.0,-0.888,0.6585000000000001,-0.4695440000000005,1.5214560000000013
32,"([0.26, 0.12, 0.33, 0.23, 0.07], [3])","([1, 0, 0, 0, 0], [0])",-0.0,-0.0,-0.0,-0.888,-0.0,-0.888,0.6585000000000001,-0.17993600000000054,1.5815640000000013
33,"([0.26, 0.12, 0.33, 0.23, 0.07], [0])","([1, 0, 0, 0, 0], [0])",-0.0,-0.0,-0.0,-0.0,-0.0,0.0,0.6585000000000001,-0.7783280000000006,1.6416720000000014
34,"([0.26, 0.12, 0.33, 0.23, 0.07], [0])","([1, 0, 0, 0, 0], [0])",-0.0,-0.0,-0.0,-0.0,-0.0,0.0,0.6585000000000001,-1.3767200000000006,1.7017800000000014
35,"([0.26, 0.12, 0.33, 0.23, 0.07], [3])","([1, 0, 0, 0, 0], [0])",-0.0,-0.0,-0.0,-0.888,-0.0,-0.888,0.6585000000000001,-1.0871120000000007,1.7618880000000015
36,"([0.26, 0.12, 0.33, 0.23, 0.07], [2])","([1, 0, 0, 0, 0], [0])",-0.0,-0.0,-0.855,-0.0,-0.0,-0.855,0.6585000000000001,-0.8305040000000008,1.8219960000000015
37,"([0.26, 0.12, 0.33, 0.23, 0.07], [0])","([1, 0, 0, 0, 0], [0])",-0.0,-0.0,-0.0,-0.0,-0.0,0.0,0.6585000000000001,-1.4288960000000008,1.8821040000000016
38,"([0.26, 0.12, 0.33, 0.23, 0.07], [4])","([1, 0, 0, 0, 0], [0])",-0.0,-0.0,-0.0,-0.0,-0.93,-0.93,0.6585000000000001,-1.0972880000000007,1.9422120000000016
39,"([0.26, 0.12, 0.33, 0.23, 0.07], [4])","([1, 0, 0, 0, 0], [0])",-0.0,-0.0,-0.0,-0.0,-0.93,-0.93,0.6585000000000001,-0.7656800000000007,2.002320000000002
40,"([0.26, 0.12, 0.33, 0.23, 0.07], [0])","([0, 0, 1, 0, 0], [2])",-0.8540000000000001,-0.0,-0.0,-0.0,-0.0,-0.8540000000000001,0.598392,-0.5100720000000006,2.002320000000002
41,"([0.26, 0.12, 0.33, 0.23, 0.07], [4])","([0, 0, 1, 0, 0], [2])",-0.0,-0.0,-0.0,-0.0,-0.93,-0.93,0.598392,-0.17846400000000062,2.002320000000002
42,"([0.26, 0.12, 0.33, 0.23, 0.07], [2])","([0, 0, 1, 0, 0], [2])",-0.0,-0.0,-0.0,-0.0,-0.0,0.0,0.598392,-0.7768560000000007,2.002320000000002
43,"([0.26, 0.12, 0.33, 0.23, 0.07], [3])","([0, 0, 1, 0, 0], [2])",-0.0,-0.0,-0.0,-0.888,-0.0,-0.888,0.598392,-0.4872480000000007,2.002320000000002
44,"([0.26, 0.12, 0.33, 0.23, 0.07], [0])","([0, 0, 1, 0, 0], [2])",-0.8540000000000001,-0.0,-0.0,-0.0,-0.0,-0.8540000000000001,0.598392,-0.23164000000000062,2.002320000000002
45,"([0.26, 0.12, 0.33, 0.23, 0.07], [0])","([0, 0, 1, 0, 0], [2])",-0.8540000000000001,-0.0,-0.0,-0.0,-0.0,-0.8540000000000001,0.598392,0.023967999999999434,2.002320000000002
46,"([0.26, 0.12, 0.33, 0.23, 0.07], [0])","([0, 0, 1, 0, 0], [2])",-0.8540000000000001,-0.0,-0.0,-0.0,-0.0,-0.8540000000000001,0.598392,0.2795759999999995,2.002320000000002
47,"([0.26, 0.12, 0.33, 0.23, 0.07], [3])","([0, 0, 1, 0, 0], [2])",-0.0,-0.0,-0.0,-0.888,-0.0,-0.888,0.598392,0.5691839999999995,2.002320000000002
48,"([0.26, 0.12, 0.33, 0.23, 0.07], [1])","([0, 0, 1, 0, 0], [2])",-0.0,-0.9520000000000001,-0.0,-0.0,-0.0,-0.9520000000000001,0.598392,0.9227919999999995,2.002320000000002
49,"([0.26, 0.12, 0.33, 0.23, 0.07], [3])","([1, 0, 0, 0, 0], [0])",-0.0,-0.0,-0.0,-0.888,-0.0,-0.888,0.6585000000000001,1.2123999999999995,2.062428000000002
50,"([0.26, 0.12, 0.33, 0.23, 0.07], [3])","([0, 0, 1, 0, 0], [2])",-0.0,-0.0,-0.0,-0.888,-0.0,-0.888,0.598392,1.5020079999999996,2.062428000000002
51,"([0.26, 0.12, 0.33, 0.23, 0.07], [0])","([0, 0, 1, 0, 0], [2])",-0.8540000000000001,-0.0,-0.0,-0.0,-0.0,-0.8540000000000001,0.598392,1.7576159999999996,2.062428000000002
52,"([0.26, 0.12, 0.33, 0.23, 0.07], [3])","([0, 0, 1, 0, 0], [2])",-0.0,-0.0,-0.0,-0.888,-0.0,-0.888,0.598392,2.0472239999999995,2.062428000000002
53,"([0.26, 0.12, 0.33, 0.23, 0.07], [0])","([0, 0, 1, 0, 0], [2])",-0.8540000000000001,-0.0,-0.0,-0.0,-0.0,-0.8540000000000001,0.598392,2.3028319999999995,2.062428000000002
54,"([0.26, 0.12, 0.33, 0.23, 0.07], [4])","([0, 0, 1, 0, 0], [2])",-0.0,-0.0,-0.0,-0.0,-0.93,-0.93,0.598392,2.6344399999999997,2.062428000000002
55,"([0.26, 0.12, 0.33, 0.23, 0.07], [2])","([0, 0, 1, 0, 0], [2])",-0.0,-0.0,-0.0,-0.0,-0.0,0.0,0.598392,2.0360479999999996,2.062428000000002
56,"([0.26, 0.12, 0.33, 0.23, 0.07], [4])","([0, 0, 1, 0, 0], [2])",-0.0,-0.0,-0.0,-0.0,-0.93,-0.93,0.598392,2.3676559999999998,2.062428000000002
57,"([0.26, 0.12, 0.33, 0.23, 0.07], [2])","([0, 0, 1, 0, 0], [2])",-0.0,-0.0,-0.0,-0.0,-0.0,0.0,0.598392,1.7692639999999997,2.062428000000002
58,"([0.26, 0.12, 0.33, 0.23, 0.07], [1])","([0, 0, 1, 0, 0], [2])",-0.0,-0.9520000000000001,-0.0,-0.0,-0.0,-0.9520000000000001,0.598392,2.1228719999999996,2.062428000000002
59,"([0.26, 0.12, 0.33, 0.23, 0.07], [0])","([0, 0, 1, 0, 0], [2])",-0.8540000000000001,-0.0,-0.0,-0.0,-0.0,-0.8540000000000001,0.598392,2.3784799999999997,2.062428000000002
60,"([0.26, 0.12, 0.33, 0.23, 0.07], [2])","([0, 0, 1, 0, 0], [2])",-0.0,-0.0,-0.0,-0.0,-0.0,0.0,0.598392,1.7800879999999997,2.062428000000002
61,"([0.26, 0.12, 0.33, 0.23, 0.07], [3])","([0, 0, 1, 0, 0], [2])",-0.0,-0.0,-0.0,-0.888,-0.0,-0.888,0.598392,2.0696959999999995,2.062428000000002
62,"([0.26, 0.12, 0.33, 0.23, 0.07], [1])","([0, 0, 1, 0, 0], [2])",-0.0,-0.9520000000000001,-0.0,-0.0,-0.0,-0.9520000000000001,0.598392,2.4233039999999995,2.062428000000002
63,"([0.26, 0.12, 0.33, 0.23, 0.07], [2])","([0, 0, 1, 0, 0], [2])",-0.0,-0.0,-0.0,-0.0,-0.0,0.0,0.598392,1.8249119999999994,2.062428000000002
64,"([0.26, 0.12, 0.33, 0.23, 0.07], [3])","([0, 0, 1, 0, 0], [2])",-0.0,-0.0,-0.0,-0.888,-0.0,-0.888,0.598392,2.1145199999999993,2.062428000000002
65,"([0.26, 0.12, 0.33, 0.23, 0.07], [0])","([0, 0, 1, 0, 0], [2])",-0.8540000000000001,-0.0,-0.0,-0.0,-0.0,-0.8540000000000001,0.598392,2.3701279999999993,2.062428000000002
66,"([0.26, 0.12, 0.33, 0.23, 0.07], [0])","([0, 0, 1, 0, 0], [2])",-0.8540000000000001,-0.0,-0.0,-0.0,-0.0,-0.8540000000000001,0.598392,2.6257359999999994,2.062428000000002
67,"([0.26, 0.12, 0.33, 0.23, 0.07], [0])","([0, 0, 1, 0, 0], [2])",-0.8540000000000001,-0.0,-0.0,-0.0,-0.0,-0.8540000000000001,0.598392,2.8813439999999995,2.062428000000002
68,"([0.26, 0.12, 0.33, 0.23, 0.07], [2])","([0, 0, 1, 0, 0], [2])",-0.0,-0.0,-0.0,-0.0,-0.0,0.0,0.598392,2.2829519999999994,2.062428000000002
69,"([0.26, 0.12, 0.33, 0.23, 0.07], [2])","([0, 0, 1, 0, 0], [2])",-0.0,-0.0,-0.0,-0.0,-0.0,0.0,0.598392,1.6845599999999994,2.062428000000002
70,"([0.26, 0.12, 0.33, 0.23, 0.07], [0])","([0, 0, 1, 0, 0], [2])",-0.8540000000000001,-0.0,-0.0,-0.0,-0.0,-0.8540000000000001,0.598392,1.9401679999999994,2.062428000000002
71,"([0.26, 0.12, 0.33, 0.23, 0.07], [4])","([0, 0, 1, 0, 0], [2])",-0.0,-0.0,-0.0,-0.0,-0.93,-0.93,0.598392,2.2717759999999996,2.062428000000002
72,"([0.26, 0.12, 0.33, 0.23, 0.07], [3])","([0, 0, 1, 0, 0], [2])",-0.0,-0.0,-0.0,-0.888,-0.0,-0.888,0.598392,2.5613839999999994,2.062428000000002
73,"([0.26, 0.12, 0.33, 0.23, 0.07], [2])","([0, 0, 1, 0, 0], [2])",-0.0,-0.0,-0.0,-0.0,-0.0,0.0,0.598392,1.9629919999999994,2.062428000000002
74,"([0.26, 0.12, 0.33, 0.23, 0.07], [3])","([0, 0, 1, 0, 0], [2])",-0.0,-0.0,-0.0,-0.888,-0.0,-0.888,0.598392,2.2525999999999993,2.062428000000002
75,"([0.26, 0.12, 0.33, 0.23, 0.07], [3])","([0, 0, 1, 0, 0], [2])",-0.0,-0.0,-0.0,-0.888,-0.0,-0.888,0.598392,2.542207999999999,2.062428000000002
76,"([0.26, 0.12, 0.33, 0.23, 0.07], [2])","([0, 0, 1, 0, 0], [2])",-0.0,-0.0,-0.0,-0.0,-0.0,0.0,0.598392,1.943815999999999,2.062428000000002
77,"([0.26, 0.12, 0.33, 0.23, 0.07], [2])","([0, 0, 1, 0, 0], [2])",-0.0,-0.0,-0.0,-0.0,-0.0,0.0,0.598392,1.345423999999999,2.062428000000002
78,"([0.26, 0.12, 0.33, 0.23, 0.07], [1])","([0, 0, 1, 0, 0], [2])",-0.0,-0.9520000000000001,-0.0,-0.0,-0.0,-0.9520000000000001,0.598392,1.699031999999999,2.062428000000002
79,"([0.26, 0.12, 0.33, 0.23, 0.07], [0])","([0, 0, 1, 0, 0], [2])",-0.8540000000000001,-0.0,-0.0,-0.0,-0.0,-0.8540000000000001,0.598392,1.954639999999999,2.062428000000002
80,"([0.26, 0.12, 0.33, 0.23, 0.07], [3])","([0, 0, 1, 0, 0], [2])",-0.0,-0.0,-0.0,-0.888,-0.0,-0.888,0.598392,2.244247999999999,2.062428000000002
81,"([0.26, 0.12, 0.33, 0.23, 0.07], [2])","([0, 0, 1, 0, 0], [2])",-0.0,-0.0,-0.0,-0.0,-0.0,0.0,0.598392,1.6458559999999989,2.062428000000002
82,"([0.26, 0.12, 0.33, 0.23, 0.07], [2])","([0, 0, 1, 0, 0], [2])",-0.0,-0.0,-0.0,-0.0,-0.0,0.0,0.598392,1.0474639999999988,2.062428000000002
83,"([0.26, 0.12, 0.33, 0.23, 0.07], [2])","([0, 0, 1, 0, 0], [2])",-0.0,-0.0,-0.0,-0.0,-0.0,0.0,0.598392,0.4490719999999988,2.062428000000002
84,"([0.26, 0.12, 0.33, 0.23, 0.07], [1])","([0, 0, 1, 0, 0], [2])",-0.0,-0.9520000000000001,-0.0,-0.0,-0.0,-0.9520000000000001,0.598392,0.8026799999999988,2.062428000000002
85,"([0.26, 0.12, 0.33, 0.23, 0.07], [0])","([0, 0, 1, 0, 0], [2])",-0.8540000000000001,-0.0,-0.0,-0.0,-0.0,-0.8540000000000001,0.598392,1.0582879999999988,2.062428000000002
86,"([0.26, 0.12, 0.33, 0.23, 0.07], [2])","([0, 0, 1, 0, 0], [2])",-0.0,-0.0,-0.0,-0.0,-0.0,0.0,0.598392,0.45989599999999875,2.062428000000002
87,"([0.26, 0.12, 0.33, 0.23, 0.07], [0])","([0, 0, 1, 0, 0], [2])",-0.8540000000000001,-0.0,-0.0,-0.0,-0.0,-0.8540000000000001,0.598392,0.7155039999999988,2.062428000000002
88,"([0.26, 0.12, 0.33, 0.23, 0.07], [3])","([0, 0, 1, 0, 0], [2])",-0.0,-0.0,-0.0,-0.888,-0.0,-0.888,0.598392,1.0051119999999987,2.062428000000002
89,"([0.26, 0.12, 0.33, 0.23, 0.07], [0])","([0, 0, 1, 0, 0], [2])",-0.8540000000000001,-0.0,-0.0,-0.0,-0.0,-0.8540000000000001,0.598392,1.2607199999999987,2.062428000000002
90,"([0.26, 0.12, 0.33, 0.23, 0.07], [0])","([0, 0, 1, 0, 0], [2])",-0.8540000000000001,-0.0,-0.0,-0.0,-0.0,-0.8540000000000001,0.598392,1.5163279999999988,2.062428000000002
91,"([0.26, 0.12, 0.33, 0.23, 0.07], [0])","([0, 0, 1, 0, 0], [2])",-0.8540000000000001,-0.0,-0.0,-0.0,-0.0,-0.8540000000000001,0.598392,1.7719359999999988,2.062428000000002
92,"([0.26, 0.12, 0.33, 0.23, 0.07], [2])","([0, 0, 1, 0, 0], [2])",-0.0,-0.0,-0.0,-0.0,-0.0,0.0,0.598392,1.1735439999999988,2.062428000000002
93,"([0.26, 0.12, 0.33, 0.23, 0.07], [4])","([0, 0, 1, 0, 0], [2])",-0.0,-0.0,-0.0,-0.0,-0.93,-0.93,0.598392,1.505151999999999,2.062428000000002
94,"([0.26, 0.12, 0.33, 0.23, 0.07], [2])","([0, 0, 1, 0, 0], [2])",-0.0,-0.0,-0.0,-0.0,-0.0,0.0,0.598392,0.9067599999999989,2.062428000000002
95,"([0.26, 0.12, 0.33, 0.23, 0.07], [0])","([0, 0, 1, 0, 0], [2])",-0.8540000000000001,-0.0,-0.0,-0.0,-0.0,-0.8540000000000001,0.598392,1.162367999999999,2.062428000000002
96,"([0.26, 0.12, 0.33, 0.23, 0.07], [0])","([0, 0, 1, 0, 0], [2])",-0.8540000000000001,-0.0,-0.0,-0.0,-0.0,-0.8540000000000001,0.598392,1.417975999999999,2.062428000000002
97,"([0.26, 0.12, 0.33, 0.23, 0.07], [2])","([0, 0, 1, 0, 0], [2])",-0.0,-0.0,-0.0,-0.0,-0.0,0.0,0.598392,0.819583999999999,2.062428000000002
98,"([0.26, 0.12, 0.33, 0.23, 0.07], [0])","([0, 0, 1, 0, 0], [2])",-0.8540000000000001,-0.0,-0.0,-0.0,-0.0,-0.8540000000000001,0.598392,1.075191999999999,2.062428000000002
99,"([0.26, 0.12, 0.33, 0.23, 0.07], [1])","([0, 0, 1, 0, 0], [2])",-0.0,-0.9520000000000001,-0.0,-0.0,-0.0,-0.9520000000000001,0.598392,1.428799999999999,2.062428000000002
100,"([0.26, 0.12, 0.33, 0.23, 0.07], [3])","([0, 0, 1, 0, 0], [2])",-0.0,-0.0,-0.0,-0.888,-0.0,-0.888,0.598392,1.7184079999999988,2.062428000000002
101,"([0.26, 0.12, 0.33, 0.23, 0.07], [2])","([0, 0, 1, 0, 0], [2])",-0.0,-0.0,-0.0,-0.0,-0.0,0.0,0.598392,1.1200159999999988,2.062428000000002
102,"([0.26, 0.12, 0.33, 0.23, 0.07], [3])","([0, 0, 1, 0, 0], [2])",-0.0,-0.0,-0.0,-0.888,-0.0,-0.888,0.598392,1.4096239999999987,2.062428000000002
103,"([0.26, 0.12, 0.33, 0.23, 0.07], [1])","([0, 0, 1, 0, 0], [2])",-0.0,-0.9520000000000001,-0.0,-0.0,-0.0,-0.9520000000000001,0.598392,1.7632319999999986,2.062428000000002
104,"([0.26, 0.12, 0.33, 0.23, 0.07], [3])","([0, 0, 1, 0, 0], [2])",-0.0,-0.0,-0.0,-0.888,-0.0,-0.888,0.598392,2.0528399999999984,2.062428000000002
105,"([0.26, 0.12, 0.33, 0.23, 0.07], [4])","([0, 0, 1, 0, 0], [2])",-0.0,-0.0,-0.0,-0.0,-0.93,-0.93,0.598392,2.3844479999999986,2.062428000000002
106,"([0.26, 0.12, 0.33, 0.23, 0.07], [0])","([0, 0, 1, 0, 0], [2])",-0.8540000000000001,-0.0,-0.0,-0.0,-0.0,-0.8540000000000001,0.598392,2.6400559999999986,2.062428000000002
107,"([0.26, 0.12, 0.33, 0.23, 0.07], [2])","([0, 0, 1, 0, 0], [2])",-0.0,-0.0,-0.0,-0.0,-0.0,0.0,0.598392,2.0416639999999986,2.062428000000002
108,"([0.26, 0.12, 0.33, 0.23, 0.07], [0])","([0, 0, 1, 0, 0], [2])",-0.8540000000000001,-0.0,-0.0,-0.0,-0.0,-0.8540000000000001,0.598392,2.2972719999999986,2.062428000000002
109,"([0.26, 0.12, 0.33, 0.23, 0.07], [2])","([0, 0, 1, 0, 0], [2])",-0.0,-0.0,-0.0,-0.0,-0.0,0.0,0.598392,1.6988799999999986,2.062428000000002
110,"([0.26, 0.12, 0.33, 0.23, 0.07], [0])","([0, 0, 1, 0, 0], [2])",-0.8540000000000001,-0.0,-0.0,-0.0,-0.0,-0.8540000000000001,0.598392,1.9544879999999987,2.062428000000002
111,"([0.26, 0.12, 0.33, 0.23, 0.07], [3])","([0, 0, 1, 0, 0], [2])",-0.0,-0.0,-0.0,-0.888,-0.0,-0.888,0.598392,2.2440959999999985,2.062428000000002
112,"([0.26, 0.12, 0.33, 0.23, 0.07], [3])","([0, 0, 1, 0, 0], [2])",-0.0,-0.0,-0.0,-0.888,-0.0,-0.888,0.598392,2.5337039999999984,2.062428000000002
113,"([0.26, 0.12, 0.33, 0.23, 0.07], [2])","([0, 0, 1, 0, 0], [2])",-0.0,-0.0,-0.0,-0.0,-0.0,0.0,0.598392,1.9353119999999984,2.062428000000002
114,"([0.26, 0.12, 0.33, 0.23, 0.07], [2])","([0, 0, 1, 0, 0], [2])",-0.0,-0.0,-0.0,-0.0,-0.0,0.0,0.598392,1.3369199999999983,2.062428000000002
115,"([0.26, 0.12, 0.33, 0.23, 0.07], [2])","([0, 0, 1, 0, 0], [2])",-0.0,-0.0,-0.0,-0.0,-0.0,0.0,0.598392,0.7385279999999983,2.062428000000002
116,"([0.26, 0.12, 0.33, 0.23, 0.07], [2])","([0, 0, 1, 0, 0], [2])",-0.0,-0.0,-0.0,-0.0,-0.0,0.0,0.598392,0.14013599999999826,2.062428000000002
117,"([0.26, 0.12, 0.33, 0.23, 0.07], [2])","([0, 0, 1, 0, 0], [2])",-0.0,-0.0,-0.0,-0.0,-0.0,0.0,0.598392,-0.4582560000000018,2.062428000000002
118,"([0.26, 0.12, 0.33, 0.23, 0.07], [2])","([0, 0, 1, 0, 0], [2])",-0.0,-0.0,-0.0,-0.0,-0.0,0.0,0.598392,-1.0566480000000018,2.062428000000002
119,"([0.26, 0.12, 0.33, 0.23, 0.07], [0])","([0, 0, 1, 0, 0], [2])",-0.8540000000000001,-0.0,-0.0,-0.0,-0.0,-0.8540000000000001,0.598392,-0.8010400000000018,2.062428000000002
120,"([0.26, 0.12, 0.33, 0.23, 0.07], [2])","([0, 0, 1, 0, 0], [2])",-0.0,-0.0,-0.0,-0.0,-0.0,0.0,0.598392,-1.3994320000000018,2.062428000000002
121,"([0.26, 0.12, 0.33, 0.23, 0.07], [2])","([0, 0, 1, 0, 0], [2])",-0.0,-0.0,-0.0,-0.0,-0.0,0.0,0.598392,-1.9978240000000018,2.062428000000002
122,"([0.26, 0.12, 0.33, 0.23, 0.07], [3])","([0, 0, 1, 0, 0], [2])",-0.0,-0.0,-0.0,-0.888,-0.0,-0.888,0.598392,-1.708216000000002,2.062428000000002
123,"([0.26, 0.12, 0.33, 0.23, 0.07], [1])","([0, 0, 1, 0, 0], [2])",-0.0,-0.9520000000000001,-0.0,-0.0,-0.0,-0.9520000000000001,0.598392,-1.354608000000002,2.062428000000002
124,"([0.26, 0.12, 0.33, 0.23, 0.07], [0])","([0, 0, 1, 0, 0], [2])",-0.8540000000000001,-0.0,-0.0,-0.0,-0.0,-0.8540000000000001,0.598392,-1.099000000000002,2.062428000000002
125,"([0.26, 0.12, 0.33, 0.23, 0.07], [0])","([0, 0, 1, 0, 0], [2])",-0.8540000000000001,-0.0,-0.0,-0.0,-0.0,-0.8540000000000001,0.598392,-0.8433920000000019,2.062428000000002
126,"([0.26, 0.12, 0.33, 0.23, 0.07], [3])","([0, 0, 1, 0, 0], [2])",-0.0,-0.0,-0.0,-0.888,-0.0,-0.888,0.598392,-0.5537840000000019,2.062428000000002
127,"([0.26, 0.12, 0.33, 0.23, 0.07], [1])","([0, 0, 1, 0, 0], [2])",-0.0,-0.9520000000000001,-0.0,-0.0,-0.0,-0.9520000000000001,0.598392,-0.2001760000000019,2.062428000000002
128,"([0.26, 0.12, 0.33, 0.23, 0.07], [2])","([0, 0, 1, 0, 0], [2])",-0.0,-0.0,-0.0,-0.0,-0.0,0.0,0.598392,-0.7985680000000019,2.062428000000002
129,"([0.26, 0.12, 0.33, 0.23, 0.07], [2])","([0, 0, 1, 0, 0], [2])",-0.0,-0.0,-0.0,-0.0,-0.0,0.0,0.598392,-1.396960000000002,2.062428000000002
130,"([0.26, 0.12, 0.33, 0.23, 0.07], [3])","([0, 0, 1, 0, 0], [2])",-0.0,-0.0,-0.0,-0.888,-0.0,-0.888,0.598392,-1.107352000000002,2.062428000000002
131,"([0.26, 0.12, 0.33, 0.23, 0.07], [2])","([0, 0, 1, 0, 0], [2])",-0.0,-0.0,-0.0,-0.0,-0.0,0.0,0.598392,-1.705744000000002,2.062428000000002
132,"([0.26, 0.12, 0.33, 0.23, 0.07], [3])","([0, 0, 1, 0, 0], [2])",-0.0,-0.0,-0.0,-0.888,-0.0,-0.888,0.598392,-1.416136000000002,2.062428000000002
133,"([0.26, 0.12, 0.33, 0.23, 0.07], [0])","([0, 0, 1, 0, 0], [2])",-0.8540000000000001,-0.0,-0.0,-0.0,-0.0,-0.8540000000000001,0.598392,-1.160528000000002,2.062428000000002
134,"([0.26, 0.12, 0.33, 0.23, 0.07], [2])","([0, 0, 1, 0, 0], [2])",-0.0,-0.0,-0.0,-0.0,-0.0,0.0,0.598392,-1.758920000000002,2.062428000000002
135,"([0.26, 0.12, 0.33, 0.23, 0.07], [2])","([0, 0, 1, 0, 0], [2])",-0.0,-0.0,-0.0,-0.0,-0.0,0.0,0.598392,-2.357312000000002,2.062428000000002
136,"([0.26, 0.12, 0.33, 0.23, 0.07], [0])","([0, 0, 1, 0, 0], [2])",-0.8540000000000001,-0.0,-0.0,-0.0,-0.0,-0.8540000000000001,0.598392,-2.101704000000002,2.062428000000002
137,"([0.26, 0.12, 0.33, 0.23, 0.07], [0])","([0, 0, 1, 0, 0], [2])",-0.8540000000000001,-0.0,-0.0,-0.0,-0.0,-0.8540000000000001,0.598392,-1.846096000000002,2.062428000000002
138,"([0.26, 0.12, 0.33, 0.23, 0.07], [0])","([0, 0, 1, 0, 0], [2])",-0.8540000000000001,-0.0,-0.0,-0.0,-0.0,-0.8540000000000001,0.598392,-1.590488000000002,2.062428000000002
139,"([0.26, 0.12, 0.33, 0.23, 0.07], [4])","([0, 0, 1, 0, 0], [2])",-0.0,-0.0,-0.0,-0.0,-0.93,-0.93,0.598392,-1.2588800000000018,2.062428000000002
140,"([0.26, 0.12, 0.33, 0.23, 0.07], [1])","([0, 0, 1, 0, 0], [2])",-0.0,-0.9520000000000001,-0.0,-0.0,-0.0,-0.9520000000000001,0.598392,-0.9052720000000017,2.062428000000002
141,"([0.26, 0.12, 0.33, 0.23, 0.07], [4])","([0, 0, 1, 0, 0], [2])",-0.0,-0.0,-0.0,-0.0,-0.93,-0.93,0.598392,-0.5736640000000017,2.062428000000002
142,"([0.26, 0.12, 0.33, 0.23, 0.07], [1])","([0, 0, 1, 0, 0], [2])",-0.0,-0.9520000000000001,-0.0,-0.0,-0.0,-0.9520000000000001,0.598392,-0.2200560000000017,2.062428000000002
143,"([0.26, 0.12, 0.33, 0.23, 0.07], [2])","([0, 0, 1, 0, 0], [2])",-0.0,-0.0,-0.0,-0.0,-0.0,0.0,0.598392,-0.8184480000000017,2.062428000000002
144,"([0.26, 0.12, 0.33, 0.23, 0.07], [3])","([0, 0, 1, 0, 0], [2])",-0.0,-0.0,-0.0,-0.888,-0.0,-0.888,0.598392,-0.5288400000000018,2.062428000000002
145,"([0.26, 0.12, 0.33, 0.23, 0.07], [1])","([0, 0, 1, 0, 0], [2])",-0.0,-0.9520000000000001,-0.0,-0.0,-0.0,-0.9520000000000001,0.598392,-0.17523200000000172,2.062428000000002
146,"([0.26, 0.12, 0.33, 0.23, 0.07], [4])","([0, 0, 1, 0, 0], [2])",-0.0,-0.0,-0.0,-0.0,-0.93,-0.93,0.598392,0.1563759999999983,2.062428000000002
147,"([0.26, 0.12, 0.33, 0.23, 0.07], [0])","([0, 0, 1, 0, 0], [2])",-0.8540000000000001,-0.0,-0.0,-0.0,-0.0,-0.8540000000000001,0.598392,0.41198399999999835,2.062428000000002
148,"([0.26, 0.12, 0.33, 0.23, 0.07], [2])","([0, 0, 1, 0, 0], [2])",-0.0,-0.0,-0.0,-0.0,-0.0,0.0,0.598392,-0.18640800000000168,2.062428000000002
149,"([0.26, 0.12, 0.33, 0.23, 0.07], [1])","([0, 0, 1, 0, 0], [2])",-0.0,-0.9520000000000001,-0.0,-0.0,-0.0,-0.9520000000000001,0.598392,0.16719999999999835,2.062428000000002
150,"([0.26, 0.12, 0.33, 0.23, 0.07], [2])","([0, 0, 1, 0, 0], [2])",-0.0,-0.0,-0.0,-0.0,-0.0,0.0,0.598392,-0.4311920000000017,2.062428000000002
151,"([0.26, 0.12, 0.33, 0.23, 0.07], [4])","([0, 0, 1, 0, 0], [2])",-0.0,-0.0,-0.0,-0.0,-0.93,-0.93,0.598392,-0.09958400000000167,2.062428000000002
152,"([0.26, 0.12, 0.33, 0.23, 0.07], [2])","([0, 0, 1, 0, 0], [2])",-0.0,-0.0,-0.0,-0.0,-0.0,0.0,0.598392,-0.6979760000000017,2.062428000000002
153,"([0.26, 0.12, 0.33, 0.23, 0.07], [3])","([0, 0, 1, 0, 0], [2])",-0.0,-0.0,-0.0,-0.888,-0.0,-0.888,0.598392,-0.40836800000000173,2.062428000000002
154,"([0.26, 0.12, 0.33, 0.23, 0.07], [0])","([0, 0, 1, 0, 0], [2])",-0.8540000000000001,-0.0,-0.0,-0.0,-0.0,-0.8540000000000001,0.598392,-0.15276000000000167,2.062428000000002
155,"([0.26, 0.12, 0.33, 0.23, 0.07], [2])","([0, 0, 1, 0, 0], [2])",-0.0,-0.0,-0.0,-0.0,-0.0,0.0,0.598392,-0.7511520000000017,2.062428000000002
156,"([0.26, 0.12, 0.33, 0.23, 0.07], [2])","([0, 0, 1, 0, 0], [2])",-0.0,-0.0,-0.0,-0.0,-0.0,0.0,0.598392,-1.3495440000000016,2.062428000000002
157,"([0.26, 0.12, 0.33, 0.23, 0.07], [0])","([0, 0, 1, 0, 0], [2])",-0.8540000000000001,-0.0,-0.0,-0.0,-0.0,-0.8540000000000001,0.598392,-1.0939360000000016,2.062428000000002
158,"([0.26, 0.12, 0.33, 0.23, 0.07], [0])","([0, 0, 1, 0, 0], [2])",-0.8540000000000001,-0.0,-0.0,-0.0,-0.0,-0.8540000000000001,0.598392,-0.8383280000000015,2.062428000000002
159,"([0.26, 0.12, 0.33, 0.23, 0.07], [4])","([0, 0, 1, 0, 0], [2])",-0.0,-0.0,-0.0,-0.0,-0.93,-0.93,0.598392,-0.5067200000000015,2.062428000000002
160,"([0.26, 0.12, 0.33, 0.23, 0.07], [3])","([0, 0, 1, 0, 0], [2])",-0.0,-0.0,-0.0,-0.888,-0.0,-0.888,0.598392,-0.21711200000000153,2.062428000000002
161,"([0.26, 0.12, 0.33, 0.23, 0.07], [2])","([0, 0, 1, 0, 0], [2])",-0.0,-0.0,-0.0,-0.0,-0.0,0.0,0.598392,-0.8155040000000016,2.062428000000002
162,"([0.26, 0.12, 0.33, 0.23, 0.07], [2])","([0, 0, 1, 0, 0], [2])",-0.0,-0.0,-0.0,-0.0,-0.0,0.0,0.598392,-1.4138960000000016,2.062428000000002
163,"([0.26, 0.12, 0.33, 0.23, 0.07], [2])","([0, 0, 1, 0, 0], [2])",-0.0,-0.0,-0.0,-0.0,-0.0,0.0,0.598392,-2.0122880000000016,2.062428000000002
164,"([0.26, 0.12, 0.33, 0.23, 0.07], [3])","([0, 0, 1, 0, 0], [2])",-0.0,-0.0,-0.0,-0.888,-0.0,-0.888,0.598392,-1.7226800000000018,2.062428000000002
165,"([0.26, 0.12, 0.33, 0.23, 0.07], [3])","([0, 0, 1, 0, 0], [2])",-0.0,-0.0,-0.0,-0.888,-0.0,-0.888,0.598392,-1.433072000000002,2.062428000000002
166,"([0.26, 0.12, 0.33, 0.23, 0.07], [1])","([0, 0, 1, 0, 0], [2])",-0.0,-0.9520000000000001,-0.0,-0.0,-0.0,-0.9520000000000001,0.598392,-1.079464000000002,2.062428000000002
167,"([0.26, 0.12, 0.33, 0.23, 0.07], [0])","([0, 0, 1, 0, 0], [2])",-0.8540000000000001,-0.0,-0.0,-0.0,-0.0,-0.8540000000000001,0.598392,-0.8238560000000019,2.062428000000002
168,"([0.26, 0.12, 0.33, 0.23, 0.07], [3])","([0, 0, 1, 0, 0], [2])",-0.0,-0.0,-0.0,-0.888,-0.0,-0.888,0.598392,-0.5342480000000019,2.062428000000002
169,"([0.26, 0.12, 0.33, 0.23, 0.07], [0])","([0, 0, 1, 0, 0], [2])",-0.8540000000000001,-0.0,-0.0,-0.0,-0.0,-0.8540000000000001,0.598392,-0.2786400000000019,2.062428000000002
170,"([0.26, 0.12, 0.33, 0.23, 0.07], [3])","([0, 0, 1, 0, 0], [2])",-0.0,-0.0,-0.0,-0.888,-0.0,-0.888,0.598392,0.01096799999999809,2.062428000000002
171,"([0.26, 0.12, 0.33, 0.23, 0.07], [2])","([0, 0, 1, 0, 0], [2])",-0.0,-0.0,-0.0,-0.0,-0.0,0.0,0.598392,-0.587424000000002,2.062428000000002
172,"([0.26, 0.12, 0.33, 0.23, 0.07], [0])","([0, 0, 1, 0, 0], [2])",-0.8540000000000001,-0.0,-0.0,-0.0,-0.0,-0.8540000000000001,0.598392,-0.3318160000000019,2.062428000000002
173,"([0.26, 0.12, 0.33, 0.23, 0.07], [0])","([0, 0, 1, 0, 0], [2])",-0.8540000000000001,-0.0,-0.0,-0.0,-0.0,-0.8540000000000001,0.598392,-0.07620800000000183,2.062428000000002
174,"([0.26, 0.12, 0.33, 0.23, 0.07], [1])","([0, 0, 1, 0, 0], [2])",-0.0,-0.9520000000000001,-0.0,-0.0,-0.0,-0.9520000000000001,0.598392,0.2773999999999982,2.062428000000002
175,"([0.26, 0.12, 0.33, 0.23, 0.07], [1])","([0, 0, 1, 0, 0], [2])",-0.0,-0.9520000000000001,-0.0,-0.0,-0.0,-0.9520000000000001,0.598392,0.6310079999999982,2.062428000000002
176,"([0.26, 0.12, 0.33, 0.23, 0.07], [0])","([0, 0, 1, 0, 0], [2])",-0.8540000000000001,-0.0,-0.0,-0.0,-0.0,-0.8540000000000001,0.598392,0.8866159999999983,2.062428000000002
177,"([0.26, 0.12, 0.33, 0.23, 0.07], [1])","([0, 0, 1, 0, 0], [2])",-0.0,-0.9520000000000001,-0.0,-0.0,-0.0,-0.9520000000000001,0.598392,1.2402239999999982,2.062428000000002
178,"([0.26, 0.12, 0.33, 0.23, 0.07], [0])","([0, 0, 1, 0, 0], [2])",-0.8540000000000001,-0.0,-0.0,-0.0,-0.0,-0.8540000000000001,0.598392,1.4958319999999983,2.062428000000002
179,"([0.26, 0.12, 0.33, 0.23, 0.07], [2])","([0, 0, 1, 0, 0], [2])",-0.0,-0.0,-0.0,-0.0,-0.0,0.0,0.598392,0.8974399999999982,2.062428000000002
180,"([0.26, 0.12, 0.33, 0.23, 0.07], [0])","([0, 0, 1, 0, 0], [2])",-0.8540000000000001,-0.0,-0.0,-0.0,-0.0,-0.8540000000000001,0.598392,1.1530479999999983,2.062428000000002
181,"([0.26, 0.12, 0.33, 0.23, 0.07], [3])","([0, 0, 1, 0, 0], [2])",-0.0,-0.0,-0.0,-0.888,-0.0,-0.888,0.598392,1.4426559999999982,2.062428000000002
182,"([0.26, 0.12, 0.33, 0.23, 0.07], [4])","([0, 0, 1, 0, 0], [2])",-0.0,-0.0,-0.0,-0.0,-0.93,-0.93,0.598392,1.7742639999999983,2.062428000000002
183,"([0.26, 0.12, 0.33, 0.23, 0.07], [3])","([0, 0, 1, 0, 0], [2])",-0.0,-0.0,-0.0,-0.888,-0.0,-0.888,0.598392,2.063871999999998,2.062428000000002
184,"([0.26, 0.12, 0.33, 0.23, 0.07], [0])","([0, 0, 1, 0, 0], [2])",-0.8540000000000001,-0.0,-0.0,-0.0,-0.0,-0.8540000000000001,0.598392,2.319479999999998,2.062428000000002
185,"([0.26, 0.12, 0.33, 0.23, 0.07], [3])","([0, 0, 1, 0, 0], [2])",-0.0,-0.0,-0.0,-0.888,-0.0,-0.888,0.598392,2.609087999999998,2.062428000000002
186,"([0.26, 0.12, 0.33, 0.23, 0.07], [2])","([0, 0, 1, 0, 0], [2])",-0.0,-0.0,-0.0,-0.0,-0.0,0.0,0.598392,2.010695999999998,2.062428000000002
187,"([0.26, 0.12, 0.33, 0.23, 0.07], [1])","([0, 0, 1, 0, 0], [2])",-0.0,-0.9520000000000001,-0.0,-0.0,-0.0,-0.9520000000000001,0.598392,2.364303999999998,2.062428000000002
188,"([0.26, 0.12, 0.33, 0.23, 0.07], [2])","([0, 0, 1, 0, 0], [2])",-0.0,-0.0,-0.0,-0.0,-0.0,0.0,0.598392,1.765911999999998,2.062428000000002
189,"([0.26, 0.12, 0.33, 0.23, 0.07], [2])","([0, 0, 1, 0, 0], [2])",-0.0,-0.0,-0.0,-0.0,-0.0,0.0,0.598392,1.167519999999998,2.062428000000002
190,"([0.26, 0.12, 0.33, 0.23, 0.07], [2])","([0, 0, 1, 0, 0], [2])",-0.0,-0.0,-0.0,-0.0,-0.0,0.0,0.598392,0.5691279999999979,2.062428000000002
191,"([0.26, 0.12, 0.33, 0.23, 0.07], [2])","([0, 0, 1, 0, 0], [2])",-0.0,-0.0,-0.0,-0.0,-0.0,0.0,0.598392,-0.029264000000002177,2.062428000000002
192,"([0.26, 0.12, 0.33, 0.23, 0.07], [2])","([0, 0, 1, 0, 0], [2])",-0.0,-0.0,-0.0,-0.0,-0.0,0.0,0.598392,-0.6276560000000022,2.062428000000002
193,"([0.26, 0.12, 0.33, 0.23, 0.07], [0])","([0, 0, 1, 0, 0], [2])",-0.8540000000000001,-0.0,-0.0,-0.0,-0.0,-0.8540000000000001,0.598392,-0.37204800000000215,2.062428000000002
194,"([0.26, 0.12, 0.33, 0.23, 0.07], [1])","([0, 0, 1, 0, 0], [2])",-0.0,-0.9520000000000001,-0.0,-0.0,-0.0,-0.9520000000000001,0.598392,-0.01844000000000212,2.062428000000002
195,"([0.26, 0.12, 0.33, 0.23, 0.07], [3])","([0, 0, 1, 0, 0], [2])",-0.0,-0.0,-0.0,-0.888,-0.0,-0.888,0.598392,0.27116799999999786,2.062428000000002
196,"([0.26, 0.12, 0.33, 0.23, 0.07], [0])","([0, 0, 1, 0, 0], [2])",-0.8540000000000001,-0.0,-0.0,-0.0,-0.0,-0.8540000000000001,0.598392,0.5267759999999979,2.062428000000002
197,"([0.26, 0.12, 0.33, 0.23, 0.07], [2])","([0, 0, 1, 0, 0], [2])",-0.0,-0.0,-0.0,-0.0,-0.0,0.0,0.598392,-0.07161600000000212,2.062428000000002
198,"([0.26, 0.12, 0.33, 0.23, 0.07], [1])","([0, 0, 1, 0, 0], [2])",-0.0,-0.9520000000000001,-0.0,-0.0,-0.0,-0.9520000000000001,0.598392,0.2819919999999979,2.062428000000002
199,"([0.26, 0.12, 0.33, 0.23, 0.07], [3])","([0, 0, 1, 0, 0], [2])",-0.0,-0.0,-0.0,-0.888,-0.0,-0.888,0.598392,0.5715999999999979,2.062428000000002
200,"([0.26, 0.12, 0.33, 0.23, 0.07], [2])","([0, 0, 1, 0, 0], [2])",-0.0,-0.0,-0.0,-0.0,-0.0,0.0,0.598392,-0.026792000000002147,2.062428000000002
201,"([0.26, 0.12, 0.33, 0.23, 0.07], [3])","([0, 0, 1, 0, 0], [2])",-0.0,-0.0,-0.0,-0.888,-0.0,-0.888,0.598392,0.26281599999999783,2.062428000000002
202,"([0.26, 0.12, 0.33, 0.23, 0.07], [4])","([0, 0, 1, 0, 0], [2])",-0.0,-0.0,-0.0,-0.0,-0.93,-0.93,0.598392,0.5944239999999978,2.062428000000002
203,"([0.26, 0.12, 0.33, 0.23, 0.07], [3])","([0, 0, 1, 0, 0], [2])",-0.0,-0.0,-0.0,-0.888,-0.0,-0.888,0.598392,0.8840319999999978,2.062428000000002
204,"([0.26, 0.12, 0.33, 0.23, 0.07], [3])","([0, 0, 1, 0, 0], [2])",-0.0,-0.0,-0.0,-0.888,-0.0,-0.888,0.598392,1.1736399999999978,2.062428000000002
205,"([0.26, 0.12, 0.33, 0.23, 0.07], [3])","([0, 0, 1, 0, 0], [2])",-0.0,-0.0,-0.0,-0.888,-0.0,-0.888,0.598392,1.4632479999999979,2.062428000000002
206,"([0.26, 0.12, 0.33, 0.23, 0.07], [0])","([0, 0, 1, 0, 0], [2])",-0.8540000000000001,-0.0,-0.0,-0.0,-0.0,-0.8540000000000001,0.598392,1.718855999999998,2.062428000000002
207,"([0.26, 0.12, 0.33, 0.23, 0.07], [1])","([0, 0, 1, 0, 0], [2])",-0.0,-0.9520000000000001,-0.0,-0.0,-0.0,-0.9520000000000001,0.598392,2.072463999999998,2.062428000000002
208,"([0.26, 0.12, 0.33, 0.23, 0.07], [3])","([0, 0, 1, 0, 0], [2])",-0.0,-0.0,-0.0,-0.888,-0.0,-0.888,0.598392,2.3620719999999977,2.062428000000002
209,"([0.26, 0.12, 0.33, 0.23, 0.07], [4])","([0, 0, 1, 0, 0], [2])",-0.0,-0.0,-0.0,-0.0,-0.93,-0.93,0.598392,2.693679999999998,2.062428000000002
210,"([0.26, 0.12, 0.33, 0.23, 0.07], [1])","([0, 0, 1, 0, 0], [2])",-0.0,-0.9520000000000001,-0.0,-0.0,-0.0,-0.9520000000000001,0.598392,3.0472879999999978,2.062428000000002
211,"([0.26, 0.12, 0.33, 0.23, 0.07], [2])","([0, 0, 1, 0, 0], [2])",-0.0,-0.0,-0.0,-0.0,-0.0,0.0,0.598392,2.4488959999999977,2.062428000000002
212,"([0.26, 0.12, 0.33, 0.23, 0.07], [0])","([0, 0, 1, 0, 0], [2])",-0.8540000000000001,-0.0,-0.0,-0.0,-0.0,-0.8540000000000001,0.598392,2.704503999999998,2.062428000000002
213,"([0.26, 0.12, 0.33, 0.23, 0.07], [0])","([0, 0, 1, 0, 0], [2])",-0.8540000000000001,-0.0,-0.0,-0.0,-0.0,-0.8540000000000001,0.598392,2.960111999999998,2.062428000000002
214,"([0.26, 0.12, 0.33, 0.23, 0.07], [1])","([0, 0, 1, 0, 0], [2])",-0.0,-0.9520000000000001,-0.0,-0.0,-0.0,-0.9520000000000001,0.598392,3.313719999999998,2.062428000000002
215,"([0.26, 0.12, 0.33, 0.23, 0.07], [1])","([0, 0, 1, 0, 0], [2])",-0.0,-0.9520000000000001,-0.0,-0.0,-0.0,-0.9520000000000001,0.598392,3.6673279999999977,2.062428000000002
216,"([0.26, 0.12, 0.33, 0.23, 0.07], [0])","([0, 0, 1, 0, 0], [2])",-0.8540000000000001,-0.0,-0.0,-0.0,-0.0,-0.8540000000000001,0.598392,3.9229359999999978,2.062428000000002
217,"([0.26, 0.12, 0.33, 0.23, 0.07], [0])","([0, 0, 1, 0, 0], [2])",-0.8540000000000001,-0.0,-0.0,-0.0,-0.0,-0.8540000000000001,0.598392,4.178543999999998,2.062428000000002
218,"([0.26, 0.12, 0.33, 0.23, 0.07], [4])","([0, 0, 1, 0, 0], [2])",-0.0,-0.0,-0.0,-0.0,-0.93,-0.93,0.598392,4.510151999999998,2.062428000000002
219,"([0.26, 0.12, 0.33, 0.23, 0.07], [0])","([0, 0, 1, 0, 0], [2])",-0.8540000000000001,-0.0,-0.0,-0.0,-0.0,-0.8540000000000001,0.598392,4.765759999999998,2.062428000000002
220,"([0.26, 0.12, 0.33, 0.23, 0.07], [0])","([0, 0, 1, 0, 0], [2])",-0.8540000000000001,-0.0,-0.0,-0.0,-0.0,-0.8540000000000001,0.598392,5.021367999999999,2.062428000000002
221,"([0.26, 0.12, 0.33, 0.23, 0.07], [0])","([0, 0, 1, 0, 0], [2])",-0.8540000000000001,-0.0,-0.0,-0.0,-0.0,-0.8540000000000001,0.598392,5.2769759999999994,2.062428000000002
222,"([0.26, 0.12, 0.33, 0.23, 0.07], [2])","([0, 0, 1, 0, 0], [2])",-0.0,-0.0,-0.0,-0.0,-0.0,0.0,0.598392,4.678583999999999,2.062428000000002
223,"([0.26, 0.12, 0.33, 0.23, 0.07], [0])","([0, 0, 1, 0, 0], [2])",-0.8540000000000001,-0.0,-0.0,-0.0,-0.0,-0.8540000000000001,0.598392,4.9341919999999995,2.062428000000002
224,"([0.26, 0.12, 0.33, 0.23, 0.07], [2])","([0, 0, 1, 0, 0], [2])",-0.0,-0.0,-0.0,-0.0,-0.0,0.0,0.598392,4.335799999999999,2.062428000000002
225,"([0.26, 0.12, 0.33, 0.23, 0.07], [4])","([0, 0, 1, 0, 0], [2])",-0.0,-0.0,-0.0,-0.0,-0.93,-0.93,0.598392,4.667407999999999,2.062428000000002
226,"([0.26, 0.12, 0.33, 0.23, 0.07], [2])","([0, 0, 1, 0, 0], [2])",-0.0,-0.0,-0.0,-0.0,-0.0,0.0,0.598392,4.0690159999999995,2.062428000000002
227,"([0.26, 0.12, 0.33, 0.23, 0.07], [0])","([0, 0, 1, 0, 0], [2])",-0.8540000000000001,-0.0,-0.0,-0.0,-0.0,-0.8540000000000001,0.598392,4.324624,2.062428000000002
228,"([0.26, 0.12, 0.33, 0.23, 0.07], [1])","([0, 0, 1, 0, 0], [2])",-0.0,-0.9520000000000001,-0.0,-0.0,-0.0,-0.9520000000000001,0.598392,4.678232,2.062428000000002
229,"([0.26, 0.12, 0.33, 0.23, 0.07], [1])","([0, 0, 1, 0, 0], [2])",-0.0,-0.9520000000000001,-0.0,-0.0,-0.0,-0.9520000000000001,0.598392,5.031840000000001,2.062428000000002
230,"([0.26, 0.12, 0.33, 0.23, 0.07], [3])","([0, 0, 1, 0, 0], [2])",-0.0,-0.0,-0.0,-0.888,-0.0,-0.888,0.598392,5.321448000000001,2.062428000000002
231,"([0.26, 0.12, 0.33, 0.23, 0.07], [2])","([0, 0, 1, 0, 0], [2])",-0.0,-0.0,-0.0,-0.0,-0.0,0.0,0.598392,4.7230560000000015,2.062428000000002
232,"([0.26, 0.12, 0.33, 0.23, 0.07], [2])","([0, 0, 1, 0, 0], [2])",-0.0,-0.0,-0.0,-0.0,-0.0,0.0,0.598392,4.124664000000001,2.062428000000002
233,"([0.26, 0.12, 0.33, 0.23, 0.07], [1])","([0, 0, 1, 0, 0], [2])",-0.0,-0.9520000000000001,-0.0,-0.0,-0.0,-0.9520000000000001,0.598392,4.478272000000001,2.062428000000002
234,"([0.26, 0.12, 0.33, 0.23, 0.07], [3])","([0, 0, 1, 0, 0], [2])",-0.0,-0.0,-0.0,-0.888,-0.0,-0.888,0.598392,4.767880000000002,2.062428000000002
235,"([0.26, 0.12, 0.33, 0.23, 0.07], [2])","([0, 0, 1, 0, 0], [2])",-0.0,-0.0,-0.0,-0.0,-0.0,0.0,0.598392,4.169488000000001,2.062428000000002
236,"([0.26, 0.12, 0.33, 0.23, 0.07], [2])","([0, 0, 1, 0, 0], [2])",-0.0,-0.0,-0.0,-0.0,-0.0,0.0,0.598392,3.571096000000001,2.062428000000002
237,"([0.26, 0.12, 0.33, 0.23, 0.07], [0])","([0, 0, 1, 0, 0], [2])",-0.8540000000000001,-0.0,-0.0,-0.0,-0.0,-0.8540000000000001,0.598392,3.826704000000001,2.062428000000002
238,"([0.26, 0.12, 0.33, 0.23, 0.07], [1])","([0, 0, 1, 0, 0], [2])",-0.0,-0.9520000000000001,-0.0,-0.0,-0.0,-0.9520000000000001,0.598392,4.180312000000002,2.062428000000002
239,"([0.26, 0.12, 0.33, 0.23, 0.07], [2])","([0, 0, 1, 0, 0], [2])",-0.0,-0.0,-0.0,-0.0,-0.0,0.0,0.598392,3.5819200000000015,2.062428000000002
240,"([0.26, 0.12, 0.33, 0.23, 0.07], [3])","([0, 0, 1, 0, 0], [2])",-0.0,-0.0,-0.0,-0.888,-0.0,-0.888,0.598392,3.8715280000000014,2.062428000000002
241,"([0.26, 0.12, 0.33, 0.23, 0.07], [3])","([0, 0, 1, 0, 0], [2])",-0.0,-0.0,-0.0,-0.888,-0.0,-0.888,0.598392,4.161136000000002,2.062428000000002
242,"([0.26, 0.12, 0.33, 0.23, 0.07], [3])","([0, 0, 1, 0, 0], [2])",-0.0,-0.0,-0.0,-0.888,-0.0,-0.888,0.598392,4.450744000000002,2.062428000000002
243,"([0.26, 0.12, 0.33, 0.23, 0.07], [1])","([0, 0, 1, 0, 0], [2])",-0.0,-0.9520000000000001,-0.0,-0.0,-0.0,-0.9520000000000001,0.598392,4.804352000000002,2.062428000000002
244,"([0.26, 0.12, 0.33, 0.23, 0.07], [1])","([0, 0, 1, 0, 0], [2])",-0.0,-0.9520000000000001,-0.0,-0.0,-0.0,-0.9520000000000001,0.598392,5.157960000000003,2.062428000000002
245,"([0.26, 0.12, 0.33, 0.23, 0.07], [2])","([0, 0, 1, 0, 0], [2])",-0.0,-0.0,-0.0,-0.0,-0.0,0.0,0.598392,4.559568000000002,2.062428000000002
246,"([0.26, 0.12, 0.33, 0.23, 0.07], [0])","([0, 0, 1, 0, 0], [2])",-0.8540000000000001,-0.0,-0.0,-0.0,-0.0,-0.8540000000000001,0.598392,4.815176000000003,2.062428000000002
247,"([0.26, 0.12, 0.33, 0.23, 0.07], [0])","([0, 0, 1, 0, 0], [2])",-0.8540000000000001,-0.0,-0.0,-0.0,-0.0,-0.8540000000000001,0.598392,5.070784000000003,2.062428000000002
248,"([0.26, 0.12, 0.33, 0.23, 0.07], [3])","([0, 0, 1, 0, 0], [2])",-0.0,-0.0,-0.0,-0.888,-0.0,-0.888,0.598392,5.360392000000004,2.062428000000002
249,"([0.26, 0.12, 0.33, 0.23, 0.07], [0])","([0, 0, 1, 0, 0], [2])",-0.8540000000000001,-0.0,-0.0,-0.0,-0.0,-0.8540000000000001,0.598392,5.616000000000003,2.062428000000002
250,"([0.26, 0.12, 0.33, 0.23, 0.07], [3])","([0, 0, 1, 0, 0], [2])",-0.0,-0.0,-0.0,-0.888,-0.0,-0.888,0.598392,5.9056080000000035,2.062428000000002
251,"([0.26, 0.12, 0.33, 0.23, 0.07], [3])","([0, 0, 1, 0, 0], [2])",-0.0,-0.0,-0.0,-0.888,-0.0,-0.888,0.598392,6.195216000000004,2.062428000000002
252,"([0.26, 0.12, 0.33, 0.23, 0.07], [2])","([0, 0, 1, 0, 0], [2])",-0.0,-0.0,-0.0,-0.0,-0.0,0.0,0.598392,5.596824000000003,2.062428000000002
253,"([0.26, 0.12, 0.33, 0.23, 0.07], [3])","([0, 0, 1, 0, 0], [2])",-0.0,-0.0,-0.0,-0.888,-0.0,-0.888,0.598392,5.886432000000004,2.062428000000002
254,"([0.26, 0.12, 0.33, 0.23, 0.07], [2])","([0, 0, 1, 0, 0], [2])",-0.0,-0.0,-0.0,-0.0,-0.0,0.0,0.598392,5.288040000000004,2.062428000000002
255,"([0.26, 0.12, 0.33, 0.23, 0.07], [2])","([0, 0, 1, 0, 0], [2])",-0.0,-0.0,-0.0,-0.0,-0.0,0.0,0.598392,4.689648000000004,2.062428000000002
256,"([0.26, 0.12, 0.33, 0.23, 0.07], [2])","([0, 0, 1, 0, 0], [2])",-0.0,-0.0,-0.0,-0.0,-0.0,0.0,0.598392,4.091256000000003,2.062428000000002
257,"([0.26, 0.12, 0.33, 0.23, 0.07], [4])","([0, 0, 1, 0, 0], [2])",-0.0,-0.0,-0.0,-0.0,-0.93,-0.93,0.598392,4.422864000000003,2.062428000000002
258,"([0.26, 0.12, 0.33, 0.23, 0.07], [2])","([0, 0, 1, 0, 0], [2])",-0.0,-0.0,-0.0,-0.0,-0.0,0.0,0.598392,3.824472000000003,2.062428000000002
259,"([0.26, 0.12, 0.33, 0.23, 0.07], [1])","([0, 0, 1, 0, 0], [2])",-0.0,-0.9520000000000001,-0.0,-0.0,-0.0,-0.9520000000000001,0.598392,4.178080000000003,2.062428000000002
260,"([0.26, 0.12, 0.33, 0.23, 0.07], [0])","([0, 0, 1, 0, 0], [2])",-0.8540000000000001,-0.0,-0.0,-0.0,-0.0,-0.8540000000000001,0.598392,4.433688000000004,2.062428000000002
261,"([0.26, 0.12, 0.33, 0.23, 0.07], [2])","([0, 0, 1, 0, 0], [2])",-0.0,-0.0,-0.0,-0.0,-0.0,0.0,0.598392,3.8352960000000036,2.062428000000002
262,"([0.26, 0.12, 0.33, 0.23, 0.07], [3])","([0, 0, 1, 0, 0], [2])",-0.0,-0.0,-0.0,-0.888,-0.0,-0.888,0.598392,4.1249040000000035,2.062428000000002
263,"([0.26, 0.12, 0.33, 0.23, 0.07], [0])","([0, 0, 1, 0, 0], [2])",-0.8540000000000001,-0.0,-0.0,-0.0,-0.0,-0.8540000000000001,0.598392,4.380512000000003,2.062428000000002
264,"([0.26, 0.12, 0.33, 0.23, 0.07], [1])","([0, 0, 1, 0, 0], [2])",-0.0,-0.9520000000000001,-0.0,-0.0,-0.0,-0.9520000000000001,0.598392,4.734120000000003,2.062428000000002
265,"([0.26, 0.12, 0.33, 0.23, 0.07], [3])","([0, 0, 1, 0, 0], [2])",-0.0,-0.0,-0.0,-0.888,-0.0,-0.888,0.598392,5.023728000000004,2.062428000000002
266,"([0.26, 0.12, 0.33, 0.23, 0.07], [4])","([0, 0, 1, 0, 0], [2])",-0.0,-0.0,-0.0,-0.0,-0.93,-0.93,0.598392,5.355336000000004,2.062428000000002
267,"([0.26, 0.12, 0.33, 0.23, 0.07], [2])","([0, 0, 1, 0, 0], [2])",-0.0,-0.0,-0.0,-0.0,-0.0,0.0,0.598392,4.756944000000004,2.062428000000002
268,"([0.26, 0.12, 0.33, 0.23, 0.07], [0])","([0, 0, 1, 0, 0], [2])",-0.8540000000000001,-0.0,-0.0,-0.0,-0.0,-0.8540000000000001,0.598392,5.012552000000005,2.062428000000002
269,"([0.26, 0.12, 0.33, 0.23, 0.07], [2])","([0, 0, 1, 0, 0], [2])",-0.0,-0.0,-0.0,-0.0,-0.0,0.0,0.598392,4.414160000000004,2.062428000000002
270,"([0.26, 0.12, 0.33, 0.23, 0.07], [3])","([0, 0, 1, 0, 0], [2])",-0.0,-0.0,-0.0,-0.888,-0.0,-0.888,0.598392,4.703768000000005,2.062428000000002
271,"([0.26, 0.12, 0.33, 0.23, 0.07], [3])","([0, 0, 1, 0, 0], [2])",-0.0,-0.0,-0.0,-0.888,-0.0,-0.888,0.598392,4.993376000000005,2.062428000000002
272,"([0.26, 0.12, 0.33, 0.23, 0.07], [2])","([0, 0, 1, 0, 0], [2])",-0.0,-0.0,-0.0,-0.0,-0.0,0.0,0.598392,4.394984000000004,2.062428000000002
273,"([0.26, 0.12, 0.33, 0.23, 0.07], [4])","([0, 0, 1, 0, 0], [2])",-0.0,-0.0,-0.0,-0.0,-0.93,-0.93,0.598392,4.726592000000005,2.062428000000002
274,"([0.26, 0.12, 0.33, 0.23, 0.07], [2])","([0, 0, 1, 0, 0], [2])",-0.0,-0.0,-0.0,-0.0,-0.0,0.0,0.598392,4.128200000000005,2.062428000000002
275,"([0.26, 0.12, 0.33, 0.23, 0.07], [0])","([0, 0, 1, 0, 0], [2])",-0.8540000000000001,-0.0,-0.0,-0.0,-0.0,-0.8540000000000001,0.598392,4.3838080000000055,2.062428000000002
276,"([0.26, 0.12, 0.33, 0.23, 0.07], [3])","([0, 0, 1, 0, 0], [2])",-0.0,-0.0,-0.0,-0.888,-0.0,-0.888,0.598392,4.673416000000006,2.062428000000002
277,"([0.26, 0.12, 0.33, 0.23, 0.07], [2])","([0, 0, 1, 0, 0], [2])",-0.0,-0.0,-0.0,-0.0,-0.0,0.0,0.598392,4.075024000000006,2.062428000000002
278,"([0.26, 0.12, 0.33, 0.23, 0.07], [3])","([0, 0, 1, 0, 0], [2])",-0.0,-0.0,-0.0,-0.888,-0.0,-0.888,0.598392,4.3646320000000065,2.062428000000002
279,"([0.26, 0.12, 0.33, 0.23, 0.07], [0])","([0, 0, 1, 0, 0], [2])",-0.8540000000000001,-0.0,-0.0,-0.0,-0.0,-0.8540000000000001,0.598392,4.620240000000006,2.062428000000002
280,"([0.26, 0.12, 0.33, 0.23, 0.07], [1])","([0, 0, 1, 0, 0], [2])",-0.0,-0.9520000000000001,-0.0,-0.0,-0.0,-0.9520000000000001,0.598392,4.9738480000000065,2.062428000000002
281,"([0.26, 0.12, 0.33, 0.23, 0.07], [3])","([0, 0, 1, 0, 0], [2])",-0.0,-0.0,-0.0,-0.888,-0.0,-0.888,0.598392,5.263456000000007,2.062428000000002
282,"([0.26, 0.12, 0.33, 0.23, 0.07], [2])","([0, 0, 1, 0, 0], [2])",-0.0,-0.0,-0.0,-0.0,-0.0,0.0,0.598392,4.665064000000006,2.062428000000002
283,"([0.26, 0.12, 0.33, 0.23, 0.07], [2])","([0, 0, 1, 0, 0], [2])",-0.0,-0.0,-0.0,-0.0,-0.0,0.0,0.598392,4.066672000000006,2.062428000000002
284,"([0.26, 0.12, 0.33, 0.23, 0.07], [0])","([0, 0, 1, 0, 0], [2])",-0.8540000000000001,-0.0,-0.0,-0.0,-0.0,-0.8540000000000001,0.598392,4.322280000000006,2.062428000000002
285,"([0.26, 0.12, 0.33, 0.23, 0.07], [3])","([0, 0, 1, 0, 0], [2])",-0.0,-0.0,-0.0,-0.888,-0.0,-0.888,0.598392,4.611888000000007,2.062428000000002
286,"([0.26, 0.12, 0.33, 0.23, 0.07], [3])","([0, 0, 1, 0, 0], [2])",-0.0,-0.0,-0.0,-0.888,-0.0,-0.888,0.598392,4.901496000000007,2.062428000000002
287,"([0.26, 0.12, 0.33, 0.23, 0.07], [0])","([0, 0, 1, 0, 0], [2])",-0.8540000000000001,-0.0,-0.0,-0.0,-0.0,-0.8540000000000001,0.598392,5.1571040000000075,2.062428000000002
288,"([0.26, 0.12, 0.33, 0.23, 0.07], [2])","([0, 0, 1, 0, 0], [2])",-0.0,-0.0,-0.0,-0.0,-0.0,0.0,0.598392,4.558712000000007,2.062428000000002
289,"([0.26, 0.12, 0.33, 0.23, 0.07], [0])","([0, 0, 1, 0, 0], [2])",-0.8540000000000001,-0.0,-0.0,-0.0,-0.0,-0.8540000000000001,0.598392,4.8143200000000075,2.062428000000002
290,"([0.26, 0.12, 0.33, 0.23, 0.07], [2])","([0, 0, 1, 0, 0], [2])",-0.0,-0.0,-0.0,-0.0,-0.0,0.0,0.598392,4.215928000000007,2.062428000000002
291,"([0.26, 0.12, 0.33, 0.23, 0.07], [4])","([0, 0, 1, 0, 0], [2])",-0.0,-0.0,-0.0,-0.0,-0.93,-0.93,0.598392,4.547536000000007,2.062428000000002
292,"([0.26, 0.12, 0.33, 0.23, 0.07], [2])","([0, 0, 1, 0, 0], [2])",-0.0,-0.0,-0.0,-0.0,-0.0,0.0,0.598392,3.949144000000007,2.062428000000002
293,"([0.26, 0.12, 0.33, 0.23, 0.07], [1])","([0, 0, 1, 0, 0], [2])",-0.0,-0.9520000000000001,-0.0,-0.0,-0.0,-0.9520000000000001,0.598392,4.302752000000007,2.062428000000002
294,"([0.26, 0.12, 0.33, 0.23, 0.07], [2])","([0, 0, 1, 0, 0], [2])",-0.0,-0.0,-0.0,-0.0,-0.0,0.0,0.598392,3.704360000000007,2.062428000000002
295,"([0.26, 0.12, 0.33, 0.23, 0.07], [3])","([0, 0, 1, 0, 0], [2])",-0.0,-0.0,-0.0,-0.888,-0.0,-0.888,0.598392,3.993968000000007,2.062428000000002
296,"([0.26, 0.12, 0.33, 0.23, 0.07], [2])","([0, 0, 1, 0, 0], [2])",-0.0,-0.0,-0.0,-0.0,-0.0,0.0,0.598392,3.395576000000007,2.062428000000002
297,"([0.26, 0.12, 0.33, 0.23, 0.07], [0])","([0, 0, 1, 0, 0], [2])",-0.8540000000000001,-0.0,-0.0,-0.0,-0.0,-0.8540000000000001,0.598392,3.651184000000007,2.062428000000002
298,"([0.26, 0.12, 0.33, 0.23, 0.07], [0])","([0, 0, 1, 0, 0], [2])",-0.8540000000000001,-0.0,-0.0,-0.0,-0.0,-0.8540000000000001,0.598392,3.906792000000007,2.062428000000002
299,"([0.26, 0.12, 0.33, 0.23, 0.07], [2])","([0, 0, 1, 0, 0], [2])",-0.0,-0.0,-0.0,-0.0,-0.0,0.0,0.598392,3.308400000000007,2.062428000000002
