,sto-1,FB-0,feedback target 0,feedback target 1,feedback target 2,feedback target 3,feedback target 4,total,exp_loss,actual_regret,exp_regret
0,"([0.26, 0.12, 0.33, 0.23, 0.07], [2])","([0, 1, 0, 0, 0], [1])",-0.0,-0.0,-0.855,-0.0,-0.0,-0.855,0.767448,0.25660799999999995,0.16905599999999998
1,"([0.26, 0.12, 0.33, 0.23, 0.07], [2])","([0, 0, 1, 0, 0], [2])",-0.0,-0.0,-0.0,-0.0,-0.0,0.0,0.598392,-0.3417840000000001,0.16905599999999998
2,"([0.26, 0.12, 0.33, 0.23, 0.07], [0])","([0, 0, 1, 0, 0], [2])",-0.8540000000000001,-0.0,-0.0,-0.0,-0.0,-0.8540000000000001,0.598392,-0.08617600000000003,0.16905599999999998
3,"([0.26, 0.12, 0.33, 0.23, 0.07], [0])","([0, 0, 1, 0, 0], [2])",-0.8540000000000001,-0.0,-0.0,-0.0,-0.0,-0.8540000000000001,0.598392,0.16943200000000003,0.16905599999999998
4,"([0.26, 0.12, 0.33, 0.23, 0.07], [2])","([0, 0, 1, 0, 0], [2])",-0.0,-0.0,-0.0,-0.0,-0.0,0.0,0.598392,-0.42896,0.16905599999999998
5,"([0.26, 0.12, 0.33, 0.23, 0.07], [1])","([0, 0, 1, 0, 0], [2])",-0.0,-0.9520000000000001,-0.0,-0.0,-0.0,-0.9520000000000001,0.598392,-0.07535199999999997,0.16905599999999998
6,"([0.26, 0.12, 0.33, 0.23, 0.07], [2])","([0, 0, 1, 0, 0], [2])",-0.0,-0.0,-0.0,-0.0,-0.0,0.0,0.598392,-0.673744,0.16905599999999998
7,"([0.26, 0.12, 0.33, 0.23, 0.07], [0])","([0, 0, 1, 0, 0], [2])",-0.8540000000000001,-0.0,-0.0,-0.0,-0.0,-0.8540000000000001,0.598392,-0.41813599999999995,0.16905599999999998
8,"([0.26, 0.12, 0.33, 0.23, 0.07], [2])","([0, 0, 1, 0, 0], [2])",-0.0,-0.0,-0.0,-0.0,-0.0,0.0,0.598392,-1.016528,0.16905599999999998
9,"([0.26, 0.12, 0.33, 0.23, 0.07], [0])","([0, 0, 1, 0, 0], [2])",-0.8540000000000001,-0.0,-0.0,-0.0,-0.0,-0.8540000000000001,0.598392,-0.76092,0.16905599999999998
10,"([0.26, 0.12, 0.33, 0.23, 0.07], [0])","([0, 0, 1, 0, 0], [2])",-0.8540000000000001,-0.0,-0.0,-0.0,-0.0,-0.8540000000000001,0.598392,-0.505312,0.16905599999999998
11,"([0.26, 0.12, 0.33, 0.23, 0.07], [2])","([0, 0, 1, 0, 0], [2])",-0.0,-0.0,-0.0,-0.0,-0.0,0.0,0.598392,-1.103704,0.16905599999999998
12,"([0.26, 0.12, 0.33, 0.23, 0.07], [1])","([0, 0, 1, 0, 0], [2])",-0.0,-0.9520000000000001,-0.0,-0.0,-0.0,-0.9520000000000001,0.598392,-0.750096,0.16905599999999998
13,"([0.26, 0.12, 0.33, 0.23, 0.07], [2])","([0, 0, 1, 0, 0], [2])",-0.0,-0.0,-0.0,-0.0,-0.0,0.0,0.598392,-1.3484880000000001,0.16905599999999998
14,"([0.26, 0.12, 0.33, 0.23, 0.07], [3])","([0, 0, 1, 0, 0], [2])",-0.0,-0.0,-0.0,-0.888,-0.0,-0.888,0.598392,-1.0588800000000003,0.16905599999999998
15,"([0.26, 0.12, 0.33, 0.23, 0.07], [2])","([0, 0, 1, 0, 0], [2])",-0.0,-0.0,-0.0,-0.0,-0.0,0.0,0.598392,-1.6572720000000003,0.16905599999999998
16,"([0.26, 0.12, 0.33, 0.23, 0.07], [2])","([0, 0, 1, 0, 0], [2])",-0.0,-0.0,-0.0,-0.0,-0.0,0.0,0.598392,-2.2556640000000003,0.16905599999999998
17,"([0.26, 0.12, 0.33, 0.23, 0.07], [0])","([0, 0, 1, 0, 0], [2])",-0.8540000000000001,-0.0,-0.0,-0.0,-0.0,-0.8540000000000001,0.598392,-2.0000560000000003,0.16905599999999998
18,"([0.26, 0.12, 0.33, 0.23, 0.07], [2])","([0, 0, 1, 0, 0], [2])",-0.0,-0.0,-0.0,-0.0,-0.0,0.0,0.598392,-2.5984480000000003,0.16905599999999998
19,"([0.26, 0.12, 0.33, 0.23, 0.07], [1])","([0, 0, 1, 0, 0], [2])",-0.0,-0.9520000000000001,-0.0,-0.0,-0.0,-0.9520000000000001,0.598392,-2.2448400000000004,0.16905599999999998
20,"([0.26, 0.12, 0.33, 0.23, 0.07], [1])","([0, 0, 1, 0, 0], [2])",-0.0,-0.9520000000000001,-0.0,-0.0,-0.0,-0.9520000000000001,0.598392,-1.8912320000000005,0.16905599999999998
21,"([0.26, 0.12, 0.33, 0.23, 0.07], [0])","([0, 0, 1, 0, 0], [2])",-0.8540000000000001,-0.0,-0.0,-0.0,-0.0,-0.8540000000000001,0.598392,-1.6356240000000004,0.16905599999999998
22,"([0.26, 0.12, 0.33, 0.23, 0.07], [0])","([0, 0, 1, 0, 0], [2])",-0.8540000000000001,-0.0,-0.0,-0.0,-0.0,-0.8540000000000001,0.598392,-1.3800160000000004,0.16905599999999998
23,"([0.26, 0.12, 0.33, 0.23, 0.07], [0])","([0, 0, 1, 0, 0], [2])",-0.8540000000000001,-0.0,-0.0,-0.0,-0.0,-0.8540000000000001,0.598392,-1.1244080000000003,0.16905599999999998
24,"([0.26, 0.12, 0.33, 0.23, 0.07], [2])","([0, 0, 1, 0, 0], [2])",-0.0,-0.0,-0.0,-0.0,-0.0,0.0,0.598392,-1.7228000000000003,0.16905599999999998
25,"([0.26, 0.12, 0.33, 0.23, 0.07], [2])","([0, 0, 1, 0, 0], [2])",-0.0,-0.0,-0.0,-0.0,-0.0,0.0,0.598392,-2.3211920000000004,0.16905599999999998
26,"([0.26, 0.12, 0.33, 0.23, 0.07], [0])","([0, 0, 1, 0, 0], [2])",-0.8540000000000001,-0.0,-0.0,-0.0,-0.0,-0.8540000000000001,0.598392,-2.0655840000000003,0.16905599999999998
27,"([0.26, 0.12, 0.33, 0.23, 0.07], [4])","([0, 0, 1, 0, 0], [2])",-0.0,-0.0,-0.0,-0.0,-0.93,-0.93,0.598392,-1.7339760000000002,0.16905599999999998
28,"([0.26, 0.12, 0.33, 0.23, 0.07], [3])","([0, 0, 1, 0, 0], [2])",-0.0,-0.0,-0.0,-0.888,-0.0,-0.888,0.598392,-1.4443680000000003,0.16905599999999998
29,"([0.26, 0.12, 0.33, 0.23, 0.07], [2])","([0, 0, 1, 0, 0], [2])",-0.0,-0.0,-0.0,-0.0,-0.0,0.0,0.598392,-2.0427600000000004,0.16905599999999998
30,"([0.26, 0.12, 0.33, 0.23, 0.07], [2])","([0, 0, 1, 0, 0], [2])",-0.0,-0.0,-0.0,-0.0,-0.0,0.0,0.598392,-2.6411520000000004,0.16905599999999998
31,"([0.26, 0.12, 0.33, 0.23, 0.07], [2])","([0, 0, 1, 0, 0], [2])",-0.0,-0.0,-0.0,-0.0,-0.0,0.0,0.598392,-3.2395440000000004,0.16905599999999998
32,"([0.26, 0.12, 0.33, 0.23, 0.07], [4])","([0, 0, 1, 0, 0], [2])",-0.0,-0.0,-0.0,-0.0,-0.93,-0.93,0.598392,-2.9079360000000003,0.16905599999999998
33,"([0.26, 0.12, 0.33, 0.23, 0.07], [3])","([0, 0, 1, 0, 0], [2])",-0.0,-0.0,-0.0,-0.888,-0.0,-0.888,0.598392,-2.6183280000000004,0.16905599999999998
34,"([0.26, 0.12, 0.33, 0.23, 0.07], [3])","([0, 0, 1, 0, 0], [2])",-0.0,-0.0,-0.0,-0.888,-0.0,-0.888,0.598392,-2.3287200000000006,0.16905599999999998
35,"([0.26, 0.12, 0.33, 0.23, 0.07], [0])","([0, 0, 1, 0, 0], [2])",-0.8540000000000001,-0.0,-0.0,-0.0,-0.0,-0.8540000000000001,0.598392,-2.0731120000000005,0.16905599999999998
36,"([0.26, 0.12, 0.33, 0.23, 0.07], [3])","([0, 0, 1, 0, 0], [2])",-0.0,-0.0,-0.0,-0.888,-0.0,-0.888,0.598392,-1.7835040000000006,0.16905599999999998
37,"([0.26, 0.12, 0.33, 0.23, 0.07], [2])","([0, 0, 1, 0, 0], [2])",-0.0,-0.0,-0.0,-0.0,-0.0,0.0,0.598392,-2.3818960000000007,0.16905599999999998
38,"([0.26, 0.12, 0.33, 0.23, 0.07], [2])","([0, 0, 1, 0, 0], [2])",-0.0,-0.0,-0.0,-0.0,-0.0,0.0,0.598392,-2.9802880000000007,0.16905599999999998
39,"([0.26, 0.12, 0.33, 0.23, 0.07], [4])","([0, 0, 1, 0, 0], [2])",-0.0,-0.0,-0.0,-0.0,-0.93,-0.93,0.598392,-2.6486800000000006,0.16905599999999998
40,"([0.26, 0.12, 0.33, 0.23, 0.07], [2])","([0, 0, 1, 0, 0], [2])",-0.0,-0.0,-0.0,-0.0,-0.0,0.0,0.598392,-3.2470720000000006,0.16905599999999998
41,"([0.26, 0.12, 0.33, 0.23, 0.07], [2])","([0, 0, 1, 0, 0], [2])",-0.0,-0.0,-0.0,-0.0,-0.0,0.0,0.598392,-3.8454640000000007,0.16905599999999998
42,"([0.26, 0.12, 0.33, 0.23, 0.07], [2])","([0, 0, 1, 0, 0], [2])",-0.0,-0.0,-0.0,-0.0,-0.0,0.0,0.598392,-4.443856,0.16905599999999998
43,"([0.26, 0.12, 0.33, 0.23, 0.07], [3])","([0, 0, 1, 0, 0], [2])",-0.0,-0.0,-0.0,-0.888,-0.0,-0.888,0.598392,-4.154248,0.16905599999999998
44,"([0.26, 0.12, 0.33, 0.23, 0.07], [3])","([0, 0, 1, 0, 0], [2])",-0.0,-0.0,-0.0,-0.888,-0.0,-0.888,0.598392,-3.86464,0.16905599999999998
45,"([0.26, 0.12, 0.33, 0.23, 0.07], [2])","([0, 0, 1, 0, 0], [2])",-0.0,-0.0,-0.0,-0.0,-0.0,0.0,0.598392,-4.463032,0.16905599999999998
46,"([0.26, 0.12, 0.33, 0.23, 0.07], [4])","([0, 0, 1, 0, 0], [2])",-0.0,-0.0,-0.0,-0.0,-0.93,-0.93,0.598392,-4.131424,0.16905599999999998
47,"([0.26, 0.12, 0.33, 0.23, 0.07], [0])","([0, 0, 1, 0, 0], [2])",-0.8540000000000001,-0.0,-0.0,-0.0,-0.0,-0.8540000000000001,0.598392,-3.875816,0.16905599999999998
48,"([0.26, 0.12, 0.33, 0.23, 0.07], [3])","([0, 0, 1, 0, 0], [2])",-0.0,-0.0,-0.0,-0.888,-0.0,-0.888,0.598392,-3.586208,0.16905599999999998
49,"([0.26, 0.12, 0.33, 0.23, 0.07], [2])","([0, 0, 1, 0, 0], [2])",-0.0,-0.0,-0.0,-0.0,-0.0,0.0,0.598392,-4.1846,0.16905599999999998
50,"([0.26, 0.12, 0.33, 0.23, 0.07], [2])","([0, 0, 1, 0, 0], [2])",-0.0,-0.0,-0.0,-0.0,-0.0,0.0,0.598392,-4.782992,0.16905599999999998
51,"([0.26, 0.12, 0.33, 0.23, 0.07], [4])","([0, 0, 1, 0, 0], [2])",-0.0,-0.0,-0.0,-0.0,-0.93,-0.93,0.598392,-4.451384,0.16905599999999998
52,"([0.26, 0.12, 0.33, 0.23, 0.07], [1])","([0, 0, 1, 0, 0], [2])",-0.0,-0.9520000000000001,-0.0,-0.0,-0.0,-0.9520000000000001,0.598392,-4.097776,0.16905599999999998
53,"([0.26, 0.12, 0.33, 0.23, 0.07], [0])","([0, 0, 1, 0, 0], [2])",-0.8540000000000001,-0.0,-0.0,-0.0,-0.0,-0.8540000000000001,0.598392,-3.8421679999999996,0.16905599999999998
54,"([0.26, 0.12, 0.33, 0.23, 0.07], [4])","([0, 0, 1, 0, 0], [2])",-0.0,-0.0,-0.0,-0.0,-0.93,-0.93,0.598392,-3.5105599999999995,0.16905599999999998
55,"([0.26, 0.12, 0.33, 0.23, 0.07], [3])","([0, 0, 1, 0, 0], [2])",-0.0,-0.0,-0.0,-0.888,-0.0,-0.888,0.598392,-3.2209519999999996,0.16905599999999998
56,"([0.26, 0.12, 0.33, 0.23, 0.07], [0])","([0, 0, 1, 0, 0], [2])",-0.8540000000000001,-0.0,-0.0,-0.0,-0.0,-0.8540000000000001,0.598392,-2.9653439999999995,0.16905599999999998
57,"([0.26, 0.12, 0.33, 0.23, 0.07], [0])","([0, 0, 1, 0, 0], [2])",-0.8540000000000001,-0.0,-0.0,-0.0,-0.0,-0.8540000000000001,0.598392,-2.7097359999999995,0.16905599999999998
58,"([0.26, 0.12, 0.33, 0.23, 0.07], [2])","([0, 0, 1, 0, 0], [2])",-0.0,-0.0,-0.0,-0.0,-0.0,0.0,0.598392,-3.3081279999999995,0.16905599999999998
59,"([0.26, 0.12, 0.33, 0.23, 0.07], [0])","([0, 0, 1, 0, 0], [2])",-0.8540000000000001,-0.0,-0.0,-0.0,-0.0,-0.8540000000000001,0.598392,-3.0525199999999995,0.16905599999999998
60,"([0.26, 0.12, 0.33, 0.23, 0.07], [2])","([0, 0, 1, 0, 0], [2])",-0.0,-0.0,-0.0,-0.0,-0.0,0.0,0.598392,-3.6509119999999995,0.16905599999999998
61,"([0.26, 0.12, 0.33, 0.23, 0.07], [3])","([0, 0, 1, 0, 0], [2])",-0.0,-0.0,-0.0,-0.888,-0.0,-0.888,0.598392,-3.3613039999999996,0.16905599999999998
62,"([0.26, 0.12, 0.33, 0.23, 0.07], [2])","([0, 0, 1, 0, 0], [2])",-0.0,-0.0,-0.0,-0.0,-0.0,0.0,0.598392,-3.9596959999999997,0.16905599999999998
63,"([0.26, 0.12, 0.33, 0.23, 0.07], [3])","([0, 0, 1, 0, 0], [2])",-0.0,-0.0,-0.0,-0.888,-0.0,-0.888,0.598392,-3.670088,0.16905599999999998
64,"([0.26, 0.12, 0.33, 0.23, 0.07], [0])","([0, 0, 1, 0, 0], [2])",-0.8540000000000001,-0.0,-0.0,-0.0,-0.0,-0.8540000000000001,0.598392,-3.4144799999999997,0.16905599999999998
65,"([0.26, 0.12, 0.33, 0.23, 0.07], [2])","([0, 0, 1, 0, 0], [2])",-0.0,-0.0,-0.0,-0.0,-0.0,0.0,0.598392,-4.012872,0.16905599999999998
66,"([0.26, 0.12, 0.33, 0.23, 0.07], [2])","([0, 0, 1, 0, 0], [2])",-0.0,-0.0,-0.0,-0.0,-0.0,0.0,0.598392,-4.611264,0.16905599999999998
67,"([0.26, 0.12, 0.33, 0.23, 0.07], [4])","([0, 0, 1, 0, 0], [2])",-0.0,-0.0,-0.0,-0.0,-0.93,-0.93,0.598392,-4.279656,0.16905599999999998
68,"([0.26, 0.12, 0.33, 0.23, 0.07], [3])","([0, 0, 1, 0, 0], [2])",-0.0,-0.0,-0.0,-0.888,-0.0,-0.888,0.598392,-3.9900480000000003,0.16905599999999998
69,"([0.26, 0.12, 0.33, 0.23, 0.07], [4])","([0, 0, 1, 0, 0], [2])",-0.0,-0.0,-0.0,-0.0,-0.93,-0.93,0.598392,-3.65844,0.16905599999999998
70,"([0.26, 0.12, 0.33, 0.23, 0.07], [1])","([0, 0, 1, 0, 0], [2])",-0.0,-0.9520000000000001,-0.0,-0.0,-0.0,-0.9520000000000001,0.598392,-3.304832,0.16905599999999998
71,"([0.26, 0.12, 0.33, 0.23, 0.07], [0])","([0, 0, 1, 0, 0], [2])",-0.8540000000000001,-0.0,-0.0,-0.0,-0.0,-0.8540000000000001,0.598392,-3.049224,0.16905599999999998
72,"([0.26, 0.12, 0.33, 0.23, 0.07], [1])","([0, 0, 1, 0, 0], [2])",-0.0,-0.9520000000000001,-0.0,-0.0,-0.0,-0.9520000000000001,0.598392,-2.6956160000000002,0.16905599999999998
73,"([0.26, 0.12, 0.33, 0.23, 0.07], [2])","([0, 0, 1, 0, 0], [2])",-0.0,-0.0,-0.0,-0.0,-0.0,0.0,0.598392,-3.2940080000000003,0.16905599999999998
74,"([0.26, 0.12, 0.33, 0.23, 0.07], [2])","([0, 0, 1, 0, 0], [2])",-0.0,-0.0,-0.0,-0.0,-0.0,0.0,0.598392,-3.8924000000000003,0.16905599999999998
75,"([0.26, 0.12, 0.33, 0.23, 0.07], [2])","([0, 0, 1, 0, 0], [2])",-0.0,-0.0,-0.0,-0.0,-0.0,0.0,0.598392,-4.490792000000001,0.16905599999999998
76,"([0.26, 0.12, 0.33, 0.23, 0.07], [3])","([0, 0, 1, 0, 0], [2])",-0.0,-0.0,-0.0,-0.888,-0.0,-0.888,0.598392,-4.2011840000000005,0.16905599999999998
77,"([0.26, 0.12, 0.33, 0.23, 0.07], [2])","([0, 0, 1, 0, 0], [2])",-0.0,-0.0,-0.0,-0.0,-0.0,0.0,0.598392,-4.799576,0.16905599999999998
78,"([0.26, 0.12, 0.33, 0.23, 0.07], [3])","([0, 0, 1, 0, 0], [2])",-0.0,-0.0,-0.0,-0.888,-0.0,-0.888,0.598392,-4.509968,0.16905599999999998
79,"([0.26, 0.12, 0.33, 0.23, 0.07], [1])","([0, 0, 1, 0, 0], [2])",-0.0,-0.9520000000000001,-0.0,-0.0,-0.0,-0.9520000000000001,0.598392,-4.156359999999999,0.16905599999999998
80,"([0.26, 0.12, 0.33, 0.23, 0.07], [3])","([0, 0, 1, 0, 0], [2])",-0.0,-0.0,-0.0,-0.888,-0.0,-0.888,0.598392,-3.8667519999999995,0.16905599999999998
81,"([0.26, 0.12, 0.33, 0.23, 0.07], [2])","([0, 0, 1, 0, 0], [2])",-0.0,-0.0,-0.0,-0.0,-0.0,0.0,0.598392,-4.465144,0.16905599999999998
82,"([0.26, 0.12, 0.33, 0.23, 0.07], [2])","([0, 0, 1, 0, 0], [2])",-0.0,-0.0,-0.0,-0.0,-0.0,0.0,0.598392,-5.063535999999999,0.16905599999999998
83,"([0.26, 0.12, 0.33, 0.23, 0.07], [4])","([0, 0, 1, 0, 0], [2])",-0.0,-0.0,-0.0,-0.0,-0.93,-0.93,0.598392,-4.731927999999999,0.16905599999999998
84,"([0.26, 0.12, 0.33, 0.23, 0.07], [2])","([0, 0, 1, 0, 0], [2])",-0.0,-0.0,-0.0,-0.0,-0.0,0.0,0.598392,-5.330319999999999,0.16905599999999998
85,"([0.26, 0.12, 0.33, 0.23, 0.07], [0])","([0, 0, 1, 0, 0], [2])",-0.8540000000000001,-0.0,-0.0,-0.0,-0.0,-0.8540000000000001,0.598392,-5.074711999999998,0.16905599999999998
86,"([0.26, 0.12, 0.33, 0.23, 0.07], [2])","([0, 0, 1, 0, 0], [2])",-0.0,-0.0,-0.0,-0.0,-0.0,0.0,0.598392,-5.673103999999999,0.16905599999999998
87,"([0.26, 0.12, 0.33, 0.23, 0.07], [3])","([0, 0, 1, 0, 0], [2])",-0.0,-0.0,-0.0,-0.888,-0.0,-0.888,0.598392,-5.383495999999998,0.16905599999999998
88,"([0.26, 0.12, 0.33, 0.23, 0.07], [2])","([0, 0, 1, 0, 0], [2])",-0.0,-0.0,-0.0,-0.0,-0.0,0.0,0.598392,-5.981887999999998,0.16905599999999998
89,"([0.26, 0.12, 0.33, 0.23, 0.07], [2])","([0, 0, 1, 0, 0], [2])",-0.0,-0.0,-0.0,-0.0,-0.0,0.0,0.598392,-6.580279999999998,0.16905599999999998
90,"([0.26, 0.12, 0.33, 0.23, 0.07], [2])","([0, 0, 1, 0, 0], [2])",-0.0,-0.0,-0.0,-0.0,-0.0,0.0,0.598392,-7.178671999999999,0.16905599999999998
91,"([0.26, 0.12, 0.33, 0.23, 0.07], [0])","([0, 0, 1, 0, 0], [2])",-0.8540000000000001,-0.0,-0.0,-0.0,-0.0,-0.8540000000000001,0.598392,-6.923063999999998,0.16905599999999998
92,"([0.26, 0.12, 0.33, 0.23, 0.07], [2])","([0, 0, 1, 0, 0], [2])",-0.0,-0.0,-0.0,-0.0,-0.0,0.0,0.598392,-7.521455999999999,0.16905599999999998
93,"([0.26, 0.12, 0.33, 0.23, 0.07], [2])","([0, 0, 1, 0, 0], [2])",-0.0,-0.0,-0.0,-0.0,-0.0,0.0,0.598392,-8.119848,0.16905599999999998
94,"([0.26, 0.12, 0.33, 0.23, 0.07], [2])","([0, 0, 1, 0, 0], [2])",-0.0,-0.0,-0.0,-0.0,-0.0,0.0,0.598392,-8.71824,0.16905599999999998
95,"([0.26, 0.12, 0.33, 0.23, 0.07], [4])","([0, 0, 1, 0, 0], [2])",-0.0,-0.0,-0.0,-0.0,-0.93,-0.93,0.598392,-8.386632,0.16905599999999998
96,"([0.26, 0.12, 0.33, 0.23, 0.07], [0])","([0, 0, 1, 0, 0], [2])",-0.8540000000000001,-0.0,-0.0,-0.0,-0.0,-0.8540000000000001,0.598392,-8.131024,0.16905599999999998
97,"([0.26, 0.12, 0.33, 0.23, 0.07], [2])","([0, 0, 1, 0, 0], [2])",-0.0,-0.0,-0.0,-0.0,-0.0,0.0,0.598392,-8.729416,0.16905599999999998
98,"([0.26, 0.12, 0.33, 0.23, 0.07], [0])","([0, 0, 1, 0, 0], [2])",-0.8540000000000001,-0.0,-0.0,-0.0,-0.0,-0.8540000000000001,0.598392,-8.473808,0.16905599999999998
99,"([0.26, 0.12, 0.33, 0.23, 0.07], [2])","([0, 0, 1, 0, 0], [2])",-0.0,-0.0,-0.0,-0.0,-0.0,0.0,0.598392,-9.0722,0.16905599999999998
100,"([0.26, 0.12, 0.33, 0.23, 0.07], [3])","([0, 0, 1, 0, 0], [2])",-0.0,-0.0,-0.0,-0.888,-0.0,-0.888,0.598392,-8.782592000000001,0.16905599999999998
101,"([0.26, 0.12, 0.33, 0.23, 0.07], [3])","([0, 0, 1, 0, 0], [2])",-0.0,-0.0,-0.0,-0.888,-0.0,-0.888,0.598392,-8.492984000000002,0.16905599999999998
102,"([0.26, 0.12, 0.33, 0.23, 0.07], [0])","([0, 0, 1, 0, 0], [2])",-0.8540000000000001,-0.0,-0.0,-0.0,-0.0,-0.8540000000000001,0.598392,-8.237376000000001,0.16905599999999998
103,"([0.26, 0.12, 0.33, 0.23, 0.07], [0])","([0, 0, 1, 0, 0], [2])",-0.8540000000000001,-0.0,-0.0,-0.0,-0.0,-0.8540000000000001,0.598392,-7.981768000000001,0.16905599999999998
104,"([0.26, 0.12, 0.33, 0.23, 0.07], [3])","([0, 0, 1, 0, 0], [2])",-0.0,-0.0,-0.0,-0.888,-0.0,-0.888,0.598392,-7.69216,0.16905599999999998
105,"([0.26, 0.12, 0.33, 0.23, 0.07], [0])","([0, 0, 1, 0, 0], [2])",-0.8540000000000001,-0.0,-0.0,-0.0,-0.0,-0.8540000000000001,0.598392,-7.436552000000001,0.16905599999999998
106,"([0.26, 0.12, 0.33, 0.23, 0.07], [1])","([0, 0, 1, 0, 0], [2])",-0.0,-0.9520000000000001,-0.0,-0.0,-0.0,-0.9520000000000001,0.598392,-7.082944,0.16905599999999998
107,"([0.26, 0.12, 0.33, 0.23, 0.07], [0])","([0, 0, 1, 0, 0], [2])",-0.8540000000000001,-0.0,-0.0,-0.0,-0.0,-0.8540000000000001,0.598392,-6.827336000000001,0.16905599999999998
108,"([0.26, 0.12, 0.33, 0.23, 0.07], [0])","([0, 0, 1, 0, 0], [2])",-0.8540000000000001,-0.0,-0.0,-0.0,-0.0,-0.8540000000000001,0.598392,-6.571728,0.16905599999999998
109,"([0.26, 0.12, 0.33, 0.23, 0.07], [2])","([0, 0, 1, 0, 0], [2])",-0.0,-0.0,-0.0,-0.0,-0.0,0.0,0.598392,-7.170120000000001,0.16905599999999998
110,"([0.26, 0.12, 0.33, 0.23, 0.07], [1])","([0, 0, 1, 0, 0], [2])",-0.0,-0.9520000000000001,-0.0,-0.0,-0.0,-0.9520000000000001,0.598392,-6.816512,0.16905599999999998
111,"([0.26, 0.12, 0.33, 0.23, 0.07], [2])","([0, 0, 1, 0, 0], [2])",-0.0,-0.0,-0.0,-0.0,-0.0,0.0,0.598392,-7.414904,0.16905599999999998
112,"([0.26, 0.12, 0.33, 0.23, 0.07], [2])","([0, 0, 1, 0, 0], [2])",-0.0,-0.0,-0.0,-0.0,-0.0,0.0,0.598392,-8.013296,0.16905599999999998
113,"([0.26, 0.12, 0.33, 0.23, 0.07], [2])","([0, 0, 1, 0, 0], [2])",-0.0,-0.0,-0.0,-0.0,-0.0,0.0,0.598392,-8.611688000000001,0.16905599999999998
114,"([0.26, 0.12, 0.33, 0.23, 0.07], [2])","([0, 0, 1, 0, 0], [2])",-0.0,-0.0,-0.0,-0.0,-0.0,0.0,0.598392,-9.210080000000001,0.16905599999999998
115,"([0.26, 0.12, 0.33, 0.23, 0.07], [3])","([0, 0, 1, 0, 0], [2])",-0.0,-0.0,-0.0,-0.888,-0.0,-0.888,0.598392,-8.920472000000002,0.16905599999999998
116,"([0.26, 0.12, 0.33, 0.23, 0.07], [2])","([0, 0, 1, 0, 0], [2])",-0.0,-0.0,-0.0,-0.0,-0.0,0.0,0.598392,-9.518864000000002,0.16905599999999998
117,"([0.26, 0.12, 0.33, 0.23, 0.07], [0])","([0, 0, 1, 0, 0], [2])",-0.8540000000000001,-0.0,-0.0,-0.0,-0.0,-0.8540000000000001,0.598392,-9.263256000000002,0.16905599999999998
118,"([0.26, 0.12, 0.33, 0.23, 0.07], [2])","([0, 0, 1, 0, 0], [2])",-0.0,-0.0,-0.0,-0.0,-0.0,0.0,0.598392,-9.861648000000002,0.16905599999999998
119,"([0.26, 0.12, 0.33, 0.23, 0.07], [3])","([0, 0, 1, 0, 0], [2])",-0.0,-0.0,-0.0,-0.888,-0.0,-0.888,0.598392,-9.572040000000003,0.16905599999999998
120,"([0.26, 0.12, 0.33, 0.23, 0.07], [3])","([0, 0, 1, 0, 0], [2])",-0.0,-0.0,-0.0,-0.888,-0.0,-0.888,0.598392,-9.282432000000004,0.16905599999999998
121,"([0.26, 0.12, 0.33, 0.23, 0.07], [0])","([0, 0, 1, 0, 0], [2])",-0.8540000000000001,-0.0,-0.0,-0.0,-0.0,-0.8540000000000001,0.598392,-9.026824000000003,0.16905599999999998
122,"([0.26, 0.12, 0.33, 0.23, 0.07], [1])","([0, 0, 1, 0, 0], [2])",-0.0,-0.9520000000000001,-0.0,-0.0,-0.0,-0.9520000000000001,0.598392,-8.673216000000004,0.16905599999999998
123,"([0.26, 0.12, 0.33, 0.23, 0.07], [0])","([0, 0, 1, 0, 0], [2])",-0.8540000000000001,-0.0,-0.0,-0.0,-0.0,-0.8540000000000001,0.598392,-8.417608000000003,0.16905599999999998
124,"([0.26, 0.12, 0.33, 0.23, 0.07], [1])","([0, 0, 1, 0, 0], [2])",-0.0,-0.9520000000000001,-0.0,-0.0,-0.0,-0.9520000000000001,0.598392,-8.064000000000004,0.16905599999999998
125,"([0.26, 0.12, 0.33, 0.23, 0.07], [2])","([0, 0, 1, 0, 0], [2])",-0.0,-0.0,-0.0,-0.0,-0.0,0.0,0.598392,-8.662392000000004,0.16905599999999998
126,"([0.26, 0.12, 0.33, 0.23, 0.07], [0])","([0, 0, 1, 0, 0], [2])",-0.8540000000000001,-0.0,-0.0,-0.0,-0.0,-0.8540000000000001,0.598392,-8.406784000000004,0.16905599999999998
127,"([0.26, 0.12, 0.33, 0.23, 0.07], [3])","([0, 0, 1, 0, 0], [2])",-0.0,-0.0,-0.0,-0.888,-0.0,-0.888,0.598392,-8.117176000000004,0.16905599999999998
128,"([0.26, 0.12, 0.33, 0.23, 0.07], [2])","([0, 0, 1, 0, 0], [2])",-0.0,-0.0,-0.0,-0.0,-0.0,0.0,0.598392,-8.715568000000005,0.16905599999999998
129,"([0.26, 0.12, 0.33, 0.23, 0.07], [3])","([0, 0, 1, 0, 0], [2])",-0.0,-0.0,-0.0,-0.888,-0.0,-0.888,0.598392,-8.425960000000005,0.16905599999999998
130,"([0.26, 0.12, 0.33, 0.23, 0.07], [2])","([0, 0, 1, 0, 0], [2])",-0.0,-0.0,-0.0,-0.0,-0.0,0.0,0.598392,-9.024352000000006,0.16905599999999998
131,"([0.26, 0.12, 0.33, 0.23, 0.07], [2])","([0, 0, 1, 0, 0], [2])",-0.0,-0.0,-0.0,-0.0,-0.0,0.0,0.598392,-9.622744000000006,0.16905599999999998
132,"([0.26, 0.12, 0.33, 0.23, 0.07], [2])","([0, 0, 1, 0, 0], [2])",-0.0,-0.0,-0.0,-0.0,-0.0,0.0,0.598392,-10.221136000000007,0.16905599999999998
133,"([0.26, 0.12, 0.33, 0.23, 0.07], [4])","([0, 0, 1, 0, 0], [2])",-0.0,-0.0,-0.0,-0.0,-0.93,-0.93,0.598392,-9.889528000000007,0.16905599999999998
134,"([0.26, 0.12, 0.33, 0.23, 0.07], [0])","([0, 0, 1, 0, 0], [2])",-0.8540000000000001,-0.0,-0.0,-0.0,-0.0,-0.8540000000000001,0.598392,-9.633920000000007,0.16905599999999998
135,"([0.26, 0.12, 0.33, 0.23, 0.07], [1])","([0, 0, 1, 0, 0], [2])",-0.0,-0.9520000000000001,-0.0,-0.0,-0.0,-0.9520000000000001,0.598392,-9.280312000000007,0.16905599999999998
136,"([0.26, 0.12, 0.33, 0.23, 0.07], [0])","([0, 0, 1, 0, 0], [2])",-0.8540000000000001,-0.0,-0.0,-0.0,-0.0,-0.8540000000000001,0.598392,-9.024704000000007,0.16905599999999998
137,"([0.26, 0.12, 0.33, 0.23, 0.07], [2])","([0, 0, 1, 0, 0], [2])",-0.0,-0.0,-0.0,-0.0,-0.0,0.0,0.598392,-9.623096000000007,0.16905599999999998
138,"([0.26, 0.12, 0.33, 0.23, 0.07], [0])","([0, 0, 1, 0, 0], [2])",-0.8540000000000001,-0.0,-0.0,-0.0,-0.0,-0.8540000000000001,0.598392,-9.367488000000007,0.16905599999999998
139,"([0.26, 0.12, 0.33, 0.23, 0.07], [1])","([0, 0, 1, 0, 0], [2])",-0.0,-0.9520000000000001,-0.0,-0.0,-0.0,-0.9520000000000001,0.598392,-9.013880000000007,0.16905599999999998
140,"([0.26, 0.12, 0.33, 0.23, 0.07], [0])","([0, 0, 1, 0, 0], [2])",-0.8540000000000001,-0.0,-0.0,-0.0,-0.0,-0.8540000000000001,0.598392,-8.758272000000007,0.16905599999999998
141,"([0.26, 0.12, 0.33, 0.23, 0.07], [2])","([0, 0, 1, 0, 0], [2])",-0.0,-0.0,-0.0,-0.0,-0.0,0.0,0.598392,-9.356664000000007,0.16905599999999998
142,"([0.26, 0.12, 0.33, 0.23, 0.07], [3])","([0, 0, 1, 0, 0], [2])",-0.0,-0.0,-0.0,-0.888,-0.0,-0.888,0.598392,-9.067056000000008,0.16905599999999998
143,"([0.26, 0.12, 0.33, 0.23, 0.07], [2])","([0, 0, 1, 0, 0], [2])",-0.0,-0.0,-0.0,-0.0,-0.0,0.0,0.598392,-9.665448000000008,0.16905599999999998
144,"([0.26, 0.12, 0.33, 0.23, 0.07], [0])","([0, 0, 1, 0, 0], [2])",-0.8540000000000001,-0.0,-0.0,-0.0,-0.0,-0.8540000000000001,0.598392,-9.409840000000008,0.16905599999999998
145,"([0.26, 0.12, 0.33, 0.23, 0.07], [1])","([0, 0, 1, 0, 0], [2])",-0.0,-0.9520000000000001,-0.0,-0.0,-0.0,-0.9520000000000001,0.598392,-9.056232000000008,0.16905599999999998
146,"([0.26, 0.12, 0.33, 0.23, 0.07], [3])","([0, 0, 1, 0, 0], [2])",-0.0,-0.0,-0.0,-0.888,-0.0,-0.888,0.598392,-8.766624000000009,0.16905599999999998
147,"([0.26, 0.12, 0.33, 0.23, 0.07], [1])","([0, 0, 1, 0, 0], [2])",-0.0,-0.9520000000000001,-0.0,-0.0,-0.0,-0.9520000000000001,0.598392,-8.41301600000001,0.16905599999999998
148,"([0.26, 0.12, 0.33, 0.23, 0.07], [0])","([0, 0, 1, 0, 0], [2])",-0.8540000000000001,-0.0,-0.0,-0.0,-0.0,-0.8540000000000001,0.598392,-8.157408000000009,0.16905599999999998
149,"([0.26, 0.12, 0.33, 0.23, 0.07], [1])","([0, 0, 1, 0, 0], [2])",-0.0,-0.9520000000000001,-0.0,-0.0,-0.0,-0.9520000000000001,0.598392,-7.803800000000009,0.16905599999999998
150,"([0.26, 0.12, 0.33, 0.23, 0.07], [4])","([0, 0, 1, 0, 0], [2])",-0.0,-0.0,-0.0,-0.0,-0.93,-0.93,0.598392,-7.472192000000009,0.16905599999999998
151,"([0.26, 0.12, 0.33, 0.23, 0.07], [3])","([0, 0, 1, 0, 0], [2])",-0.0,-0.0,-0.0,-0.888,-0.0,-0.888,0.598392,-7.182584000000008,0.16905599999999998
152,"([0.26, 0.12, 0.33, 0.23, 0.07], [0])","([0, 0, 1, 0, 0], [2])",-0.8540000000000001,-0.0,-0.0,-0.0,-0.0,-0.8540000000000001,0.598392,-6.926976000000009,0.16905599999999998
153,"([0.26, 0.12, 0.33, 0.23, 0.07], [2])","([0, 0, 1, 0, 0], [2])",-0.0,-0.0,-0.0,-0.0,-0.0,0.0,0.598392,-7.525368000000009,0.16905599999999998
154,"([0.26, 0.12, 0.33, 0.23, 0.07], [1])","([0, 0, 1, 0, 0], [2])",-0.0,-0.9520000000000001,-0.0,-0.0,-0.0,-0.9520000000000001,0.598392,-7.171760000000009,0.16905599999999998
155,"([0.26, 0.12, 0.33, 0.23, 0.07], [1])","([0, 0, 1, 0, 0], [2])",-0.0,-0.9520000000000001,-0.0,-0.0,-0.0,-0.9520000000000001,0.598392,-6.818152000000008,0.16905599999999998
156,"([0.26, 0.12, 0.33, 0.23, 0.07], [2])","([0, 0, 1, 0, 0], [2])",-0.0,-0.0,-0.0,-0.0,-0.0,0.0,0.598392,-7.416544000000009,0.16905599999999998
157,"([0.26, 0.12, 0.33, 0.23, 0.07], [2])","([0, 0, 1, 0, 0], [2])",-0.0,-0.0,-0.0,-0.0,-0.0,0.0,0.598392,-8.01493600000001,0.16905599999999998
158,"([0.26, 0.12, 0.33, 0.23, 0.07], [0])","([0, 0, 1, 0, 0], [2])",-0.8540000000000001,-0.0,-0.0,-0.0,-0.0,-0.8540000000000001,0.598392,-7.759328000000009,0.16905599999999998
159,"([0.26, 0.12, 0.33, 0.23, 0.07], [0])","([0, 0, 1, 0, 0], [2])",-0.8540000000000001,-0.0,-0.0,-0.0,-0.0,-0.8540000000000001,0.598392,-7.503720000000008,0.16905599999999998
160,"([0.26, 0.12, 0.33, 0.23, 0.07], [3])","([0, 0, 1, 0, 0], [2])",-0.0,-0.0,-0.0,-0.888,-0.0,-0.888,0.598392,-7.214112000000008,0.16905599999999998
161,"([0.26, 0.12, 0.33, 0.23, 0.07], [3])","([0, 0, 1, 0, 0], [2])",-0.0,-0.0,-0.0,-0.888,-0.0,-0.888,0.598392,-6.924504000000008,0.16905599999999998
162,"([0.26, 0.12, 0.33, 0.23, 0.07], [2])","([0, 0, 1, 0, 0], [2])",-0.0,-0.0,-0.0,-0.0,-0.0,0.0,0.598392,-7.522896000000008,0.16905599999999998
163,"([0.26, 0.12, 0.33, 0.23, 0.07], [0])","([0, 0, 1, 0, 0], [2])",-0.8540000000000001,-0.0,-0.0,-0.0,-0.0,-0.8540000000000001,0.598392,-7.267288000000008,0.16905599999999998
164,"([0.26, 0.12, 0.33, 0.23, 0.07], [3])","([0, 0, 1, 0, 0], [2])",-0.0,-0.0,-0.0,-0.888,-0.0,-0.888,0.598392,-6.977680000000007,0.16905599999999998
165,"([0.26, 0.12, 0.33, 0.23, 0.07], [0])","([0, 0, 1, 0, 0], [2])",-0.8540000000000001,-0.0,-0.0,-0.0,-0.0,-0.8540000000000001,0.598392,-6.722072000000008,0.16905599999999998
166,"([0.26, 0.12, 0.33, 0.23, 0.07], [3])","([0, 0, 1, 0, 0], [2])",-0.0,-0.0,-0.0,-0.888,-0.0,-0.888,0.598392,-6.4324640000000075,0.16905599999999998
167,"([0.26, 0.12, 0.33, 0.23, 0.07], [2])","([0, 0, 1, 0, 0], [2])",-0.0,-0.0,-0.0,-0.0,-0.0,0.0,0.598392,-7.030856000000007,0.16905599999999998
168,"([0.26, 0.12, 0.33, 0.23, 0.07], [2])","([0, 0, 1, 0, 0], [2])",-0.0,-0.0,-0.0,-0.0,-0.0,0.0,0.598392,-7.629248000000008,0.16905599999999998
169,"([0.26, 0.12, 0.33, 0.23, 0.07], [1])","([0, 0, 1, 0, 0], [2])",-0.0,-0.9520000000000001,-0.0,-0.0,-0.0,-0.9520000000000001,0.598392,-7.275640000000007,0.16905599999999998
170,"([0.26, 0.12, 0.33, 0.23, 0.07], [1])","([0, 0, 1, 0, 0], [2])",-0.0,-0.9520000000000001,-0.0,-0.0,-0.0,-0.9520000000000001,0.598392,-6.922032000000007,0.16905599999999998
171,"([0.26, 0.12, 0.33, 0.23, 0.07], [0])","([0, 0, 1, 0, 0], [2])",-0.8540000000000001,-0.0,-0.0,-0.0,-0.0,-0.8540000000000001,0.598392,-6.666424000000006,0.16905599999999998
172,"([0.26, 0.12, 0.33, 0.23, 0.07], [1])","([0, 0, 1, 0, 0], [2])",-0.0,-0.9520000000000001,-0.0,-0.0,-0.0,-0.9520000000000001,0.598392,-6.312816000000006,0.16905599999999998
173,"([0.26, 0.12, 0.33, 0.23, 0.07], [0])","([0, 0, 1, 0, 0], [2])",-0.8540000000000001,-0.0,-0.0,-0.0,-0.0,-0.8540000000000001,0.598392,-6.057208000000006,0.16905599999999998
174,"([0.26, 0.12, 0.33, 0.23, 0.07], [2])","([0, 0, 1, 0, 0], [2])",-0.0,-0.0,-0.0,-0.0,-0.0,0.0,0.598392,-6.655600000000007,0.16905599999999998
175,"([0.26, 0.12, 0.33, 0.23, 0.07], [0])","([0, 0, 1, 0, 0], [2])",-0.8540000000000001,-0.0,-0.0,-0.0,-0.0,-0.8540000000000001,0.598392,-6.399992000000006,0.16905599999999998
176,"([0.26, 0.12, 0.33, 0.23, 0.07], [2])","([0, 0, 1, 0, 0], [2])",-0.0,-0.0,-0.0,-0.0,-0.0,0.0,0.598392,-6.998384000000007,0.16905599999999998
177,"([0.26, 0.12, 0.33, 0.23, 0.07], [2])","([0, 0, 1, 0, 0], [2])",-0.0,-0.0,-0.0,-0.0,-0.0,0.0,0.598392,-7.596776000000007,0.16905599999999998
178,"([0.26, 0.12, 0.33, 0.23, 0.07], [3])","([0, 0, 1, 0, 0], [2])",-0.0,-0.0,-0.0,-0.888,-0.0,-0.888,0.598392,-7.307168000000007,0.16905599999999998
179,"([0.26, 0.12, 0.33, 0.23, 0.07], [1])","([0, 0, 1, 0, 0], [2])",-0.0,-0.9520000000000001,-0.0,-0.0,-0.0,-0.9520000000000001,0.598392,-6.953560000000007,0.16905599999999998
180,"([0.26, 0.12, 0.33, 0.23, 0.07], [2])","([0, 0, 1, 0, 0], [2])",-0.0,-0.0,-0.0,-0.0,-0.0,0.0,0.598392,-7.551952000000007,0.16905599999999998
181,"([0.26, 0.12, 0.33, 0.23, 0.07], [1])","([0, 0, 1, 0, 0], [2])",-0.0,-0.9520000000000001,-0.0,-0.0,-0.0,-0.9520000000000001,0.598392,-7.198344000000007,0.16905599999999998
182,"([0.26, 0.12, 0.33, 0.23, 0.07], [0])","([0, 0, 1, 0, 0], [2])",-0.8540000000000001,-0.0,-0.0,-0.0,-0.0,-0.8540000000000001,0.598392,-6.942736000000007,0.16905599999999998
183,"([0.26, 0.12, 0.33, 0.23, 0.07], [2])","([0, 0, 1, 0, 0], [2])",-0.0,-0.0,-0.0,-0.0,-0.0,0.0,0.598392,-7.541128000000008,0.16905599999999998
184,"([0.26, 0.12, 0.33, 0.23, 0.07], [1])","([0, 0, 1, 0, 0], [2])",-0.0,-0.9520000000000001,-0.0,-0.0,-0.0,-0.9520000000000001,0.598392,-7.187520000000007,0.16905599999999998
185,"([0.26, 0.12, 0.33, 0.23, 0.07], [2])","([0, 0, 1, 0, 0], [2])",-0.0,-0.0,-0.0,-0.0,-0.0,0.0,0.598392,-7.785912000000007,0.16905599999999998
186,"([0.26, 0.12, 0.33, 0.23, 0.07], [3])","([0, 0, 1, 0, 0], [2])",-0.0,-0.0,-0.0,-0.888,-0.0,-0.888,0.598392,-7.4963040000000065,0.16905599999999998
187,"([0.26, 0.12, 0.33, 0.23, 0.07], [3])","([0, 0, 1, 0, 0], [2])",-0.0,-0.0,-0.0,-0.888,-0.0,-0.888,0.598392,-7.206696000000006,0.16905599999999998
188,"([0.26, 0.12, 0.33, 0.23, 0.07], [3])","([0, 0, 1, 0, 0], [2])",-0.0,-0.0,-0.0,-0.888,-0.0,-0.888,0.598392,-6.917088000000006,0.16905599999999998
189,"([0.26, 0.12, 0.33, 0.23, 0.07], [2])","([0, 0, 1, 0, 0], [2])",-0.0,-0.0,-0.0,-0.0,-0.0,0.0,0.598392,-7.5154800000000055,0.16905599999999998
190,"([0.26, 0.12, 0.33, 0.23, 0.07], [3])","([0, 0, 1, 0, 0], [2])",-0.0,-0.0,-0.0,-0.888,-0.0,-0.888,0.598392,-7.225872000000005,0.16905599999999998
191,"([0.26, 0.12, 0.33, 0.23, 0.07], [2])","([0, 0, 1, 0, 0], [2])",-0.0,-0.0,-0.0,-0.0,-0.0,0.0,0.598392,-7.824264000000005,0.16905599999999998
192,"([0.26, 0.12, 0.33, 0.23, 0.07], [4])","([0, 0, 1, 0, 0], [2])",-0.0,-0.0,-0.0,-0.0,-0.93,-0.93,0.598392,-7.492656000000005,0.16905599999999998
193,"([0.26, 0.12, 0.33, 0.23, 0.07], [0])","([0, 0, 1, 0, 0], [2])",-0.8540000000000001,-0.0,-0.0,-0.0,-0.0,-0.8540000000000001,0.598392,-7.237048000000005,0.16905599999999998
194,"([0.26, 0.12, 0.33, 0.23, 0.07], [1])","([0, 0, 1, 0, 0], [2])",-0.0,-0.9520000000000001,-0.0,-0.0,-0.0,-0.9520000000000001,0.598392,-6.883440000000005,0.16905599999999998
195,"([0.26, 0.12, 0.33, 0.23, 0.07], [2])","([0, 0, 1, 0, 0], [2])",-0.0,-0.0,-0.0,-0.0,-0.0,0.0,0.598392,-7.481832000000004,0.16905599999999998
196,"([0.26, 0.12, 0.33, 0.23, 0.07], [2])","([0, 0, 1, 0, 0], [2])",-0.0,-0.0,-0.0,-0.0,-0.0,0.0,0.598392,-8.080224000000005,0.16905599999999998
197,"([0.26, 0.12, 0.33, 0.23, 0.07], [0])","([0, 0, 1, 0, 0], [2])",-0.8540000000000001,-0.0,-0.0,-0.0,-0.0,-0.8540000000000001,0.598392,-7.824616000000004,0.16905599999999998
198,"([0.26, 0.12, 0.33, 0.23, 0.07], [2])","([0, 0, 1, 0, 0], [2])",-0.0,-0.0,-0.0,-0.0,-0.0,0.0,0.598392,-8.423008000000005,0.16905599999999998
199,"([0.26, 0.12, 0.33, 0.23, 0.07], [2])","([0, 0, 1, 0, 0], [2])",-0.0,-0.0,-0.0,-0.0,-0.0,0.0,0.598392,-9.021400000000005,0.16905599999999998
200,"([0.26, 0.12, 0.33, 0.23, 0.07], [2])","([0, 0, 1, 0, 0], [2])",-0.0,-0.0,-0.0,-0.0,-0.0,0.0,0.598392,-9.619792000000006,0.16905599999999998
201,"([0.26, 0.12, 0.33, 0.23, 0.07], [0])","([0, 0, 1, 0, 0], [2])",-0.8540000000000001,-0.0,-0.0,-0.0,-0.0,-0.8540000000000001,0.598392,-9.364184000000005,0.16905599999999998
202,"([0.26, 0.12, 0.33, 0.23, 0.07], [2])","([0, 0, 1, 0, 0], [2])",-0.0,-0.0,-0.0,-0.0,-0.0,0.0,0.598392,-9.962576000000006,0.16905599999999998
203,"([0.26, 0.12, 0.33, 0.23, 0.07], [2])","([0, 0, 1, 0, 0], [2])",-0.0,-0.0,-0.0,-0.0,-0.0,0.0,0.598392,-10.560968000000006,0.16905599999999998
204,"([0.26, 0.12, 0.33, 0.23, 0.07], [4])","([0, 0, 1, 0, 0], [2])",-0.0,-0.0,-0.0,-0.0,-0.93,-0.93,0.598392,-10.229360000000007,0.16905599999999998
205,"([0.26, 0.12, 0.33, 0.23, 0.07], [3])","([0, 0, 1, 0, 0], [2])",-0.0,-0.0,-0.0,-0.888,-0.0,-0.888,0.598392,-9.939752000000007,0.16905599999999998
206,"([0.26, 0.12, 0.33, 0.23, 0.07], [2])","([0, 0, 1, 0, 0], [2])",-0.0,-0.0,-0.0,-0.0,-0.0,0.0,0.598392,-10.538144000000008,0.16905599999999998
207,"([0.26, 0.12, 0.33, 0.23, 0.07], [3])","([0, 0, 1, 0, 0], [2])",-0.0,-0.0,-0.0,-0.888,-0.0,-0.888,0.598392,-10.248536000000009,0.16905599999999998
208,"([0.26, 0.12, 0.33, 0.23, 0.07], [0])","([0, 0, 1, 0, 0], [2])",-0.8540000000000001,-0.0,-0.0,-0.0,-0.0,-0.8540000000000001,0.598392,-9.992928000000008,0.16905599999999998
209,"([0.26, 0.12, 0.33, 0.23, 0.07], [3])","([0, 0, 1, 0, 0], [2])",-0.0,-0.0,-0.0,-0.888,-0.0,-0.888,0.598392,-9.703320000000009,0.16905599999999998
210,"([0.26, 0.12, 0.33, 0.23, 0.07], [4])","([0, 0, 1, 0, 0], [2])",-0.0,-0.0,-0.0,-0.0,-0.93,-0.93,0.598392,-9.37171200000001,0.16905599999999998
211,"([0.26, 0.12, 0.33, 0.23, 0.07], [3])","([0, 0, 1, 0, 0], [2])",-0.0,-0.0,-0.0,-0.888,-0.0,-0.888,0.598392,-9.08210400000001,0.16905599999999998
212,"([0.26, 0.12, 0.33, 0.23, 0.07], [1])","([0, 0, 1, 0, 0], [2])",-0.0,-0.9520000000000001,-0.0,-0.0,-0.0,-0.9520000000000001,0.598392,-8.72849600000001,0.16905599999999998
213,"([0.26, 0.12, 0.33, 0.23, 0.07], [0])","([0, 0, 1, 0, 0], [2])",-0.8540000000000001,-0.0,-0.0,-0.0,-0.0,-0.8540000000000001,0.598392,-8.47288800000001,0.16905599999999998
214,"([0.26, 0.12, 0.33, 0.23, 0.07], [2])","([0, 0, 1, 0, 0], [2])",-0.0,-0.0,-0.0,-0.0,-0.0,0.0,0.598392,-9.07128000000001,0.16905599999999998
215,"([0.26, 0.12, 0.33, 0.23, 0.07], [4])","([0, 0, 1, 0, 0], [2])",-0.0,-0.0,-0.0,-0.0,-0.93,-0.93,0.598392,-8.739672000000011,0.16905599999999998
216,"([0.26, 0.12, 0.33, 0.23, 0.07], [3])","([0, 0, 1, 0, 0], [2])",-0.0,-0.0,-0.0,-0.888,-0.0,-0.888,0.598392,-8.450064000000012,0.16905599999999998
217,"([0.26, 0.12, 0.33, 0.23, 0.07], [3])","([0, 0, 1, 0, 0], [2])",-0.0,-0.0,-0.0,-0.888,-0.0,-0.888,0.598392,-8.160456000000012,0.16905599999999998
218,"([0.26, 0.12, 0.33, 0.23, 0.07], [3])","([0, 0, 1, 0, 0], [2])",-0.0,-0.0,-0.0,-0.888,-0.0,-0.888,0.598392,-7.870848000000012,0.16905599999999998
219,"([0.26, 0.12, 0.33, 0.23, 0.07], [2])","([0, 0, 1, 0, 0], [2])",-0.0,-0.0,-0.0,-0.0,-0.0,0.0,0.598392,-8.469240000000012,0.16905599999999998
220,"([0.26, 0.12, 0.33, 0.23, 0.07], [4])","([0, 0, 1, 0, 0], [2])",-0.0,-0.0,-0.0,-0.0,-0.93,-0.93,0.598392,-8.137632000000012,0.16905599999999998
221,"([0.26, 0.12, 0.33, 0.23, 0.07], [2])","([0, 0, 1, 0, 0], [2])",-0.0,-0.0,-0.0,-0.0,-0.0,0.0,0.598392,-8.736024000000013,0.16905599999999998
222,"([0.26, 0.12, 0.33, 0.23, 0.07], [3])","([0, 0, 1, 0, 0], [2])",-0.0,-0.0,-0.0,-0.888,-0.0,-0.888,0.598392,-8.446416000000013,0.16905599999999998
223,"([0.26, 0.12, 0.33, 0.23, 0.07], [1])","([0, 0, 1, 0, 0], [2])",-0.0,-0.9520000000000001,-0.0,-0.0,-0.0,-0.9520000000000001,0.598392,-8.092808000000014,0.16905599999999998
224,"([0.26, 0.12, 0.33, 0.23, 0.07], [0])","([0, 0, 1, 0, 0], [2])",-0.8540000000000001,-0.0,-0.0,-0.0,-0.0,-0.8540000000000001,0.598392,-7.8372000000000135,0.16905599999999998
225,"([0.26, 0.12, 0.33, 0.23, 0.07], [2])","([0, 0, 1, 0, 0], [2])",-0.0,-0.0,-0.0,-0.0,-0.0,0.0,0.598392,-8.435592000000014,0.16905599999999998
226,"([0.26, 0.12, 0.33, 0.23, 0.07], [3])","([0, 0, 1, 0, 0], [2])",-0.0,-0.0,-0.0,-0.888,-0.0,-0.888,0.598392,-8.145984000000015,0.16905599999999998
227,"([0.26, 0.12, 0.33, 0.23, 0.07], [2])","([0, 0, 1, 0, 0], [2])",-0.0,-0.0,-0.0,-0.0,-0.0,0.0,0.598392,-8.744376000000015,0.16905599999999998
228,"([0.26, 0.12, 0.33, 0.23, 0.07], [3])","([0, 0, 1, 0, 0], [2])",-0.0,-0.0,-0.0,-0.888,-0.0,-0.888,0.598392,-8.454768000000016,0.16905599999999998
229,"([0.26, 0.12, 0.33, 0.23, 0.07], [0])","([0, 0, 1, 0, 0], [2])",-0.8540000000000001,-0.0,-0.0,-0.0,-0.0,-0.8540000000000001,0.598392,-8.199160000000015,0.16905599999999998
230,"([0.26, 0.12, 0.33, 0.23, 0.07], [1])","([0, 0, 1, 0, 0], [2])",-0.0,-0.9520000000000001,-0.0,-0.0,-0.0,-0.9520000000000001,0.598392,-7.845552000000015,0.16905599999999998
231,"([0.26, 0.12, 0.33, 0.23, 0.07], [2])","([0, 0, 1, 0, 0], [2])",-0.0,-0.0,-0.0,-0.0,-0.0,0.0,0.598392,-8.443944000000014,0.16905599999999998
232,"([0.26, 0.12, 0.33, 0.23, 0.07], [0])","([0, 0, 1, 0, 0], [2])",-0.8540000000000001,-0.0,-0.0,-0.0,-0.0,-0.8540000000000001,0.598392,-8.188336000000014,0.16905599999999998
233,"([0.26, 0.12, 0.33, 0.23, 0.07], [0])","([0, 0, 1, 0, 0], [2])",-0.8540000000000001,-0.0,-0.0,-0.0,-0.0,-0.8540000000000001,0.598392,-7.932728000000013,0.16905599999999998
234,"([0.26, 0.12, 0.33, 0.23, 0.07], [0])","([0, 0, 1, 0, 0], [2])",-0.8540000000000001,-0.0,-0.0,-0.0,-0.0,-0.8540000000000001,0.598392,-7.677120000000013,0.16905599999999998
235,"([0.26, 0.12, 0.33, 0.23, 0.07], [3])","([0, 0, 1, 0, 0], [2])",-0.0,-0.0,-0.0,-0.888,-0.0,-0.888,0.598392,-7.3875120000000125,0.16905599999999998
236,"([0.26, 0.12, 0.33, 0.23, 0.07], [0])","([0, 0, 1, 0, 0], [2])",-0.8540000000000001,-0.0,-0.0,-0.0,-0.0,-0.8540000000000001,0.598392,-7.131904000000013,0.16905599999999998
237,"([0.26, 0.12, 0.33, 0.23, 0.07], [4])","([0, 0, 1, 0, 0], [2])",-0.0,-0.0,-0.0,-0.0,-0.93,-0.93,0.598392,-6.800296000000013,0.16905599999999998
238,"([0.26, 0.12, 0.33, 0.23, 0.07], [2])","([0, 0, 1, 0, 0], [2])",-0.0,-0.0,-0.0,-0.0,-0.0,0.0,0.598392,-7.398688000000012,0.16905599999999998
239,"([0.26, 0.12, 0.33, 0.23, 0.07], [1])","([0, 0, 1, 0, 0], [2])",-0.0,-0.9520000000000001,-0.0,-0.0,-0.0,-0.9520000000000001,0.598392,-7.045080000000012,0.16905599999999998
240,"([0.26, 0.12, 0.33, 0.23, 0.07], [3])","([0, 0, 1, 0, 0], [2])",-0.0,-0.0,-0.0,-0.888,-0.0,-0.888,0.598392,-6.755472000000012,0.16905599999999998
241,"([0.26, 0.12, 0.33, 0.23, 0.07], [0])","([0, 0, 1, 0, 0], [2])",-0.8540000000000001,-0.0,-0.0,-0.0,-0.0,-0.8540000000000001,0.598392,-6.499864000000011,0.16905599999999998
242,"([0.26, 0.12, 0.33, 0.23, 0.07], [3])","([0, 0, 1, 0, 0], [2])",-0.0,-0.0,-0.0,-0.888,-0.0,-0.888,0.598392,-6.210256000000011,0.16905599999999998
243,"([0.26, 0.12, 0.33, 0.23, 0.07], [4])","([0, 0, 1, 0, 0], [2])",-0.0,-0.0,-0.0,-0.0,-0.93,-0.93,0.598392,-5.878648000000011,0.16905599999999998
244,"([0.26, 0.12, 0.33, 0.23, 0.07], [2])","([0, 0, 1, 0, 0], [2])",-0.0,-0.0,-0.0,-0.0,-0.0,0.0,0.598392,-6.477040000000011,0.16905599999999998
245,"([0.26, 0.12, 0.33, 0.23, 0.07], [2])","([0, 0, 1, 0, 0], [2])",-0.0,-0.0,-0.0,-0.0,-0.0,0.0,0.598392,-7.075432000000012,0.16905599999999998
246,"([0.26, 0.12, 0.33, 0.23, 0.07], [4])","([0, 0, 1, 0, 0], [2])",-0.0,-0.0,-0.0,-0.0,-0.93,-0.93,0.598392,-6.743824000000012,0.16905599999999998
247,"([0.26, 0.12, 0.33, 0.23, 0.07], [2])","([0, 0, 1, 0, 0], [2])",-0.0,-0.0,-0.0,-0.0,-0.0,0.0,0.598392,-7.342216000000011,0.16905599999999998
248,"([0.26, 0.12, 0.33, 0.23, 0.07], [3])","([0, 0, 1, 0, 0], [2])",-0.0,-0.0,-0.0,-0.888,-0.0,-0.888,0.598392,-7.052608000000011,0.16905599999999998
249,"([0.26, 0.12, 0.33, 0.23, 0.07], [0])","([0, 0, 1, 0, 0], [2])",-0.8540000000000001,-0.0,-0.0,-0.0,-0.0,-0.8540000000000001,0.598392,-6.797000000000011,0.16905599999999998
250,"([0.26, 0.12, 0.33, 0.23, 0.07], [1])","([0, 0, 1, 0, 0], [2])",-0.0,-0.9520000000000001,-0.0,-0.0,-0.0,-0.9520000000000001,0.598392,-6.443392000000011,0.16905599999999998
251,"([0.26, 0.12, 0.33, 0.23, 0.07], [2])","([0, 0, 1, 0, 0], [2])",-0.0,-0.0,-0.0,-0.0,-0.0,0.0,0.598392,-7.0417840000000105,0.16905599999999998
252,"([0.26, 0.12, 0.33, 0.23, 0.07], [3])","([0, 0, 1, 0, 0], [2])",-0.0,-0.0,-0.0,-0.888,-0.0,-0.888,0.598392,-6.75217600000001,0.16905599999999998
253,"([0.26, 0.12, 0.33, 0.23, 0.07], [0])","([0, 0, 1, 0, 0], [2])",-0.8540000000000001,-0.0,-0.0,-0.0,-0.0,-0.8540000000000001,0.598392,-6.496568000000011,0.16905599999999998
254,"([0.26, 0.12, 0.33, 0.23, 0.07], [2])","([0, 0, 1, 0, 0], [2])",-0.0,-0.0,-0.0,-0.0,-0.0,0.0,0.598392,-7.094960000000011,0.16905599999999998
255,"([0.26, 0.12, 0.33, 0.23, 0.07], [0])","([0, 0, 1, 0, 0], [2])",-0.8540000000000001,-0.0,-0.0,-0.0,-0.0,-0.8540000000000001,0.598392,-6.8393520000000105,0.16905599999999998
256,"([0.26, 0.12, 0.33, 0.23, 0.07], [3])","([0, 0, 1, 0, 0], [2])",-0.0,-0.0,-0.0,-0.888,-0.0,-0.888,0.598392,-6.54974400000001,0.16905599999999998
257,"([0.26, 0.12, 0.33, 0.23, 0.07], [0])","([0, 0, 1, 0, 0], [2])",-0.8540000000000001,-0.0,-0.0,-0.0,-0.0,-0.8540000000000001,0.598392,-6.294136000000011,0.16905599999999998
258,"([0.26, 0.12, 0.33, 0.23, 0.07], [2])","([0, 0, 1, 0, 0], [2])",-0.0,-0.0,-0.0,-0.0,-0.0,0.0,0.598392,-6.892528000000011,0.16905599999999998
259,"([0.26, 0.12, 0.33, 0.23, 0.07], [2])","([0, 0, 1, 0, 0], [2])",-0.0,-0.0,-0.0,-0.0,-0.0,0.0,0.598392,-7.490920000000012,0.16905599999999998
260,"([0.26, 0.12, 0.33, 0.23, 0.07], [3])","([0, 0, 1, 0, 0], [2])",-0.0,-0.0,-0.0,-0.888,-0.0,-0.888,0.598392,-7.201312000000011,0.16905599999999998
261,"([0.26, 0.12, 0.33, 0.23, 0.07], [3])","([0, 0, 1, 0, 0], [2])",-0.0,-0.0,-0.0,-0.888,-0.0,-0.888,0.598392,-6.911704000000011,0.16905599999999998
262,"([0.26, 0.12, 0.33, 0.23, 0.07], [4])","([0, 0, 1, 0, 0], [2])",-0.0,-0.0,-0.0,-0.0,-0.93,-0.93,0.598392,-6.580096000000011,0.16905599999999998
263,"([0.26, 0.12, 0.33, 0.23, 0.07], [2])","([0, 0, 1, 0, 0], [2])",-0.0,-0.0,-0.0,-0.0,-0.0,0.0,0.598392,-7.17848800000001,0.16905599999999998
264,"([0.26, 0.12, 0.33, 0.23, 0.07], [1])","([0, 0, 1, 0, 0], [2])",-0.0,-0.9520000000000001,-0.0,-0.0,-0.0,-0.9520000000000001,0.598392,-6.82488000000001,0.16905599999999998
265,"([0.26, 0.12, 0.33, 0.23, 0.07], [0])","([0, 0, 1, 0, 0], [2])",-0.8540000000000001,-0.0,-0.0,-0.0,-0.0,-0.8540000000000001,0.598392,-6.56927200000001,0.16905599999999998
266,"([0.26, 0.12, 0.33, 0.23, 0.07], [3])","([0, 0, 1, 0, 0], [2])",-0.0,-0.0,-0.0,-0.888,-0.0,-0.888,0.598392,-6.27966400000001,0.16905599999999998
267,"([0.26, 0.12, 0.33, 0.23, 0.07], [3])","([0, 0, 1, 0, 0], [2])",-0.0,-0.0,-0.0,-0.888,-0.0,-0.888,0.598392,-5.99005600000001,0.16905599999999998
268,"([0.26, 0.12, 0.33, 0.23, 0.07], [3])","([0, 0, 1, 0, 0], [2])",-0.0,-0.0,-0.0,-0.888,-0.0,-0.888,0.598392,-5.7004480000000095,0.16905599999999998
269,"([0.26, 0.12, 0.33, 0.23, 0.07], [4])","([0, 0, 1, 0, 0], [2])",-0.0,-0.0,-0.0,-0.0,-0.93,-0.93,0.598392,-5.368840000000009,0.16905599999999998
270,"([0.26, 0.12, 0.33, 0.23, 0.07], [0])","([0, 0, 1, 0, 0], [2])",-0.8540000000000001,-0.0,-0.0,-0.0,-0.0,-0.8540000000000001,0.598392,-5.113232000000009,0.16905599999999998
271,"([0.26, 0.12, 0.33, 0.23, 0.07], [1])","([0, 0, 1, 0, 0], [2])",-0.0,-0.9520000000000001,-0.0,-0.0,-0.0,-0.9520000000000001,0.598392,-4.7596240000000085,0.16905599999999998
272,"([0.26, 0.12, 0.33, 0.23, 0.07], [1])","([0, 0, 1, 0, 0], [2])",-0.0,-0.9520000000000001,-0.0,-0.0,-0.0,-0.9520000000000001,0.598392,-4.406016000000008,0.16905599999999998
273,"([0.26, 0.12, 0.33, 0.23, 0.07], [2])","([0, 0, 1, 0, 0], [2])",-0.0,-0.0,-0.0,-0.0,-0.0,0.0,0.598392,-5.004408000000009,0.16905599999999998
274,"([0.26, 0.12, 0.33, 0.23, 0.07], [2])","([0, 0, 1, 0, 0], [2])",-0.0,-0.0,-0.0,-0.0,-0.0,0.0,0.598392,-5.602800000000009,0.16905599999999998
275,"([0.26, 0.12, 0.33, 0.23, 0.07], [2])","([0, 0, 1, 0, 0], [2])",-0.0,-0.0,-0.0,-0.0,-0.0,0.0,0.598392,-6.20119200000001,0.16905599999999998
276,"([0.26, 0.12, 0.33, 0.23, 0.07], [1])","([0, 0, 1, 0, 0], [2])",-0.0,-0.9520000000000001,-0.0,-0.0,-0.0,-0.9520000000000001,0.598392,-5.847584000000009,0.16905599999999998
277,"([0.26, 0.12, 0.33, 0.23, 0.07], [0])","([0, 0, 1, 0, 0], [2])",-0.8540000000000001,-0.0,-0.0,-0.0,-0.0,-0.8540000000000001,0.598392,-5.59197600000001,0.16905599999999998
278,"([0.26, 0.12, 0.33, 0.23, 0.07], [2])","([0, 0, 1, 0, 0], [2])",-0.0,-0.0,-0.0,-0.0,-0.0,0.0,0.598392,-6.19036800000001,0.16905599999999998
279,"([0.26, 0.12, 0.33, 0.23, 0.07], [2])","([0, 0, 1, 0, 0], [2])",-0.0,-0.0,-0.0,-0.0,-0.0,0.0,0.598392,-6.788760000000011,0.16905599999999998
280,"([0.26, 0.12, 0.33, 0.23, 0.07], [4])","([0, 0, 1, 0, 0], [2])",-0.0,-0.0,-0.0,-0.0,-0.93,-0.93,0.598392,-6.45715200000001,0.16905599999999998
281,"([0.26, 0.12, 0.33, 0.23, 0.07], [3])","([0, 0, 1, 0, 0], [2])",-0.0,-0.0,-0.0,-0.888,-0.0,-0.888,0.598392,-6.16754400000001,0.16905599999999998
282,"([0.26, 0.12, 0.33, 0.23, 0.07], [2])","([0, 0, 1, 0, 0], [2])",-0.0,-0.0,-0.0,-0.0,-0.0,0.0,0.598392,-6.765936000000011,0.16905599999999998
283,"([0.26, 0.12, 0.33, 0.23, 0.07], [0])","([0, 0, 1, 0, 0], [2])",-0.8540000000000001,-0.0,-0.0,-0.0,-0.0,-0.8540000000000001,0.598392,-6.51032800000001,0.16905599999999998
284,"([0.26, 0.12, 0.33, 0.23, 0.07], [2])","([0, 0, 1, 0, 0], [2])",-0.0,-0.0,-0.0,-0.0,-0.0,0.0,0.598392,-7.108720000000011,0.16905599999999998
285,"([0.26, 0.12, 0.33, 0.23, 0.07], [0])","([0, 0, 1, 0, 0], [2])",-0.8540000000000001,-0.0,-0.0,-0.0,-0.0,-0.8540000000000001,0.598392,-6.85311200000001,0.16905599999999998
286,"([0.26, 0.12, 0.33, 0.23, 0.07], [3])","([0, 0, 1, 0, 0], [2])",-0.0,-0.0,-0.0,-0.888,-0.0,-0.888,0.598392,-6.56350400000001,0.16905599999999998
287,"([0.26, 0.12, 0.33, 0.23, 0.07], [4])","([0, 0, 1, 0, 0], [2])",-0.0,-0.0,-0.0,-0.0,-0.93,-0.93,0.598392,-6.23189600000001,0.16905599999999998
288,"([0.26, 0.12, 0.33, 0.23, 0.07], [0])","([0, 0, 1, 0, 0], [2])",-0.8540000000000001,-0.0,-0.0,-0.0,-0.0,-0.8540000000000001,0.598392,-5.976288000000009,0.16905599999999998
289,"([0.26, 0.12, 0.33, 0.23, 0.07], [3])","([0, 0, 1, 0, 0], [2])",-0.0,-0.0,-0.0,-0.888,-0.0,-0.888,0.598392,-5.686680000000009,0.16905599999999998
290,"([0.26, 0.12, 0.33, 0.23, 0.07], [4])","([0, 0, 1, 0, 0], [2])",-0.0,-0.0,-0.0,-0.0,-0.93,-0.93,0.598392,-5.355072000000009,0.16905599999999998
291,"([0.26, 0.12, 0.33, 0.23, 0.07], [1])","([0, 0, 1, 0, 0], [2])",-0.0,-0.9520000000000001,-0.0,-0.0,-0.0,-0.9520000000000001,0.598392,-5.001464000000008,0.16905599999999998
292,"([0.26, 0.12, 0.33, 0.23, 0.07], [2])","([0, 0, 1, 0, 0], [2])",-0.0,-0.0,-0.0,-0.0,-0.0,0.0,0.598392,-5.599856000000008,0.16905599999999998
293,"([0.26, 0.12, 0.33, 0.23, 0.07], [2])","([0, 0, 1, 0, 0], [2])",-0.0,-0.0,-0.0,-0.0,-0.0,0.0,0.598392,-6.198248000000008,0.16905599999999998
294,"([0.26, 0.12, 0.33, 0.23, 0.07], [3])","([0, 0, 1, 0, 0], [2])",-0.0,-0.0,-0.0,-0.888,-0.0,-0.888,0.598392,-5.908640000000008,0.16905599999999998
295,"([0.26, 0.12, 0.33, 0.23, 0.07], [2])","([0, 0, 1, 0, 0], [2])",-0.0,-0.0,-0.0,-0.0,-0.0,0.0,0.598392,-6.507032000000008,0.16905599999999998
296,"([0.26, 0.12, 0.33, 0.23, 0.07], [0])","([0, 0, 1, 0, 0], [2])",-0.8540000000000001,-0.0,-0.0,-0.0,-0.0,-0.8540000000000001,0.598392,-6.251424000000007,0.16905599999999998
297,"([0.26, 0.12, 0.33, 0.23, 0.07], [2])","([0, 0, 1, 0, 0], [2])",-0.0,-0.0,-0.0,-0.0,-0.0,0.0,0.598392,-6.849816000000008,0.16905599999999998
298,"([0.26, 0.12, 0.33, 0.23, 0.07], [2])","([0, 0, 1, 0, 0], [2])",-0.0,-0.0,-0.0,-0.0,-0.0,0.0,0.598392,-7.448208000000008,0.16905599999999998
299,"([0.26, 0.12, 0.33, 0.23, 0.07], [2])","([0, 0, 1, 0, 0], [2])",-0.0,-0.0,-0.0,-0.0,-0.0,0.0,0.598392,-8.046600000000009,0.16905599999999998
