,sto-1,FB-0,feedback target 0,feedback target 1,feedback target 2,feedback target 3,feedback target 4,feedback target 5,total,exp_loss,actual_regret,exp_regret
0,"([0.08, 0.12, 0.13, 0.05, 0.44, 0.18], [4])","([0.0, 0.0, 0.0, 1.0, 0.0, 0.0], [3])",-0.0,-0.0,-0.0,-0.0,-0.728,-0.0,-0.728,0.7694239999999999,0.23808399999999996,0.27950799999999987
1,"([0.08, 0.12, 0.13, 0.05, 0.44, 0.18], [2])","([0.14, 0.21, 0.22, 0.13, 0.11, 0.19], [5])",-0.0,-0.0,-0.94,-0.0,-0.0,-0.0,-0.94,0.6791531707664159,0.6881679999999999,0.46874517076641575
2,"([0.08, 0.12, 0.13, 0.05, 0.44, 0.18], [5])","([0.0, 0.0, 0.0, 0.0, 1.0, 0.0], [4])",-0.0,-0.0,-0.0,-0.0,-0.0,-0.858,-0.858,0.489916,1.0562519999999997,0.46874517076641575
3,"([0.08, 0.12, 0.13, 0.05, 0.44, 0.18], [3])","([0.0, 0.0, 0.0, 0.0, 1.0, 0.0], [4])",-0.0,-0.0,-0.0,-0.758,-0.0,-0.0,-0.758,0.489916,1.3243359999999997,0.46874517076641575
4,"([0.08, 0.12, 0.13, 0.05, 0.44, 0.18], [2])","([0.0, 0.0, 0.0, 0.0, 0.0, 1.0], [5])",-0.0,-0.0,-0.94,-0.0,-0.0,-0.0,-0.94,0.652026,1.7744199999999997,0.6308551707664157
5,"([0.08, 0.12, 0.13, 0.05, 0.44, 0.18], [4])","([0.0, 0.0, 1.0, 0.0, 0.0, 0.0], [2])",-0.0,-0.0,-0.0,-0.0,-0.728,-0.0,-0.728,0.683244,2.012504,0.8241831707664157
6,"([0.08, 0.12, 0.13, 0.05, 0.44, 0.18], [4])","([0.0, 0.0, 0.0, 0.0, 1.0, 0.0], [4])",-0.0,-0.0,-0.0,-0.0,-0.0,-0.0,0.0,0.489916,1.5225879999999998,0.8241831707664157
7,"([0.08, 0.12, 0.13, 0.05, 0.44, 0.18], [4])","([0.0, 0.0, 1.0, 0.0, 0.0, 0.0], [2])",-0.0,-0.0,-0.0,-0.0,-0.728,-0.0,-0.728,0.683244,1.7606719999999998,1.0175111707664155
8,"([0.08, 0.12, 0.13, 0.05, 0.44, 0.18], [2])","([0.0, 0.0, 0.0, 0.0, 1.0, 0.0], [4])",-0.0,-0.0,-0.94,-0.0,-0.0,-0.0,-0.94,0.489916,2.210756,1.0175111707664155
9,"([0.08, 0.12, 0.13, 0.05, 0.44, 0.18], [1])","([0.0, 0.0, 1.0, 0.0, 0.0, 0.0], [2])",-0.0,-0.914,-0.0,-0.0,-0.0,-0.0,-0.914,0.683244,2.63484,1.2108391707664155
10,"([0.08, 0.12, 0.13, 0.05, 0.44, 0.18], [4])","([0.0, 0.0, 1.0, 0.0, 0.0, 0.0], [2])",-0.0,-0.0,-0.0,-0.0,-0.728,-0.0,-0.728,0.683244,2.8729240000000003,1.4041671707664154
11,"([0.08, 0.12, 0.13, 0.05, 0.44, 0.18], [4])","([0.0, 0.0, 1.0, 0.0, 0.0, 0.0], [2])",-0.0,-0.0,-0.0,-0.0,-0.728,-0.0,-0.728,0.683244,3.111008,1.5974951707664153
12,"([0.08, 0.12, 0.13, 0.05, 0.44, 0.18], [4])","([0.0, 0.0, 0.0, 0.0, 1.0, 0.0], [4])",-0.0,-0.0,-0.0,-0.0,-0.0,-0.0,0.0,0.489916,2.621092,1.5974951707664153
13,"([0.08, 0.12, 0.13, 0.05, 0.44, 0.18], [4])","([0.0, 0.0, 0.0, 0.0, 1.0, 0.0], [4])",-0.0,-0.0,-0.0,-0.0,-0.0,-0.0,0.0,0.489916,2.131176,1.5974951707664153
14,"([0.08, 0.12, 0.13, 0.05, 0.44, 0.18], [0])","([0.0, 0.0, 0.0, 0.0, 1.0, 0.0], [4])",-0.772,-0.0,-0.0,-0.0,-0.0,-0.0,-0.772,0.489916,2.41326,1.5974951707664153
15,"([0.08, 0.12, 0.13, 0.05, 0.44, 0.18], [4])","([0.0, 0.0, 0.0, 0.0, 1.0, 0.0], [4])",-0.0,-0.0,-0.0,-0.0,-0.0,-0.0,0.0,0.489916,1.9233440000000002,1.5974951707664153
16,"([0.08, 0.12, 0.13, 0.05, 0.44, 0.18], [2])","([0.0, 0.0, 0.0, 0.0, 1.0, 0.0], [4])",-0.0,-0.0,-0.94,-0.0,-0.0,-0.0,-0.94,0.489916,2.373428,1.5974951707664153
17,"([0.08, 0.12, 0.13, 0.05, 0.44, 0.18], [0])","([0.0, 0.0, 0.0, 0.0, 1.0, 0.0], [4])",-0.772,-0.0,-0.0,-0.0,-0.0,-0.0,-0.772,0.489916,2.655512,1.5974951707664153
18,"([0.08, 0.12, 0.13, 0.05, 0.44, 0.18], [4])","([0.0, 0.0, 0.0, 0.0, 1.0, 0.0], [4])",-0.0,-0.0,-0.0,-0.0,-0.0,-0.0,0.0,0.489916,2.165596,1.5974951707664153
19,"([0.08, 0.12, 0.13, 0.05, 0.44, 0.18], [2])","([0.0, 0.0, 0.0, 0.0, 1.0, 0.0], [4])",-0.0,-0.0,-0.94,-0.0,-0.0,-0.0,-0.94,0.489916,2.61568,1.5974951707664153
20,"([0.08, 0.12, 0.13, 0.05, 0.44, 0.18], [5])","([0.0, 0.0, 0.0, 0.0, 1.0, 0.0], [4])",-0.0,-0.0,-0.0,-0.0,-0.0,-0.858,-0.858,0.489916,2.983764,1.5974951707664153
21,"([0.08, 0.12, 0.13, 0.05, 0.44, 0.18], [1])","([0.0, 0.0, 0.0, 0.0, 1.0, 0.0], [4])",-0.0,-0.914,-0.0,-0.0,-0.0,-0.0,-0.914,0.489916,3.407848,1.5974951707664153
22,"([0.08, 0.12, 0.13, 0.05, 0.44, 0.18], [4])","([0.0, 0.0, 0.0, 0.0, 1.0, 0.0], [4])",-0.0,-0.0,-0.0,-0.0,-0.0,-0.0,0.0,0.489916,2.917932,1.5974951707664153
23,"([0.08, 0.12, 0.13, 0.05, 0.44, 0.18], [2])","([0.0, 0.0, 0.0, 0.0, 1.0, 0.0], [4])",-0.0,-0.0,-0.94,-0.0,-0.0,-0.0,-0.94,0.489916,3.368016,1.5974951707664153
24,"([0.08, 0.12, 0.13, 0.05, 0.44, 0.18], [4])","([0.0, 0.0, 0.0, 0.0, 1.0, 0.0], [4])",-0.0,-0.0,-0.0,-0.0,-0.0,-0.0,0.0,0.489916,2.8781,1.5974951707664153
25,"([0.08, 0.12, 0.13, 0.05, 0.44, 0.18], [2])","([0.0, 0.0, 0.0, 0.0, 1.0, 0.0], [4])",-0.0,-0.0,-0.94,-0.0,-0.0,-0.0,-0.94,0.489916,3.328184,1.5974951707664153
26,"([0.08, 0.12, 0.13, 0.05, 0.44, 0.18], [1])","([0.0, 0.0, 0.0, 0.0, 1.0, 0.0], [4])",-0.0,-0.914,-0.0,-0.0,-0.0,-0.0,-0.914,0.489916,3.752268,1.5974951707664153
27,"([0.08, 0.12, 0.13, 0.05, 0.44, 0.18], [2])","([0.0, 0.0, 0.0, 0.0, 1.0, 0.0], [4])",-0.0,-0.0,-0.94,-0.0,-0.0,-0.0,-0.94,0.489916,4.202351999999999,1.5974951707664153
28,"([0.08, 0.12, 0.13, 0.05, 0.44, 0.18], [5])","([0.0, 0.0, 0.0, 0.0, 1.0, 0.0], [4])",-0.0,-0.0,-0.0,-0.0,-0.0,-0.858,-0.858,0.489916,4.570435999999999,1.5974951707664153
29,"([0.08, 0.12, 0.13, 0.05, 0.44, 0.18], [4])","([0.0, 0.0, 0.0, 0.0, 1.0, 0.0], [4])",-0.0,-0.0,-0.0,-0.0,-0.0,-0.0,0.0,0.489916,4.080519999999999,1.5974951707664153
30,"([0.08, 0.12, 0.13, 0.05, 0.44, 0.18], [5])","([0.0, 0.0, 0.0, 0.0, 1.0, 0.0], [4])",-0.0,-0.0,-0.0,-0.0,-0.0,-0.858,-0.858,0.489916,4.448603999999999,1.5974951707664153
31,"([0.08, 0.12, 0.13, 0.05, 0.44, 0.18], [0])","([0.0, 0.0, 0.0, 0.0, 1.0, 0.0], [4])",-0.772,-0.0,-0.0,-0.0,-0.0,-0.0,-0.772,0.489916,4.730687999999999,1.5974951707664153
32,"([0.08, 0.12, 0.13, 0.05, 0.44, 0.18], [3])","([0.0, 0.0, 0.0, 0.0, 1.0, 0.0], [4])",-0.0,-0.0,-0.0,-0.758,-0.0,-0.0,-0.758,0.489916,4.998771999999999,1.5974951707664153
33,"([0.08, 0.12, 0.13, 0.05, 0.44, 0.18], [4])","([0.0, 0.0, 0.0, 0.0, 1.0, 0.0], [4])",-0.0,-0.0,-0.0,-0.0,-0.0,-0.0,0.0,0.489916,4.508855999999999,1.5974951707664153
34,"([0.08, 0.12, 0.13, 0.05, 0.44, 0.18], [2])","([0.0, 0.0, 0.0, 0.0, 1.0, 0.0], [4])",-0.0,-0.0,-0.94,-0.0,-0.0,-0.0,-0.94,0.489916,4.958939999999998,1.5974951707664153
35,"([0.08, 0.12, 0.13, 0.05, 0.44, 0.18], [5])","([0.0, 0.0, 0.0, 0.0, 1.0, 0.0], [4])",-0.0,-0.0,-0.0,-0.0,-0.0,-0.858,-0.858,0.489916,5.327023999999998,1.5974951707664153
36,"([0.08, 0.12, 0.13, 0.05, 0.44, 0.18], [4])","([0.0, 0.0, 0.0, 0.0, 1.0, 0.0], [4])",-0.0,-0.0,-0.0,-0.0,-0.0,-0.0,0.0,0.489916,4.837107999999998,1.5974951707664153
37,"([0.08, 0.12, 0.13, 0.05, 0.44, 0.18], [3])","([0.0, 0.0, 0.0, 0.0, 1.0, 0.0], [4])",-0.0,-0.0,-0.0,-0.758,-0.0,-0.0,-0.758,0.489916,5.105191999999998,1.5974951707664153
38,"([0.08, 0.12, 0.13, 0.05, 0.44, 0.18], [4])","([0.0, 0.0, 0.0, 0.0, 1.0, 0.0], [4])",-0.0,-0.0,-0.0,-0.0,-0.0,-0.0,0.0,0.489916,4.615275999999998,1.5974951707664153
39,"([0.08, 0.12, 0.13, 0.05, 0.44, 0.18], [1])","([0.0, 0.0, 0.0, 0.0, 1.0, 0.0], [4])",-0.0,-0.914,-0.0,-0.0,-0.0,-0.0,-0.914,0.489916,5.039359999999998,1.5974951707664153
40,"([0.08, 0.12, 0.13, 0.05, 0.44, 0.18], [4])","([0.0, 0.0, 0.0, 0.0, 1.0, 0.0], [4])",-0.0,-0.0,-0.0,-0.0,-0.0,-0.0,0.0,0.489916,4.549443999999998,1.5974951707664153
41,"([0.08, 0.12, 0.13, 0.05, 0.44, 0.18], [4])","([0.0, 0.0, 0.0, 0.0, 1.0, 0.0], [4])",-0.0,-0.0,-0.0,-0.0,-0.0,-0.0,0.0,0.489916,4.059527999999998,1.5974951707664153
42,"([0.08, 0.12, 0.13, 0.05, 0.44, 0.18], [4])","([0.0, 0.0, 0.0, 0.0, 1.0, 0.0], [4])",-0.0,-0.0,-0.0,-0.0,-0.0,-0.0,0.0,0.489916,3.5696119999999976,1.5974951707664153
43,"([0.08, 0.12, 0.13, 0.05, 0.44, 0.18], [4])","([0.0, 0.0, 0.0, 0.0, 1.0, 0.0], [4])",-0.0,-0.0,-0.0,-0.0,-0.0,-0.0,0.0,0.489916,3.0796959999999975,1.5974951707664153
44,"([0.08, 0.12, 0.13, 0.05, 0.44, 0.18], [4])","([0.0, 0.0, 0.0, 0.0, 1.0, 0.0], [4])",-0.0,-0.0,-0.0,-0.0,-0.0,-0.0,0.0,0.489916,2.5897799999999975,1.5974951707664153
45,"([0.08, 0.12, 0.13, 0.05, 0.44, 0.18], [4])","([0.0, 0.0, 0.0, 0.0, 1.0, 0.0], [4])",-0.0,-0.0,-0.0,-0.0,-0.0,-0.0,0.0,0.489916,2.0998639999999975,1.5974951707664153
46,"([0.08, 0.12, 0.13, 0.05, 0.44, 0.18], [2])","([0.0, 0.0, 0.0, 0.0, 1.0, 0.0], [4])",-0.0,-0.0,-0.94,-0.0,-0.0,-0.0,-0.94,0.489916,2.5499479999999974,1.5974951707664153
47,"([0.08, 0.12, 0.13, 0.05, 0.44, 0.18], [0])","([0.0, 0.0, 0.0, 0.0, 1.0, 0.0], [4])",-0.772,-0.0,-0.0,-0.0,-0.0,-0.0,-0.772,0.489916,2.832031999999997,1.5974951707664153
48,"([0.08, 0.12, 0.13, 0.05, 0.44, 0.18], [4])","([0.0, 0.0, 0.0, 0.0, 1.0, 0.0], [4])",-0.0,-0.0,-0.0,-0.0,-0.0,-0.0,0.0,0.489916,2.342115999999997,1.5974951707664153
49,"([0.08, 0.12, 0.13, 0.05, 0.44, 0.18], [4])","([0.0, 0.0, 0.0, 0.0, 1.0, 0.0], [4])",-0.0,-0.0,-0.0,-0.0,-0.0,-0.0,0.0,0.489916,1.8521999999999972,1.5974951707664153
50,"([0.08, 0.12, 0.13, 0.05, 0.44, 0.18], [4])","([0.0, 0.0, 0.0, 0.0, 1.0, 0.0], [4])",-0.0,-0.0,-0.0,-0.0,-0.0,-0.0,0.0,0.489916,1.3622839999999972,1.5974951707664153
51,"([0.08, 0.12, 0.13, 0.05, 0.44, 0.18], [3])","([0.0, 0.0, 0.0, 0.0, 1.0, 0.0], [4])",-0.0,-0.0,-0.0,-0.758,-0.0,-0.0,-0.758,0.489916,1.6303679999999972,1.5974951707664153
52,"([0.08, 0.12, 0.13, 0.05, 0.44, 0.18], [4])","([0.0, 0.0, 0.0, 0.0, 1.0, 0.0], [4])",-0.0,-0.0,-0.0,-0.0,-0.0,-0.0,0.0,0.489916,1.1404519999999971,1.5974951707664153
53,"([0.08, 0.12, 0.13, 0.05, 0.44, 0.18], [4])","([0.0, 0.0, 0.0, 0.0, 1.0, 0.0], [4])",-0.0,-0.0,-0.0,-0.0,-0.0,-0.0,0.0,0.489916,0.6505359999999971,1.5974951707664153
54,"([0.08, 0.12, 0.13, 0.05, 0.44, 0.18], [4])","([0.0, 0.0, 0.0, 0.0, 1.0, 0.0], [4])",-0.0,-0.0,-0.0,-0.0,-0.0,-0.0,0.0,0.489916,0.1606199999999971,1.5974951707664153
55,"([0.08, 0.12, 0.13, 0.05, 0.44, 0.18], [4])","([0.0, 0.0, 0.0, 0.0, 1.0, 0.0], [4])",-0.0,-0.0,-0.0,-0.0,-0.0,-0.0,0.0,0.489916,-0.3292960000000029,1.5974951707664153
56,"([0.08, 0.12, 0.13, 0.05, 0.44, 0.18], [5])","([0.0, 0.0, 0.0, 0.0, 1.0, 0.0], [4])",-0.0,-0.0,-0.0,-0.0,-0.0,-0.858,-0.858,0.489916,0.03878799999999705,1.5974951707664153
57,"([0.08, 0.12, 0.13, 0.05, 0.44, 0.18], [4])","([0.0, 0.0, 0.0, 0.0, 1.0, 0.0], [4])",-0.0,-0.0,-0.0,-0.0,-0.0,-0.0,0.0,0.489916,-0.45112800000000297,1.5974951707664153
58,"([0.08, 0.12, 0.13, 0.05, 0.44, 0.18], [4])","([0.0, 0.0, 0.0, 0.0, 1.0, 0.0], [4])",-0.0,-0.0,-0.0,-0.0,-0.0,-0.0,0.0,0.489916,-0.941044000000003,1.5974951707664153
59,"([0.08, 0.12, 0.13, 0.05, 0.44, 0.18], [4])","([0.0, 0.0, 0.0, 0.0, 1.0, 0.0], [4])",-0.0,-0.0,-0.0,-0.0,-0.0,-0.0,0.0,0.489916,-1.430960000000003,1.5974951707664153
60,"([0.08, 0.12, 0.13, 0.05, 0.44, 0.18], [5])","([0.0, 0.0, 0.0, 0.0, 1.0, 0.0], [4])",-0.0,-0.0,-0.0,-0.0,-0.0,-0.858,-0.858,0.489916,-1.0628760000000028,1.5974951707664153
61,"([0.08, 0.12, 0.13, 0.05, 0.44, 0.18], [1])","([0.0, 0.0, 0.0, 0.0, 1.0, 0.0], [4])",-0.0,-0.914,-0.0,-0.0,-0.0,-0.0,-0.914,0.489916,-0.6387920000000028,1.5974951707664153
62,"([0.08, 0.12, 0.13, 0.05, 0.44, 0.18], [1])","([0.0, 0.0, 0.0, 0.0, 1.0, 0.0], [4])",-0.0,-0.914,-0.0,-0.0,-0.0,-0.0,-0.914,0.489916,-0.21470800000000279,1.5974951707664153
63,"([0.08, 0.12, 0.13, 0.05, 0.44, 0.18], [4])","([0.0, 0.0, 0.0, 0.0, 1.0, 0.0], [4])",-0.0,-0.0,-0.0,-0.0,-0.0,-0.0,0.0,0.489916,-0.7046240000000028,1.5974951707664153
64,"([0.08, 0.12, 0.13, 0.05, 0.44, 0.18], [4])","([0.0, 0.0, 0.0, 0.0, 1.0, 0.0], [4])",-0.0,-0.0,-0.0,-0.0,-0.0,-0.0,0.0,0.489916,-1.1945400000000028,1.5974951707664153
65,"([0.08, 0.12, 0.13, 0.05, 0.44, 0.18], [4])","([0.0, 0.0, 0.0, 0.0, 1.0, 0.0], [4])",-0.0,-0.0,-0.0,-0.0,-0.0,-0.0,0.0,0.489916,-1.6844560000000028,1.5974951707664153
66,"([0.08, 0.12, 0.13, 0.05, 0.44, 0.18], [5])","([0.0, 0.0, 0.0, 0.0, 1.0, 0.0], [4])",-0.0,-0.0,-0.0,-0.0,-0.0,-0.858,-0.858,0.489916,-1.316372000000003,1.5974951707664153
67,"([0.08, 0.12, 0.13, 0.05, 0.44, 0.18], [5])","([0.0, 0.0, 0.0, 0.0, 1.0, 0.0], [4])",-0.0,-0.0,-0.0,-0.0,-0.0,-0.858,-0.858,0.489916,-0.948288000000003,1.5974951707664153
68,"([0.08, 0.12, 0.13, 0.05, 0.44, 0.18], [4])","([0.0, 0.0, 0.0, 0.0, 1.0, 0.0], [4])",-0.0,-0.0,-0.0,-0.0,-0.0,-0.0,0.0,0.489916,-1.438204000000003,1.5974951707664153
69,"([0.08, 0.12, 0.13, 0.05, 0.44, 0.18], [4])","([0.0, 0.0, 0.0, 0.0, 1.0, 0.0], [4])",-0.0,-0.0,-0.0,-0.0,-0.0,-0.0,0.0,0.489916,-1.928120000000003,1.5974951707664153
70,"([0.08, 0.12, 0.13, 0.05, 0.44, 0.18], [4])","([0.0, 0.0, 0.0, 0.0, 1.0, 0.0], [4])",-0.0,-0.0,-0.0,-0.0,-0.0,-0.0,0.0,0.489916,-2.418036000000003,1.5974951707664153
71,"([0.08, 0.12, 0.13, 0.05, 0.44, 0.18], [2])","([0.0, 0.0, 0.0, 0.0, 1.0, 0.0], [4])",-0.0,-0.0,-0.94,-0.0,-0.0,-0.0,-0.94,0.489916,-1.967952000000003,1.5974951707664153
72,"([0.08, 0.12, 0.13, 0.05, 0.44, 0.18], [1])","([0.0, 0.0, 0.0, 0.0, 1.0, 0.0], [4])",-0.0,-0.914,-0.0,-0.0,-0.0,-0.0,-0.914,0.489916,-1.543868000000003,1.5974951707664153
73,"([0.08, 0.12, 0.13, 0.05, 0.44, 0.18], [5])","([0.0, 0.0, 0.0, 0.0, 1.0, 0.0], [4])",-0.0,-0.0,-0.0,-0.0,-0.0,-0.858,-0.858,0.489916,-1.1757840000000028,1.5974951707664153
74,"([0.08, 0.12, 0.13, 0.05, 0.44, 0.18], [4])","([0.0, 0.0, 0.0, 0.0, 1.0, 0.0], [4])",-0.0,-0.0,-0.0,-0.0,-0.0,-0.0,0.0,0.489916,-1.6657000000000028,1.5974951707664153
75,"([0.08, 0.12, 0.13, 0.05, 0.44, 0.18], [2])","([0.0, 0.0, 0.0, 0.0, 1.0, 0.0], [4])",-0.0,-0.0,-0.94,-0.0,-0.0,-0.0,-0.94,0.489916,-1.215616000000003,1.5974951707664153
76,"([0.08, 0.12, 0.13, 0.05, 0.44, 0.18], [4])","([0.0, 0.0, 0.0, 0.0, 1.0, 0.0], [4])",-0.0,-0.0,-0.0,-0.0,-0.0,-0.0,0.0,0.489916,-1.705532000000003,1.5974951707664153
77,"([0.08, 0.12, 0.13, 0.05, 0.44, 0.18], [1])","([0.0, 0.0, 0.0, 0.0, 1.0, 0.0], [4])",-0.0,-0.914,-0.0,-0.0,-0.0,-0.0,-0.914,0.489916,-1.2814480000000028,1.5974951707664153
78,"([0.08, 0.12, 0.13, 0.05, 0.44, 0.18], [5])","([0.0, 0.0, 0.0, 0.0, 1.0, 0.0], [4])",-0.0,-0.0,-0.0,-0.0,-0.0,-0.858,-0.858,0.489916,-0.9133640000000028,1.5974951707664153
79,"([0.08, 0.12, 0.13, 0.05, 0.44, 0.18], [2])","([0.0, 0.0, 0.0, 0.0, 1.0, 0.0], [4])",-0.0,-0.0,-0.94,-0.0,-0.0,-0.0,-0.94,0.489916,-0.4632800000000029,1.5974951707664153
80,"([0.08, 0.12, 0.13, 0.05, 0.44, 0.18], [4])","([0.0, 0.0, 0.0, 0.0, 1.0, 0.0], [4])",-0.0,-0.0,-0.0,-0.0,-0.0,-0.0,0.0,0.489916,-0.9531960000000029,1.5974951707664153
81,"([0.08, 0.12, 0.13, 0.05, 0.44, 0.18], [5])","([0.0, 0.0, 0.0, 0.0, 1.0, 0.0], [4])",-0.0,-0.0,-0.0,-0.0,-0.0,-0.858,-0.858,0.489916,-0.585112000000003,1.5974951707664153
82,"([0.08, 0.12, 0.13, 0.05, 0.44, 0.18], [4])","([0.0, 0.0, 0.0, 0.0, 1.0, 0.0], [4])",-0.0,-0.0,-0.0,-0.0,-0.0,-0.0,0.0,0.489916,-1.075028000000003,1.5974951707664153
83,"([0.08, 0.12, 0.13, 0.05, 0.44, 0.18], [4])","([0.0, 0.0, 0.0, 0.0, 1.0, 0.0], [4])",-0.0,-0.0,-0.0,-0.0,-0.0,-0.0,0.0,0.489916,-1.564944000000003,1.5974951707664153
84,"([0.08, 0.12, 0.13, 0.05, 0.44, 0.18], [2])","([0.0, 0.0, 0.0, 0.0, 1.0, 0.0], [4])",-0.0,-0.0,-0.94,-0.0,-0.0,-0.0,-0.94,0.489916,-1.114860000000003,1.5974951707664153
85,"([0.08, 0.12, 0.13, 0.05, 0.44, 0.18], [0])","([0.0, 0.0, 0.0, 0.0, 1.0, 0.0], [4])",-0.772,-0.0,-0.0,-0.0,-0.0,-0.0,-0.772,0.489916,-0.8327760000000031,1.5974951707664153
86,"([0.08, 0.12, 0.13, 0.05, 0.44, 0.18], [4])","([0.0, 0.0, 0.0, 0.0, 1.0, 0.0], [4])",-0.0,-0.0,-0.0,-0.0,-0.0,-0.0,0.0,0.489916,-1.322692000000003,1.5974951707664153
87,"([0.08, 0.12, 0.13, 0.05, 0.44, 0.18], [0])","([0.0, 0.0, 0.0, 0.0, 1.0, 0.0], [4])",-0.772,-0.0,-0.0,-0.0,-0.0,-0.0,-0.772,0.489916,-1.040608000000003,1.5974951707664153
88,"([0.08, 0.12, 0.13, 0.05, 0.44, 0.18], [1])","([0.0, 0.0, 0.0, 0.0, 1.0, 0.0], [4])",-0.0,-0.914,-0.0,-0.0,-0.0,-0.0,-0.914,0.489916,-0.6165240000000031,1.5974951707664153
89,"([0.08, 0.12, 0.13, 0.05, 0.44, 0.18], [4])","([0.0, 0.0, 0.0, 0.0, 1.0, 0.0], [4])",-0.0,-0.0,-0.0,-0.0,-0.0,-0.0,0.0,0.489916,-1.1064400000000032,1.5974951707664153
90,"([0.08, 0.12, 0.13, 0.05, 0.44, 0.18], [4])","([0.0, 0.0, 0.0, 0.0, 1.0, 0.0], [4])",-0.0,-0.0,-0.0,-0.0,-0.0,-0.0,0.0,0.489916,-1.5963560000000032,1.5974951707664153
91,"([0.08, 0.12, 0.13, 0.05, 0.44, 0.18], [0])","([0.0, 0.0, 0.0, 0.0, 1.0, 0.0], [4])",-0.772,-0.0,-0.0,-0.0,-0.0,-0.0,-0.772,0.489916,-1.3142720000000032,1.5974951707664153
92,"([0.08, 0.12, 0.13, 0.05, 0.44, 0.18], [1])","([0.0, 0.0, 0.0, 0.0, 1.0, 0.0], [4])",-0.0,-0.914,-0.0,-0.0,-0.0,-0.0,-0.914,0.489916,-0.8901880000000032,1.5974951707664153
93,"([0.08, 0.12, 0.13, 0.05, 0.44, 0.18], [4])","([0.0, 0.0, 0.0, 0.0, 1.0, 0.0], [4])",-0.0,-0.0,-0.0,-0.0,-0.0,-0.0,0.0,0.489916,-1.3801040000000033,1.5974951707664153
94,"([0.08, 0.12, 0.13, 0.05, 0.44, 0.18], [4])","([0.0, 0.0, 0.0, 0.0, 1.0, 0.0], [4])",-0.0,-0.0,-0.0,-0.0,-0.0,-0.0,0.0,0.489916,-1.8700200000000033,1.5974951707664153
95,"([0.08, 0.12, 0.13, 0.05, 0.44, 0.18], [2])","([0.0, 0.0, 0.0, 0.0, 1.0, 0.0], [4])",-0.0,-0.0,-0.94,-0.0,-0.0,-0.0,-0.94,0.489916,-1.4199360000000034,1.5974951707664153
96,"([0.08, 0.12, 0.13, 0.05, 0.44, 0.18], [5])","([0.0, 0.0, 0.0, 0.0, 1.0, 0.0], [4])",-0.0,-0.0,-0.0,-0.0,-0.0,-0.858,-0.858,0.489916,-1.0518520000000033,1.5974951707664153
97,"([0.08, 0.12, 0.13, 0.05, 0.44, 0.18], [4])","([0.0, 0.0, 0.0, 0.0, 1.0, 0.0], [4])",-0.0,-0.0,-0.0,-0.0,-0.0,-0.0,0.0,0.489916,-1.5417680000000034,1.5974951707664153
98,"([0.08, 0.12, 0.13, 0.05, 0.44, 0.18], [1])","([0.0, 0.0, 0.0, 0.0, 1.0, 0.0], [4])",-0.0,-0.914,-0.0,-0.0,-0.0,-0.0,-0.914,0.489916,-1.1176840000000032,1.5974951707664153
99,"([0.08, 0.12, 0.13, 0.05, 0.44, 0.18], [4])","([0.0, 0.0, 0.0, 0.0, 1.0, 0.0], [4])",-0.0,-0.0,-0.0,-0.0,-0.0,-0.0,0.0,0.489916,-1.6076000000000032,1.5974951707664153
100,"([0.08, 0.12, 0.13, 0.05, 0.44, 0.18], [4])","([0.0, 0.0, 0.0, 0.0, 1.0, 0.0], [4])",-0.0,-0.0,-0.0,-0.0,-0.0,-0.0,0.0,0.489916,-2.0975160000000033,1.5974951707664153
101,"([0.08, 0.12, 0.13, 0.05, 0.44, 0.18], [2])","([0.0, 0.0, 0.0, 0.0, 1.0, 0.0], [4])",-0.0,-0.0,-0.94,-0.0,-0.0,-0.0,-0.94,0.489916,-1.6474320000000033,1.5974951707664153
102,"([0.08, 0.12, 0.13, 0.05, 0.44, 0.18], [4])","([0.0, 0.0, 0.0, 0.0, 1.0, 0.0], [4])",-0.0,-0.0,-0.0,-0.0,-0.0,-0.0,0.0,0.489916,-2.1373480000000034,1.5974951707664153
103,"([0.08, 0.12, 0.13, 0.05, 0.44, 0.18], [5])","([0.0, 0.0, 0.0, 0.0, 1.0, 0.0], [4])",-0.0,-0.0,-0.0,-0.0,-0.0,-0.858,-0.858,0.489916,-1.7692640000000033,1.5974951707664153
104,"([0.08, 0.12, 0.13, 0.05, 0.44, 0.18], [0])","([0.0, 0.0, 0.0, 0.0, 1.0, 0.0], [4])",-0.772,-0.0,-0.0,-0.0,-0.0,-0.0,-0.772,0.489916,-1.4871800000000033,1.5974951707664153
105,"([0.08, 0.12, 0.13, 0.05, 0.44, 0.18], [1])","([0.0, 0.0, 0.0, 0.0, 1.0, 0.0], [4])",-0.0,-0.914,-0.0,-0.0,-0.0,-0.0,-0.914,0.489916,-1.0630960000000034,1.5974951707664153
106,"([0.08, 0.12, 0.13, 0.05, 0.44, 0.18], [5])","([0.0, 0.0, 0.0, 0.0, 1.0, 0.0], [4])",-0.0,-0.0,-0.0,-0.0,-0.0,-0.858,-0.858,0.489916,-0.6950120000000034,1.5974951707664153
107,"([0.08, 0.12, 0.13, 0.05, 0.44, 0.18], [1])","([0.0, 0.0, 0.0, 0.0, 1.0, 0.0], [4])",-0.0,-0.914,-0.0,-0.0,-0.0,-0.0,-0.914,0.489916,-0.2709280000000034,1.5974951707664153
108,"([0.08, 0.12, 0.13, 0.05, 0.44, 0.18], [4])","([0.0, 0.0, 0.0, 0.0, 1.0, 0.0], [4])",-0.0,-0.0,-0.0,-0.0,-0.0,-0.0,0.0,0.489916,-0.7608440000000034,1.5974951707664153
109,"([0.08, 0.12, 0.13, 0.05, 0.44, 0.18], [4])","([0.0, 0.0, 0.0, 0.0, 1.0, 0.0], [4])",-0.0,-0.0,-0.0,-0.0,-0.0,-0.0,0.0,0.489916,-1.2507600000000034,1.5974951707664153
110,"([0.08, 0.12, 0.13, 0.05, 0.44, 0.18], [5])","([0.0, 0.0, 0.0, 0.0, 1.0, 0.0], [4])",-0.0,-0.0,-0.0,-0.0,-0.0,-0.858,-0.858,0.489916,-0.8826760000000035,1.5974951707664153
111,"([0.08, 0.12, 0.13, 0.05, 0.44, 0.18], [4])","([0.0, 0.0, 0.0, 0.0, 1.0, 0.0], [4])",-0.0,-0.0,-0.0,-0.0,-0.0,-0.0,0.0,0.489916,-1.3725920000000036,1.5974951707664153
112,"([0.08, 0.12, 0.13, 0.05, 0.44, 0.18], [4])","([0.0, 0.0, 0.0, 0.0, 1.0, 0.0], [4])",-0.0,-0.0,-0.0,-0.0,-0.0,-0.0,0.0,0.489916,-1.8625080000000036,1.5974951707664153
113,"([0.08, 0.12, 0.13, 0.05, 0.44, 0.18], [1])","([0.0, 0.0, 0.0, 0.0, 1.0, 0.0], [4])",-0.0,-0.914,-0.0,-0.0,-0.0,-0.0,-0.914,0.489916,-1.4384240000000035,1.5974951707664153
114,"([0.08, 0.12, 0.13, 0.05, 0.44, 0.18], [4])","([0.0, 0.0, 0.0, 0.0, 1.0, 0.0], [4])",-0.0,-0.0,-0.0,-0.0,-0.0,-0.0,0.0,0.489916,-1.9283400000000035,1.5974951707664153
115,"([0.08, 0.12, 0.13, 0.05, 0.44, 0.18], [0])","([0.0, 0.0, 0.0, 0.0, 1.0, 0.0], [4])",-0.772,-0.0,-0.0,-0.0,-0.0,-0.0,-0.772,0.489916,-1.6462560000000035,1.5974951707664153
116,"([0.08, 0.12, 0.13, 0.05, 0.44, 0.18], [4])","([0.0, 0.0, 0.0, 0.0, 1.0, 0.0], [4])",-0.0,-0.0,-0.0,-0.0,-0.0,-0.0,0.0,0.489916,-2.1361720000000037,1.5974951707664153
117,"([0.08, 0.12, 0.13, 0.05, 0.44, 0.18], [4])","([0.0, 0.0, 0.0, 0.0, 1.0, 0.0], [4])",-0.0,-0.0,-0.0,-0.0,-0.0,-0.0,0.0,0.489916,-2.6260880000000038,1.5974951707664153
118,"([0.08, 0.12, 0.13, 0.05, 0.44, 0.18], [0])","([0.0, 0.0, 0.0, 0.0, 1.0, 0.0], [4])",-0.772,-0.0,-0.0,-0.0,-0.0,-0.0,-0.772,0.489916,-2.3440040000000035,1.5974951707664153
119,"([0.08, 0.12, 0.13, 0.05, 0.44, 0.18], [1])","([0.0, 0.0, 0.0, 0.0, 1.0, 0.0], [4])",-0.0,-0.914,-0.0,-0.0,-0.0,-0.0,-0.914,0.489916,-1.9199200000000034,1.5974951707664153
120,"([0.08, 0.12, 0.13, 0.05, 0.44, 0.18], [5])","([0.0, 0.0, 0.0, 0.0, 1.0, 0.0], [4])",-0.0,-0.0,-0.0,-0.0,-0.0,-0.858,-0.858,0.489916,-1.5518360000000033,1.5974951707664153
121,"([0.08, 0.12, 0.13, 0.05, 0.44, 0.18], [4])","([0.0, 0.0, 0.0, 0.0, 1.0, 0.0], [4])",-0.0,-0.0,-0.0,-0.0,-0.0,-0.0,0.0,0.489916,-2.0417520000000033,1.5974951707664153
122,"([0.08, 0.12, 0.13, 0.05, 0.44, 0.18], [4])","([0.0, 0.0, 0.0, 0.0, 1.0, 0.0], [4])",-0.0,-0.0,-0.0,-0.0,-0.0,-0.0,0.0,0.489916,-2.5316680000000034,1.5974951707664153
123,"([0.08, 0.12, 0.13, 0.05, 0.44, 0.18], [4])","([0.0, 0.0, 0.0, 0.0, 1.0, 0.0], [4])",-0.0,-0.0,-0.0,-0.0,-0.0,-0.0,0.0,0.489916,-3.0215840000000034,1.5974951707664153
124,"([0.08, 0.12, 0.13, 0.05, 0.44, 0.18], [5])","([0.0, 0.0, 0.0, 0.0, 1.0, 0.0], [4])",-0.0,-0.0,-0.0,-0.0,-0.0,-0.858,-0.858,0.489916,-2.6535000000000033,1.5974951707664153
125,"([0.08, 0.12, 0.13, 0.05, 0.44, 0.18], [5])","([0.0, 0.0, 0.0, 0.0, 1.0, 0.0], [4])",-0.0,-0.0,-0.0,-0.0,-0.0,-0.858,-0.858,0.489916,-2.2854160000000032,1.5974951707664153
126,"([0.08, 0.12, 0.13, 0.05, 0.44, 0.18], [4])","([0.0, 0.0, 0.0, 0.0, 1.0, 0.0], [4])",-0.0,-0.0,-0.0,-0.0,-0.0,-0.0,0.0,0.489916,-2.7753320000000032,1.5974951707664153
127,"([0.08, 0.12, 0.13, 0.05, 0.44, 0.18], [4])","([0.0, 0.0, 0.0, 0.0, 1.0, 0.0], [4])",-0.0,-0.0,-0.0,-0.0,-0.0,-0.0,0.0,0.489916,-3.2652480000000033,1.5974951707664153
128,"([0.08, 0.12, 0.13, 0.05, 0.44, 0.18], [0])","([0.0, 0.0, 0.0, 0.0, 1.0, 0.0], [4])",-0.772,-0.0,-0.0,-0.0,-0.0,-0.0,-0.772,0.489916,-2.983164000000003,1.5974951707664153
129,"([0.08, 0.12, 0.13, 0.05, 0.44, 0.18], [4])","([0.0, 0.0, 0.0, 0.0, 1.0, 0.0], [4])",-0.0,-0.0,-0.0,-0.0,-0.0,-0.0,0.0,0.489916,-3.473080000000003,1.5974951707664153
130,"([0.08, 0.12, 0.13, 0.05, 0.44, 0.18], [4])","([0.0, 0.0, 0.0, 0.0, 1.0, 0.0], [4])",-0.0,-0.0,-0.0,-0.0,-0.0,-0.0,0.0,0.489916,-3.962996000000003,1.5974951707664153
131,"([0.08, 0.12, 0.13, 0.05, 0.44, 0.18], [4])","([0.0, 0.0, 0.0, 0.0, 1.0, 0.0], [4])",-0.0,-0.0,-0.0,-0.0,-0.0,-0.0,0.0,0.489916,-4.452912000000003,1.5974951707664153
132,"([0.08, 0.12, 0.13, 0.05, 0.44, 0.18], [5])","([0.0, 0.0, 0.0, 0.0, 1.0, 0.0], [4])",-0.0,-0.0,-0.0,-0.0,-0.0,-0.858,-0.858,0.489916,-4.0848280000000035,1.5974951707664153
133,"([0.08, 0.12, 0.13, 0.05, 0.44, 0.18], [4])","([0.0, 0.0, 0.0, 0.0, 1.0, 0.0], [4])",-0.0,-0.0,-0.0,-0.0,-0.0,-0.0,0.0,0.489916,-4.5747440000000035,1.5974951707664153
134,"([0.08, 0.12, 0.13, 0.05, 0.44, 0.18], [4])","([0.0, 0.0, 0.0, 0.0, 1.0, 0.0], [4])",-0.0,-0.0,-0.0,-0.0,-0.0,-0.0,0.0,0.489916,-5.0646600000000035,1.5974951707664153
135,"([0.08, 0.12, 0.13, 0.05, 0.44, 0.18], [4])","([0.0, 0.0, 0.0, 0.0, 1.0, 0.0], [4])",-0.0,-0.0,-0.0,-0.0,-0.0,-0.0,0.0,0.489916,-5.5545760000000035,1.5974951707664153
136,"([0.08, 0.12, 0.13, 0.05, 0.44, 0.18], [1])","([0.0, 0.0, 0.0, 0.0, 1.0, 0.0], [4])",-0.0,-0.914,-0.0,-0.0,-0.0,-0.0,-0.914,0.489916,-5.130492000000004,1.5974951707664153
137,"([0.08, 0.12, 0.13, 0.05, 0.44, 0.18], [4])","([0.0, 0.0, 0.0, 0.0, 1.0, 0.0], [4])",-0.0,-0.0,-0.0,-0.0,-0.0,-0.0,0.0,0.489916,-5.620408000000004,1.5974951707664153
138,"([0.08, 0.12, 0.13, 0.05, 0.44, 0.18], [4])","([0.0, 0.0, 0.0, 0.0, 1.0, 0.0], [4])",-0.0,-0.0,-0.0,-0.0,-0.0,-0.0,0.0,0.489916,-6.110324000000004,1.5974951707664153
139,"([0.08, 0.12, 0.13, 0.05, 0.44, 0.18], [2])","([0.0, 0.0, 0.0, 0.0, 1.0, 0.0], [4])",-0.0,-0.0,-0.94,-0.0,-0.0,-0.0,-0.94,0.489916,-5.6602400000000035,1.5974951707664153
140,"([0.08, 0.12, 0.13, 0.05, 0.44, 0.18], [4])","([0.0, 0.0, 0.0, 0.0, 1.0, 0.0], [4])",-0.0,-0.0,-0.0,-0.0,-0.0,-0.0,0.0,0.489916,-6.1501560000000035,1.5974951707664153
141,"([0.08, 0.12, 0.13, 0.05, 0.44, 0.18], [4])","([0.0, 0.0, 0.0, 0.0, 1.0, 0.0], [4])",-0.0,-0.0,-0.0,-0.0,-0.0,-0.0,0.0,0.489916,-6.6400720000000035,1.5974951707664153
142,"([0.08, 0.12, 0.13, 0.05, 0.44, 0.18], [4])","([0.0, 0.0, 0.0, 0.0, 1.0, 0.0], [4])",-0.0,-0.0,-0.0,-0.0,-0.0,-0.0,0.0,0.489916,-7.1299880000000035,1.5974951707664153
143,"([0.08, 0.12, 0.13, 0.05, 0.44, 0.18], [4])","([0.0, 0.0, 0.0, 0.0, 1.0, 0.0], [4])",-0.0,-0.0,-0.0,-0.0,-0.0,-0.0,0.0,0.489916,-7.619904000000004,1.5974951707664153
144,"([0.08, 0.12, 0.13, 0.05, 0.44, 0.18], [3])","([0.0, 0.0, 0.0, 0.0, 1.0, 0.0], [4])",-0.0,-0.0,-0.0,-0.758,-0.0,-0.0,-0.758,0.489916,-7.351820000000004,1.5974951707664153
145,"([0.08, 0.12, 0.13, 0.05, 0.44, 0.18], [1])","([0.0, 0.0, 0.0, 0.0, 1.0, 0.0], [4])",-0.0,-0.914,-0.0,-0.0,-0.0,-0.0,-0.914,0.489916,-6.927736000000004,1.5974951707664153
146,"([0.08, 0.12, 0.13, 0.05, 0.44, 0.18], [2])","([0.0, 0.0, 0.0, 0.0, 1.0, 0.0], [4])",-0.0,-0.0,-0.94,-0.0,-0.0,-0.0,-0.94,0.489916,-6.477652000000004,1.5974951707664153
147,"([0.08, 0.12, 0.13, 0.05, 0.44, 0.18], [4])","([0.0, 0.0, 0.0, 0.0, 1.0, 0.0], [4])",-0.0,-0.0,-0.0,-0.0,-0.0,-0.0,0.0,0.489916,-6.967568000000004,1.5974951707664153
148,"([0.08, 0.12, 0.13, 0.05, 0.44, 0.18], [4])","([0.0, 0.0, 0.0, 0.0, 1.0, 0.0], [4])",-0.0,-0.0,-0.0,-0.0,-0.0,-0.0,0.0,0.489916,-7.457484000000004,1.5974951707664153
149,"([0.08, 0.12, 0.13, 0.05, 0.44, 0.18], [4])","([0.0, 0.0, 0.0, 0.0, 1.0, 0.0], [4])",-0.0,-0.0,-0.0,-0.0,-0.0,-0.0,0.0,0.489916,-7.9474000000000045,1.5974951707664153
150,"([0.08, 0.12, 0.13, 0.05, 0.44, 0.18], [0])","([0.0, 0.0, 0.0, 0.0, 1.0, 0.0], [4])",-0.772,-0.0,-0.0,-0.0,-0.0,-0.0,-0.772,0.489916,-7.665316000000004,1.5974951707664153
151,"([0.08, 0.12, 0.13, 0.05, 0.44, 0.18], [4])","([0.0, 0.0, 0.0, 0.0, 1.0, 0.0], [4])",-0.0,-0.0,-0.0,-0.0,-0.0,-0.0,0.0,0.489916,-8.155232000000005,1.5974951707664153
152,"([0.08, 0.12, 0.13, 0.05, 0.44, 0.18], [5])","([0.0, 0.0, 0.0, 0.0, 1.0, 0.0], [4])",-0.0,-0.0,-0.0,-0.0,-0.0,-0.858,-0.858,0.489916,-7.7871480000000055,1.5974951707664153
153,"([0.08, 0.12, 0.13, 0.05, 0.44, 0.18], [4])","([0.0, 0.0, 0.0, 0.0, 1.0, 0.0], [4])",-0.0,-0.0,-0.0,-0.0,-0.0,-0.0,0.0,0.489916,-8.277064000000006,1.5974951707664153
154,"([0.08, 0.12, 0.13, 0.05, 0.44, 0.18], [4])","([0.0, 0.0, 0.0, 0.0, 1.0, 0.0], [4])",-0.0,-0.0,-0.0,-0.0,-0.0,-0.0,0.0,0.489916,-8.766980000000007,1.5974951707664153
155,"([0.08, 0.12, 0.13, 0.05, 0.44, 0.18], [1])","([0.0, 0.0, 0.0, 0.0, 1.0, 0.0], [4])",-0.0,-0.914,-0.0,-0.0,-0.0,-0.0,-0.914,0.489916,-8.342896000000007,1.5974951707664153
156,"([0.08, 0.12, 0.13, 0.05, 0.44, 0.18], [5])","([0.0, 0.0, 0.0, 0.0, 1.0, 0.0], [4])",-0.0,-0.0,-0.0,-0.0,-0.0,-0.858,-0.858,0.489916,-7.974812000000007,1.5974951707664153
157,"([0.08, 0.12, 0.13, 0.05, 0.44, 0.18], [4])","([0.0, 0.0, 0.0, 0.0, 1.0, 0.0], [4])",-0.0,-0.0,-0.0,-0.0,-0.0,-0.0,0.0,0.489916,-8.464728000000008,1.5974951707664153
158,"([0.08, 0.12, 0.13, 0.05, 0.44, 0.18], [4])","([0.0, 0.0, 0.0, 0.0, 1.0, 0.0], [4])",-0.0,-0.0,-0.0,-0.0,-0.0,-0.0,0.0,0.489916,-8.954644000000009,1.5974951707664153
159,"([0.08, 0.12, 0.13, 0.05, 0.44, 0.18], [0])","([0.0, 0.0, 0.0, 0.0, 1.0, 0.0], [4])",-0.772,-0.0,-0.0,-0.0,-0.0,-0.0,-0.772,0.489916,-8.67256000000001,1.5974951707664153
160,"([0.08, 0.12, 0.13, 0.05, 0.44, 0.18], [5])","([0.0, 0.0, 0.0, 0.0, 1.0, 0.0], [4])",-0.0,-0.0,-0.0,-0.0,-0.0,-0.858,-0.858,0.489916,-8.30447600000001,1.5974951707664153
161,"([0.08, 0.12, 0.13, 0.05, 0.44, 0.18], [4])","([0.0, 0.0, 0.0, 0.0, 1.0, 0.0], [4])",-0.0,-0.0,-0.0,-0.0,-0.0,-0.0,0.0,0.489916,-8.794392000000009,1.5974951707664153
162,"([0.08, 0.12, 0.13, 0.05, 0.44, 0.18], [4])","([0.0, 0.0, 0.0, 0.0, 1.0, 0.0], [4])",-0.0,-0.0,-0.0,-0.0,-0.0,-0.0,0.0,0.489916,-9.28430800000001,1.5974951707664153
163,"([0.08, 0.12, 0.13, 0.05, 0.44, 0.18], [0])","([0.0, 0.0, 0.0, 0.0, 1.0, 0.0], [4])",-0.772,-0.0,-0.0,-0.0,-0.0,-0.0,-0.772,0.489916,-9.00222400000001,1.5974951707664153
164,"([0.08, 0.12, 0.13, 0.05, 0.44, 0.18], [0])","([0.0, 0.0, 0.0, 0.0, 1.0, 0.0], [4])",-0.772,-0.0,-0.0,-0.0,-0.0,-0.0,-0.772,0.489916,-8.720140000000011,1.5974951707664153
165,"([0.08, 0.12, 0.13, 0.05, 0.44, 0.18], [5])","([0.0, 0.0, 0.0, 0.0, 1.0, 0.0], [4])",-0.0,-0.0,-0.0,-0.0,-0.0,-0.858,-0.858,0.489916,-8.352056000000012,1.5974951707664153
166,"([0.08, 0.12, 0.13, 0.05, 0.44, 0.18], [5])","([0.0, 0.0, 0.0, 0.0, 1.0, 0.0], [4])",-0.0,-0.0,-0.0,-0.0,-0.0,-0.858,-0.858,0.489916,-7.983972000000012,1.5974951707664153
167,"([0.08, 0.12, 0.13, 0.05, 0.44, 0.18], [2])","([0.0, 0.0, 0.0, 0.0, 1.0, 0.0], [4])",-0.0,-0.0,-0.94,-0.0,-0.0,-0.0,-0.94,0.489916,-7.533888000000012,1.5974951707664153
168,"([0.08, 0.12, 0.13, 0.05, 0.44, 0.18], [4])","([0.0, 0.0, 0.0, 0.0, 1.0, 0.0], [4])",-0.0,-0.0,-0.0,-0.0,-0.0,-0.0,0.0,0.489916,-8.023804000000013,1.5974951707664153
169,"([0.08, 0.12, 0.13, 0.05, 0.44, 0.18], [4])","([0.0, 0.0, 0.0, 0.0, 1.0, 0.0], [4])",-0.0,-0.0,-0.0,-0.0,-0.0,-0.0,0.0,0.489916,-8.513720000000013,1.5974951707664153
170,"([0.08, 0.12, 0.13, 0.05, 0.44, 0.18], [5])","([0.0, 0.0, 0.0, 0.0, 1.0, 0.0], [4])",-0.0,-0.0,-0.0,-0.0,-0.0,-0.858,-0.858,0.489916,-8.145636000000014,1.5974951707664153
171,"([0.08, 0.12, 0.13, 0.05, 0.44, 0.18], [4])","([0.0, 0.0, 0.0, 0.0, 1.0, 0.0], [4])",-0.0,-0.0,-0.0,-0.0,-0.0,-0.0,0.0,0.489916,-8.635552000000015,1.5974951707664153
172,"([0.08, 0.12, 0.13, 0.05, 0.44, 0.18], [4])","([0.0, 0.0, 0.0, 0.0, 1.0, 0.0], [4])",-0.0,-0.0,-0.0,-0.0,-0.0,-0.0,0.0,0.489916,-9.125468000000016,1.5974951707664153
173,"([0.08, 0.12, 0.13, 0.05, 0.44, 0.18], [0])","([0.0, 0.0, 0.0, 0.0, 1.0, 0.0], [4])",-0.772,-0.0,-0.0,-0.0,-0.0,-0.0,-0.772,0.489916,-8.843384000000016,1.5974951707664153
174,"([0.08, 0.12, 0.13, 0.05, 0.44, 0.18], [3])","([0.0, 0.0, 0.0, 0.0, 1.0, 0.0], [4])",-0.0,-0.0,-0.0,-0.758,-0.0,-0.0,-0.758,0.489916,-8.575300000000016,1.5974951707664153
175,"([0.08, 0.12, 0.13, 0.05, 0.44, 0.18], [4])","([0.0, 0.0, 0.0, 0.0, 1.0, 0.0], [4])",-0.0,-0.0,-0.0,-0.0,-0.0,-0.0,0.0,0.489916,-9.065216000000017,1.5974951707664153
176,"([0.08, 0.12, 0.13, 0.05, 0.44, 0.18], [4])","([0.0, 0.0, 0.0, 0.0, 1.0, 0.0], [4])",-0.0,-0.0,-0.0,-0.0,-0.0,-0.0,0.0,0.489916,-9.555132000000018,1.5974951707664153
177,"([0.08, 0.12, 0.13, 0.05, 0.44, 0.18], [4])","([0.0, 0.0, 0.0, 0.0, 1.0, 0.0], [4])",-0.0,-0.0,-0.0,-0.0,-0.0,-0.0,0.0,0.489916,-10.045048000000019,1.5974951707664153
178,"([0.08, 0.12, 0.13, 0.05, 0.44, 0.18], [2])","([0.0, 0.0, 0.0, 0.0, 1.0, 0.0], [4])",-0.0,-0.0,-0.94,-0.0,-0.0,-0.0,-0.94,0.489916,-9.594964000000019,1.5974951707664153
179,"([0.08, 0.12, 0.13, 0.05, 0.44, 0.18], [0])","([0.0, 0.0, 0.0, 0.0, 1.0, 0.0], [4])",-0.772,-0.0,-0.0,-0.0,-0.0,-0.0,-0.772,0.489916,-9.31288000000002,1.5974951707664153
180,"([0.08, 0.12, 0.13, 0.05, 0.44, 0.18], [2])","([0.0, 0.0, 0.0, 0.0, 1.0, 0.0], [4])",-0.0,-0.0,-0.94,-0.0,-0.0,-0.0,-0.94,0.489916,-8.862796000000019,1.5974951707664153
181,"([0.08, 0.12, 0.13, 0.05, 0.44, 0.18], [2])","([0.0, 0.0, 0.0, 0.0, 1.0, 0.0], [4])",-0.0,-0.0,-0.94,-0.0,-0.0,-0.0,-0.94,0.489916,-8.412712000000019,1.5974951707664153
182,"([0.08, 0.12, 0.13, 0.05, 0.44, 0.18], [2])","([0.0, 0.0, 0.0, 0.0, 1.0, 0.0], [4])",-0.0,-0.0,-0.94,-0.0,-0.0,-0.0,-0.94,0.489916,-7.962628000000018,1.5974951707664153
183,"([0.08, 0.12, 0.13, 0.05, 0.44, 0.18], [5])","([0.0, 0.0, 0.0, 0.0, 1.0, 0.0], [4])",-0.0,-0.0,-0.0,-0.0,-0.0,-0.858,-0.858,0.489916,-7.594544000000019,1.5974951707664153
184,"([0.08, 0.12, 0.13, 0.05, 0.44, 0.18], [4])","([0.0, 0.0, 0.0, 0.0, 1.0, 0.0], [4])",-0.0,-0.0,-0.0,-0.0,-0.0,-0.0,0.0,0.489916,-8.084460000000018,1.5974951707664153
185,"([0.08, 0.12, 0.13, 0.05, 0.44, 0.18], [5])","([0.0, 0.0, 0.0, 0.0, 1.0, 0.0], [4])",-0.0,-0.0,-0.0,-0.0,-0.0,-0.858,-0.858,0.489916,-7.716376000000018,1.5974951707664153
186,"([0.08, 0.12, 0.13, 0.05, 0.44, 0.18], [4])","([0.0, 0.0, 0.0, 0.0, 1.0, 0.0], [4])",-0.0,-0.0,-0.0,-0.0,-0.0,-0.0,0.0,0.489916,-8.206292000000019,1.5974951707664153
187,"([0.08, 0.12, 0.13, 0.05, 0.44, 0.18], [2])","([0.0, 0.0, 0.0, 0.0, 1.0, 0.0], [4])",-0.0,-0.0,-0.94,-0.0,-0.0,-0.0,-0.94,0.489916,-7.756208000000019,1.5974951707664153
188,"([0.08, 0.12, 0.13, 0.05, 0.44, 0.18], [0])","([0.0, 0.0, 0.0, 0.0, 1.0, 0.0], [4])",-0.772,-0.0,-0.0,-0.0,-0.0,-0.0,-0.772,0.489916,-7.474124000000018,1.5974951707664153
189,"([0.08, 0.12, 0.13, 0.05, 0.44, 0.18], [4])","([0.0, 0.0, 0.0, 0.0, 1.0, 0.0], [4])",-0.0,-0.0,-0.0,-0.0,-0.0,-0.0,0.0,0.489916,-7.964040000000018,1.5974951707664153
190,"([0.08, 0.12, 0.13, 0.05, 0.44, 0.18], [4])","([0.0, 0.0, 0.0, 0.0, 1.0, 0.0], [4])",-0.0,-0.0,-0.0,-0.0,-0.0,-0.0,0.0,0.489916,-8.45395600000002,1.5974951707664153
191,"([0.08, 0.12, 0.13, 0.05, 0.44, 0.18], [2])","([0.0, 0.0, 0.0, 0.0, 1.0, 0.0], [4])",-0.0,-0.0,-0.94,-0.0,-0.0,-0.0,-0.94,0.489916,-8.003872000000019,1.5974951707664153
192,"([0.08, 0.12, 0.13, 0.05, 0.44, 0.18], [1])","([0.0, 0.0, 0.0, 0.0, 1.0, 0.0], [4])",-0.0,-0.914,-0.0,-0.0,-0.0,-0.0,-0.914,0.489916,-7.579788000000019,1.5974951707664153
193,"([0.08, 0.12, 0.13, 0.05, 0.44, 0.18], [2])","([0.0, 0.0, 0.0, 0.0, 1.0, 0.0], [4])",-0.0,-0.0,-0.94,-0.0,-0.0,-0.0,-0.94,0.489916,-7.12970400000002,1.5974951707664153
194,"([0.08, 0.12, 0.13, 0.05, 0.44, 0.18], [4])","([0.0, 0.0, 0.0, 0.0, 1.0, 0.0], [4])",-0.0,-0.0,-0.0,-0.0,-0.0,-0.0,0.0,0.489916,-7.61962000000002,1.5974951707664153
195,"([0.08, 0.12, 0.13, 0.05, 0.44, 0.18], [0])","([0.0, 0.0, 0.0, 0.0, 1.0, 0.0], [4])",-0.772,-0.0,-0.0,-0.0,-0.0,-0.0,-0.772,0.489916,-7.33753600000002,1.5974951707664153
196,"([0.08, 0.12, 0.13, 0.05, 0.44, 0.18], [2])","([0.0, 0.0, 0.0, 0.0, 1.0, 0.0], [4])",-0.0,-0.0,-0.94,-0.0,-0.0,-0.0,-0.94,0.489916,-6.887452000000019,1.5974951707664153
197,"([0.08, 0.12, 0.13, 0.05, 0.44, 0.18], [0])","([0.0, 0.0, 0.0, 0.0, 1.0, 0.0], [4])",-0.772,-0.0,-0.0,-0.0,-0.0,-0.0,-0.772,0.489916,-6.605368000000019,1.5974951707664153
198,"([0.08, 0.12, 0.13, 0.05, 0.44, 0.18], [4])","([0.0, 0.0, 0.0, 0.0, 1.0, 0.0], [4])",-0.0,-0.0,-0.0,-0.0,-0.0,-0.0,0.0,0.489916,-7.095284000000019,1.5974951707664153
199,"([0.08, 0.12, 0.13, 0.05, 0.44, 0.18], [2])","([0.0, 0.0, 0.0, 0.0, 1.0, 0.0], [4])",-0.0,-0.0,-0.94,-0.0,-0.0,-0.0,-0.94,0.489916,-6.645200000000019,1.5974951707664153
