,sto-1,FB-0,feedback target 0,feedback target 1,feedback target 2,feedback target 3,feedback target 4,feedback target 5,total,exp_loss,actual_regret,exp_regret
0,"([0.08, 0.12, 0.13, 0.05, 0.44, 0.18], [1])","([0.0, 0.0, 0.0, 0.0, 1.0, 0.0], [4])",-0.0,-0.914,-0.0,-0.0,-0.0,-0.0,-0.914,0.489916,0.424084,0.0
1,"([0.08, 0.12, 0.13, 0.05, 0.44, 0.18], [4])","([0.14, 0.22, 0.23, 0.13, 0.1, 0.19], [2])",-0.0,-0.0,-0.0,-0.0,-0.728,-0.0,-0.728,0.6795235658742667,0.662168,0.18960756587426664
2,"([0.08, 0.12, 0.13, 0.05, 0.44, 0.18], [5])","([0.0, 0.0, 0.0, 0.0, 1.0, 0.0], [4])",-0.0,-0.0,-0.0,-0.0,-0.0,-0.858,-0.858,0.489916,1.030252,0.18960756587426664
3,"([0.08, 0.12, 0.13, 0.05, 0.44, 0.18], [4])","([0.0, 0.0, 0.0, 1.0, 0.0, 0.0], [3])",-0.0,-0.0,-0.0,-0.0,-0.728,-0.0,-0.728,0.7694239999999999,1.268336,0.4691155658742665
4,"([0.08, 0.12, 0.13, 0.05, 0.44, 0.18], [0])","([0.0, 1.0, 0.0, 0.0, 0.0, 0.0], [1])",-0.772,-0.0,-0.0,-0.0,-0.0,-0.0,-0.772,0.6949019999999999,1.55042,0.6741015658742664
5,"([0.08, 0.12, 0.13, 0.05, 0.44, 0.18], [4])","([1.0, 0.0, 0.0, 0.0, 0.0, 0.0], [0])",-0.0,-0.0,-0.0,-0.0,-0.728,-0.0,-0.728,0.7471079999999999,1.7885039999999999,0.9312935658742663
6,"([0.08, 0.12, 0.13, 0.05, 0.44, 0.18], [2])","([0.0, 0.0, 0.0, 0.0, 1.0, 0.0], [4])",-0.0,-0.0,-0.94,-0.0,-0.0,-0.0,-0.94,0.489916,2.238588,0.9312935658742663
7,"([0.08, 0.12, 0.13, 0.05, 0.44, 0.18], [0])","([0.0, 0.0, 0.0, 0.0, 1.0, 0.0], [4])",-0.772,-0.0,-0.0,-0.0,-0.0,-0.0,-0.772,0.489916,2.5206720000000002,0.9312935658742663
8,"([0.08, 0.12, 0.13, 0.05, 0.44, 0.18], [2])","([0.0, 0.0, 0.0, 0.0, 1.0, 0.0], [4])",-0.0,-0.0,-0.94,-0.0,-0.0,-0.0,-0.94,0.489916,2.970756,0.9312935658742663
9,"([0.08, 0.12, 0.13, 0.05, 0.44, 0.18], [1])","([0.14, 0.21, 0.22, 0.13, 0.11, 0.19], [1])",-0.0,-0.0,-0.0,-0.0,-0.0,-0.0,0.0,0.6790968084148393,2.48084,1.1204743742891057
10,"([0.08, 0.12, 0.13, 0.05, 0.44, 0.18], [4])","([0.0, 0.0, 1.0, 0.0, 0.0, 0.0], [2])",-0.0,-0.0,-0.0,-0.0,-0.728,-0.0,-0.728,0.683244,2.7189240000000003,1.3138023742891056
11,"([0.08, 0.12, 0.13, 0.05, 0.44, 0.18], [5])","([0.0, 0.0, 0.0, 0.0, 1.0, 0.0], [4])",-0.0,-0.0,-0.0,-0.0,-0.0,-0.858,-0.858,0.489916,3.0870080000000004,1.3138023742891056
12,"([0.08, 0.12, 0.13, 0.05, 0.44, 0.18], [4])","([0.0, 0.0, 0.0, 0.0, 1.0, 0.0], [4])",-0.0,-0.0,-0.0,-0.0,-0.0,-0.0,0.0,0.489916,2.5970920000000004,1.3138023742891056
13,"([0.08, 0.12, 0.13, 0.05, 0.44, 0.18], [5])","([0.0, 0.0, 0.0, 0.0, 1.0, 0.0], [4])",-0.0,-0.0,-0.0,-0.0,-0.0,-0.858,-0.858,0.489916,2.9651760000000005,1.3138023742891056
14,"([0.08, 0.12, 0.13, 0.05, 0.44, 0.18], [2])","([0.0, 0.0, 0.0, 0.0, 1.0, 0.0], [4])",-0.0,-0.0,-0.94,-0.0,-0.0,-0.0,-0.94,0.489916,3.4152600000000004,1.3138023742891056
15,"([0.08, 0.12, 0.13, 0.05, 0.44, 0.18], [5])","([0.0, 0.0, 0.0, 0.0, 1.0, 0.0], [4])",-0.0,-0.0,-0.0,-0.0,-0.0,-0.858,-0.858,0.489916,3.7833440000000005,1.3138023742891056
16,"([0.08, 0.12, 0.13, 0.05, 0.44, 0.18], [0])","([0.0, 0.0, 0.0, 0.0, 0.0, 1.0], [5])",-0.772,-0.0,-0.0,-0.0,-0.0,-0.0,-0.772,0.652026,4.065428000000001,1.4759123742891056
17,"([0.08, 0.12, 0.13, 0.05, 0.44, 0.18], [5])","([0.0, 0.0, 0.0, 0.0, 0.0, 1.0], [5])",-0.0,-0.0,-0.0,-0.0,-0.0,-0.0,0.0,0.652026,3.5755120000000007,1.6380223742891056
18,"([0.08, 0.12, 0.13, 0.05, 0.44, 0.18], [2])","([0.0, 0.0, 0.0, 0.0, 0.0, 1.0], [5])",-0.0,-0.0,-0.94,-0.0,-0.0,-0.0,-0.94,0.652026,4.025596,1.8001323742891056
19,"([0.08, 0.12, 0.13, 0.05, 0.44, 0.18], [1])","([0.0, 0.0, 0.0, 0.0, 0.0, 1.0], [5])",-0.0,-0.914,-0.0,-0.0,-0.0,-0.0,-0.914,0.652026,4.44968,1.9622423742891055
20,"([0.08, 0.12, 0.13, 0.05, 0.44, 0.18], [4])","([0.0, 0.0, 0.0, 0.0, 0.0, 1.0], [5])",-0.0,-0.0,-0.0,-0.0,-0.728,-0.0,-0.728,0.652026,4.687764,2.1243523742891055
21,"([0.08, 0.12, 0.13, 0.05, 0.44, 0.18], [2])","([0.0, 0.0, 0.0, 0.0, 0.0, 1.0], [5])",-0.0,-0.0,-0.94,-0.0,-0.0,-0.0,-0.94,0.652026,5.137848,2.2864623742891057
22,"([0.08, 0.12, 0.13, 0.05, 0.44, 0.18], [4])","([0.0, 0.0, 1.0, 0.0, 0.0, 0.0], [2])",-0.0,-0.0,-0.0,-0.0,-0.728,-0.0,-0.728,0.683244,5.375932,2.479790374289106
23,"([0.08, 0.12, 0.13, 0.05, 0.44, 0.18], [4])","([0.0, 0.0, 0.0, 0.0, 1.0, 0.0], [4])",-0.0,-0.0,-0.0,-0.0,-0.0,-0.0,0.0,0.489916,4.886016,2.479790374289106
24,"([0.08, 0.12, 0.13, 0.05, 0.44, 0.18], [4])","([0.0, 0.0, 0.0, 0.0, 1.0, 0.0], [4])",-0.0,-0.0,-0.0,-0.0,-0.0,-0.0,0.0,0.489916,4.3961,2.479790374289106
25,"([0.08, 0.12, 0.13, 0.05, 0.44, 0.18], [0])","([0.0, 0.0, 0.0, 0.0, 1.0, 0.0], [4])",-0.772,-0.0,-0.0,-0.0,-0.0,-0.0,-0.772,0.489916,4.678184,2.479790374289106
26,"([0.08, 0.12, 0.13, 0.05, 0.44, 0.18], [1])","([0.0, 0.0, 0.0, 0.0, 1.0, 0.0], [4])",-0.0,-0.914,-0.0,-0.0,-0.0,-0.0,-0.914,0.489916,5.102268,2.479790374289106
27,"([0.08, 0.12, 0.13, 0.05, 0.44, 0.18], [5])","([0.0, 0.0, 0.0, 0.0, 1.0, 0.0], [4])",-0.0,-0.0,-0.0,-0.0,-0.0,-0.858,-0.858,0.489916,5.470351999999999,2.479790374289106
28,"([0.08, 0.12, 0.13, 0.05, 0.44, 0.18], [5])","([0.0, 0.0, 0.0, 0.0, 1.0, 0.0], [4])",-0.0,-0.0,-0.0,-0.0,-0.0,-0.858,-0.858,0.489916,5.838435999999999,2.479790374289106
29,"([0.08, 0.12, 0.13, 0.05, 0.44, 0.18], [2])","([0.0, 0.0, 0.0, 0.0, 0.0, 1.0], [5])",-0.0,-0.0,-0.94,-0.0,-0.0,-0.0,-0.94,0.652026,6.288519999999998,2.641900374289106
30,"([0.08, 0.12, 0.13, 0.05, 0.44, 0.18], [4])","([0.0, 0.0, 0.0, 0.0, 0.0, 1.0], [5])",-0.0,-0.0,-0.0,-0.0,-0.728,-0.0,-0.728,0.652026,6.526603999999998,2.8040103742891063
31,"([0.08, 0.12, 0.13, 0.05, 0.44, 0.18], [4])","([0.0, 0.0, 0.0, 0.0, 1.0, 0.0], [4])",-0.0,-0.0,-0.0,-0.0,-0.0,-0.0,0.0,0.489916,6.036687999999998,2.8040103742891063
32,"([0.08, 0.12, 0.13, 0.05, 0.44, 0.18], [4])","([0.0, 0.0, 0.0, 0.0, 1.0, 0.0], [4])",-0.0,-0.0,-0.0,-0.0,-0.0,-0.0,0.0,0.489916,5.546771999999998,2.8040103742891063
33,"([0.08, 0.12, 0.13, 0.05, 0.44, 0.18], [5])","([0.0, 0.0, 0.0, 0.0, 1.0, 0.0], [4])",-0.0,-0.0,-0.0,-0.0,-0.0,-0.858,-0.858,0.489916,5.914855999999998,2.8040103742891063
34,"([0.08, 0.12, 0.13, 0.05, 0.44, 0.18], [1])","([0.0, 0.0, 0.0, 0.0, 1.0, 0.0], [4])",-0.0,-0.914,-0.0,-0.0,-0.0,-0.0,-0.914,0.489916,6.338939999999997,2.8040103742891063
35,"([0.08, 0.12, 0.13, 0.05, 0.44, 0.18], [4])","([0.0, 0.0, 0.0, 0.0, 1.0, 0.0], [4])",-0.0,-0.0,-0.0,-0.0,-0.0,-0.0,0.0,0.489916,5.849023999999997,2.8040103742891063
36,"([0.08, 0.12, 0.13, 0.05, 0.44, 0.18], [5])","([0.0, 0.0, 0.0, 0.0, 1.0, 0.0], [4])",-0.0,-0.0,-0.0,-0.0,-0.0,-0.858,-0.858,0.489916,6.217107999999997,2.8040103742891063
37,"([0.08, 0.12, 0.13, 0.05, 0.44, 0.18], [2])","([0.0, 0.0, 0.0, 0.0, 1.0, 0.0], [4])",-0.0,-0.0,-0.94,-0.0,-0.0,-0.0,-0.94,0.489916,6.6671919999999965,2.8040103742891063
38,"([0.08, 0.12, 0.13, 0.05, 0.44, 0.18], [4])","([0.0, 0.0, 0.0, 0.0, 1.0, 0.0], [4])",-0.0,-0.0,-0.0,-0.0,-0.0,-0.0,0.0,0.489916,6.177275999999996,2.8040103742891063
39,"([0.08, 0.12, 0.13, 0.05, 0.44, 0.18], [4])","([0.0, 0.0, 0.0, 0.0, 1.0, 0.0], [4])",-0.0,-0.0,-0.0,-0.0,-0.0,-0.0,0.0,0.489916,5.687359999999996,2.8040103742891063
40,"([0.08, 0.12, 0.13, 0.05, 0.44, 0.18], [3])","([0.0, 0.0, 0.0, 0.0, 1.0, 0.0], [4])",-0.0,-0.0,-0.0,-0.758,-0.0,-0.0,-0.758,0.489916,5.955443999999996,2.8040103742891063
41,"([0.08, 0.12, 0.13, 0.05, 0.44, 0.18], [4])","([0.0, 0.0, 0.0, 0.0, 1.0, 0.0], [4])",-0.0,-0.0,-0.0,-0.0,-0.0,-0.0,0.0,0.489916,5.465527999999996,2.8040103742891063
42,"([0.08, 0.12, 0.13, 0.05, 0.44, 0.18], [1])","([0.0, 0.0, 0.0, 0.0, 1.0, 0.0], [4])",-0.0,-0.914,-0.0,-0.0,-0.0,-0.0,-0.914,0.489916,5.889611999999996,2.8040103742891063
43,"([0.08, 0.12, 0.13, 0.05, 0.44, 0.18], [2])","([0.0, 0.0, 0.0, 0.0, 1.0, 0.0], [4])",-0.0,-0.0,-0.94,-0.0,-0.0,-0.0,-0.94,0.489916,6.3396959999999964,2.8040103742891063
44,"([0.08, 0.12, 0.13, 0.05, 0.44, 0.18], [3])","([0.0, 0.0, 0.0, 0.0, 1.0, 0.0], [4])",-0.0,-0.0,-0.0,-0.758,-0.0,-0.0,-0.758,0.489916,6.607779999999996,2.8040103742891063
45,"([0.08, 0.12, 0.13, 0.05, 0.44, 0.18], [1])","([0.0, 0.0, 0.0, 0.0, 1.0, 0.0], [4])",-0.0,-0.914,-0.0,-0.0,-0.0,-0.0,-0.914,0.489916,7.031863999999996,2.8040103742891063
46,"([0.08, 0.12, 0.13, 0.05, 0.44, 0.18], [4])","([0.0, 0.0, 0.0, 0.0, 1.0, 0.0], [4])",-0.0,-0.0,-0.0,-0.0,-0.0,-0.0,0.0,0.489916,6.541947999999996,2.8040103742891063
47,"([0.08, 0.12, 0.13, 0.05, 0.44, 0.18], [5])","([0.0, 0.0, 0.0, 0.0, 1.0, 0.0], [4])",-0.0,-0.0,-0.0,-0.0,-0.0,-0.858,-0.858,0.489916,6.910031999999996,2.8040103742891063
48,"([0.08, 0.12, 0.13, 0.05, 0.44, 0.18], [5])","([0.0, 0.0, 0.0, 0.0, 1.0, 0.0], [4])",-0.0,-0.0,-0.0,-0.0,-0.0,-0.858,-0.858,0.489916,7.278115999999995,2.8040103742891063
49,"([0.08, 0.12, 0.13, 0.05, 0.44, 0.18], [4])","([0.0, 0.0, 0.0, 0.0, 1.0, 0.0], [4])",-0.0,-0.0,-0.0,-0.0,-0.0,-0.0,0.0,0.489916,6.788199999999995,2.8040103742891063
50,"([0.08, 0.12, 0.13, 0.05, 0.44, 0.18], [4])","([0.0, 0.0, 0.0, 0.0, 1.0, 0.0], [4])",-0.0,-0.0,-0.0,-0.0,-0.0,-0.0,0.0,0.489916,6.298283999999995,2.8040103742891063
51,"([0.08, 0.12, 0.13, 0.05, 0.44, 0.18], [1])","([0.0, 0.0, 0.0, 0.0, 1.0, 0.0], [4])",-0.0,-0.914,-0.0,-0.0,-0.0,-0.0,-0.914,0.489916,6.722367999999995,2.8040103742891063
52,"([0.08, 0.12, 0.13, 0.05, 0.44, 0.18], [2])","([0.0, 0.0, 0.0, 0.0, 1.0, 0.0], [4])",-0.0,-0.0,-0.94,-0.0,-0.0,-0.0,-0.94,0.489916,7.1724519999999945,2.8040103742891063
53,"([0.08, 0.12, 0.13, 0.05, 0.44, 0.18], [1])","([0.0, 0.0, 0.0, 0.0, 1.0, 0.0], [4])",-0.0,-0.914,-0.0,-0.0,-0.0,-0.0,-0.914,0.489916,7.596535999999994,2.8040103742891063
54,"([0.08, 0.12, 0.13, 0.05, 0.44, 0.18], [4])","([0.0, 0.0, 0.0, 0.0, 1.0, 0.0], [4])",-0.0,-0.0,-0.0,-0.0,-0.0,-0.0,0.0,0.489916,7.106619999999994,2.8040103742891063
55,"([0.08, 0.12, 0.13, 0.05, 0.44, 0.18], [4])","([0.0, 0.0, 0.0, 0.0, 1.0, 0.0], [4])",-0.0,-0.0,-0.0,-0.0,-0.0,-0.0,0.0,0.489916,6.616703999999994,2.8040103742891063
56,"([0.08, 0.12, 0.13, 0.05, 0.44, 0.18], [4])","([0.0, 0.0, 0.0, 0.0, 1.0, 0.0], [4])",-0.0,-0.0,-0.0,-0.0,-0.0,-0.0,0.0,0.489916,6.126787999999994,2.8040103742891063
57,"([0.08, 0.12, 0.13, 0.05, 0.44, 0.18], [5])","([0.0, 0.0, 0.0, 0.0, 1.0, 0.0], [4])",-0.0,-0.0,-0.0,-0.0,-0.0,-0.858,-0.858,0.489916,6.494871999999994,2.8040103742891063
58,"([0.08, 0.12, 0.13, 0.05, 0.44, 0.18], [5])","([0.0, 0.0, 0.0, 0.0, 1.0, 0.0], [4])",-0.0,-0.0,-0.0,-0.0,-0.0,-0.858,-0.858,0.489916,6.862955999999993,2.8040103742891063
59,"([0.08, 0.12, 0.13, 0.05, 0.44, 0.18], [1])","([0.0, 0.0, 0.0, 0.0, 1.0, 0.0], [4])",-0.0,-0.914,-0.0,-0.0,-0.0,-0.0,-0.914,0.489916,7.287039999999993,2.8040103742891063
60,"([0.08, 0.12, 0.13, 0.05, 0.44, 0.18], [1])","([0.0, 0.0, 0.0, 0.0, 1.0, 0.0], [4])",-0.0,-0.914,-0.0,-0.0,-0.0,-0.0,-0.914,0.489916,7.711123999999993,2.8040103742891063
61,"([0.08, 0.12, 0.13, 0.05, 0.44, 0.18], [4])","([0.0, 0.0, 0.0, 0.0, 1.0, 0.0], [4])",-0.0,-0.0,-0.0,-0.0,-0.0,-0.0,0.0,0.489916,7.221207999999993,2.8040103742891063
62,"([0.08, 0.12, 0.13, 0.05, 0.44, 0.18], [2])","([0.0, 0.0, 0.0, 0.0, 1.0, 0.0], [4])",-0.0,-0.0,-0.94,-0.0,-0.0,-0.0,-0.94,0.489916,7.671291999999992,2.8040103742891063
63,"([0.08, 0.12, 0.13, 0.05, 0.44, 0.18], [4])","([0.0, 0.0, 0.0, 0.0, 1.0, 0.0], [4])",-0.0,-0.0,-0.0,-0.0,-0.0,-0.0,0.0,0.489916,7.181375999999992,2.8040103742891063
64,"([0.08, 0.12, 0.13, 0.05, 0.44, 0.18], [4])","([0.0, 0.0, 0.0, 0.0, 1.0, 0.0], [4])",-0.0,-0.0,-0.0,-0.0,-0.0,-0.0,0.0,0.489916,6.691459999999992,2.8040103742891063
65,"([0.08, 0.12, 0.13, 0.05, 0.44, 0.18], [1])","([0.0, 0.0, 0.0, 0.0, 1.0, 0.0], [4])",-0.0,-0.914,-0.0,-0.0,-0.0,-0.0,-0.914,0.489916,7.115543999999992,2.8040103742891063
66,"([0.08, 0.12, 0.13, 0.05, 0.44, 0.18], [5])","([0.0, 0.0, 0.0, 0.0, 1.0, 0.0], [4])",-0.0,-0.0,-0.0,-0.0,-0.0,-0.858,-0.858,0.489916,7.4836279999999915,2.8040103742891063
67,"([0.08, 0.12, 0.13, 0.05, 0.44, 0.18], [5])","([0.0, 0.0, 0.0, 0.0, 1.0, 0.0], [4])",-0.0,-0.0,-0.0,-0.0,-0.0,-0.858,-0.858,0.489916,7.851711999999991,2.8040103742891063
68,"([0.08, 0.12, 0.13, 0.05, 0.44, 0.18], [1])","([0.0, 0.0, 0.0, 0.0, 1.0, 0.0], [4])",-0.0,-0.914,-0.0,-0.0,-0.0,-0.0,-0.914,0.489916,8.27579599999999,2.8040103742891063
69,"([0.08, 0.12, 0.13, 0.05, 0.44, 0.18], [1])","([0.0, 0.0, 0.0, 0.0, 1.0, 0.0], [4])",-0.0,-0.914,-0.0,-0.0,-0.0,-0.0,-0.914,0.489916,8.699879999999991,2.8040103742891063
70,"([0.08, 0.12, 0.13, 0.05, 0.44, 0.18], [4])","([0.0, 0.0, 0.0, 0.0, 1.0, 0.0], [4])",-0.0,-0.0,-0.0,-0.0,-0.0,-0.0,0.0,0.489916,8.209963999999992,2.8040103742891063
71,"([0.08, 0.12, 0.13, 0.05, 0.44, 0.18], [4])","([0.0, 0.0, 0.0, 0.0, 1.0, 0.0], [4])",-0.0,-0.0,-0.0,-0.0,-0.0,-0.0,0.0,0.489916,7.720047999999992,2.8040103742891063
72,"([0.08, 0.12, 0.13, 0.05, 0.44, 0.18], [5])","([0.0, 0.0, 0.0, 0.0, 1.0, 0.0], [4])",-0.0,-0.0,-0.0,-0.0,-0.0,-0.858,-0.858,0.489916,8.088131999999993,2.8040103742891063
73,"([0.08, 0.12, 0.13, 0.05, 0.44, 0.18], [2])","([0.0, 0.0, 0.0, 0.0, 1.0, 0.0], [4])",-0.0,-0.0,-0.94,-0.0,-0.0,-0.0,-0.94,0.489916,8.538215999999993,2.8040103742891063
74,"([0.08, 0.12, 0.13, 0.05, 0.44, 0.18], [4])","([0.0, 0.0, 0.0, 0.0, 1.0, 0.0], [4])",-0.0,-0.0,-0.0,-0.0,-0.0,-0.0,0.0,0.489916,8.048299999999994,2.8040103742891063
75,"([0.08, 0.12, 0.13, 0.05, 0.44, 0.18], [1])","([0.0, 0.0, 0.0, 0.0, 1.0, 0.0], [4])",-0.0,-0.914,-0.0,-0.0,-0.0,-0.0,-0.914,0.489916,8.472383999999995,2.8040103742891063
76,"([0.08, 0.12, 0.13, 0.05, 0.44, 0.18], [0])","([0.0, 0.0, 0.0, 0.0, 1.0, 0.0], [4])",-0.772,-0.0,-0.0,-0.0,-0.0,-0.0,-0.772,0.489916,8.754467999999994,2.8040103742891063
77,"([0.08, 0.12, 0.13, 0.05, 0.44, 0.18], [4])","([0.0, 0.0, 0.0, 0.0, 1.0, 0.0], [4])",-0.0,-0.0,-0.0,-0.0,-0.0,-0.0,0.0,0.489916,8.264551999999995,2.8040103742891063
78,"([0.08, 0.12, 0.13, 0.05, 0.44, 0.18], [4])","([0.0, 0.0, 0.0, 0.0, 1.0, 0.0], [4])",-0.0,-0.0,-0.0,-0.0,-0.0,-0.0,0.0,0.489916,7.774635999999995,2.8040103742891063
79,"([0.08, 0.12, 0.13, 0.05, 0.44, 0.18], [5])","([0.0, 0.0, 0.0, 0.0, 1.0, 0.0], [4])",-0.0,-0.0,-0.0,-0.0,-0.0,-0.858,-0.858,0.489916,8.142719999999995,2.8040103742891063
80,"([0.08, 0.12, 0.13, 0.05, 0.44, 0.18], [4])","([0.0, 0.0, 0.0, 0.0, 1.0, 0.0], [4])",-0.0,-0.0,-0.0,-0.0,-0.0,-0.0,0.0,0.489916,7.652803999999995,2.8040103742891063
81,"([0.08, 0.12, 0.13, 0.05, 0.44, 0.18], [4])","([0.0, 0.0, 0.0, 0.0, 1.0, 0.0], [4])",-0.0,-0.0,-0.0,-0.0,-0.0,-0.0,0.0,0.489916,7.162887999999995,2.8040103742891063
82,"([0.08, 0.12, 0.13, 0.05, 0.44, 0.18], [4])","([0.0, 0.0, 0.0, 0.0, 1.0, 0.0], [4])",-0.0,-0.0,-0.0,-0.0,-0.0,-0.0,0.0,0.489916,6.672971999999995,2.8040103742891063
83,"([0.08, 0.12, 0.13, 0.05, 0.44, 0.18], [4])","([0.0, 0.0, 0.0, 0.0, 1.0, 0.0], [4])",-0.0,-0.0,-0.0,-0.0,-0.0,-0.0,0.0,0.489916,6.183055999999995,2.8040103742891063
84,"([0.08, 0.12, 0.13, 0.05, 0.44, 0.18], [1])","([0.0, 0.0, 0.0, 0.0, 1.0, 0.0], [4])",-0.0,-0.914,-0.0,-0.0,-0.0,-0.0,-0.914,0.489916,6.607139999999995,2.8040103742891063
85,"([0.08, 0.12, 0.13, 0.05, 0.44, 0.18], [2])","([0.0, 0.0, 0.0, 0.0, 1.0, 0.0], [4])",-0.0,-0.0,-0.94,-0.0,-0.0,-0.0,-0.94,0.489916,7.057223999999994,2.8040103742891063
86,"([0.08, 0.12, 0.13, 0.05, 0.44, 0.18], [4])","([0.0, 0.0, 0.0, 0.0, 1.0, 0.0], [4])",-0.0,-0.0,-0.0,-0.0,-0.0,-0.0,0.0,0.489916,6.567307999999994,2.8040103742891063
87,"([0.08, 0.12, 0.13, 0.05, 0.44, 0.18], [1])","([0.0, 0.0, 0.0, 0.0, 1.0, 0.0], [4])",-0.0,-0.914,-0.0,-0.0,-0.0,-0.0,-0.914,0.489916,6.991391999999994,2.8040103742891063
88,"([0.08, 0.12, 0.13, 0.05, 0.44, 0.18], [4])","([0.0, 0.0, 0.0, 0.0, 1.0, 0.0], [4])",-0.0,-0.0,-0.0,-0.0,-0.0,-0.0,0.0,0.489916,6.501475999999994,2.8040103742891063
89,"([0.08, 0.12, 0.13, 0.05, 0.44, 0.18], [4])","([0.0, 0.0, 0.0, 0.0, 1.0, 0.0], [4])",-0.0,-0.0,-0.0,-0.0,-0.0,-0.0,0.0,0.489916,6.011559999999994,2.8040103742891063
90,"([0.08, 0.12, 0.13, 0.05, 0.44, 0.18], [5])","([0.0, 0.0, 0.0, 0.0, 1.0, 0.0], [4])",-0.0,-0.0,-0.0,-0.0,-0.0,-0.858,-0.858,0.489916,6.379643999999994,2.8040103742891063
91,"([0.08, 0.12, 0.13, 0.05, 0.44, 0.18], [5])","([0.0, 0.0, 0.0, 0.0, 1.0, 0.0], [4])",-0.0,-0.0,-0.0,-0.0,-0.0,-0.858,-0.858,0.489916,6.747727999999993,2.8040103742891063
92,"([0.08, 0.12, 0.13, 0.05, 0.44, 0.18], [4])","([0.0, 0.0, 0.0, 0.0, 1.0, 0.0], [4])",-0.0,-0.0,-0.0,-0.0,-0.0,-0.0,0.0,0.489916,6.257811999999993,2.8040103742891063
93,"([0.08, 0.12, 0.13, 0.05, 0.44, 0.18], [4])","([0.0, 0.0, 0.0, 0.0, 1.0, 0.0], [4])",-0.0,-0.0,-0.0,-0.0,-0.0,-0.0,0.0,0.489916,5.767895999999993,2.8040103742891063
94,"([0.08, 0.12, 0.13, 0.05, 0.44, 0.18], [2])","([0.0, 0.0, 0.0, 0.0, 1.0, 0.0], [4])",-0.0,-0.0,-0.94,-0.0,-0.0,-0.0,-0.94,0.489916,6.217979999999994,2.8040103742891063
95,"([0.08, 0.12, 0.13, 0.05, 0.44, 0.18], [2])","([0.0, 0.0, 0.0, 0.0, 1.0, 0.0], [4])",-0.0,-0.0,-0.94,-0.0,-0.0,-0.0,-0.94,0.489916,6.668063999999994,2.8040103742891063
96,"([0.08, 0.12, 0.13, 0.05, 0.44, 0.18], [1])","([0.0, 0.0, 0.0, 0.0, 1.0, 0.0], [4])",-0.0,-0.914,-0.0,-0.0,-0.0,-0.0,-0.914,0.489916,7.092147999999994,2.8040103742891063
97,"([0.08, 0.12, 0.13, 0.05, 0.44, 0.18], [4])","([0.0, 0.0, 0.0, 0.0, 1.0, 0.0], [4])",-0.0,-0.0,-0.0,-0.0,-0.0,-0.0,0.0,0.489916,6.602231999999994,2.8040103742891063
98,"([0.08, 0.12, 0.13, 0.05, 0.44, 0.18], [5])","([0.0, 0.0, 0.0, 0.0, 1.0, 0.0], [4])",-0.0,-0.0,-0.0,-0.0,-0.0,-0.858,-0.858,0.489916,6.970315999999993,2.8040103742891063
99,"([0.08, 0.12, 0.13, 0.05, 0.44, 0.18], [5])","([0.0, 0.0, 0.0, 0.0, 1.0, 0.0], [4])",-0.0,-0.0,-0.0,-0.0,-0.0,-0.858,-0.858,0.489916,7.338399999999993,2.8040103742891063
100,"([0.08, 0.12, 0.13, 0.05, 0.44, 0.18], [5])","([0.0, 0.0, 0.0, 0.0, 1.0, 0.0], [4])",-0.0,-0.0,-0.0,-0.0,-0.0,-0.858,-0.858,0.489916,7.706483999999993,2.8040103742891063
101,"([0.08, 0.12, 0.13, 0.05, 0.44, 0.18], [4])","([0.0, 0.0, 0.0, 0.0, 1.0, 0.0], [4])",-0.0,-0.0,-0.0,-0.0,-0.0,-0.0,0.0,0.489916,7.2165679999999925,2.8040103742891063
102,"([0.08, 0.12, 0.13, 0.05, 0.44, 0.18], [4])","([0.0, 0.0, 0.0, 0.0, 1.0, 0.0], [4])",-0.0,-0.0,-0.0,-0.0,-0.0,-0.0,0.0,0.489916,6.7266519999999925,2.8040103742891063
103,"([0.08, 0.12, 0.13, 0.05, 0.44, 0.18], [4])","([0.0, 0.0, 0.0, 0.0, 1.0, 0.0], [4])",-0.0,-0.0,-0.0,-0.0,-0.0,-0.0,0.0,0.489916,6.2367359999999925,2.8040103742891063
104,"([0.08, 0.12, 0.13, 0.05, 0.44, 0.18], [2])","([0.0, 0.0, 0.0, 0.0, 1.0, 0.0], [4])",-0.0,-0.0,-0.94,-0.0,-0.0,-0.0,-0.94,0.489916,6.686819999999992,2.8040103742891063
105,"([0.08, 0.12, 0.13, 0.05, 0.44, 0.18], [0])","([0.0, 0.0, 0.0, 0.0, 1.0, 0.0], [4])",-0.772,-0.0,-0.0,-0.0,-0.0,-0.0,-0.772,0.489916,6.968903999999992,2.8040103742891063
106,"([0.08, 0.12, 0.13, 0.05, 0.44, 0.18], [5])","([0.0, 0.0, 0.0, 0.0, 1.0, 0.0], [4])",-0.0,-0.0,-0.0,-0.0,-0.0,-0.858,-0.858,0.489916,7.336987999999992,2.8040103742891063
107,"([0.08, 0.12, 0.13, 0.05, 0.44, 0.18], [1])","([0.0, 0.0, 0.0, 0.0, 1.0, 0.0], [4])",-0.0,-0.914,-0.0,-0.0,-0.0,-0.0,-0.914,0.489916,7.7610719999999915,2.8040103742891063
108,"([0.08, 0.12, 0.13, 0.05, 0.44, 0.18], [4])","([0.0, 0.0, 0.0, 0.0, 1.0, 0.0], [4])",-0.0,-0.0,-0.0,-0.0,-0.0,-0.0,0.0,0.489916,7.2711559999999915,2.8040103742891063
109,"([0.08, 0.12, 0.13, 0.05, 0.44, 0.18], [5])","([0.0, 0.0, 0.0, 0.0, 1.0, 0.0], [4])",-0.0,-0.0,-0.0,-0.0,-0.0,-0.858,-0.858,0.489916,7.639239999999991,2.8040103742891063
110,"([0.08, 0.12, 0.13, 0.05, 0.44, 0.18], [2])","([0.0, 0.0, 0.0, 0.0, 1.0, 0.0], [4])",-0.0,-0.0,-0.94,-0.0,-0.0,-0.0,-0.94,0.489916,8.08932399999999,2.8040103742891063
111,"([0.08, 0.12, 0.13, 0.05, 0.44, 0.18], [4])","([0.0, 0.0, 0.0, 0.0, 1.0, 0.0], [4])",-0.0,-0.0,-0.0,-0.0,-0.0,-0.0,0.0,0.489916,7.599407999999991,2.8040103742891063
112,"([0.08, 0.12, 0.13, 0.05, 0.44, 0.18], [4])","([0.0, 0.0, 0.0, 0.0, 1.0, 0.0], [4])",-0.0,-0.0,-0.0,-0.0,-0.0,-0.0,0.0,0.489916,7.109491999999991,2.8040103742891063
113,"([0.08, 0.12, 0.13, 0.05, 0.44, 0.18], [4])","([0.0, 0.0, 0.0, 0.0, 1.0, 0.0], [4])",-0.0,-0.0,-0.0,-0.0,-0.0,-0.0,0.0,0.489916,6.619575999999991,2.8040103742891063
114,"([0.08, 0.12, 0.13, 0.05, 0.44, 0.18], [4])","([0.0, 0.0, 0.0, 0.0, 1.0, 0.0], [4])",-0.0,-0.0,-0.0,-0.0,-0.0,-0.0,0.0,0.489916,6.129659999999991,2.8040103742891063
115,"([0.08, 0.12, 0.13, 0.05, 0.44, 0.18], [4])","([0.0, 0.0, 0.0, 0.0, 1.0, 0.0], [4])",-0.0,-0.0,-0.0,-0.0,-0.0,-0.0,0.0,0.489916,5.6397439999999905,2.8040103742891063
116,"([0.08, 0.12, 0.13, 0.05, 0.44, 0.18], [4])","([0.0, 0.0, 0.0, 0.0, 1.0, 0.0], [4])",-0.0,-0.0,-0.0,-0.0,-0.0,-0.0,0.0,0.489916,5.1498279999999905,2.8040103742891063
117,"([0.08, 0.12, 0.13, 0.05, 0.44, 0.18], [2])","([0.0, 0.0, 0.0, 0.0, 1.0, 0.0], [4])",-0.0,-0.0,-0.94,-0.0,-0.0,-0.0,-0.94,0.489916,5.599911999999991,2.8040103742891063
118,"([0.08, 0.12, 0.13, 0.05, 0.44, 0.18], [5])","([0.0, 0.0, 0.0, 0.0, 1.0, 0.0], [4])",-0.0,-0.0,-0.0,-0.0,-0.0,-0.858,-0.858,0.489916,5.9679959999999905,2.8040103742891063
119,"([0.08, 0.12, 0.13, 0.05, 0.44, 0.18], [4])","([0.0, 0.0, 0.0, 0.0, 1.0, 0.0], [4])",-0.0,-0.0,-0.0,-0.0,-0.0,-0.0,0.0,0.489916,5.4780799999999905,2.8040103742891063
120,"([0.08, 0.12, 0.13, 0.05, 0.44, 0.18], [5])","([0.0, 0.0, 0.0, 0.0, 1.0, 0.0], [4])",-0.0,-0.0,-0.0,-0.0,-0.0,-0.858,-0.858,0.489916,5.84616399999999,2.8040103742891063
121,"([0.08, 0.12, 0.13, 0.05, 0.44, 0.18], [4])","([0.0, 0.0, 0.0, 0.0, 1.0, 0.0], [4])",-0.0,-0.0,-0.0,-0.0,-0.0,-0.0,0.0,0.489916,5.35624799999999,2.8040103742891063
122,"([0.08, 0.12, 0.13, 0.05, 0.44, 0.18], [4])","([0.0, 0.0, 0.0, 0.0, 1.0, 0.0], [4])",-0.0,-0.0,-0.0,-0.0,-0.0,-0.0,0.0,0.489916,4.86633199999999,2.8040103742891063
123,"([0.08, 0.12, 0.13, 0.05, 0.44, 0.18], [4])","([0.0, 0.0, 0.0, 0.0, 1.0, 0.0], [4])",-0.0,-0.0,-0.0,-0.0,-0.0,-0.0,0.0,0.489916,4.37641599999999,2.8040103742891063
124,"([0.08, 0.12, 0.13, 0.05, 0.44, 0.18], [3])","([0.0, 0.0, 0.0, 0.0, 1.0, 0.0], [4])",-0.0,-0.0,-0.0,-0.758,-0.0,-0.0,-0.758,0.489916,4.64449999999999,2.8040103742891063
125,"([0.08, 0.12, 0.13, 0.05, 0.44, 0.18], [1])","([0.0, 0.0, 0.0, 0.0, 1.0, 0.0], [4])",-0.0,-0.914,-0.0,-0.0,-0.0,-0.0,-0.914,0.489916,5.06858399999999,2.8040103742891063
126,"([0.08, 0.12, 0.13, 0.05, 0.44, 0.18], [5])","([0.0, 0.0, 0.0, 0.0, 1.0, 0.0], [4])",-0.0,-0.0,-0.0,-0.0,-0.0,-0.858,-0.858,0.489916,5.436667999999989,2.8040103742891063
127,"([0.08, 0.12, 0.13, 0.05, 0.44, 0.18], [1])","([0.0, 0.0, 0.0, 0.0, 1.0, 0.0], [4])",-0.0,-0.914,-0.0,-0.0,-0.0,-0.0,-0.914,0.489916,5.860751999999989,2.8040103742891063
128,"([0.08, 0.12, 0.13, 0.05, 0.44, 0.18], [0])","([0.0, 0.0, 0.0, 0.0, 1.0, 0.0], [4])",-0.772,-0.0,-0.0,-0.0,-0.0,-0.0,-0.772,0.489916,6.142835999999989,2.8040103742891063
129,"([0.08, 0.12, 0.13, 0.05, 0.44, 0.18], [5])","([0.0, 0.0, 0.0, 0.0, 1.0, 0.0], [4])",-0.0,-0.0,-0.0,-0.0,-0.0,-0.858,-0.858,0.489916,6.510919999999989,2.8040103742891063
130,"([0.08, 0.12, 0.13, 0.05, 0.44, 0.18], [4])","([0.0, 0.0, 0.0, 0.0, 1.0, 0.0], [4])",-0.0,-0.0,-0.0,-0.0,-0.0,-0.0,0.0,0.489916,6.021003999999989,2.8040103742891063
131,"([0.08, 0.12, 0.13, 0.05, 0.44, 0.18], [5])","([0.0, 0.0, 0.0, 0.0, 1.0, 0.0], [4])",-0.0,-0.0,-0.0,-0.0,-0.0,-0.858,-0.858,0.489916,6.3890879999999886,2.8040103742891063
132,"([0.08, 0.12, 0.13, 0.05, 0.44, 0.18], [5])","([0.0, 0.0, 0.0, 0.0, 1.0, 0.0], [4])",-0.0,-0.0,-0.0,-0.0,-0.0,-0.858,-0.858,0.489916,6.757171999999988,2.8040103742891063
133,"([0.08, 0.12, 0.13, 0.05, 0.44, 0.18], [2])","([0.0, 0.0, 0.0, 0.0, 1.0, 0.0], [4])",-0.0,-0.0,-0.94,-0.0,-0.0,-0.0,-0.94,0.489916,7.207255999999989,2.8040103742891063
134,"([0.08, 0.12, 0.13, 0.05, 0.44, 0.18], [4])","([0.0, 0.0, 0.0, 0.0, 1.0, 0.0], [4])",-0.0,-0.0,-0.0,-0.0,-0.0,-0.0,0.0,0.489916,6.7173399999999885,2.8040103742891063
135,"([0.08, 0.12, 0.13, 0.05, 0.44, 0.18], [4])","([0.0, 0.0, 0.0, 0.0, 1.0, 0.0], [4])",-0.0,-0.0,-0.0,-0.0,-0.0,-0.0,0.0,0.489916,6.2274239999999885,2.8040103742891063
136,"([0.08, 0.12, 0.13, 0.05, 0.44, 0.18], [2])","([0.0, 0.0, 0.0, 0.0, 1.0, 0.0], [4])",-0.0,-0.0,-0.94,-0.0,-0.0,-0.0,-0.94,0.489916,6.677507999999989,2.8040103742891063
137,"([0.08, 0.12, 0.13, 0.05, 0.44, 0.18], [1])","([0.0, 0.0, 0.0, 0.0, 1.0, 0.0], [4])",-0.0,-0.914,-0.0,-0.0,-0.0,-0.0,-0.914,0.489916,7.101591999999989,2.8040103742891063
138,"([0.08, 0.12, 0.13, 0.05, 0.44, 0.18], [4])","([0.0, 0.0, 0.0, 0.0, 1.0, 0.0], [4])",-0.0,-0.0,-0.0,-0.0,-0.0,-0.0,0.0,0.489916,6.611675999999989,2.8040103742891063
139,"([0.08, 0.12, 0.13, 0.05, 0.44, 0.18], [4])","([0.0, 0.0, 0.0, 0.0, 1.0, 0.0], [4])",-0.0,-0.0,-0.0,-0.0,-0.0,-0.0,0.0,0.489916,6.1217599999999885,2.8040103742891063
140,"([0.08, 0.12, 0.13, 0.05, 0.44, 0.18], [5])","([0.0, 0.0, 0.0, 0.0, 1.0, 0.0], [4])",-0.0,-0.0,-0.0,-0.0,-0.0,-0.858,-0.858,0.489916,6.489843999999988,2.8040103742891063
141,"([0.08, 0.12, 0.13, 0.05, 0.44, 0.18], [4])","([0.0, 0.0, 0.0, 0.0, 1.0, 0.0], [4])",-0.0,-0.0,-0.0,-0.0,-0.0,-0.0,0.0,0.489916,5.999927999999988,2.8040103742891063
142,"([0.08, 0.12, 0.13, 0.05, 0.44, 0.18], [2])","([0.0, 0.0, 0.0, 0.0, 1.0, 0.0], [4])",-0.0,-0.0,-0.94,-0.0,-0.0,-0.0,-0.94,0.489916,6.4500119999999885,2.8040103742891063
143,"([0.08, 0.12, 0.13, 0.05, 0.44, 0.18], [5])","([0.0, 0.0, 0.0, 0.0, 1.0, 0.0], [4])",-0.0,-0.0,-0.0,-0.0,-0.0,-0.858,-0.858,0.489916,6.818095999999988,2.8040103742891063
144,"([0.08, 0.12, 0.13, 0.05, 0.44, 0.18], [4])","([0.0, 0.0, 0.0, 0.0, 1.0, 0.0], [4])",-0.0,-0.0,-0.0,-0.0,-0.0,-0.0,0.0,0.489916,6.328179999999988,2.8040103742891063
145,"([0.08, 0.12, 0.13, 0.05, 0.44, 0.18], [4])","([0.0, 0.0, 0.0, 0.0, 1.0, 0.0], [4])",-0.0,-0.0,-0.0,-0.0,-0.0,-0.0,0.0,0.489916,5.838263999999988,2.8040103742891063
146,"([0.08, 0.12, 0.13, 0.05, 0.44, 0.18], [5])","([0.0, 0.0, 0.0, 0.0, 1.0, 0.0], [4])",-0.0,-0.0,-0.0,-0.0,-0.0,-0.858,-0.858,0.489916,6.206347999999988,2.8040103742891063
147,"([0.08, 0.12, 0.13, 0.05, 0.44, 0.18], [4])","([0.0, 0.0, 0.0, 0.0, 1.0, 0.0], [4])",-0.0,-0.0,-0.0,-0.0,-0.0,-0.0,0.0,0.489916,5.716431999999988,2.8040103742891063
148,"([0.08, 0.12, 0.13, 0.05, 0.44, 0.18], [4])","([0.0, 0.0, 0.0, 0.0, 1.0, 0.0], [4])",-0.0,-0.0,-0.0,-0.0,-0.0,-0.0,0.0,0.489916,5.226515999999988,2.8040103742891063
149,"([0.08, 0.12, 0.13, 0.05, 0.44, 0.18], [4])","([0.0, 0.0, 0.0, 0.0, 1.0, 0.0], [4])",-0.0,-0.0,-0.0,-0.0,-0.0,-0.0,0.0,0.489916,4.736599999999988,2.8040103742891063
150,"([0.08, 0.12, 0.13, 0.05, 0.44, 0.18], [3])","([0.0, 0.0, 0.0, 0.0, 1.0, 0.0], [4])",-0.0,-0.0,-0.0,-0.758,-0.0,-0.0,-0.758,0.489916,5.004683999999988,2.8040103742891063
151,"([0.08, 0.12, 0.13, 0.05, 0.44, 0.18], [4])","([0.0, 0.0, 0.0, 0.0, 1.0, 0.0], [4])",-0.0,-0.0,-0.0,-0.0,-0.0,-0.0,0.0,0.489916,4.514767999999988,2.8040103742891063
152,"([0.08, 0.12, 0.13, 0.05, 0.44, 0.18], [5])","([0.0, 0.0, 0.0, 0.0, 1.0, 0.0], [4])",-0.0,-0.0,-0.0,-0.0,-0.0,-0.858,-0.858,0.489916,4.882851999999987,2.8040103742891063
153,"([0.08, 0.12, 0.13, 0.05, 0.44, 0.18], [2])","([0.0, 0.0, 0.0, 0.0, 1.0, 0.0], [4])",-0.0,-0.0,-0.94,-0.0,-0.0,-0.0,-0.94,0.489916,5.332935999999988,2.8040103742891063
154,"([0.08, 0.12, 0.13, 0.05, 0.44, 0.18], [1])","([0.0, 0.0, 0.0, 0.0, 1.0, 0.0], [4])",-0.0,-0.914,-0.0,-0.0,-0.0,-0.0,-0.914,0.489916,5.757019999999987,2.8040103742891063
155,"([0.08, 0.12, 0.13, 0.05, 0.44, 0.18], [4])","([0.0, 0.0, 0.0, 0.0, 1.0, 0.0], [4])",-0.0,-0.0,-0.0,-0.0,-0.0,-0.0,0.0,0.489916,5.267103999999987,2.8040103742891063
156,"([0.08, 0.12, 0.13, 0.05, 0.44, 0.18], [4])","([0.0, 0.0, 0.0, 0.0, 1.0, 0.0], [4])",-0.0,-0.0,-0.0,-0.0,-0.0,-0.0,0.0,0.489916,4.777187999999987,2.8040103742891063
157,"([0.08, 0.12, 0.13, 0.05, 0.44, 0.18], [2])","([0.0, 0.0, 0.0, 0.0, 1.0, 0.0], [4])",-0.0,-0.0,-0.94,-0.0,-0.0,-0.0,-0.94,0.489916,5.227271999999987,2.8040103742891063
158,"([0.08, 0.12, 0.13, 0.05, 0.44, 0.18], [4])","([0.0, 0.0, 0.0, 0.0, 1.0, 0.0], [4])",-0.0,-0.0,-0.0,-0.0,-0.0,-0.0,0.0,0.489916,4.737355999999987,2.8040103742891063
159,"([0.08, 0.12, 0.13, 0.05, 0.44, 0.18], [4])","([0.0, 0.0, 0.0, 0.0, 1.0, 0.0], [4])",-0.0,-0.0,-0.0,-0.0,-0.0,-0.0,0.0,0.489916,4.247439999999987,2.8040103742891063
160,"([0.08, 0.12, 0.13, 0.05, 0.44, 0.18], [0])","([0.0, 0.0, 0.0, 0.0, 1.0, 0.0], [4])",-0.772,-0.0,-0.0,-0.0,-0.0,-0.0,-0.772,0.489916,4.529523999999987,2.8040103742891063
161,"([0.08, 0.12, 0.13, 0.05, 0.44, 0.18], [5])","([0.0, 0.0, 0.0, 0.0, 1.0, 0.0], [4])",-0.0,-0.0,-0.0,-0.0,-0.0,-0.858,-0.858,0.489916,4.897607999999987,2.8040103742891063
162,"([0.08, 0.12, 0.13, 0.05, 0.44, 0.18], [2])","([0.0, 0.0, 0.0, 0.0, 1.0, 0.0], [4])",-0.0,-0.0,-0.94,-0.0,-0.0,-0.0,-0.94,0.489916,5.347691999999986,2.8040103742891063
163,"([0.08, 0.12, 0.13, 0.05, 0.44, 0.18], [5])","([0.0, 0.0, 0.0, 0.0, 1.0, 0.0], [4])",-0.0,-0.0,-0.0,-0.0,-0.0,-0.858,-0.858,0.489916,5.715775999999986,2.8040103742891063
164,"([0.08, 0.12, 0.13, 0.05, 0.44, 0.18], [4])","([0.0, 0.0, 0.0, 0.0, 1.0, 0.0], [4])",-0.0,-0.0,-0.0,-0.0,-0.0,-0.0,0.0,0.489916,5.225859999999986,2.8040103742891063
165,"([0.08, 0.12, 0.13, 0.05, 0.44, 0.18], [1])","([0.0, 0.0, 0.0, 0.0, 1.0, 0.0], [4])",-0.0,-0.914,-0.0,-0.0,-0.0,-0.0,-0.914,0.489916,5.649943999999985,2.8040103742891063
166,"([0.08, 0.12, 0.13, 0.05, 0.44, 0.18], [0])","([0.0, 0.0, 0.0, 0.0, 1.0, 0.0], [4])",-0.772,-0.0,-0.0,-0.0,-0.0,-0.0,-0.772,0.489916,5.932027999999986,2.8040103742891063
167,"([0.08, 0.12, 0.13, 0.05, 0.44, 0.18], [5])","([0.0, 0.0, 0.0, 0.0, 1.0, 0.0], [4])",-0.0,-0.0,-0.0,-0.0,-0.0,-0.858,-0.858,0.489916,6.300111999999985,2.8040103742891063
168,"([0.08, 0.12, 0.13, 0.05, 0.44, 0.18], [1])","([0.0, 0.0, 0.0, 0.0, 1.0, 0.0], [4])",-0.0,-0.914,-0.0,-0.0,-0.0,-0.0,-0.914,0.489916,6.724195999999985,2.8040103742891063
169,"([0.08, 0.12, 0.13, 0.05, 0.44, 0.18], [1])","([0.0, 0.0, 0.0, 0.0, 1.0, 0.0], [4])",-0.0,-0.914,-0.0,-0.0,-0.0,-0.0,-0.914,0.489916,7.148279999999985,2.8040103742891063
170,"([0.08, 0.12, 0.13, 0.05, 0.44, 0.18], [4])","([0.0, 0.0, 0.0, 0.0, 1.0, 0.0], [4])",-0.0,-0.0,-0.0,-0.0,-0.0,-0.0,0.0,0.489916,6.658363999999985,2.8040103742891063
171,"([0.08, 0.12, 0.13, 0.05, 0.44, 0.18], [1])","([0.0, 0.0, 0.0, 0.0, 1.0, 0.0], [4])",-0.0,-0.914,-0.0,-0.0,-0.0,-0.0,-0.914,0.489916,7.082447999999984,2.8040103742891063
172,"([0.08, 0.12, 0.13, 0.05, 0.44, 0.18], [5])","([0.0, 0.0, 0.0, 0.0, 1.0, 0.0], [4])",-0.0,-0.0,-0.0,-0.0,-0.0,-0.858,-0.858,0.489916,7.450531999999984,2.8040103742891063
173,"([0.08, 0.12, 0.13, 0.05, 0.44, 0.18], [4])","([0.0, 0.0, 0.0, 0.0, 1.0, 0.0], [4])",-0.0,-0.0,-0.0,-0.0,-0.0,-0.0,0.0,0.489916,6.960615999999984,2.8040103742891063
174,"([0.08, 0.12, 0.13, 0.05, 0.44, 0.18], [1])","([0.0, 0.0, 0.0, 0.0, 1.0, 0.0], [4])",-0.0,-0.914,-0.0,-0.0,-0.0,-0.0,-0.914,0.489916,7.384699999999984,2.8040103742891063
175,"([0.08, 0.12, 0.13, 0.05, 0.44, 0.18], [2])","([0.0, 0.0, 0.0, 0.0, 1.0, 0.0], [4])",-0.0,-0.0,-0.94,-0.0,-0.0,-0.0,-0.94,0.489916,7.834783999999983,2.8040103742891063
176,"([0.08, 0.12, 0.13, 0.05, 0.44, 0.18], [0])","([0.0, 0.0, 0.0, 0.0, 1.0, 0.0], [4])",-0.772,-0.0,-0.0,-0.0,-0.0,-0.0,-0.772,0.489916,8.116867999999982,2.8040103742891063
177,"([0.08, 0.12, 0.13, 0.05, 0.44, 0.18], [4])","([0.0, 0.0, 0.0, 0.0, 1.0, 0.0], [4])",-0.0,-0.0,-0.0,-0.0,-0.0,-0.0,0.0,0.489916,7.626951999999982,2.8040103742891063
178,"([0.08, 0.12, 0.13, 0.05, 0.44, 0.18], [2])","([0.0, 0.0, 0.0, 0.0, 1.0, 0.0], [4])",-0.0,-0.0,-0.94,-0.0,-0.0,-0.0,-0.94,0.489916,8.077035999999982,2.8040103742891063
179,"([0.08, 0.12, 0.13, 0.05, 0.44, 0.18], [5])","([0.0, 0.0, 0.0, 0.0, 1.0, 0.0], [4])",-0.0,-0.0,-0.0,-0.0,-0.0,-0.858,-0.858,0.489916,8.445119999999982,2.8040103742891063
180,"([0.08, 0.12, 0.13, 0.05, 0.44, 0.18], [0])","([0.0, 0.0, 0.0, 0.0, 1.0, 0.0], [4])",-0.772,-0.0,-0.0,-0.0,-0.0,-0.0,-0.772,0.489916,8.72720399999998,2.8040103742891063
181,"([0.08, 0.12, 0.13, 0.05, 0.44, 0.18], [4])","([0.0, 0.0, 0.0, 0.0, 1.0, 0.0], [4])",-0.0,-0.0,-0.0,-0.0,-0.0,-0.0,0.0,0.489916,8.237287999999982,2.8040103742891063
182,"([0.08, 0.12, 0.13, 0.05, 0.44, 0.18], [0])","([0.0, 0.0, 0.0, 0.0, 1.0, 0.0], [4])",-0.772,-0.0,-0.0,-0.0,-0.0,-0.0,-0.772,0.489916,8.519371999999981,2.8040103742891063
183,"([0.08, 0.12, 0.13, 0.05, 0.44, 0.18], [4])","([0.0, 0.0, 0.0, 0.0, 1.0, 0.0], [4])",-0.0,-0.0,-0.0,-0.0,-0.0,-0.0,0.0,0.489916,8.029455999999982,2.8040103742891063
184,"([0.08, 0.12, 0.13, 0.05, 0.44, 0.18], [2])","([0.0, 0.0, 0.0, 0.0, 1.0, 0.0], [4])",-0.0,-0.0,-0.94,-0.0,-0.0,-0.0,-0.94,0.489916,8.479539999999982,2.8040103742891063
185,"([0.08, 0.12, 0.13, 0.05, 0.44, 0.18], [0])","([0.0, 0.0, 0.0, 0.0, 1.0, 0.0], [4])",-0.772,-0.0,-0.0,-0.0,-0.0,-0.0,-0.772,0.489916,8.761623999999982,2.8040103742891063
186,"([0.08, 0.12, 0.13, 0.05, 0.44, 0.18], [4])","([0.0, 0.0, 0.0, 0.0, 1.0, 0.0], [4])",-0.0,-0.0,-0.0,-0.0,-0.0,-0.0,0.0,0.489916,8.271707999999983,2.8040103742891063
187,"([0.08, 0.12, 0.13, 0.05, 0.44, 0.18], [1])","([0.0, 0.0, 0.0, 0.0, 1.0, 0.0], [4])",-0.0,-0.914,-0.0,-0.0,-0.0,-0.0,-0.914,0.489916,8.695791999999983,2.8040103742891063
188,"([0.08, 0.12, 0.13, 0.05, 0.44, 0.18], [2])","([0.0, 0.0, 0.0, 0.0, 1.0, 0.0], [4])",-0.0,-0.0,-0.94,-0.0,-0.0,-0.0,-0.94,0.489916,9.145875999999983,2.8040103742891063
189,"([0.08, 0.12, 0.13, 0.05, 0.44, 0.18], [4])","([0.0, 0.0, 0.0, 0.0, 1.0, 0.0], [4])",-0.0,-0.0,-0.0,-0.0,-0.0,-0.0,0.0,0.489916,8.655959999999983,2.8040103742891063
190,"([0.08, 0.12, 0.13, 0.05, 0.44, 0.18], [1])","([0.0, 0.0, 0.0, 0.0, 1.0, 0.0], [4])",-0.0,-0.914,-0.0,-0.0,-0.0,-0.0,-0.914,0.489916,9.080043999999983,2.8040103742891063
191,"([0.08, 0.12, 0.13, 0.05, 0.44, 0.18], [4])","([0.0, 0.0, 0.0, 0.0, 1.0, 0.0], [4])",-0.0,-0.0,-0.0,-0.0,-0.0,-0.0,0.0,0.489916,8.590127999999982,2.8040103742891063
192,"([0.08, 0.12, 0.13, 0.05, 0.44, 0.18], [1])","([0.0, 0.0, 0.0, 0.0, 1.0, 0.0], [4])",-0.0,-0.914,-0.0,-0.0,-0.0,-0.0,-0.914,0.489916,9.014211999999983,2.8040103742891063
193,"([0.08, 0.12, 0.13, 0.05, 0.44, 0.18], [1])","([0.0, 0.0, 0.0, 0.0, 1.0, 0.0], [4])",-0.0,-0.914,-0.0,-0.0,-0.0,-0.0,-0.914,0.489916,9.438295999999983,2.8040103742891063
194,"([0.08, 0.12, 0.13, 0.05, 0.44, 0.18], [4])","([0.0, 0.0, 0.0, 0.0, 1.0, 0.0], [4])",-0.0,-0.0,-0.0,-0.0,-0.0,-0.0,0.0,0.489916,8.948379999999982,2.8040103742891063
195,"([0.08, 0.12, 0.13, 0.05, 0.44, 0.18], [4])","([0.0, 0.0, 0.0, 0.0, 1.0, 0.0], [4])",-0.0,-0.0,-0.0,-0.0,-0.0,-0.0,0.0,0.489916,8.458463999999982,2.8040103742891063
196,"([0.08, 0.12, 0.13, 0.05, 0.44, 0.18], [5])","([0.0, 0.0, 0.0, 0.0, 1.0, 0.0], [4])",-0.0,-0.0,-0.0,-0.0,-0.0,-0.858,-0.858,0.489916,8.826547999999981,2.8040103742891063
197,"([0.08, 0.12, 0.13, 0.05, 0.44, 0.18], [4])","([0.0, 0.0, 0.0, 0.0, 1.0, 0.0], [4])",-0.0,-0.0,-0.0,-0.0,-0.0,-0.0,0.0,0.489916,8.33663199999998,2.8040103742891063
198,"([0.08, 0.12, 0.13, 0.05, 0.44, 0.18], [4])","([0.0, 0.0, 0.0, 0.0, 1.0, 0.0], [4])",-0.0,-0.0,-0.0,-0.0,-0.0,-0.0,0.0,0.489916,7.84671599999998,2.8040103742891063
199,"([0.08, 0.12, 0.13, 0.05, 0.44, 0.18], [4])","([0.0, 0.0, 0.0, 0.0, 1.0, 0.0], [4])",-0.0,-0.0,-0.0,-0.0,-0.0,-0.0,0.0,0.489916,7.35679999999998,2.8040103742891063
