,sto-1,FB-0,feedback target 0,feedback target 1,feedback target 2,feedback target 3,feedback target 4,feedback target 5,total,exp_loss,actual_regret,exp_regret
0,"([0.08, 0.12, 0.13, 0.05, 0.44, 0.18], [5])","([0.13, 0.22, 0.23, 0.12, 0.1, 0.19], [2])",-0.0,-0.0,-0.0,-0.0,-0.0,-0.858,-0.858,0.6799751291033755,0.36808399999999997,0.19005912910337552
1,"([0.08, 0.12, 0.13, 0.05, 0.44, 0.18], [5])","([0.0, 0.0, 0.0, 0.0, 0.0, 1.0], [5])",-0.0,-0.0,-0.0,-0.0,-0.0,-0.0,0.0,0.652026,-0.12183200000000005,0.3521691291033755
2,"([0.08, 0.12, 0.13, 0.05, 0.44, 0.18], [1])","([0.0, 0.0, 0.0, 0.0, 0.0, 1.0], [5])",-0.0,-0.914,-0.0,-0.0,-0.0,-0.0,-0.914,0.652026,0.30225199999999997,0.5142791291033755
3,"([0.08, 0.12, 0.13, 0.05, 0.44, 0.18], [4])","([0.0, 0.0, 0.0, 0.0, 0.0, 1.0], [5])",-0.0,-0.0,-0.0,-0.0,-0.728,-0.0,-0.728,0.652026,0.5403359999999999,0.6763891291033755
4,"([0.08, 0.12, 0.13, 0.05, 0.44, 0.18], [1])","([0.0, 1.0, 0.0, 0.0, 0.0, 0.0], [1])",-0.0,-0.0,-0.0,-0.0,-0.0,-0.0,0.0,0.6949019999999999,0.05041999999999991,0.8813751291033753
5,"([0.08, 0.12, 0.13, 0.05, 0.44, 0.18], [4])","([0.0, 0.0, 0.0, 0.0, 0.0, 1.0], [5])",-0.0,-0.0,-0.0,-0.0,-0.728,-0.0,-0.728,0.652026,0.28850399999999987,1.0434851291033753
6,"([0.08, 0.12, 0.13, 0.05, 0.44, 0.18], [5])","([0.0, 1.0, 0.0, 0.0, 0.0, 0.0], [1])",-0.0,-0.0,-0.0,-0.0,-0.0,-0.858,-0.858,0.6949019999999999,0.6565879999999998,1.2484711291033752
7,"([0.08, 0.12, 0.13, 0.05, 0.44, 0.18], [4])","([0.0, 0.0, 0.0, 0.0, 0.0, 1.0], [5])",-0.0,-0.0,-0.0,-0.0,-0.728,-0.0,-0.728,0.652026,0.8946719999999998,1.4105811291033752
8,"([0.08, 0.12, 0.13, 0.05, 0.44, 0.18], [4])","([0.0, 1.0, 0.0, 0.0, 0.0, 0.0], [1])",-0.0,-0.0,-0.0,-0.0,-0.728,-0.0,-0.728,0.6949019999999999,1.1327559999999997,1.615567129103375
9,"([0.08, 0.12, 0.13, 0.05, 0.44, 0.18], [5])","([0.0, 0.0, 0.0, 0.0, 0.0, 1.0], [5])",-0.0,-0.0,-0.0,-0.0,-0.0,-0.0,0.0,0.652026,0.6428399999999996,1.777677129103375
10,"([0.08, 0.12, 0.13, 0.05, 0.44, 0.18], [5])","([0.0, 0.0, 0.0, 0.0, 0.0, 1.0], [5])",-0.0,-0.0,-0.0,-0.0,-0.0,-0.0,0.0,0.652026,0.15292399999999962,1.939787129103375
11,"([0.08, 0.12, 0.13, 0.05, 0.44, 0.18], [2])","([0.0, 0.0, 0.0, 0.0, 0.0, 1.0], [5])",-0.0,-0.0,-0.94,-0.0,-0.0,-0.0,-0.94,0.652026,0.6030079999999995,2.1018971291033752
12,"([0.08, 0.12, 0.13, 0.05, 0.44, 0.18], [4])","([0.0, 0.0, 0.0, 0.0, 0.0, 1.0], [5])",-0.0,-0.0,-0.0,-0.0,-0.728,-0.0,-0.728,0.652026,0.8410919999999995,2.2640071291033754
13,"([0.08, 0.12, 0.13, 0.05, 0.44, 0.18], [4])","([0.0, 0.0, 0.0, 0.0, 0.0, 1.0], [5])",-0.0,-0.0,-0.0,-0.0,-0.728,-0.0,-0.728,0.652026,1.0791759999999995,2.4261171291033756
14,"([0.08, 0.12, 0.13, 0.05, 0.44, 0.18], [1])","([0.0, 0.0, 0.0, 0.0, 0.0, 1.0], [5])",-0.0,-0.914,-0.0,-0.0,-0.0,-0.0,-0.914,0.652026,1.5032599999999996,2.588227129103376
15,"([0.08, 0.12, 0.13, 0.05, 0.44, 0.18], [4])","([0.0, 0.0, 0.0, 0.0, 1.0, 0.0], [4])",-0.0,-0.0,-0.0,-0.0,-0.0,-0.0,0.0,0.489916,1.0133439999999996,2.588227129103376
16,"([0.08, 0.12, 0.13, 0.05, 0.44, 0.18], [3])","([0.0, 0.0, 0.0, 0.0, 0.0, 1.0], [5])",-0.0,-0.0,-0.0,-0.758,-0.0,-0.0,-0.758,0.652026,1.2814279999999996,2.750337129103376
17,"([0.08, 0.12, 0.13, 0.05, 0.44, 0.18], [4])","([0.0, 0.0, 0.0, 0.0, 1.0, 0.0], [4])",-0.0,-0.0,-0.0,-0.0,-0.0,-0.0,0.0,0.489916,0.7915119999999995,2.750337129103376
18,"([0.08, 0.12, 0.13, 0.05, 0.44, 0.18], [4])","([0.0, 0.0, 0.0, 0.0, 1.0, 0.0], [4])",-0.0,-0.0,-0.0,-0.0,-0.0,-0.0,0.0,0.489916,0.30159599999999953,2.750337129103376
19,"([0.08, 0.12, 0.13, 0.05, 0.44, 0.18], [4])","([0.0, 0.0, 0.0, 0.0, 1.0, 0.0], [4])",-0.0,-0.0,-0.0,-0.0,-0.0,-0.0,0.0,0.489916,-0.1883200000000005,2.750337129103376
20,"([0.08, 0.12, 0.13, 0.05, 0.44, 0.18], [2])","([0.0, 0.0, 0.0, 0.0, 1.0, 0.0], [4])",-0.0,-0.0,-0.94,-0.0,-0.0,-0.0,-0.94,0.489916,0.26176399999999944,2.750337129103376
21,"([0.08, 0.12, 0.13, 0.05, 0.44, 0.18], [2])","([0.0, 0.0, 0.0, 0.0, 1.0, 0.0], [4])",-0.0,-0.0,-0.94,-0.0,-0.0,-0.0,-0.94,0.489916,0.7118479999999994,2.750337129103376
22,"([0.08, 0.12, 0.13, 0.05, 0.44, 0.18], [1])","([0.0, 0.0, 0.0, 0.0, 1.0, 0.0], [4])",-0.0,-0.914,-0.0,-0.0,-0.0,-0.0,-0.914,0.489916,1.1359319999999995,2.750337129103376
23,"([0.08, 0.12, 0.13, 0.05, 0.44, 0.18], [5])","([0.0, 0.0, 0.0, 0.0, 1.0, 0.0], [4])",-0.0,-0.0,-0.0,-0.0,-0.0,-0.858,-0.858,0.489916,1.5040159999999996,2.750337129103376
24,"([0.08, 0.12, 0.13, 0.05, 0.44, 0.18], [5])","([0.0, 0.0, 0.0, 0.0, 1.0, 0.0], [4])",-0.0,-0.0,-0.0,-0.0,-0.0,-0.858,-0.858,0.489916,1.8720999999999997,2.750337129103376
25,"([0.08, 0.12, 0.13, 0.05, 0.44, 0.18], [4])","([0.0, 0.0, 0.0, 0.0, 1.0, 0.0], [4])",-0.0,-0.0,-0.0,-0.0,-0.0,-0.0,0.0,0.489916,1.3821839999999996,2.750337129103376
26,"([0.08, 0.12, 0.13, 0.05, 0.44, 0.18], [2])","([0.0, 0.0, 0.0, 0.0, 1.0, 0.0], [4])",-0.0,-0.0,-0.94,-0.0,-0.0,-0.0,-0.94,0.489916,1.8322679999999996,2.750337129103376
27,"([0.08, 0.12, 0.13, 0.05, 0.44, 0.18], [4])","([0.0, 0.0, 0.0, 0.0, 1.0, 0.0], [4])",-0.0,-0.0,-0.0,-0.0,-0.0,-0.0,0.0,0.489916,1.3423519999999995,2.750337129103376
28,"([0.08, 0.12, 0.13, 0.05, 0.44, 0.18], [5])","([0.0, 0.0, 0.0, 0.0, 1.0, 0.0], [4])",-0.0,-0.0,-0.0,-0.0,-0.0,-0.858,-0.858,0.489916,1.7104359999999996,2.750337129103376
29,"([0.08, 0.12, 0.13, 0.05, 0.44, 0.18], [4])","([0.0, 0.0, 0.0, 0.0, 1.0, 0.0], [4])",-0.0,-0.0,-0.0,-0.0,-0.0,-0.0,0.0,0.489916,1.2205199999999996,2.750337129103376
30,"([0.08, 0.12, 0.13, 0.05, 0.44, 0.18], [5])","([0.0, 0.0, 0.0, 0.0, 1.0, 0.0], [4])",-0.0,-0.0,-0.0,-0.0,-0.0,-0.858,-0.858,0.489916,1.5886039999999997,2.750337129103376
31,"([0.08, 0.12, 0.13, 0.05, 0.44, 0.18], [5])","([0.0, 0.0, 0.0, 0.0, 1.0, 0.0], [4])",-0.0,-0.0,-0.0,-0.0,-0.0,-0.858,-0.858,0.489916,1.9566879999999998,2.750337129103376
32,"([0.08, 0.12, 0.13, 0.05, 0.44, 0.18], [4])","([0.0, 0.0, 0.0, 0.0, 0.0, 1.0], [5])",-0.0,-0.0,-0.0,-0.0,-0.728,-0.0,-0.728,0.652026,2.1947719999999995,2.912447129103376
33,"([0.08, 0.12, 0.13, 0.05, 0.44, 0.18], [5])","([0.0, 0.0, 0.0, 0.0, 1.0, 0.0], [4])",-0.0,-0.0,-0.0,-0.0,-0.0,-0.858,-0.858,0.489916,2.5628559999999996,2.912447129103376
34,"([0.08, 0.12, 0.13, 0.05, 0.44, 0.18], [1])","([0.0, 0.0, 0.0, 0.0, 1.0, 0.0], [4])",-0.0,-0.914,-0.0,-0.0,-0.0,-0.0,-0.914,0.489916,2.9869399999999997,2.912447129103376
35,"([0.08, 0.12, 0.13, 0.05, 0.44, 0.18], [2])","([0.0, 0.0, 0.0, 0.0, 0.0, 1.0], [5])",-0.0,-0.0,-0.94,-0.0,-0.0,-0.0,-0.94,0.652026,3.4370239999999996,3.0745571291033764
36,"([0.08, 0.12, 0.13, 0.05, 0.44, 0.18], [4])","([0.0, 0.0, 0.0, 0.0, 0.0, 1.0], [5])",-0.0,-0.0,-0.0,-0.0,-0.728,-0.0,-0.728,0.652026,3.675108,3.2366671291033766
37,"([0.08, 0.12, 0.13, 0.05, 0.44, 0.18], [4])","([0.0, 0.0, 0.0, 0.0, 1.0, 0.0], [4])",-0.0,-0.0,-0.0,-0.0,-0.0,-0.0,0.0,0.489916,3.185192,3.2366671291033766
38,"([0.08, 0.12, 0.13, 0.05, 0.44, 0.18], [5])","([0.0, 0.0, 0.0, 0.0, 1.0, 0.0], [4])",-0.0,-0.0,-0.0,-0.0,-0.0,-0.858,-0.858,0.489916,3.553276,3.2366671291033766
39,"([0.08, 0.12, 0.13, 0.05, 0.44, 0.18], [5])","([0.0, 0.0, 0.0, 0.0, 1.0, 0.0], [4])",-0.0,-0.0,-0.0,-0.0,-0.0,-0.858,-0.858,0.489916,3.92136,3.2366671291033766
40,"([0.08, 0.12, 0.13, 0.05, 0.44, 0.18], [2])","([0.0, 0.0, 0.0, 0.0, 1.0, 0.0], [4])",-0.0,-0.0,-0.94,-0.0,-0.0,-0.0,-0.94,0.489916,4.371444,3.2366671291033766
41,"([0.08, 0.12, 0.13, 0.05, 0.44, 0.18], [4])","([0.0, 0.0, 0.0, 0.0, 0.0, 1.0], [5])",-0.0,-0.0,-0.0,-0.0,-0.728,-0.0,-0.728,0.652026,4.609528,3.398777129103377
42,"([0.08, 0.12, 0.13, 0.05, 0.44, 0.18], [2])","([0.0, 0.0, 0.0, 0.0, 1.0, 0.0], [4])",-0.0,-0.0,-0.94,-0.0,-0.0,-0.0,-0.94,0.489916,5.0596119999999996,3.398777129103377
43,"([0.08, 0.12, 0.13, 0.05, 0.44, 0.18], [0])","([0.0, 0.0, 0.0, 0.0, 1.0, 0.0], [4])",-0.772,-0.0,-0.0,-0.0,-0.0,-0.0,-0.772,0.489916,5.341696,3.398777129103377
44,"([0.08, 0.12, 0.13, 0.05, 0.44, 0.18], [2])","([0.0, 0.0, 0.0, 0.0, 1.0, 0.0], [4])",-0.0,-0.0,-0.94,-0.0,-0.0,-0.0,-0.94,0.489916,5.791779999999999,3.398777129103377
45,"([0.08, 0.12, 0.13, 0.05, 0.44, 0.18], [4])","([0.0, 0.0, 0.0, 0.0, 1.0, 0.0], [4])",-0.0,-0.0,-0.0,-0.0,-0.0,-0.0,0.0,0.489916,5.301863999999999,3.398777129103377
46,"([0.08, 0.12, 0.13, 0.05, 0.44, 0.18], [5])","([0.0, 0.0, 0.0, 0.0, 1.0, 0.0], [4])",-0.0,-0.0,-0.0,-0.0,-0.0,-0.858,-0.858,0.489916,5.669947999999999,3.398777129103377
47,"([0.08, 0.12, 0.13, 0.05, 0.44, 0.18], [4])","([0.0, 0.0, 0.0, 0.0, 1.0, 0.0], [4])",-0.0,-0.0,-0.0,-0.0,-0.0,-0.0,0.0,0.489916,5.180031999999999,3.398777129103377
48,"([0.08, 0.12, 0.13, 0.05, 0.44, 0.18], [4])","([0.0, 0.0, 0.0, 0.0, 1.0, 0.0], [4])",-0.0,-0.0,-0.0,-0.0,-0.0,-0.0,0.0,0.489916,4.690115999999999,3.398777129103377
49,"([0.08, 0.12, 0.13, 0.05, 0.44, 0.18], [5])","([0.0, 0.0, 0.0, 0.0, 1.0, 0.0], [4])",-0.0,-0.0,-0.0,-0.0,-0.0,-0.858,-0.858,0.489916,5.0581999999999985,3.398777129103377
50,"([0.08, 0.12, 0.13, 0.05, 0.44, 0.18], [4])","([0.0, 0.0, 0.0, 0.0, 1.0, 0.0], [4])",-0.0,-0.0,-0.0,-0.0,-0.0,-0.0,0.0,0.489916,4.5682839999999985,3.398777129103377
51,"([0.08, 0.12, 0.13, 0.05, 0.44, 0.18], [5])","([0.0, 0.0, 0.0, 0.0, 1.0, 0.0], [4])",-0.0,-0.0,-0.0,-0.0,-0.0,-0.858,-0.858,0.489916,4.936367999999998,3.398777129103377
52,"([0.08, 0.12, 0.13, 0.05, 0.44, 0.18], [0])","([0.0, 0.0, 0.0, 0.0, 1.0, 0.0], [4])",-0.772,-0.0,-0.0,-0.0,-0.0,-0.0,-0.772,0.489916,5.218451999999998,3.398777129103377
53,"([0.08, 0.12, 0.13, 0.05, 0.44, 0.18], [1])","([0.0, 0.0, 0.0, 0.0, 1.0, 0.0], [4])",-0.0,-0.914,-0.0,-0.0,-0.0,-0.0,-0.914,0.489916,5.642535999999998,3.398777129103377
54,"([0.08, 0.12, 0.13, 0.05, 0.44, 0.18], [5])","([0.0, 0.0, 0.0, 0.0, 1.0, 0.0], [4])",-0.0,-0.0,-0.0,-0.0,-0.0,-0.858,-0.858,0.489916,6.010619999999998,3.398777129103377
55,"([0.08, 0.12, 0.13, 0.05, 0.44, 0.18], [2])","([0.0, 0.0, 0.0, 0.0, 0.0, 1.0], [5])",-0.0,-0.0,-0.94,-0.0,-0.0,-0.0,-0.94,0.652026,6.460703999999998,3.560887129103377
56,"([0.08, 0.12, 0.13, 0.05, 0.44, 0.18], [4])","([0.0, 0.0, 0.0, 0.0, 0.0, 1.0], [5])",-0.0,-0.0,-0.0,-0.0,-0.728,-0.0,-0.728,0.652026,6.698787999999998,3.722997129103377
57,"([0.08, 0.12, 0.13, 0.05, 0.44, 0.18], [4])","([0.0, 0.0, 0.0, 0.0, 1.0, 0.0], [4])",-0.0,-0.0,-0.0,-0.0,-0.0,-0.0,0.0,0.489916,6.208871999999998,3.722997129103377
58,"([0.08, 0.12, 0.13, 0.05, 0.44, 0.18], [2])","([0.0, 0.0, 0.0, 0.0, 1.0, 0.0], [4])",-0.0,-0.0,-0.94,-0.0,-0.0,-0.0,-0.94,0.489916,6.658955999999998,3.722997129103377
59,"([0.08, 0.12, 0.13, 0.05, 0.44, 0.18], [4])","([0.0, 0.0, 0.0, 0.0, 1.0, 0.0], [4])",-0.0,-0.0,-0.0,-0.0,-0.0,-0.0,0.0,0.489916,6.169039999999998,3.722997129103377
60,"([0.08, 0.12, 0.13, 0.05, 0.44, 0.18], [5])","([0.0, 0.0, 0.0, 0.0, 1.0, 0.0], [4])",-0.0,-0.0,-0.0,-0.0,-0.0,-0.858,-0.858,0.489916,6.537123999999998,3.722997129103377
61,"([0.08, 0.12, 0.13, 0.05, 0.44, 0.18], [4])","([0.0, 0.0, 0.0, 0.0, 1.0, 0.0], [4])",-0.0,-0.0,-0.0,-0.0,-0.0,-0.0,0.0,0.489916,6.047207999999998,3.722997129103377
62,"([0.08, 0.12, 0.13, 0.05, 0.44, 0.18], [5])","([0.0, 0.0, 0.0, 0.0, 1.0, 0.0], [4])",-0.0,-0.0,-0.0,-0.0,-0.0,-0.858,-0.858,0.489916,6.415291999999997,3.722997129103377
63,"([0.08, 0.12, 0.13, 0.05, 0.44, 0.18], [5])","([0.0, 0.0, 0.0, 0.0, 1.0, 0.0], [4])",-0.0,-0.0,-0.0,-0.0,-0.0,-0.858,-0.858,0.489916,6.783375999999997,3.722997129103377
64,"([0.08, 0.12, 0.13, 0.05, 0.44, 0.18], [2])","([0.0, 0.0, 0.0, 0.0, 1.0, 0.0], [4])",-0.0,-0.0,-0.94,-0.0,-0.0,-0.0,-0.94,0.489916,7.233459999999997,3.722997129103377
65,"([0.08, 0.12, 0.13, 0.05, 0.44, 0.18], [2])","([0.0, 0.0, 0.0, 0.0, 1.0, 0.0], [4])",-0.0,-0.0,-0.94,-0.0,-0.0,-0.0,-0.94,0.489916,7.683543999999998,3.722997129103377
66,"([0.08, 0.12, 0.13, 0.05, 0.44, 0.18], [2])","([0.0, 0.0, 0.0, 0.0, 0.0, 1.0], [5])",-0.0,-0.0,-0.94,-0.0,-0.0,-0.0,-0.94,0.652026,8.133627999999998,3.8851071291033774
67,"([0.08, 0.12, 0.13, 0.05, 0.44, 0.18], [4])","([0.0, 0.0, 0.0, 0.0, 0.0, 1.0], [5])",-0.0,-0.0,-0.0,-0.0,-0.728,-0.0,-0.728,0.652026,8.371711999999999,4.047217129103378
68,"([0.08, 0.12, 0.13, 0.05, 0.44, 0.18], [4])","([0.0, 0.0, 0.0, 0.0, 1.0, 0.0], [4])",-0.0,-0.0,-0.0,-0.0,-0.0,-0.0,0.0,0.489916,7.881795999999999,4.047217129103378
69,"([0.08, 0.12, 0.13, 0.05, 0.44, 0.18], [4])","([0.0, 0.0, 0.0, 0.0, 1.0, 0.0], [4])",-0.0,-0.0,-0.0,-0.0,-0.0,-0.0,0.0,0.489916,7.391879999999999,4.047217129103378
70,"([0.08, 0.12, 0.13, 0.05, 0.44, 0.18], [5])","([0.0, 0.0, 0.0, 0.0, 1.0, 0.0], [4])",-0.0,-0.0,-0.0,-0.0,-0.0,-0.858,-0.858,0.489916,7.759963999999998,4.047217129103378
71,"([0.08, 0.12, 0.13, 0.05, 0.44, 0.18], [4])","([0.0, 0.0, 0.0, 0.0, 1.0, 0.0], [4])",-0.0,-0.0,-0.0,-0.0,-0.0,-0.0,0.0,0.489916,7.270047999999998,4.047217129103378
72,"([0.08, 0.12, 0.13, 0.05, 0.44, 0.18], [1])","([0.0, 0.0, 0.0, 0.0, 1.0, 0.0], [4])",-0.0,-0.914,-0.0,-0.0,-0.0,-0.0,-0.914,0.489916,7.694131999999998,4.047217129103378
73,"([0.08, 0.12, 0.13, 0.05, 0.44, 0.18], [4])","([0.0, 0.0, 0.0, 0.0, 1.0, 0.0], [4])",-0.0,-0.0,-0.0,-0.0,-0.0,-0.0,0.0,0.489916,7.204215999999998,4.047217129103378
74,"([0.08, 0.12, 0.13, 0.05, 0.44, 0.18], [2])","([0.0, 0.0, 0.0, 0.0, 1.0, 0.0], [4])",-0.0,-0.0,-0.94,-0.0,-0.0,-0.0,-0.94,0.489916,7.654299999999997,4.047217129103378
75,"([0.08, 0.12, 0.13, 0.05, 0.44, 0.18], [4])","([0.0, 0.0, 0.0, 0.0, 1.0, 0.0], [4])",-0.0,-0.0,-0.0,-0.0,-0.0,-0.0,0.0,0.489916,7.164383999999997,4.047217129103378
76,"([0.08, 0.12, 0.13, 0.05, 0.44, 0.18], [4])","([0.0, 0.0, 0.0, 0.0, 1.0, 0.0], [4])",-0.0,-0.0,-0.0,-0.0,-0.0,-0.0,0.0,0.489916,6.674467999999997,4.047217129103378
77,"([0.08, 0.12, 0.13, 0.05, 0.44, 0.18], [0])","([0.0, 0.0, 0.0, 0.0, 1.0, 0.0], [4])",-0.772,-0.0,-0.0,-0.0,-0.0,-0.0,-0.772,0.489916,6.956551999999998,4.047217129103378
78,"([0.08, 0.12, 0.13, 0.05, 0.44, 0.18], [4])","([0.0, 0.0, 0.0, 0.0, 1.0, 0.0], [4])",-0.0,-0.0,-0.0,-0.0,-0.0,-0.0,0.0,0.489916,6.466635999999998,4.047217129103378
79,"([0.08, 0.12, 0.13, 0.05, 0.44, 0.18], [2])","([0.0, 0.0, 0.0, 0.0, 1.0, 0.0], [4])",-0.0,-0.0,-0.94,-0.0,-0.0,-0.0,-0.94,0.489916,6.916719999999998,4.047217129103378
80,"([0.08, 0.12, 0.13, 0.05, 0.44, 0.18], [4])","([0.0, 0.0, 0.0, 0.0, 1.0, 0.0], [4])",-0.0,-0.0,-0.0,-0.0,-0.0,-0.0,0.0,0.489916,6.426803999999998,4.047217129103378
81,"([0.08, 0.12, 0.13, 0.05, 0.44, 0.18], [0])","([0.0, 0.0, 0.0, 0.0, 1.0, 0.0], [4])",-0.772,-0.0,-0.0,-0.0,-0.0,-0.0,-0.772,0.489916,6.708887999999998,4.047217129103378
82,"([0.08, 0.12, 0.13, 0.05, 0.44, 0.18], [4])","([0.0, 0.0, 0.0, 0.0, 1.0, 0.0], [4])",-0.0,-0.0,-0.0,-0.0,-0.0,-0.0,0.0,0.489916,6.218971999999998,4.047217129103378
83,"([0.08, 0.12, 0.13, 0.05, 0.44, 0.18], [4])","([0.0, 0.0, 0.0, 0.0, 1.0, 0.0], [4])",-0.0,-0.0,-0.0,-0.0,-0.0,-0.0,0.0,0.489916,5.729055999999998,4.047217129103378
84,"([0.08, 0.12, 0.13, 0.05, 0.44, 0.18], [5])","([0.0, 0.0, 0.0, 0.0, 1.0, 0.0], [4])",-0.0,-0.0,-0.0,-0.0,-0.0,-0.858,-0.858,0.489916,6.097139999999998,4.047217129103378
85,"([0.08, 0.12, 0.13, 0.05, 0.44, 0.18], [3])","([0.0, 0.0, 0.0, 0.0, 1.0, 0.0], [4])",-0.0,-0.0,-0.0,-0.758,-0.0,-0.0,-0.758,0.489916,6.365223999999998,4.047217129103378
86,"([0.08, 0.12, 0.13, 0.05, 0.44, 0.18], [2])","([0.0, 0.0, 0.0, 0.0, 1.0, 0.0], [4])",-0.0,-0.0,-0.94,-0.0,-0.0,-0.0,-0.94,0.489916,6.815307999999998,4.047217129103378
87,"([0.08, 0.12, 0.13, 0.05, 0.44, 0.18], [3])","([0.0, 0.0, 0.0, 0.0, 1.0, 0.0], [4])",-0.0,-0.0,-0.0,-0.758,-0.0,-0.0,-0.758,0.489916,7.083391999999998,4.047217129103378
88,"([0.08, 0.12, 0.13, 0.05, 0.44, 0.18], [1])","([0.0, 0.0, 0.0, 0.0, 1.0, 0.0], [4])",-0.0,-0.914,-0.0,-0.0,-0.0,-0.0,-0.914,0.489916,7.507475999999998,4.047217129103378
89,"([0.08, 0.12, 0.13, 0.05, 0.44, 0.18], [1])","([0.0, 0.0, 0.0, 0.0, 1.0, 0.0], [4])",-0.0,-0.914,-0.0,-0.0,-0.0,-0.0,-0.914,0.489916,7.9315599999999975,4.047217129103378
90,"([0.08, 0.12, 0.13, 0.05, 0.44, 0.18], [2])","([0.0, 0.0, 0.0, 0.0, 1.0, 0.0], [4])",-0.0,-0.0,-0.94,-0.0,-0.0,-0.0,-0.94,0.489916,8.381643999999998,4.047217129103378
91,"([0.08, 0.12, 0.13, 0.05, 0.44, 0.18], [2])","([0.0, 0.0, 0.0, 0.0, 1.0, 0.0], [4])",-0.0,-0.0,-0.94,-0.0,-0.0,-0.0,-0.94,0.489916,8.831727999999998,4.047217129103378
92,"([0.08, 0.12, 0.13, 0.05, 0.44, 0.18], [4])","([0.0, 0.0, 0.0, 0.0, 1.0, 0.0], [4])",-0.0,-0.0,-0.0,-0.0,-0.0,-0.0,0.0,0.489916,8.341811999999997,4.047217129103378
93,"([0.08, 0.12, 0.13, 0.05, 0.44, 0.18], [4])","([0.0, 0.0, 0.0, 0.0, 1.0, 0.0], [4])",-0.0,-0.0,-0.0,-0.0,-0.0,-0.0,0.0,0.489916,7.851895999999997,4.047217129103378
94,"([0.08, 0.12, 0.13, 0.05, 0.44, 0.18], [4])","([0.0, 0.0, 0.0, 0.0, 1.0, 0.0], [4])",-0.0,-0.0,-0.0,-0.0,-0.0,-0.0,0.0,0.489916,7.361979999999997,4.047217129103378
95,"([0.08, 0.12, 0.13, 0.05, 0.44, 0.18], [4])","([0.0, 0.0, 0.0, 0.0, 1.0, 0.0], [4])",-0.0,-0.0,-0.0,-0.0,-0.0,-0.0,0.0,0.489916,6.872063999999997,4.047217129103378
96,"([0.08, 0.12, 0.13, 0.05, 0.44, 0.18], [4])","([0.0, 0.0, 0.0, 0.0, 1.0, 0.0], [4])",-0.0,-0.0,-0.0,-0.0,-0.0,-0.0,0.0,0.489916,6.382147999999997,4.047217129103378
97,"([0.08, 0.12, 0.13, 0.05, 0.44, 0.18], [1])","([0.0, 0.0, 0.0, 0.0, 1.0, 0.0], [4])",-0.0,-0.914,-0.0,-0.0,-0.0,-0.0,-0.914,0.489916,6.806231999999997,4.047217129103378
98,"([0.08, 0.12, 0.13, 0.05, 0.44, 0.18], [1])","([0.0, 0.0, 0.0, 0.0, 1.0, 0.0], [4])",-0.0,-0.914,-0.0,-0.0,-0.0,-0.0,-0.914,0.489916,7.230315999999997,4.047217129103378
99,"([0.08, 0.12, 0.13, 0.05, 0.44, 0.18], [3])","([0.0, 0.0, 0.0, 0.0, 1.0, 0.0], [4])",-0.0,-0.0,-0.0,-0.758,-0.0,-0.0,-0.758,0.489916,7.498399999999997,4.047217129103378
100,"([0.08, 0.12, 0.13, 0.05, 0.44, 0.18], [1])","([0.0, 0.0, 0.0, 0.0, 1.0, 0.0], [4])",-0.0,-0.914,-0.0,-0.0,-0.0,-0.0,-0.914,0.489916,7.922483999999996,4.047217129103378
101,"([0.08, 0.12, 0.13, 0.05, 0.44, 0.18], [4])","([0.0, 0.0, 0.0, 0.0, 1.0, 0.0], [4])",-0.0,-0.0,-0.0,-0.0,-0.0,-0.0,0.0,0.489916,7.432567999999996,4.047217129103378
102,"([0.08, 0.12, 0.13, 0.05, 0.44, 0.18], [5])","([0.0, 0.0, 0.0, 0.0, 1.0, 0.0], [4])",-0.0,-0.0,-0.0,-0.0,-0.0,-0.858,-0.858,0.489916,7.800651999999996,4.047217129103378
103,"([0.08, 0.12, 0.13, 0.05, 0.44, 0.18], [4])","([0.0, 0.0, 0.0, 0.0, 1.0, 0.0], [4])",-0.0,-0.0,-0.0,-0.0,-0.0,-0.0,0.0,0.489916,7.310735999999996,4.047217129103378
104,"([0.08, 0.12, 0.13, 0.05, 0.44, 0.18], [2])","([0.0, 0.0, 0.0, 0.0, 1.0, 0.0], [4])",-0.0,-0.0,-0.94,-0.0,-0.0,-0.0,-0.94,0.489916,7.760819999999995,4.047217129103378
105,"([0.08, 0.12, 0.13, 0.05, 0.44, 0.18], [5])","([0.0, 0.0, 0.0, 0.0, 1.0, 0.0], [4])",-0.0,-0.0,-0.0,-0.0,-0.0,-0.858,-0.858,0.489916,8.128903999999995,4.047217129103378
106,"([0.08, 0.12, 0.13, 0.05, 0.44, 0.18], [4])","([0.0, 0.0, 0.0, 0.0, 1.0, 0.0], [4])",-0.0,-0.0,-0.0,-0.0,-0.0,-0.0,0.0,0.489916,7.638987999999995,4.047217129103378
107,"([0.08, 0.12, 0.13, 0.05, 0.44, 0.18], [5])","([0.0, 0.0, 0.0, 0.0, 1.0, 0.0], [4])",-0.0,-0.0,-0.0,-0.0,-0.0,-0.858,-0.858,0.489916,8.007071999999996,4.047217129103378
108,"([0.08, 0.12, 0.13, 0.05, 0.44, 0.18], [2])","([0.0, 0.0, 0.0, 0.0, 1.0, 0.0], [4])",-0.0,-0.0,-0.94,-0.0,-0.0,-0.0,-0.94,0.489916,8.457155999999996,4.047217129103378
109,"([0.08, 0.12, 0.13, 0.05, 0.44, 0.18], [4])","([0.0, 0.0, 0.0, 0.0, 1.0, 0.0], [4])",-0.0,-0.0,-0.0,-0.0,-0.0,-0.0,0.0,0.489916,7.967239999999996,4.047217129103378
110,"([0.08, 0.12, 0.13, 0.05, 0.44, 0.18], [5])","([0.0, 0.0, 0.0, 0.0, 1.0, 0.0], [4])",-0.0,-0.0,-0.0,-0.0,-0.0,-0.858,-0.858,0.489916,8.335323999999996,4.047217129103378
111,"([0.08, 0.12, 0.13, 0.05, 0.44, 0.18], [0])","([0.0, 0.0, 0.0, 0.0, 1.0, 0.0], [4])",-0.772,-0.0,-0.0,-0.0,-0.0,-0.0,-0.772,0.489916,8.617407999999996,4.047217129103378
112,"([0.08, 0.12, 0.13, 0.05, 0.44, 0.18], [4])","([0.0, 0.0, 0.0, 0.0, 1.0, 0.0], [4])",-0.0,-0.0,-0.0,-0.0,-0.0,-0.0,0.0,0.489916,8.127491999999997,4.047217129103378
113,"([0.08, 0.12, 0.13, 0.05, 0.44, 0.18], [4])","([0.0, 0.0, 0.0, 0.0, 1.0, 0.0], [4])",-0.0,-0.0,-0.0,-0.0,-0.0,-0.0,0.0,0.489916,7.637575999999997,4.047217129103378
114,"([0.08, 0.12, 0.13, 0.05, 0.44, 0.18], [4])","([0.0, 0.0, 0.0, 0.0, 1.0, 0.0], [4])",-0.0,-0.0,-0.0,-0.0,-0.0,-0.0,0.0,0.489916,7.147659999999997,4.047217129103378
115,"([0.08, 0.12, 0.13, 0.05, 0.44, 0.18], [4])","([0.0, 0.0, 0.0, 0.0, 1.0, 0.0], [4])",-0.0,-0.0,-0.0,-0.0,-0.0,-0.0,0.0,0.489916,6.6577439999999966,4.047217129103378
116,"([0.08, 0.12, 0.13, 0.05, 0.44, 0.18], [4])","([0.0, 0.0, 0.0, 0.0, 1.0, 0.0], [4])",-0.0,-0.0,-0.0,-0.0,-0.0,-0.0,0.0,0.489916,6.1678279999999965,4.047217129103378
117,"([0.08, 0.12, 0.13, 0.05, 0.44, 0.18], [1])","([0.0, 0.0, 0.0, 0.0, 1.0, 0.0], [4])",-0.0,-0.914,-0.0,-0.0,-0.0,-0.0,-0.914,0.489916,6.591911999999996,4.047217129103378
118,"([0.08, 0.12, 0.13, 0.05, 0.44, 0.18], [5])","([0.0, 0.0, 0.0, 0.0, 1.0, 0.0], [4])",-0.0,-0.0,-0.0,-0.0,-0.0,-0.858,-0.858,0.489916,6.959995999999996,4.047217129103378
119,"([0.08, 0.12, 0.13, 0.05, 0.44, 0.18], [5])","([0.0, 0.0, 0.0, 0.0, 1.0, 0.0], [4])",-0.0,-0.0,-0.0,-0.0,-0.0,-0.858,-0.858,0.489916,7.3280799999999955,4.047217129103378
120,"([0.08, 0.12, 0.13, 0.05, 0.44, 0.18], [4])","([0.0, 0.0, 0.0, 0.0, 1.0, 0.0], [4])",-0.0,-0.0,-0.0,-0.0,-0.0,-0.0,0.0,0.489916,6.8381639999999955,4.047217129103378
121,"([0.08, 0.12, 0.13, 0.05, 0.44, 0.18], [2])","([0.0, 0.0, 0.0, 0.0, 1.0, 0.0], [4])",-0.0,-0.0,-0.94,-0.0,-0.0,-0.0,-0.94,0.489916,7.288247999999996,4.047217129103378
122,"([0.08, 0.12, 0.13, 0.05, 0.44, 0.18], [2])","([0.0, 0.0, 0.0, 0.0, 1.0, 0.0], [4])",-0.0,-0.0,-0.94,-0.0,-0.0,-0.0,-0.94,0.489916,7.738331999999996,4.047217129103378
123,"([0.08, 0.12, 0.13, 0.05, 0.44, 0.18], [4])","([0.0, 0.0, 0.0, 0.0, 1.0, 0.0], [4])",-0.0,-0.0,-0.0,-0.0,-0.0,-0.0,0.0,0.489916,7.248415999999996,4.047217129103378
124,"([0.08, 0.12, 0.13, 0.05, 0.44, 0.18], [4])","([0.0, 0.0, 0.0, 0.0, 1.0, 0.0], [4])",-0.0,-0.0,-0.0,-0.0,-0.0,-0.0,0.0,0.489916,6.758499999999996,4.047217129103378
125,"([0.08, 0.12, 0.13, 0.05, 0.44, 0.18], [4])","([0.0, 0.0, 0.0, 0.0, 1.0, 0.0], [4])",-0.0,-0.0,-0.0,-0.0,-0.0,-0.0,0.0,0.489916,6.268583999999996,4.047217129103378
126,"([0.08, 0.12, 0.13, 0.05, 0.44, 0.18], [2])","([0.0, 0.0, 0.0, 0.0, 1.0, 0.0], [4])",-0.0,-0.0,-0.94,-0.0,-0.0,-0.0,-0.94,0.489916,6.718667999999996,4.047217129103378
127,"([0.08, 0.12, 0.13, 0.05, 0.44, 0.18], [4])","([0.0, 0.0, 0.0, 0.0, 1.0, 0.0], [4])",-0.0,-0.0,-0.0,-0.0,-0.0,-0.0,0.0,0.489916,6.228751999999996,4.047217129103378
128,"([0.08, 0.12, 0.13, 0.05, 0.44, 0.18], [2])","([0.0, 0.0, 0.0, 0.0, 1.0, 0.0], [4])",-0.0,-0.0,-0.94,-0.0,-0.0,-0.0,-0.94,0.489916,6.678835999999995,4.047217129103378
129,"([0.08, 0.12, 0.13, 0.05, 0.44, 0.18], [3])","([0.0, 0.0, 0.0, 0.0, 1.0, 0.0], [4])",-0.0,-0.0,-0.0,-0.758,-0.0,-0.0,-0.758,0.489916,6.946919999999995,4.047217129103378
130,"([0.08, 0.12, 0.13, 0.05, 0.44, 0.18], [4])","([0.0, 0.0, 0.0, 0.0, 1.0, 0.0], [4])",-0.0,-0.0,-0.0,-0.0,-0.0,-0.0,0.0,0.489916,6.457003999999995,4.047217129103378
131,"([0.08, 0.12, 0.13, 0.05, 0.44, 0.18], [4])","([0.0, 0.0, 0.0, 0.0, 1.0, 0.0], [4])",-0.0,-0.0,-0.0,-0.0,-0.0,-0.0,0.0,0.489916,5.967087999999995,4.047217129103378
132,"([0.08, 0.12, 0.13, 0.05, 0.44, 0.18], [4])","([0.0, 0.0, 0.0, 0.0, 1.0, 0.0], [4])",-0.0,-0.0,-0.0,-0.0,-0.0,-0.0,0.0,0.489916,5.477171999999995,4.047217129103378
133,"([0.08, 0.12, 0.13, 0.05, 0.44, 0.18], [1])","([0.0, 0.0, 0.0, 0.0, 1.0, 0.0], [4])",-0.0,-0.914,-0.0,-0.0,-0.0,-0.0,-0.914,0.489916,5.901255999999995,4.047217129103378
134,"([0.08, 0.12, 0.13, 0.05, 0.44, 0.18], [5])","([0.0, 0.0, 0.0, 0.0, 1.0, 0.0], [4])",-0.0,-0.0,-0.0,-0.0,-0.0,-0.858,-0.858,0.489916,6.269339999999994,4.047217129103378
135,"([0.08, 0.12, 0.13, 0.05, 0.44, 0.18], [4])","([0.0, 0.0, 0.0, 0.0, 1.0, 0.0], [4])",-0.0,-0.0,-0.0,-0.0,-0.0,-0.0,0.0,0.489916,5.779423999999994,4.047217129103378
136,"([0.08, 0.12, 0.13, 0.05, 0.44, 0.18], [4])","([0.0, 0.0, 0.0, 0.0, 1.0, 0.0], [4])",-0.0,-0.0,-0.0,-0.0,-0.0,-0.0,0.0,0.489916,5.289507999999994,4.047217129103378
137,"([0.08, 0.12, 0.13, 0.05, 0.44, 0.18], [1])","([0.0, 0.0, 0.0, 0.0, 1.0, 0.0], [4])",-0.0,-0.914,-0.0,-0.0,-0.0,-0.0,-0.914,0.489916,5.713591999999994,4.047217129103378
138,"([0.08, 0.12, 0.13, 0.05, 0.44, 0.18], [4])","([0.0, 0.0, 0.0, 0.0, 1.0, 0.0], [4])",-0.0,-0.0,-0.0,-0.0,-0.0,-0.0,0.0,0.489916,5.223675999999994,4.047217129103378
139,"([0.08, 0.12, 0.13, 0.05, 0.44, 0.18], [4])","([0.0, 0.0, 0.0, 0.0, 1.0, 0.0], [4])",-0.0,-0.0,-0.0,-0.0,-0.0,-0.0,0.0,0.489916,4.733759999999994,4.047217129103378
140,"([0.08, 0.12, 0.13, 0.05, 0.44, 0.18], [4])","([0.0, 0.0, 0.0, 0.0, 1.0, 0.0], [4])",-0.0,-0.0,-0.0,-0.0,-0.0,-0.0,0.0,0.489916,4.243843999999994,4.047217129103378
141,"([0.08, 0.12, 0.13, 0.05, 0.44, 0.18], [1])","([0.0, 0.0, 0.0, 0.0, 1.0, 0.0], [4])",-0.0,-0.914,-0.0,-0.0,-0.0,-0.0,-0.914,0.489916,4.667927999999994,4.047217129103378
142,"([0.08, 0.12, 0.13, 0.05, 0.44, 0.18], [4])","([0.0, 0.0, 0.0, 0.0, 1.0, 0.0], [4])",-0.0,-0.0,-0.0,-0.0,-0.0,-0.0,0.0,0.489916,4.178011999999994,4.047217129103378
143,"([0.08, 0.12, 0.13, 0.05, 0.44, 0.18], [2])","([0.0, 0.0, 0.0, 0.0, 1.0, 0.0], [4])",-0.0,-0.0,-0.94,-0.0,-0.0,-0.0,-0.94,0.489916,4.628095999999994,4.047217129103378
144,"([0.08, 0.12, 0.13, 0.05, 0.44, 0.18], [4])","([0.0, 0.0, 0.0, 0.0, 1.0, 0.0], [4])",-0.0,-0.0,-0.0,-0.0,-0.0,-0.0,0.0,0.489916,4.138179999999994,4.047217129103378
145,"([0.08, 0.12, 0.13, 0.05, 0.44, 0.18], [5])","([0.0, 0.0, 0.0, 0.0, 1.0, 0.0], [4])",-0.0,-0.0,-0.0,-0.0,-0.0,-0.858,-0.858,0.489916,4.506263999999994,4.047217129103378
146,"([0.08, 0.12, 0.13, 0.05, 0.44, 0.18], [4])","([0.0, 0.0, 0.0, 0.0, 1.0, 0.0], [4])",-0.0,-0.0,-0.0,-0.0,-0.0,-0.0,0.0,0.489916,4.016347999999994,4.047217129103378
147,"([0.08, 0.12, 0.13, 0.05, 0.44, 0.18], [4])","([0.0, 0.0, 0.0, 0.0, 1.0, 0.0], [4])",-0.0,-0.0,-0.0,-0.0,-0.0,-0.0,0.0,0.489916,3.5264319999999936,4.047217129103378
148,"([0.08, 0.12, 0.13, 0.05, 0.44, 0.18], [2])","([0.0, 0.0, 0.0, 0.0, 1.0, 0.0], [4])",-0.0,-0.0,-0.94,-0.0,-0.0,-0.0,-0.94,0.489916,3.9765159999999935,4.047217129103378
149,"([0.08, 0.12, 0.13, 0.05, 0.44, 0.18], [5])","([0.0, 0.0, 0.0, 0.0, 1.0, 0.0], [4])",-0.0,-0.0,-0.0,-0.0,-0.0,-0.858,-0.858,0.489916,4.344599999999994,4.047217129103378
150,"([0.08, 0.12, 0.13, 0.05, 0.44, 0.18], [3])","([0.0, 0.0, 0.0, 0.0, 1.0, 0.0], [4])",-0.0,-0.0,-0.0,-0.758,-0.0,-0.0,-0.758,0.489916,4.612683999999994,4.047217129103378
151,"([0.08, 0.12, 0.13, 0.05, 0.44, 0.18], [3])","([0.0, 0.0, 0.0, 0.0, 1.0, 0.0], [4])",-0.0,-0.0,-0.0,-0.758,-0.0,-0.0,-0.758,0.489916,4.880767999999994,4.047217129103378
152,"([0.08, 0.12, 0.13, 0.05, 0.44, 0.18], [5])","([0.0, 0.0, 0.0, 0.0, 1.0, 0.0], [4])",-0.0,-0.0,-0.0,-0.0,-0.0,-0.858,-0.858,0.489916,5.248851999999993,4.047217129103378
153,"([0.08, 0.12, 0.13, 0.05, 0.44, 0.18], [4])","([0.0, 0.0, 0.0, 0.0, 1.0, 0.0], [4])",-0.0,-0.0,-0.0,-0.0,-0.0,-0.0,0.0,0.489916,4.758935999999993,4.047217129103378
154,"([0.08, 0.12, 0.13, 0.05, 0.44, 0.18], [0])","([0.0, 0.0, 0.0, 0.0, 1.0, 0.0], [4])",-0.772,-0.0,-0.0,-0.0,-0.0,-0.0,-0.772,0.489916,5.041019999999993,4.047217129103378
155,"([0.08, 0.12, 0.13, 0.05, 0.44, 0.18], [4])","([0.0, 0.0, 0.0, 0.0, 1.0, 0.0], [4])",-0.0,-0.0,-0.0,-0.0,-0.0,-0.0,0.0,0.489916,4.551103999999993,4.047217129103378
156,"([0.08, 0.12, 0.13, 0.05, 0.44, 0.18], [4])","([0.0, 0.0, 0.0, 0.0, 1.0, 0.0], [4])",-0.0,-0.0,-0.0,-0.0,-0.0,-0.0,0.0,0.489916,4.061187999999993,4.047217129103378
157,"([0.08, 0.12, 0.13, 0.05, 0.44, 0.18], [5])","([0.0, 0.0, 0.0, 0.0, 1.0, 0.0], [4])",-0.0,-0.0,-0.0,-0.0,-0.0,-0.858,-0.858,0.489916,4.429271999999993,4.047217129103378
158,"([0.08, 0.12, 0.13, 0.05, 0.44, 0.18], [5])","([0.0, 0.0, 0.0, 0.0, 1.0, 0.0], [4])",-0.0,-0.0,-0.0,-0.0,-0.0,-0.858,-0.858,0.489916,4.797355999999993,4.047217129103378
159,"([0.08, 0.12, 0.13, 0.05, 0.44, 0.18], [3])","([0.0, 0.0, 0.0, 0.0, 1.0, 0.0], [4])",-0.0,-0.0,-0.0,-0.758,-0.0,-0.0,-0.758,0.489916,5.065439999999993,4.047217129103378
160,"([0.08, 0.12, 0.13, 0.05, 0.44, 0.18], [4])","([0.0, 0.0, 0.0, 0.0, 1.0, 0.0], [4])",-0.0,-0.0,-0.0,-0.0,-0.0,-0.0,0.0,0.489916,4.575523999999993,4.047217129103378
161,"([0.08, 0.12, 0.13, 0.05, 0.44, 0.18], [1])","([0.0, 0.0, 0.0, 0.0, 1.0, 0.0], [4])",-0.0,-0.914,-0.0,-0.0,-0.0,-0.0,-0.914,0.489916,4.999607999999992,4.047217129103378
162,"([0.08, 0.12, 0.13, 0.05, 0.44, 0.18], [5])","([0.0, 0.0, 0.0, 0.0, 1.0, 0.0], [4])",-0.0,-0.0,-0.0,-0.0,-0.0,-0.858,-0.858,0.489916,5.367691999999992,4.047217129103378
163,"([0.08, 0.12, 0.13, 0.05, 0.44, 0.18], [4])","([0.0, 0.0, 0.0, 0.0, 1.0, 0.0], [4])",-0.0,-0.0,-0.0,-0.0,-0.0,-0.0,0.0,0.489916,4.877775999999992,4.047217129103378
164,"([0.08, 0.12, 0.13, 0.05, 0.44, 0.18], [0])","([0.0, 0.0, 0.0, 0.0, 1.0, 0.0], [4])",-0.772,-0.0,-0.0,-0.0,-0.0,-0.0,-0.772,0.489916,5.159859999999992,4.047217129103378
165,"([0.08, 0.12, 0.13, 0.05, 0.44, 0.18], [4])","([0.0, 0.0, 0.0, 0.0, 1.0, 0.0], [4])",-0.0,-0.0,-0.0,-0.0,-0.0,-0.0,0.0,0.489916,4.669943999999992,4.047217129103378
166,"([0.08, 0.12, 0.13, 0.05, 0.44, 0.18], [2])","([0.0, 0.0, 0.0, 0.0, 1.0, 0.0], [4])",-0.0,-0.0,-0.94,-0.0,-0.0,-0.0,-0.94,0.489916,5.1200279999999925,4.047217129103378
167,"([0.08, 0.12, 0.13, 0.05, 0.44, 0.18], [2])","([0.0, 0.0, 0.0, 0.0, 1.0, 0.0], [4])",-0.0,-0.0,-0.94,-0.0,-0.0,-0.0,-0.94,0.489916,5.570111999999993,4.047217129103378
168,"([0.08, 0.12, 0.13, 0.05, 0.44, 0.18], [4])","([0.0, 0.0, 0.0, 0.0, 1.0, 0.0], [4])",-0.0,-0.0,-0.0,-0.0,-0.0,-0.0,0.0,0.489916,5.080195999999993,4.047217129103378
169,"([0.08, 0.12, 0.13, 0.05, 0.44, 0.18], [4])","([0.0, 0.0, 0.0, 0.0, 1.0, 0.0], [4])",-0.0,-0.0,-0.0,-0.0,-0.0,-0.0,0.0,0.489916,4.590279999999993,4.047217129103378
170,"([0.08, 0.12, 0.13, 0.05, 0.44, 0.18], [1])","([0.0, 0.0, 0.0, 0.0, 1.0, 0.0], [4])",-0.0,-0.914,-0.0,-0.0,-0.0,-0.0,-0.914,0.489916,5.0143639999999925,4.047217129103378
171,"([0.08, 0.12, 0.13, 0.05, 0.44, 0.18], [2])","([0.0, 0.0, 0.0, 0.0, 1.0, 0.0], [4])",-0.0,-0.0,-0.94,-0.0,-0.0,-0.0,-0.94,0.489916,5.464447999999992,4.047217129103378
172,"([0.08, 0.12, 0.13, 0.05, 0.44, 0.18], [4])","([0.0, 0.0, 0.0, 0.0, 1.0, 0.0], [4])",-0.0,-0.0,-0.0,-0.0,-0.0,-0.0,0.0,0.489916,4.974531999999992,4.047217129103378
173,"([0.08, 0.12, 0.13, 0.05, 0.44, 0.18], [4])","([0.0, 0.0, 0.0, 0.0, 1.0, 0.0], [4])",-0.0,-0.0,-0.0,-0.0,-0.0,-0.0,0.0,0.489916,4.484615999999992,4.047217129103378
174,"([0.08, 0.12, 0.13, 0.05, 0.44, 0.18], [4])","([0.0, 0.0, 0.0, 0.0, 1.0, 0.0], [4])",-0.0,-0.0,-0.0,-0.0,-0.0,-0.0,0.0,0.489916,3.994699999999992,4.047217129103378
175,"([0.08, 0.12, 0.13, 0.05, 0.44, 0.18], [4])","([0.0, 0.0, 0.0, 0.0, 1.0, 0.0], [4])",-0.0,-0.0,-0.0,-0.0,-0.0,-0.0,0.0,0.489916,3.504783999999992,4.047217129103378
176,"([0.08, 0.12, 0.13, 0.05, 0.44, 0.18], [2])","([0.0, 0.0, 0.0, 0.0, 1.0, 0.0], [4])",-0.0,-0.0,-0.94,-0.0,-0.0,-0.0,-0.94,0.489916,3.954867999999992,4.047217129103378
177,"([0.08, 0.12, 0.13, 0.05, 0.44, 0.18], [2])","([0.0, 0.0, 0.0, 0.0, 1.0, 0.0], [4])",-0.0,-0.0,-0.94,-0.0,-0.0,-0.0,-0.94,0.489916,4.404951999999992,4.047217129103378
178,"([0.08, 0.12, 0.13, 0.05, 0.44, 0.18], [4])","([0.0, 0.0, 0.0, 0.0, 1.0, 0.0], [4])",-0.0,-0.0,-0.0,-0.0,-0.0,-0.0,0.0,0.489916,3.9150359999999917,4.047217129103378
179,"([0.08, 0.12, 0.13, 0.05, 0.44, 0.18], [4])","([0.0, 0.0, 0.0, 0.0, 1.0, 0.0], [4])",-0.0,-0.0,-0.0,-0.0,-0.0,-0.0,0.0,0.489916,3.4251199999999917,4.047217129103378
180,"([0.08, 0.12, 0.13, 0.05, 0.44, 0.18], [3])","([0.0, 0.0, 0.0, 0.0, 1.0, 0.0], [4])",-0.0,-0.0,-0.0,-0.758,-0.0,-0.0,-0.758,0.489916,3.6932039999999917,4.047217129103378
181,"([0.08, 0.12, 0.13, 0.05, 0.44, 0.18], [3])","([0.0, 0.0, 0.0, 0.0, 1.0, 0.0], [4])",-0.0,-0.0,-0.0,-0.758,-0.0,-0.0,-0.758,0.489916,3.9612879999999917,4.047217129103378
182,"([0.08, 0.12, 0.13, 0.05, 0.44, 0.18], [4])","([0.0, 0.0, 0.0, 0.0, 1.0, 0.0], [4])",-0.0,-0.0,-0.0,-0.0,-0.0,-0.0,0.0,0.489916,3.4713719999999917,4.047217129103378
183,"([0.08, 0.12, 0.13, 0.05, 0.44, 0.18], [2])","([0.0, 0.0, 0.0, 0.0, 1.0, 0.0], [4])",-0.0,-0.0,-0.94,-0.0,-0.0,-0.0,-0.94,0.489916,3.9214559999999916,4.047217129103378
184,"([0.08, 0.12, 0.13, 0.05, 0.44, 0.18], [3])","([0.0, 0.0, 0.0, 0.0, 1.0, 0.0], [4])",-0.0,-0.0,-0.0,-0.758,-0.0,-0.0,-0.758,0.489916,4.189539999999992,4.047217129103378
185,"([0.08, 0.12, 0.13, 0.05, 0.44, 0.18], [4])","([0.0, 0.0, 0.0, 0.0, 1.0, 0.0], [4])",-0.0,-0.0,-0.0,-0.0,-0.0,-0.0,0.0,0.489916,3.699623999999992,4.047217129103378
186,"([0.08, 0.12, 0.13, 0.05, 0.44, 0.18], [5])","([0.0, 0.0, 0.0, 0.0, 1.0, 0.0], [4])",-0.0,-0.0,-0.0,-0.0,-0.0,-0.858,-0.858,0.489916,4.067707999999992,4.047217129103378
187,"([0.08, 0.12, 0.13, 0.05, 0.44, 0.18], [5])","([0.0, 0.0, 0.0, 0.0, 1.0, 0.0], [4])",-0.0,-0.0,-0.0,-0.0,-0.0,-0.858,-0.858,0.489916,4.435791999999991,4.047217129103378
188,"([0.08, 0.12, 0.13, 0.05, 0.44, 0.18], [4])","([0.0, 0.0, 0.0, 0.0, 1.0, 0.0], [4])",-0.0,-0.0,-0.0,-0.0,-0.0,-0.0,0.0,0.489916,3.9458759999999913,4.047217129103378
189,"([0.08, 0.12, 0.13, 0.05, 0.44, 0.18], [3])","([0.0, 0.0, 0.0, 0.0, 1.0, 0.0], [4])",-0.0,-0.0,-0.0,-0.758,-0.0,-0.0,-0.758,0.489916,4.213959999999991,4.047217129103378
190,"([0.08, 0.12, 0.13, 0.05, 0.44, 0.18], [5])","([0.0, 0.0, 0.0, 0.0, 1.0, 0.0], [4])",-0.0,-0.0,-0.0,-0.0,-0.0,-0.858,-0.858,0.489916,4.582043999999991,4.047217129103378
191,"([0.08, 0.12, 0.13, 0.05, 0.44, 0.18], [4])","([0.0, 0.0, 0.0, 0.0, 1.0, 0.0], [4])",-0.0,-0.0,-0.0,-0.0,-0.0,-0.0,0.0,0.489916,4.092127999999991,4.047217129103378
192,"([0.08, 0.12, 0.13, 0.05, 0.44, 0.18], [4])","([0.0, 0.0, 0.0, 0.0, 1.0, 0.0], [4])",-0.0,-0.0,-0.0,-0.0,-0.0,-0.0,0.0,0.489916,3.602211999999991,4.047217129103378
193,"([0.08, 0.12, 0.13, 0.05, 0.44, 0.18], [2])","([0.0, 0.0, 0.0, 0.0, 1.0, 0.0], [4])",-0.0,-0.0,-0.94,-0.0,-0.0,-0.0,-0.94,0.489916,4.052295999999991,4.047217129103378
194,"([0.08, 0.12, 0.13, 0.05, 0.44, 0.18], [3])","([0.0, 0.0, 0.0, 0.0, 1.0, 0.0], [4])",-0.0,-0.0,-0.0,-0.758,-0.0,-0.0,-0.758,0.489916,4.320379999999991,4.047217129103378
195,"([0.08, 0.12, 0.13, 0.05, 0.44, 0.18], [5])","([0.0, 0.0, 0.0, 0.0, 1.0, 0.0], [4])",-0.0,-0.0,-0.0,-0.0,-0.0,-0.858,-0.858,0.489916,4.688463999999991,4.047217129103378
196,"([0.08, 0.12, 0.13, 0.05, 0.44, 0.18], [1])","([0.0, 0.0, 0.0, 0.0, 1.0, 0.0], [4])",-0.0,-0.914,-0.0,-0.0,-0.0,-0.0,-0.914,0.489916,5.1125479999999905,4.047217129103378
197,"([0.08, 0.12, 0.13, 0.05, 0.44, 0.18], [2])","([0.0, 0.0, 0.0, 0.0, 1.0, 0.0], [4])",-0.0,-0.0,-0.94,-0.0,-0.0,-0.0,-0.94,0.489916,5.56263199999999,4.047217129103378
198,"([0.08, 0.12, 0.13, 0.05, 0.44, 0.18], [0])","([0.0, 0.0, 0.0, 0.0, 1.0, 0.0], [4])",-0.772,-0.0,-0.0,-0.0,-0.0,-0.0,-0.772,0.489916,5.84471599999999,4.047217129103378
199,"([0.08, 0.12, 0.13, 0.05, 0.44, 0.18], [5])","([0.0, 0.0, 0.0, 0.0, 1.0, 0.0], [4])",-0.0,-0.0,-0.0,-0.0,-0.0,-0.858,-0.858,0.489916,6.21279999999999,4.047217129103378
