,sto-1,FB-0,feedback target 0,feedback target 1,feedback target 2,feedback target 3,feedback target 4,feedback target 5,total,exp_loss,actual_regret,exp_regret
0,"([0.08, 0.12, 0.13, 0.05, 0.44, 0.18], [4])","([0.13, 0.22, 0.23, 0.12, 0.1, 0.19], [2])",-0.0,-0.0,-0.0,-0.0,-0.728,-0.0,-0.728,0.6799433951892732,0.23808399999999996,0.19002739518927314
1,"([0.08, 0.12, 0.13, 0.05, 0.44, 0.18], [5])","([0.14, 0.21, 0.22, 0.13, 0.11, 0.19], [2])",-0.0,-0.0,-0.0,-0.0,-0.0,-0.858,-0.858,0.679124471872182,0.6061679999999999,0.37923586706145507
2,"([0.08, 0.12, 0.13, 0.05, 0.44, 0.18], [1])","([0.0, 0.0, 0.0, 0.0, 0.0, 1.0], [5])",-0.0,-0.914,-0.0,-0.0,-0.0,-0.0,-0.914,0.652026,1.030252,0.541345867061455
3,"([0.08, 0.12, 0.13, 0.05, 0.44, 0.18], [4])","([0.0, 0.0, 0.0, 0.0, 0.0, 1.0], [5])",-0.0,-0.0,-0.0,-0.0,-0.728,-0.0,-0.728,0.652026,1.268336,0.703455867061455
4,"([0.08, 0.12, 0.13, 0.05, 0.44, 0.18], [4])","([0.0, 0.0, 0.0, 0.0, 0.0, 1.0], [5])",-0.0,-0.0,-0.0,-0.0,-0.728,-0.0,-0.728,0.652026,1.5064199999999999,0.865565867061455
5,"([0.08, 0.12, 0.13, 0.05, 0.44, 0.18], [4])","([0.0, 0.0, 0.0, 0.0, 1.0, 0.0], [4])",-0.0,-0.0,-0.0,-0.0,-0.0,-0.0,0.0,0.489916,1.0165039999999999,0.865565867061455
6,"([0.08, 0.12, 0.13, 0.05, 0.44, 0.18], [4])","([0.0, 0.0, 0.0, 0.0, 1.0, 0.0], [4])",-0.0,-0.0,-0.0,-0.0,-0.0,-0.0,0.0,0.489916,0.5265879999999998,0.865565867061455
7,"([0.08, 0.12, 0.13, 0.05, 0.44, 0.18], [4])","([0.0, 0.0, 0.0, 0.0, 1.0, 0.0], [4])",-0.0,-0.0,-0.0,-0.0,-0.0,-0.0,0.0,0.489916,0.036671999999999816,0.865565867061455
8,"([0.08, 0.12, 0.13, 0.05, 0.44, 0.18], [3])","([0.0, 0.0, 0.0, 0.0, 1.0, 0.0], [4])",-0.0,-0.0,-0.0,-0.758,-0.0,-0.0,-0.758,0.489916,0.3047559999999998,0.865565867061455
9,"([0.08, 0.12, 0.13, 0.05, 0.44, 0.18], [1])","([0.0, 0.0, 0.0, 0.0, 1.0, 0.0], [4])",-0.0,-0.914,-0.0,-0.0,-0.0,-0.0,-0.914,0.489916,0.7288399999999998,0.865565867061455
10,"([0.08, 0.12, 0.13, 0.05, 0.44, 0.18], [4])","([0.0, 0.0, 0.0, 0.0, 1.0, 0.0], [4])",-0.0,-0.0,-0.0,-0.0,-0.0,-0.0,0.0,0.489916,0.2389239999999998,0.865565867061455
11,"([0.08, 0.12, 0.13, 0.05, 0.44, 0.18], [4])","([0.0, 0.0, 0.0, 0.0, 1.0, 0.0], [4])",-0.0,-0.0,-0.0,-0.0,-0.0,-0.0,0.0,0.489916,-0.2509920000000002,0.865565867061455
12,"([0.08, 0.12, 0.13, 0.05, 0.44, 0.18], [4])","([0.0, 0.0, 0.0, 0.0, 1.0, 0.0], [4])",-0.0,-0.0,-0.0,-0.0,-0.0,-0.0,0.0,0.489916,-0.7409080000000002,0.865565867061455
13,"([0.08, 0.12, 0.13, 0.05, 0.44, 0.18], [4])","([0.0, 0.0, 0.0, 0.0, 1.0, 0.0], [4])",-0.0,-0.0,-0.0,-0.0,-0.0,-0.0,0.0,0.489916,-1.2308240000000001,0.865565867061455
14,"([0.08, 0.12, 0.13, 0.05, 0.44, 0.18], [1])","([0.0, 0.0, 0.0, 0.0, 1.0, 0.0], [4])",-0.0,-0.914,-0.0,-0.0,-0.0,-0.0,-0.914,0.489916,-0.8067400000000001,0.865565867061455
15,"([0.08, 0.12, 0.13, 0.05, 0.44, 0.18], [1])","([0.0, 0.0, 0.0, 0.0, 1.0, 0.0], [4])",-0.0,-0.914,-0.0,-0.0,-0.0,-0.0,-0.914,0.489916,-0.3826560000000001,0.865565867061455
16,"([0.08, 0.12, 0.13, 0.05, 0.44, 0.18], [4])","([0.0, 0.0, 0.0, 0.0, 1.0, 0.0], [4])",-0.0,-0.0,-0.0,-0.0,-0.0,-0.0,0.0,0.489916,-0.8725720000000001,0.865565867061455
17,"([0.08, 0.12, 0.13, 0.05, 0.44, 0.18], [0])","([0.0, 0.0, 0.0, 0.0, 1.0, 0.0], [4])",-0.772,-0.0,-0.0,-0.0,-0.0,-0.0,-0.772,0.489916,-0.5904880000000001,0.865565867061455
18,"([0.08, 0.12, 0.13, 0.05, 0.44, 0.18], [2])","([0.0, 0.0, 0.0, 0.0, 1.0, 0.0], [4])",-0.0,-0.0,-0.94,-0.0,-0.0,-0.0,-0.94,0.489916,-0.1404040000000002,0.865565867061455
19,"([0.08, 0.12, 0.13, 0.05, 0.44, 0.18], [4])","([0.0, 0.0, 0.0, 0.0, 1.0, 0.0], [4])",-0.0,-0.0,-0.0,-0.0,-0.0,-0.0,0.0,0.489916,-0.6303200000000002,0.865565867061455
20,"([0.08, 0.12, 0.13, 0.05, 0.44, 0.18], [4])","([0.0, 0.0, 0.0, 0.0, 1.0, 0.0], [4])",-0.0,-0.0,-0.0,-0.0,-0.0,-0.0,0.0,0.489916,-1.1202360000000002,0.865565867061455
21,"([0.08, 0.12, 0.13, 0.05, 0.44, 0.18], [2])","([0.0, 0.0, 0.0, 0.0, 1.0, 0.0], [4])",-0.0,-0.0,-0.94,-0.0,-0.0,-0.0,-0.94,0.489916,-0.6701520000000003,0.865565867061455
22,"([0.08, 0.12, 0.13, 0.05, 0.44, 0.18], [4])","([0.0, 0.0, 0.0, 0.0, 1.0, 0.0], [4])",-0.0,-0.0,-0.0,-0.0,-0.0,-0.0,0.0,0.489916,-1.1600680000000003,0.865565867061455
23,"([0.08, 0.12, 0.13, 0.05, 0.44, 0.18], [5])","([0.0, 0.0, 0.0, 0.0, 1.0, 0.0], [4])",-0.0,-0.0,-0.0,-0.0,-0.0,-0.858,-0.858,0.489916,-0.7919840000000004,0.865565867061455
24,"([0.08, 0.12, 0.13, 0.05, 0.44, 0.18], [4])","([0.0, 0.0, 0.0, 0.0, 1.0, 0.0], [4])",-0.0,-0.0,-0.0,-0.0,-0.0,-0.0,0.0,0.489916,-1.2819000000000003,0.865565867061455
25,"([0.08, 0.12, 0.13, 0.05, 0.44, 0.18], [1])","([0.0, 0.0, 0.0, 0.0, 1.0, 0.0], [4])",-0.0,-0.914,-0.0,-0.0,-0.0,-0.0,-0.914,0.489916,-0.8578160000000002,0.865565867061455
26,"([0.08, 0.12, 0.13, 0.05, 0.44, 0.18], [2])","([0.0, 0.0, 0.0, 0.0, 1.0, 0.0], [4])",-0.0,-0.0,-0.94,-0.0,-0.0,-0.0,-0.94,0.489916,-0.4077320000000003,0.865565867061455
27,"([0.08, 0.12, 0.13, 0.05, 0.44, 0.18], [2])","([0.0, 0.0, 0.0, 0.0, 1.0, 0.0], [4])",-0.0,-0.0,-0.94,-0.0,-0.0,-0.0,-0.94,0.489916,0.04235199999999961,0.865565867061455
28,"([0.08, 0.12, 0.13, 0.05, 0.44, 0.18], [3])","([0.0, 0.0, 0.0, 0.0, 1.0, 0.0], [4])",-0.0,-0.0,-0.0,-0.758,-0.0,-0.0,-0.758,0.489916,0.3104359999999996,0.865565867061455
29,"([0.08, 0.12, 0.13, 0.05, 0.44, 0.18], [5])","([0.0, 0.0, 0.0, 0.0, 1.0, 0.0], [4])",-0.0,-0.0,-0.0,-0.0,-0.0,-0.858,-0.858,0.489916,0.6785199999999996,0.865565867061455
30,"([0.08, 0.12, 0.13, 0.05, 0.44, 0.18], [3])","([0.0, 0.0, 0.0, 0.0, 1.0, 0.0], [4])",-0.0,-0.0,-0.0,-0.758,-0.0,-0.0,-0.758,0.489916,0.9466039999999996,0.865565867061455
31,"([0.08, 0.12, 0.13, 0.05, 0.44, 0.18], [4])","([0.0, 0.0, 0.0, 0.0, 1.0, 0.0], [4])",-0.0,-0.0,-0.0,-0.0,-0.0,-0.0,0.0,0.489916,0.45668799999999954,0.865565867061455
32,"([0.08, 0.12, 0.13, 0.05, 0.44, 0.18], [5])","([0.0, 0.0, 0.0, 0.0, 1.0, 0.0], [4])",-0.0,-0.0,-0.0,-0.0,-0.0,-0.858,-0.858,0.489916,0.8247719999999995,0.865565867061455
33,"([0.08, 0.12, 0.13, 0.05, 0.44, 0.18], [2])","([0.0, 0.0, 0.0, 0.0, 1.0, 0.0], [4])",-0.0,-0.0,-0.94,-0.0,-0.0,-0.0,-0.94,0.489916,1.2748559999999993,0.865565867061455
34,"([0.08, 0.12, 0.13, 0.05, 0.44, 0.18], [4])","([0.0, 0.0, 0.0, 0.0, 1.0, 0.0], [4])",-0.0,-0.0,-0.0,-0.0,-0.0,-0.0,0.0,0.489916,0.7849399999999993,0.865565867061455
35,"([0.08, 0.12, 0.13, 0.05, 0.44, 0.18], [5])","([0.0, 0.0, 0.0, 0.0, 1.0, 0.0], [4])",-0.0,-0.0,-0.0,-0.0,-0.0,-0.858,-0.858,0.489916,1.1530239999999994,0.865565867061455
36,"([0.08, 0.12, 0.13, 0.05, 0.44, 0.18], [5])","([0.0, 0.0, 0.0, 0.0, 1.0, 0.0], [4])",-0.0,-0.0,-0.0,-0.0,-0.0,-0.858,-0.858,0.489916,1.5211079999999995,0.865565867061455
37,"([0.08, 0.12, 0.13, 0.05, 0.44, 0.18], [0])","([0.0, 0.0, 0.0, 0.0, 1.0, 0.0], [4])",-0.772,-0.0,-0.0,-0.0,-0.0,-0.0,-0.772,0.489916,1.8031919999999995,0.865565867061455
38,"([0.08, 0.12, 0.13, 0.05, 0.44, 0.18], [5])","([0.0, 0.0, 0.0, 0.0, 1.0, 0.0], [4])",-0.0,-0.0,-0.0,-0.0,-0.0,-0.858,-0.858,0.489916,2.1712759999999993,0.865565867061455
39,"([0.08, 0.12, 0.13, 0.05, 0.44, 0.18], [4])","([0.0, 0.0, 0.0, 0.0, 1.0, 0.0], [4])",-0.0,-0.0,-0.0,-0.0,-0.0,-0.0,0.0,0.489916,1.6813599999999993,0.865565867061455
40,"([0.08, 0.12, 0.13, 0.05, 0.44, 0.18], [0])","([0.0, 0.0, 0.0, 0.0, 1.0, 0.0], [4])",-0.772,-0.0,-0.0,-0.0,-0.0,-0.0,-0.772,0.489916,1.9634439999999993,0.865565867061455
41,"([0.08, 0.12, 0.13, 0.05, 0.44, 0.18], [4])","([0.0, 0.0, 0.0, 0.0, 1.0, 0.0], [4])",-0.0,-0.0,-0.0,-0.0,-0.0,-0.0,0.0,0.489916,1.4735279999999993,0.865565867061455
42,"([0.08, 0.12, 0.13, 0.05, 0.44, 0.18], [4])","([0.0, 0.0, 0.0, 0.0, 1.0, 0.0], [4])",-0.0,-0.0,-0.0,-0.0,-0.0,-0.0,0.0,0.489916,0.9836119999999993,0.865565867061455
43,"([0.08, 0.12, 0.13, 0.05, 0.44, 0.18], [4])","([0.0, 0.0, 0.0, 0.0, 1.0, 0.0], [4])",-0.0,-0.0,-0.0,-0.0,-0.0,-0.0,0.0,0.489916,0.49369599999999925,0.865565867061455
44,"([0.08, 0.12, 0.13, 0.05, 0.44, 0.18], [4])","([0.0, 0.0, 0.0, 0.0, 1.0, 0.0], [4])",-0.0,-0.0,-0.0,-0.0,-0.0,-0.0,0.0,0.489916,0.0037799999999992284,0.865565867061455
45,"([0.08, 0.12, 0.13, 0.05, 0.44, 0.18], [0])","([0.0, 0.0, 0.0, 0.0, 1.0, 0.0], [4])",-0.772,-0.0,-0.0,-0.0,-0.0,-0.0,-0.772,0.489916,0.28586399999999923,0.865565867061455
46,"([0.08, 0.12, 0.13, 0.05, 0.44, 0.18], [4])","([0.0, 0.0, 0.0, 0.0, 1.0, 0.0], [4])",-0.0,-0.0,-0.0,-0.0,-0.0,-0.0,0.0,0.489916,-0.2040520000000008,0.865565867061455
47,"([0.08, 0.12, 0.13, 0.05, 0.44, 0.18], [3])","([0.0, 0.0, 0.0, 0.0, 1.0, 0.0], [4])",-0.0,-0.0,-0.0,-0.758,-0.0,-0.0,-0.758,0.489916,0.0640319999999992,0.865565867061455
48,"([0.08, 0.12, 0.13, 0.05, 0.44, 0.18], [5])","([0.0, 0.0, 0.0, 0.0, 1.0, 0.0], [4])",-0.0,-0.0,-0.0,-0.0,-0.0,-0.858,-0.858,0.489916,0.43211599999999917,0.865565867061455
49,"([0.08, 0.12, 0.13, 0.05, 0.44, 0.18], [4])","([0.0, 0.0, 0.0, 0.0, 1.0, 0.0], [4])",-0.0,-0.0,-0.0,-0.0,-0.0,-0.0,0.0,0.489916,-0.05780000000000085,0.865565867061455
50,"([0.08, 0.12, 0.13, 0.05, 0.44, 0.18], [4])","([0.0, 0.0, 0.0, 0.0, 1.0, 0.0], [4])",-0.0,-0.0,-0.0,-0.0,-0.0,-0.0,0.0,0.489916,-0.5477160000000009,0.865565867061455
51,"([0.08, 0.12, 0.13, 0.05, 0.44, 0.18], [4])","([0.0, 0.0, 0.0, 0.0, 1.0, 0.0], [4])",-0.0,-0.0,-0.0,-0.0,-0.0,-0.0,0.0,0.489916,-1.0376320000000008,0.865565867061455
52,"([0.08, 0.12, 0.13, 0.05, 0.44, 0.18], [1])","([0.0, 0.0, 0.0, 0.0, 1.0, 0.0], [4])",-0.0,-0.914,-0.0,-0.0,-0.0,-0.0,-0.914,0.489916,-0.6135480000000008,0.865565867061455
53,"([0.08, 0.12, 0.13, 0.05, 0.44, 0.18], [5])","([0.0, 0.0, 0.0, 0.0, 1.0, 0.0], [4])",-0.0,-0.0,-0.0,-0.0,-0.0,-0.858,-0.858,0.489916,-0.2454640000000008,0.865565867061455
54,"([0.08, 0.12, 0.13, 0.05, 0.44, 0.18], [2])","([0.0, 0.0, 0.0, 0.0, 1.0, 0.0], [4])",-0.0,-0.0,-0.94,-0.0,-0.0,-0.0,-0.94,0.489916,0.20461999999999914,0.865565867061455
55,"([0.08, 0.12, 0.13, 0.05, 0.44, 0.18], [1])","([0.0, 0.0, 0.0, 0.0, 1.0, 0.0], [4])",-0.0,-0.914,-0.0,-0.0,-0.0,-0.0,-0.914,0.489916,0.6287039999999992,0.865565867061455
56,"([0.08, 0.12, 0.13, 0.05, 0.44, 0.18], [4])","([0.0, 0.0, 0.0, 0.0, 1.0, 0.0], [4])",-0.0,-0.0,-0.0,-0.0,-0.0,-0.0,0.0,0.489916,0.13878799999999913,0.865565867061455
57,"([0.08, 0.12, 0.13, 0.05, 0.44, 0.18], [1])","([0.0, 0.0, 0.0, 0.0, 1.0, 0.0], [4])",-0.0,-0.914,-0.0,-0.0,-0.0,-0.0,-0.914,0.489916,0.5628719999999992,0.865565867061455
58,"([0.08, 0.12, 0.13, 0.05, 0.44, 0.18], [5])","([0.0, 0.0, 0.0, 0.0, 1.0, 0.0], [4])",-0.0,-0.0,-0.0,-0.0,-0.0,-0.858,-0.858,0.489916,0.9309559999999991,0.865565867061455
59,"([0.08, 0.12, 0.13, 0.05, 0.44, 0.18], [5])","([0.0, 0.0, 0.0, 0.0, 1.0, 0.0], [4])",-0.0,-0.0,-0.0,-0.0,-0.0,-0.858,-0.858,0.489916,1.299039999999999,0.865565867061455
60,"([0.08, 0.12, 0.13, 0.05, 0.44, 0.18], [5])","([0.0, 0.0, 0.0, 0.0, 1.0, 0.0], [4])",-0.0,-0.0,-0.0,-0.0,-0.0,-0.858,-0.858,0.489916,1.667123999999999,0.865565867061455
61,"([0.08, 0.12, 0.13, 0.05, 0.44, 0.18], [1])","([0.0, 0.0, 0.0, 0.0, 1.0, 0.0], [4])",-0.0,-0.914,-0.0,-0.0,-0.0,-0.0,-0.914,0.489916,2.091207999999999,0.865565867061455
62,"([0.08, 0.12, 0.13, 0.05, 0.44, 0.18], [4])","([0.0, 0.0, 0.0, 0.0, 1.0, 0.0], [4])",-0.0,-0.0,-0.0,-0.0,-0.0,-0.0,0.0,0.489916,1.601291999999999,0.865565867061455
63,"([0.08, 0.12, 0.13, 0.05, 0.44, 0.18], [5])","([0.0, 0.0, 0.0, 0.0, 1.0, 0.0], [4])",-0.0,-0.0,-0.0,-0.0,-0.0,-0.858,-0.858,0.489916,1.9693759999999991,0.865565867061455
64,"([0.08, 0.12, 0.13, 0.05, 0.44, 0.18], [4])","([0.0, 0.0, 0.0, 0.0, 1.0, 0.0], [4])",-0.0,-0.0,-0.0,-0.0,-0.0,-0.0,0.0,0.489916,1.479459999999999,0.865565867061455
65,"([0.08, 0.12, 0.13, 0.05, 0.44, 0.18], [4])","([0.0, 0.0, 0.0, 0.0, 1.0, 0.0], [4])",-0.0,-0.0,-0.0,-0.0,-0.0,-0.0,0.0,0.489916,0.9895439999999991,0.865565867061455
66,"([0.08, 0.12, 0.13, 0.05, 0.44, 0.18], [0])","([0.0, 0.0, 0.0, 0.0, 1.0, 0.0], [4])",-0.772,-0.0,-0.0,-0.0,-0.0,-0.0,-0.772,0.489916,1.271627999999999,0.865565867061455
67,"([0.08, 0.12, 0.13, 0.05, 0.44, 0.18], [4])","([0.0, 0.0, 0.0, 0.0, 1.0, 0.0], [4])",-0.0,-0.0,-0.0,-0.0,-0.0,-0.0,0.0,0.489916,0.7817119999999991,0.865565867061455
68,"([0.08, 0.12, 0.13, 0.05, 0.44, 0.18], [4])","([0.0, 0.0, 0.0, 0.0, 1.0, 0.0], [4])",-0.0,-0.0,-0.0,-0.0,-0.0,-0.0,0.0,0.489916,0.29179599999999906,0.865565867061455
69,"([0.08, 0.12, 0.13, 0.05, 0.44, 0.18], [5])","([0.0, 0.0, 0.0, 0.0, 1.0, 0.0], [4])",-0.0,-0.0,-0.0,-0.0,-0.0,-0.858,-0.858,0.489916,0.659879999999999,0.865565867061455
70,"([0.08, 0.12, 0.13, 0.05, 0.44, 0.18], [5])","([0.0, 0.0, 0.0, 0.0, 1.0, 0.0], [4])",-0.0,-0.0,-0.0,-0.0,-0.0,-0.858,-0.858,0.489916,1.027963999999999,0.865565867061455
71,"([0.08, 0.12, 0.13, 0.05, 0.44, 0.18], [5])","([0.0, 0.0, 0.0, 0.0, 1.0, 0.0], [4])",-0.0,-0.0,-0.0,-0.0,-0.0,-0.858,-0.858,0.489916,1.396047999999999,0.865565867061455
72,"([0.08, 0.12, 0.13, 0.05, 0.44, 0.18], [4])","([0.0, 0.0, 0.0, 0.0, 1.0, 0.0], [4])",-0.0,-0.0,-0.0,-0.0,-0.0,-0.0,0.0,0.489916,0.906131999999999,0.865565867061455
73,"([0.08, 0.12, 0.13, 0.05, 0.44, 0.18], [2])","([0.0, 0.0, 0.0, 0.0, 1.0, 0.0], [4])",-0.0,-0.0,-0.94,-0.0,-0.0,-0.0,-0.94,0.489916,1.356215999999999,0.865565867061455
74,"([0.08, 0.12, 0.13, 0.05, 0.44, 0.18], [4])","([0.0, 0.0, 0.0, 0.0, 1.0, 0.0], [4])",-0.0,-0.0,-0.0,-0.0,-0.0,-0.0,0.0,0.489916,0.866299999999999,0.865565867061455
75,"([0.08, 0.12, 0.13, 0.05, 0.44, 0.18], [0])","([0.0, 0.0, 0.0, 0.0, 1.0, 0.0], [4])",-0.772,-0.0,-0.0,-0.0,-0.0,-0.0,-0.772,0.489916,1.148383999999999,0.865565867061455
76,"([0.08, 0.12, 0.13, 0.05, 0.44, 0.18], [4])","([0.0, 0.0, 0.0, 0.0, 1.0, 0.0], [4])",-0.0,-0.0,-0.0,-0.0,-0.0,-0.0,0.0,0.489916,0.6584679999999989,0.865565867061455
77,"([0.08, 0.12, 0.13, 0.05, 0.44, 0.18], [3])","([0.0, 0.0, 0.0, 0.0, 1.0, 0.0], [4])",-0.0,-0.0,-0.0,-0.758,-0.0,-0.0,-0.758,0.489916,0.9265519999999989,0.865565867061455
78,"([0.08, 0.12, 0.13, 0.05, 0.44, 0.18], [0])","([0.0, 0.0, 0.0, 0.0, 1.0, 0.0], [4])",-0.772,-0.0,-0.0,-0.0,-0.0,-0.0,-0.772,0.489916,1.208635999999999,0.865565867061455
79,"([0.08, 0.12, 0.13, 0.05, 0.44, 0.18], [1])","([0.0, 0.0, 0.0, 0.0, 1.0, 0.0], [4])",-0.0,-0.914,-0.0,-0.0,-0.0,-0.0,-0.914,0.489916,1.632719999999999,0.865565867061455
80,"([0.08, 0.12, 0.13, 0.05, 0.44, 0.18], [0])","([0.0, 0.0, 0.0, 0.0, 1.0, 0.0], [4])",-0.772,-0.0,-0.0,-0.0,-0.0,-0.0,-0.772,0.489916,1.914803999999999,0.865565867061455
81,"([0.08, 0.12, 0.13, 0.05, 0.44, 0.18], [1])","([0.0, 0.0, 0.0, 0.0, 1.0, 0.0], [4])",-0.0,-0.914,-0.0,-0.0,-0.0,-0.0,-0.914,0.489916,2.338887999999999,0.865565867061455
82,"([0.08, 0.12, 0.13, 0.05, 0.44, 0.18], [2])","([0.0, 0.0, 0.0, 0.0, 1.0, 0.0], [4])",-0.0,-0.0,-0.94,-0.0,-0.0,-0.0,-0.94,0.489916,2.788971999999999,0.865565867061455
83,"([0.08, 0.12, 0.13, 0.05, 0.44, 0.18], [4])","([0.0, 0.0, 0.0, 0.0, 1.0, 0.0], [4])",-0.0,-0.0,-0.0,-0.0,-0.0,-0.0,0.0,0.489916,2.299055999999999,0.865565867061455
84,"([0.08, 0.12, 0.13, 0.05, 0.44, 0.18], [2])","([0.0, 0.0, 0.0, 0.0, 1.0, 0.0], [4])",-0.0,-0.0,-0.94,-0.0,-0.0,-0.0,-0.94,0.489916,2.749139999999999,0.865565867061455
85,"([0.08, 0.12, 0.13, 0.05, 0.44, 0.18], [0])","([0.0, 0.0, 0.0, 0.0, 1.0, 0.0], [4])",-0.772,-0.0,-0.0,-0.0,-0.0,-0.0,-0.772,0.489916,3.031223999999999,0.865565867061455
86,"([0.08, 0.12, 0.13, 0.05, 0.44, 0.18], [0])","([0.0, 0.0, 0.0, 0.0, 1.0, 0.0], [4])",-0.772,-0.0,-0.0,-0.0,-0.0,-0.0,-0.772,0.489916,3.3133079999999993,0.865565867061455
87,"([0.08, 0.12, 0.13, 0.05, 0.44, 0.18], [4])","([0.0, 0.0, 0.0, 0.0, 1.0, 0.0], [4])",-0.0,-0.0,-0.0,-0.0,-0.0,-0.0,0.0,0.489916,2.8233919999999992,0.865565867061455
88,"([0.08, 0.12, 0.13, 0.05, 0.44, 0.18], [1])","([0.0, 0.0, 0.0, 0.0, 1.0, 0.0], [4])",-0.0,-0.914,-0.0,-0.0,-0.0,-0.0,-0.914,0.489916,3.2474759999999994,0.865565867061455
89,"([0.08, 0.12, 0.13, 0.05, 0.44, 0.18], [1])","([0.0, 0.0, 0.0, 0.0, 1.0, 0.0], [4])",-0.0,-0.914,-0.0,-0.0,-0.0,-0.0,-0.914,0.489916,3.6715599999999995,0.865565867061455
90,"([0.08, 0.12, 0.13, 0.05, 0.44, 0.18], [4])","([0.0, 0.0, 0.0, 0.0, 1.0, 0.0], [4])",-0.0,-0.0,-0.0,-0.0,-0.0,-0.0,0.0,0.489916,3.1816439999999995,0.865565867061455
91,"([0.08, 0.12, 0.13, 0.05, 0.44, 0.18], [2])","([0.0, 0.0, 0.0, 0.0, 1.0, 0.0], [4])",-0.0,-0.0,-0.94,-0.0,-0.0,-0.0,-0.94,0.489916,3.6317279999999994,0.865565867061455
92,"([0.08, 0.12, 0.13, 0.05, 0.44, 0.18], [4])","([0.0, 0.0, 0.0, 0.0, 1.0, 0.0], [4])",-0.0,-0.0,-0.0,-0.0,-0.0,-0.0,0.0,0.489916,3.1418119999999994,0.865565867061455
93,"([0.08, 0.12, 0.13, 0.05, 0.44, 0.18], [4])","([0.0, 0.0, 0.0, 0.0, 1.0, 0.0], [4])",-0.0,-0.0,-0.0,-0.0,-0.0,-0.0,0.0,0.489916,2.6518959999999994,0.865565867061455
94,"([0.08, 0.12, 0.13, 0.05, 0.44, 0.18], [4])","([0.0, 0.0, 0.0, 0.0, 1.0, 0.0], [4])",-0.0,-0.0,-0.0,-0.0,-0.0,-0.0,0.0,0.489916,2.1619799999999993,0.865565867061455
95,"([0.08, 0.12, 0.13, 0.05, 0.44, 0.18], [5])","([0.0, 0.0, 0.0, 0.0, 1.0, 0.0], [4])",-0.0,-0.0,-0.0,-0.0,-0.0,-0.858,-0.858,0.489916,2.5300639999999994,0.865565867061455
96,"([0.08, 0.12, 0.13, 0.05, 0.44, 0.18], [2])","([0.0, 0.0, 0.0, 0.0, 1.0, 0.0], [4])",-0.0,-0.0,-0.94,-0.0,-0.0,-0.0,-0.94,0.489916,2.9801479999999994,0.865565867061455
97,"([0.08, 0.12, 0.13, 0.05, 0.44, 0.18], [5])","([0.0, 0.0, 0.0, 0.0, 1.0, 0.0], [4])",-0.0,-0.0,-0.0,-0.0,-0.0,-0.858,-0.858,0.489916,3.3482319999999994,0.865565867061455
98,"([0.08, 0.12, 0.13, 0.05, 0.44, 0.18], [5])","([0.0, 0.0, 0.0, 0.0, 1.0, 0.0], [4])",-0.0,-0.0,-0.0,-0.0,-0.0,-0.858,-0.858,0.489916,3.7163159999999995,0.865565867061455
99,"([0.08, 0.12, 0.13, 0.05, 0.44, 0.18], [4])","([0.0, 0.0, 0.0, 0.0, 1.0, 0.0], [4])",-0.0,-0.0,-0.0,-0.0,-0.0,-0.0,0.0,0.489916,3.2263999999999995,0.865565867061455
100,"([0.08, 0.12, 0.13, 0.05, 0.44, 0.18], [2])","([0.0, 0.0, 0.0, 0.0, 1.0, 0.0], [4])",-0.0,-0.0,-0.94,-0.0,-0.0,-0.0,-0.94,0.489916,3.6764839999999994,0.865565867061455
101,"([0.08, 0.12, 0.13, 0.05, 0.44, 0.18], [2])","([0.0, 0.0, 0.0, 0.0, 1.0, 0.0], [4])",-0.0,-0.0,-0.94,-0.0,-0.0,-0.0,-0.94,0.489916,4.126567999999999,0.865565867061455
102,"([0.08, 0.12, 0.13, 0.05, 0.44, 0.18], [4])","([0.0, 0.0, 0.0, 0.0, 1.0, 0.0], [4])",-0.0,-0.0,-0.0,-0.0,-0.0,-0.0,0.0,0.489916,3.636651999999999,0.865565867061455
103,"([0.08, 0.12, 0.13, 0.05, 0.44, 0.18], [2])","([0.0, 0.0, 0.0, 0.0, 1.0, 0.0], [4])",-0.0,-0.0,-0.94,-0.0,-0.0,-0.0,-0.94,0.489916,4.086735999999998,0.865565867061455
104,"([0.08, 0.12, 0.13, 0.05, 0.44, 0.18], [2])","([0.0, 0.0, 0.0, 0.0, 1.0, 0.0], [4])",-0.0,-0.0,-0.94,-0.0,-0.0,-0.0,-0.94,0.489916,4.536819999999999,0.865565867061455
105,"([0.08, 0.12, 0.13, 0.05, 0.44, 0.18], [4])","([0.0, 0.0, 0.0, 0.0, 1.0, 0.0], [4])",-0.0,-0.0,-0.0,-0.0,-0.0,-0.0,0.0,0.489916,4.046903999999999,0.865565867061455
106,"([0.08, 0.12, 0.13, 0.05, 0.44, 0.18], [1])","([0.0, 0.0, 0.0, 0.0, 1.0, 0.0], [4])",-0.0,-0.914,-0.0,-0.0,-0.0,-0.0,-0.914,0.489916,4.470987999999998,0.865565867061455
107,"([0.08, 0.12, 0.13, 0.05, 0.44, 0.18], [4])","([0.0, 0.0, 0.0, 0.0, 1.0, 0.0], [4])",-0.0,-0.0,-0.0,-0.0,-0.0,-0.0,0.0,0.489916,3.9810719999999984,0.865565867061455
108,"([0.08, 0.12, 0.13, 0.05, 0.44, 0.18], [1])","([0.0, 0.0, 0.0, 0.0, 1.0, 0.0], [4])",-0.0,-0.914,-0.0,-0.0,-0.0,-0.0,-0.914,0.489916,4.405155999999998,0.865565867061455
109,"([0.08, 0.12, 0.13, 0.05, 0.44, 0.18], [1])","([0.0, 0.0, 0.0, 0.0, 1.0, 0.0], [4])",-0.0,-0.914,-0.0,-0.0,-0.0,-0.0,-0.914,0.489916,4.829239999999998,0.865565867061455
110,"([0.08, 0.12, 0.13, 0.05, 0.44, 0.18], [4])","([0.0, 0.0, 0.0, 0.0, 1.0, 0.0], [4])",-0.0,-0.0,-0.0,-0.0,-0.0,-0.0,0.0,0.489916,4.339323999999998,0.865565867061455
111,"([0.08, 0.12, 0.13, 0.05, 0.44, 0.18], [2])","([0.0, 0.0, 0.0, 0.0, 1.0, 0.0], [4])",-0.0,-0.0,-0.94,-0.0,-0.0,-0.0,-0.94,0.489916,4.789407999999998,0.865565867061455
112,"([0.08, 0.12, 0.13, 0.05, 0.44, 0.18], [2])","([0.0, 0.0, 0.0, 0.0, 1.0, 0.0], [4])",-0.0,-0.0,-0.94,-0.0,-0.0,-0.0,-0.94,0.489916,5.2394919999999985,0.865565867061455
113,"([0.08, 0.12, 0.13, 0.05, 0.44, 0.18], [2])","([0.0, 0.0, 0.0, 0.0, 1.0, 0.0], [4])",-0.0,-0.0,-0.94,-0.0,-0.0,-0.0,-0.94,0.489916,5.689575999999999,0.865565867061455
114,"([0.08, 0.12, 0.13, 0.05, 0.44, 0.18], [4])","([0.0, 0.0, 0.0, 0.0, 1.0, 0.0], [4])",-0.0,-0.0,-0.0,-0.0,-0.0,-0.0,0.0,0.489916,5.199659999999999,0.865565867061455
115,"([0.08, 0.12, 0.13, 0.05, 0.44, 0.18], [4])","([0.0, 0.0, 0.0, 0.0, 1.0, 0.0], [4])",-0.0,-0.0,-0.0,-0.0,-0.0,-0.0,0.0,0.489916,4.709743999999999,0.865565867061455
116,"([0.08, 0.12, 0.13, 0.05, 0.44, 0.18], [5])","([0.0, 0.0, 0.0, 0.0, 1.0, 0.0], [4])",-0.0,-0.0,-0.0,-0.0,-0.0,-0.858,-0.858,0.489916,5.0778279999999985,0.865565867061455
117,"([0.08, 0.12, 0.13, 0.05, 0.44, 0.18], [1])","([0.0, 0.0, 0.0, 0.0, 1.0, 0.0], [4])",-0.0,-0.914,-0.0,-0.0,-0.0,-0.0,-0.914,0.489916,5.501911999999998,0.865565867061455
118,"([0.08, 0.12, 0.13, 0.05, 0.44, 0.18], [4])","([0.0, 0.0, 0.0, 0.0, 1.0, 0.0], [4])",-0.0,-0.0,-0.0,-0.0,-0.0,-0.0,0.0,0.489916,5.011995999999998,0.865565867061455
119,"([0.08, 0.12, 0.13, 0.05, 0.44, 0.18], [0])","([0.0, 0.0, 0.0, 0.0, 1.0, 0.0], [4])",-0.772,-0.0,-0.0,-0.0,-0.0,-0.0,-0.772,0.489916,5.294079999999998,0.865565867061455
120,"([0.08, 0.12, 0.13, 0.05, 0.44, 0.18], [2])","([0.0, 0.0, 0.0, 0.0, 1.0, 0.0], [4])",-0.0,-0.0,-0.94,-0.0,-0.0,-0.0,-0.94,0.489916,5.744163999999998,0.865565867061455
121,"([0.08, 0.12, 0.13, 0.05, 0.44, 0.18], [0])","([0.0, 0.0, 0.0, 0.0, 1.0, 0.0], [4])",-0.772,-0.0,-0.0,-0.0,-0.0,-0.0,-0.772,0.489916,6.026247999999998,0.865565867061455
122,"([0.08, 0.12, 0.13, 0.05, 0.44, 0.18], [4])","([0.0, 0.0, 0.0, 0.0, 1.0, 0.0], [4])",-0.0,-0.0,-0.0,-0.0,-0.0,-0.0,0.0,0.489916,5.536331999999998,0.865565867061455
123,"([0.08, 0.12, 0.13, 0.05, 0.44, 0.18], [1])","([0.0, 0.0, 0.0, 0.0, 1.0, 0.0], [4])",-0.0,-0.914,-0.0,-0.0,-0.0,-0.0,-0.914,0.489916,5.960415999999998,0.865565867061455
124,"([0.08, 0.12, 0.13, 0.05, 0.44, 0.18], [5])","([0.0, 0.0, 0.0, 0.0, 1.0, 0.0], [4])",-0.0,-0.0,-0.0,-0.0,-0.0,-0.858,-0.858,0.489916,6.328499999999997,0.865565867061455
125,"([0.08, 0.12, 0.13, 0.05, 0.44, 0.18], [0])","([0.0, 0.0, 0.0, 0.0, 1.0, 0.0], [4])",-0.772,-0.0,-0.0,-0.0,-0.0,-0.0,-0.772,0.489916,6.610583999999998,0.865565867061455
126,"([0.08, 0.12, 0.13, 0.05, 0.44, 0.18], [4])","([0.0, 0.0, 0.0, 0.0, 1.0, 0.0], [4])",-0.0,-0.0,-0.0,-0.0,-0.0,-0.0,0.0,0.489916,6.1206679999999976,0.865565867061455
127,"([0.08, 0.12, 0.13, 0.05, 0.44, 0.18], [1])","([0.0, 0.0, 0.0, 0.0, 1.0, 0.0], [4])",-0.0,-0.914,-0.0,-0.0,-0.0,-0.0,-0.914,0.489916,6.544751999999997,0.865565867061455
128,"([0.08, 0.12, 0.13, 0.05, 0.44, 0.18], [0])","([0.0, 0.0, 0.0, 0.0, 1.0, 0.0], [4])",-0.772,-0.0,-0.0,-0.0,-0.0,-0.0,-0.772,0.489916,6.8268359999999975,0.865565867061455
129,"([0.08, 0.12, 0.13, 0.05, 0.44, 0.18], [3])","([0.0, 0.0, 0.0, 0.0, 1.0, 0.0], [4])",-0.0,-0.0,-0.0,-0.758,-0.0,-0.0,-0.758,0.489916,7.0949199999999975,0.865565867061455
130,"([0.08, 0.12, 0.13, 0.05, 0.44, 0.18], [1])","([0.0, 0.0, 0.0, 0.0, 1.0, 0.0], [4])",-0.0,-0.914,-0.0,-0.0,-0.0,-0.0,-0.914,0.489916,7.519003999999997,0.865565867061455
131,"([0.08, 0.12, 0.13, 0.05, 0.44, 0.18], [1])","([0.0, 0.0, 0.0, 0.0, 1.0, 0.0], [4])",-0.0,-0.914,-0.0,-0.0,-0.0,-0.0,-0.914,0.489916,7.943087999999997,0.865565867061455
132,"([0.08, 0.12, 0.13, 0.05, 0.44, 0.18], [2])","([0.0, 0.0, 0.0, 0.0, 1.0, 0.0], [4])",-0.0,-0.0,-0.94,-0.0,-0.0,-0.0,-0.94,0.489916,8.393171999999996,0.865565867061455
133,"([0.08, 0.12, 0.13, 0.05, 0.44, 0.18], [2])","([0.0, 0.0, 0.0, 0.0, 1.0, 0.0], [4])",-0.0,-0.0,-0.94,-0.0,-0.0,-0.0,-0.94,0.489916,8.843255999999997,0.865565867061455
134,"([0.08, 0.12, 0.13, 0.05, 0.44, 0.18], [4])","([0.0, 0.0, 0.0, 0.0, 1.0, 0.0], [4])",-0.0,-0.0,-0.0,-0.0,-0.0,-0.0,0.0,0.489916,8.353339999999996,0.865565867061455
135,"([0.08, 0.12, 0.13, 0.05, 0.44, 0.18], [5])","([0.0, 0.0, 0.0, 0.0, 1.0, 0.0], [4])",-0.0,-0.0,-0.0,-0.0,-0.0,-0.858,-0.858,0.489916,8.721423999999995,0.865565867061455
136,"([0.08, 0.12, 0.13, 0.05, 0.44, 0.18], [4])","([0.0, 0.0, 0.0, 0.0, 1.0, 0.0], [4])",-0.0,-0.0,-0.0,-0.0,-0.0,-0.0,0.0,0.489916,8.231507999999994,0.865565867061455
137,"([0.08, 0.12, 0.13, 0.05, 0.44, 0.18], [5])","([0.0, 0.0, 0.0, 0.0, 1.0, 0.0], [4])",-0.0,-0.0,-0.0,-0.0,-0.0,-0.858,-0.858,0.489916,8.599591999999994,0.865565867061455
138,"([0.08, 0.12, 0.13, 0.05, 0.44, 0.18], [4])","([0.0, 0.0, 0.0, 0.0, 1.0, 0.0], [4])",-0.0,-0.0,-0.0,-0.0,-0.0,-0.0,0.0,0.489916,8.109675999999993,0.865565867061455
139,"([0.08, 0.12, 0.13, 0.05, 0.44, 0.18], [4])","([0.0, 0.0, 0.0, 0.0, 1.0, 0.0], [4])",-0.0,-0.0,-0.0,-0.0,-0.0,-0.0,0.0,0.489916,7.619759999999993,0.865565867061455
140,"([0.08, 0.12, 0.13, 0.05, 0.44, 0.18], [2])","([0.0, 0.0, 0.0, 0.0, 1.0, 0.0], [4])",-0.0,-0.0,-0.94,-0.0,-0.0,-0.0,-0.94,0.489916,8.069843999999993,0.865565867061455
141,"([0.08, 0.12, 0.13, 0.05, 0.44, 0.18], [4])","([0.0, 0.0, 0.0, 0.0, 1.0, 0.0], [4])",-0.0,-0.0,-0.0,-0.0,-0.0,-0.0,0.0,0.489916,7.579927999999993,0.865565867061455
142,"([0.08, 0.12, 0.13, 0.05, 0.44, 0.18], [4])","([0.0, 0.0, 0.0, 0.0, 1.0, 0.0], [4])",-0.0,-0.0,-0.0,-0.0,-0.0,-0.0,0.0,0.489916,7.090011999999993,0.865565867061455
143,"([0.08, 0.12, 0.13, 0.05, 0.44, 0.18], [4])","([0.0, 0.0, 0.0, 0.0, 1.0, 0.0], [4])",-0.0,-0.0,-0.0,-0.0,-0.0,-0.0,0.0,0.489916,6.600095999999993,0.865565867061455
144,"([0.08, 0.12, 0.13, 0.05, 0.44, 0.18], [5])","([0.0, 0.0, 0.0, 0.0, 1.0, 0.0], [4])",-0.0,-0.0,-0.0,-0.0,-0.0,-0.858,-0.858,0.489916,6.968179999999992,0.865565867061455
145,"([0.08, 0.12, 0.13, 0.05, 0.44, 0.18], [5])","([0.0, 0.0, 0.0, 0.0, 1.0, 0.0], [4])",-0.0,-0.0,-0.0,-0.0,-0.0,-0.858,-0.858,0.489916,7.336263999999992,0.865565867061455
146,"([0.08, 0.12, 0.13, 0.05, 0.44, 0.18], [4])","([0.0, 0.0, 0.0, 0.0, 1.0, 0.0], [4])",-0.0,-0.0,-0.0,-0.0,-0.0,-0.0,0.0,0.489916,6.846347999999992,0.865565867061455
147,"([0.08, 0.12, 0.13, 0.05, 0.44, 0.18], [4])","([0.0, 0.0, 0.0, 0.0, 1.0, 0.0], [4])",-0.0,-0.0,-0.0,-0.0,-0.0,-0.0,0.0,0.489916,6.356431999999992,0.865565867061455
148,"([0.08, 0.12, 0.13, 0.05, 0.44, 0.18], [1])","([0.0, 0.0, 0.0, 0.0, 1.0, 0.0], [4])",-0.0,-0.914,-0.0,-0.0,-0.0,-0.0,-0.914,0.489916,6.7805159999999915,0.865565867061455
149,"([0.08, 0.12, 0.13, 0.05, 0.44, 0.18], [4])","([0.0, 0.0, 0.0, 0.0, 1.0, 0.0], [4])",-0.0,-0.0,-0.0,-0.0,-0.0,-0.0,0.0,0.489916,6.2905999999999915,0.865565867061455
150,"([0.08, 0.12, 0.13, 0.05, 0.44, 0.18], [5])","([0.0, 0.0, 0.0, 0.0, 1.0, 0.0], [4])",-0.0,-0.0,-0.0,-0.0,-0.0,-0.858,-0.858,0.489916,6.658683999999991,0.865565867061455
151,"([0.08, 0.12, 0.13, 0.05, 0.44, 0.18], [1])","([0.0, 0.0, 0.0, 0.0, 1.0, 0.0], [4])",-0.0,-0.914,-0.0,-0.0,-0.0,-0.0,-0.914,0.489916,7.082767999999991,0.865565867061455
152,"([0.08, 0.12, 0.13, 0.05, 0.44, 0.18], [4])","([0.0, 0.0, 0.0, 0.0, 1.0, 0.0], [4])",-0.0,-0.0,-0.0,-0.0,-0.0,-0.0,0.0,0.489916,6.592851999999991,0.865565867061455
153,"([0.08, 0.12, 0.13, 0.05, 0.44, 0.18], [1])","([0.0, 0.0, 0.0, 0.0, 1.0, 0.0], [4])",-0.0,-0.914,-0.0,-0.0,-0.0,-0.0,-0.914,0.489916,7.0169359999999905,0.865565867061455
154,"([0.08, 0.12, 0.13, 0.05, 0.44, 0.18], [2])","([0.0, 0.0, 0.0, 0.0, 1.0, 0.0], [4])",-0.0,-0.0,-0.94,-0.0,-0.0,-0.0,-0.94,0.489916,7.467019999999991,0.865565867061455
155,"([0.08, 0.12, 0.13, 0.05, 0.44, 0.18], [5])","([0.0, 0.0, 0.0, 0.0, 1.0, 0.0], [4])",-0.0,-0.0,-0.0,-0.0,-0.0,-0.858,-0.858,0.489916,7.8351039999999905,0.865565867061455
156,"([0.08, 0.12, 0.13, 0.05, 0.44, 0.18], [3])","([0.0, 0.0, 0.0, 0.0, 1.0, 0.0], [4])",-0.0,-0.0,-0.0,-0.758,-0.0,-0.0,-0.758,0.489916,8.10318799999999,0.865565867061455
157,"([0.08, 0.12, 0.13, 0.05, 0.44, 0.18], [2])","([0.0, 0.0, 0.0, 0.0, 1.0, 0.0], [4])",-0.0,-0.0,-0.94,-0.0,-0.0,-0.0,-0.94,0.489916,8.55327199999999,0.865565867061455
158,"([0.08, 0.12, 0.13, 0.05, 0.44, 0.18], [4])","([0.0, 0.0, 0.0, 0.0, 1.0, 0.0], [4])",-0.0,-0.0,-0.0,-0.0,-0.0,-0.0,0.0,0.489916,8.063355999999992,0.865565867061455
159,"([0.08, 0.12, 0.13, 0.05, 0.44, 0.18], [2])","([0.0, 0.0, 0.0, 0.0, 1.0, 0.0], [4])",-0.0,-0.0,-0.94,-0.0,-0.0,-0.0,-0.94,0.489916,8.513439999999992,0.865565867061455
160,"([0.08, 0.12, 0.13, 0.05, 0.44, 0.18], [4])","([0.0, 0.0, 0.0, 0.0, 1.0, 0.0], [4])",-0.0,-0.0,-0.0,-0.0,-0.0,-0.0,0.0,0.489916,8.023523999999991,0.865565867061455
161,"([0.08, 0.12, 0.13, 0.05, 0.44, 0.18], [4])","([0.0, 0.0, 0.0, 0.0, 1.0, 0.0], [4])",-0.0,-0.0,-0.0,-0.0,-0.0,-0.0,0.0,0.489916,7.533607999999991,0.865565867061455
162,"([0.08, 0.12, 0.13, 0.05, 0.44, 0.18], [4])","([0.0, 0.0, 0.0, 0.0, 1.0, 0.0], [4])",-0.0,-0.0,-0.0,-0.0,-0.0,-0.0,0.0,0.489916,7.043691999999991,0.865565867061455
163,"([0.08, 0.12, 0.13, 0.05, 0.44, 0.18], [4])","([0.0, 0.0, 0.0, 0.0, 1.0, 0.0], [4])",-0.0,-0.0,-0.0,-0.0,-0.0,-0.0,0.0,0.489916,6.553775999999991,0.865565867061455
164,"([0.08, 0.12, 0.13, 0.05, 0.44, 0.18], [5])","([0.0, 0.0, 0.0, 0.0, 1.0, 0.0], [4])",-0.0,-0.0,-0.0,-0.0,-0.0,-0.858,-0.858,0.489916,6.921859999999991,0.865565867061455
165,"([0.08, 0.12, 0.13, 0.05, 0.44, 0.18], [4])","([0.0, 0.0, 0.0, 0.0, 1.0, 0.0], [4])",-0.0,-0.0,-0.0,-0.0,-0.0,-0.0,0.0,0.489916,6.431943999999991,0.865565867061455
166,"([0.08, 0.12, 0.13, 0.05, 0.44, 0.18], [4])","([0.0, 0.0, 0.0, 0.0, 1.0, 0.0], [4])",-0.0,-0.0,-0.0,-0.0,-0.0,-0.0,0.0,0.489916,5.942027999999991,0.865565867061455
167,"([0.08, 0.12, 0.13, 0.05, 0.44, 0.18], [1])","([0.0, 0.0, 0.0, 0.0, 1.0, 0.0], [4])",-0.0,-0.914,-0.0,-0.0,-0.0,-0.0,-0.914,0.489916,6.3661119999999904,0.865565867061455
168,"([0.08, 0.12, 0.13, 0.05, 0.44, 0.18], [1])","([0.0, 0.0, 0.0, 0.0, 1.0, 0.0], [4])",-0.0,-0.914,-0.0,-0.0,-0.0,-0.0,-0.914,0.489916,6.79019599999999,0.865565867061455
169,"([0.08, 0.12, 0.13, 0.05, 0.44, 0.18], [0])","([0.0, 0.0, 0.0, 0.0, 1.0, 0.0], [4])",-0.772,-0.0,-0.0,-0.0,-0.0,-0.0,-0.772,0.489916,7.07227999999999,0.865565867061455
170,"([0.08, 0.12, 0.13, 0.05, 0.44, 0.18], [2])","([0.0, 0.0, 0.0, 0.0, 1.0, 0.0], [4])",-0.0,-0.0,-0.94,-0.0,-0.0,-0.0,-0.94,0.489916,7.522363999999991,0.865565867061455
171,"([0.08, 0.12, 0.13, 0.05, 0.44, 0.18], [4])","([0.0, 0.0, 0.0, 0.0, 1.0, 0.0], [4])",-0.0,-0.0,-0.0,-0.0,-0.0,-0.0,0.0,0.489916,7.032447999999991,0.865565867061455
172,"([0.08, 0.12, 0.13, 0.05, 0.44, 0.18], [4])","([0.0, 0.0, 0.0, 0.0, 1.0, 0.0], [4])",-0.0,-0.0,-0.0,-0.0,-0.0,-0.0,0.0,0.489916,6.542531999999991,0.865565867061455
173,"([0.08, 0.12, 0.13, 0.05, 0.44, 0.18], [2])","([0.0, 0.0, 0.0, 0.0, 1.0, 0.0], [4])",-0.0,-0.0,-0.94,-0.0,-0.0,-0.0,-0.94,0.489916,6.992615999999991,0.865565867061455
174,"([0.08, 0.12, 0.13, 0.05, 0.44, 0.18], [4])","([0.0, 0.0, 0.0, 0.0, 1.0, 0.0], [4])",-0.0,-0.0,-0.0,-0.0,-0.0,-0.0,0.0,0.489916,6.502699999999991,0.865565867061455
175,"([0.08, 0.12, 0.13, 0.05, 0.44, 0.18], [3])","([0.0, 0.0, 0.0, 0.0, 1.0, 0.0], [4])",-0.0,-0.0,-0.0,-0.758,-0.0,-0.0,-0.758,0.489916,6.770783999999991,0.865565867061455
176,"([0.08, 0.12, 0.13, 0.05, 0.44, 0.18], [5])","([0.0, 0.0, 0.0, 0.0, 1.0, 0.0], [4])",-0.0,-0.0,-0.0,-0.0,-0.0,-0.858,-0.858,0.489916,7.138867999999991,0.865565867061455
177,"([0.08, 0.12, 0.13, 0.05, 0.44, 0.18], [4])","([0.0, 0.0, 0.0, 0.0, 1.0, 0.0], [4])",-0.0,-0.0,-0.0,-0.0,-0.0,-0.0,0.0,0.489916,6.648951999999991,0.865565867061455
178,"([0.08, 0.12, 0.13, 0.05, 0.44, 0.18], [5])","([0.0, 0.0, 0.0, 0.0, 1.0, 0.0], [4])",-0.0,-0.0,-0.0,-0.0,-0.0,-0.858,-0.858,0.489916,7.01703599999999,0.865565867061455
179,"([0.08, 0.12, 0.13, 0.05, 0.44, 0.18], [4])","([0.0, 0.0, 0.0, 0.0, 1.0, 0.0], [4])",-0.0,-0.0,-0.0,-0.0,-0.0,-0.0,0.0,0.489916,6.52711999999999,0.865565867061455
180,"([0.08, 0.12, 0.13, 0.05, 0.44, 0.18], [4])","([0.0, 0.0, 0.0, 0.0, 1.0, 0.0], [4])",-0.0,-0.0,-0.0,-0.0,-0.0,-0.0,0.0,0.489916,6.03720399999999,0.865565867061455
181,"([0.08, 0.12, 0.13, 0.05, 0.44, 0.18], [5])","([0.0, 0.0, 0.0, 0.0, 1.0, 0.0], [4])",-0.0,-0.0,-0.0,-0.0,-0.0,-0.858,-0.858,0.489916,6.40528799999999,0.865565867061455
182,"([0.08, 0.12, 0.13, 0.05, 0.44, 0.18], [2])","([0.0, 0.0, 0.0, 0.0, 1.0, 0.0], [4])",-0.0,-0.0,-0.94,-0.0,-0.0,-0.0,-0.94,0.489916,6.85537199999999,0.865565867061455
183,"([0.08, 0.12, 0.13, 0.05, 0.44, 0.18], [4])","([0.0, 0.0, 0.0, 0.0, 1.0, 0.0], [4])",-0.0,-0.0,-0.0,-0.0,-0.0,-0.0,0.0,0.489916,6.36545599999999,0.865565867061455
184,"([0.08, 0.12, 0.13, 0.05, 0.44, 0.18], [2])","([0.0, 0.0, 0.0, 0.0, 1.0, 0.0], [4])",-0.0,-0.0,-0.94,-0.0,-0.0,-0.0,-0.94,0.489916,6.81553999999999,0.865565867061455
185,"([0.08, 0.12, 0.13, 0.05, 0.44, 0.18], [1])","([0.0, 0.0, 0.0, 0.0, 1.0, 0.0], [4])",-0.0,-0.914,-0.0,-0.0,-0.0,-0.0,-0.914,0.489916,7.239623999999989,0.865565867061455
186,"([0.08, 0.12, 0.13, 0.05, 0.44, 0.18], [3])","([0.0, 0.0, 0.0, 0.0, 1.0, 0.0], [4])",-0.0,-0.0,-0.0,-0.758,-0.0,-0.0,-0.758,0.489916,7.507707999999989,0.865565867061455
187,"([0.08, 0.12, 0.13, 0.05, 0.44, 0.18], [4])","([0.0, 0.0, 0.0, 0.0, 1.0, 0.0], [4])",-0.0,-0.0,-0.0,-0.0,-0.0,-0.0,0.0,0.489916,7.017791999999989,0.865565867061455
188,"([0.08, 0.12, 0.13, 0.05, 0.44, 0.18], [2])","([0.0, 0.0, 0.0, 0.0, 1.0, 0.0], [4])",-0.0,-0.0,-0.94,-0.0,-0.0,-0.0,-0.94,0.489916,7.46787599999999,0.865565867061455
189,"([0.08, 0.12, 0.13, 0.05, 0.44, 0.18], [4])","([0.0, 0.0, 0.0, 0.0, 1.0, 0.0], [4])",-0.0,-0.0,-0.0,-0.0,-0.0,-0.0,0.0,0.489916,6.97795999999999,0.865565867061455
190,"([0.08, 0.12, 0.13, 0.05, 0.44, 0.18], [2])","([0.0, 0.0, 0.0, 0.0, 1.0, 0.0], [4])",-0.0,-0.0,-0.94,-0.0,-0.0,-0.0,-0.94,0.489916,7.428043999999989,0.865565867061455
191,"([0.08, 0.12, 0.13, 0.05, 0.44, 0.18], [0])","([0.0, 0.0, 0.0, 0.0, 1.0, 0.0], [4])",-0.772,-0.0,-0.0,-0.0,-0.0,-0.0,-0.772,0.489916,7.710127999999989,0.865565867061455
192,"([0.08, 0.12, 0.13, 0.05, 0.44, 0.18], [1])","([0.0, 0.0, 0.0, 0.0, 1.0, 0.0], [4])",-0.0,-0.914,-0.0,-0.0,-0.0,-0.0,-0.914,0.489916,8.13421199999999,0.865565867061455
193,"([0.08, 0.12, 0.13, 0.05, 0.44, 0.18], [2])","([0.0, 0.0, 0.0, 0.0, 1.0, 0.0], [4])",-0.0,-0.0,-0.94,-0.0,-0.0,-0.0,-0.94,0.489916,8.58429599999999,0.865565867061455
194,"([0.08, 0.12, 0.13, 0.05, 0.44, 0.18], [4])","([0.0, 0.0, 0.0, 0.0, 1.0, 0.0], [4])",-0.0,-0.0,-0.0,-0.0,-0.0,-0.0,0.0,0.489916,8.09437999999999,0.865565867061455
195,"([0.08, 0.12, 0.13, 0.05, 0.44, 0.18], [4])","([0.0, 0.0, 0.0, 0.0, 1.0, 0.0], [4])",-0.0,-0.0,-0.0,-0.0,-0.0,-0.0,0.0,0.489916,7.60446399999999,0.865565867061455
196,"([0.08, 0.12, 0.13, 0.05, 0.44, 0.18], [4])","([0.0, 0.0, 0.0, 0.0, 1.0, 0.0], [4])",-0.0,-0.0,-0.0,-0.0,-0.0,-0.0,0.0,0.489916,7.11454799999999,0.865565867061455
197,"([0.08, 0.12, 0.13, 0.05, 0.44, 0.18], [2])","([0.0, 0.0, 0.0, 0.0, 1.0, 0.0], [4])",-0.0,-0.0,-0.94,-0.0,-0.0,-0.0,-0.94,0.489916,7.564631999999991,0.865565867061455
198,"([0.08, 0.12, 0.13, 0.05, 0.44, 0.18], [4])","([0.0, 0.0, 0.0, 0.0, 1.0, 0.0], [4])",-0.0,-0.0,-0.0,-0.0,-0.0,-0.0,0.0,0.489916,7.074715999999991,0.865565867061455
199,"([0.08, 0.12, 0.13, 0.05, 0.44, 0.18], [2])","([0.0, 0.0, 0.0, 0.0, 1.0, 0.0], [4])",-0.0,-0.0,-0.94,-0.0,-0.0,-0.0,-0.94,0.489916,7.52479999999999,0.865565867061455
