,sto-1,FRL-0,feedback target 0,feedback target 1,feedback target 2,feedback target 3,feedback target 4,feedback target 5,total,exp_loss,actual_regret,exp_regret
0,"([0.41, 0.25, 0.05, 0.02, 0.01, 0.26], [2])","([0.09, 0.18, 0.09, 0.27, 0.2, 0.17], [1])",-0.0,-0.0,-0.6890000000000001,-0.0,-0.0,-0.0,-0.6890000000000001,0.6262032311441466,0.2414940000000001,0.1786972311441466
1,"([0.41, 0.25, 0.05, 0.02, 0.01, 0.26], [1])","([0.12, 0.18, 0.13, 0.22, 0.19, 0.17], [5])",-0.0,-0.767,-0.0,-0.0,-0.0,-0.0,-0.767,0.6173404105478021,0.5609880000000002,0.3485316416919487
2,"([0.41, 0.25, 0.05, 0.02, 0.01, 0.26], [5])","([0, 1, 0, 0, 0, 0], [1])",-0.0,-0.0,-0.0,-0.0,-0.0,-0.758,-0.758,0.5369349999999999,0.8714820000000002,0.4379606416919487
3,"([0.41, 0.25, 0.05, 0.02, 0.01, 0.26], [5])","([0, 0, 1, 0, 0, 0], [2])",-0.0,-0.0,-0.0,-0.0,-0.0,-0.758,-0.758,0.6970689999999999,1.1819760000000001,0.6875236416919487
4,"([0.41, 0.25, 0.05, 0.02, 0.01, 0.26], [5])","([0, 0, 1, 0, 0, 0], [2])",-0.0,-0.0,-0.0,-0.0,-0.0,-0.758,-0.758,0.6970689999999999,1.4924700000000002,0.9370866416919487
5,"([0.41, 0.25, 0.05, 0.02, 0.01, 0.26], [1])","([0, 0, 1, 0, 0, 0], [2])",-0.0,-0.767,-0.0,-0.0,-0.0,-0.0,-0.767,0.6970689999999999,1.8119640000000001,1.1866496416919485
6,"([0.41, 0.25, 0.05, 0.02, 0.01, 0.26], [0])","([0, 0, 1, 0, 0, 0], [2])",-0.6859999999999999,-0.0,-0.0,-0.0,-0.0,-0.0,-0.6859999999999999,0.6970689999999999,2.050458,1.4362126416919485
7,"([0.41, 0.25, 0.05, 0.02, 0.01, 0.26], [0])","([0, 1, 0, 0, 0, 0], [1])",-0.6859999999999999,-0.0,-0.0,-0.0,-0.0,-0.0,-0.6859999999999999,0.5369349999999999,2.288952,1.5256416416919485
8,"([0.41, 0.25, 0.05, 0.02, 0.01, 0.26], [0])","([1, 0, 0, 0, 0, 0], [0])",-0.0,-0.0,-0.0,-0.0,-0.0,-0.0,0.0,0.44750599999999996,1.8414460000000001,1.5256416416919485
9,"([0.41, 0.25, 0.05, 0.02, 0.01, 0.26], [5])","([1, 0, 0, 0, 0, 0], [0])",-0.0,-0.0,-0.0,-0.0,-0.0,-0.758,-0.758,0.44750599999999996,2.15194,1.5256416416919485
10,"([0.41, 0.25, 0.05, 0.02, 0.01, 0.26], [1])","([1, 0, 0, 0, 0, 0], [0])",-0.0,-0.767,-0.0,-0.0,-0.0,-0.0,-0.767,0.44750599999999996,2.4714340000000004,1.5256416416919485
11,"([0.41, 0.25, 0.05, 0.02, 0.01, 0.26], [5])","([1, 0, 0, 0, 0, 0], [0])",-0.0,-0.0,-0.0,-0.0,-0.0,-0.758,-0.758,0.44750599999999996,2.7819280000000006,1.5256416416919485
12,"([0.41, 0.25, 0.05, 0.02, 0.01, 0.26], [0])","([1, 0, 0, 0, 0, 0], [0])",-0.0,-0.0,-0.0,-0.0,-0.0,-0.0,0.0,0.44750599999999996,2.334422000000001,1.5256416416919485
13,"([0.41, 0.25, 0.05, 0.02, 0.01, 0.26], [5])","([1, 0, 0, 0, 0, 0], [0])",-0.0,-0.0,-0.0,-0.0,-0.0,-0.758,-0.758,0.44750599999999996,2.644916000000001,1.5256416416919485
14,"([0.41, 0.25, 0.05, 0.02, 0.01, 0.26], [2])","([1, 0, 0, 0, 0, 0], [0])",-0.0,-0.0,-0.6890000000000001,-0.0,-0.0,-0.0,-0.6890000000000001,0.44750599999999996,2.8864100000000015,1.5256416416919485
15,"([0.41, 0.25, 0.05, 0.02, 0.01, 0.26], [0])","([1, 0, 0, 0, 0, 0], [0])",-0.0,-0.0,-0.0,-0.0,-0.0,-0.0,0.0,0.44750599999999996,2.4389040000000017,1.5256416416919485
16,"([0.41, 0.25, 0.05, 0.02, 0.01, 0.26], [0])","([1, 0, 0, 0, 0, 0], [0])",-0.0,-0.0,-0.0,-0.0,-0.0,-0.0,0.0,0.44750599999999996,1.9913980000000018,1.5256416416919485
17,"([0.41, 0.25, 0.05, 0.02, 0.01, 0.26], [0])","([1, 0, 0, 0, 0, 0], [0])",-0.0,-0.0,-0.0,-0.0,-0.0,-0.0,0.0,0.44750599999999996,1.5438920000000018,1.5256416416919485
18,"([0.41, 0.25, 0.05, 0.02, 0.01, 0.26], [4])","([1, 0, 0, 0, 0, 0], [0])",-0.0,-0.0,-0.0,-0.0,-0.782,-0.0,-0.782,0.44750599999999996,1.8783860000000019,1.5256416416919485
19,"([0.41, 0.25, 0.05, 0.02, 0.01, 0.26], [0])","([1, 0, 0, 0, 0, 0], [0])",-0.0,-0.0,-0.0,-0.0,-0.0,-0.0,0.0,0.44750599999999996,1.430880000000002,1.5256416416919485
20,"([0.41, 0.25, 0.05, 0.02, 0.01, 0.26], [5])","([1, 0, 0, 0, 0, 0], [0])",-0.0,-0.0,-0.0,-0.0,-0.0,-0.758,-0.758,0.44750599999999996,1.741374000000002,1.5256416416919485
21,"([0.41, 0.25, 0.05, 0.02, 0.01, 0.26], [1])","([1, 0, 0, 0, 0, 0], [0])",-0.0,-0.767,-0.0,-0.0,-0.0,-0.0,-0.767,0.44750599999999996,2.060868000000002,1.5256416416919485
22,"([0.41, 0.25, 0.05, 0.02, 0.01, 0.26], [0])","([1, 0, 0, 0, 0, 0], [0])",-0.0,-0.0,-0.0,-0.0,-0.0,-0.0,0.0,0.44750599999999996,1.613362000000002,1.5256416416919485
23,"([0.41, 0.25, 0.05, 0.02, 0.01, 0.26], [0])","([1, 0, 0, 0, 0, 0], [0])",-0.0,-0.0,-0.0,-0.0,-0.0,-0.0,0.0,0.44750599999999996,1.165856000000002,1.5256416416919485
24,"([0.41, 0.25, 0.05, 0.02, 0.01, 0.26], [1])","([1, 0, 0, 0, 0, 0], [0])",-0.0,-0.767,-0.0,-0.0,-0.0,-0.0,-0.767,0.44750599999999996,1.4853500000000022,1.5256416416919485
25,"([0.41, 0.25, 0.05, 0.02, 0.01, 0.26], [5])","([1, 0, 0, 0, 0, 0], [0])",-0.0,-0.0,-0.0,-0.0,-0.0,-0.758,-0.758,0.44750599999999996,1.7958440000000022,1.5256416416919485
26,"([0.41, 0.25, 0.05, 0.02, 0.01, 0.26], [5])","([1, 0, 0, 0, 0, 0], [0])",-0.0,-0.0,-0.0,-0.0,-0.0,-0.758,-0.758,0.44750599999999996,2.1063380000000023,1.5256416416919485
27,"([0.41, 0.25, 0.05, 0.02, 0.01, 0.26], [0])","([1, 0, 0, 0, 0, 0], [0])",-0.0,-0.0,-0.0,-0.0,-0.0,-0.0,0.0,0.44750599999999996,1.6588320000000023,1.5256416416919485
28,"([0.41, 0.25, 0.05, 0.02, 0.01, 0.26], [0])","([1, 0, 0, 0, 0, 0], [0])",-0.0,-0.0,-0.0,-0.0,-0.0,-0.0,0.0,0.44750599999999996,1.2113260000000023,1.5256416416919485
29,"([0.41, 0.25, 0.05, 0.02, 0.01, 0.26], [5])","([1, 0, 0, 0, 0, 0], [0])",-0.0,-0.0,-0.0,-0.0,-0.0,-0.758,-0.758,0.44750599999999996,1.5218200000000024,1.5256416416919485
30,"([0.41, 0.25, 0.05, 0.02, 0.01, 0.26], [1])","([1, 0, 0, 0, 0, 0], [0])",-0.0,-0.767,-0.0,-0.0,-0.0,-0.0,-0.767,0.44750599999999996,1.8413140000000023,1.5256416416919485
31,"([0.41, 0.25, 0.05, 0.02, 0.01, 0.26], [1])","([1, 0, 0, 0, 0, 0], [0])",-0.0,-0.767,-0.0,-0.0,-0.0,-0.0,-0.767,0.44750599999999996,2.1608080000000025,1.5256416416919485
32,"([0.41, 0.25, 0.05, 0.02, 0.01, 0.26], [1])","([1, 0, 0, 0, 0, 0], [0])",-0.0,-0.767,-0.0,-0.0,-0.0,-0.0,-0.767,0.44750599999999996,2.4803020000000027,1.5256416416919485
33,"([0.41, 0.25, 0.05, 0.02, 0.01, 0.26], [1])","([1, 0, 0, 0, 0, 0], [0])",-0.0,-0.767,-0.0,-0.0,-0.0,-0.0,-0.767,0.44750599999999996,2.799796000000003,1.5256416416919485
34,"([0.41, 0.25, 0.05, 0.02, 0.01, 0.26], [5])","([1, 0, 0, 0, 0, 0], [0])",-0.0,-0.0,-0.0,-0.0,-0.0,-0.758,-0.758,0.44750599999999996,3.1102900000000027,1.5256416416919485
35,"([0.41, 0.25, 0.05, 0.02, 0.01, 0.26], [1])","([1, 0, 0, 0, 0, 0], [0])",-0.0,-0.767,-0.0,-0.0,-0.0,-0.0,-0.767,0.44750599999999996,3.429784000000003,1.5256416416919485
36,"([0.41, 0.25, 0.05, 0.02, 0.01, 0.26], [3])","([1, 0, 0, 0, 0, 0], [0])",-0.0,-0.0,-0.0,-0.852,-0.0,-0.0,-0.852,0.44750599999999996,3.834278000000003,1.5256416416919485
37,"([0.41, 0.25, 0.05, 0.02, 0.01, 0.26], [0])","([1, 0, 0, 0, 0, 0], [0])",-0.0,-0.0,-0.0,-0.0,-0.0,-0.0,0.0,0.44750599999999996,3.3867720000000032,1.5256416416919485
38,"([0.41, 0.25, 0.05, 0.02, 0.01, 0.26], [0])","([1, 0, 0, 0, 0, 0], [0])",-0.0,-0.0,-0.0,-0.0,-0.0,-0.0,0.0,0.44750599999999996,2.9392660000000035,1.5256416416919485
39,"([0.41, 0.25, 0.05, 0.02, 0.01, 0.26], [0])","([1, 0, 0, 0, 0, 0], [0])",-0.0,-0.0,-0.0,-0.0,-0.0,-0.0,0.0,0.44750599999999996,2.4917600000000037,1.5256416416919485
40,"([0.41, 0.25, 0.05, 0.02, 0.01, 0.26], [0])","([1, 0, 0, 0, 0, 0], [0])",-0.0,-0.0,-0.0,-0.0,-0.0,-0.0,0.0,0.44750599999999996,2.044254000000004,1.5256416416919485
41,"([0.41, 0.25, 0.05, 0.02, 0.01, 0.26], [5])","([1, 0, 0, 0, 0, 0], [0])",-0.0,-0.0,-0.0,-0.0,-0.0,-0.758,-0.758,0.44750599999999996,2.3547480000000043,1.5256416416919485
42,"([0.41, 0.25, 0.05, 0.02, 0.01, 0.26], [1])","([1, 0, 0, 0, 0, 0], [0])",-0.0,-0.767,-0.0,-0.0,-0.0,-0.0,-0.767,0.44750599999999996,2.6742420000000044,1.5256416416919485
43,"([0.41, 0.25, 0.05, 0.02, 0.01, 0.26], [0])","([1, 0, 0, 0, 0, 0], [0])",-0.0,-0.0,-0.0,-0.0,-0.0,-0.0,0.0,0.44750599999999996,2.2267360000000043,1.5256416416919485
44,"([0.41, 0.25, 0.05, 0.02, 0.01, 0.26], [1])","([1, 0, 0, 0, 0, 0], [0])",-0.0,-0.767,-0.0,-0.0,-0.0,-0.0,-0.767,0.44750599999999996,2.5462300000000044,1.5256416416919485
45,"([0.41, 0.25, 0.05, 0.02, 0.01, 0.26], [1])","([1, 0, 0, 0, 0, 0], [0])",-0.0,-0.767,-0.0,-0.0,-0.0,-0.0,-0.767,0.44750599999999996,2.8657240000000046,1.5256416416919485
46,"([0.41, 0.25, 0.05, 0.02, 0.01, 0.26], [0])","([1, 0, 0, 0, 0, 0], [0])",-0.0,-0.0,-0.0,-0.0,-0.0,-0.0,0.0,0.44750599999999996,2.418218000000005,1.5256416416919485
47,"([0.41, 0.25, 0.05, 0.02, 0.01, 0.26], [5])","([1, 0, 0, 0, 0, 0], [0])",-0.0,-0.0,-0.0,-0.0,-0.0,-0.758,-0.758,0.44750599999999996,2.728712000000005,1.5256416416919485
48,"([0.41, 0.25, 0.05, 0.02, 0.01, 0.26], [0])","([1, 0, 0, 0, 0, 0], [0])",-0.0,-0.0,-0.0,-0.0,-0.0,-0.0,0.0,0.44750599999999996,2.2812060000000054,1.5256416416919485
49,"([0.41, 0.25, 0.05, 0.02, 0.01, 0.26], [0])","([1, 0, 0, 0, 0, 0], [0])",-0.0,-0.0,-0.0,-0.0,-0.0,-0.0,0.0,0.44750599999999996,1.8337000000000054,1.5256416416919485
50,"([0.41, 0.25, 0.05, 0.02, 0.01, 0.26], [5])","([1, 0, 0, 0, 0, 0], [0])",-0.0,-0.0,-0.0,-0.0,-0.0,-0.758,-0.758,0.44750599999999996,2.1441940000000055,1.5256416416919485
51,"([0.41, 0.25, 0.05, 0.02, 0.01, 0.26], [4])","([1, 0, 0, 0, 0, 0], [0])",-0.0,-0.0,-0.0,-0.0,-0.782,-0.0,-0.782,0.44750599999999996,2.4786880000000053,1.5256416416919485
52,"([0.41, 0.25, 0.05, 0.02, 0.01, 0.26], [5])","([1, 0, 0, 0, 0, 0], [0])",-0.0,-0.0,-0.0,-0.0,-0.0,-0.758,-0.758,0.44750599999999996,2.7891820000000056,1.5256416416919485
53,"([0.41, 0.25, 0.05, 0.02, 0.01, 0.26], [5])","([1, 0, 0, 0, 0, 0], [0])",-0.0,-0.0,-0.0,-0.0,-0.0,-0.758,-0.758,0.44750599999999996,3.099676000000006,1.5256416416919485
54,"([0.41, 0.25, 0.05, 0.02, 0.01, 0.26], [1])","([1, 0, 0, 0, 0, 0], [0])",-0.0,-0.767,-0.0,-0.0,-0.0,-0.0,-0.767,0.44750599999999996,3.419170000000006,1.5256416416919485
55,"([0.41, 0.25, 0.05, 0.02, 0.01, 0.26], [2])","([1, 0, 0, 0, 0, 0], [0])",-0.0,-0.0,-0.6890000000000001,-0.0,-0.0,-0.0,-0.6890000000000001,0.44750599999999996,3.660664000000006,1.5256416416919485
56,"([0.41, 0.25, 0.05, 0.02, 0.01, 0.26], [0])","([1, 0, 0, 0, 0, 0], [0])",-0.0,-0.0,-0.0,-0.0,-0.0,-0.0,0.0,0.44750599999999996,3.213158000000006,1.5256416416919485
57,"([0.41, 0.25, 0.05, 0.02, 0.01, 0.26], [5])","([1, 0, 0, 0, 0, 0], [0])",-0.0,-0.0,-0.0,-0.0,-0.0,-0.758,-0.758,0.44750599999999996,3.5236520000000064,1.5256416416919485
58,"([0.41, 0.25, 0.05, 0.02, 0.01, 0.26], [5])","([1, 0, 0, 0, 0, 0], [0])",-0.0,-0.0,-0.0,-0.0,-0.0,-0.758,-0.758,0.44750599999999996,3.8341460000000067,1.5256416416919485
59,"([0.41, 0.25, 0.05, 0.02, 0.01, 0.26], [5])","([1, 0, 0, 0, 0, 0], [0])",-0.0,-0.0,-0.0,-0.0,-0.0,-0.758,-0.758,0.44750599999999996,4.144640000000007,1.5256416416919485
60,"([0.41, 0.25, 0.05, 0.02, 0.01, 0.26], [0])","([1, 0, 0, 0, 0, 0], [0])",-0.0,-0.0,-0.0,-0.0,-0.0,-0.0,0.0,0.44750599999999996,3.6971340000000072,1.5256416416919485
61,"([0.41, 0.25, 0.05, 0.02, 0.01, 0.26], [1])","([1, 0, 0, 0, 0, 0], [0])",-0.0,-0.767,-0.0,-0.0,-0.0,-0.0,-0.767,0.44750599999999996,4.016628000000007,1.5256416416919485
62,"([0.41, 0.25, 0.05, 0.02, 0.01, 0.26], [5])","([1, 0, 0, 0, 0, 0], [0])",-0.0,-0.0,-0.0,-0.0,-0.0,-0.758,-0.758,0.44750599999999996,4.327122000000007,1.5256416416919485
63,"([0.41, 0.25, 0.05, 0.02, 0.01, 0.26], [3])","([1, 0, 0, 0, 0, 0], [0])",-0.0,-0.0,-0.0,-0.852,-0.0,-0.0,-0.852,0.44750599999999996,4.731616000000007,1.5256416416919485
64,"([0.41, 0.25, 0.05, 0.02, 0.01, 0.26], [1])","([1, 0, 0, 0, 0, 0], [0])",-0.0,-0.767,-0.0,-0.0,-0.0,-0.0,-0.767,0.44750599999999996,5.051110000000007,1.5256416416919485
65,"([0.41, 0.25, 0.05, 0.02, 0.01, 0.26], [5])","([1, 0, 0, 0, 0, 0], [0])",-0.0,-0.0,-0.0,-0.0,-0.0,-0.758,-0.758,0.44750599999999996,5.361604000000007,1.5256416416919485
66,"([0.41, 0.25, 0.05, 0.02, 0.01, 0.26], [5])","([1, 0, 0, 0, 0, 0], [0])",-0.0,-0.0,-0.0,-0.0,-0.0,-0.758,-0.758,0.44750599999999996,5.672098000000007,1.5256416416919485
67,"([0.41, 0.25, 0.05, 0.02, 0.01, 0.26], [2])","([1, 0, 0, 0, 0, 0], [0])",-0.0,-0.0,-0.6890000000000001,-0.0,-0.0,-0.0,-0.6890000000000001,0.44750599999999996,5.9135920000000075,1.5256416416919485
68,"([0.41, 0.25, 0.05, 0.02, 0.01, 0.26], [0])","([1, 0, 0, 0, 0, 0], [0])",-0.0,-0.0,-0.0,-0.0,-0.0,-0.0,0.0,0.44750599999999996,5.466086000000008,1.5256416416919485
69,"([0.41, 0.25, 0.05, 0.02, 0.01, 0.26], [1])","([1, 0, 0, 0, 0, 0], [0])",-0.0,-0.767,-0.0,-0.0,-0.0,-0.0,-0.767,0.44750599999999996,5.7855800000000075,1.5256416416919485
70,"([0.41, 0.25, 0.05, 0.02, 0.01, 0.26], [5])","([1, 0, 0, 0, 0, 0], [0])",-0.0,-0.0,-0.0,-0.0,-0.0,-0.758,-0.758,0.44750599999999996,6.096074000000008,1.5256416416919485
71,"([0.41, 0.25, 0.05, 0.02, 0.01, 0.26], [0])","([1, 0, 0, 0, 0, 0], [0])",-0.0,-0.0,-0.0,-0.0,-0.0,-0.0,0.0,0.44750599999999996,5.648568000000008,1.5256416416919485
72,"([0.41, 0.25, 0.05, 0.02, 0.01, 0.26], [0])","([1, 0, 0, 0, 0, 0], [0])",-0.0,-0.0,-0.0,-0.0,-0.0,-0.0,0.0,0.44750599999999996,5.201062000000008,1.5256416416919485
73,"([0.41, 0.25, 0.05, 0.02, 0.01, 0.26], [5])","([1, 0, 0, 0, 0, 0], [0])",-0.0,-0.0,-0.0,-0.0,-0.0,-0.758,-0.758,0.44750599999999996,5.511556000000009,1.5256416416919485
74,"([0.41, 0.25, 0.05, 0.02, 0.01, 0.26], [2])","([1, 0, 0, 0, 0, 0], [0])",-0.0,-0.0,-0.6890000000000001,-0.0,-0.0,-0.0,-0.6890000000000001,0.44750599999999996,5.753050000000009,1.5256416416919485
75,"([0.41, 0.25, 0.05, 0.02, 0.01, 0.26], [0])","([1, 0, 0, 0, 0, 0], [0])",-0.0,-0.0,-0.0,-0.0,-0.0,-0.0,0.0,0.44750599999999996,5.305544000000009,1.5256416416919485
76,"([0.41, 0.25, 0.05, 0.02, 0.01, 0.26], [1])","([1, 0, 0, 0, 0, 0], [0])",-0.0,-0.767,-0.0,-0.0,-0.0,-0.0,-0.767,0.44750599999999996,5.625038000000009,1.5256416416919485
77,"([0.41, 0.25, 0.05, 0.02, 0.01, 0.26], [5])","([1, 0, 0, 0, 0, 0], [0])",-0.0,-0.0,-0.0,-0.0,-0.0,-0.758,-0.758,0.44750599999999996,5.935532000000009,1.5256416416919485
78,"([0.41, 0.25, 0.05, 0.02, 0.01, 0.26], [0])","([1, 0, 0, 0, 0, 0], [0])",-0.0,-0.0,-0.0,-0.0,-0.0,-0.0,0.0,0.44750599999999996,5.488026000000009,1.5256416416919485
79,"([0.41, 0.25, 0.05, 0.02, 0.01, 0.26], [5])","([1, 0, 0, 0, 0, 0], [0])",-0.0,-0.0,-0.0,-0.0,-0.0,-0.758,-0.758,0.44750599999999996,5.79852000000001,1.5256416416919485
80,"([0.41, 0.25, 0.05, 0.02, 0.01, 0.26], [1])","([1, 0, 0, 0, 0, 0], [0])",-0.0,-0.767,-0.0,-0.0,-0.0,-0.0,-0.767,0.44750599999999996,6.118014000000009,1.5256416416919485
81,"([0.41, 0.25, 0.05, 0.02, 0.01, 0.26], [0])","([1, 0, 0, 0, 0, 0], [0])",-0.0,-0.0,-0.0,-0.0,-0.0,-0.0,0.0,0.44750599999999996,5.67050800000001,1.5256416416919485
82,"([0.41, 0.25, 0.05, 0.02, 0.01, 0.26], [0])","([1, 0, 0, 0, 0, 0], [0])",-0.0,-0.0,-0.0,-0.0,-0.0,-0.0,0.0,0.44750599999999996,5.22300200000001,1.5256416416919485
83,"([0.41, 0.25, 0.05, 0.02, 0.01, 0.26], [0])","([1, 0, 0, 0, 0, 0], [0])",-0.0,-0.0,-0.0,-0.0,-0.0,-0.0,0.0,0.44750599999999996,4.77549600000001,1.5256416416919485
84,"([0.41, 0.25, 0.05, 0.02, 0.01, 0.26], [5])","([1, 0, 0, 0, 0, 0], [0])",-0.0,-0.0,-0.0,-0.0,-0.0,-0.758,-0.758,0.44750599999999996,5.0859900000000104,1.5256416416919485
85,"([0.41, 0.25, 0.05, 0.02, 0.01, 0.26], [0])","([1, 0, 0, 0, 0, 0], [0])",-0.0,-0.0,-0.0,-0.0,-0.0,-0.0,0.0,0.44750599999999996,4.638484000000011,1.5256416416919485
86,"([0.41, 0.25, 0.05, 0.02, 0.01, 0.26], [1])","([1, 0, 0, 0, 0, 0], [0])",-0.0,-0.767,-0.0,-0.0,-0.0,-0.0,-0.767,0.44750599999999996,4.95797800000001,1.5256416416919485
87,"([0.41, 0.25, 0.05, 0.02, 0.01, 0.26], [5])","([1, 0, 0, 0, 0, 0], [0])",-0.0,-0.0,-0.0,-0.0,-0.0,-0.758,-0.758,0.44750599999999996,5.268472000000011,1.5256416416919485
88,"([0.41, 0.25, 0.05, 0.02, 0.01, 0.26], [5])","([1, 0, 0, 0, 0, 0], [0])",-0.0,-0.0,-0.0,-0.0,-0.0,-0.758,-0.758,0.44750599999999996,5.578966000000011,1.5256416416919485
89,"([0.41, 0.25, 0.05, 0.02, 0.01, 0.26], [0])","([1, 0, 0, 0, 0, 0], [0])",-0.0,-0.0,-0.0,-0.0,-0.0,-0.0,0.0,0.44750599999999996,5.131460000000011,1.5256416416919485
90,"([0.41, 0.25, 0.05, 0.02, 0.01, 0.26], [3])","([1, 0, 0, 0, 0, 0], [0])",-0.0,-0.0,-0.0,-0.852,-0.0,-0.0,-0.852,0.44750599999999996,5.535954000000011,1.5256416416919485
91,"([0.41, 0.25, 0.05, 0.02, 0.01, 0.26], [5])","([1, 0, 0, 0, 0, 0], [0])",-0.0,-0.0,-0.0,-0.0,-0.0,-0.758,-0.758,0.44750599999999996,5.846448000000011,1.5256416416919485
92,"([0.41, 0.25, 0.05, 0.02, 0.01, 0.26], [0])","([1, 0, 0, 0, 0, 0], [0])",-0.0,-0.0,-0.0,-0.0,-0.0,-0.0,0.0,0.44750599999999996,5.3989420000000115,1.5256416416919485
93,"([0.41, 0.25, 0.05, 0.02, 0.01, 0.26], [0])","([1, 0, 0, 0, 0, 0], [0])",-0.0,-0.0,-0.0,-0.0,-0.0,-0.0,0.0,0.44750599999999996,4.951436000000012,1.5256416416919485
94,"([0.41, 0.25, 0.05, 0.02, 0.01, 0.26], [1])","([1, 0, 0, 0, 0, 0], [0])",-0.0,-0.767,-0.0,-0.0,-0.0,-0.0,-0.767,0.44750599999999996,5.270930000000011,1.5256416416919485
95,"([0.41, 0.25, 0.05, 0.02, 0.01, 0.26], [0])","([1, 0, 0, 0, 0, 0], [0])",-0.0,-0.0,-0.0,-0.0,-0.0,-0.0,0.0,0.44750599999999996,4.823424000000012,1.5256416416919485
96,"([0.41, 0.25, 0.05, 0.02, 0.01, 0.26], [0])","([1, 0, 0, 0, 0, 0], [0])",-0.0,-0.0,-0.0,-0.0,-0.0,-0.0,0.0,0.44750599999999996,4.375918000000012,1.5256416416919485
97,"([0.41, 0.25, 0.05, 0.02, 0.01, 0.26], [1])","([1, 0, 0, 0, 0, 0], [0])",-0.0,-0.767,-0.0,-0.0,-0.0,-0.0,-0.767,0.44750599999999996,4.695412000000012,1.5256416416919485
98,"([0.41, 0.25, 0.05, 0.02, 0.01, 0.26], [0])","([1, 0, 0, 0, 0, 0], [0])",-0.0,-0.0,-0.0,-0.0,-0.0,-0.0,0.0,0.44750599999999996,4.247906000000012,1.5256416416919485
99,"([0.41, 0.25, 0.05, 0.02, 0.01, 0.26], [0])","([1, 0, 0, 0, 0, 0], [0])",-0.0,-0.0,-0.0,-0.0,-0.0,-0.0,0.0,0.44750599999999996,3.800400000000012,1.5256416416919485
100,"([0.41, 0.25, 0.05, 0.02, 0.01, 0.26], [0])","([1, 0, 0, 0, 0, 0], [0])",-0.0,-0.0,-0.0,-0.0,-0.0,-0.0,0.0,0.44750599999999996,3.3528940000000125,1.5256416416919485
101,"([0.41, 0.25, 0.05, 0.02, 0.01, 0.26], [0])","([1, 0, 0, 0, 0, 0], [0])",-0.0,-0.0,-0.0,-0.0,-0.0,-0.0,0.0,0.44750599999999996,2.9053880000000127,1.5256416416919485
102,"([0.41, 0.25, 0.05, 0.02, 0.01, 0.26], [0])","([1, 0, 0, 0, 0, 0], [0])",-0.0,-0.0,-0.0,-0.0,-0.0,-0.0,0.0,0.44750599999999996,2.457882000000013,1.5256416416919485
103,"([0.41, 0.25, 0.05, 0.02, 0.01, 0.26], [1])","([1, 0, 0, 0, 0, 0], [0])",-0.0,-0.767,-0.0,-0.0,-0.0,-0.0,-0.767,0.44750599999999996,2.777376000000013,1.5256416416919485
104,"([0.41, 0.25, 0.05, 0.02, 0.01, 0.26], [0])","([1, 0, 0, 0, 0, 0], [0])",-0.0,-0.0,-0.0,-0.0,-0.0,-0.0,0.0,0.44750599999999996,2.329870000000013,1.5256416416919485
105,"([0.41, 0.25, 0.05, 0.02, 0.01, 0.26], [0])","([1, 0, 0, 0, 0, 0], [0])",-0.0,-0.0,-0.0,-0.0,-0.0,-0.0,0.0,0.44750599999999996,1.882364000000013,1.5256416416919485
106,"([0.41, 0.25, 0.05, 0.02, 0.01, 0.26], [0])","([1, 0, 0, 0, 0, 0], [0])",-0.0,-0.0,-0.0,-0.0,-0.0,-0.0,0.0,0.44750599999999996,1.434858000000013,1.5256416416919485
107,"([0.41, 0.25, 0.05, 0.02, 0.01, 0.26], [0])","([1, 0, 0, 0, 0, 0], [0])",-0.0,-0.0,-0.0,-0.0,-0.0,-0.0,0.0,0.44750599999999996,0.9873520000000131,1.5256416416919485
108,"([0.41, 0.25, 0.05, 0.02, 0.01, 0.26], [0])","([1, 0, 0, 0, 0, 0], [0])",-0.0,-0.0,-0.0,-0.0,-0.0,-0.0,0.0,0.44750599999999996,0.5398460000000131,1.5256416416919485
109,"([0.41, 0.25, 0.05, 0.02, 0.01, 0.26], [0])","([1, 0, 0, 0, 0, 0], [0])",-0.0,-0.0,-0.0,-0.0,-0.0,-0.0,0.0,0.44750599999999996,0.09234000000001319,1.5256416416919485
110,"([0.41, 0.25, 0.05, 0.02, 0.01, 0.26], [5])","([1, 0, 0, 0, 0, 0], [0])",-0.0,-0.0,-0.0,-0.0,-0.0,-0.758,-0.758,0.44750599999999996,0.40283400000001324,1.5256416416919485
111,"([0.41, 0.25, 0.05, 0.02, 0.01, 0.26], [5])","([1, 0, 0, 0, 0, 0], [0])",-0.0,-0.0,-0.0,-0.0,-0.0,-0.758,-0.758,0.44750599999999996,0.7133280000000133,1.5256416416919485
112,"([0.41, 0.25, 0.05, 0.02, 0.01, 0.26], [5])","([1, 0, 0, 0, 0, 0], [0])",-0.0,-0.0,-0.0,-0.0,-0.0,-0.758,-0.758,0.44750599999999996,1.0238220000000133,1.5256416416919485
113,"([0.41, 0.25, 0.05, 0.02, 0.01, 0.26], [5])","([1, 0, 0, 0, 0, 0], [0])",-0.0,-0.0,-0.0,-0.0,-0.0,-0.758,-0.758,0.44750599999999996,1.3343160000000134,1.5256416416919485
114,"([0.41, 0.25, 0.05, 0.02, 0.01, 0.26], [5])","([1, 0, 0, 0, 0, 0], [0])",-0.0,-0.0,-0.0,-0.0,-0.0,-0.758,-0.758,0.44750599999999996,1.6448100000000134,1.5256416416919485
115,"([0.41, 0.25, 0.05, 0.02, 0.01, 0.26], [0])","([1, 0, 0, 0, 0, 0], [0])",-0.0,-0.0,-0.0,-0.0,-0.0,-0.0,0.0,0.44750599999999996,1.1973040000000135,1.5256416416919485
116,"([0.41, 0.25, 0.05, 0.02, 0.01, 0.26], [2])","([1, 0, 0, 0, 0, 0], [0])",-0.0,-0.0,-0.6890000000000001,-0.0,-0.0,-0.0,-0.6890000000000001,0.44750599999999996,1.4387980000000136,1.5256416416919485
117,"([0.41, 0.25, 0.05, 0.02, 0.01, 0.26], [1])","([1, 0, 0, 0, 0, 0], [0])",-0.0,-0.767,-0.0,-0.0,-0.0,-0.0,-0.767,0.44750599999999996,1.7582920000000137,1.5256416416919485
118,"([0.41, 0.25, 0.05, 0.02, 0.01, 0.26], [4])","([1, 0, 0, 0, 0, 0], [0])",-0.0,-0.0,-0.0,-0.0,-0.782,-0.0,-0.782,0.44750599999999996,2.0927860000000136,1.5256416416919485
119,"([0.41, 0.25, 0.05, 0.02, 0.01, 0.26], [0])","([1, 0, 0, 0, 0, 0], [0])",-0.0,-0.0,-0.0,-0.0,-0.0,-0.0,0.0,0.44750599999999996,1.6452800000000136,1.5256416416919485
120,"([0.41, 0.25, 0.05, 0.02, 0.01, 0.26], [1])","([1, 0, 0, 0, 0, 0], [0])",-0.0,-0.767,-0.0,-0.0,-0.0,-0.0,-0.767,0.44750599999999996,1.9647740000000136,1.5256416416919485
121,"([0.41, 0.25, 0.05, 0.02, 0.01, 0.26], [5])","([1, 0, 0, 0, 0, 0], [0])",-0.0,-0.0,-0.0,-0.0,-0.0,-0.758,-0.758,0.44750599999999996,2.275268000000014,1.5256416416919485
122,"([0.41, 0.25, 0.05, 0.02, 0.01, 0.26], [0])","([1, 0, 0, 0, 0, 0], [0])",-0.0,-0.0,-0.0,-0.0,-0.0,-0.0,0.0,0.44750599999999996,1.8277620000000139,1.5256416416919485
123,"([0.41, 0.25, 0.05, 0.02, 0.01, 0.26], [1])","([1, 0, 0, 0, 0, 0], [0])",-0.0,-0.767,-0.0,-0.0,-0.0,-0.0,-0.767,0.44750599999999996,2.147256000000014,1.5256416416919485
124,"([0.41, 0.25, 0.05, 0.02, 0.01, 0.26], [0])","([1, 0, 0, 0, 0, 0], [0])",-0.0,-0.0,-0.0,-0.0,-0.0,-0.0,0.0,0.44750599999999996,1.6997500000000139,1.5256416416919485
125,"([0.41, 0.25, 0.05, 0.02, 0.01, 0.26], [5])","([1, 0, 0, 0, 0, 0], [0])",-0.0,-0.0,-0.0,-0.0,-0.0,-0.758,-0.758,0.44750599999999996,2.010244000000014,1.5256416416919485
126,"([0.41, 0.25, 0.05, 0.02, 0.01, 0.26], [5])","([1, 0, 0, 0, 0, 0], [0])",-0.0,-0.0,-0.0,-0.0,-0.0,-0.758,-0.758,0.44750599999999996,2.3207380000000137,1.5256416416919485
127,"([0.41, 0.25, 0.05, 0.02, 0.01, 0.26], [5])","([1, 0, 0, 0, 0, 0], [0])",-0.0,-0.0,-0.0,-0.0,-0.0,-0.758,-0.758,0.44750599999999996,2.631232000000014,1.5256416416919485
128,"([0.41, 0.25, 0.05, 0.02, 0.01, 0.26], [1])","([1, 0, 0, 0, 0, 0], [0])",-0.0,-0.767,-0.0,-0.0,-0.0,-0.0,-0.767,0.44750599999999996,2.950726000000014,1.5256416416919485
129,"([0.41, 0.25, 0.05, 0.02, 0.01, 0.26], [1])","([1, 0, 0, 0, 0, 0], [0])",-0.0,-0.767,-0.0,-0.0,-0.0,-0.0,-0.767,0.44750599999999996,3.2702200000000143,1.5256416416919485
130,"([0.41, 0.25, 0.05, 0.02, 0.01, 0.26], [5])","([1, 0, 0, 0, 0, 0], [0])",-0.0,-0.0,-0.0,-0.0,-0.0,-0.758,-0.758,0.44750599999999996,3.5807140000000146,1.5256416416919485
131,"([0.41, 0.25, 0.05, 0.02, 0.01, 0.26], [5])","([1, 0, 0, 0, 0, 0], [0])",-0.0,-0.0,-0.0,-0.0,-0.0,-0.758,-0.758,0.44750599999999996,3.891208000000015,1.5256416416919485
132,"([0.41, 0.25, 0.05, 0.02, 0.01, 0.26], [1])","([1, 0, 0, 0, 0, 0], [0])",-0.0,-0.767,-0.0,-0.0,-0.0,-0.0,-0.767,0.44750599999999996,4.210702000000015,1.5256416416919485
133,"([0.41, 0.25, 0.05, 0.02, 0.01, 0.26], [5])","([1, 0, 0, 0, 0, 0], [0])",-0.0,-0.0,-0.0,-0.0,-0.0,-0.758,-0.758,0.44750599999999996,4.521196000000015,1.5256416416919485
134,"([0.41, 0.25, 0.05, 0.02, 0.01, 0.26], [5])","([1, 0, 0, 0, 0, 0], [0])",-0.0,-0.0,-0.0,-0.0,-0.0,-0.758,-0.758,0.44750599999999996,4.831690000000015,1.5256416416919485
135,"([0.41, 0.25, 0.05, 0.02, 0.01, 0.26], [5])","([1, 0, 0, 0, 0, 0], [0])",-0.0,-0.0,-0.0,-0.0,-0.0,-0.758,-0.758,0.44750599999999996,5.142184000000015,1.5256416416919485
136,"([0.41, 0.25, 0.05, 0.02, 0.01, 0.26], [1])","([1, 0, 0, 0, 0, 0], [0])",-0.0,-0.767,-0.0,-0.0,-0.0,-0.0,-0.767,0.44750599999999996,5.461678000000015,1.5256416416919485
137,"([0.41, 0.25, 0.05, 0.02, 0.01, 0.26], [1])","([1, 0, 0, 0, 0, 0], [0])",-0.0,-0.767,-0.0,-0.0,-0.0,-0.0,-0.767,0.44750599999999996,5.781172000000015,1.5256416416919485
138,"([0.41, 0.25, 0.05, 0.02, 0.01, 0.26], [0])","([1, 0, 0, 0, 0, 0], [0])",-0.0,-0.0,-0.0,-0.0,-0.0,-0.0,0.0,0.44750599999999996,5.333666000000015,1.5256416416919485
139,"([0.41, 0.25, 0.05, 0.02, 0.01, 0.26], [5])","([1, 0, 0, 0, 0, 0], [0])",-0.0,-0.0,-0.0,-0.0,-0.0,-0.758,-0.758,0.44750599999999996,5.644160000000015,1.5256416416919485
140,"([0.41, 0.25, 0.05, 0.02, 0.01, 0.26], [1])","([1, 0, 0, 0, 0, 0], [0])",-0.0,-0.767,-0.0,-0.0,-0.0,-0.0,-0.767,0.44750599999999996,5.963654000000015,1.5256416416919485
141,"([0.41, 0.25, 0.05, 0.02, 0.01, 0.26], [5])","([1, 0, 0, 0, 0, 0], [0])",-0.0,-0.0,-0.0,-0.0,-0.0,-0.758,-0.758,0.44750599999999996,6.274148000000015,1.5256416416919485
142,"([0.41, 0.25, 0.05, 0.02, 0.01, 0.26], [0])","([1, 0, 0, 0, 0, 0], [0])",-0.0,-0.0,-0.0,-0.0,-0.0,-0.0,0.0,0.44750599999999996,5.826642000000016,1.5256416416919485
143,"([0.41, 0.25, 0.05, 0.02, 0.01, 0.26], [3])","([1, 0, 0, 0, 0, 0], [0])",-0.0,-0.0,-0.0,-0.852,-0.0,-0.0,-0.852,0.44750599999999996,6.231136000000015,1.5256416416919485
144,"([0.41, 0.25, 0.05, 0.02, 0.01, 0.26], [0])","([1, 0, 0, 0, 0, 0], [0])",-0.0,-0.0,-0.0,-0.0,-0.0,-0.0,0.0,0.44750599999999996,5.783630000000016,1.5256416416919485
145,"([0.41, 0.25, 0.05, 0.02, 0.01, 0.26], [5])","([1, 0, 0, 0, 0, 0], [0])",-0.0,-0.0,-0.0,-0.0,-0.0,-0.758,-0.758,0.44750599999999996,6.094124000000016,1.5256416416919485
146,"([0.41, 0.25, 0.05, 0.02, 0.01, 0.26], [1])","([1, 0, 0, 0, 0, 0], [0])",-0.0,-0.767,-0.0,-0.0,-0.0,-0.0,-0.767,0.44750599999999996,6.413618000000016,1.5256416416919485
147,"([0.41, 0.25, 0.05, 0.02, 0.01, 0.26], [2])","([1, 0, 0, 0, 0, 0], [0])",-0.0,-0.0,-0.6890000000000001,-0.0,-0.0,-0.0,-0.6890000000000001,0.44750599999999996,6.655112000000016,1.5256416416919485
148,"([0.41, 0.25, 0.05, 0.02, 0.01, 0.26], [0])","([1, 0, 0, 0, 0, 0], [0])",-0.0,-0.0,-0.0,-0.0,-0.0,-0.0,0.0,0.44750599999999996,6.207606000000016,1.5256416416919485
149,"([0.41, 0.25, 0.05, 0.02, 0.01, 0.26], [0])","([1, 0, 0, 0, 0, 0], [0])",-0.0,-0.0,-0.0,-0.0,-0.0,-0.0,0.0,0.44750599999999996,5.760100000000016,1.5256416416919485
150,"([0.41, 0.25, 0.05, 0.02, 0.01, 0.26], [2])","([1, 0, 0, 0, 0, 0], [0])",-0.0,-0.0,-0.6890000000000001,-0.0,-0.0,-0.0,-0.6890000000000001,0.44750599999999996,6.001594000000017,1.5256416416919485
151,"([0.41, 0.25, 0.05, 0.02, 0.01, 0.26], [5])","([1, 0, 0, 0, 0, 0], [0])",-0.0,-0.0,-0.0,-0.0,-0.0,-0.758,-0.758,0.44750599999999996,6.312088000000017,1.5256416416919485
152,"([0.41, 0.25, 0.05, 0.02, 0.01, 0.26], [0])","([1, 0, 0, 0, 0, 0], [0])",-0.0,-0.0,-0.0,-0.0,-0.0,-0.0,0.0,0.44750599999999996,5.864582000000017,1.5256416416919485
153,"([0.41, 0.25, 0.05, 0.02, 0.01, 0.26], [1])","([1, 0, 0, 0, 0, 0], [0])",-0.0,-0.767,-0.0,-0.0,-0.0,-0.0,-0.767,0.44750599999999996,6.184076000000017,1.5256416416919485
154,"([0.41, 0.25, 0.05, 0.02, 0.01, 0.26], [2])","([1, 0, 0, 0, 0, 0], [0])",-0.0,-0.0,-0.6890000000000001,-0.0,-0.0,-0.0,-0.6890000000000001,0.44750599999999996,6.425570000000017,1.5256416416919485
155,"([0.41, 0.25, 0.05, 0.02, 0.01, 0.26], [1])","([1, 0, 0, 0, 0, 0], [0])",-0.0,-0.767,-0.0,-0.0,-0.0,-0.0,-0.767,0.44750599999999996,6.745064000000017,1.5256416416919485
156,"([0.41, 0.25, 0.05, 0.02, 0.01, 0.26], [0])","([1, 0, 0, 0, 0, 0], [0])",-0.0,-0.0,-0.0,-0.0,-0.0,-0.0,0.0,0.44750599999999996,6.297558000000017,1.5256416416919485
157,"([0.41, 0.25, 0.05, 0.02, 0.01, 0.26], [1])","([1, 0, 0, 0, 0, 0], [0])",-0.0,-0.767,-0.0,-0.0,-0.0,-0.0,-0.767,0.44750599999999996,6.617052000000017,1.5256416416919485
158,"([0.41, 0.25, 0.05, 0.02, 0.01, 0.26], [1])","([1, 0, 0, 0, 0, 0], [0])",-0.0,-0.767,-0.0,-0.0,-0.0,-0.0,-0.767,0.44750599999999996,6.936546000000017,1.5256416416919485
159,"([0.41, 0.25, 0.05, 0.02, 0.01, 0.26], [5])","([1, 0, 0, 0, 0, 0], [0])",-0.0,-0.0,-0.0,-0.0,-0.0,-0.758,-0.758,0.44750599999999996,7.247040000000017,1.5256416416919485
160,"([0.41, 0.25, 0.05, 0.02, 0.01, 0.26], [0])","([1, 0, 0, 0, 0, 0], [0])",-0.0,-0.0,-0.0,-0.0,-0.0,-0.0,0.0,0.44750599999999996,6.799534000000017,1.5256416416919485
161,"([0.41, 0.25, 0.05, 0.02, 0.01, 0.26], [1])","([1, 0, 0, 0, 0, 0], [0])",-0.0,-0.767,-0.0,-0.0,-0.0,-0.0,-0.767,0.44750599999999996,7.119028000000017,1.5256416416919485
162,"([0.41, 0.25, 0.05, 0.02, 0.01, 0.26], [5])","([1, 0, 0, 0, 0, 0], [0])",-0.0,-0.0,-0.0,-0.0,-0.0,-0.758,-0.758,0.44750599999999996,7.429522000000017,1.5256416416919485
163,"([0.41, 0.25, 0.05, 0.02, 0.01, 0.26], [1])","([1, 0, 0, 0, 0, 0], [0])",-0.0,-0.767,-0.0,-0.0,-0.0,-0.0,-0.767,0.44750599999999996,7.749016000000017,1.5256416416919485
164,"([0.41, 0.25, 0.05, 0.02, 0.01, 0.26], [1])","([1, 0, 0, 0, 0, 0], [0])",-0.0,-0.767,-0.0,-0.0,-0.0,-0.0,-0.767,0.44750599999999996,8.068510000000018,1.5256416416919485
165,"([0.41, 0.25, 0.05, 0.02, 0.01, 0.26], [0])","([1, 0, 0, 0, 0, 0], [0])",-0.0,-0.0,-0.0,-0.0,-0.0,-0.0,0.0,0.44750599999999996,7.621004000000018,1.5256416416919485
166,"([0.41, 0.25, 0.05, 0.02, 0.01, 0.26], [2])","([1, 0, 0, 0, 0, 0], [0])",-0.0,-0.0,-0.6890000000000001,-0.0,-0.0,-0.0,-0.6890000000000001,0.44750599999999996,7.862498000000018,1.5256416416919485
167,"([0.41, 0.25, 0.05, 0.02, 0.01, 0.26], [1])","([1, 0, 0, 0, 0, 0], [0])",-0.0,-0.767,-0.0,-0.0,-0.0,-0.0,-0.767,0.44750599999999996,8.181992000000019,1.5256416416919485
168,"([0.41, 0.25, 0.05, 0.02, 0.01, 0.26], [5])","([1, 0, 0, 0, 0, 0], [0])",-0.0,-0.0,-0.0,-0.0,-0.0,-0.758,-0.758,0.44750599999999996,8.492486000000019,1.5256416416919485
169,"([0.41, 0.25, 0.05, 0.02, 0.01, 0.26], [0])","([1, 0, 0, 0, 0, 0], [0])",-0.0,-0.0,-0.0,-0.0,-0.0,-0.0,0.0,0.44750599999999996,8.044980000000018,1.5256416416919485
170,"([0.41, 0.25, 0.05, 0.02, 0.01, 0.26], [5])","([1, 0, 0, 0, 0, 0], [0])",-0.0,-0.0,-0.0,-0.0,-0.0,-0.758,-0.758,0.44750599999999996,8.355474000000019,1.5256416416919485
171,"([0.41, 0.25, 0.05, 0.02, 0.01, 0.26], [2])","([1, 0, 0, 0, 0, 0], [0])",-0.0,-0.0,-0.6890000000000001,-0.0,-0.0,-0.0,-0.6890000000000001,0.44750599999999996,8.596968000000018,1.5256416416919485
172,"([0.41, 0.25, 0.05, 0.02, 0.01, 0.26], [0])","([1, 0, 0, 0, 0, 0], [0])",-0.0,-0.0,-0.0,-0.0,-0.0,-0.0,0.0,0.44750599999999996,8.149462000000018,1.5256416416919485
173,"([0.41, 0.25, 0.05, 0.02, 0.01, 0.26], [1])","([1, 0, 0, 0, 0, 0], [0])",-0.0,-0.767,-0.0,-0.0,-0.0,-0.0,-0.767,0.44750599999999996,8.468956000000018,1.5256416416919485
174,"([0.41, 0.25, 0.05, 0.02, 0.01, 0.26], [5])","([1, 0, 0, 0, 0, 0], [0])",-0.0,-0.0,-0.0,-0.0,-0.0,-0.758,-0.758,0.44750599999999996,8.779450000000018,1.5256416416919485
175,"([0.41, 0.25, 0.05, 0.02, 0.01, 0.26], [1])","([1, 0, 0, 0, 0, 0], [0])",-0.0,-0.767,-0.0,-0.0,-0.0,-0.0,-0.767,0.44750599999999996,9.098944000000019,1.5256416416919485
176,"([0.41, 0.25, 0.05, 0.02, 0.01, 0.26], [0])","([1, 0, 0, 0, 0, 0], [0])",-0.0,-0.0,-0.0,-0.0,-0.0,-0.0,0.0,0.44750599999999996,8.651438000000018,1.5256416416919485
177,"([0.41, 0.25, 0.05, 0.02, 0.01, 0.26], [0])","([1, 0, 0, 0, 0, 0], [0])",-0.0,-0.0,-0.0,-0.0,-0.0,-0.0,0.0,0.44750599999999996,8.203932000000018,1.5256416416919485
178,"([0.41, 0.25, 0.05, 0.02, 0.01, 0.26], [0])","([1, 0, 0, 0, 0, 0], [0])",-0.0,-0.0,-0.0,-0.0,-0.0,-0.0,0.0,0.44750599999999996,7.756426000000018,1.5256416416919485
179,"([0.41, 0.25, 0.05, 0.02, 0.01, 0.26], [5])","([1, 0, 0, 0, 0, 0], [0])",-0.0,-0.0,-0.0,-0.0,-0.0,-0.758,-0.758,0.44750599999999996,8.066920000000017,1.5256416416919485
180,"([0.41, 0.25, 0.05, 0.02, 0.01, 0.26], [0])","([1, 0, 0, 0, 0, 0], [0])",-0.0,-0.0,-0.0,-0.0,-0.0,-0.0,0.0,0.44750599999999996,7.619414000000018,1.5256416416919485
181,"([0.41, 0.25, 0.05, 0.02, 0.01, 0.26], [1])","([1, 0, 0, 0, 0, 0], [0])",-0.0,-0.767,-0.0,-0.0,-0.0,-0.0,-0.767,0.44750599999999996,7.938908000000017,1.5256416416919485
182,"([0.41, 0.25, 0.05, 0.02, 0.01, 0.26], [1])","([1, 0, 0, 0, 0, 0], [0])",-0.0,-0.767,-0.0,-0.0,-0.0,-0.0,-0.767,0.44750599999999996,8.258402000000018,1.5256416416919485
183,"([0.41, 0.25, 0.05, 0.02, 0.01, 0.26], [0])","([1, 0, 0, 0, 0, 0], [0])",-0.0,-0.0,-0.0,-0.0,-0.0,-0.0,0.0,0.44750599999999996,7.810896000000018,1.5256416416919485
184,"([0.41, 0.25, 0.05, 0.02, 0.01, 0.26], [5])","([1, 0, 0, 0, 0, 0], [0])",-0.0,-0.0,-0.0,-0.0,-0.0,-0.758,-0.758,0.44750599999999996,8.121390000000018,1.5256416416919485
185,"([0.41, 0.25, 0.05, 0.02, 0.01, 0.26], [1])","([1, 0, 0, 0, 0, 0], [0])",-0.0,-0.767,-0.0,-0.0,-0.0,-0.0,-0.767,0.44750599999999996,8.440884000000018,1.5256416416919485
186,"([0.41, 0.25, 0.05, 0.02, 0.01, 0.26], [0])","([1, 0, 0, 0, 0, 0], [0])",-0.0,-0.0,-0.0,-0.0,-0.0,-0.0,0.0,0.44750599999999996,7.9933780000000185,1.5256416416919485
187,"([0.41, 0.25, 0.05, 0.02, 0.01, 0.26], [3])","([1, 0, 0, 0, 0, 0], [0])",-0.0,-0.0,-0.0,-0.852,-0.0,-0.0,-0.852,0.44750599999999996,8.397872000000019,1.5256416416919485
188,"([0.41, 0.25, 0.05, 0.02, 0.01, 0.26], [0])","([1, 0, 0, 0, 0, 0], [0])",-0.0,-0.0,-0.0,-0.0,-0.0,-0.0,0.0,0.44750599999999996,7.950366000000019,1.5256416416919485
189,"([0.41, 0.25, 0.05, 0.02, 0.01, 0.26], [1])","([1, 0, 0, 0, 0, 0], [0])",-0.0,-0.767,-0.0,-0.0,-0.0,-0.0,-0.767,0.44750599999999996,8.269860000000019,1.5256416416919485
190,"([0.41, 0.25, 0.05, 0.02, 0.01, 0.26], [1])","([1, 0, 0, 0, 0, 0], [0])",-0.0,-0.767,-0.0,-0.0,-0.0,-0.0,-0.767,0.44750599999999996,8.58935400000002,1.5256416416919485
191,"([0.41, 0.25, 0.05, 0.02, 0.01, 0.26], [0])","([1, 0, 0, 0, 0, 0], [0])",-0.0,-0.0,-0.0,-0.0,-0.0,-0.0,0.0,0.44750599999999996,8.141848000000019,1.5256416416919485
192,"([0.41, 0.25, 0.05, 0.02, 0.01, 0.26], [0])","([1, 0, 0, 0, 0, 0], [0])",-0.0,-0.0,-0.0,-0.0,-0.0,-0.0,0.0,0.44750599999999996,7.694342000000019,1.5256416416919485
193,"([0.41, 0.25, 0.05, 0.02, 0.01, 0.26], [0])","([1, 0, 0, 0, 0, 0], [0])",-0.0,-0.0,-0.0,-0.0,-0.0,-0.0,0.0,0.44750599999999996,7.24683600000002,1.5256416416919485
194,"([0.41, 0.25, 0.05, 0.02, 0.01, 0.26], [0])","([1, 0, 0, 0, 0, 0], [0])",-0.0,-0.0,-0.0,-0.0,-0.0,-0.0,0.0,0.44750599999999996,6.79933000000002,1.5256416416919485
195,"([0.41, 0.25, 0.05, 0.02, 0.01, 0.26], [0])","([1, 0, 0, 0, 0, 0], [0])",-0.0,-0.0,-0.0,-0.0,-0.0,-0.0,0.0,0.44750599999999996,6.35182400000002,1.5256416416919485
196,"([0.41, 0.25, 0.05, 0.02, 0.01, 0.26], [5])","([1, 0, 0, 0, 0, 0], [0])",-0.0,-0.0,-0.0,-0.0,-0.0,-0.758,-0.758,0.44750599999999996,6.66231800000002,1.5256416416919485
197,"([0.41, 0.25, 0.05, 0.02, 0.01, 0.26], [4])","([1, 0, 0, 0, 0, 0], [0])",-0.0,-0.0,-0.0,-0.0,-0.782,-0.0,-0.782,0.44750599999999996,6.996812000000021,1.5256416416919485
198,"([0.41, 0.25, 0.05, 0.02, 0.01, 0.26], [0])","([1, 0, 0, 0, 0, 0], [0])",-0.0,-0.0,-0.0,-0.0,-0.0,-0.0,0.0,0.44750599999999996,6.549306000000021,1.5256416416919485
199,"([0.41, 0.25, 0.05, 0.02, 0.01, 0.26], [0])","([1, 0, 0, 0, 0, 0], [0])",-0.0,-0.0,-0.0,-0.0,-0.0,-0.0,0.0,0.44750599999999996,6.101800000000021,1.5256416416919485
