,sto-1,FRL-0,feedback target 0,feedback target 1,feedback target 2,feedback target 3,feedback target 4,feedback target 5,total,exp_loss,actual_regret,exp_regret
0,"([0.41, 0.25, 0.05, 0.02, 0.01, 0.26], [0])","([0.09, 0.18, 0.09, 0.27, 0.2, 0.17], [1])",-0.6859999999999999,-0.0,-0.0,-0.0,-0.0,-0.0,-0.6859999999999999,0.6262032311441466,0.23849399999999998,0.1786972311441466
1,"([0.41, 0.25, 0.05, 0.02, 0.01, 0.26], [2])","([0.09, 0.18, 0.09, 0.27, 0.2, 0.17], [4])",-0.0,-0.0,-0.6890000000000001,-0.0,-0.0,-0.0,-0.6890000000000001,0.6262032311441466,0.4799880000000001,0.3573944622882932
2,"([0.41, 0.25, 0.05, 0.02, 0.01, 0.26], [0])","([0.12, 0.18, 0.13, 0.22, 0.19, 0.17], [2])",-0.6859999999999999,-0.0,-0.0,-0.0,-0.0,-0.0,-0.6859999999999999,0.6173404105478021,0.7184820000000001,0.5272288728360953
3,"([0.41, 0.25, 0.05, 0.02, 0.01, 0.26], [0])","([0.12, 0.18, 0.13, 0.22, 0.19, 0.17], [5])",-0.6859999999999999,-0.0,-0.0,-0.0,-0.0,-0.0,-0.6859999999999999,0.6173404105478021,0.956976,0.6970632833838974
4,"([0.41, 0.25, 0.05, 0.02, 0.01, 0.26], [0])","([0.12, 0.18, 0.13, 0.22, 0.19, 0.17], [3])",-0.6859999999999999,-0.0,-0.0,-0.0,-0.0,-0.0,-0.6859999999999999,0.6173404105478021,1.19547,0.8668976939316996
5,"([0.41, 0.25, 0.05, 0.02, 0.01, 0.26], [0])","([0.12, 0.18, 0.13, 0.22, 0.19, 0.17], [3])",-0.6859999999999999,-0.0,-0.0,-0.0,-0.0,-0.0,-0.6859999999999999,0.6173404105478021,1.433964,1.0367321044795017
6,"([0.41, 0.25, 0.05, 0.02, 0.01, 0.26], [0])","([0.12, 0.18, 0.13, 0.22, 0.19, 0.17], [3])",-0.6859999999999999,-0.0,-0.0,-0.0,-0.0,-0.0,-0.6859999999999999,0.6173404105478021,1.672458,1.206566515027304
7,"([0.41, 0.25, 0.05, 0.02, 0.01, 0.26], [1])","([0.12, 0.18, 0.13, 0.22, 0.19, 0.17], [0])",-0.0,-0.767,-0.0,-0.0,-0.0,-0.0,-0.767,0.6173404105478021,1.991952,1.3764009255751062
8,"([0.41, 0.25, 0.05, 0.02, 0.01, 0.26], [1])","([1, 0, 0, 0, 0, 0], [0])",-0.0,-0.767,-0.0,-0.0,-0.0,-0.0,-0.767,0.44750599999999996,2.311446,1.3764009255751062
9,"([0.41, 0.25, 0.05, 0.02, 0.01, 0.26], [5])","([1, 0, 0, 0, 0, 0], [0])",-0.0,-0.0,-0.0,-0.0,-0.0,-0.758,-0.758,0.44750599999999996,2.6219400000000004,1.3764009255751062
10,"([0.41, 0.25, 0.05, 0.02, 0.01, 0.26], [0])","([1, 0, 0, 0, 0, 0], [0])",-0.0,-0.0,-0.0,-0.0,-0.0,-0.0,0.0,0.44750599999999996,2.1744340000000006,1.3764009255751062
11,"([0.41, 0.25, 0.05, 0.02, 0.01, 0.26], [5])","([1, 0, 0, 0, 0, 0], [0])",-0.0,-0.0,-0.0,-0.0,-0.0,-0.758,-0.758,0.44750599999999996,2.484928000000001,1.3764009255751062
12,"([0.41, 0.25, 0.05, 0.02, 0.01, 0.26], [2])","([1, 0, 0, 0, 0, 0], [0])",-0.0,-0.0,-0.6890000000000001,-0.0,-0.0,-0.0,-0.6890000000000001,0.44750599999999996,2.7264220000000012,1.3764009255751062
13,"([0.41, 0.25, 0.05, 0.02, 0.01, 0.26], [5])","([1, 0, 0, 0, 0, 0], [0])",-0.0,-0.0,-0.0,-0.0,-0.0,-0.758,-0.758,0.44750599999999996,3.0369160000000015,1.3764009255751062
14,"([0.41, 0.25, 0.05, 0.02, 0.01, 0.26], [1])","([1, 0, 0, 0, 0, 0], [0])",-0.0,-0.767,-0.0,-0.0,-0.0,-0.0,-0.767,0.44750599999999996,3.3564100000000017,1.3764009255751062
15,"([0.41, 0.25, 0.05, 0.02, 0.01, 0.26], [0])","([1, 0, 0, 0, 0, 0], [0])",-0.0,-0.0,-0.0,-0.0,-0.0,-0.0,0.0,0.44750599999999996,2.9089040000000015,1.3764009255751062
16,"([0.41, 0.25, 0.05, 0.02, 0.01, 0.26], [5])","([1, 0, 0, 0, 0, 0], [0])",-0.0,-0.0,-0.0,-0.0,-0.0,-0.758,-0.758,0.44750599999999996,3.2193980000000018,1.3764009255751062
17,"([0.41, 0.25, 0.05, 0.02, 0.01, 0.26], [5])","([1, 0, 0, 0, 0, 0], [0])",-0.0,-0.0,-0.0,-0.0,-0.0,-0.758,-0.758,0.44750599999999996,3.529892000000002,1.3764009255751062
18,"([0.41, 0.25, 0.05, 0.02, 0.01, 0.26], [0])","([1, 0, 0, 0, 0, 0], [0])",-0.0,-0.0,-0.0,-0.0,-0.0,-0.0,0.0,0.44750599999999996,3.0823860000000023,1.3764009255751062
19,"([0.41, 0.25, 0.05, 0.02, 0.01, 0.26], [0])","([1, 0, 0, 0, 0, 0], [0])",-0.0,-0.0,-0.0,-0.0,-0.0,-0.0,0.0,0.44750599999999996,2.6348800000000026,1.3764009255751062
20,"([0.41, 0.25, 0.05, 0.02, 0.01, 0.26], [0])","([1, 0, 0, 0, 0, 0], [0])",-0.0,-0.0,-0.0,-0.0,-0.0,-0.0,0.0,0.44750599999999996,2.187374000000003,1.3764009255751062
21,"([0.41, 0.25, 0.05, 0.02, 0.01, 0.26], [1])","([1, 0, 0, 0, 0, 0], [0])",-0.0,-0.767,-0.0,-0.0,-0.0,-0.0,-0.767,0.44750599999999996,2.506868000000003,1.3764009255751062
22,"([0.41, 0.25, 0.05, 0.02, 0.01, 0.26], [1])","([1, 0, 0, 0, 0, 0], [0])",-0.0,-0.767,-0.0,-0.0,-0.0,-0.0,-0.767,0.44750599999999996,2.826362000000003,1.3764009255751062
23,"([0.41, 0.25, 0.05, 0.02, 0.01, 0.26], [0])","([1, 0, 0, 0, 0, 0], [0])",-0.0,-0.0,-0.0,-0.0,-0.0,-0.0,0.0,0.44750599999999996,2.3788560000000034,1.3764009255751062
24,"([0.41, 0.25, 0.05, 0.02, 0.01, 0.26], [1])","([1, 0, 0, 0, 0, 0], [0])",-0.0,-0.767,-0.0,-0.0,-0.0,-0.0,-0.767,0.44750599999999996,2.6983500000000036,1.3764009255751062
25,"([0.41, 0.25, 0.05, 0.02, 0.01, 0.26], [0])","([1, 0, 0, 0, 0, 0], [0])",-0.0,-0.0,-0.0,-0.0,-0.0,-0.0,0.0,0.44750599999999996,2.2508440000000034,1.3764009255751062
26,"([0.41, 0.25, 0.05, 0.02, 0.01, 0.26], [0])","([1, 0, 0, 0, 0, 0], [0])",-0.0,-0.0,-0.0,-0.0,-0.0,-0.0,0.0,0.44750599999999996,1.8033380000000034,1.3764009255751062
27,"([0.41, 0.25, 0.05, 0.02, 0.01, 0.26], [5])","([1, 0, 0, 0, 0, 0], [0])",-0.0,-0.0,-0.0,-0.0,-0.0,-0.758,-0.758,0.44750599999999996,2.1138320000000035,1.3764009255751062
28,"([0.41, 0.25, 0.05, 0.02, 0.01, 0.26], [2])","([1, 0, 0, 0, 0, 0], [0])",-0.0,-0.0,-0.6890000000000001,-0.0,-0.0,-0.0,-0.6890000000000001,0.44750599999999996,2.3553260000000034,1.3764009255751062
29,"([0.41, 0.25, 0.05, 0.02, 0.01, 0.26], [1])","([1, 0, 0, 0, 0, 0], [0])",-0.0,-0.767,-0.0,-0.0,-0.0,-0.0,-0.767,0.44750599999999996,2.6748200000000035,1.3764009255751062
30,"([0.41, 0.25, 0.05, 0.02, 0.01, 0.26], [5])","([1, 0, 0, 0, 0, 0], [0])",-0.0,-0.0,-0.0,-0.0,-0.0,-0.758,-0.758,0.44750599999999996,2.9853140000000034,1.3764009255751062
31,"([0.41, 0.25, 0.05, 0.02, 0.01, 0.26], [0])","([1, 0, 0, 0, 0, 0], [0])",-0.0,-0.0,-0.0,-0.0,-0.0,-0.0,0.0,0.44750599999999996,2.5378080000000036,1.3764009255751062
32,"([0.41, 0.25, 0.05, 0.02, 0.01, 0.26], [1])","([1, 0, 0, 0, 0, 0], [0])",-0.0,-0.767,-0.0,-0.0,-0.0,-0.0,-0.767,0.44750599999999996,2.857302000000004,1.3764009255751062
33,"([0.41, 0.25, 0.05, 0.02, 0.01, 0.26], [5])","([1, 0, 0, 0, 0, 0], [0])",-0.0,-0.0,-0.0,-0.0,-0.0,-0.758,-0.758,0.44750599999999996,3.1677960000000036,1.3764009255751062
34,"([0.41, 0.25, 0.05, 0.02, 0.01, 0.26], [1])","([1, 0, 0, 0, 0, 0], [0])",-0.0,-0.767,-0.0,-0.0,-0.0,-0.0,-0.767,0.44750599999999996,3.4872900000000038,1.3764009255751062
35,"([0.41, 0.25, 0.05, 0.02, 0.01, 0.26], [0])","([1, 0, 0, 0, 0, 0], [0])",-0.0,-0.0,-0.0,-0.0,-0.0,-0.0,0.0,0.44750599999999996,3.0397840000000036,1.3764009255751062
36,"([0.41, 0.25, 0.05, 0.02, 0.01, 0.26], [0])","([1, 0, 0, 0, 0, 0], [0])",-0.0,-0.0,-0.0,-0.0,-0.0,-0.0,0.0,0.44750599999999996,2.592278000000004,1.3764009255751062
37,"([0.41, 0.25, 0.05, 0.02, 0.01, 0.26], [2])","([1, 0, 0, 0, 0, 0], [0])",-0.0,-0.0,-0.6890000000000001,-0.0,-0.0,-0.0,-0.6890000000000001,0.44750599999999996,2.833772000000004,1.3764009255751062
38,"([0.41, 0.25, 0.05, 0.02, 0.01, 0.26], [1])","([1, 0, 0, 0, 0, 0], [0])",-0.0,-0.767,-0.0,-0.0,-0.0,-0.0,-0.767,0.44750599999999996,3.1532660000000043,1.3764009255751062
39,"([0.41, 0.25, 0.05, 0.02, 0.01, 0.26], [0])","([1, 0, 0, 0, 0, 0], [0])",-0.0,-0.0,-0.0,-0.0,-0.0,-0.0,0.0,0.44750599999999996,2.705760000000004,1.3764009255751062
40,"([0.41, 0.25, 0.05, 0.02, 0.01, 0.26], [3])","([1, 0, 0, 0, 0, 0], [0])",-0.0,-0.0,-0.0,-0.852,-0.0,-0.0,-0.852,0.44750599999999996,3.1102540000000043,1.3764009255751062
41,"([0.41, 0.25, 0.05, 0.02, 0.01, 0.26], [0])","([1, 0, 0, 0, 0, 0], [0])",-0.0,-0.0,-0.0,-0.0,-0.0,-0.0,0.0,0.44750599999999996,2.662748000000004,1.3764009255751062
42,"([0.41, 0.25, 0.05, 0.02, 0.01, 0.26], [2])","([1, 0, 0, 0, 0, 0], [0])",-0.0,-0.0,-0.6890000000000001,-0.0,-0.0,-0.0,-0.6890000000000001,0.44750599999999996,2.9042420000000044,1.3764009255751062
43,"([0.41, 0.25, 0.05, 0.02, 0.01, 0.26], [5])","([1, 0, 0, 0, 0, 0], [0])",-0.0,-0.0,-0.0,-0.0,-0.0,-0.758,-0.758,0.44750599999999996,3.2147360000000047,1.3764009255751062
44,"([0.41, 0.25, 0.05, 0.02, 0.01, 0.26], [0])","([1, 0, 0, 0, 0, 0], [0])",-0.0,-0.0,-0.0,-0.0,-0.0,-0.0,0.0,0.44750599999999996,2.767230000000005,1.3764009255751062
45,"([0.41, 0.25, 0.05, 0.02, 0.01, 0.26], [0])","([1, 0, 0, 0, 0, 0], [0])",-0.0,-0.0,-0.0,-0.0,-0.0,-0.0,0.0,0.44750599999999996,2.3197240000000052,1.3764009255751062
46,"([0.41, 0.25, 0.05, 0.02, 0.01, 0.26], [0])","([1, 0, 0, 0, 0, 0], [0])",-0.0,-0.0,-0.0,-0.0,-0.0,-0.0,0.0,0.44750599999999996,1.8722180000000053,1.3764009255751062
47,"([0.41, 0.25, 0.05, 0.02, 0.01, 0.26], [5])","([1, 0, 0, 0, 0, 0], [0])",-0.0,-0.0,-0.0,-0.0,-0.0,-0.758,-0.758,0.44750599999999996,2.1827120000000053,1.3764009255751062
48,"([0.41, 0.25, 0.05, 0.02, 0.01, 0.26], [5])","([1, 0, 0, 0, 0, 0], [0])",-0.0,-0.0,-0.0,-0.0,-0.0,-0.758,-0.758,0.44750599999999996,2.493206000000005,1.3764009255751062
49,"([0.41, 0.25, 0.05, 0.02, 0.01, 0.26], [1])","([1, 0, 0, 0, 0, 0], [0])",-0.0,-0.767,-0.0,-0.0,-0.0,-0.0,-0.767,0.44750599999999996,2.8127000000000053,1.3764009255751062
50,"([0.41, 0.25, 0.05, 0.02, 0.01, 0.26], [0])","([1, 0, 0, 0, 0, 0], [0])",-0.0,-0.0,-0.0,-0.0,-0.0,-0.0,0.0,0.44750599999999996,2.365194000000005,1.3764009255751062
51,"([0.41, 0.25, 0.05, 0.02, 0.01, 0.26], [0])","([1, 0, 0, 0, 0, 0], [0])",-0.0,-0.0,-0.0,-0.0,-0.0,-0.0,0.0,0.44750599999999996,1.9176880000000052,1.3764009255751062
52,"([0.41, 0.25, 0.05, 0.02, 0.01, 0.26], [1])","([1, 0, 0, 0, 0, 0], [0])",-0.0,-0.767,-0.0,-0.0,-0.0,-0.0,-0.767,0.44750599999999996,2.237182000000005,1.3764009255751062
53,"([0.41, 0.25, 0.05, 0.02, 0.01, 0.26], [0])","([1, 0, 0, 0, 0, 0], [0])",-0.0,-0.0,-0.0,-0.0,-0.0,-0.0,0.0,0.44750599999999996,1.7896760000000052,1.3764009255751062
54,"([0.41, 0.25, 0.05, 0.02, 0.01, 0.26], [0])","([1, 0, 0, 0, 0, 0], [0])",-0.0,-0.0,-0.0,-0.0,-0.0,-0.0,0.0,0.44750599999999996,1.3421700000000052,1.3764009255751062
55,"([0.41, 0.25, 0.05, 0.02, 0.01, 0.26], [5])","([1, 0, 0, 0, 0, 0], [0])",-0.0,-0.0,-0.0,-0.0,-0.0,-0.758,-0.758,0.44750599999999996,1.6526640000000052,1.3764009255751062
56,"([0.41, 0.25, 0.05, 0.02, 0.01, 0.26], [0])","([1, 0, 0, 0, 0, 0], [0])",-0.0,-0.0,-0.0,-0.0,-0.0,-0.0,0.0,0.44750599999999996,1.2051580000000053,1.3764009255751062
57,"([0.41, 0.25, 0.05, 0.02, 0.01, 0.26], [5])","([1, 0, 0, 0, 0, 0], [0])",-0.0,-0.0,-0.0,-0.0,-0.0,-0.758,-0.758,0.44750599999999996,1.5156520000000053,1.3764009255751062
58,"([0.41, 0.25, 0.05, 0.02, 0.01, 0.26], [2])","([1, 0, 0, 0, 0, 0], [0])",-0.0,-0.0,-0.6890000000000001,-0.0,-0.0,-0.0,-0.6890000000000001,0.44750599999999996,1.7571460000000054,1.3764009255751062
59,"([0.41, 0.25, 0.05, 0.02, 0.01, 0.26], [2])","([1, 0, 0, 0, 0, 0], [0])",-0.0,-0.0,-0.6890000000000001,-0.0,-0.0,-0.0,-0.6890000000000001,0.44750599999999996,1.9986400000000055,1.3764009255751062
60,"([0.41, 0.25, 0.05, 0.02, 0.01, 0.26], [1])","([1, 0, 0, 0, 0, 0], [0])",-0.0,-0.767,-0.0,-0.0,-0.0,-0.0,-0.767,0.44750599999999996,2.3181340000000055,1.3764009255751062
61,"([0.41, 0.25, 0.05, 0.02, 0.01, 0.26], [4])","([1, 0, 0, 0, 0, 0], [0])",-0.0,-0.0,-0.0,-0.0,-0.782,-0.0,-0.782,0.44750599999999996,2.6526280000000053,1.3764009255751062
62,"([0.41, 0.25, 0.05, 0.02, 0.01, 0.26], [1])","([1, 0, 0, 0, 0, 0], [0])",-0.0,-0.767,-0.0,-0.0,-0.0,-0.0,-0.767,0.44750599999999996,2.9721220000000055,1.3764009255751062
63,"([0.41, 0.25, 0.05, 0.02, 0.01, 0.26], [0])","([1, 0, 0, 0, 0, 0], [0])",-0.0,-0.0,-0.0,-0.0,-0.0,-0.0,0.0,0.44750599999999996,2.5246160000000053,1.3764009255751062
64,"([0.41, 0.25, 0.05, 0.02, 0.01, 0.26], [0])","([1, 0, 0, 0, 0, 0], [0])",-0.0,-0.0,-0.0,-0.0,-0.0,-0.0,0.0,0.44750599999999996,2.0771100000000056,1.3764009255751062
65,"([0.41, 0.25, 0.05, 0.02, 0.01, 0.26], [0])","([1, 0, 0, 0, 0, 0], [0])",-0.0,-0.0,-0.0,-0.0,-0.0,-0.0,0.0,0.44750599999999996,1.6296040000000056,1.3764009255751062
66,"([0.41, 0.25, 0.05, 0.02, 0.01, 0.26], [0])","([1, 0, 0, 0, 0, 0], [0])",-0.0,-0.0,-0.0,-0.0,-0.0,-0.0,0.0,0.44750599999999996,1.1820980000000056,1.3764009255751062
67,"([0.41, 0.25, 0.05, 0.02, 0.01, 0.26], [0])","([1, 0, 0, 0, 0, 0], [0])",-0.0,-0.0,-0.0,-0.0,-0.0,-0.0,0.0,0.44750599999999996,0.7345920000000057,1.3764009255751062
68,"([0.41, 0.25, 0.05, 0.02, 0.01, 0.26], [2])","([1, 0, 0, 0, 0, 0], [0])",-0.0,-0.0,-0.6890000000000001,-0.0,-0.0,-0.0,-0.6890000000000001,0.44750599999999996,0.9760860000000058,1.3764009255751062
69,"([0.41, 0.25, 0.05, 0.02, 0.01, 0.26], [0])","([1, 0, 0, 0, 0, 0], [0])",-0.0,-0.0,-0.0,-0.0,-0.0,-0.0,0.0,0.44750599999999996,0.5285800000000058,1.3764009255751062
70,"([0.41, 0.25, 0.05, 0.02, 0.01, 0.26], [0])","([1, 0, 0, 0, 0, 0], [0])",-0.0,-0.0,-0.0,-0.0,-0.0,-0.0,0.0,0.44750599999999996,0.08107400000000586,1.3764009255751062
71,"([0.41, 0.25, 0.05, 0.02, 0.01, 0.26], [0])","([1, 0, 0, 0, 0, 0], [0])",-0.0,-0.0,-0.0,-0.0,-0.0,-0.0,0.0,0.44750599999999996,-0.3664319999999941,1.3764009255751062
72,"([0.41, 0.25, 0.05, 0.02, 0.01, 0.26], [0])","([1, 0, 0, 0, 0, 0], [0])",-0.0,-0.0,-0.0,-0.0,-0.0,-0.0,0.0,0.44750599999999996,-0.813937999999994,1.3764009255751062
73,"([0.41, 0.25, 0.05, 0.02, 0.01, 0.26], [0])","([1, 0, 0, 0, 0, 0], [0])",-0.0,-0.0,-0.0,-0.0,-0.0,-0.0,0.0,0.44750599999999996,-1.261443999999994,1.3764009255751062
74,"([0.41, 0.25, 0.05, 0.02, 0.01, 0.26], [0])","([1, 0, 0, 0, 0, 0], [0])",-0.0,-0.0,-0.0,-0.0,-0.0,-0.0,0.0,0.44750599999999996,-1.708949999999994,1.3764009255751062
75,"([0.41, 0.25, 0.05, 0.02, 0.01, 0.26], [0])","([1, 0, 0, 0, 0, 0], [0])",-0.0,-0.0,-0.0,-0.0,-0.0,-0.0,0.0,0.44750599999999996,-2.156455999999994,1.3764009255751062
76,"([0.41, 0.25, 0.05, 0.02, 0.01, 0.26], [1])","([1, 0, 0, 0, 0, 0], [0])",-0.0,-0.767,-0.0,-0.0,-0.0,-0.0,-0.767,0.44750599999999996,-1.836961999999994,1.3764009255751062
77,"([0.41, 0.25, 0.05, 0.02, 0.01, 0.26], [0])","([1, 0, 0, 0, 0, 0], [0])",-0.0,-0.0,-0.0,-0.0,-0.0,-0.0,0.0,0.44750599999999996,-2.284467999999994,1.3764009255751062
78,"([0.41, 0.25, 0.05, 0.02, 0.01, 0.26], [1])","([1, 0, 0, 0, 0, 0], [0])",-0.0,-0.767,-0.0,-0.0,-0.0,-0.0,-0.767,0.44750599999999996,-1.964973999999994,1.3764009255751062
79,"([0.41, 0.25, 0.05, 0.02, 0.01, 0.26], [0])","([1, 0, 0, 0, 0, 0], [0])",-0.0,-0.0,-0.0,-0.0,-0.0,-0.0,0.0,0.44750599999999996,-2.412479999999994,1.3764009255751062
80,"([0.41, 0.25, 0.05, 0.02, 0.01, 0.26], [0])","([1, 0, 0, 0, 0, 0], [0])",-0.0,-0.0,-0.0,-0.0,-0.0,-0.0,0.0,0.44750599999999996,-2.859985999999994,1.3764009255751062
81,"([0.41, 0.25, 0.05, 0.02, 0.01, 0.26], [0])","([1, 0, 0, 0, 0, 0], [0])",-0.0,-0.0,-0.0,-0.0,-0.0,-0.0,0.0,0.44750599999999996,-3.3074919999999937,1.3764009255751062
82,"([0.41, 0.25, 0.05, 0.02, 0.01, 0.26], [3])","([1, 0, 0, 0, 0, 0], [0])",-0.0,-0.0,-0.0,-0.852,-0.0,-0.0,-0.852,0.44750599999999996,-2.9029979999999935,1.3764009255751062
83,"([0.41, 0.25, 0.05, 0.02, 0.01, 0.26], [0])","([1, 0, 0, 0, 0, 0], [0])",-0.0,-0.0,-0.0,-0.0,-0.0,-0.0,0.0,0.44750599999999996,-3.3505039999999937,1.3764009255751062
84,"([0.41, 0.25, 0.05, 0.02, 0.01, 0.26], [5])","([1, 0, 0, 0, 0, 0], [0])",-0.0,-0.0,-0.0,-0.0,-0.0,-0.758,-0.758,0.44750599999999996,-3.0400099999999934,1.3764009255751062
85,"([0.41, 0.25, 0.05, 0.02, 0.01, 0.26], [0])","([1, 0, 0, 0, 0, 0], [0])",-0.0,-0.0,-0.0,-0.0,-0.0,-0.0,0.0,0.44750599999999996,-3.487515999999993,1.3764009255751062
86,"([0.41, 0.25, 0.05, 0.02, 0.01, 0.26], [0])","([1, 0, 0, 0, 0, 0], [0])",-0.0,-0.0,-0.0,-0.0,-0.0,-0.0,0.0,0.44750599999999996,-3.935021999999993,1.3764009255751062
87,"([0.41, 0.25, 0.05, 0.02, 0.01, 0.26], [5])","([1, 0, 0, 0, 0, 0], [0])",-0.0,-0.0,-0.0,-0.0,-0.0,-0.758,-0.758,0.44750599999999996,-3.6245279999999926,1.3764009255751062
88,"([0.41, 0.25, 0.05, 0.02, 0.01, 0.26], [1])","([1, 0, 0, 0, 0, 0], [0])",-0.0,-0.767,-0.0,-0.0,-0.0,-0.0,-0.767,0.44750599999999996,-3.3050339999999925,1.3764009255751062
89,"([0.41, 0.25, 0.05, 0.02, 0.01, 0.26], [0])","([1, 0, 0, 0, 0, 0], [0])",-0.0,-0.0,-0.0,-0.0,-0.0,-0.0,0.0,0.44750599999999996,-3.7525399999999927,1.3764009255751062
90,"([0.41, 0.25, 0.05, 0.02, 0.01, 0.26], [0])","([1, 0, 0, 0, 0, 0], [0])",-0.0,-0.0,-0.0,-0.0,-0.0,-0.0,0.0,0.44750599999999996,-4.200045999999992,1.3764009255751062
91,"([0.41, 0.25, 0.05, 0.02, 0.01, 0.26], [1])","([1, 0, 0, 0, 0, 0], [0])",-0.0,-0.767,-0.0,-0.0,-0.0,-0.0,-0.767,0.44750599999999996,-3.8805519999999922,1.3764009255751062
92,"([0.41, 0.25, 0.05, 0.02, 0.01, 0.26], [0])","([1, 0, 0, 0, 0, 0], [0])",-0.0,-0.0,-0.0,-0.0,-0.0,-0.0,0.0,0.44750599999999996,-4.328057999999992,1.3764009255751062
93,"([0.41, 0.25, 0.05, 0.02, 0.01, 0.26], [5])","([1, 0, 0, 0, 0, 0], [0])",-0.0,-0.0,-0.0,-0.0,-0.0,-0.758,-0.758,0.44750599999999996,-4.017563999999992,1.3764009255751062
94,"([0.41, 0.25, 0.05, 0.02, 0.01, 0.26], [3])","([1, 0, 0, 0, 0, 0], [0])",-0.0,-0.0,-0.0,-0.852,-0.0,-0.0,-0.852,0.44750599999999996,-3.613069999999992,1.3764009255751062
95,"([0.41, 0.25, 0.05, 0.02, 0.01, 0.26], [1])","([1, 0, 0, 0, 0, 0], [0])",-0.0,-0.767,-0.0,-0.0,-0.0,-0.0,-0.767,0.44750599999999996,-3.293575999999992,1.3764009255751062
96,"([0.41, 0.25, 0.05, 0.02, 0.01, 0.26], [1])","([1, 0, 0, 0, 0, 0], [0])",-0.0,-0.767,-0.0,-0.0,-0.0,-0.0,-0.767,0.44750599999999996,-2.9740819999999917,1.3764009255751062
97,"([0.41, 0.25, 0.05, 0.02, 0.01, 0.26], [0])","([1, 0, 0, 0, 0, 0], [0])",-0.0,-0.0,-0.0,-0.0,-0.0,-0.0,0.0,0.44750599999999996,-3.421587999999992,1.3764009255751062
98,"([0.41, 0.25, 0.05, 0.02, 0.01, 0.26], [0])","([1, 0, 0, 0, 0, 0], [0])",-0.0,-0.0,-0.0,-0.0,-0.0,-0.0,0.0,0.44750599999999996,-3.8690939999999916,1.3764009255751062
99,"([0.41, 0.25, 0.05, 0.02, 0.01, 0.26], [5])","([1, 0, 0, 0, 0, 0], [0])",-0.0,-0.0,-0.0,-0.0,-0.0,-0.758,-0.758,0.44750599999999996,-3.5585999999999913,1.3764009255751062
100,"([0.41, 0.25, 0.05, 0.02, 0.01, 0.26], [1])","([1, 0, 0, 0, 0, 0], [0])",-0.0,-0.767,-0.0,-0.0,-0.0,-0.0,-0.767,0.44750599999999996,-3.239105999999991,1.3764009255751062
101,"([0.41, 0.25, 0.05, 0.02, 0.01, 0.26], [0])","([1, 0, 0, 0, 0, 0], [0])",-0.0,-0.0,-0.0,-0.0,-0.0,-0.0,0.0,0.44750599999999996,-3.6866119999999913,1.3764009255751062
102,"([0.41, 0.25, 0.05, 0.02, 0.01, 0.26], [1])","([1, 0, 0, 0, 0, 0], [0])",-0.0,-0.767,-0.0,-0.0,-0.0,-0.0,-0.767,0.44750599999999996,-3.367117999999991,1.3764009255751062
103,"([0.41, 0.25, 0.05, 0.02, 0.01, 0.26], [0])","([1, 0, 0, 0, 0, 0], [0])",-0.0,-0.0,-0.0,-0.0,-0.0,-0.0,0.0,0.44750599999999996,-3.8146239999999914,1.3764009255751062
104,"([0.41, 0.25, 0.05, 0.02, 0.01, 0.26], [1])","([1, 0, 0, 0, 0, 0], [0])",-0.0,-0.767,-0.0,-0.0,-0.0,-0.0,-0.767,0.44750599999999996,-3.495129999999991,1.3764009255751062
105,"([0.41, 0.25, 0.05, 0.02, 0.01, 0.26], [5])","([1, 0, 0, 0, 0, 0], [0])",-0.0,-0.0,-0.0,-0.0,-0.0,-0.758,-0.758,0.44750599999999996,-3.1846359999999914,1.3764009255751062
106,"([0.41, 0.25, 0.05, 0.02, 0.01, 0.26], [2])","([1, 0, 0, 0, 0, 0], [0])",-0.0,-0.0,-0.6890000000000001,-0.0,-0.0,-0.0,-0.6890000000000001,0.44750599999999996,-2.943141999999991,1.3764009255751062
107,"([0.41, 0.25, 0.05, 0.02, 0.01, 0.26], [5])","([1, 0, 0, 0, 0, 0], [0])",-0.0,-0.0,-0.0,-0.0,-0.0,-0.758,-0.758,0.44750599999999996,-2.6326479999999908,1.3764009255751062
108,"([0.41, 0.25, 0.05, 0.02, 0.01, 0.26], [1])","([1, 0, 0, 0, 0, 0], [0])",-0.0,-0.767,-0.0,-0.0,-0.0,-0.0,-0.767,0.44750599999999996,-2.3131539999999906,1.3764009255751062
109,"([0.41, 0.25, 0.05, 0.02, 0.01, 0.26], [1])","([1, 0, 0, 0, 0, 0], [0])",-0.0,-0.767,-0.0,-0.0,-0.0,-0.0,-0.767,0.44750599999999996,-1.9936599999999904,1.3764009255751062
110,"([0.41, 0.25, 0.05, 0.02, 0.01, 0.26], [5])","([1, 0, 0, 0, 0, 0], [0])",-0.0,-0.0,-0.0,-0.0,-0.0,-0.758,-0.758,0.44750599999999996,-1.6831659999999904,1.3764009255751062
111,"([0.41, 0.25, 0.05, 0.02, 0.01, 0.26], [4])","([1, 0, 0, 0, 0, 0], [0])",-0.0,-0.0,-0.0,-0.0,-0.782,-0.0,-0.782,0.44750599999999996,-1.3486719999999903,1.3764009255751062
112,"([0.41, 0.25, 0.05, 0.02, 0.01, 0.26], [0])","([1, 0, 0, 0, 0, 0], [0])",-0.0,-0.0,-0.0,-0.0,-0.0,-0.0,0.0,0.44750599999999996,-1.7961779999999903,1.3764009255751062
113,"([0.41, 0.25, 0.05, 0.02, 0.01, 0.26], [5])","([1, 0, 0, 0, 0, 0], [0])",-0.0,-0.0,-0.0,-0.0,-0.0,-0.758,-0.758,0.44750599999999996,-1.4856839999999902,1.3764009255751062
114,"([0.41, 0.25, 0.05, 0.02, 0.01, 0.26], [0])","([1, 0, 0, 0, 0, 0], [0])",-0.0,-0.0,-0.0,-0.0,-0.0,-0.0,0.0,0.44750599999999996,-1.9331899999999902,1.3764009255751062
115,"([0.41, 0.25, 0.05, 0.02, 0.01, 0.26], [5])","([1, 0, 0, 0, 0, 0], [0])",-0.0,-0.0,-0.0,-0.0,-0.0,-0.758,-0.758,0.44750599999999996,-1.6226959999999901,1.3764009255751062
116,"([0.41, 0.25, 0.05, 0.02, 0.01, 0.26], [1])","([1, 0, 0, 0, 0, 0], [0])",-0.0,-0.767,-0.0,-0.0,-0.0,-0.0,-0.767,0.44750599999999996,-1.30320199999999,1.3764009255751062
117,"([0.41, 0.25, 0.05, 0.02, 0.01, 0.26], [5])","([1, 0, 0, 0, 0, 0], [0])",-0.0,-0.0,-0.0,-0.0,-0.0,-0.758,-0.758,0.44750599999999996,-0.9927079999999899,1.3764009255751062
118,"([0.41, 0.25, 0.05, 0.02, 0.01, 0.26], [1])","([1, 0, 0, 0, 0, 0], [0])",-0.0,-0.767,-0.0,-0.0,-0.0,-0.0,-0.767,0.44750599999999996,-0.6732139999999899,1.3764009255751062
119,"([0.41, 0.25, 0.05, 0.02, 0.01, 0.26], [5])","([1, 0, 0, 0, 0, 0], [0])",-0.0,-0.0,-0.0,-0.0,-0.0,-0.758,-0.758,0.44750599999999996,-0.36271999999998983,1.3764009255751062
120,"([0.41, 0.25, 0.05, 0.02, 0.01, 0.26], [0])","([1, 0, 0, 0, 0, 0], [0])",-0.0,-0.0,-0.0,-0.0,-0.0,-0.0,0.0,0.44750599999999996,-0.8102259999999898,1.3764009255751062
121,"([0.41, 0.25, 0.05, 0.02, 0.01, 0.26], [0])","([1, 0, 0, 0, 0, 0], [0])",-0.0,-0.0,-0.0,-0.0,-0.0,-0.0,0.0,0.44750599999999996,-1.2577319999999896,1.3764009255751062
122,"([0.41, 0.25, 0.05, 0.02, 0.01, 0.26], [0])","([1, 0, 0, 0, 0, 0], [0])",-0.0,-0.0,-0.0,-0.0,-0.0,-0.0,0.0,0.44750599999999996,-1.7052379999999896,1.3764009255751062
123,"([0.41, 0.25, 0.05, 0.02, 0.01, 0.26], [4])","([1, 0, 0, 0, 0, 0], [0])",-0.0,-0.0,-0.0,-0.0,-0.782,-0.0,-0.782,0.44750599999999996,-1.3707439999999895,1.3764009255751062
124,"([0.41, 0.25, 0.05, 0.02, 0.01, 0.26], [5])","([1, 0, 0, 0, 0, 0], [0])",-0.0,-0.0,-0.0,-0.0,-0.0,-0.758,-0.758,0.44750599999999996,-1.0602499999999895,1.3764009255751062
125,"([0.41, 0.25, 0.05, 0.02, 0.01, 0.26], [0])","([1, 0, 0, 0, 0, 0], [0])",-0.0,-0.0,-0.0,-0.0,-0.0,-0.0,0.0,0.44750599999999996,-1.5077559999999894,1.3764009255751062
126,"([0.41, 0.25, 0.05, 0.02, 0.01, 0.26], [1])","([1, 0, 0, 0, 0, 0], [0])",-0.0,-0.767,-0.0,-0.0,-0.0,-0.0,-0.767,0.44750599999999996,-1.1882619999999893,1.3764009255751062
127,"([0.41, 0.25, 0.05, 0.02, 0.01, 0.26], [0])","([1, 0, 0, 0, 0, 0], [0])",-0.0,-0.0,-0.0,-0.0,-0.0,-0.0,0.0,0.44750599999999996,-1.6357679999999892,1.3764009255751062
128,"([0.41, 0.25, 0.05, 0.02, 0.01, 0.26], [0])","([1, 0, 0, 0, 0, 0], [0])",-0.0,-0.0,-0.0,-0.0,-0.0,-0.0,0.0,0.44750599999999996,-2.083273999999989,1.3764009255751062
129,"([0.41, 0.25, 0.05, 0.02, 0.01, 0.26], [0])","([1, 0, 0, 0, 0, 0], [0])",-0.0,-0.0,-0.0,-0.0,-0.0,-0.0,0.0,0.44750599999999996,-2.5307799999999894,1.3764009255751062
130,"([0.41, 0.25, 0.05, 0.02, 0.01, 0.26], [5])","([1, 0, 0, 0, 0, 0], [0])",-0.0,-0.0,-0.0,-0.0,-0.0,-0.758,-0.758,0.44750599999999996,-2.220285999999989,1.3764009255751062
131,"([0.41, 0.25, 0.05, 0.02, 0.01, 0.26], [5])","([1, 0, 0, 0, 0, 0], [0])",-0.0,-0.0,-0.0,-0.0,-0.0,-0.758,-0.758,0.44750599999999996,-1.909791999999989,1.3764009255751062
132,"([0.41, 0.25, 0.05, 0.02, 0.01, 0.26], [0])","([1, 0, 0, 0, 0, 0], [0])",-0.0,-0.0,-0.0,-0.0,-0.0,-0.0,0.0,0.44750599999999996,-2.357297999999989,1.3764009255751062
133,"([0.41, 0.25, 0.05, 0.02, 0.01, 0.26], [5])","([1, 0, 0, 0, 0, 0], [0])",-0.0,-0.0,-0.0,-0.0,-0.0,-0.758,-0.758,0.44750599999999996,-2.046803999999989,1.3764009255751062
134,"([0.41, 0.25, 0.05, 0.02, 0.01, 0.26], [0])","([1, 0, 0, 0, 0, 0], [0])",-0.0,-0.0,-0.0,-0.0,-0.0,-0.0,0.0,0.44750599999999996,-2.494309999999989,1.3764009255751062
135,"([0.41, 0.25, 0.05, 0.02, 0.01, 0.26], [0])","([1, 0, 0, 0, 0, 0], [0])",-0.0,-0.0,-0.0,-0.0,-0.0,-0.0,0.0,0.44750599999999996,-2.9418159999999887,1.3764009255751062
136,"([0.41, 0.25, 0.05, 0.02, 0.01, 0.26], [1])","([1, 0, 0, 0, 0, 0], [0])",-0.0,-0.767,-0.0,-0.0,-0.0,-0.0,-0.767,0.44750599999999996,-2.6223219999999885,1.3764009255751062
137,"([0.41, 0.25, 0.05, 0.02, 0.01, 0.26], [0])","([1, 0, 0, 0, 0, 0], [0])",-0.0,-0.0,-0.0,-0.0,-0.0,-0.0,0.0,0.44750599999999996,-3.0698279999999887,1.3764009255751062
138,"([0.41, 0.25, 0.05, 0.02, 0.01, 0.26], [1])","([1, 0, 0, 0, 0, 0], [0])",-0.0,-0.767,-0.0,-0.0,-0.0,-0.0,-0.767,0.44750599999999996,-2.7503339999999885,1.3764009255751062
139,"([0.41, 0.25, 0.05, 0.02, 0.01, 0.26], [1])","([1, 0, 0, 0, 0, 0], [0])",-0.0,-0.767,-0.0,-0.0,-0.0,-0.0,-0.767,0.44750599999999996,-2.4308399999999883,1.3764009255751062
140,"([0.41, 0.25, 0.05, 0.02, 0.01, 0.26], [0])","([1, 0, 0, 0, 0, 0], [0])",-0.0,-0.0,-0.0,-0.0,-0.0,-0.0,0.0,0.44750599999999996,-2.878345999999988,1.3764009255751062
141,"([0.41, 0.25, 0.05, 0.02, 0.01, 0.26], [0])","([1, 0, 0, 0, 0, 0], [0])",-0.0,-0.0,-0.0,-0.0,-0.0,-0.0,0.0,0.44750599999999996,-3.325851999999988,1.3764009255751062
142,"([0.41, 0.25, 0.05, 0.02, 0.01, 0.26], [0])","([1, 0, 0, 0, 0, 0], [0])",-0.0,-0.0,-0.0,-0.0,-0.0,-0.0,0.0,0.44750599999999996,-3.7733579999999876,1.3764009255751062
143,"([0.41, 0.25, 0.05, 0.02, 0.01, 0.26], [0])","([1, 0, 0, 0, 0, 0], [0])",-0.0,-0.0,-0.0,-0.0,-0.0,-0.0,0.0,0.44750599999999996,-4.220863999999987,1.3764009255751062
144,"([0.41, 0.25, 0.05, 0.02, 0.01, 0.26], [0])","([1, 0, 0, 0, 0, 0], [0])",-0.0,-0.0,-0.0,-0.0,-0.0,-0.0,0.0,0.44750599999999996,-4.668369999999987,1.3764009255751062
145,"([0.41, 0.25, 0.05, 0.02, 0.01, 0.26], [5])","([1, 0, 0, 0, 0, 0], [0])",-0.0,-0.0,-0.0,-0.0,-0.0,-0.758,-0.758,0.44750599999999996,-4.357875999999987,1.3764009255751062
146,"([0.41, 0.25, 0.05, 0.02, 0.01, 0.26], [0])","([1, 0, 0, 0, 0, 0], [0])",-0.0,-0.0,-0.0,-0.0,-0.0,-0.0,0.0,0.44750599999999996,-4.8053819999999865,1.3764009255751062
147,"([0.41, 0.25, 0.05, 0.02, 0.01, 0.26], [0])","([1, 0, 0, 0, 0, 0], [0])",-0.0,-0.0,-0.0,-0.0,-0.0,-0.0,0.0,0.44750599999999996,-5.252887999999986,1.3764009255751062
148,"([0.41, 0.25, 0.05, 0.02, 0.01, 0.26], [1])","([1, 0, 0, 0, 0, 0], [0])",-0.0,-0.767,-0.0,-0.0,-0.0,-0.0,-0.767,0.44750599999999996,-4.9333939999999865,1.3764009255751062
149,"([0.41, 0.25, 0.05, 0.02, 0.01, 0.26], [1])","([1, 0, 0, 0, 0, 0], [0])",-0.0,-0.767,-0.0,-0.0,-0.0,-0.0,-0.767,0.44750599999999996,-4.613899999999987,1.3764009255751062
150,"([0.41, 0.25, 0.05, 0.02, 0.01, 0.26], [5])","([1, 0, 0, 0, 0, 0], [0])",-0.0,-0.0,-0.0,-0.0,-0.0,-0.758,-0.758,0.44750599999999996,-4.3034059999999865,1.3764009255751062
151,"([0.41, 0.25, 0.05, 0.02, 0.01, 0.26], [2])","([1, 0, 0, 0, 0, 0], [0])",-0.0,-0.0,-0.6890000000000001,-0.0,-0.0,-0.0,-0.6890000000000001,0.44750599999999996,-4.061911999999986,1.3764009255751062
152,"([0.41, 0.25, 0.05, 0.02, 0.01, 0.26], [1])","([1, 0, 0, 0, 0, 0], [0])",-0.0,-0.767,-0.0,-0.0,-0.0,-0.0,-0.767,0.44750599999999996,-3.742417999999986,1.3764009255751062
153,"([0.41, 0.25, 0.05, 0.02, 0.01, 0.26], [0])","([1, 0, 0, 0, 0, 0], [0])",-0.0,-0.0,-0.0,-0.0,-0.0,-0.0,0.0,0.44750599999999996,-4.189923999999986,1.3764009255751062
154,"([0.41, 0.25, 0.05, 0.02, 0.01, 0.26], [2])","([1, 0, 0, 0, 0, 0], [0])",-0.0,-0.0,-0.6890000000000001,-0.0,-0.0,-0.0,-0.6890000000000001,0.44750599999999996,-3.948429999999986,1.3764009255751062
155,"([0.41, 0.25, 0.05, 0.02, 0.01, 0.26], [0])","([1, 0, 0, 0, 0, 0], [0])",-0.0,-0.0,-0.0,-0.0,-0.0,-0.0,0.0,0.44750599999999996,-4.395935999999986,1.3764009255751062
156,"([0.41, 0.25, 0.05, 0.02, 0.01, 0.26], [1])","([1, 0, 0, 0, 0, 0], [0])",-0.0,-0.767,-0.0,-0.0,-0.0,-0.0,-0.767,0.44750599999999996,-4.076441999999986,1.3764009255751062
157,"([0.41, 0.25, 0.05, 0.02, 0.01, 0.26], [1])","([1, 0, 0, 0, 0, 0], [0])",-0.0,-0.767,-0.0,-0.0,-0.0,-0.0,-0.767,0.44750599999999996,-3.7569479999999857,1.3764009255751062
158,"([0.41, 0.25, 0.05, 0.02, 0.01, 0.26], [1])","([1, 0, 0, 0, 0, 0], [0])",-0.0,-0.767,-0.0,-0.0,-0.0,-0.0,-0.767,0.44750599999999996,-3.4374539999999856,1.3764009255751062
159,"([0.41, 0.25, 0.05, 0.02, 0.01, 0.26], [5])","([1, 0, 0, 0, 0, 0], [0])",-0.0,-0.0,-0.0,-0.0,-0.0,-0.758,-0.758,0.44750599999999996,-3.1269599999999853,1.3764009255751062
160,"([0.41, 0.25, 0.05, 0.02, 0.01, 0.26], [5])","([1, 0, 0, 0, 0, 0], [0])",-0.0,-0.0,-0.0,-0.0,-0.0,-0.758,-0.758,0.44750599999999996,-2.816465999999985,1.3764009255751062
161,"([0.41, 0.25, 0.05, 0.02, 0.01, 0.26], [5])","([1, 0, 0, 0, 0, 0], [0])",-0.0,-0.0,-0.0,-0.0,-0.0,-0.758,-0.758,0.44750599999999996,-2.5059719999999848,1.3764009255751062
162,"([0.41, 0.25, 0.05, 0.02, 0.01, 0.26], [0])","([1, 0, 0, 0, 0, 0], [0])",-0.0,-0.0,-0.0,-0.0,-0.0,-0.0,0.0,0.44750599999999996,-2.9534779999999845,1.3764009255751062
163,"([0.41, 0.25, 0.05, 0.02, 0.01, 0.26], [0])","([1, 0, 0, 0, 0, 0], [0])",-0.0,-0.0,-0.0,-0.0,-0.0,-0.0,0.0,0.44750599999999996,-3.4009839999999842,1.3764009255751062
164,"([0.41, 0.25, 0.05, 0.02, 0.01, 0.26], [0])","([1, 0, 0, 0, 0, 0], [0])",-0.0,-0.0,-0.0,-0.0,-0.0,-0.0,0.0,0.44750599999999996,-3.848489999999984,1.3764009255751062
165,"([0.41, 0.25, 0.05, 0.02, 0.01, 0.26], [1])","([1, 0, 0, 0, 0, 0], [0])",-0.0,-0.767,-0.0,-0.0,-0.0,-0.0,-0.767,0.44750599999999996,-3.528995999999984,1.3764009255751062
166,"([0.41, 0.25, 0.05, 0.02, 0.01, 0.26], [0])","([1, 0, 0, 0, 0, 0], [0])",-0.0,-0.0,-0.0,-0.0,-0.0,-0.0,0.0,0.44750599999999996,-3.976501999999984,1.3764009255751062
167,"([0.41, 0.25, 0.05, 0.02, 0.01, 0.26], [0])","([1, 0, 0, 0, 0, 0], [0])",-0.0,-0.0,-0.0,-0.0,-0.0,-0.0,0.0,0.44750599999999996,-4.424007999999984,1.3764009255751062
168,"([0.41, 0.25, 0.05, 0.02, 0.01, 0.26], [5])","([1, 0, 0, 0, 0, 0], [0])",-0.0,-0.0,-0.0,-0.0,-0.0,-0.758,-0.758,0.44750599999999996,-4.1135139999999835,1.3764009255751062
169,"([0.41, 0.25, 0.05, 0.02, 0.01, 0.26], [0])","([1, 0, 0, 0, 0, 0], [0])",-0.0,-0.0,-0.0,-0.0,-0.0,-0.0,0.0,0.44750599999999996,-4.561019999999983,1.3764009255751062
170,"([0.41, 0.25, 0.05, 0.02, 0.01, 0.26], [5])","([1, 0, 0, 0, 0, 0], [0])",-0.0,-0.0,-0.0,-0.0,-0.0,-0.758,-0.758,0.44750599999999996,-4.250525999999983,1.3764009255751062
171,"([0.41, 0.25, 0.05, 0.02, 0.01, 0.26], [5])","([1, 0, 0, 0, 0, 0], [0])",-0.0,-0.0,-0.0,-0.0,-0.0,-0.758,-0.758,0.44750599999999996,-3.9400319999999827,1.3764009255751062
172,"([0.41, 0.25, 0.05, 0.02, 0.01, 0.26], [0])","([1, 0, 0, 0, 0, 0], [0])",-0.0,-0.0,-0.0,-0.0,-0.0,-0.0,0.0,0.44750599999999996,-4.387537999999982,1.3764009255751062
173,"([0.41, 0.25, 0.05, 0.02, 0.01, 0.26], [0])","([1, 0, 0, 0, 0, 0], [0])",-0.0,-0.0,-0.0,-0.0,-0.0,-0.0,0.0,0.44750599999999996,-4.835043999999982,1.3764009255751062
174,"([0.41, 0.25, 0.05, 0.02, 0.01, 0.26], [1])","([1, 0, 0, 0, 0, 0], [0])",-0.0,-0.767,-0.0,-0.0,-0.0,-0.0,-0.767,0.44750599999999996,-4.515549999999982,1.3764009255751062
175,"([0.41, 0.25, 0.05, 0.02, 0.01, 0.26], [5])","([1, 0, 0, 0, 0, 0], [0])",-0.0,-0.0,-0.0,-0.0,-0.0,-0.758,-0.758,0.44750599999999996,-4.205055999999982,1.3764009255751062
176,"([0.41, 0.25, 0.05, 0.02, 0.01, 0.26], [2])","([1, 0, 0, 0, 0, 0], [0])",-0.0,-0.0,-0.6890000000000001,-0.0,-0.0,-0.0,-0.6890000000000001,0.44750599999999996,-3.963561999999982,1.3764009255751062
177,"([0.41, 0.25, 0.05, 0.02, 0.01, 0.26], [0])","([1, 0, 0, 0, 0, 0], [0])",-0.0,-0.0,-0.0,-0.0,-0.0,-0.0,0.0,0.44750599999999996,-4.411067999999982,1.3764009255751062
178,"([0.41, 0.25, 0.05, 0.02, 0.01, 0.26], [5])","([1, 0, 0, 0, 0, 0], [0])",-0.0,-0.0,-0.0,-0.0,-0.0,-0.758,-0.758,0.44750599999999996,-4.100573999999981,1.3764009255751062
179,"([0.41, 0.25, 0.05, 0.02, 0.01, 0.26], [5])","([1, 0, 0, 0, 0, 0], [0])",-0.0,-0.0,-0.0,-0.0,-0.0,-0.758,-0.758,0.44750599999999996,-3.790079999999981,1.3764009255751062
180,"([0.41, 0.25, 0.05, 0.02, 0.01, 0.26], [0])","([1, 0, 0, 0, 0, 0], [0])",-0.0,-0.0,-0.0,-0.0,-0.0,-0.0,0.0,0.44750599999999996,-4.237585999999981,1.3764009255751062
181,"([0.41, 0.25, 0.05, 0.02, 0.01, 0.26], [0])","([1, 0, 0, 0, 0, 0], [0])",-0.0,-0.0,-0.0,-0.0,-0.0,-0.0,0.0,0.44750599999999996,-4.6850919999999805,1.3764009255751062
182,"([0.41, 0.25, 0.05, 0.02, 0.01, 0.26], [1])","([1, 0, 0, 0, 0, 0], [0])",-0.0,-0.767,-0.0,-0.0,-0.0,-0.0,-0.767,0.44750599999999996,-4.365597999999981,1.3764009255751062
183,"([0.41, 0.25, 0.05, 0.02, 0.01, 0.26], [5])","([1, 0, 0, 0, 0, 0], [0])",-0.0,-0.0,-0.0,-0.0,-0.0,-0.758,-0.758,0.44750599999999996,-4.0551039999999805,1.3764009255751062
184,"([0.41, 0.25, 0.05, 0.02, 0.01, 0.26], [1])","([1, 0, 0, 0, 0, 0], [0])",-0.0,-0.767,-0.0,-0.0,-0.0,-0.0,-0.767,0.44750599999999996,-3.7356099999999803,1.3764009255751062
185,"([0.41, 0.25, 0.05, 0.02, 0.01, 0.26], [1])","([1, 0, 0, 0, 0, 0], [0])",-0.0,-0.767,-0.0,-0.0,-0.0,-0.0,-0.767,0.44750599999999996,-3.41611599999998,1.3764009255751062
186,"([0.41, 0.25, 0.05, 0.02, 0.01, 0.26], [1])","([1, 0, 0, 0, 0, 0], [0])",-0.0,-0.767,-0.0,-0.0,-0.0,-0.0,-0.767,0.44750599999999996,-3.09662199999998,1.3764009255751062
187,"([0.41, 0.25, 0.05, 0.02, 0.01, 0.26], [0])","([1, 0, 0, 0, 0, 0], [0])",-0.0,-0.0,-0.0,-0.0,-0.0,-0.0,0.0,0.44750599999999996,-3.54412799999998,1.3764009255751062
188,"([0.41, 0.25, 0.05, 0.02, 0.01, 0.26], [0])","([1, 0, 0, 0, 0, 0], [0])",-0.0,-0.0,-0.0,-0.0,-0.0,-0.0,0.0,0.44750599999999996,-3.99163399999998,1.3764009255751062
189,"([0.41, 0.25, 0.05, 0.02, 0.01, 0.26], [5])","([1, 0, 0, 0, 0, 0], [0])",-0.0,-0.0,-0.0,-0.0,-0.0,-0.758,-0.758,0.44750599999999996,-3.6811399999999797,1.3764009255751062
190,"([0.41, 0.25, 0.05, 0.02, 0.01, 0.26], [0])","([1, 0, 0, 0, 0, 0], [0])",-0.0,-0.0,-0.0,-0.0,-0.0,-0.0,0.0,0.44750599999999996,-4.128645999999979,1.3764009255751062
191,"([0.41, 0.25, 0.05, 0.02, 0.01, 0.26], [0])","([1, 0, 0, 0, 0, 0], [0])",-0.0,-0.0,-0.0,-0.0,-0.0,-0.0,0.0,0.44750599999999996,-4.576151999999979,1.3764009255751062
192,"([0.41, 0.25, 0.05, 0.02, 0.01, 0.26], [0])","([1, 0, 0, 0, 0, 0], [0])",-0.0,-0.0,-0.0,-0.0,-0.0,-0.0,0.0,0.44750599999999996,-5.023657999999979,1.3764009255751062
193,"([0.41, 0.25, 0.05, 0.02, 0.01, 0.26], [1])","([1, 0, 0, 0, 0, 0], [0])",-0.0,-0.767,-0.0,-0.0,-0.0,-0.0,-0.767,0.44750599999999996,-4.704163999999979,1.3764009255751062
194,"([0.41, 0.25, 0.05, 0.02, 0.01, 0.26], [0])","([1, 0, 0, 0, 0, 0], [0])",-0.0,-0.0,-0.0,-0.0,-0.0,-0.0,0.0,0.44750599999999996,-5.151669999999979,1.3764009255751062
195,"([0.41, 0.25, 0.05, 0.02, 0.01, 0.26], [5])","([1, 0, 0, 0, 0, 0], [0])",-0.0,-0.0,-0.0,-0.0,-0.0,-0.758,-0.758,0.44750599999999996,-4.841175999999979,1.3764009255751062
196,"([0.41, 0.25, 0.05, 0.02, 0.01, 0.26], [0])","([1, 0, 0, 0, 0, 0], [0])",-0.0,-0.0,-0.0,-0.0,-0.0,-0.0,0.0,0.44750599999999996,-5.288681999999978,1.3764009255751062
197,"([0.41, 0.25, 0.05, 0.02, 0.01, 0.26], [0])","([1, 0, 0, 0, 0, 0], [0])",-0.0,-0.0,-0.0,-0.0,-0.0,-0.0,0.0,0.44750599999999996,-5.736187999999978,1.3764009255751062
198,"([0.41, 0.25, 0.05, 0.02, 0.01, 0.26], [5])","([1, 0, 0, 0, 0, 0], [0])",-0.0,-0.0,-0.0,-0.0,-0.0,-0.758,-0.758,0.44750599999999996,-5.425693999999978,1.3764009255751062
199,"([0.41, 0.25, 0.05, 0.02, 0.01, 0.26], [1])","([1, 0, 0, 0, 0, 0], [0])",-0.0,-0.767,-0.0,-0.0,-0.0,-0.0,-0.767,0.44750599999999996,-5.106199999999978,1.3764009255751062
