,sto-1,FB-0,feedback target 0,feedback target 1,feedback target 2,feedback target 3,feedback target 4,feedback target 5,total,exp_loss,actual_regret,exp_regret
0,"([0.5, 0.15, 0.12, 0.19, 0.02, 0.03], [3])","([0.21, 0.14, 0.25, 0.15, 0.07, 0.18], [1])",-0.0,-0.0,-0.0,-0.63,-0.0,-0.0,-0.63,0.5536129350201242,0.2988668668668669,0.22247980188699112
1,"([0.5, 0.15, 0.12, 0.19, 0.02, 0.03], [3])","([0, 0, 0, 1, 0, 0], [3])",-0.0,-0.0,-0.0,-0.0,-0.0,-0.0,0.0,0.5638538538538537,-0.032266266266266164,0.4552005226077117
2,"([0.5, 0.15, 0.12, 0.19, 0.02, 0.03], [1])","([0, 0, 0, 1, 0, 0], [3])",-0.0,-0.61,-0.0,-0.0,-0.0,-0.0,-0.61,0.5638538538538537,0.24660060060060074,0.6879212433284323
3,"([0.5, 0.15, 0.12, 0.19, 0.02, 0.03], [0])","([0, 0, 0, 1, 0, 0], [3])",-0.711,-0.0,-0.0,-0.0,-0.0,-0.0,-0.711,0.5638538538538537,0.6264674674674676,0.9206419640491529
4,"([0.5, 0.15, 0.12, 0.19, 0.02, 0.03], [4])","([0, 0, 0, 1, 0, 0], [3])",-0.0,-0.0,-0.0,-0.0,-0.544,-0.0,-0.544,0.5638538538538537,0.8393343343343346,1.1533626847698735
5,"([0.5, 0.15, 0.12, 0.19, 0.02, 0.03], [0])","([0, 0, 0, 1, 0, 0], [3])",-0.711,-0.0,-0.0,-0.0,-0.0,-0.0,-0.711,0.5638538538538537,1.2192012012012015,1.3860834054905942
6,"([0.5, 0.15, 0.12, 0.19, 0.02, 0.03], [0])","([0, 0, 0, 1, 0, 0], [3])",-0.711,-0.0,-0.0,-0.0,-0.0,-0.0,-0.711,0.5638538538538537,1.5990680680680684,1.6188041262113146
7,"([0.5, 0.15, 0.12, 0.19, 0.02, 0.03], [0])","([1, 0, 0, 0, 0, 0], [0])",-0.0,-0.0,-0.0,-0.0,-0.0,-0.0,0.0,0.3311331331331331,1.2679349349349354,1.6188041262113146
8,"([0.5, 0.15, 0.12, 0.19, 0.02, 0.03], [0])","([1, 0, 0, 0, 0, 0], [0])",-0.0,-0.0,-0.0,-0.0,-0.0,-0.0,0.0,0.3311331331331331,0.9368018018018023,1.6188041262113146
9,"([0.5, 0.15, 0.12, 0.19, 0.02, 0.03], [3])","([1, 0, 0, 0, 0, 0], [0])",-0.0,-0.0,-0.0,-0.63,-0.0,-0.0,-0.63,0.3311331331331331,1.2356686686686693,1.6188041262113146
10,"([0.5, 0.15, 0.12, 0.19, 0.02, 0.03], [1])","([1, 0, 0, 0, 0, 0], [0])",-0.0,-0.61,-0.0,-0.0,-0.0,-0.0,-0.61,0.3311331331331331,1.5145355355355363,1.6188041262113146
11,"([0.5, 0.15, 0.12, 0.19, 0.02, 0.03], [0])","([1, 0, 0, 0, 0, 0], [0])",-0.0,-0.0,-0.0,-0.0,-0.0,-0.0,0.0,0.3311331331331331,1.1834024024024032,1.6188041262113146
12,"([0.5, 0.15, 0.12, 0.19, 0.02, 0.03], [0])","([1, 0, 0, 0, 0, 0], [0])",-0.0,-0.0,-0.0,-0.0,-0.0,-0.0,0.0,0.3311331331331331,0.8522692692692702,1.6188041262113146
13,"([0.5, 0.15, 0.12, 0.19, 0.02, 0.03], [1])","([1, 0, 0, 0, 0, 0], [0])",-0.0,-0.61,-0.0,-0.0,-0.0,-0.0,-0.61,0.3311331331331331,1.1311361361361372,1.6188041262113146
14,"([0.5, 0.15, 0.12, 0.19, 0.02, 0.03], [3])","([1, 0, 0, 0, 0, 0], [0])",-0.0,-0.0,-0.0,-0.63,-0.0,-0.0,-0.63,0.3311331331331331,1.4300030030030042,1.6188041262113146
15,"([0.5, 0.15, 0.12, 0.19, 0.02, 0.03], [3])","([1, 0, 0, 0, 0, 0], [0])",-0.0,-0.0,-0.0,-0.63,-0.0,-0.0,-0.63,0.3311331331331331,1.7288698698698712,1.6188041262113146
16,"([0.5, 0.15, 0.12, 0.19, 0.02, 0.03], [1])","([1, 0, 0, 0, 0, 0], [0])",-0.0,-0.61,-0.0,-0.0,-0.0,-0.0,-0.61,0.3311331331331331,2.0077367367367382,1.6188041262113146
17,"([0.5, 0.15, 0.12, 0.19, 0.02, 0.03], [2])","([1, 0, 0, 0, 0, 0], [0])",-0.0,-0.0,-0.7909999999999999,-0.0,-0.0,-0.0,-0.7909999999999999,0.3311331331331331,2.467603603603605,1.6188041262113146
18,"([0.5, 0.15, 0.12, 0.19, 0.02, 0.03], [3])","([1, 0, 0, 0, 0, 0], [0])",-0.0,-0.0,-0.0,-0.63,-0.0,-0.0,-0.63,0.3311331331331331,2.766470470470472,1.6188041262113146
19,"([0.5, 0.15, 0.12, 0.19, 0.02, 0.03], [0])","([1, 0, 0, 0, 0, 0], [0])",-0.0,-0.0,-0.0,-0.0,-0.0,-0.0,0.0,0.3311331331331331,2.435337337337339,1.6188041262113146
20,"([0.5, 0.15, 0.12, 0.19, 0.02, 0.03], [0])","([1, 0, 0, 0, 0, 0], [0])",-0.0,-0.0,-0.0,-0.0,-0.0,-0.0,0.0,0.3311331331331331,2.1042042042042057,1.6188041262113146
21,"([0.5, 0.15, 0.12, 0.19, 0.02, 0.03], [3])","([1, 0, 0, 0, 0, 0], [0])",-0.0,-0.0,-0.0,-0.63,-0.0,-0.0,-0.63,0.3311331331331331,2.4030710710710728,1.6188041262113146
22,"([0.5, 0.15, 0.12, 0.19, 0.02, 0.03], [0])","([1, 0, 0, 0, 0, 0], [0])",-0.0,-0.0,-0.0,-0.0,-0.0,-0.0,0.0,0.3311331331331331,2.07193793793794,1.6188041262113146
23,"([0.5, 0.15, 0.12, 0.19, 0.02, 0.03], [2])","([1, 0, 0, 0, 0, 0], [0])",-0.0,-0.0,-0.7909999999999999,-0.0,-0.0,-0.0,-0.7909999999999999,0.3311331331331331,2.531804804804807,1.6188041262113146
24,"([0.5, 0.15, 0.12, 0.19, 0.02, 0.03], [0])","([1, 0, 0, 0, 0, 0], [0])",-0.0,-0.0,-0.0,-0.0,-0.0,-0.0,0.0,0.3311331331331331,2.2006716716716737,1.6188041262113146
25,"([0.5, 0.15, 0.12, 0.19, 0.02, 0.03], [0])","([1, 0, 0, 0, 0, 0], [0])",-0.0,-0.0,-0.0,-0.0,-0.0,-0.0,0.0,0.3311331331331331,1.8695385385385406,1.6188041262113146
26,"([0.5, 0.15, 0.12, 0.19, 0.02, 0.03], [0])","([1, 0, 0, 0, 0, 0], [0])",-0.0,-0.0,-0.0,-0.0,-0.0,-0.0,0.0,0.3311331331331331,1.5384054054054075,1.6188041262113146
27,"([0.5, 0.15, 0.12, 0.19, 0.02, 0.03], [0])","([1, 0, 0, 0, 0, 0], [0])",-0.0,-0.0,-0.0,-0.0,-0.0,-0.0,0.0,0.3311331331331331,1.2072722722722744,1.6188041262113146
28,"([0.5, 0.15, 0.12, 0.19, 0.02, 0.03], [0])","([1, 0, 0, 0, 0, 0], [0])",-0.0,-0.0,-0.0,-0.0,-0.0,-0.0,0.0,0.3311331331331331,0.8761391391391413,1.6188041262113146
29,"([0.5, 0.15, 0.12, 0.19, 0.02, 0.03], [1])","([1, 0, 0, 0, 0, 0], [0])",-0.0,-0.61,-0.0,-0.0,-0.0,-0.0,-0.61,0.3311331331331331,1.1550060060060083,1.6188041262113146
30,"([0.5, 0.15, 0.12, 0.19, 0.02, 0.03], [0])","([1, 0, 0, 0, 0, 0], [0])",-0.0,-0.0,-0.0,-0.0,-0.0,-0.0,0.0,0.3311331331331331,0.8238728728728753,1.6188041262113146
31,"([0.5, 0.15, 0.12, 0.19, 0.02, 0.03], [0])","([1, 0, 0, 0, 0, 0], [0])",-0.0,-0.0,-0.0,-0.0,-0.0,-0.0,0.0,0.3311331331331331,0.49273973973974217,1.6188041262113146
32,"([0.5, 0.15, 0.12, 0.19, 0.02, 0.03], [1])","([1, 0, 0, 0, 0, 0], [0])",-0.0,-0.61,-0.0,-0.0,-0.0,-0.0,-0.61,0.3311331331331331,0.7716066066066091,1.6188041262113146
33,"([0.5, 0.15, 0.12, 0.19, 0.02, 0.03], [0])","([1, 0, 0, 0, 0, 0], [0])",-0.0,-0.0,-0.0,-0.0,-0.0,-0.0,0.0,0.3311331331331331,0.440473473473476,1.6188041262113146
34,"([0.5, 0.15, 0.12, 0.19, 0.02, 0.03], [3])","([1, 0, 0, 0, 0, 0], [0])",-0.0,-0.0,-0.0,-0.63,-0.0,-0.0,-0.63,0.3311331331331331,0.7393403403403429,1.6188041262113146
35,"([0.5, 0.15, 0.12, 0.19, 0.02, 0.03], [0])","([1, 0, 0, 0, 0, 0], [0])",-0.0,-0.0,-0.0,-0.0,-0.0,-0.0,0.0,0.3311331331331331,0.4082072072072098,1.6188041262113146
36,"([0.5, 0.15, 0.12, 0.19, 0.02, 0.03], [0])","([1, 0, 0, 0, 0, 0], [0])",-0.0,-0.0,-0.0,-0.0,-0.0,-0.0,0.0,0.3311331331331331,0.07707407407407674,1.6188041262113146
37,"([0.5, 0.15, 0.12, 0.19, 0.02, 0.03], [5])","([1, 0, 0, 0, 0, 0], [0])",-0.0,-0.0,-0.0,-0.0,-0.0,-0.664,-0.664,0.3311331331331331,0.4099409409409437,1.6188041262113146
38,"([0.5, 0.15, 0.12, 0.19, 0.02, 0.03], [5])","([1, 0, 0, 0, 0, 0], [0])",-0.0,-0.0,-0.0,-0.0,-0.0,-0.664,-0.664,0.3311331331331331,0.7428078078078106,1.6188041262113146
39,"([0.5, 0.15, 0.12, 0.19, 0.02, 0.03], [0])","([1, 0, 0, 0, 0, 0], [0])",-0.0,-0.0,-0.0,-0.0,-0.0,-0.0,0.0,0.3311331331331331,0.41167467467467755,1.6188041262113146
40,"([0.5, 0.15, 0.12, 0.19, 0.02, 0.03], [5])","([1, 0, 0, 0, 0, 0], [0])",-0.0,-0.0,-0.0,-0.0,-0.0,-0.664,-0.664,0.3311331331331331,0.7445415415415445,1.6188041262113146
41,"([0.5, 0.15, 0.12, 0.19, 0.02, 0.03], [3])","([1, 0, 0, 0, 0, 0], [0])",-0.0,-0.0,-0.0,-0.63,-0.0,-0.0,-0.63,0.3311331331331331,1.0434084084084114,1.6188041262113146
42,"([0.5, 0.15, 0.12, 0.19, 0.02, 0.03], [0])","([1, 0, 0, 0, 0, 0], [0])",-0.0,-0.0,-0.0,-0.0,-0.0,-0.0,0.0,0.3311331331331331,0.7122752752752783,1.6188041262113146
43,"([0.5, 0.15, 0.12, 0.19, 0.02, 0.03], [0])","([1, 0, 0, 0, 0, 0], [0])",-0.0,-0.0,-0.0,-0.0,-0.0,-0.0,0.0,0.3311331331331331,0.38114214214214526,1.6188041262113146
44,"([0.5, 0.15, 0.12, 0.19, 0.02, 0.03], [2])","([1, 0, 0, 0, 0, 0], [0])",-0.0,-0.0,-0.7909999999999999,-0.0,-0.0,-0.0,-0.7909999999999999,0.3311331331331331,0.8410090090090121,1.6188041262113146
45,"([0.5, 0.15, 0.12, 0.19, 0.02, 0.03], [0])","([1, 0, 0, 0, 0, 0], [0])",-0.0,-0.0,-0.0,-0.0,-0.0,-0.0,0.0,0.3311331331331331,0.509875875875879,1.6188041262113146
46,"([0.5, 0.15, 0.12, 0.19, 0.02, 0.03], [2])","([1, 0, 0, 0, 0, 0], [0])",-0.0,-0.0,-0.7909999999999999,-0.0,-0.0,-0.0,-0.7909999999999999,0.3311331331331331,0.9697427427427459,1.6188041262113146
47,"([0.5, 0.15, 0.12, 0.19, 0.02, 0.03], [0])","([1, 0, 0, 0, 0, 0], [0])",-0.0,-0.0,-0.0,-0.0,-0.0,-0.0,0.0,0.3311331331331331,0.6386096096096128,1.6188041262113146
48,"([0.5, 0.15, 0.12, 0.19, 0.02, 0.03], [3])","([1, 0, 0, 0, 0, 0], [0])",-0.0,-0.0,-0.0,-0.63,-0.0,-0.0,-0.63,0.3311331331331331,0.9374764764764797,1.6188041262113146
49,"([0.5, 0.15, 0.12, 0.19, 0.02, 0.03], [3])","([1, 0, 0, 0, 0, 0], [0])",-0.0,-0.0,-0.0,-0.63,-0.0,-0.0,-0.63,0.3311331331331331,1.2363433433433466,1.6188041262113146
50,"([0.5, 0.15, 0.12, 0.19, 0.02, 0.03], [2])","([1, 0, 0, 0, 0, 0], [0])",-0.0,-0.0,-0.7909999999999999,-0.0,-0.0,-0.0,-0.7909999999999999,0.3311331331331331,1.6962102102102135,1.6188041262113146
51,"([0.5, 0.15, 0.12, 0.19, 0.02, 0.03], [0])","([1, 0, 0, 0, 0, 0], [0])",-0.0,-0.0,-0.0,-0.0,-0.0,-0.0,0.0,0.3311331331331331,1.3650770770770804,1.6188041262113146
52,"([0.5, 0.15, 0.12, 0.19, 0.02, 0.03], [2])","([1, 0, 0, 0, 0, 0], [0])",-0.0,-0.0,-0.7909999999999999,-0.0,-0.0,-0.0,-0.7909999999999999,0.3311331331331331,1.8249439439439472,1.6188041262113146
53,"([0.5, 0.15, 0.12, 0.19, 0.02, 0.03], [1])","([1, 0, 0, 0, 0, 0], [0])",-0.0,-0.61,-0.0,-0.0,-0.0,-0.0,-0.61,0.3311331331331331,2.1038108108108142,1.6188041262113146
54,"([0.5, 0.15, 0.12, 0.19, 0.02, 0.03], [0])","([1, 0, 0, 0, 0, 0], [0])",-0.0,-0.0,-0.0,-0.0,-0.0,-0.0,0.0,0.3311331331331331,1.7726776776776811,1.6188041262113146
55,"([0.5, 0.15, 0.12, 0.19, 0.02, 0.03], [1])","([1, 0, 0, 0, 0, 0], [0])",-0.0,-0.61,-0.0,-0.0,-0.0,-0.0,-0.61,0.3311331331331331,2.051544544544548,1.6188041262113146
56,"([0.5, 0.15, 0.12, 0.19, 0.02, 0.03], [0])","([1, 0, 0, 0, 0, 0], [0])",-0.0,-0.0,-0.0,-0.0,-0.0,-0.0,0.0,0.3311331331331331,1.7204114114114148,1.6188041262113146
57,"([0.5, 0.15, 0.12, 0.19, 0.02, 0.03], [3])","([1, 0, 0, 0, 0, 0], [0])",-0.0,-0.0,-0.0,-0.63,-0.0,-0.0,-0.63,0.3311331331331331,2.0192782782782817,1.6188041262113146
58,"([0.5, 0.15, 0.12, 0.19, 0.02, 0.03], [3])","([1, 0, 0, 0, 0, 0], [0])",-0.0,-0.0,-0.0,-0.63,-0.0,-0.0,-0.63,0.3311331331331331,2.3181451451451487,1.6188041262113146
59,"([0.5, 0.15, 0.12, 0.19, 0.02, 0.03], [0])","([1, 0, 0, 0, 0, 0], [0])",-0.0,-0.0,-0.0,-0.0,-0.0,-0.0,0.0,0.3311331331331331,1.9870120120120156,1.6188041262113146
60,"([0.5, 0.15, 0.12, 0.19, 0.02, 0.03], [0])","([1, 0, 0, 0, 0, 0], [0])",-0.0,-0.0,-0.0,-0.0,-0.0,-0.0,0.0,0.3311331331331331,1.6558788788788825,1.6188041262113146
61,"([0.5, 0.15, 0.12, 0.19, 0.02, 0.03], [0])","([1, 0, 0, 0, 0, 0], [0])",-0.0,-0.0,-0.0,-0.0,-0.0,-0.0,0.0,0.3311331331331331,1.3247457457457494,1.6188041262113146
62,"([0.5, 0.15, 0.12, 0.19, 0.02, 0.03], [0])","([1, 0, 0, 0, 0, 0], [0])",-0.0,-0.0,-0.0,-0.0,-0.0,-0.0,0.0,0.3311331331331331,0.9936126126126164,1.6188041262113146
63,"([0.5, 0.15, 0.12, 0.19, 0.02, 0.03], [2])","([1, 0, 0, 0, 0, 0], [0])",-0.0,-0.0,-0.7909999999999999,-0.0,-0.0,-0.0,-0.7909999999999999,0.3311331331331331,1.4534794794794832,1.6188041262113146
64,"([0.5, 0.15, 0.12, 0.19, 0.02, 0.03], [1])","([1, 0, 0, 0, 0, 0], [0])",-0.0,-0.61,-0.0,-0.0,-0.0,-0.0,-0.61,0.3311331331331331,1.73234634634635,1.6188041262113146
65,"([0.5, 0.15, 0.12, 0.19, 0.02, 0.03], [0])","([1, 0, 0, 0, 0, 0], [0])",-0.0,-0.0,-0.0,-0.0,-0.0,-0.0,0.0,0.3311331331331331,1.401213213213217,1.6188041262113146
66,"([0.5, 0.15, 0.12, 0.19, 0.02, 0.03], [0])","([1, 0, 0, 0, 0, 0], [0])",-0.0,-0.0,-0.0,-0.0,-0.0,-0.0,0.0,0.3311331331331331,1.0700800800800838,1.6188041262113146
67,"([0.5, 0.15, 0.12, 0.19, 0.02, 0.03], [0])","([1, 0, 0, 0, 0, 0], [0])",-0.0,-0.0,-0.0,-0.0,-0.0,-0.0,0.0,0.3311331331331331,0.7389469469469507,1.6188041262113146
68,"([0.5, 0.15, 0.12, 0.19, 0.02, 0.03], [2])","([1, 0, 0, 0, 0, 0], [0])",-0.0,-0.0,-0.7909999999999999,-0.0,-0.0,-0.0,-0.7909999999999999,0.3311331331331331,1.1988138138138176,1.6188041262113146
69,"([0.5, 0.15, 0.12, 0.19, 0.02, 0.03], [0])","([1, 0, 0, 0, 0, 0], [0])",-0.0,-0.0,-0.0,-0.0,-0.0,-0.0,0.0,0.3311331331331331,0.8676806806806845,1.6188041262113146
70,"([0.5, 0.15, 0.12, 0.19, 0.02, 0.03], [1])","([1, 0, 0, 0, 0, 0], [0])",-0.0,-0.61,-0.0,-0.0,-0.0,-0.0,-0.61,0.3311331331331331,1.1465475475475513,1.6188041262113146
71,"([0.5, 0.15, 0.12, 0.19, 0.02, 0.03], [3])","([1, 0, 0, 0, 0, 0], [0])",-0.0,-0.0,-0.0,-0.63,-0.0,-0.0,-0.63,0.3311331331331331,1.4454144144144183,1.6188041262113146
72,"([0.5, 0.15, 0.12, 0.19, 0.02, 0.03], [0])","([1, 0, 0, 0, 0, 0], [0])",-0.0,-0.0,-0.0,-0.0,-0.0,-0.0,0.0,0.3311331331331331,1.1142812812812852,1.6188041262113146
73,"([0.5, 0.15, 0.12, 0.19, 0.02, 0.03], [1])","([1, 0, 0, 0, 0, 0], [0])",-0.0,-0.61,-0.0,-0.0,-0.0,-0.0,-0.61,0.3311331331331331,1.393148148148152,1.6188041262113146
74,"([0.5, 0.15, 0.12, 0.19, 0.02, 0.03], [0])","([1, 0, 0, 0, 0, 0], [0])",-0.0,-0.0,-0.0,-0.0,-0.0,-0.0,0.0,0.3311331331331331,1.062015015015019,1.6188041262113146
75,"([0.5, 0.15, 0.12, 0.19, 0.02, 0.03], [2])","([1, 0, 0, 0, 0, 0], [0])",-0.0,-0.0,-0.7909999999999999,-0.0,-0.0,-0.0,-0.7909999999999999,0.3311331331331331,1.5218818818818858,1.6188041262113146
76,"([0.5, 0.15, 0.12, 0.19, 0.02, 0.03], [2])","([1, 0, 0, 0, 0, 0], [0])",-0.0,-0.0,-0.7909999999999999,-0.0,-0.0,-0.0,-0.7909999999999999,0.3311331331331331,1.9817487487487526,1.6188041262113146
77,"([0.5, 0.15, 0.12, 0.19, 0.02, 0.03], [0])","([1, 0, 0, 0, 0, 0], [0])",-0.0,-0.0,-0.0,-0.0,-0.0,-0.0,0.0,0.3311331331331331,1.6506156156156195,1.6188041262113146
78,"([0.5, 0.15, 0.12, 0.19, 0.02, 0.03], [0])","([1, 0, 0, 0, 0, 0], [0])",-0.0,-0.0,-0.0,-0.0,-0.0,-0.0,0.0,0.3311331331331331,1.3194824824824865,1.6188041262113146
79,"([0.5, 0.15, 0.12, 0.19, 0.02, 0.03], [3])","([1, 0, 0, 0, 0, 0], [0])",-0.0,-0.0,-0.0,-0.63,-0.0,-0.0,-0.63,0.3311331331331331,1.6183493493493533,1.6188041262113146
80,"([0.5, 0.15, 0.12, 0.19, 0.02, 0.03], [3])","([1, 0, 0, 0, 0, 0], [0])",-0.0,-0.0,-0.0,-0.63,-0.0,-0.0,-0.63,0.3311331331331331,1.9172162162162203,1.6188041262113146
81,"([0.5, 0.15, 0.12, 0.19, 0.02, 0.03], [0])","([1, 0, 0, 0, 0, 0], [0])",-0.0,-0.0,-0.0,-0.0,-0.0,-0.0,0.0,0.3311331331331331,1.5860830830830872,1.6188041262113146
82,"([0.5, 0.15, 0.12, 0.19, 0.02, 0.03], [0])","([1, 0, 0, 0, 0, 0], [0])",-0.0,-0.0,-0.0,-0.0,-0.0,-0.0,0.0,0.3311331331331331,1.2549499499499541,1.6188041262113146
83,"([0.5, 0.15, 0.12, 0.19, 0.02, 0.03], [2])","([1, 0, 0, 0, 0, 0], [0])",-0.0,-0.0,-0.7909999999999999,-0.0,-0.0,-0.0,-0.7909999999999999,0.3311331331331331,1.714816816816821,1.6188041262113146
84,"([0.5, 0.15, 0.12, 0.19, 0.02, 0.03], [2])","([1, 0, 0, 0, 0, 0], [0])",-0.0,-0.0,-0.7909999999999999,-0.0,-0.0,-0.0,-0.7909999999999999,0.3311331331331331,2.174683683683688,1.6188041262113146
85,"([0.5, 0.15, 0.12, 0.19, 0.02, 0.03], [0])","([1, 0, 0, 0, 0, 0], [0])",-0.0,-0.0,-0.0,-0.0,-0.0,-0.0,0.0,0.3311331331331331,1.8435505505505547,1.6188041262113146
86,"([0.5, 0.15, 0.12, 0.19, 0.02, 0.03], [3])","([1, 0, 0, 0, 0, 0], [0])",-0.0,-0.0,-0.0,-0.63,-0.0,-0.0,-0.63,0.3311331331331331,2.1424174174174215,1.6188041262113146
87,"([0.5, 0.15, 0.12, 0.19, 0.02, 0.03], [0])","([1, 0, 0, 0, 0, 0], [0])",-0.0,-0.0,-0.0,-0.0,-0.0,-0.0,0.0,0.3311331331331331,1.8112842842842884,1.6188041262113146
88,"([0.5, 0.15, 0.12, 0.19, 0.02, 0.03], [0])","([1, 0, 0, 0, 0, 0], [0])",-0.0,-0.0,-0.0,-0.0,-0.0,-0.0,0.0,0.3311331331331331,1.4801511511511554,1.6188041262113146
89,"([0.5, 0.15, 0.12, 0.19, 0.02, 0.03], [2])","([1, 0, 0, 0, 0, 0], [0])",-0.0,-0.0,-0.7909999999999999,-0.0,-0.0,-0.0,-0.7909999999999999,0.3311331331331331,1.9400180180180222,1.6188041262113146
90,"([0.5, 0.15, 0.12, 0.19, 0.02, 0.03], [0])","([1, 0, 0, 0, 0, 0], [0])",-0.0,-0.0,-0.0,-0.0,-0.0,-0.0,0.0,0.3311331331331331,1.6088848848848891,1.6188041262113146
91,"([0.5, 0.15, 0.12, 0.19, 0.02, 0.03], [2])","([1, 0, 0, 0, 0, 0], [0])",-0.0,-0.0,-0.7909999999999999,-0.0,-0.0,-0.0,-0.7909999999999999,0.3311331331331331,2.0687517517517557,1.6188041262113146
92,"([0.5, 0.15, 0.12, 0.19, 0.02, 0.03], [2])","([1, 0, 0, 0, 0, 0], [0])",-0.0,-0.0,-0.7909999999999999,-0.0,-0.0,-0.0,-0.7909999999999999,0.3311331331331331,2.528618618618623,1.6188041262113146
93,"([0.5, 0.15, 0.12, 0.19, 0.02, 0.03], [0])","([1, 0, 0, 0, 0, 0], [0])",-0.0,-0.0,-0.0,-0.0,-0.0,-0.0,0.0,0.3311331331331331,2.1974854854854895,1.6188041262113146
94,"([0.5, 0.15, 0.12, 0.19, 0.02, 0.03], [0])","([1, 0, 0, 0, 0, 0], [0])",-0.0,-0.0,-0.0,-0.0,-0.0,-0.0,0.0,0.3311331331331331,1.8663523523523564,1.6188041262113146
95,"([0.5, 0.15, 0.12, 0.19, 0.02, 0.03], [3])","([1, 0, 0, 0, 0, 0], [0])",-0.0,-0.0,-0.0,-0.63,-0.0,-0.0,-0.63,0.3311331331331331,2.1652192192192232,1.6188041262113146
96,"([0.5, 0.15, 0.12, 0.19, 0.02, 0.03], [0])","([1, 0, 0, 0, 0, 0], [0])",-0.0,-0.0,-0.0,-0.0,-0.0,-0.0,0.0,0.3311331331331331,1.8340860860860901,1.6188041262113146
97,"([0.5, 0.15, 0.12, 0.19, 0.02, 0.03], [3])","([1, 0, 0, 0, 0, 0], [0])",-0.0,-0.0,-0.0,-0.63,-0.0,-0.0,-0.63,0.3311331331331331,2.132952952952957,1.6188041262113146
98,"([0.5, 0.15, 0.12, 0.19, 0.02, 0.03], [2])","([1, 0, 0, 0, 0, 0], [0])",-0.0,-0.0,-0.7909999999999999,-0.0,-0.0,-0.0,-0.7909999999999999,0.3311331331331331,2.592819819819824,1.6188041262113146
99,"([0.5, 0.15, 0.12, 0.19, 0.02, 0.03], [0])","([1, 0, 0, 0, 0, 0], [0])",-0.0,-0.0,-0.0,-0.0,-0.0,-0.0,0.0,0.3311331331331331,2.2616866866866907,1.6188041262113146
