,suqr-1,FB-0,feedback target 0,feedback target 1,feedback target 2,feedback target 3,feedback target 4,feedback target 5,total,exp_loss,actual_regret,exp_regret
0,"([0.2, 0.2, 0.2, 0.2, 0.0, 0.2], [5])","([0, 0, 0, 0, 1, 0], [4])",-0.0,-0.0,-0.0,-0.0,-0.0,-0.958,-0.958,0.9025585668157697,0.23567774235131833,0.1802363091670881
1,"([0.11, 0.07, 0.35, 0.08, 0.33, 0.06], [4])","([0.18, 0.23, 0.07, 0.21, 0.07, 0.24], [4])",-0.0,-0.0,-0.0,-0.0,-0.0,-0.0,0.0,0.7309724335951064,-0.4866445152973633,0.18888648511351291
2,"([0.14, 0.11, 0.27, 0.12, 0.26, 0.11], [4])","([0.18, 0.2, 0.11, 0.19, 0.11, 0.2], [0])",-0.0,-0.0,-0.0,-0.0,-0.7879999999999999,-0.0,-0.7879999999999999,0.7223229344562268,-0.420966772946045,0.18888716192105803
3,"([0.14, 0.11, 0.26, 0.12, 0.25, 0.11], [4])","([0.18, 0.2, 0.11, 0.19, 0.12, 0.2], [2])",-0.0,-0.0,-0.0,-0.0,-0.7879999999999999,-0.0,-0.7879999999999999,0.7223822759966303,-0.3552890305947267,0.1889471802690067
4,"([0.14, 0.11, 0.26, 0.12, 0.25, 0.11], [1])","([0.18, 0.2, 0.11, 0.19, 0.12, 0.2], [2])",-0.0,-0.951,-0.0,-0.0,-0.0,-0.0,-0.951,0.7223829886112421,-0.1266112882434084,0.18900791123156713
5,"([0.14, 0.11, 0.27, 0.12, 0.26, 0.11], [2])","([0.18, 0.2, 0.11, 0.19, 0.11, 0.2], [4])",-0.0,-0.0,-0.7829999999999999,-0.0,-0.0,-0.0,-0.7829999999999999,0.7223233755588901,-0.0659335458920901,0.18900902914177564
6,"([0.14, 0.11, 0.26, 0.12, 0.25, 0.11], [3])","([0.18, 0.2, 0.11, 0.19, 0.12, 0.2], [2])",-0.0,-0.0,-0.0,-0.9279999999999999,-0.0,-0.0,-0.9279999999999999,0.7223841765169179,0.1397441964592282,0.1890709480100119
7,"([0.14, 0.11, 0.27, 0.12, 0.26, 0.11], [5])","([0.18, 0.2, 0.11, 0.19, 0.11, 0.2], [1])",-0.0,-0.0,-0.0,-0.0,-0.0,-0.958,-0.958,0.7223228987175561,0.37542193881054653,0.18907158907888633
8,"([0.14, 0.11, 0.27, 0.12, 0.26, 0.1], [5])","([0.18, 0.2, 0.11, 0.19, 0.11, 0.21], [5])",-0.0,-0.0,-0.0,-0.0,-0.0,-0.0,0.0,0.7223486685772632,-0.3469003188381351,0.1890980000074679
9,"([0.14, 0.1, 0.28, 0.11, 0.27, 0.1], [3])","([0.18, 0.21, 0.1, 0.2, 0.11, 0.21], [3])",-0.0,-0.0,-0.0,-0.0,-0.0,-0.0,0.0,0.7225364116841325,-1.0692225764868168,0.1893121540429188
10,"([0.14, 0.1, 0.29, 0.11, 0.28, 0.09], [2])","([0.18, 0.21, 0.1, 0.2, 0.1, 0.21], [5])",-0.0,-0.0,-0.7829999999999999,-0.0,-0.0,-0.0,-0.7829999999999999,0.722913665985313,-1.0085448341354986,0.1899035623795502
11,"([0.14, 0.1, 0.28, 0.11, 0.27, 0.1], [1])","([0.18, 0.21, 0.1, 0.2, 0.11, 0.21], [0])",-0.0,-0.951,-0.0,-0.0,-0.0,-0.0,-0.951,0.7225016422913975,-0.7798670917841802,0.19008294702226602
12,"([0.14, 0.1, 0.29, 0.11, 0.28, 0.09], [4])","([0.18, 0.21, 0.1, 0.2, 0.1, 0.21], [4])",-0.0,-0.0,-0.0,-0.0,-0.0,-0.0,0.0,0.7228499397057103,-1.5021893494328618,0.1906106290792947
13,"([0.14, 0.1, 0.28, 0.11, 0.27, 0.1], [5])","([0.18, 0.21, 0.1, 0.2, 0.11, 0.21], [5])",-0.0,-0.0,-0.0,-0.0,-0.0,-0.0,0.0,0.7225407562562336,-2.2245116070815434,0.19082912768684668
14,"([0.14, 0.1, 0.29, 0.11, 0.28, 0.09], [3])","([0.18, 0.21, 0.1, 0.2, 0.1, 0.21], [3])",-0.0,-0.0,-0.0,-0.0,-0.0,-0.0,0.0,0.7228876814995038,-2.946833864730225,0.19139455153766882
15,"([0.13, 0.09, 0.3, 0.11, 0.28, 0.09], [4])","([0.18, 0.21, 0.1, 0.2, 0.1, 0.22], [4])",-0.0,-0.0,-0.0,-0.0,-0.0,-0.0,0.0,0.7234027133473557,-3.6691561223789066,0.19247500723634292
16,"([0.14, 0.1, 0.29, 0.11, 0.28, 0.09], [2])","([0.18, 0.21, 0.1, 0.2, 0.1, 0.21], [0])",-0.0,-0.0,-0.7829999999999999,-0.0,-0.0,-0.0,-0.7829999999999999,0.7228114044102227,-3.6084783800275884,0.19296415399788402
17,"([0.14, 0.1, 0.28, 0.11, 0.27, 0.1], [1])","([0.18, 0.21, 0.1, 0.2, 0.11, 0.21], [2])",-0.0,-0.951,-0.0,-0.0,-0.0,-0.0,-0.951,0.7225669821089171,-3.37980063767627,0.19320887845811952
18,"([0.14, 0.1, 0.29, 0.11, 0.28, 0.09], [4])","([0.18, 0.21, 0.1, 0.2, 0.1, 0.21], [3])",-0.0,-0.0,-0.0,-0.0,-0.7879999999999999,-0.0,-0.7879999999999999,0.7227874925085115,-3.3141228953249517,0.19367411331794937
19,"([0.14, 0.1, 0.28, 0.11, 0.27, 0.1], [0])","([0.18, 0.21, 0.1, 0.2, 0.11, 0.21], [0])",-0.0,-0.0,-0.0,-0.0,-0.0,-0.0,0.0,0.7225796262531479,-4.036445152973633,0.1939314819224156
20,"([0.14, 0.1, 0.28, 0.11, 0.27, 0.1], [3])","([0.18, 0.21, 0.1, 0.2, 0.11, 0.21], [5])",-0.0,-0.0,-0.0,-0.9279999999999999,-0.0,-0.0,-0.9279999999999999,0.7226612313132722,-3.830767410622315,0.19427045558700617
21,"([0.14, 0.1, 0.29, 0.11, 0.28, 0.09], [4])","([0.18, 0.21, 0.1, 0.2, 0.1, 0.21], [5])",-0.0,-0.0,-0.0,-0.0,-0.7879999999999999,-0.0,-0.7879999999999999,0.7228338093779758,-3.765089668270997,0.19478200731630035
22,"([0.14, 0.1, 0.28, 0.11, 0.27, 0.1], [2])","([0.18, 0.21, 0.1, 0.2, 0.11, 0.21], [3])",-0.0,-0.0,-0.7829999999999999,-0.0,-0.0,-0.0,-0.7829999999999999,0.72266738717747,-3.7044119259196786,0.19512713684508876
23,"([0.14, 0.1, 0.28, 0.11, 0.27, 0.1], [0])","([0.18, 0.21, 0.1, 0.2, 0.11, 0.21], [5])",-0.892,-0.0,-0.0,-0.0,-0.0,-0.0,-0.892,0.7225217350182137,-3.5347341835683603,0.19532661421462083
24,"([0.14, 0.1, 0.28, 0.11, 0.27, 0.1], [2])","([0.18, 0.21, 0.1, 0.2, 0.11, 0.21], [3])",-0.0,-0.0,-0.7829999999999999,-0.0,-0.0,-0.0,-0.7829999999999999,0.7225766970582475,-3.474056441217042,0.19558105362418665
25,"([0.14, 0.1, 0.28, 0.11, 0.27, 0.1], [2])","([0.18, 0.21, 0.1, 0.19, 0.11, 0.21], [1])",-0.0,-0.0,-0.7829999999999999,-0.0,-0.0,-0.0,-0.7829999999999999,0.722486291535805,-3.4133786988657238,0.19574508751131003
26,"([0.14, 0.1, 0.28, 0.12, 0.27, 0.1], [2])","([0.18, 0.21, 0.11, 0.19, 0.11, 0.21], [3])",-0.0,-0.0,-0.7829999999999999,-0.0,-0.0,-0.0,-0.7829999999999999,0.7224339620568041,-3.3527009565144055,0.1958567919194325
27,"([0.14, 0.1, 0.28, 0.12, 0.27, 0.1], [2])","([0.18, 0.2, 0.11, 0.19, 0.11, 0.21], [3])",-0.0,-0.0,-0.7829999999999999,-0.0,-0.0,-0.0,-0.7829999999999999,0.7223959667325639,-3.292023214163087,0.19593050100331477
28,"([0.14, 0.11, 0.27, 0.12, 0.26, 0.1], [5])","([0.18, 0.2, 0.11, 0.19, 0.11, 0.21], [1])",-0.0,-0.0,-0.0,-0.0,-0.0,-0.958,-0.958,0.7223726593357533,-3.0563454718117686,0.19598090269038648
29,"([0.14, 0.1, 0.28, 0.12, 0.27, 0.1], [2])","([0.18, 0.21, 0.11, 0.19, 0.11, 0.21], [5])",-0.0,-0.0,-0.7829999999999999,-0.0,-0.0,-0.0,-0.7829999999999999,0.7224030609104513,-2.9956677294604503,0.1960617059521561
30,"([0.14, 0.11, 0.27, 0.12, 0.26, 0.1], [4])","([0.18, 0.2, 0.11, 0.19, 0.11, 0.21], [0])",-0.0,-0.0,-0.0,-0.0,-0.7879999999999999,-0.0,-0.7879999999999999,0.72237206435019,-2.929989987109132,0.19611151265366444
31,"([0.14, 0.11, 0.27, 0.12, 0.26, 0.1], [4])","([0.18, 0.2, 0.11, 0.19, 0.11, 0.21], [0])",-0.0,-0.0,-0.0,-0.0,-0.7879999999999999,-0.0,-0.7879999999999999,0.7223622275509264,-2.864312244757814,0.1961514825559092
32,"([0.14, 0.11, 0.27, 0.12, 0.26, 0.1], [2])","([0.18, 0.2, 0.11, 0.19, 0.11, 0.21], [0])",-0.0,-0.0,-0.7829999999999999,-0.0,-0.0,-0.0,-0.7829999999999999,0.7223462593974905,-2.8036345024064957,0.1961754843047181
33,"([0.14, 0.11, 0.27, 0.12, 0.26, 0.1], [2])","([0.18, 0.2, 0.11, 0.19, 0.11, 0.21], [3])",-0.0,-0.0,-0.7829999999999999,-0.0,-0.0,-0.0,-0.7829999999999999,0.7223343424634192,-2.7429567600551774,0.19618756911945567
34,"([0.14, 0.11, 0.27, 0.12, 0.26, 0.1], [5])","([0.18, 0.2, 0.11, 0.19, 0.11, 0.21], [3])",-0.0,-0.0,-0.0,-0.0,-0.0,-0.958,-0.958,0.7223295541261381,-2.5072790177038593,0.19619486559691213
35,"([0.14, 0.11, 0.27, 0.12, 0.26, 0.1], [4])","([0.18, 0.2, 0.11, 0.19, 0.11, 0.21], [0])",-0.0,-0.0,-0.0,-0.0,-0.7879999999999999,-0.0,-0.7879999999999999,0.7223401867920751,-2.441601275352541,0.19621279474030562
36,"([0.14, 0.11, 0.27, 0.12, 0.26, 0.1], [0])","([0.18, 0.2, 0.11, 0.19, 0.11, 0.21], [0])",-0.0,-0.0,-0.0,-0.0,-0.0,-0.0,0.0,0.7223343099290728,-3.1639235330012228,0.19622484702069676
37,"([0.14, 0.11, 0.27, 0.12, 0.26, 0.1], [5])","([0.18, 0.2, 0.11, 0.19, 0.11, 0.21], [4])",-0.0,-0.0,-0.0,-0.0,-0.0,-0.958,-0.958,0.7223403603987841,-2.928245790649904,0.19624294977079926
38,"([0.14, 0.11, 0.27, 0.12, 0.26, 0.1], [2])","([0.18, 0.2, 0.11, 0.19, 0.11, 0.21], [4])",-0.0,-0.0,-0.7829999999999999,-0.0,-0.0,-0.0,-0.7829999999999999,0.7223574692155393,-2.867568048298586,0.19627816133765696
39,"([0.14, 0.11, 0.27, 0.12, 0.26, 0.1], [4])","([0.18, 0.2, 0.11, 0.19, 0.11, 0.21], [0])",-0.0,-0.0,-0.0,-0.0,-0.7879999999999999,-0.0,-0.7879999999999999,0.7223457164411949,-2.8018903059472677,0.19630162013017027
40,"([0.14, 0.11, 0.27, 0.12, 0.26, 0.1], [4])","([0.18, 0.2, 0.11, 0.19, 0.11, 0.21], [0])",-0.0,-0.0,-0.0,-0.0,-0.7879999999999999,-0.0,-0.7879999999999999,0.7223388590568891,-2.7362125635959496,0.19631822153837775
41,"([0.14, 0.11, 0.27, 0.12, 0.26, 0.1], [4])","([0.18, 0.2, 0.11, 0.19, 0.11, 0.21], [5])",-0.0,-0.0,-0.0,-0.0,-0.7879999999999999,-0.0,-0.7879999999999999,0.7223321714655203,-2.6705348212446314,0.19632813535521643
42,"([0.14, 0.11, 0.27, 0.12, 0.26, 0.1], [3])","([0.18, 0.2, 0.11, 0.19, 0.11, 0.21], [4])",-0.0,-0.0,-0.0,-0.9279999999999999,-0.0,-0.0,-0.9279999999999999,0.7223273913623609,-2.464857078893313,0.1963332690688957
43,"([0.14, 0.11, 0.27, 0.12, 0.26, 0.1], [4])","([0.18, 0.2, 0.11, 0.19, 0.11, 0.21], [2])",-0.0,-0.0,-0.0,-0.0,-0.7879999999999999,-0.0,-0.7879999999999999,0.72233373503412,-2.399179336541995,0.19634474645433408
44,"([0.14, 0.11, 0.27, 0.12, 0.26, 0.1], [0])","([0.18, 0.2, 0.11, 0.19, 0.11, 0.21], [1])",-0.892,-0.0,-0.0,-0.0,-0.0,-0.0,-0.892,0.7223297315763051,-2.2295015941906766,0.19635222038195754
45,"([0.14, 0.11, 0.27, 0.12, 0.26, 0.1], [1])","([0.18, 0.2, 0.11, 0.19, 0.11, 0.21], [1])",-0.0,-0.0,-0.0,-0.0,-0.0,-0.0,0.0,0.7223371003554546,-2.9518238518393582,0.19636706308873053
46,"([0.14, 0.11, 0.27, 0.12, 0.26, 0.1], [2])","([0.18, 0.2, 0.11, 0.19, 0.11, 0.21], [3])",-0.0,-0.0,-0.7829999999999999,-0.0,-0.0,-0.0,-0.7829999999999999,0.7223425224803142,-2.89114610948804,0.19638732792036306
47,"([0.14, 0.11, 0.27, 0.12, 0.26, 0.1], [1])","([0.18, 0.2, 0.11, 0.19, 0.11, 0.21], [0])",-0.0,-0.951,-0.0,-0.0,-0.0,-0.0,-0.951,0.7223372849229037,-2.6624683671367215,0.19640235519458515
48,"([0.14, 0.11, 0.27, 0.12, 0.26, 0.1], [2])","([0.18, 0.2, 0.11, 0.19, 0.11, 0.21], [3])",-0.0,-0.0,-0.7829999999999999,-0.0,-0.0,-0.0,-0.7829999999999999,0.7223465047601169,-2.6017906247854032,0.19642660230602038
49,"([0.14, 0.11, 0.27, 0.12, 0.26, 0.1], [4])","([0.18, 0.2, 0.11, 0.19, 0.11, 0.21], [1])",-0.0,-0.0,-0.0,-0.0,-0.7879999999999999,-0.0,-0.7879999999999999,0.7223403424054243,-2.536112882434085,0.19644468706276308
50,"([0.14, 0.11, 0.27, 0.12, 0.26, 0.1], [4])","([0.18, 0.2, 0.11, 0.19, 0.11, 0.21], [0])",-0.0,-0.0,-0.0,-0.0,-0.7879999999999999,-0.0,-0.7879999999999999,0.7223334716266632,-2.470435140082767,0.19645590104074462
51,"([0.14, 0.11, 0.27, 0.12, 0.26, 0.1], [2])","([0.18, 0.2, 0.11, 0.19, 0.11, 0.21], [4])",-0.0,-0.0,-0.7829999999999999,-0.0,-0.0,-0.0,-0.7829999999999999,0.7223299911924683,-2.4097573977314486,0.1964636345845313
52,"([0.14, 0.11, 0.27, 0.12, 0.26, 0.11], [0])","([0.18, 0.2, 0.11, 0.19, 0.11, 0.21], [2])",-0.892,-0.0,-0.0,-0.0,-0.0,-0.0,-0.892,0.7223265468930835,-2.2400796553801303,0.1964679238289332
53,"([0.14, 0.11, 0.27, 0.12, 0.26, 0.1], [4])","([0.18, 0.2, 0.11, 0.19, 0.11, 0.21], [5])",-0.0,-0.0,-0.0,-0.0,-0.7879999999999999,-0.0,-0.7879999999999999,0.7223315388078067,-2.174401913028812,0.1964772049880582
54,"([0.14, 0.11, 0.27, 0.12, 0.26, 0.1], [1])","([0.18, 0.2, 0.11, 0.19, 0.11, 0.21], [5])",-0.0,-0.951,-0.0,-0.0,-0.0,-0.0,-0.951,0.7223269358319736,-1.9457241706774937,0.19648188317135018
55,"([0.14, 0.11, 0.27, 0.12, 0.26, 0.1], [2])","([0.18, 0.2, 0.11, 0.19, 0.11, 0.21], [1])",-0.0,-0.0,-0.7829999999999999,-0.0,-0.0,-0.0,-0.7829999999999999,0.7223315025422126,-1.8850464283261754,0.19649112806488112
56,"([0.14, 0.11, 0.27, 0.12, 0.26, 0.1], [4])","([0.18, 0.2, 0.11, 0.19, 0.11, 0.21], [5])",-0.0,-0.0,-0.0,-0.0,-0.7879999999999999,-0.0,-0.7879999999999999,0.7223283706705141,-1.8193686859748572,0.19649724108671363
57,"([0.14, 0.11, 0.27, 0.12, 0.26, 0.11], [4])","([0.18, 0.2, 0.11, 0.19, 0.11, 0.21], [3])",-0.0,-0.0,-0.0,-0.0,-0.7879999999999999,-0.0,-0.7879999999999999,0.7223253921082619,-1.753690943623539,0.19650037554629385
58,"([0.14, 0.11, 0.27, 0.12, 0.26, 0.11], [2])","([0.18, 0.2, 0.11, 0.19, 0.11, 0.21], [5])",-0.0,-0.0,-0.7829999999999999,-0.0,-0.0,-0.0,-0.7829999999999999,0.7223247088472416,-1.6930132012722208,0.19650282674485386
59,"([0.14, 0.11, 0.27, 0.12, 0.26, 0.11], [1])","([0.18, 0.2, 0.11, 0.19, 0.11, 0.2], [2])",-0.0,-0.951,-0.0,-0.0,-0.0,-0.0,-0.951,0.7223237126229289,-1.4643354589209023,0.19650428171910117
60,"([0.14, 0.11, 0.27, 0.12, 0.26, 0.11], [4])","([0.18, 0.2, 0.11, 0.19, 0.11, 0.21], [5])",-0.0,-0.0,-0.0,-0.0,-0.7879999999999999,-0.0,-0.7879999999999999,0.7223254996650481,-1.3986577165695842,0.19650752373546765
61,"([0.14, 0.11, 0.27, 0.12, 0.26, 0.11], [4])","([0.18, 0.2, 0.11, 0.19, 0.11, 0.21], [5])",-0.0,-0.0,-0.0,-0.0,-0.7879999999999999,-0.0,-0.7879999999999999,0.7223245214978019,-1.332979974218266,0.19650978758458792
62,"([0.14, 0.11, 0.27, 0.12, 0.26, 0.11], [5])","([0.18, 0.2, 0.11, 0.19, 0.11, 0.2], [0])",-0.0,-0.0,-0.0,-0.0,-0.0,-0.958,-0.958,0.7223234165192864,-1.0973022318669476,0.19651094645519274
63,"([0.14, 0.11, 0.27, 0.12, 0.26, 0.11], [5])","([0.18, 0.2, 0.11, 0.19, 0.11, 0.21], [0])",-0.0,-0.0,-0.0,-0.0,-0.0,-0.958,-0.958,0.7223253644605903,-0.8616244895156293,0.19651405326710136
64,"([0.14, 0.11, 0.27, 0.12, 0.26, 0.1], [3])","([0.18, 0.2, 0.11, 0.19, 0.11, 0.21], [2])",-0.0,-0.0,-0.0,-0.9279999999999999,-0.0,-0.0,-0.9279999999999999,0.722328951534434,-0.655946747164311,0.19652074715285373
65,"([0.14, 0.11, 0.27, 0.12, 0.26, 0.1], [4])","([0.18, 0.2, 0.11, 0.19, 0.11, 0.21], [3])",-0.0,-0.0,-0.0,-0.0,-0.7879999999999999,-0.0,-0.7879999999999999,0.7223334647121787,-0.5902690048129927,0.19653195421635083
66,"([0.14, 0.11, 0.27, 0.12, 0.26, 0.1], [3])","([0.18, 0.2, 0.11, 0.19, 0.11, 0.21], [0])",-0.0,-0.0,-0.0,-0.9279999999999999,-0.0,-0.0,-0.9279999999999999,0.7223315111321703,-0.3845912624616744,0.19654120769983952
67,"([0.14, 0.11, 0.27, 0.12, 0.26, 0.1], [2])","([0.18, 0.2, 0.11, 0.19, 0.11, 0.21], [1])",-0.0,-0.0,-0.7829999999999999,-0.0,-0.0,-0.0,-0.7829999999999999,0.7223328789283024,-0.3239135201103561,0.19655182897946033
68,"([0.14, 0.11, 0.27, 0.12, 0.26, 0.1], [4])","([0.18, 0.2, 0.11, 0.19, 0.11, 0.21], [0])",-0.0,-0.0,-0.0,-0.0,-0.7879999999999999,-0.0,-0.7879999999999999,0.7223311479250019,-0.25823577775903783,0.19656071925578056
69,"([0.14, 0.11, 0.27, 0.12, 0.26, 0.1], [4])","([0.18, 0.2, 0.11, 0.19, 0.11, 0.21], [4])",-0.0,-0.0,-0.0,-0.0,-0.0,-0.0,0.0,0.7223289678329948,-0.9805580354077195,0.19656742944009375
70,"([0.14, 0.11, 0.27, 0.12, 0.26, 0.1], [4])","([0.18, 0.2, 0.11, 0.19, 0.11, 0.21], [0])",-0.0,-0.0,-0.0,-0.0,-0.7879999999999999,-0.0,-0.7879999999999999,0.722326683150503,-0.9148802930564012,0.1965718549419151
71,"([0.14, 0.11, 0.27, 0.12, 0.26, 0.11], [0])","([0.18, 0.2, 0.11, 0.19, 0.11, 0.21], [1])",-0.892,-0.0,-0.0,-0.0,-0.0,-0.0,-0.892,0.722324503020977,-0.7452025507050828,0.1965741003142104
72,"([0.14, 0.11, 0.27, 0.12, 0.26, 0.11], [0])","([0.18, 0.2, 0.11, 0.19, 0.11, 0.21], [3])",-0.892,-0.0,-0.0,-0.0,-0.0,-0.0,-0.892,0.7223258706817393,-0.5755248083537644,0.19657771334726803
73,"([0.14, 0.11, 0.27, 0.12, 0.26, 0.1], [2])","([0.18, 0.2, 0.11, 0.19, 0.11, 0.21], [2])",-0.0,-0.0,-0.0,-0.0,-0.0,-0.0,0.0,0.7223294314731492,-1.2978470660024461,0.1965848871717356
74,"([0.14, 0.11, 0.27, 0.12, 0.26, 0.1], [2])","([0.18, 0.2, 0.11, 0.19, 0.11, 0.21], [1])",-0.0,-0.0,-0.7829999999999999,-0.0,-0.0,-0.0,-0.7829999999999999,0.7223263481516028,-1.2371693236511279,0.19658897767465677
75,"([0.14, 0.11, 0.27, 0.12, 0.26, 0.11], [0])","([0.18, 0.2, 0.11, 0.19, 0.11, 0.21], [0])",-0.0,-0.0,-0.0,-0.0,-0.0,-0.0,0.0,0.7223246804650968,-1.9594915812998095,0.19659140049107193
76,"([0.14, 0.11, 0.27, 0.12, 0.26, 0.1], [2])","([0.18, 0.2, 0.11, 0.19, 0.11, 0.21], [4])",-0.0,-0.0,-0.7829999999999999,-0.0,-0.0,-0.0,-0.7829999999999999,0.7223261428640602,-1.8988138389484912,0.19659528570645046
77,"([0.14, 0.11, 0.27, 0.12, 0.26, 0.11], [5])","([0.18, 0.2, 0.11, 0.19, 0.11, 0.21], [0])",-0.0,-0.0,-0.0,-0.0,-0.0,-0.958,-0.958,0.7223247651880056,-1.6631360965971729,0.19659779324577442
78,"([0.14, 0.11, 0.27, 0.12, 0.26, 0.1], [2])","([0.18, 0.2, 0.11, 0.19, 0.11, 0.21], [2])",-0.0,-0.0,-0.0,-0.0,-0.0,-0.0,0.0,0.7223264425797629,-2.3854583542458547,0.19660197817685565
79,"([0.14, 0.11, 0.27, 0.12, 0.26, 0.1], [4])","([0.18, 0.2, 0.11, 0.19, 0.11, 0.21], [5])",-0.0,-0.0,-0.0,-0.0,-0.7879999999999999,-0.0,-0.7879999999999999,0.7223264394488028,-2.3197806118945365,0.19660615997697684
80,"([0.14, 0.11, 0.27, 0.12, 0.26, 0.11], [2])","([0.18, 0.2, 0.11, 0.19, 0.11, 0.21], [3])",-0.0,-0.0,-0.7829999999999999,-0.0,-0.0,-0.0,-0.7829999999999999,0.7223242523810695,-2.2591028695432183,0.19660815470936466
81,"([0.14, 0.11, 0.27, 0.12, 0.26, 0.11], [2])","([0.18, 0.2, 0.11, 0.19, 0.11, 0.21], [3])",-0.0,-0.0,-0.7829999999999999,-0.0,-0.0,-0.0,-0.7829999999999999,0.7223236218017648,-2.1984251271919,0.19660951886244782
82,"([0.14, 0.11, 0.27, 0.12, 0.26, 0.11], [3])","([0.18, 0.2, 0.11, 0.19, 0.11, 0.2], [0])",-0.0,-0.0,-0.0,-0.9279999999999999,-0.0,-0.0,-0.9279999999999999,0.7223236542695243,-1.9927473848405817,0.19661091548329046
83,"([0.14, 0.11, 0.27, 0.12, 0.26, 0.11], [2])","([0.18, 0.2, 0.11, 0.19, 0.11, 0.21], [3])",-0.0,-0.0,-0.7829999999999999,-0.0,-0.0,-0.0,-0.7829999999999999,0.7223239011128602,-1.9320696424892634,0.19661255894746898
84,"([0.14, 0.11, 0.27, 0.12, 0.26, 0.11], [2])","([0.18, 0.2, 0.11, 0.19, 0.11, 0.2], [0])",-0.0,-0.0,-0.7829999999999999,-0.0,-0.0,-0.0,-0.7829999999999999,0.7223241831099686,-1.871391900137945,0.19661448440875595
85,"([0.14, 0.11, 0.27, 0.12, 0.26, 0.11], [3])","([0.18, 0.2, 0.11, 0.19, 0.11, 0.2], [5])",-0.0,-0.0,-0.0,-0.9279999999999999,-0.0,-0.0,-0.9279999999999999,0.7223231527000805,-1.6657141577866268,0.19661537946015484
86,"([0.14, 0.11, 0.27, 0.12, 0.26, 0.11], [4])","([0.18, 0.2, 0.11, 0.19, 0.11, 0.21], [1])",-0.0,-0.0,-0.0,-0.0,-0.7879999999999999,-0.0,-0.7879999999999999,0.7223231887942404,-1.6000364154353086,0.1966163106057136
87,"([0.14, 0.11, 0.27, 0.12, 0.26, 0.11], [1])","([0.18, 0.2, 0.11, 0.19, 0.11, 0.2], [2])",-0.0,-0.951,-0.0,-0.0,-0.0,-0.0,-0.951,0.7223231422703558,-1.3713586730839902,0.19661719522738774
88,"([0.14, 0.11, 0.27, 0.12, 0.26, 0.11], [3])","([0.18, 0.2, 0.11, 0.19, 0.11, 0.21], [1])",-0.0,-0.0,-0.0,-0.9279999999999999,-0.0,-0.0,-0.9279999999999999,0.7223238608872188,-1.1656809307326719,0.1966187984659249
89,"([0.14, 0.11, 0.27, 0.12, 0.26, 0.11], [2])","([0.18, 0.2, 0.11, 0.19, 0.11, 0.21], [0])",-0.0,-0.0,-0.7829999999999999,-0.0,-0.0,-0.0,-0.7829999999999999,0.7223249637033738,-1.1050031883813536,0.1966215045206171
90,"([0.14, 0.11, 0.27, 0.12, 0.26, 0.11], [0])","([0.18, 0.2, 0.11, 0.19, 0.11, 0.21], [3])",-0.892,-0.0,-0.0,-0.0,-0.0,-0.0,-0.892,0.722324428213852,-0.9353254460300352,0.19662367508578749
91,"([0.14, 0.11, 0.27, 0.12, 0.26, 0.1], [0])","([0.18, 0.2, 0.11, 0.19, 0.11, 0.21], [1])",-0.892,-0.0,-0.0,-0.0,-0.0,-0.0,-0.892,0.7223254070921195,-0.7656477036787168,0.1966268245292253
92,"([0.14, 0.11, 0.27, 0.12, 0.26, 0.1], [3])","([0.18, 0.2, 0.11, 0.19, 0.11, 0.21], [2])",-0.0,-0.0,-0.0,-0.9279999999999999,-0.0,-0.0,-0.9279999999999999,0.7223261375653502,-0.5599699613273985,0.19663070444589392
93,"([0.14, 0.11, 0.27, 0.12, 0.26, 0.11], [0])","([0.18, 0.2, 0.11, 0.19, 0.11, 0.21], [5])",-0.892,-0.0,-0.0,-0.0,-0.0,-0.0,-0.892,0.722329226956783,-0.39029221897608013,0.19663767375399532
94,"([0.14, 0.11, 0.27, 0.12, 0.26, 0.1], [2])","([0.18, 0.2, 0.11, 0.19, 0.11, 0.21], [0])",-0.0,-0.0,-0.7829999999999999,-0.0,-0.0,-0.0,-0.7829999999999999,0.7223298452908409,-0.32961447662476184,0.19664526139615457
95,"([0.14, 0.11, 0.27, 0.12, 0.26, 0.1], [2])","([0.18, 0.2, 0.11, 0.19, 0.11, 0.21], [3])",-0.0,-0.0,-0.7829999999999999,-0.0,-0.0,-0.0,-0.7829999999999999,0.7223278047050252,-0.26893673427344356,0.19665080845249816
96,"([0.14, 0.11, 0.27, 0.12, 0.26, 0.11], [0])","([0.18, 0.2, 0.11, 0.19, 0.11, 0.2], [4])",-0.892,-0.0,-0.0,-0.0,-0.0,-0.0,-0.892,0.7223232219392695,-0.09925899192212517,0.19665177274308598
97,"([0.14, 0.11, 0.27, 0.12, 0.26, 0.1], [0])","([0.18, 0.2, 0.11, 0.19, 0.11, 0.21], [1])",-0.892,-0.0,-0.0,-0.0,-0.0,-0.0,-0.892,0.7223267138541934,0.07041875042919321,0.1966562289485978
98,"([0.14, 0.11, 0.27, 0.12, 0.26, 0.1], [2])","([0.18, 0.2, 0.11, 0.19, 0.11, 0.21], [5])",-0.0,-0.0,-0.7829999999999999,-0.0,-0.0,-0.0,-0.7829999999999999,0.722330133405543,0.1310964927805115,0.19666410470545914
99,"([0.14, 0.11, 0.27, 0.12, 0.26, 0.1], [1])","([0.18, 0.2, 0.11, 0.19, 0.11, 0.21], [2])",-0.0,-0.951,-0.0,-0.0,-0.0,-0.0,-0.951,0.7223278911237876,0.3597742351318298,0.1966697381805651
