,suqr-1,FB-0,feedback target 0,feedback target 1,feedback target 2,feedback target 3,feedback target 4,feedback target 5,total,exp_loss,actual_regret,exp_regret
0,"([0.2, 0.2, 0.21, 0.2, 0.0, 0.19], [3])","([0, 0, 0, 0, 1, 0], [4])",-0.0,-0.0,-0.0,-0.953,-0.0,-0.0,-0.953,0.9219856053002423,0.1833326525944745,0.15231825789471687
1,"([0.2, 0.2, 0.21, 0.0, 0.2, 0.19], [2])","([0, 0, 0, 1, 0, 0], [3])",-0.0,-0.0,-0.9690000000000001,-0.0,-0.0,-0.0,-0.9690000000000001,0.9221947869034899,0.38266530518894915,0.3048456973926813
2,"([0.2, 0.2, 0.0, 0.2, 0.2, 0.19], [3])","([0, 0, 1, 0, 0, 0], [2])",-0.0,-0.0,-0.0,-0.953,-0.0,-0.0,-0.953,0.9188057852506043,0.5659979577834237,0.45398413523776016
3,"([0.2, 0.2, 0.0, 0.2, 0.2, 0.19], [1])","([0, 0, 1, 0, 0, 0], [2])",-0.0,-0.887,-0.0,-0.0,-0.0,-0.0,-0.887,0.9188057852506043,0.6833306103778982,0.603122573082839
4,"([0.2, 0.0, 0.2, 0.2, 0.2, 0.19], [3])","([0, 1, 0, 0, 0, 0], [1])",-0.0,-0.0,-0.0,-0.953,-0.0,-0.0,-0.953,0.9352554613091268,0.8666632629723727,0.7687106869864404
5,"([0.2, 0.0, 0.2, 0.2, 0.2, 0.19], [4])","([0, 1, 0, 0, 0, 0], [1])",-0.0,-0.0,-0.0,-0.0,-0.9540000000000001,-0.0,-0.9540000000000001,0.9352554613091268,1.0509959155668473,0.9342988008900418
6,"([0.2, 0.2, 0.0, 0.2, 0.2, 0.19], [5])","([0, 0, 1, 0, 0, 0], [2])",-0.0,-0.0,-0.0,-0.0,-0.0,-0.8540000000000001,-0.8540000000000001,0.9188057852506043,1.1353285681613219,1.0834372387351205
7,"([0.16, 0.18, 0.15, 0.15, 0.15, 0.2], [1])","([0.18, 0.15, 0.19, 0.18, 0.18, 0.13], [0])",-0.0,-0.887,-0.0,-0.0,-0.0,-0.0,-0.887,0.7697183860519052,1.2526612207557966,1.0834882773815004
8,"([0.16, 0.18, 0.15, 0.16, 0.15, 0.2], [0])","([0.18, 0.15, 0.19, 0.18, 0.18, 0.13], [2])",-0.943,-0.0,-0.0,-0.0,-0.0,-0.0,-0.943,0.7697353316083857,1.425993873350271,1.0835562615843606
9,"([0.16, 0.18, 0.15, 0.15, 0.15, 0.2], [1])","([0.18, 0.15, 0.19, 0.18, 0.18, 0.13], [4])",-0.0,-0.887,-0.0,-0.0,-0.0,-0.0,-0.887,0.7697183860519052,1.5433265259447455,1.0836073002307405
10,"([0.16, 0.18, 0.15, 0.16, 0.15, 0.2], [5])","([0.18, 0.15, 0.19, 0.18, 0.18, 0.13], [1])",-0.0,-0.0,-0.0,-0.0,-0.0,-0.8540000000000001,-0.8540000000000001,0.7697353316083857,1.6276591785392203,1.0836752844336006
11,"([0.16, 0.18, 0.15, 0.16, 0.15, 0.2], [3])","([0.18, 0.15, 0.19, 0.18, 0.18, 0.13], [5])",-0.0,-0.0,-0.0,-0.953,-0.0,-0.0,-0.953,0.7697353316083857,1.8109918311336948,1.0837432686364608
12,"([0.16, 0.18, 0.15, 0.16, 0.15, 0.2], [5])","([0.18, 0.15, 0.19, 0.18, 0.18, 0.13], [5])",-0.0,-0.0,-0.0,-0.0,-0.0,-0.0,0.0,0.7697353316083857,1.0413244837281694,1.083811252839321
13,"([0.16, 0.18, 0.15, 0.16, 0.15, 0.2], [2])","([0.18, 0.15, 0.19, 0.18, 0.18, 0.13], [4])",-0.0,-0.0,-0.9690000000000001,-0.0,-0.0,-0.0,-0.9690000000000001,0.7697353316083857,1.240657136322644,1.083879237042181
14,"([0.16, 0.18, 0.15, 0.16, 0.15, 0.2], [3])","([0.18, 0.15, 0.19, 0.18, 0.18, 0.13], [2])",-0.0,-0.0,-0.0,-0.953,-0.0,-0.0,-0.953,0.7697353316083857,1.4239897889171185,1.0839472212450412
15,"([0.16, 0.18, 0.15, 0.15, 0.15, 0.2], [1])","([0.18, 0.15, 0.19, 0.18, 0.18, 0.13], [4])",-0.0,-0.887,-0.0,-0.0,-0.0,-0.0,-0.887,0.7697183860519052,1.5413224415115931,1.083998259891421
16,"([0.16, 0.18, 0.15, 0.16, 0.15, 0.2], [2])","([0.18, 0.15, 0.19, 0.18, 0.18, 0.13], [2])",-0.0,-0.0,-0.0,-0.0,-0.0,-0.0,0.0,0.7697353316083857,0.7716550941060677,1.0840662440942812
17,"([0.16, 0.18, 0.15, 0.15, 0.15, 0.2], [3])","([0.18, 0.15, 0.19, 0.18, 0.18, 0.13], [1])",-0.0,-0.0,-0.0,-0.953,-0.0,-0.0,-0.953,0.7697183860519052,0.9549877467005422,1.084117282740661
18,"([0.16, 0.18, 0.15, 0.15, 0.15, 0.2], [1])","([0.18, 0.15, 0.19, 0.18, 0.18, 0.12], [2])",-0.0,-0.887,-0.0,-0.0,-0.0,-0.0,-0.887,0.7697033337277946,1.0723203992950168,1.0841532690629303
19,"([0.16, 0.18, 0.15, 0.15, 0.15, 0.2], [3])","([0.18, 0.15, 0.19, 0.18, 0.18, 0.12], [2])",-0.0,-0.0,-0.0,-0.953,-0.0,-0.0,-0.953,0.7697033337277946,1.2556530518894913,1.0841892553851995
20,"([0.16, 0.18, 0.15, 0.15, 0.15, 0.2], [5])","([0.18, 0.15, 0.19, 0.18, 0.18, 0.12], [4])",-0.0,-0.0,-0.0,-0.0,-0.0,-0.8540000000000001,-0.8540000000000001,0.7697033337277946,1.3399857044839658,1.0842252417074687
21,"([0.16, 0.18, 0.15, 0.15, 0.15, 0.2], [1])","([0.18, 0.15, 0.19, 0.18, 0.18, 0.13], [1])",-0.0,-0.0,-0.0,-0.0,-0.0,-0.0,0.0,0.7697183860519052,0.5703183570784404,1.0842762803538486
22,"([0.16, 0.18, 0.15, 0.15, 0.15, 0.2], [1])","([0.18, 0.15, 0.19, 0.18, 0.18, 0.13], [5])",-0.0,-0.887,-0.0,-0.0,-0.0,-0.0,-0.887,0.7697183860519052,0.6876510096729149,1.0843273190002285
23,"([0.16, 0.18, 0.15, 0.16, 0.15, 0.2], [4])","([0.18, 0.15, 0.19, 0.18, 0.18, 0.13], [0])",-0.0,-0.0,-0.0,-0.0,-0.9540000000000001,-0.0,-0.9540000000000001,0.7697353316083857,0.8719836622673895,1.0843953032030886
24,"([0.16, 0.18, 0.15, 0.15, 0.15, 0.2], [0])","([0.18, 0.15, 0.19, 0.18, 0.18, 0.13], [1])",-0.943,-0.0,-0.0,-0.0,-0.0,-0.0,-0.943,0.7697183860519052,1.045316314861864,1.0844463418494685
25,"([0.16, 0.18, 0.15, 0.15, 0.15, 0.2], [1])","([0.18, 0.15, 0.19, 0.18, 0.18, 0.13], [2])",-0.0,-0.887,-0.0,-0.0,-0.0,-0.0,-0.887,0.7697183860519052,1.1626489674563385,1.0844973804958484
26,"([0.16, 0.18, 0.15, 0.15, 0.15, 0.2], [1])","([0.18, 0.15, 0.19, 0.18, 0.18, 0.13], [4])",-0.0,-0.887,-0.0,-0.0,-0.0,-0.0,-0.887,0.7697183860519052,1.2799816200508132,1.0845484191422283
27,"([0.16, 0.18, 0.15, 0.16, 0.15, 0.2], [0])","([0.18, 0.15, 0.19, 0.18, 0.18, 0.13], [5])",-0.943,-0.0,-0.0,-0.0,-0.0,-0.0,-0.943,0.7697353316083857,1.4533142726452877,1.0846164033450885
28,"([0.16, 0.18, 0.15, 0.15, 0.15, 0.2], [5])","([0.18, 0.15, 0.19, 0.18, 0.18, 0.13], [0])",-0.0,-0.0,-0.0,-0.0,-0.0,-0.8540000000000001,-0.8540000000000001,0.7697183860519052,1.5376469252397622,1.0846674419914684
29,"([0.16, 0.18, 0.15, 0.16, 0.15, 0.2], [0])","([0.18, 0.15, 0.19, 0.18, 0.18, 0.13], [3])",-0.943,-0.0,-0.0,-0.0,-0.0,-0.0,-0.943,0.7697353316083857,1.7109795778342367,1.0847354261943285
30,"([0.16, 0.18, 0.15, 0.16, 0.15, 0.2], [2])","([0.18, 0.15, 0.19, 0.18, 0.18, 0.13], [5])",-0.0,-0.0,-0.9690000000000001,-0.0,-0.0,-0.0,-0.9690000000000001,0.7697353316083857,1.9103122304287115,1.0848034103971886
31,"([0.16, 0.18, 0.15, 0.15, 0.15, 0.2], [1])","([0.18, 0.15, 0.19, 0.18, 0.18, 0.13], [2])",-0.0,-0.887,-0.0,-0.0,-0.0,-0.0,-0.887,0.7697183860519052,2.027644883023186,1.0848544490435685
32,"([0.16, 0.18, 0.15, 0.15, 0.15, 0.2], [2])","([0.18, 0.15, 0.19, 0.18, 0.18, 0.13], [4])",-0.0,-0.0,-0.9690000000000001,-0.0,-0.0,-0.0,-0.9690000000000001,0.7697183860519052,2.2269775356176607,1.0849054876899484
33,"([0.16, 0.18, 0.15, 0.15, 0.15, 0.2], [3])","([0.18, 0.15, 0.19, 0.18, 0.18, 0.12], [3])",-0.0,-0.0,-0.0,-0.0,-0.0,-0.0,0.0,0.7697033337277946,1.4573101882121353,1.0849414740122176
34,"([0.16, 0.18, 0.15, 0.15, 0.15, 0.2], [5])","([0.18, 0.15, 0.19, 0.18, 0.18, 0.12], [0])",-0.0,-0.0,-0.0,-0.0,-0.0,-0.8540000000000001,-0.8540000000000001,0.7697033337277946,1.54164284080661,1.0849774603344868
35,"([0.16, 0.18, 0.15, 0.15, 0.15, 0.2], [1])","([0.18, 0.15, 0.19, 0.18, 0.18, 0.13], [3])",-0.0,-0.887,-0.0,-0.0,-0.0,-0.0,-0.887,0.7697183860519052,1.6589754934010847,1.0850284989808667
36,"([0.16, 0.18, 0.15, 0.15, 0.15, 0.2], [2])","([0.18, 0.15, 0.19, 0.18, 0.18, 0.13], [0])",-0.0,-0.0,-0.9690000000000001,-0.0,-0.0,-0.0,-0.9690000000000001,0.7697183860519052,1.8583081459955593,1.0850795376272466
37,"([0.16, 0.18, 0.15, 0.15, 0.15, 0.2], [1])","([0.18, 0.15, 0.19, 0.18, 0.18, 0.12], [2])",-0.0,-0.887,-0.0,-0.0,-0.0,-0.0,-0.887,0.7697033337277946,1.975640798590034,1.0851155239495158
38,"([0.16, 0.18, 0.15, 0.15, 0.15, 0.2], [5])","([0.18, 0.15, 0.19, 0.18, 0.18, 0.13], [4])",-0.0,-0.0,-0.0,-0.0,-0.0,-0.8540000000000001,-0.8540000000000001,0.7697183860519052,2.0599734511845087,1.0851665625958957
39,"([0.16, 0.18, 0.15, 0.15, 0.15, 0.2], [4])","([0.18, 0.15, 0.19, 0.18, 0.18, 0.13], [3])",-0.0,-0.0,-0.0,-0.0,-0.9540000000000001,-0.0,-0.9540000000000001,0.7697183860519052,2.2443061037789835,1.0852176012422756
40,"([0.16, 0.18, 0.15, 0.15, 0.15, 0.2], [1])","([0.18, 0.15, 0.19, 0.18, 0.18, 0.13], [0])",-0.0,-0.887,-0.0,-0.0,-0.0,-0.0,-0.887,0.7697183860519052,2.361638756373458,1.0852686398886555
41,"([0.16, 0.18, 0.15, 0.15, 0.15, 0.2], [5])","([0.18, 0.15, 0.19, 0.18, 0.18, 0.13], [0])",-0.0,-0.0,-0.0,-0.0,-0.0,-0.8540000000000001,-0.8540000000000001,0.7697183860519052,2.445971408967933,1.0853196785350354
42,"([0.16, 0.18, 0.15, 0.16, 0.15, 0.2], [0])","([0.18, 0.15, 0.19, 0.18, 0.18, 0.13], [3])",-0.943,-0.0,-0.0,-0.0,-0.0,-0.0,-0.943,0.7697353316083857,2.6193040615624072,1.0853876627378956
43,"([0.16, 0.18, 0.15, 0.16, 0.15, 0.2], [5])","([0.18, 0.15, 0.19, 0.18, 0.18, 0.13], [3])",-0.0,-0.0,-0.0,-0.0,-0.0,-0.8540000000000001,-0.8540000000000001,0.7697353316083857,2.703636714156882,1.0854556469407557
44,"([0.16, 0.18, 0.15, 0.16, 0.15, 0.2], [3])","([0.18, 0.15, 0.19, 0.18, 0.18, 0.13], [4])",-0.0,-0.0,-0.0,-0.953,-0.0,-0.0,-0.953,0.7697353316083857,2.8869693667513565,1.0855236311436158
45,"([0.16, 0.18, 0.15, 0.16, 0.15, 0.2], [3])","([0.18, 0.15, 0.19, 0.18, 0.18, 0.13], [3])",-0.0,-0.0,-0.0,-0.0,-0.0,-0.0,0.0,0.7697353316083857,2.117302019345831,1.085591615346476
46,"([0.16, 0.18, 0.15, 0.15, 0.15, 0.2], [5])","([0.18, 0.15, 0.19, 0.18, 0.18, 0.13], [1])",-0.0,-0.0,-0.0,-0.0,-0.0,-0.8540000000000001,-0.8540000000000001,0.7697183860519052,2.201634671940306,1.0856426539928559
47,"([0.16, 0.18, 0.15, 0.16, 0.15, 0.2], [0])","([0.18, 0.15, 0.19, 0.18, 0.18, 0.13], [5])",-0.943,-0.0,-0.0,-0.0,-0.0,-0.0,-0.943,0.7697353316083857,2.37496732453478,1.085710638195716
48,"([0.16, 0.18, 0.15, 0.16, 0.15, 0.2], [4])","([0.18, 0.15, 0.19, 0.18, 0.18, 0.13], [3])",-0.0,-0.0,-0.0,-0.0,-0.9540000000000001,-0.0,-0.9540000000000001,0.7697353316083857,2.559299977129255,1.0857786223985761
49,"([0.16, 0.18, 0.15, 0.15, 0.15, 0.2], [2])","([0.18, 0.15, 0.19, 0.18, 0.18, 0.13], [3])",-0.0,-0.0,-0.9690000000000001,-0.0,-0.0,-0.0,-0.9690000000000001,0.7697183860519052,2.7586326297237296,1.085829661044956
50,"([0.16, 0.18, 0.15, 0.15, 0.15, 0.2], [5])","([0.18, 0.15, 0.19, 0.18, 0.18, 0.13], [1])",-0.0,-0.0,-0.0,-0.0,-0.0,-0.8540000000000001,-0.8540000000000001,0.7697183860519052,2.8429652823182043,1.085880699691336
51,"([0.16, 0.18, 0.15, 0.15, 0.15, 0.2], [3])","([0.18, 0.15, 0.19, 0.18, 0.18, 0.13], [5])",-0.0,-0.0,-0.0,-0.953,-0.0,-0.0,-0.953,0.7697183860519052,3.026297934912679,1.0859317383377158
52,"([0.16, 0.18, 0.15, 0.15, 0.15, 0.2], [4])","([0.18, 0.15, 0.19, 0.18, 0.18, 0.13], [2])",-0.0,-0.0,-0.0,-0.0,-0.9540000000000001,-0.0,-0.9540000000000001,0.7697183860519052,3.2106305875071532,1.0859827769840957
53,"([0.16, 0.18, 0.15, 0.15, 0.15, 0.2], [5])","([0.18, 0.15, 0.19, 0.18, 0.18, 0.13], [3])",-0.0,-0.0,-0.0,-0.0,-0.0,-0.8540000000000001,-0.8540000000000001,0.7697183860519052,3.294963240101628,1.0860338156304756
54,"([0.16, 0.18, 0.15, 0.15, 0.15, 0.2], [1])","([0.18, 0.15, 0.19, 0.18, 0.18, 0.13], [3])",-0.0,-0.887,-0.0,-0.0,-0.0,-0.0,-0.887,0.7697183860519052,3.4122958926961027,1.0860848542768555
55,"([0.16, 0.18, 0.15, 0.15, 0.15, 0.2], [3])","([0.18, 0.15, 0.19, 0.18, 0.18, 0.13], [2])",-0.0,-0.0,-0.0,-0.953,-0.0,-0.0,-0.953,0.7697183860519052,3.595628545290577,1.0861358929232354
56,"([0.16, 0.18, 0.15, 0.15, 0.15, 0.2], [3])","([0.18, 0.15, 0.19, 0.18, 0.18, 0.13], [5])",-0.0,-0.0,-0.0,-0.953,-0.0,-0.0,-0.953,0.7697183860519052,3.7789611978850517,1.0861869315696153
57,"([0.16, 0.18, 0.15, 0.15, 0.15, 0.2], [2])","([0.18, 0.15, 0.19, 0.18, 0.18, 0.13], [2])",-0.0,-0.0,-0.0,-0.0,-0.0,-0.0,0.0,0.7697183860519052,3.0092938504795264,1.0862379702159952
58,"([0.16, 0.18, 0.15, 0.16, 0.15, 0.2], [4])","([0.18, 0.15, 0.19, 0.18, 0.18, 0.13], [3])",-0.0,-0.0,-0.0,-0.0,-0.9540000000000001,-0.0,-0.9540000000000001,0.7697348910241161,3.193626503074001,1.0863055138345858
59,"([0.16, 0.18, 0.15, 0.15, 0.15, 0.2], [4])","([0.18, 0.15, 0.19, 0.18, 0.18, 0.12], [1])",-0.0,-0.0,-0.0,-0.0,-0.9540000000000001,-0.0,-0.9540000000000001,0.7697033337277946,3.377959155668476,1.086341500156855
60,"([0.16, 0.18, 0.15, 0.15, 0.15, 0.2], [5])","([0.18, 0.15, 0.19, 0.18, 0.18, 0.12], [1])",-0.0,-0.0,-0.0,-0.0,-0.0,-0.8540000000000001,-0.8540000000000001,0.7697033337277946,3.462291808262951,1.0863774864791242
61,"([0.16, 0.18, 0.15, 0.16, 0.15, 0.2], [2])","([0.18, 0.15, 0.19, 0.18, 0.18, 0.13], [0])",-0.0,-0.0,-0.9690000000000001,-0.0,-0.0,-0.0,-0.9690000000000001,0.7697348910241161,3.6616244608574253,1.0864450300977149
62,"([0.16, 0.18, 0.15, 0.15, 0.15, 0.2], [2])","([0.18, 0.15, 0.19, 0.18, 0.18, 0.12], [4])",-0.0,-0.0,-0.9690000000000001,-0.0,-0.0,-0.0,-0.9690000000000001,0.7697033337277946,3.8609571134519,1.086481016419984
63,"([0.16, 0.18, 0.15, 0.15, 0.15, 0.2], [5])","([0.18, 0.15, 0.19, 0.18, 0.18, 0.12], [1])",-0.0,-0.0,-0.0,-0.0,-0.0,-0.8540000000000001,-0.8540000000000001,0.7697033337277946,3.9452897660463746,1.0865170027422533
64,"([0.16, 0.18, 0.15, 0.15, 0.15, 0.2], [3])","([0.18, 0.15, 0.19, 0.18, 0.18, 0.12], [1])",-0.0,-0.0,-0.0,-0.953,-0.0,-0.0,-0.953,0.7697033337277946,4.128622418640849,1.0865529890645225
65,"([0.16, 0.18, 0.15, 0.15, 0.15, 0.2], [0])","([0.18, 0.15, 0.19, 0.18, 0.18, 0.12], [5])",-0.943,-0.0,-0.0,-0.0,-0.0,-0.0,-0.943,0.7697033337277946,4.301955071235324,1.0865889753867917
66,"([0.16, 0.18, 0.15, 0.15, 0.15, 0.2], [3])","([0.18, 0.15, 0.19, 0.18, 0.18, 0.12], [5])",-0.0,-0.0,-0.0,-0.953,-0.0,-0.0,-0.953,0.7697033337277946,4.485287723829798,1.0866249617090609
67,"([0.16, 0.18, 0.15, 0.15, 0.15, 0.2], [3])","([0.18, 0.15, 0.19, 0.18, 0.18, 0.12], [1])",-0.0,-0.0,-0.0,-0.953,-0.0,-0.0,-0.953,0.7697033337277946,4.668620376424273,1.08666094803133
68,"([0.16, 0.18, 0.15, 0.15, 0.15, 0.2], [0])","([0.18, 0.15, 0.19, 0.18, 0.18, 0.12], [4])",-0.943,-0.0,-0.0,-0.0,-0.0,-0.0,-0.943,0.7697033337277946,4.841953029018748,1.0866969343535993
69,"([0.16, 0.18, 0.15, 0.15, 0.15, 0.2], [2])","([0.18, 0.15, 0.19, 0.18, 0.18, 0.12], [3])",-0.0,-0.0,-0.9690000000000001,-0.0,-0.0,-0.0,-0.9690000000000001,0.7697033337277946,5.041285681613222,1.0867329206758685
70,"([0.16, 0.18, 0.15, 0.15, 0.15, 0.2], [3])","([0.18, 0.15, 0.19, 0.18, 0.18, 0.12], [4])",-0.0,-0.0,-0.0,-0.953,-0.0,-0.0,-0.953,0.7697033337277946,5.224618334207697,1.0867689069981377
71,"([0.16, 0.18, 0.15, 0.15, 0.15, 0.2], [0])","([0.18, 0.15, 0.19, 0.18, 0.18, 0.12], [3])",-0.943,-0.0,-0.0,-0.0,-0.0,-0.0,-0.943,0.7697033337277946,5.397950986802171,1.0868048933204069
72,"([0.16, 0.18, 0.15, 0.15, 0.15, 0.2], [3])","([0.18, 0.15, 0.19, 0.18, 0.18, 0.12], [4])",-0.0,-0.0,-0.0,-0.953,-0.0,-0.0,-0.953,0.7697033337277946,5.581283639396646,1.086840879642676
73,"([0.16, 0.18, 0.15, 0.15, 0.15, 0.2], [4])","([0.18, 0.15, 0.19, 0.18, 0.18, 0.12], [4])",-0.0,-0.0,-0.0,-0.0,-0.0,-0.0,0.0,0.7697033337277946,4.81161629199112,1.0868768659649453
74,"([0.16, 0.18, 0.15, 0.15, 0.15, 0.2], [5])","([0.18, 0.15, 0.19, 0.18, 0.18, 0.12], [2])",-0.0,-0.0,-0.0,-0.0,-0.0,-0.8540000000000001,-0.8540000000000001,0.7697033337277946,4.895948944585594,1.0869128522872145
75,"([0.16, 0.18, 0.15, 0.15, 0.15, 0.2], [2])","([0.18, 0.15, 0.19, 0.18, 0.18, 0.12], [4])",-0.0,-0.0,-0.9690000000000001,-0.0,-0.0,-0.0,-0.9690000000000001,0.7697033337277946,5.095281597180069,1.0869488386094837
76,"([0.16, 0.18, 0.15, 0.15, 0.15, 0.2], [1])","([0.18, 0.15, 0.19, 0.18, 0.18, 0.12], [2])",-0.0,-0.887,-0.0,-0.0,-0.0,-0.0,-0.887,0.7697033337277946,5.212614249774544,1.0869848249317529
77,"([0.16, 0.18, 0.15, 0.15, 0.15, 0.2], [0])","([0.18, 0.15, 0.19, 0.18, 0.18, 0.12], [3])",-0.943,-0.0,-0.0,-0.0,-0.0,-0.0,-0.943,0.7697033337277946,5.385946902369018,1.087020811254022
78,"([0.16, 0.18, 0.15, 0.15, 0.15, 0.2], [5])","([0.18, 0.15, 0.19, 0.18, 0.18, 0.12], [2])",-0.0,-0.0,-0.0,-0.0,-0.0,-0.8540000000000001,-0.8540000000000001,0.7697033337277946,5.470279554963493,1.0870567975762913
79,"([0.16, 0.18, 0.15, 0.15, 0.15, 0.2], [1])","([0.18, 0.15, 0.19, 0.18, 0.18, 0.12], [5])",-0.0,-0.887,-0.0,-0.0,-0.0,-0.0,-0.887,0.7697033337277946,5.587612207557967,1.0870927838985605
80,"([0.16, 0.18, 0.15, 0.15, 0.15, 0.2], [2])","([0.18, 0.15, 0.19, 0.18, 0.18, 0.12], [2])",-0.0,-0.0,-0.0,-0.0,-0.0,-0.0,0.0,0.7697033337277946,4.8179448601524415,1.0871287702208297
81,"([0.16, 0.18, 0.15, 0.15, 0.15, 0.2], [4])","([0.18, 0.15, 0.19, 0.18, 0.18, 0.12], [1])",-0.0,-0.0,-0.0,-0.0,-0.9540000000000001,-0.0,-0.9540000000000001,0.7697033337277946,5.002277512746916,1.0871647565430989
82,"([0.16, 0.18, 0.15, 0.15, 0.15, 0.2], [0])","([0.18, 0.15, 0.19, 0.18, 0.18, 0.12], [4])",-0.943,-0.0,-0.0,-0.0,-0.0,-0.0,-0.943,0.7697033337277946,5.175610165341391,1.087200742865368
83,"([0.16, 0.18, 0.15, 0.15, 0.15, 0.2], [4])","([0.18, 0.15, 0.19, 0.18, 0.18, 0.12], [0])",-0.0,-0.0,-0.0,-0.0,-0.9540000000000001,-0.0,-0.9540000000000001,0.7697033337277946,5.359942817935866,1.0872367291876373
84,"([0.16, 0.18, 0.15, 0.15, 0.15, 0.2], [4])","([0.18, 0.15, 0.19, 0.18, 0.18, 0.12], [5])",-0.0,-0.0,-0.0,-0.0,-0.9540000000000001,-0.0,-0.9540000000000001,0.7697033337277946,5.544275470530341,1.0872727155099065
85,"([0.16, 0.18, 0.15, 0.15, 0.15, 0.2], [0])","([0.18, 0.15, 0.19, 0.18, 0.18, 0.12], [0])",-0.0,-0.0,-0.0,-0.0,-0.0,-0.0,0.0,0.7697033337277946,4.774608123124815,1.0873087018321757
86,"([0.16, 0.18, 0.15, 0.15, 0.15, 0.2], [2])","([0.18, 0.15, 0.19, 0.18, 0.18, 0.12], [0])",-0.0,-0.0,-0.9690000000000001,-0.0,-0.0,-0.0,-0.9690000000000001,0.7697033337277946,4.9739407757192895,1.0873446881544448
87,"([0.16, 0.18, 0.15, 0.15, 0.15, 0.2], [5])","([0.18, 0.15, 0.19, 0.18, 0.18, 0.12], [4])",-0.0,-0.0,-0.0,-0.0,-0.0,-0.8540000000000001,-0.8540000000000001,0.7697033337277946,5.058273428313764,1.087380674476714
88,"([0.16, 0.18, 0.15, 0.15, 0.15, 0.2], [1])","([0.18, 0.15, 0.19, 0.18, 0.18, 0.12], [4])",-0.0,-0.887,-0.0,-0.0,-0.0,-0.0,-0.887,0.7697033337277946,5.1756060809082385,1.0874166607989832
89,"([0.16, 0.18, 0.15, 0.15, 0.15, 0.2], [2])","([0.18, 0.15, 0.19, 0.18, 0.18, 0.12], [1])",-0.0,-0.0,-0.9690000000000001,-0.0,-0.0,-0.0,-0.9690000000000001,0.7697033337277946,5.374938733502713,1.0874526471212524
90,"([0.16, 0.18, 0.15, 0.15, 0.15, 0.2], [1])","([0.18, 0.15, 0.19, 0.18, 0.18, 0.12], [4])",-0.0,-0.887,-0.0,-0.0,-0.0,-0.0,-0.887,0.7697033337277946,5.492271386097188,1.0874886334435216
91,"([0.16, 0.18, 0.15, 0.15, 0.15, 0.2], [3])","([0.18, 0.15, 0.19, 0.18, 0.18, 0.12], [0])",-0.0,-0.0,-0.0,-0.953,-0.0,-0.0,-0.953,0.7697033337277946,5.675604038691662,1.0875246197657908
92,"([0.16, 0.18, 0.15, 0.15, 0.15, 0.2], [1])","([0.18, 0.15, 0.19, 0.18, 0.18, 0.12], [2])",-0.0,-0.887,-0.0,-0.0,-0.0,-0.0,-0.887,0.7697033337277946,5.792936691286137,1.08756060608806
93,"([0.16, 0.18, 0.15, 0.15, 0.15, 0.2], [5])","([0.18, 0.15, 0.19, 0.18, 0.18, 0.12], [2])",-0.0,-0.0,-0.0,-0.0,-0.0,-0.8540000000000001,-0.8540000000000001,0.7697033337277946,5.877269343880611,1.0875965924103292
94,"([0.16, 0.18, 0.15, 0.15, 0.15, 0.2], [0])","([0.18, 0.15, 0.19, 0.18, 0.18, 0.12], [4])",-0.943,-0.0,-0.0,-0.0,-0.0,-0.0,-0.943,0.7697033337277946,6.050601996475086,1.0876325787325984
95,"([0.16, 0.18, 0.15, 0.15, 0.15, 0.2], [4])","([0.18, 0.15, 0.19, 0.18, 0.18, 0.12], [3])",-0.0,-0.0,-0.0,-0.0,-0.9540000000000001,-0.0,-0.9540000000000001,0.7697033337277946,6.234934649069561,1.0876685650548676
96,"([0.16, 0.18, 0.15, 0.15, 0.15, 0.2], [5])","([0.18, 0.15, 0.19, 0.18, 0.18, 0.12], [2])",-0.0,-0.0,-0.0,-0.0,-0.0,-0.8540000000000001,-0.8540000000000001,0.7697033337277946,6.319267301664035,1.0877045513771368
97,"([0.16, 0.18, 0.15, 0.15, 0.15, 0.2], [3])","([0.18, 0.15, 0.19, 0.18, 0.18, 0.12], [0])",-0.0,-0.0,-0.0,-0.953,-0.0,-0.0,-0.953,0.7697033337277946,6.50259995425851,1.087740537699406
98,"([0.16, 0.18, 0.15, 0.15, 0.15, 0.2], [0])","([0.18, 0.15, 0.19, 0.18, 0.18, 0.12], [5])",-0.943,-0.0,-0.0,-0.0,-0.0,-0.0,-0.943,0.7697033337277946,6.675932606852984,1.0877765240216752
99,"([0.16, 0.18, 0.15, 0.15, 0.15, 0.2], [1])","([0.18, 0.15, 0.19, 0.18, 0.18, 0.12], [2])",-0.0,-0.887,-0.0,-0.0,-0.0,-0.0,-0.887,0.7697033337277946,6.793265259447459,1.0878125103439444
100,"([0.16, 0.18, 0.15, 0.15, 0.15, 0.2], [3])","([0.18, 0.15, 0.19, 0.18, 0.18, 0.12], [1])",-0.0,-0.0,-0.0,-0.953,-0.0,-0.0,-0.953,0.7697033337277946,6.9765979120419335,1.0878484966662136
101,"([0.16, 0.18, 0.15, 0.15, 0.15, 0.2], [4])","([0.18, 0.15, 0.19, 0.18, 0.18, 0.12], [0])",-0.0,-0.0,-0.0,-0.0,-0.9540000000000001,-0.0,-0.9540000000000001,0.7697033337277946,7.160930564636408,1.0878844829884828
102,"([0.16, 0.18, 0.15, 0.15, 0.15, 0.2], [1])","([0.18, 0.15, 0.19, 0.18, 0.18, 0.12], [1])",-0.0,-0.0,-0.0,-0.0,-0.0,-0.0,0.0,0.7697033337277946,6.3912632172308825,1.087920469310752
103,"([0.16, 0.18, 0.15, 0.15, 0.15, 0.2], [1])","([0.18, 0.15, 0.19, 0.18, 0.18, 0.12], [2])",-0.0,-0.887,-0.0,-0.0,-0.0,-0.0,-0.887,0.7697033337277946,6.508595869825357,1.0879564556330212
104,"([0.16, 0.18, 0.15, 0.15, 0.15, 0.2], [0])","([0.18, 0.15, 0.19, 0.18, 0.18, 0.12], [2])",-0.943,-0.0,-0.0,-0.0,-0.0,-0.0,-0.943,0.7697033337277946,6.681928522419832,1.0879924419552904
105,"([0.16, 0.18, 0.15, 0.15, 0.15, 0.2], [1])","([0.18, 0.15, 0.19, 0.18, 0.18, 0.12], [1])",-0.0,-0.0,-0.0,-0.0,-0.0,-0.0,0.0,0.7697033337277946,5.912261175014306,1.0880284282775596
106,"([0.16, 0.18, 0.15, 0.15, 0.15, 0.2], [1])","([0.18, 0.15, 0.19, 0.18, 0.18, 0.12], [1])",-0.0,-0.0,-0.0,-0.0,-0.0,-0.0,0.0,0.7697033337277946,5.14259382760878,1.0880644145998288
107,"([0.16, 0.18, 0.15, 0.15, 0.15, 0.2], [1])","([0.18, 0.15, 0.19, 0.18, 0.18, 0.12], [3])",-0.0,-0.887,-0.0,-0.0,-0.0,-0.0,-0.887,0.7697033337277946,5.259926480203255,1.088100400922098
108,"([0.16, 0.18, 0.15, 0.15, 0.15, 0.2], [3])","([0.18, 0.15, 0.19, 0.18, 0.18, 0.12], [3])",-0.0,-0.0,-0.0,-0.0,-0.0,-0.0,0.0,0.7697033337277946,4.490259132797729,1.0881363872443672
109,"([0.16, 0.18, 0.15, 0.15, 0.15, 0.2], [4])","([0.18, 0.15, 0.19, 0.18, 0.18, 0.12], [3])",-0.0,-0.0,-0.0,-0.0,-0.9540000000000001,-0.0,-0.9540000000000001,0.7697033337277946,4.674591785392204,1.0881723735666364
110,"([0.16, 0.18, 0.15, 0.15, 0.15, 0.2], [5])","([0.18, 0.15, 0.19, 0.18, 0.18, 0.12], [0])",-0.0,-0.0,-0.0,-0.0,-0.0,-0.8540000000000001,-0.8540000000000001,0.7697033337277946,4.758924437986678,1.0882083598889056
111,"([0.16, 0.18, 0.15, 0.15, 0.15, 0.2], [5])","([0.18, 0.15, 0.19, 0.18, 0.18, 0.12], [4])",-0.0,-0.0,-0.0,-0.0,-0.0,-0.8540000000000001,-0.8540000000000001,0.7697033337277946,4.843257090581153,1.0882443462111748
112,"([0.16, 0.18, 0.15, 0.15, 0.15, 0.2], [2])","([0.18, 0.15, 0.19, 0.18, 0.18, 0.12], [0])",-0.0,-0.0,-0.9690000000000001,-0.0,-0.0,-0.0,-0.9690000000000001,0.7697033337277946,5.042589743175627,1.088280332533444
113,"([0.16, 0.18, 0.15, 0.15, 0.15, 0.2], [5])","([0.18, 0.15, 0.19, 0.18, 0.18, 0.12], [4])",-0.0,-0.0,-0.0,-0.0,-0.0,-0.8540000000000001,-0.8540000000000001,0.7697033337277946,5.126922395770102,1.0883163188557132
114,"([0.16, 0.18, 0.15, 0.15, 0.15, 0.2], [4])","([0.18, 0.15, 0.19, 0.18, 0.18, 0.12], [1])",-0.0,-0.0,-0.0,-0.0,-0.9540000000000001,-0.0,-0.9540000000000001,0.7697033337277946,5.311255048364576,1.0883523051779824
115,"([0.16, 0.18, 0.15, 0.15, 0.15, 0.2], [2])","([0.18, 0.15, 0.19, 0.18, 0.18, 0.12], [3])",-0.0,-0.0,-0.9690000000000001,-0.0,-0.0,-0.0,-0.9690000000000001,0.7697033337277946,5.510587700959051,1.0883882915002516
116,"([0.16, 0.18, 0.15, 0.15, 0.15, 0.2], [2])","([0.18, 0.15, 0.19, 0.18, 0.18, 0.12], [3])",-0.0,-0.0,-0.9690000000000001,-0.0,-0.0,-0.0,-0.9690000000000001,0.7697033337277946,5.7099203535535255,1.0884242778225208
117,"([0.16, 0.18, 0.15, 0.15, 0.15, 0.2], [2])","([0.18, 0.15, 0.19, 0.18, 0.18, 0.12], [4])",-0.0,-0.0,-0.9690000000000001,-0.0,-0.0,-0.0,-0.9690000000000001,0.7697033337277946,5.909253006148,1.08846026414479
118,"([0.16, 0.18, 0.15, 0.15, 0.15, 0.2], [4])","([0.18, 0.15, 0.19, 0.18, 0.18, 0.12], [4])",-0.0,-0.0,-0.0,-0.0,-0.0,-0.0,0.0,0.7697033337277946,5.139585658742474,1.0884962504670592
119,"([0.16, 0.18, 0.15, 0.15, 0.15, 0.2], [0])","([0.18, 0.15, 0.19, 0.18, 0.18, 0.12], [2])",-0.943,-0.0,-0.0,-0.0,-0.0,-0.0,-0.943,0.7697033337277946,5.312918311336949,1.0885322367893284
120,"([0.16, 0.18, 0.15, 0.15, 0.15, 0.2], [4])","([0.18, 0.15, 0.19, 0.18, 0.18, 0.12], [1])",-0.0,-0.0,-0.0,-0.0,-0.9540000000000001,-0.0,-0.9540000000000001,0.7697033337277946,5.497250963931424,1.0885682231115976
121,"([0.16, 0.18, 0.15, 0.15, 0.15, 0.2], [2])","([0.18, 0.15, 0.19, 0.18, 0.18, 0.12], [2])",-0.0,-0.0,-0.0,-0.0,-0.0,-0.0,0.0,0.7697033337277946,4.727583616525898,1.0886042094338668
122,"([0.16, 0.18, 0.15, 0.15, 0.15, 0.2], [3])","([0.18, 0.15, 0.19, 0.18, 0.18, 0.12], [0])",-0.0,-0.0,-0.0,-0.953,-0.0,-0.0,-0.953,0.7697033337277946,4.9109162691203725,1.088640195756136
123,"([0.16, 0.18, 0.15, 0.15, 0.15, 0.2], [5])","([0.18, 0.15, 0.19, 0.18, 0.18, 0.12], [4])",-0.0,-0.0,-0.0,-0.0,-0.0,-0.8540000000000001,-0.8540000000000001,0.7697033337277946,4.995248921714847,1.0886761820784052
124,"([0.16, 0.18, 0.15, 0.15, 0.15, 0.2], [2])","([0.18, 0.15, 0.19, 0.18, 0.18, 0.12], [2])",-0.0,-0.0,-0.0,-0.0,-0.0,-0.0,0.0,0.7697033337277946,4.225581574309321,1.0887121684006744
125,"([0.16, 0.18, 0.15, 0.15, 0.15, 0.2], [1])","([0.18, 0.15, 0.19, 0.18, 0.18, 0.12], [5])",-0.0,-0.887,-0.0,-0.0,-0.0,-0.0,-0.887,0.7697033337277946,4.342914226903796,1.0887481547229436
126,"([0.16, 0.18, 0.15, 0.15, 0.15, 0.2], [1])","([0.18, 0.15, 0.19, 0.18, 0.18, 0.12], [2])",-0.0,-0.887,-0.0,-0.0,-0.0,-0.0,-0.887,0.7697033337277946,4.46024687949827,1.0887841410452128
127,"([0.16, 0.18, 0.15, 0.15, 0.15, 0.2], [5])","([0.18, 0.15, 0.19, 0.18, 0.18, 0.12], [2])",-0.0,-0.0,-0.0,-0.0,-0.0,-0.8540000000000001,-0.8540000000000001,0.7697033337277946,4.544579532092745,1.088820127367482
128,"([0.16, 0.18, 0.15, 0.15, 0.15, 0.2], [4])","([0.18, 0.15, 0.19, 0.18, 0.18, 0.12], [5])",-0.0,-0.0,-0.0,-0.0,-0.9540000000000001,-0.0,-0.9540000000000001,0.7697033337277946,4.7289121846872195,1.0888561136897512
129,"([0.16, 0.18, 0.15, 0.15, 0.15, 0.2], [0])","([0.18, 0.15, 0.19, 0.18, 0.18, 0.12], [4])",-0.943,-0.0,-0.0,-0.0,-0.0,-0.0,-0.943,0.7697033337277946,4.902244837281694,1.0888921000120204
130,"([0.16, 0.18, 0.15, 0.15, 0.15, 0.2], [3])","([0.18, 0.15, 0.19, 0.18, 0.18, 0.12], [0])",-0.0,-0.0,-0.0,-0.953,-0.0,-0.0,-0.953,0.7697033337277946,5.085577489876169,1.0889280863342896
131,"([0.16, 0.18, 0.15, 0.15, 0.15, 0.2], [2])","([0.18, 0.15, 0.19, 0.18, 0.18, 0.12], [2])",-0.0,-0.0,-0.0,-0.0,-0.0,-0.0,0.0,0.7697033337277946,4.315910142470643,1.0889640726565588
132,"([0.16, 0.18, 0.15, 0.15, 0.15, 0.2], [2])","([0.18, 0.15, 0.19, 0.18, 0.18, 0.12], [1])",-0.0,-0.0,-0.9690000000000001,-0.0,-0.0,-0.0,-0.9690000000000001,0.7697033337277946,4.5152427950651175,1.089000058978828
133,"([0.16, 0.18, 0.15, 0.15, 0.15, 0.2], [1])","([0.18, 0.15, 0.19, 0.18, 0.18, 0.12], [1])",-0.0,-0.0,-0.0,-0.0,-0.0,-0.0,0.0,0.7697033337277946,3.745575447659592,1.0890360453010972
134,"([0.16, 0.18, 0.15, 0.15, 0.15, 0.2], [4])","([0.18, 0.15, 0.19, 0.18, 0.18, 0.12], [4])",-0.0,-0.0,-0.0,-0.0,-0.0,-0.0,0.0,0.7697033337277946,2.975908100254067,1.0890720316233664
135,"([0.16, 0.18, 0.15, 0.15, 0.15, 0.2], [5])","([0.18, 0.15, 0.19, 0.18, 0.18, 0.12], [1])",-0.0,-0.0,-0.0,-0.0,-0.0,-0.8540000000000001,-0.8540000000000001,0.7697033337277946,3.0602407528485416,1.0891080179456356
136,"([0.16, 0.18, 0.15, 0.15, 0.15, 0.2], [2])","([0.18, 0.15, 0.19, 0.18, 0.18, 0.12], [2])",-0.0,-0.0,-0.0,-0.0,-0.0,-0.0,0.0,0.7697033337277946,2.2905734054430162,1.0891440042679048
137,"([0.16, 0.18, 0.15, 0.15, 0.15, 0.2], [3])","([0.18, 0.15, 0.19, 0.18, 0.18, 0.12], [2])",-0.0,-0.0,-0.0,-0.953,-0.0,-0.0,-0.953,0.7697033337277946,2.4739060580374908,1.089179990590174
138,"([0.16, 0.18, 0.15, 0.15, 0.15, 0.2], [0])","([0.18, 0.15, 0.19, 0.18, 0.18, 0.12], [3])",-0.943,-0.0,-0.0,-0.0,-0.0,-0.0,-0.943,0.7697033337277946,2.6472387106319655,1.0892159769124432
139,"([0.16, 0.18, 0.15, 0.15, 0.15, 0.2], [2])","([0.18, 0.15, 0.19, 0.18, 0.18, 0.12], [0])",-0.0,-0.0,-0.9690000000000001,-0.0,-0.0,-0.0,-0.9690000000000001,0.7697033337277946,2.84657136322644,1.0892519632347124
140,"([0.16, 0.18, 0.15, 0.15, 0.15, 0.2], [2])","([0.18, 0.15, 0.19, 0.18, 0.18, 0.12], [2])",-0.0,-0.0,-0.0,-0.0,-0.0,-0.0,0.0,0.7697033337277946,2.0769040158209147,1.0892879495569816
141,"([0.16, 0.18, 0.15, 0.15, 0.15, 0.2], [5])","([0.18, 0.15, 0.19, 0.18, 0.18, 0.12], [1])",-0.0,-0.0,-0.0,-0.0,-0.0,-0.8540000000000001,-0.8540000000000001,0.7697033337277946,2.1612366684153894,1.0893239358792508
142,"([0.16, 0.18, 0.15, 0.15, 0.15, 0.2], [3])","([0.18, 0.15, 0.19, 0.18, 0.18, 0.12], [1])",-0.0,-0.0,-0.0,-0.953,-0.0,-0.0,-0.953,0.7697033337277946,2.344569321009864,1.08935992220152
143,"([0.16, 0.18, 0.15, 0.15, 0.15, 0.2], [2])","([0.18, 0.15, 0.19, 0.18, 0.18, 0.12], [2])",-0.0,-0.0,-0.0,-0.0,-0.0,-0.0,0.0,0.7697033337277946,1.5749019736043386,1.0893959085237892
144,"([0.16, 0.18, 0.15, 0.15, 0.15, 0.2], [5])","([0.18, 0.15, 0.19, 0.18, 0.18, 0.12], [0])",-0.0,-0.0,-0.0,-0.0,-0.0,-0.8540000000000001,-0.8540000000000001,0.7697033337277946,1.6592346261988133,1.0894318948460584
145,"([0.16, 0.18, 0.15, 0.15, 0.15, 0.2], [1])","([0.18, 0.15, 0.19, 0.18, 0.18, 0.12], [3])",-0.0,-0.887,-0.0,-0.0,-0.0,-0.0,-0.887,0.7697033337277946,1.776567278793288,1.0894678811683276
146,"([0.16, 0.18, 0.15, 0.15, 0.15, 0.2], [5])","([0.18, 0.15, 0.19, 0.18, 0.18, 0.12], [0])",-0.0,-0.0,-0.0,-0.0,-0.0,-0.8540000000000001,-0.8540000000000001,0.7697033337277946,1.8608999313877628,1.0895038674905968
147,"([0.16, 0.18, 0.15, 0.15, 0.15, 0.2], [4])","([0.18, 0.15, 0.19, 0.18, 0.18, 0.12], [2])",-0.0,-0.0,-0.0,-0.0,-0.9540000000000001,-0.0,-0.9540000000000001,0.7697033337277946,2.045232583982237,1.089539853812866
148,"([0.16, 0.18, 0.15, 0.15, 0.15, 0.2], [4])","([0.18, 0.15, 0.19, 0.18, 0.18, 0.12], [5])",-0.0,-0.0,-0.0,-0.0,-0.9540000000000001,-0.0,-0.9540000000000001,0.7697033337277946,2.229565236576712,1.0895758401351352
149,"([0.16, 0.18, 0.15, 0.15, 0.15, 0.2], [3])","([0.18, 0.15, 0.19, 0.18, 0.18, 0.12], [1])",-0.0,-0.0,-0.0,-0.953,-0.0,-0.0,-0.953,0.7697033337277946,2.4128978891711865,1.0896118264574044
150,"([0.16, 0.18, 0.15, 0.15, 0.15, 0.2], [3])","([0.18, 0.15, 0.19, 0.18, 0.18, 0.12], [1])",-0.0,-0.0,-0.0,-0.953,-0.0,-0.0,-0.953,0.7697033337277946,2.596230541765661,1.0896478127796736
151,"([0.16, 0.18, 0.15, 0.15, 0.15, 0.2], [2])","([0.18, 0.15, 0.19, 0.18, 0.18, 0.12], [2])",-0.0,-0.0,-0.0,-0.0,-0.0,-0.0,0.0,0.7697033337277946,1.8265631943601357,1.0896837991019428
152,"([0.16, 0.18, 0.15, 0.15, 0.15, 0.2], [2])","([0.18, 0.15, 0.19, 0.18, 0.18, 0.12], [2])",-0.0,-0.0,-0.0,-0.0,-0.0,-0.0,0.0,0.7697033337277946,1.0568958469546104,1.089719785424212
153,"([0.16, 0.18, 0.15, 0.15, 0.15, 0.2], [4])","([0.18, 0.15, 0.19, 0.18, 0.18, 0.12], [3])",-0.0,-0.0,-0.0,-0.0,-0.9540000000000001,-0.0,-0.9540000000000001,0.7697033337277946,1.241228499549085,1.0897557717464812
154,"([0.16, 0.18, 0.15, 0.15, 0.15, 0.2], [0])","([0.18, 0.15, 0.19, 0.18, 0.18, 0.12], [2])",-0.943,-0.0,-0.0,-0.0,-0.0,-0.0,-0.943,0.7697033337277946,1.4145611521435595,1.0897917580687504
155,"([0.16, 0.18, 0.15, 0.15, 0.15, 0.2], [5])","([0.18, 0.15, 0.19, 0.18, 0.18, 0.12], [4])",-0.0,-0.0,-0.0,-0.0,-0.0,-0.8540000000000001,-0.8540000000000001,0.7697033337277946,1.4988938047380342,1.0898277443910196
156,"([0.16, 0.18, 0.15, 0.15, 0.15, 0.2], [3])","([0.18, 0.15, 0.19, 0.18, 0.18, 0.12], [3])",-0.0,-0.0,-0.0,-0.0,-0.0,-0.0,0.0,0.7697033337277946,0.7292264573325088,1.0898637307132888
157,"([0.16, 0.18, 0.15, 0.15, 0.15, 0.2], [0])","([0.18, 0.15, 0.19, 0.18, 0.18, 0.12], [2])",-0.943,-0.0,-0.0,-0.0,-0.0,-0.0,-0.943,0.7697033337277946,0.9025591099269833,1.089899717035558
158,"([0.16, 0.18, 0.15, 0.15, 0.15, 0.2], [5])","([0.18, 0.15, 0.19, 0.18, 0.18, 0.12], [5])",-0.0,-0.0,-0.0,-0.0,-0.0,-0.0,0.0,0.7697033337277946,0.13289176252145785,1.0899357033578272
159,"([0.16, 0.18, 0.15, 0.15, 0.15, 0.2], [4])","([0.18, 0.15, 0.19, 0.18, 0.18, 0.12], [4])",-0.0,-0.0,-0.0,-0.0,-0.0,-0.0,0.0,0.7697033337277946,-0.6367755848840676,1.0899716896800964
160,"([0.16, 0.18, 0.15, 0.15, 0.15, 0.2], [5])","([0.18, 0.15, 0.19, 0.18, 0.18, 0.12], [1])",-0.0,-0.0,-0.0,-0.0,-0.0,-0.8540000000000001,-0.8540000000000001,0.7697033337277946,-0.552442932289593,1.0900076760023656
161,"([0.16, 0.18, 0.15, 0.15, 0.15, 0.2], [5])","([0.18, 0.15, 0.19, 0.18, 0.18, 0.12], [2])",-0.0,-0.0,-0.0,-0.0,-0.0,-0.8540000000000001,-0.8540000000000001,0.7697033337277946,-0.4681102796951183,1.0900436623246348
162,"([0.16, 0.18, 0.15, 0.15, 0.15, 0.2], [1])","([0.18, 0.15, 0.19, 0.18, 0.18, 0.12], [5])",-0.0,-0.887,-0.0,-0.0,-0.0,-0.0,-0.887,0.7697033337277946,-0.35077762710064375,1.090079648646904
163,"([0.16, 0.18, 0.15, 0.15, 0.15, 0.2], [5])","([0.18, 0.15, 0.19, 0.18, 0.18, 0.12], [0])",-0.0,-0.0,-0.0,-0.0,-0.0,-0.8540000000000001,-0.8540000000000001,0.7697033337277946,-0.2664449745061691,1.0901156349691732
164,"([0.16, 0.18, 0.15, 0.15, 0.15, 0.2], [0])","([0.18, 0.15, 0.19, 0.18, 0.18, 0.12], [1])",-0.943,-0.0,-0.0,-0.0,-0.0,-0.0,-0.943,0.7697033337277946,-0.0931123219116946,1.0901516212914424
165,"([0.16, 0.18, 0.15, 0.15, 0.15, 0.2], [4])","([0.18, 0.15, 0.19, 0.18, 0.18, 0.12], [3])",-0.0,-0.0,-0.0,-0.0,-0.9540000000000001,-0.0,-0.9540000000000001,0.7697033337277946,0.09122033068278002,1.0901876076137116
166,"([0.16, 0.18, 0.15, 0.15, 0.15, 0.2], [0])","([0.18, 0.15, 0.19, 0.18, 0.18, 0.12], [1])",-0.943,-0.0,-0.0,-0.0,-0.0,-0.0,-0.943,0.7697033337277946,0.2645529832772545,1.0902235939359808
167,"([0.16, 0.18, 0.15, 0.15, 0.15, 0.2], [3])","([0.18, 0.15, 0.19, 0.18, 0.18, 0.12], [3])",-0.0,-0.0,-0.0,-0.0,-0.0,-0.0,0.0,0.7697033337277946,-0.5051143641282709,1.09025958025825
168,"([0.16, 0.18, 0.15, 0.15, 0.15, 0.2], [0])","([0.18, 0.15, 0.19, 0.18, 0.18, 0.12], [3])",-0.943,-0.0,-0.0,-0.0,-0.0,-0.0,-0.943,0.7697033337277946,-0.33178171153379643,1.0902955665805192
169,"([0.16, 0.18, 0.15, 0.15, 0.15, 0.2], [1])","([0.18, 0.15, 0.19, 0.18, 0.18, 0.12], [2])",-0.0,-0.887,-0.0,-0.0,-0.0,-0.0,-0.887,0.7697033337277946,-0.21444905893932187,1.0903315529027884
170,"([0.16, 0.18, 0.15, 0.15, 0.15, 0.2], [0])","([0.18, 0.15, 0.19, 0.18, 0.18, 0.12], [4])",-0.943,-0.0,-0.0,-0.0,-0.0,-0.0,-0.943,0.7697033337277946,-0.04111640634484737,1.0903675392250576
171,"([0.16, 0.18, 0.15, 0.15, 0.15, 0.2], [0])","([0.18, 0.15, 0.19, 0.18, 0.18, 0.12], [1])",-0.943,-0.0,-0.0,-0.0,-0.0,-0.0,-0.943,0.7697033337277946,0.13221624624962713,1.0904035255473268
172,"([0.16, 0.18, 0.15, 0.15, 0.15, 0.2], [3])","([0.18, 0.15, 0.19, 0.18, 0.18, 0.12], [0])",-0.0,-0.0,-0.0,-0.953,-0.0,-0.0,-0.953,0.7697033337277946,0.31554889884410164,1.090439511869596
173,"([0.16, 0.18, 0.15, 0.15, 0.15, 0.2], [5])","([0.18, 0.15, 0.19, 0.18, 0.18, 0.12], [0])",-0.0,-0.0,-0.0,-0.0,-0.0,-0.8540000000000001,-0.8540000000000001,0.7697033337277946,0.3998815514385763,1.0904754981918652
174,"([0.16, 0.18, 0.15, 0.15, 0.15, 0.2], [0])","([0.18, 0.15, 0.19, 0.18, 0.18, 0.12], [3])",-0.943,-0.0,-0.0,-0.0,-0.0,-0.0,-0.943,0.7697033337277946,0.5732142040330508,1.0905114845141344
175,"([0.16, 0.18, 0.15, 0.15, 0.15, 0.2], [2])","([0.18, 0.15, 0.19, 0.18, 0.18, 0.12], [0])",-0.0,-0.0,-0.9690000000000001,-0.0,-0.0,-0.0,-0.9690000000000001,0.7697033337277946,0.7725468566275254,1.0905474708364036
176,"([0.16, 0.18, 0.15, 0.15, 0.15, 0.2], [0])","([0.18, 0.15, 0.19, 0.18, 0.18, 0.12], [1])",-0.943,-0.0,-0.0,-0.0,-0.0,-0.0,-0.943,0.7697033337277946,0.9458795092219999,1.0905834571586728
177,"([0.16, 0.18, 0.15, 0.15, 0.15, 0.2], [0])","([0.18, 0.15, 0.19, 0.18, 0.18, 0.12], [0])",-0.0,-0.0,-0.0,-0.0,-0.0,-0.0,0.0,0.7697033337277946,0.17621216181647448,1.090619443480942
178,"([0.16, 0.18, 0.15, 0.15, 0.15, 0.2], [4])","([0.18, 0.15, 0.19, 0.18, 0.18, 0.12], [2])",-0.0,-0.0,-0.0,-0.0,-0.9540000000000001,-0.0,-0.9540000000000001,0.7697033337277946,0.3605448144109491,1.0906554298032112
179,"([0.16, 0.18, 0.15, 0.15, 0.15, 0.2], [5])","([0.18, 0.15, 0.19, 0.18, 0.18, 0.12], [3])",-0.0,-0.0,-0.0,-0.0,-0.0,-0.8540000000000001,-0.8540000000000001,0.7697033337277946,0.44487746700542374,1.0906914161254804
180,"([0.16, 0.18, 0.15, 0.15, 0.15, 0.2], [5])","([0.18, 0.15, 0.19, 0.18, 0.18, 0.12], [4])",-0.0,-0.0,-0.0,-0.0,-0.0,-0.8540000000000001,-0.8540000000000001,0.7697033337277946,0.5292101195998984,1.0907274024477496
181,"([0.16, 0.18, 0.15, 0.15, 0.15, 0.2], [1])","([0.18, 0.15, 0.19, 0.18, 0.18, 0.12], [5])",-0.0,-0.887,-0.0,-0.0,-0.0,-0.0,-0.887,0.7697033337277946,0.646542772194373,1.0907633887700188
182,"([0.16, 0.18, 0.15, 0.15, 0.15, 0.2], [3])","([0.18, 0.15, 0.19, 0.18, 0.18, 0.12], [0])",-0.0,-0.0,-0.0,-0.953,-0.0,-0.0,-0.953,0.7697033337277946,0.8298754247888475,1.090799375092288
183,"([0.16, 0.18, 0.15, 0.15, 0.15, 0.2], [2])","([0.18, 0.15, 0.19, 0.18, 0.18, 0.12], [2])",-0.0,-0.0,-0.0,-0.0,-0.0,-0.0,0.0,0.7697033337277946,0.06020807738332201,1.0908353614145572
184,"([0.16, 0.18, 0.15, 0.15, 0.15, 0.2], [4])","([0.18, 0.15, 0.19, 0.18, 0.18, 0.12], [4])",-0.0,-0.0,-0.0,-0.0,-0.0,-0.0,0.0,0.7697033337277946,-0.7094592700222034,1.0908713477368264
185,"([0.16, 0.18, 0.15, 0.15, 0.15, 0.2], [2])","([0.18, 0.15, 0.19, 0.18, 0.18, 0.12], [4])",-0.0,-0.0,-0.9690000000000001,-0.0,-0.0,-0.0,-0.9690000000000001,0.7697033337277946,-0.5101266174277288,1.0909073340590956
186,"([0.16, 0.18, 0.15, 0.15, 0.15, 0.2], [3])","([0.18, 0.15, 0.19, 0.18, 0.18, 0.12], [3])",-0.0,-0.0,-0.0,-0.0,-0.0,-0.0,0.0,0.7697033337277946,-1.2797939648332544,1.0909433203813648
187,"([0.16, 0.18, 0.15, 0.15, 0.15, 0.2], [3])","([0.18, 0.15, 0.19, 0.18, 0.18, 0.12], [2])",-0.0,-0.0,-0.0,-0.953,-0.0,-0.0,-0.953,0.7697033337277946,-1.0964613122387799,1.090979306703634
188,"([0.16, 0.18, 0.15, 0.15, 0.15, 0.2], [0])","([0.18, 0.15, 0.19, 0.18, 0.18, 0.12], [1])",-0.943,-0.0,-0.0,-0.0,-0.0,-0.0,-0.943,0.7697033337277946,-0.9231286596443053,1.0910152930259032
189,"([0.16, 0.18, 0.15, 0.15, 0.15, 0.2], [4])","([0.18, 0.15, 0.19, 0.18, 0.18, 0.12], [4])",-0.0,-0.0,-0.0,-0.0,-0.0,-0.0,0.0,0.7697033337277946,-1.692796007049831,1.0910512793481724
190,"([0.16, 0.18, 0.15, 0.15, 0.15, 0.2], [0])","([0.18, 0.15, 0.19, 0.18, 0.18, 0.12], [0])",-0.0,-0.0,-0.0,-0.0,-0.0,-0.0,0.0,0.7697033337277946,-2.4624633544553562,1.0910872656704416
191,"([0.16, 0.18, 0.15, 0.15, 0.15, 0.2], [2])","([0.18, 0.15, 0.19, 0.18, 0.18, 0.12], [4])",-0.0,-0.0,-0.9690000000000001,-0.0,-0.0,-0.0,-0.9690000000000001,0.7697033337277946,-2.2631307018608817,1.0911232519927108
192,"([0.16, 0.18, 0.15, 0.15, 0.15, 0.2], [0])","([0.18, 0.15, 0.19, 0.18, 0.18, 0.12], [5])",-0.943,-0.0,-0.0,-0.0,-0.0,-0.0,-0.943,0.7697033337277946,-2.089798049266407,1.09115923831498
193,"([0.16, 0.18, 0.15, 0.15, 0.15, 0.2], [4])","([0.18, 0.15, 0.19, 0.18, 0.18, 0.12], [5])",-0.0,-0.0,-0.0,-0.0,-0.9540000000000001,-0.0,-0.9540000000000001,0.7697033337277946,-1.9054653966719324,1.0911952246372492
194,"([0.16, 0.18, 0.15, 0.15, 0.15, 0.2], [0])","([0.18, 0.15, 0.19, 0.18, 0.18, 0.12], [3])",-0.943,-0.0,-0.0,-0.0,-0.0,-0.0,-0.943,0.7697033337277946,-1.7321327440774579,1.0912312109595184
195,"([0.16, 0.18, 0.15, 0.15, 0.15, 0.2], [4])","([0.18, 0.15, 0.19, 0.18, 0.18, 0.12], [4])",-0.0,-0.0,-0.0,-0.0,-0.0,-0.0,0.0,0.7697033337277946,-2.501800091482983,1.0912671972817876
196,"([0.16, 0.18, 0.15, 0.15, 0.15, 0.2], [0])","([0.18, 0.15, 0.19, 0.18, 0.18, 0.12], [3])",-0.943,-0.0,-0.0,-0.0,-0.0,-0.0,-0.943,0.7697033337277946,-2.3284674388885085,1.0913031836040568
197,"([0.16, 0.18, 0.15, 0.15, 0.15, 0.2], [3])","([0.18, 0.15, 0.19, 0.18, 0.18, 0.12], [4])",-0.0,-0.0,-0.0,-0.953,-0.0,-0.0,-0.953,0.7697033337277946,-2.145134786294034,1.091339169926326
198,"([0.16, 0.18, 0.15, 0.15, 0.15, 0.2], [1])","([0.18, 0.15, 0.19, 0.18, 0.18, 0.12], [4])",-0.0,-0.887,-0.0,-0.0,-0.0,-0.0,-0.887,0.7697033337277946,-2.0278021336995593,1.0913751562485952
199,"([0.16, 0.18, 0.15, 0.15, 0.15, 0.2], [3])","([0.18, 0.15, 0.19, 0.18, 0.18, 0.12], [2])",-0.0,-0.0,-0.0,-0.953,-0.0,-0.0,-0.953,0.7697033337277946,-1.8444694811050848,1.0914111425708644
