,suqr-1,FB-0,feedback target 0,feedback target 1,feedback target 2,feedback target 3,feedback target 4,feedback target 5,total,exp_loss,actual_regret,exp_regret
0,"([0.2, 0.2, 0.0, 0.2, 0.2, 0.19], [1])","([0, 0, 1, 0, 0, 0], [2])",-0.0,-0.887,-0.0,-0.0,-0.0,-0.0,-0.887,0.9188057852506043,0.11733269894272502,0.1491384841933293
1,"([0.2, 0.0, 0.2, 0.2, 0.2, 0.19], [4])","([0, 1, 0, 0, 0, 0], [1])",-0.0,-0.0,-0.0,-0.0,-0.9540000000000001,-0.0,-0.9540000000000001,0.9352554613091268,0.3016653978854501,0.31472664444518117
2,"([0.2, 0.0, 0.2, 0.2, 0.2, 0.19], [4])","([0, 1, 0, 0, 0, 0], [1])",-0.0,-0.0,-0.0,-0.0,-0.9540000000000001,-0.0,-0.9540000000000001,0.9352554613091268,0.4859980968281752,0.480314804697033
3,"([0.2, 0.2, 0.21, 0.2, 0.0, 0.19], [2])","([0, 0, 0, 0, 1, 0], [4])",-0.0,-0.0,-0.9690000000000001,-0.0,-0.0,-0.0,-0.9690000000000001,0.9219856053002423,0.6853307957709003,0.6326331089400004
4,"([0.2, 0.2, 0.21, 0.2, 0.0, 0.19], [0])","([0, 0, 0, 0, 1, 0], [4])",-0.943,-0.0,-0.0,-0.0,-0.0,-0.0,-0.943,0.9219856053002423,0.8586634947136252,0.7849514131829677
5,"([0.16, 0.18, 0.15, 0.15, 0.15, 0.2], [2])","([0.18, 0.15, 0.19, 0.18, 0.18, 0.13], [2])",-0.0,-0.0,-0.0,-0.0,-0.0,-0.0,0.0,0.7697174241459628,0.08899619365635025,0.7850015362716555
6,"([0.16, 0.18, 0.15, 0.15, 0.15, 0.2], [3])","([0.18, 0.15, 0.19, 0.18, 0.18, 0.12], [4])",-0.0,-0.0,-0.0,-0.953,-0.0,-0.0,-0.953,0.7697044960511117,0.2723288925990752,0.7850387312654922
7,"([0.16, 0.18, 0.15, 0.15, 0.15, 0.2], [4])","([0.18, 0.15, 0.19, 0.18, 0.18, 0.12], [5])",-0.0,-0.0,-0.0,-0.0,-0.9540000000000001,-0.0,-0.9540000000000001,0.7697044960511117,0.4566615915418003,0.7850759262593289
8,"([0.16, 0.18, 0.15, 0.15, 0.15, 0.2], [4])","([0.18, 0.15, 0.19, 0.18, 0.18, 0.12], [0])",-0.0,-0.0,-0.0,-0.0,-0.9540000000000001,-0.0,-0.9540000000000001,0.7697044960511117,0.6409942904845254,0.7851131212531656
9,"([0.2, 0.2, 0.21, 0.2, 0.0, 0.19], [0])","([0, 0, 0, 0, 1, 0], [4])",-0.943,-0.0,-0.0,-0.0,-0.0,-0.0,-0.943,0.9219856053002423,0.8143269894272503,0.9374314254961329
10,"([0.16, 0.18, 0.15, 0.15, 0.15, 0.2], [1])","([0.18, 0.15, 0.19, 0.18, 0.18, 0.12], [4])",-0.0,-0.887,-0.0,-0.0,-0.0,-0.0,-0.887,0.7697044960511117,0.9316596883699754,0.9374686204899696
11,"([0.16, 0.18, 0.15, 0.15, 0.15, 0.2], [1])","([0.18, 0.15, 0.19, 0.18, 0.18, 0.12], [0])",-0.0,-0.887,-0.0,-0.0,-0.0,-0.0,-0.887,0.7697044960511117,1.0489923873127003,0.9375058154838063
12,"([0.16, 0.18, 0.15, 0.15, 0.15, 0.2], [3])","([0.18, 0.15, 0.19, 0.18, 0.18, 0.12], [4])",-0.0,-0.0,-0.0,-0.953,-0.0,-0.0,-0.953,0.7697044960511117,1.2323250862554254,0.937543010477643
13,"([0.16, 0.18, 0.15, 0.15, 0.15, 0.2], [4])","([0.18, 0.15, 0.19, 0.18, 0.18, 0.12], [0])",-0.0,-0.0,-0.0,-0.0,-0.9540000000000001,-0.0,-0.9540000000000001,0.7697044960511117,1.4166577851981503,0.9375802054714797
14,"([0.16, 0.18, 0.15, 0.15, 0.15, 0.2], [4])","([0.18, 0.15, 0.19, 0.18, 0.18, 0.12], [3])",-0.0,-0.0,-0.0,-0.0,-0.9540000000000001,-0.0,-0.9540000000000001,0.7697044960511117,1.6009904841408753,0.9376174004653164
15,"([0.16, 0.18, 0.15, 0.15, 0.15, 0.2], [4])","([0.18, 0.15, 0.19, 0.18, 0.18, 0.12], [0])",-0.0,-0.0,-0.0,-0.0,-0.9540000000000001,-0.0,-0.9540000000000001,0.7697044960511117,1.7853231830836003,0.9376545954591531
16,"([0.16, 0.18, 0.15, 0.15, 0.15, 0.2], [5])","([0.18, 0.15, 0.19, 0.18, 0.18, 0.12], [5])",-0.0,-0.0,-0.0,-0.0,-0.0,-0.0,0.0,0.7697044960511117,1.0156558820263253,0.9376917904529898
17,"([0.16, 0.18, 0.15, 0.15, 0.15, 0.2], [2])","([0.18, 0.15, 0.19, 0.18, 0.18, 0.12], [4])",-0.0,-0.0,-0.9690000000000001,-0.0,-0.0,-0.0,-0.9690000000000001,0.7697044960511117,1.2149885809690504,0.9377289854468265
18,"([0.16, 0.18, 0.15, 0.15, 0.15, 0.2], [3])","([0.18, 0.15, 0.19, 0.18, 0.18, 0.12], [0])",-0.0,-0.0,-0.0,-0.953,-0.0,-0.0,-0.953,0.7697044960511117,1.3983212799117752,0.9377661804406632
19,"([0.16, 0.18, 0.15, 0.15, 0.15, 0.2], [4])","([0.18, 0.15, 0.19, 0.18, 0.18, 0.12], [1])",-0.0,-0.0,-0.0,-0.0,-0.9540000000000001,-0.0,-0.9540000000000001,0.7697044960511117,1.5826539788545002,0.9378033754344999
20,"([0.2, 0.2, 0.21, 0.2, 0.0, 0.19], [2])","([0, 0, 0, 0, 1, 0], [4])",-0.0,-0.0,-0.9690000000000001,-0.0,-0.0,-0.0,-0.9690000000000001,0.9219856053002423,1.7819866777972253,1.090121679677467
21,"([0.2, 0.2, 0.21, 0.2, 0.0, 0.19], [3])","([0, 0, 0, 0, 1, 0], [4])",-0.0,-0.0,-0.0,-0.953,-0.0,-0.0,-0.953,0.9219856053002423,1.9653193767399504,1.2424399839204345
22,"([0.2, 0.2, 0.21, 0.2, 0.0, 0.19], [2])","([0, 0, 0, 0, 1, 0], [4])",-0.0,-0.0,-0.9690000000000001,-0.0,-0.0,-0.0,-0.9690000000000001,0.9219856053002423,2.1646520756826755,1.394758288163402
23,"([0.2, 0.2, 0.21, 0.2, 0.0, 0.19], [1])","([0, 0, 0, 0, 1, 0], [4])",-0.0,-0.887,-0.0,-0.0,-0.0,-0.0,-0.887,0.9219856053002423,2.2819847746254007,1.5470765924063694
24,"([0.16, 0.18, 0.15, 0.15, 0.15, 0.2], [4])","([0.18, 0.15, 0.19, 0.18, 0.18, 0.12], [3])",-0.0,-0.0,-0.0,-0.0,-0.9540000000000001,-0.0,-0.9540000000000001,0.7697044960511117,2.4663174735681257,1.547113787400206
25,"([0.2, 0.2, 0.21, 0.2, 0.0, 0.19], [2])","([0, 0, 0, 0, 1, 0], [4])",-0.0,-0.0,-0.9690000000000001,-0.0,-0.0,-0.0,-0.9690000000000001,0.9219856053002423,2.665650172510851,1.6994320916431733
26,"([0.2, 0.2, 0.21, 0.2, 0.0, 0.19], [0])","([0, 0, 0, 0, 1, 0], [4])",-0.943,-0.0,-0.0,-0.0,-0.0,-0.0,-0.943,0.9219856053002423,2.8389828714535756,1.8517503958861408
27,"([0.16, 0.18, 0.15, 0.15, 0.15, 0.2], [1])","([0.18, 0.15, 0.19, 0.18, 0.18, 0.12], [4])",-0.0,-0.887,-0.0,-0.0,-0.0,-0.0,-0.887,0.7697044960511117,2.956315570396301,1.8517875908799775
28,"([0.16, 0.18, 0.15, 0.15, 0.15, 0.2], [2])","([0.18, 0.15, 0.19, 0.18, 0.18, 0.12], [1])",-0.0,-0.0,-0.9690000000000001,-0.0,-0.0,-0.0,-0.9690000000000001,0.7697044960511117,3.155648269339026,1.8518247858738142
29,"([0.16, 0.18, 0.15, 0.15, 0.15, 0.2], [3])","([0.18, 0.15, 0.19, 0.18, 0.18, 0.12], [1])",-0.0,-0.0,-0.0,-0.953,-0.0,-0.0,-0.953,0.7697044960511117,3.338980968281751,1.8518619808676509
30,"([0.16, 0.18, 0.15, 0.15, 0.15, 0.2], [2])","([0.18, 0.15, 0.19, 0.18, 0.18, 0.12], [0])",-0.0,-0.0,-0.9690000000000001,-0.0,-0.0,-0.0,-0.9690000000000001,0.7697044960511117,3.538313667224476,1.8518991758614876
31,"([0.2, 0.2, 0.0, 0.2, 0.2, 0.19], [0])","([0, 0, 1, 0, 0, 0], [2])",-0.943,-0.0,-0.0,-0.0,-0.0,-0.0,-0.943,0.9188057852506043,3.711646366167201,2.0010376600548168
32,"([0.16, 0.18, 0.15, 0.15, 0.15, 0.2], [5])","([0.18, 0.15, 0.19, 0.18, 0.18, 0.12], [5])",-0.0,-0.0,-0.0,-0.0,-0.0,-0.0,0.0,0.7697044960511117,2.9419790651099262,2.0010748550486532
33,"([0.16, 0.18, 0.15, 0.15, 0.15, 0.2], [0])","([0.18, 0.15, 0.19, 0.18, 0.18, 0.12], [3])",-0.943,-0.0,-0.0,-0.0,-0.0,-0.0,-0.943,0.7697044960511117,3.115311764052651,2.00111205004249
34,"([0.16, 0.18, 0.15, 0.15, 0.15, 0.2], [1])","([0.18, 0.15, 0.19, 0.18, 0.18, 0.12], [3])",-0.0,-0.887,-0.0,-0.0,-0.0,-0.0,-0.887,0.7697044960511117,3.232644462995376,2.001149245036327
35,"([0.16, 0.18, 0.15, 0.15, 0.15, 0.2], [1])","([0.18, 0.15, 0.19, 0.18, 0.18, 0.12], [1])",-0.0,-0.0,-0.0,-0.0,-0.0,-0.0,0.0,0.7697044960511117,2.4629771619381007,2.001186440030164
36,"([0.16, 0.18, 0.15, 0.15, 0.15, 0.2], [5])","([0.18, 0.15, 0.19, 0.18, 0.18, 0.12], [3])",-0.0,-0.0,-0.0,-0.0,-0.0,-0.8540000000000001,-0.8540000000000001,0.7697044960511117,2.5473098608808256,2.001223635024001
37,"([0.16, 0.18, 0.15, 0.15, 0.15, 0.2], [5])","([0.18, 0.15, 0.19, 0.18, 0.18, 0.12], [3])",-0.0,-0.0,-0.0,-0.0,-0.0,-0.8540000000000001,-0.8540000000000001,0.7697044960511117,2.6316425598235504,2.001260830017838
38,"([0.16, 0.18, 0.15, 0.15, 0.15, 0.2], [4])","([0.18, 0.15, 0.19, 0.18, 0.18, 0.12], [3])",-0.0,-0.0,-0.0,-0.0,-0.9540000000000001,-0.0,-0.9540000000000001,0.7697044960511117,2.8159752587662754,2.0012980250116748
39,"([0.16, 0.18, 0.15, 0.15, 0.15, 0.2], [2])","([0.18, 0.15, 0.19, 0.18, 0.18, 0.12], [2])",-0.0,-0.0,-0.0,-0.0,-0.0,-0.0,0.0,0.7697044960511117,2.0463079577090006,2.0013352200055117
40,"([0.16, 0.18, 0.15, 0.15, 0.15, 0.2], [1])","([0.18, 0.15, 0.19, 0.18, 0.18, 0.12], [4])",-0.0,-0.887,-0.0,-0.0,-0.0,-0.0,-0.887,0.7697044960511117,2.163640656651726,2.0013724149993486
41,"([0.16, 0.18, 0.15, 0.15, 0.15, 0.2], [1])","([0.18, 0.15, 0.19, 0.18, 0.18, 0.12], [0])",-0.0,-0.887,-0.0,-0.0,-0.0,-0.0,-0.887,0.7697044960511117,2.280973355594451,2.0014096099931855
42,"([0.16, 0.18, 0.15, 0.15, 0.15, 0.2], [5])","([0.18, 0.15, 0.19, 0.18, 0.18, 0.12], [4])",-0.0,-0.0,-0.0,-0.0,-0.0,-0.8540000000000001,-0.8540000000000001,0.7697044960511117,2.365306054537176,2.0014468049870224
43,"([0.16, 0.18, 0.15, 0.15, 0.15, 0.2], [3])","([0.18, 0.15, 0.19, 0.18, 0.18, 0.12], [5])",-0.0,-0.0,-0.0,-0.953,-0.0,-0.0,-0.953,0.7697044960511117,2.548638753479901,2.0014839999808594
44,"([0.16, 0.18, 0.15, 0.15, 0.15, 0.2], [1])","([0.18, 0.15, 0.19, 0.18, 0.18, 0.12], [2])",-0.0,-0.887,-0.0,-0.0,-0.0,-0.0,-0.887,0.7697044960511117,2.6659714524226263,2.0015211949746963
45,"([0.16, 0.18, 0.15, 0.15, 0.15, 0.2], [1])","([0.18, 0.15, 0.19, 0.18, 0.18, 0.12], [1])",-0.0,-0.0,-0.0,-0.0,-0.0,-0.0,0.0,0.7697044960511117,1.8963041513653514,2.001558389968533
46,"([0.16, 0.18, 0.15, 0.15, 0.15, 0.2], [1])","([0.18, 0.15, 0.19, 0.18, 0.18, 0.12], [3])",-0.0,-0.887,-0.0,-0.0,-0.0,-0.0,-0.887,0.7697044960511117,2.0136368503080764,2.00159558496237
47,"([0.16, 0.18, 0.15, 0.15, 0.15, 0.2], [3])","([0.18, 0.15, 0.19, 0.18, 0.18, 0.12], [2])",-0.0,-0.0,-0.0,-0.953,-0.0,-0.0,-0.953,0.7697044960511117,2.1969695492508015,2.001632779956207
48,"([0.16, 0.18, 0.15, 0.15, 0.15, 0.2], [5])","([0.18, 0.15, 0.19, 0.18, 0.18, 0.12], [2])",-0.0,-0.0,-0.0,-0.0,-0.0,-0.8540000000000001,-0.8540000000000001,0.7697044960511117,2.2813022481935263,2.001669974950044
49,"([0.16, 0.18, 0.15, 0.15, 0.15, 0.2], [5])","([0.18, 0.15, 0.19, 0.18, 0.18, 0.12], [1])",-0.0,-0.0,-0.0,-0.0,-0.0,-0.8540000000000001,-0.8540000000000001,0.7697044960511117,2.365634947136251,2.001707169943881
50,"([0.16, 0.18, 0.15, 0.15, 0.15, 0.2], [2])","([0.18, 0.15, 0.19, 0.18, 0.18, 0.12], [0])",-0.0,-0.0,-0.9690000000000001,-0.0,-0.0,-0.0,-0.9690000000000001,0.7697044960511117,2.5649676460789763,2.001744364937718
51,"([0.16, 0.18, 0.15, 0.15, 0.15, 0.2], [5])","([0.18, 0.15, 0.19, 0.18, 0.18, 0.12], [3])",-0.0,-0.0,-0.0,-0.0,-0.0,-0.8540000000000001,-0.8540000000000001,0.7697044960511117,2.649300345021701,2.0017815599315547
52,"([0.16, 0.18, 0.15, 0.15, 0.15, 0.2], [5])","([0.18, 0.15, 0.19, 0.18, 0.18, 0.12], [2])",-0.0,-0.0,-0.0,-0.0,-0.0,-0.8540000000000001,-0.8540000000000001,0.7697044960511117,2.733633043964426,2.0018187549253916
53,"([0.16, 0.18, 0.15, 0.15, 0.15, 0.2], [3])","([0.18, 0.15, 0.19, 0.18, 0.18, 0.13], [5])",-0.0,-0.0,-0.0,-0.953,-0.0,-0.0,-0.953,0.7697174241459628,2.916965742907151,2.001868878014079
54,"([0.16, 0.18, 0.15, 0.15, 0.15, 0.2], [0])","([0.18, 0.15, 0.19, 0.18, 0.18, 0.12], [3])",-0.943,-0.0,-0.0,-0.0,-0.0,-0.0,-0.943,0.7697044960511117,3.090298441849876,2.001906073007916
55,"([0.16, 0.18, 0.15, 0.15, 0.15, 0.2], [4])","([0.18, 0.15, 0.19, 0.18, 0.18, 0.12], [2])",-0.0,-0.0,-0.0,-0.0,-0.9540000000000001,-0.0,-0.9540000000000001,0.7697044960511117,3.274631140792601,2.001943268001753
56,"([0.16, 0.18, 0.15, 0.15, 0.15, 0.2], [0])","([0.18, 0.15, 0.19, 0.18, 0.18, 0.12], [4])",-0.943,-0.0,-0.0,-0.0,-0.0,-0.0,-0.943,0.7697044960511117,3.447963839735326,2.00198046299559
57,"([0.16, 0.18, 0.15, 0.15, 0.15, 0.2], [1])","([0.18, 0.15, 0.19, 0.18, 0.18, 0.12], [0])",-0.0,-0.887,-0.0,-0.0,-0.0,-0.0,-0.887,0.7697044960511117,3.5652965386780506,2.002017657989427
58,"([0.16, 0.18, 0.15, 0.15, 0.15, 0.2], [4])","([0.18, 0.15, 0.19, 0.18, 0.18, 0.12], [3])",-0.0,-0.0,-0.0,-0.0,-0.9540000000000001,-0.0,-0.9540000000000001,0.7697044960511117,3.7496292376207756,2.002054852983264
59,"([0.16, 0.18, 0.15, 0.15, 0.15, 0.2], [2])","([0.18, 0.15, 0.19, 0.18, 0.18, 0.12], [5])",-0.0,-0.0,-0.9690000000000001,-0.0,-0.0,-0.0,-0.9690000000000001,0.7697044960511117,3.9489619365635007,2.0020920479771007
60,"([0.16, 0.18, 0.15, 0.15, 0.15, 0.2], [0])","([0.18, 0.15, 0.19, 0.18, 0.18, 0.12], [3])",-0.943,-0.0,-0.0,-0.0,-0.0,-0.0,-0.943,0.7697044960511117,4.1222946355062255,2.0021292429709376
61,"([0.16, 0.18, 0.15, 0.15, 0.15, 0.2], [5])","([0.18, 0.15, 0.19, 0.18, 0.18, 0.12], [4])",-0.0,-0.0,-0.0,-0.0,-0.0,-0.8540000000000001,-0.8540000000000001,0.7697044960511117,4.20662733444895,2.0021664379647746
62,"([0.16, 0.18, 0.15, 0.15, 0.15, 0.2], [5])","([0.18, 0.15, 0.19, 0.18, 0.18, 0.12], [3])",-0.0,-0.0,-0.0,-0.0,-0.0,-0.8540000000000001,-0.8540000000000001,0.7697044960511117,4.290960033391675,2.0022036329586115
63,"([0.16, 0.18, 0.15, 0.15, 0.15, 0.2], [1])","([0.18, 0.15, 0.19, 0.18, 0.18, 0.12], [4])",-0.0,-0.887,-0.0,-0.0,-0.0,-0.0,-0.887,0.7697044960511117,4.4082927323344006,2.0022408279524484
64,"([0.16, 0.18, 0.15, 0.15, 0.15, 0.2], [2])","([0.18, 0.15, 0.19, 0.18, 0.18, 0.12], [1])",-0.0,-0.0,-0.9690000000000001,-0.0,-0.0,-0.0,-0.9690000000000001,0.7697044960511117,4.607625431277126,2.0022780229462853
65,"([0.16, 0.18, 0.15, 0.15, 0.15, 0.2], [1])","([0.18, 0.15, 0.19, 0.18, 0.18, 0.12], [0])",-0.0,-0.887,-0.0,-0.0,-0.0,-0.0,-0.887,0.7697044960511117,4.724958130219851,2.0023152179401222
66,"([0.16, 0.18, 0.15, 0.15, 0.15, 0.2], [4])","([0.18, 0.15, 0.19, 0.18, 0.18, 0.12], [3])",-0.0,-0.0,-0.0,-0.0,-0.9540000000000001,-0.0,-0.9540000000000001,0.7697044960511117,4.909290829162576,2.002352412933959
67,"([0.16, 0.18, 0.15, 0.15, 0.15, 0.2], [1])","([0.18, 0.15, 0.19, 0.18, 0.18, 0.12], [1])",-0.0,-0.0,-0.0,-0.0,-0.0,-0.0,0.0,0.7697044960511117,4.139623528105301,2.002389607927796
68,"([0.16, 0.18, 0.15, 0.15, 0.15, 0.2], [0])","([0.18, 0.15, 0.19, 0.18, 0.18, 0.12], [2])",-0.943,-0.0,-0.0,-0.0,-0.0,-0.0,-0.943,0.7697044960511117,4.312956227048026,2.002426802921633
69,"([0.16, 0.18, 0.15, 0.15, 0.15, 0.2], [2])","([0.18, 0.15, 0.19, 0.18, 0.18, 0.12], [2])",-0.0,-0.0,-0.0,-0.0,-0.0,-0.0,0.0,0.7697044960511117,3.543288925990751,2.00246399791547
70,"([0.16, 0.18, 0.15, 0.15, 0.15, 0.2], [4])","([0.18, 0.15, 0.19, 0.18, 0.18, 0.12], [5])",-0.0,-0.0,-0.0,-0.0,-0.9540000000000001,-0.0,-0.9540000000000001,0.7697044960511117,3.727621624933476,2.002501192909307
71,"([0.16, 0.18, 0.15, 0.15, 0.15, 0.2], [0])","([0.18, 0.15, 0.19, 0.18, 0.18, 0.12], [2])",-0.943,-0.0,-0.0,-0.0,-0.0,-0.0,-0.943,0.7697044960511117,3.900954323876201,2.0025383879031438
72,"([0.16, 0.18, 0.15, 0.15, 0.15, 0.2], [3])","([0.18, 0.15, 0.19, 0.18, 0.18, 0.12], [1])",-0.0,-0.0,-0.0,-0.953,-0.0,-0.0,-0.953,0.7697044960511117,4.084287022818926,2.0025755828969807
73,"([0.16, 0.18, 0.15, 0.15, 0.15, 0.2], [2])","([0.18, 0.15, 0.19, 0.18, 0.18, 0.12], [5])",-0.0,-0.0,-0.9690000000000001,-0.0,-0.0,-0.0,-0.9690000000000001,0.7697044960511117,4.283619721761651,2.0026127778908176
74,"([0.16, 0.18, 0.15, 0.15, 0.15, 0.2], [1])","([0.18, 0.15, 0.19, 0.18, 0.18, 0.12], [3])",-0.0,-0.887,-0.0,-0.0,-0.0,-0.0,-0.887,0.7697044960511117,4.400952420704376,2.0026499728846545
75,"([0.16, 0.18, 0.15, 0.15, 0.15, 0.2], [3])","([0.18, 0.15, 0.19, 0.18, 0.18, 0.12], [4])",-0.0,-0.0,-0.0,-0.953,-0.0,-0.0,-0.953,0.7697044960511117,4.5842851196471015,2.0026871678784914
76,"([0.16, 0.18, 0.15, 0.15, 0.15, 0.2], [5])","([0.18, 0.15, 0.19, 0.18, 0.18, 0.12], [4])",-0.0,-0.0,-0.0,-0.0,-0.0,-0.8540000000000001,-0.8540000000000001,0.7697044960511117,4.668617818589826,2.0027243628723284
77,"([0.16, 0.18, 0.15, 0.15, 0.15, 0.2], [5])","([0.18, 0.15, 0.19, 0.18, 0.18, 0.12], [4])",-0.0,-0.0,-0.0,-0.0,-0.0,-0.8540000000000001,-0.8540000000000001,0.7697044960511117,4.752950517532551,2.0027615578661653
78,"([0.16, 0.18, 0.15, 0.15, 0.15, 0.2], [4])","([0.18, 0.15, 0.19, 0.18, 0.18, 0.12], [3])",-0.0,-0.0,-0.0,-0.0,-0.9540000000000001,-0.0,-0.9540000000000001,0.7697044960511117,4.937283216475277,2.002798752860002
79,"([0.16, 0.18, 0.15, 0.15, 0.15, 0.2], [0])","([0.18, 0.15, 0.19, 0.18, 0.18, 0.12], [3])",-0.943,-0.0,-0.0,-0.0,-0.0,-0.0,-0.943,0.7697044960511117,5.110615915418002,2.002835947853839
80,"([0.16, 0.18, 0.15, 0.15, 0.15, 0.2], [2])","([0.18, 0.15, 0.19, 0.18, 0.18, 0.12], [1])",-0.0,-0.0,-0.9690000000000001,-0.0,-0.0,-0.0,-0.9690000000000001,0.7697044960511117,5.309948614360727,2.002873142847676
81,"([0.16, 0.18, 0.15, 0.15, 0.15, 0.2], [1])","([0.18, 0.15, 0.19, 0.18, 0.18, 0.12], [2])",-0.0,-0.887,-0.0,-0.0,-0.0,-0.0,-0.887,0.7697044960511117,5.427281313303452,2.002910337841513
82,"([0.16, 0.18, 0.15, 0.15, 0.15, 0.2], [0])","([0.18, 0.15, 0.19, 0.18, 0.18, 0.12], [1])",-0.943,-0.0,-0.0,-0.0,-0.0,-0.0,-0.943,0.7697044960511117,5.600614012246178,2.00294753283535
83,"([0.16, 0.18, 0.15, 0.15, 0.15, 0.2], [2])","([0.18, 0.15, 0.19, 0.18, 0.18, 0.12], [2])",-0.0,-0.0,-0.0,-0.0,-0.0,-0.0,0.0,0.7697044960511117,4.830946711188902,2.002984727829187
84,"([0.16, 0.18, 0.15, 0.15, 0.15, 0.2], [3])","([0.18, 0.15, 0.19, 0.18, 0.18, 0.12], [3])",-0.0,-0.0,-0.0,-0.0,-0.0,-0.0,0.0,0.7697044960511117,4.061279410131627,2.0030219228230237
85,"([0.16, 0.18, 0.15, 0.15, 0.15, 0.2], [0])","([0.18, 0.15, 0.19, 0.18, 0.18, 0.12], [3])",-0.943,-0.0,-0.0,-0.0,-0.0,-0.0,-0.943,0.7697044960511117,4.2346121090743525,2.0030591178168606
86,"([0.16, 0.18, 0.15, 0.15, 0.15, 0.2], [4])","([0.18, 0.15, 0.19, 0.18, 0.18, 0.12], [2])",-0.0,-0.0,-0.0,-0.0,-0.9540000000000001,-0.0,-0.9540000000000001,0.7697044960511117,4.418944808017078,2.0030963128106976
87,"([0.16, 0.18, 0.15, 0.15, 0.15, 0.2], [5])","([0.18, 0.15, 0.19, 0.18, 0.18, 0.12], [5])",-0.0,-0.0,-0.0,-0.0,-0.0,-0.0,0.0,0.7697044960511117,3.6492775069598027,2.0031335078045345
88,"([0.16, 0.18, 0.15, 0.15, 0.15, 0.2], [3])","([0.18, 0.15, 0.19, 0.18, 0.18, 0.12], [5])",-0.0,-0.0,-0.0,-0.953,-0.0,-0.0,-0.953,0.7697044960511117,3.8326102059025278,2.0031707027983714
89,"([0.16, 0.18, 0.15, 0.15, 0.15, 0.2], [5])","([0.18, 0.15, 0.19, 0.18, 0.18, 0.12], [3])",-0.0,-0.0,-0.0,-0.0,-0.0,-0.8540000000000001,-0.8540000000000001,0.7697044960511117,3.9169429048452526,2.0032078977922083
90,"([0.16, 0.18, 0.15, 0.15, 0.15, 0.2], [4])","([0.18, 0.15, 0.19, 0.18, 0.18, 0.12], [2])",-0.0,-0.0,-0.0,-0.0,-0.9540000000000001,-0.0,-0.9540000000000001,0.7697044960511117,4.101275603787978,2.0032450927860452
91,"([0.16, 0.18, 0.15, 0.15, 0.15, 0.2], [4])","([0.18, 0.15, 0.19, 0.18, 0.18, 0.12], [3])",-0.0,-0.0,-0.0,-0.0,-0.9540000000000001,-0.0,-0.9540000000000001,0.7697044960511117,4.2856083027307035,2.003282287779882
92,"([0.16, 0.18, 0.15, 0.15, 0.15, 0.2], [0])","([0.18, 0.15, 0.19, 0.18, 0.18, 0.12], [3])",-0.943,-0.0,-0.0,-0.0,-0.0,-0.0,-0.943,0.7697044960511117,4.458941001673429,2.003319482773719
93,"([0.16, 0.18, 0.15, 0.15, 0.15, 0.2], [3])","([0.18, 0.15, 0.19, 0.18, 0.18, 0.12], [3])",-0.0,-0.0,-0.0,-0.0,-0.0,-0.0,0.0,0.7697044960511117,3.6892737006161536,2.003356677767556
94,"([0.16, 0.18, 0.15, 0.15, 0.15, 0.2], [4])","([0.18, 0.15, 0.19, 0.18, 0.18, 0.12], [3])",-0.0,-0.0,-0.0,-0.0,-0.9540000000000001,-0.0,-0.9540000000000001,0.7697044960511117,3.8736063995588785,2.003393872761393
95,"([0.16, 0.18, 0.15, 0.15, 0.15, 0.2], [5])","([0.18, 0.15, 0.19, 0.18, 0.18, 0.12], [2])",-0.0,-0.0,-0.0,-0.0,-0.0,-0.8540000000000001,-0.8540000000000001,0.7697044960511117,3.957939098501604,2.00343106775523
96,"([0.16, 0.18, 0.15, 0.15, 0.15, 0.2], [0])","([0.18, 0.15, 0.19, 0.18, 0.18, 0.12], [5])",-0.943,-0.0,-0.0,-0.0,-0.0,-0.0,-0.943,0.7697044960511117,4.131271797444329,2.0034682627490668
97,"([0.16, 0.18, 0.15, 0.15, 0.15, 0.2], [0])","([0.18, 0.15, 0.19, 0.18, 0.18, 0.12], [2])",-0.943,-0.0,-0.0,-0.0,-0.0,-0.0,-0.943,0.7697044960511117,4.3046044963870544,2.0035054577429037
98,"([0.16, 0.18, 0.15, 0.15, 0.15, 0.2], [2])","([0.18, 0.15, 0.19, 0.18, 0.18, 0.12], [4])",-0.0,-0.0,-0.9690000000000001,-0.0,-0.0,-0.0,-0.9690000000000001,0.7697044960511117,4.5039371953297795,2.0035426527367406
99,"([0.16, 0.18, 0.15, 0.15, 0.15, 0.2], [0])","([0.18, 0.15, 0.19, 0.18, 0.18, 0.12], [1])",-0.943,-0.0,-0.0,-0.0,-0.0,-0.0,-0.943,0.7697044960511117,4.677269894272505,2.0035798477305775
100,"([0.16, 0.18, 0.15, 0.15, 0.15, 0.2], [0])","([0.18, 0.15, 0.19, 0.18, 0.18, 0.12], [1])",-0.943,-0.0,-0.0,-0.0,-0.0,-0.0,-0.943,0.7697044960511117,4.85060259321523,2.0036170427244144
101,"([0.16, 0.18, 0.15, 0.15, 0.15, 0.2], [5])","([0.18, 0.15, 0.19, 0.18, 0.18, 0.12], [1])",-0.0,-0.0,-0.0,-0.0,-0.0,-0.8540000000000001,-0.8540000000000001,0.7697044960511117,4.934935292157955,2.0036542377182514
102,"([0.16, 0.18, 0.15, 0.15, 0.15, 0.2], [2])","([0.18, 0.15, 0.19, 0.18, 0.18, 0.12], [0])",-0.0,-0.0,-0.9690000000000001,-0.0,-0.0,-0.0,-0.9690000000000001,0.7697044960511117,5.13426799110068,2.0036914327120883
103,"([0.16, 0.18, 0.15, 0.15, 0.15, 0.2], [4])","([0.18, 0.15, 0.19, 0.18, 0.18, 0.12], [5])",-0.0,-0.0,-0.0,-0.0,-0.9540000000000001,-0.0,-0.9540000000000001,0.7697044960511117,5.3186006900434055,2.003728627705925
104,"([0.16, 0.18, 0.15, 0.15, 0.15, 0.2], [1])","([0.18, 0.15, 0.19, 0.18, 0.18, 0.12], [2])",-0.0,-0.887,-0.0,-0.0,-0.0,-0.0,-0.887,0.7697044960511117,5.435933388986131,2.003765822699762
105,"([0.16, 0.18, 0.15, 0.15, 0.15, 0.2], [5])","([0.18, 0.15, 0.19, 0.18, 0.18, 0.12], [3])",-0.0,-0.0,-0.0,-0.0,-0.0,-0.8540000000000001,-0.8540000000000001,0.7697044960511117,5.520266087928856,2.003803017693599
106,"([0.16, 0.18, 0.15, 0.15, 0.15, 0.2], [1])","([0.18, 0.15, 0.19, 0.18, 0.18, 0.12], [1])",-0.0,-0.0,-0.0,-0.0,-0.0,-0.0,0.0,0.7697044960511117,4.75059878687158,2.003840212687436
107,"([0.16, 0.18, 0.15, 0.15, 0.15, 0.2], [1])","([0.18, 0.15, 0.19, 0.18, 0.18, 0.12], [4])",-0.0,-0.887,-0.0,-0.0,-0.0,-0.0,-0.887,0.7697044960511117,4.867931485814306,2.003877407681273
108,"([0.16, 0.18, 0.15, 0.15, 0.15, 0.2], [0])","([0.18, 0.15, 0.19, 0.18, 0.18, 0.12], [0])",-0.0,-0.0,-0.0,-0.0,-0.0,-0.0,0.0,0.7697044960511117,4.0982641847570305,2.00391460267511
109,"([0.16, 0.18, 0.15, 0.15, 0.15, 0.2], [1])","([0.18, 0.15, 0.19, 0.18, 0.18, 0.12], [0])",-0.0,-0.887,-0.0,-0.0,-0.0,-0.0,-0.887,0.7697044960511117,4.215596883699756,2.0039517976689467
110,"([0.16, 0.18, 0.15, 0.15, 0.15, 0.2], [1])","([0.18, 0.15, 0.19, 0.18, 0.18, 0.12], [2])",-0.0,-0.887,-0.0,-0.0,-0.0,-0.0,-0.887,0.7697044960511117,4.332929582642481,2.0039889926627836
111,"([0.16, 0.18, 0.15, 0.15, 0.15, 0.2], [0])","([0.18, 0.15, 0.19, 0.18, 0.18, 0.12], [1])",-0.943,-0.0,-0.0,-0.0,-0.0,-0.0,-0.943,0.7697044960511117,4.506262281585206,2.0040261876566206
112,"([0.16, 0.18, 0.15, 0.15, 0.15, 0.2], [3])","([0.18, 0.15, 0.19, 0.18, 0.18, 0.12], [2])",-0.0,-0.0,-0.0,-0.953,-0.0,-0.0,-0.953,0.7697044960511117,4.689594980527931,2.0040633826504575
113,"([0.16, 0.18, 0.15, 0.15, 0.15, 0.2], [0])","([0.18, 0.15, 0.19, 0.18, 0.18, 0.12], [3])",-0.943,-0.0,-0.0,-0.0,-0.0,-0.0,-0.943,0.7697044960511117,4.862927679470657,2.0041005776442944
114,"([0.16, 0.18, 0.15, 0.15, 0.15, 0.2], [2])","([0.18, 0.15, 0.19, 0.18, 0.18, 0.12], [0])",-0.0,-0.0,-0.9690000000000001,-0.0,-0.0,-0.0,-0.9690000000000001,0.7697044960511117,5.062260378413382,2.0041377726381313
115,"([0.16, 0.18, 0.15, 0.15, 0.15, 0.2], [0])","([0.18, 0.15, 0.19, 0.18, 0.18, 0.12], [0])",-0.0,-0.0,-0.0,-0.0,-0.0,-0.0,0.0,0.7697044960511117,4.2925930773561065,2.0041749676319682
116,"([0.16, 0.18, 0.15, 0.15, 0.15, 0.2], [2])","([0.18, 0.15, 0.19, 0.18, 0.18, 0.12], [3])",-0.0,-0.0,-0.9690000000000001,-0.0,-0.0,-0.0,-0.9690000000000001,0.7697044960511117,4.491925776298832,2.004212162625805
117,"([0.16, 0.18, 0.15, 0.15, 0.15, 0.2], [2])","([0.18, 0.15, 0.19, 0.18, 0.18, 0.12], [4])",-0.0,-0.0,-0.9690000000000001,-0.0,-0.0,-0.0,-0.9690000000000001,0.7697044960511117,4.691258475241557,2.004249357619642
118,"([0.16, 0.18, 0.15, 0.15, 0.15, 0.2], [2])","([0.18, 0.15, 0.19, 0.18, 0.18, 0.12], [1])",-0.0,-0.0,-0.9690000000000001,-0.0,-0.0,-0.0,-0.9690000000000001,0.7697044960511117,4.890591174184282,2.004286552613479
119,"([0.16, 0.18, 0.15, 0.15, 0.15, 0.2], [5])","([0.18, 0.15, 0.19, 0.18, 0.18, 0.12], [4])",-0.0,-0.0,-0.0,-0.0,-0.0,-0.8540000000000001,-0.8540000000000001,0.7697044960511117,4.974923873127007,2.004323747607316
120,"([0.16, 0.18, 0.15, 0.15, 0.15, 0.2], [3])","([0.18, 0.15, 0.19, 0.18, 0.18, 0.12], [3])",-0.0,-0.0,-0.0,-0.0,-0.0,-0.0,0.0,0.7697044960511117,4.2052565720697315,2.004360942601153
121,"([0.16, 0.18, 0.15, 0.15, 0.15, 0.2], [3])","([0.18, 0.15, 0.19, 0.18, 0.18, 0.12], [1])",-0.0,-0.0,-0.0,-0.953,-0.0,-0.0,-0.953,0.7697044960511117,4.3885892710124565,2.0043981375949897
122,"([0.16, 0.18, 0.15, 0.15, 0.15, 0.2], [1])","([0.18, 0.15, 0.19, 0.18, 0.18, 0.12], [2])",-0.0,-0.887,-0.0,-0.0,-0.0,-0.0,-0.887,0.7697044960511117,4.505921969955182,2.0044353325888267
123,"([0.16, 0.18, 0.15, 0.15, 0.15, 0.2], [1])","([0.18, 0.15, 0.19, 0.18, 0.18, 0.12], [3])",-0.0,-0.887,-0.0,-0.0,-0.0,-0.0,-0.887,0.7697044960511117,4.623254668897907,2.0044725275826636
124,"([0.16, 0.18, 0.15, 0.15, 0.15, 0.2], [0])","([0.18, 0.15, 0.19, 0.18, 0.18, 0.12], [1])",-0.943,-0.0,-0.0,-0.0,-0.0,-0.0,-0.943,0.7697044960511117,4.796587367840632,2.0045097225765005
125,"([0.16, 0.18, 0.15, 0.15, 0.15, 0.2], [4])","([0.18, 0.15, 0.19, 0.18, 0.18, 0.12], [1])",-0.0,-0.0,-0.0,-0.0,-0.9540000000000001,-0.0,-0.9540000000000001,0.7697044960511117,4.980920066783358,2.0045469175703374
126,"([0.16, 0.18, 0.15, 0.15, 0.15, 0.2], [0])","([0.18, 0.15, 0.19, 0.18, 0.18, 0.12], [2])",-0.943,-0.0,-0.0,-0.0,-0.0,-0.0,-0.943,0.7697044960511117,5.154252765726083,2.0045841125641743
127,"([0.16, 0.18, 0.15, 0.15, 0.15, 0.2], [4])","([0.18, 0.15, 0.19, 0.18, 0.18, 0.12], [2])",-0.0,-0.0,-0.0,-0.0,-0.9540000000000001,-0.0,-0.9540000000000001,0.7697044960511117,5.3385854646688085,2.0046213075580113
128,"([0.16, 0.18, 0.15, 0.15, 0.15, 0.2], [3])","([0.18, 0.15, 0.19, 0.18, 0.18, 0.12], [1])",-0.0,-0.0,-0.0,-0.953,-0.0,-0.0,-0.953,0.7697044960511117,5.5219181636115335,2.004658502551848
129,"([0.16, 0.18, 0.15, 0.15, 0.15, 0.2], [4])","([0.18, 0.15, 0.19, 0.18, 0.18, 0.12], [0])",-0.0,-0.0,-0.0,-0.0,-0.9540000000000001,-0.0,-0.9540000000000001,0.7697044960511117,5.706250862554259,2.004695697545685
130,"([0.16, 0.18, 0.15, 0.15, 0.15, 0.2], [3])","([0.18, 0.15, 0.19, 0.18, 0.18, 0.12], [0])",-0.0,-0.0,-0.0,-0.953,-0.0,-0.0,-0.953,0.7697044960511117,5.889583561496984,2.004732892539522
131,"([0.16, 0.18, 0.15, 0.15, 0.15, 0.2], [5])","([0.18, 0.15, 0.19, 0.18, 0.18, 0.12], [0])",-0.0,-0.0,-0.0,-0.0,-0.0,-0.8540000000000001,-0.8540000000000001,0.7697044960511117,5.973916260439709,2.004770087533359
132,"([0.16, 0.18, 0.15, 0.15, 0.15, 0.2], [5])","([0.18, 0.15, 0.19, 0.18, 0.18, 0.12], [5])",-0.0,-0.0,-0.0,-0.0,-0.0,-0.0,0.0,0.7697044960511117,5.204248959382434,2.004807282527196
133,"([0.16, 0.18, 0.15, 0.15, 0.15, 0.2], [4])","([0.18, 0.15, 0.19, 0.18, 0.18, 0.12], [3])",-0.0,-0.0,-0.0,-0.0,-0.9540000000000001,-0.0,-0.9540000000000001,0.7697044960511117,5.388581658325159,2.004844477521033
134,"([0.16, 0.18, 0.15, 0.15, 0.15, 0.2], [1])","([0.18, 0.15, 0.19, 0.18, 0.18, 0.12], [0])",-0.0,-0.887,-0.0,-0.0,-0.0,-0.0,-0.887,0.7697044960511117,5.505914357267884,2.0048816725148697
135,"([0.16, 0.18, 0.15, 0.15, 0.15, 0.2], [0])","([0.18, 0.15, 0.19, 0.18, 0.18, 0.12], [2])",-0.943,-0.0,-0.0,-0.0,-0.0,-0.0,-0.943,0.7697044960511117,5.67924705621061,2.0049188675087066
136,"([0.16, 0.18, 0.15, 0.15, 0.15, 0.2], [2])","([0.18, 0.15, 0.19, 0.18, 0.18, 0.12], [1])",-0.0,-0.0,-0.9690000000000001,-0.0,-0.0,-0.0,-0.9690000000000001,0.7697044960511117,5.878579755153335,2.0049560625025435
137,"([0.16, 0.18, 0.15, 0.15, 0.15, 0.2], [1])","([0.18, 0.15, 0.19, 0.18, 0.18, 0.12], [4])",-0.0,-0.887,-0.0,-0.0,-0.0,-0.0,-0.887,0.7697044960511117,5.99591245409606,2.0049932574963805
138,"([0.16, 0.18, 0.15, 0.15, 0.15, 0.2], [1])","([0.18, 0.15, 0.19, 0.18, 0.18, 0.12], [4])",-0.0,-0.887,-0.0,-0.0,-0.0,-0.0,-0.887,0.7697044960511117,6.113245153038785,2.0050304524902174
139,"([0.16, 0.18, 0.15, 0.15, 0.15, 0.2], [5])","([0.18, 0.15, 0.19, 0.18, 0.18, 0.12], [4])",-0.0,-0.0,-0.0,-0.0,-0.0,-0.8540000000000001,-0.8540000000000001,0.7697044960511117,6.19757785198151,2.0050676474840543
140,"([0.16, 0.18, 0.15, 0.15, 0.15, 0.2], [5])","([0.18, 0.15, 0.19, 0.18, 0.18, 0.12], [3])",-0.0,-0.0,-0.0,-0.0,-0.0,-0.8540000000000001,-0.8540000000000001,0.7697044960511117,6.281910550924235,2.0051048424778912
141,"([0.16, 0.18, 0.15, 0.15, 0.15, 0.2], [3])","([0.18, 0.15, 0.19, 0.18, 0.18, 0.12], [5])",-0.0,-0.0,-0.0,-0.953,-0.0,-0.0,-0.953,0.7697044960511117,6.46524324986696,2.005142037471728
142,"([0.16, 0.18, 0.15, 0.15, 0.15, 0.2], [1])","([0.18, 0.15, 0.19, 0.18, 0.18, 0.12], [0])",-0.0,-0.887,-0.0,-0.0,-0.0,-0.0,-0.887,0.7697044960511117,6.582575948809685,2.005179232465565
143,"([0.16, 0.18, 0.15, 0.15, 0.15, 0.2], [5])","([0.18, 0.15, 0.19, 0.18, 0.18, 0.12], [2])",-0.0,-0.0,-0.0,-0.0,-0.0,-0.8540000000000001,-0.8540000000000001,0.7697044960511117,6.66690864775241,2.005216427459402
144,"([0.16, 0.18, 0.15, 0.15, 0.15, 0.2], [4])","([0.18, 0.15, 0.19, 0.18, 0.18, 0.12], [3])",-0.0,-0.0,-0.0,-0.0,-0.9540000000000001,-0.0,-0.9540000000000001,0.7697044960511117,6.851241346695136,2.005253622453239
145,"([0.16, 0.18, 0.15, 0.15, 0.15, 0.2], [0])","([0.18, 0.15, 0.19, 0.18, 0.18, 0.12], [0])",-0.0,-0.0,-0.0,-0.0,-0.0,-0.0,0.0,0.7697044960511117,6.08157404563786,2.005290817447076
146,"([0.16, 0.18, 0.15, 0.15, 0.15, 0.2], [3])","([0.18, 0.15, 0.19, 0.18, 0.18, 0.12], [2])",-0.0,-0.0,-0.0,-0.953,-0.0,-0.0,-0.953,0.7697044960511117,6.2649067445805855,2.0053280124409127
147,"([0.16, 0.18, 0.15, 0.15, 0.15, 0.2], [1])","([0.18, 0.15, 0.19, 0.18, 0.18, 0.12], [0])",-0.0,-0.887,-0.0,-0.0,-0.0,-0.0,-0.887,0.7697044960511117,6.382239443523311,2.0053652074347497
148,"([0.16, 0.18, 0.15, 0.15, 0.15, 0.2], [0])","([0.18, 0.15, 0.19, 0.18, 0.18, 0.12], [5])",-0.943,-0.0,-0.0,-0.0,-0.0,-0.0,-0.943,0.7697044960511117,6.555572142466036,2.0054024024285866
149,"([0.16, 0.18, 0.15, 0.15, 0.15, 0.2], [5])","([0.18, 0.15, 0.19, 0.18, 0.18, 0.12], [0])",-0.0,-0.0,-0.0,-0.0,-0.0,-0.8540000000000001,-0.8540000000000001,0.7697044960511117,6.639904841408761,2.0054395974224235
150,"([0.16, 0.18, 0.15, 0.15, 0.15, 0.2], [5])","([0.18, 0.15, 0.19, 0.18, 0.18, 0.12], [1])",-0.0,-0.0,-0.0,-0.0,-0.0,-0.8540000000000001,-0.8540000000000001,0.7697044960511117,6.724237540351486,2.0054767924162604
151,"([0.16, 0.18, 0.15, 0.15, 0.15, 0.2], [1])","([0.18, 0.15, 0.19, 0.18, 0.18, 0.12], [5])",-0.0,-0.887,-0.0,-0.0,-0.0,-0.0,-0.887,0.7697044960511117,6.841570239294211,2.0055139874100973
152,"([0.16, 0.18, 0.15, 0.15, 0.15, 0.2], [4])","([0.18, 0.15, 0.19, 0.18, 0.18, 0.12], [2])",-0.0,-0.0,-0.0,-0.0,-0.9540000000000001,-0.0,-0.9540000000000001,0.7697044960511117,7.0259029382369365,2.0055511824039343
153,"([0.16, 0.18, 0.15, 0.15, 0.15, 0.2], [1])","([0.18, 0.15, 0.19, 0.18, 0.18, 0.12], [5])",-0.0,-0.887,-0.0,-0.0,-0.0,-0.0,-0.887,0.7697044960511117,7.143235637179662,2.005588377397771
154,"([0.16, 0.18, 0.15, 0.15, 0.15, 0.2], [1])","([0.18, 0.15, 0.19, 0.18, 0.18, 0.12], [5])",-0.0,-0.887,-0.0,-0.0,-0.0,-0.0,-0.887,0.7697044960511117,7.260568336122387,2.005625572391608
155,"([0.16, 0.18, 0.15, 0.15, 0.15, 0.2], [1])","([0.18, 0.15, 0.19, 0.18, 0.18, 0.12], [5])",-0.0,-0.887,-0.0,-0.0,-0.0,-0.0,-0.887,0.7697044960511117,7.377901035065112,2.005662767385445
156,"([0.16, 0.18, 0.15, 0.15, 0.15, 0.2], [4])","([0.18, 0.15, 0.19, 0.18, 0.18, 0.12], [4])",-0.0,-0.0,-0.0,-0.0,-0.0,-0.0,0.0,0.7697044960511117,6.608233734007837,2.005699962379282
157,"([0.16, 0.18, 0.15, 0.15, 0.15, 0.2], [4])","([0.18, 0.15, 0.19, 0.18, 0.18, 0.12], [2])",-0.0,-0.0,-0.0,-0.0,-0.9540000000000001,-0.0,-0.9540000000000001,0.7697044960511117,6.792566432950562,2.005737157373119
158,"([0.16, 0.18, 0.15, 0.15, 0.15, 0.2], [2])","([0.18, 0.15, 0.19, 0.18, 0.18, 0.12], [2])",-0.0,-0.0,-0.0,-0.0,-0.0,-0.0,0.0,0.7697044960511117,6.022899131893287,2.005774352366956
159,"([0.16, 0.18, 0.15, 0.15, 0.15, 0.2], [1])","([0.18, 0.15, 0.19, 0.18, 0.18, 0.12], [2])",-0.0,-0.887,-0.0,-0.0,-0.0,-0.0,-0.887,0.7697044960511117,6.140231830836012,2.0058115473607927
160,"([0.16, 0.18, 0.15, 0.15, 0.15, 0.2], [5])","([0.18, 0.15, 0.19, 0.18, 0.18, 0.12], [0])",-0.0,-0.0,-0.0,-0.0,-0.0,-0.8540000000000001,-0.8540000000000001,0.7697044960511117,6.224564529778737,2.0058487423546296
161,"([0.16, 0.18, 0.15, 0.15, 0.15, 0.2], [1])","([0.18, 0.15, 0.19, 0.18, 0.18, 0.12], [2])",-0.0,-0.887,-0.0,-0.0,-0.0,-0.0,-0.887,0.7697044960511117,6.3418972287214626,2.0058859373484665
162,"([0.16, 0.18, 0.15, 0.15, 0.15, 0.2], [4])","([0.18, 0.15, 0.19, 0.18, 0.18, 0.12], [4])",-0.0,-0.0,-0.0,-0.0,-0.0,-0.0,0.0,0.7697044960511117,5.572229927664187,2.0059231323423035
163,"([0.16, 0.18, 0.15, 0.15, 0.15, 0.2], [1])","([0.18, 0.15, 0.19, 0.18, 0.18, 0.12], [2])",-0.0,-0.887,-0.0,-0.0,-0.0,-0.0,-0.887,0.7697044960511117,5.689562626606913,2.0059603273361404
164,"([0.16, 0.18, 0.15, 0.15, 0.15, 0.2], [3])","([0.18, 0.15, 0.19, 0.18, 0.18, 0.12], [0])",-0.0,-0.0,-0.0,-0.953,-0.0,-0.0,-0.953,0.7697044960511117,5.872895325549638,2.0059975223299773
165,"([0.16, 0.18, 0.15, 0.15, 0.15, 0.2], [4])","([0.18, 0.15, 0.19, 0.18, 0.18, 0.12], [0])",-0.0,-0.0,-0.0,-0.0,-0.9540000000000001,-0.0,-0.9540000000000001,0.7697044960511117,6.057228024492363,2.006034717323814
166,"([0.16, 0.18, 0.15, 0.15, 0.15, 0.2], [0])","([0.18, 0.15, 0.19, 0.18, 0.18, 0.12], [5])",-0.943,-0.0,-0.0,-0.0,-0.0,-0.0,-0.943,0.7697044960511117,6.230560723435088,2.006071912317651
167,"([0.16, 0.18, 0.15, 0.15, 0.15, 0.2], [2])","([0.18, 0.15, 0.19, 0.18, 0.18, 0.12], [4])",-0.0,-0.0,-0.9690000000000001,-0.0,-0.0,-0.0,-0.9690000000000001,0.7697044960511117,6.4298934223778135,2.006109107311488
168,"([0.16, 0.18, 0.15, 0.15, 0.15, 0.2], [5])","([0.18, 0.15, 0.19, 0.18, 0.18, 0.12], [2])",-0.0,-0.0,-0.0,-0.0,-0.0,-0.8540000000000001,-0.8540000000000001,0.7697044960511117,6.514226121320538,2.006146302305325
169,"([0.16, 0.18, 0.15, 0.15, 0.15, 0.2], [4])","([0.18, 0.15, 0.19, 0.18, 0.18, 0.12], [4])",-0.0,-0.0,-0.0,-0.0,-0.0,-0.0,0.0,0.7697044960511117,5.744558820263263,2.006183497299162
170,"([0.16, 0.18, 0.15, 0.15, 0.15, 0.2], [5])","([0.18, 0.15, 0.19, 0.18, 0.18, 0.12], [2])",-0.0,-0.0,-0.0,-0.0,-0.0,-0.8540000000000001,-0.8540000000000001,0.7697044960511117,5.828891519205988,2.006220692292999
171,"([0.16, 0.18, 0.15, 0.15, 0.15, 0.2], [3])","([0.18, 0.15, 0.19, 0.18, 0.18, 0.12], [5])",-0.0,-0.0,-0.0,-0.953,-0.0,-0.0,-0.953,0.7697044960511117,6.012224218148713,2.0062578872868357
172,"([0.16, 0.18, 0.15, 0.15, 0.15, 0.2], [1])","([0.18, 0.15, 0.19, 0.18, 0.18, 0.12], [2])",-0.0,-0.887,-0.0,-0.0,-0.0,-0.0,-0.887,0.7697044960511117,6.129556917091438,2.0062950822806727
173,"([0.16, 0.18, 0.15, 0.15, 0.15, 0.2], [5])","([0.18, 0.15, 0.19, 0.18, 0.18, 0.12], [1])",-0.0,-0.0,-0.0,-0.0,-0.0,-0.8540000000000001,-0.8540000000000001,0.7697044960511117,6.213889616034163,2.0063322772745096
174,"([0.16, 0.18, 0.15, 0.15, 0.15, 0.2], [1])","([0.18, 0.15, 0.19, 0.18, 0.18, 0.12], [2])",-0.0,-0.887,-0.0,-0.0,-0.0,-0.0,-0.887,0.7697044960511117,6.3312223149768885,2.0063694722683465
175,"([0.16, 0.18, 0.15, 0.15, 0.15, 0.2], [4])","([0.18, 0.15, 0.19, 0.18, 0.18, 0.12], [0])",-0.0,-0.0,-0.0,-0.0,-0.9540000000000001,-0.0,-0.9540000000000001,0.7697044960511117,6.515555013919614,2.0064066672621834
176,"([0.16, 0.18, 0.15, 0.15, 0.15, 0.2], [1])","([0.18, 0.15, 0.19, 0.18, 0.18, 0.12], [2])",-0.0,-0.887,-0.0,-0.0,-0.0,-0.0,-0.887,0.7697044960511117,6.632887712862339,2.0064438622560203
177,"([0.16, 0.18, 0.15, 0.15, 0.15, 0.2], [2])","([0.18, 0.15, 0.19, 0.18, 0.18, 0.12], [5])",-0.0,-0.0,-0.9690000000000001,-0.0,-0.0,-0.0,-0.9690000000000001,0.7697044960511117,6.832220411805064,2.0064810572498573
178,"([0.16, 0.18, 0.15, 0.15, 0.15, 0.2], [2])","([0.18, 0.15, 0.19, 0.18, 0.18, 0.12], [4])",-0.0,-0.0,-0.9690000000000001,-0.0,-0.0,-0.0,-0.9690000000000001,0.7697044960511117,7.031553110747789,2.006518252243694
179,"([0.16, 0.18, 0.15, 0.15, 0.15, 0.2], [5])","([0.18, 0.15, 0.19, 0.18, 0.18, 0.12], [5])",-0.0,-0.0,-0.0,-0.0,-0.0,-0.0,0.0,0.7697044960511117,6.261885809690514,2.006555447237531
180,"([0.16, 0.18, 0.15, 0.15, 0.15, 0.2], [1])","([0.18, 0.15, 0.19, 0.18, 0.18, 0.12], [3])",-0.0,-0.887,-0.0,-0.0,-0.0,-0.0,-0.887,0.7697044960511117,6.379218508633239,2.006592642231368
181,"([0.16, 0.18, 0.15, 0.15, 0.15, 0.2], [2])","([0.18, 0.15, 0.19, 0.18, 0.18, 0.12], [4])",-0.0,-0.0,-0.9690000000000001,-0.0,-0.0,-0.0,-0.9690000000000001,0.7697044960511117,6.5785512075759645,2.006629837225205
182,"([0.16, 0.18, 0.15, 0.15, 0.15, 0.2], [2])","([0.18, 0.15, 0.19, 0.18, 0.18, 0.12], [4])",-0.0,-0.0,-0.9690000000000001,-0.0,-0.0,-0.0,-0.9690000000000001,0.7697044960511117,6.7778839065186895,2.006667032219042
183,"([0.16, 0.18, 0.15, 0.15, 0.15, 0.2], [3])","([0.18, 0.15, 0.19, 0.18, 0.18, 0.12], [2])",-0.0,-0.0,-0.0,-0.953,-0.0,-0.0,-0.953,0.7697044960511117,6.961216605461415,2.0067042272128788
184,"([0.16, 0.18, 0.15, 0.15, 0.15, 0.2], [4])","([0.18, 0.15, 0.19, 0.18, 0.18, 0.12], [3])",-0.0,-0.0,-0.0,-0.0,-0.9540000000000001,-0.0,-0.9540000000000001,0.7697044960511117,7.14554930440414,2.0067414222067157
185,"([0.16, 0.18, 0.15, 0.15, 0.15, 0.2], [5])","([0.18, 0.15, 0.19, 0.18, 0.18, 0.12], [0])",-0.0,-0.0,-0.0,-0.0,-0.0,-0.8540000000000001,-0.8540000000000001,0.7697044960511117,7.229882003346865,2.0067786172005526
186,"([0.16, 0.18, 0.15, 0.15, 0.15, 0.2], [1])","([0.18, 0.15, 0.19, 0.18, 0.18, 0.12], [4])",-0.0,-0.887,-0.0,-0.0,-0.0,-0.0,-0.887,0.7697044960511117,7.34721470228959,2.0068158121943895
187,"([0.16, 0.18, 0.15, 0.15, 0.15, 0.2], [1])","([0.18, 0.15, 0.19, 0.18, 0.18, 0.12], [1])",-0.0,-0.0,-0.0,-0.0,-0.0,-0.0,0.0,0.7697044960511117,6.577547401232315,2.0068530071882265
188,"([0.16, 0.18, 0.15, 0.15, 0.15, 0.2], [5])","([0.18, 0.15, 0.19, 0.18, 0.18, 0.12], [1])",-0.0,-0.0,-0.0,-0.0,-0.0,-0.8540000000000001,-0.8540000000000001,0.7697044960511117,6.66188010017504,2.0068902021820634
189,"([0.16, 0.18, 0.15, 0.15, 0.15, 0.2], [0])","([0.18, 0.15, 0.19, 0.18, 0.18, 0.12], [4])",-0.943,-0.0,-0.0,-0.0,-0.0,-0.0,-0.943,0.7697044960511117,6.835212799117765,2.0069273971759003
190,"([0.16, 0.18, 0.15, 0.15, 0.15, 0.2], [5])","([0.18, 0.15, 0.19, 0.18, 0.18, 0.12], [0])",-0.0,-0.0,-0.0,-0.0,-0.0,-0.8540000000000001,-0.8540000000000001,0.7697044960511117,6.91954549806049,2.006964592169737
191,"([0.16, 0.18, 0.15, 0.15, 0.15, 0.2], [0])","([0.18, 0.15, 0.19, 0.18, 0.18, 0.12], [0])",-0.0,-0.0,-0.0,-0.0,-0.0,-0.0,0.0,0.7697044960511117,6.149878197003215,2.007001787163574
192,"([0.16, 0.18, 0.15, 0.15, 0.15, 0.2], [5])","([0.18, 0.15, 0.19, 0.18, 0.18, 0.12], [0])",-0.0,-0.0,-0.0,-0.0,-0.0,-0.8540000000000001,-0.8540000000000001,0.7697044960511117,6.23421089594594,2.007038982157411
193,"([0.16, 0.18, 0.15, 0.15, 0.15, 0.2], [3])","([0.18, 0.15, 0.19, 0.18, 0.18, 0.12], [1])",-0.0,-0.0,-0.0,-0.953,-0.0,-0.0,-0.953,0.7697044960511117,6.417543594888665,2.007076177151248
194,"([0.16, 0.18, 0.15, 0.15, 0.15, 0.2], [1])","([0.18, 0.15, 0.19, 0.18, 0.18, 0.12], [0])",-0.0,-0.887,-0.0,-0.0,-0.0,-0.0,-0.887,0.7697044960511117,6.53487629383139,2.007113372145085
195,"([0.16, 0.18, 0.15, 0.15, 0.15, 0.2], [2])","([0.18, 0.15, 0.19, 0.18, 0.18, 0.12], [2])",-0.0,-0.0,-0.0,-0.0,-0.0,-0.0,0.0,0.7697044960511117,5.765208992774115,2.007150567138922
196,"([0.16, 0.18, 0.15, 0.15, 0.15, 0.2], [0])","([0.18, 0.15, 0.19, 0.18, 0.18, 0.12], [5])",-0.943,-0.0,-0.0,-0.0,-0.0,-0.0,-0.943,0.7697044960511117,5.93854169171684,2.0071877621327587
197,"([0.16, 0.18, 0.15, 0.15, 0.15, 0.2], [1])","([0.18, 0.15, 0.19, 0.18, 0.18, 0.12], [3])",-0.0,-0.887,-0.0,-0.0,-0.0,-0.0,-0.887,0.7697044960511117,6.055874390659565,2.0072249571265957
198,"([0.16, 0.18, 0.15, 0.15, 0.15, 0.2], [4])","([0.18, 0.15, 0.19, 0.18, 0.18, 0.12], [3])",-0.0,-0.0,-0.0,-0.0,-0.9540000000000001,-0.0,-0.9540000000000001,0.7697044960511117,6.240207089602291,2.0072621521204326
199,"([0.16, 0.18, 0.15, 0.15, 0.15, 0.2], [1])","([0.18, 0.15, 0.19, 0.18, 0.18, 0.12], [0])",-0.0,-0.887,-0.0,-0.0,-0.0,-0.0,-0.887,0.7697044960511117,6.357539788545016,2.0072993471142695
