,sto-1,FB-0,feedback target 0,feedback target 1,feedback target 2,feedback target 3,feedback target 4,feedback target 5,total,exp_loss,actual_regret,exp_regret
0,"([0.13, 0.23, 0.45, 0.02, 0.17, 0.01], [2])","([0, 1, 0, 0, 0, 0], [1])",-0.0,-0.0,-0.67,-0.0,-0.0,-0.0,-0.67,0.516367,0.2860930000000001,0.13246000000000008
1,"([0.13, 0.23, 0.45, 0.02, 0.17, 0.01], [4])","([0, 0, 1, 0, 0, 0], [2])",-0.0,-0.0,-0.0,-0.0,-0.617,-0.0,-0.617,0.38390699999999994,0.5191860000000001,0.13246000000000008
2,"([0.13, 0.23, 0.45, 0.02, 0.17, 0.01], [1])","([0, 0, 1, 0, 0, 0], [2])",-0.0,-0.745,-0.0,-0.0,-0.0,-0.0,-0.745,0.38390699999999994,0.8802790000000003,0.13246000000000008
3,"([0.13, 0.23, 0.45, 0.02, 0.17, 0.01], [1])","([0, 1, 0, 0, 0, 0], [1])",-0.0,-0.0,-0.0,-0.0,-0.0,-0.0,0.0,0.516367,0.4963720000000003,0.26492000000000016
4,"([0.13, 0.23, 0.45, 0.02, 0.17, 0.01], [1])","([0, 1, 0, 0, 0, 0], [1])",-0.0,-0.0,-0.0,-0.0,-0.0,-0.0,0.0,0.516367,0.11246500000000037,0.39738000000000023
5,"([0.13, 0.23, 0.45, 0.02, 0.17, 0.01], [2])","([0, 1, 0, 0, 0, 0], [1])",-0.0,-0.0,-0.67,-0.0,-0.0,-0.0,-0.67,0.516367,0.39855800000000047,0.5298400000000003
6,"([0.13, 0.23, 0.45, 0.02, 0.17, 0.01], [2])","([0, 1, 0, 0, 0, 0], [1])",-0.0,-0.0,-0.67,-0.0,-0.0,-0.0,-0.67,0.516367,0.6846510000000006,0.6623000000000003
7,"([0.13, 0.23, 0.45, 0.02, 0.17, 0.01], [1])","([0, 1, 0, 0, 0, 0], [1])",-0.0,-0.0,-0.0,-0.0,-0.0,-0.0,0.0,0.516367,0.3007440000000006,0.7947600000000004
8,"([0.13, 0.23, 0.45, 0.02, 0.17, 0.01], [1])","([0, 1, 0, 0, 0, 0], [1])",-0.0,-0.0,-0.0,-0.0,-0.0,-0.0,0.0,0.516367,-0.08316299999999932,0.9272200000000004
9,"([0.13, 0.23, 0.45, 0.02, 0.17, 0.01], [5])","([0, 1, 0, 0, 0, 0], [1])",-0.0,-0.0,-0.0,-0.0,-0.0,-0.997,-0.997,0.516367,0.5299300000000008,1.0596800000000004
10,"([0.13, 0.23, 0.45, 0.02, 0.17, 0.01], [2])","([0, 1, 0, 0, 0, 0], [1])",-0.0,-0.0,-0.67,-0.0,-0.0,-0.0,-0.67,0.516367,0.8160230000000008,1.1921400000000004
11,"([0.13, 0.23, 0.45, 0.02, 0.17, 0.01], [0])","([0, 1, 0, 0, 0, 0], [1])",-0.6679999999999999,-0.0,-0.0,-0.0,-0.0,-0.0,-0.6679999999999999,0.516367,1.1001160000000008,1.3246000000000004
12,"([0.13, 0.23, 0.45, 0.02, 0.17, 0.01], [3])","([0, 1, 0, 0, 0, 0], [1])",-0.0,-0.0,-0.0,-0.835,-0.0,-0.0,-0.835,0.516367,1.5512090000000007,1.4570600000000005
13,"([0.13, 0.23, 0.45, 0.02, 0.17, 0.01], [0])","([0, 1, 0, 0, 0, 0], [1])",-0.6679999999999999,-0.0,-0.0,-0.0,-0.0,-0.0,-0.6679999999999999,0.516367,1.8353020000000007,1.5895200000000005
14,"([0.13, 0.23, 0.45, 0.02, 0.17, 0.01], [0])","([0, 0, 1, 0, 0, 0], [2])",-0.6679999999999999,-0.0,-0.0,-0.0,-0.0,-0.0,-0.6679999999999999,0.38390699999999994,2.119395000000001,1.5895200000000005
15,"([0.13, 0.23, 0.45, 0.02, 0.17, 0.01], [0])","([0, 0, 1, 0, 0, 0], [2])",-0.6679999999999999,-0.0,-0.0,-0.0,-0.0,-0.0,-0.6679999999999999,0.38390699999999994,2.4034880000000007,1.5895200000000005
16,"([0.13, 0.23, 0.45, 0.02, 0.17, 0.01], [2])","([0, 0, 1, 0, 0, 0], [2])",-0.0,-0.0,-0.0,-0.0,-0.0,-0.0,0.0,0.38390699999999994,2.019581000000001,1.5895200000000005
17,"([0.13, 0.23, 0.45, 0.02, 0.17, 0.01], [0])","([0, 0, 1, 0, 0, 0], [2])",-0.6679999999999999,-0.0,-0.0,-0.0,-0.0,-0.0,-0.6679999999999999,0.38390699999999994,2.303674000000001,1.5895200000000005
18,"([0.13, 0.23, 0.45, 0.02, 0.17, 0.01], [4])","([0, 0, 1, 0, 0, 0], [2])",-0.0,-0.0,-0.0,-0.0,-0.617,-0.0,-0.617,0.38390699999999994,2.536767000000001,1.5895200000000005
19,"([0.13, 0.23, 0.45, 0.02, 0.17, 0.01], [1])","([0, 0, 1, 0, 0, 0], [2])",-0.0,-0.745,-0.0,-0.0,-0.0,-0.0,-0.745,0.38390699999999994,2.897860000000001,1.5895200000000005
20,"([0.13, 0.23, 0.45, 0.02, 0.17, 0.01], [2])","([0, 0, 1, 0, 0, 0], [2])",-0.0,-0.0,-0.0,-0.0,-0.0,-0.0,0.0,0.38390699999999994,2.513953000000001,1.5895200000000005
21,"([0.13, 0.23, 0.45, 0.02, 0.17, 0.01], [2])","([0, 0, 1, 0, 0, 0], [2])",-0.0,-0.0,-0.0,-0.0,-0.0,-0.0,0.0,0.38390699999999994,2.1300460000000014,1.5895200000000005
22,"([0.13, 0.23, 0.45, 0.02, 0.17, 0.01], [0])","([0, 0, 1, 0, 0, 0], [2])",-0.6679999999999999,-0.0,-0.0,-0.0,-0.0,-0.0,-0.6679999999999999,0.38390699999999994,2.4141390000000014,1.5895200000000005
23,"([0.13, 0.23, 0.45, 0.02, 0.17, 0.01], [1])","([0, 0, 1, 0, 0, 0], [2])",-0.0,-0.745,-0.0,-0.0,-0.0,-0.0,-0.745,0.38390699999999994,2.7752320000000013,1.5895200000000005
24,"([0.13, 0.23, 0.45, 0.02, 0.17, 0.01], [2])","([0, 0, 1, 0, 0, 0], [2])",-0.0,-0.0,-0.0,-0.0,-0.0,-0.0,0.0,0.38390699999999994,2.3913250000000015,1.5895200000000005
25,"([0.13, 0.23, 0.45, 0.02, 0.17, 0.01], [4])","([0, 0, 1, 0, 0, 0], [2])",-0.0,-0.0,-0.0,-0.0,-0.617,-0.0,-0.617,0.38390699999999994,2.6244180000000017,1.5895200000000005
26,"([0.13, 0.23, 0.45, 0.02, 0.17, 0.01], [2])","([0, 0, 1, 0, 0, 0], [2])",-0.0,-0.0,-0.0,-0.0,-0.0,-0.0,0.0,0.38390699999999994,2.240511000000002,1.5895200000000005
27,"([0.13, 0.23, 0.45, 0.02, 0.17, 0.01], [2])","([0, 0, 1, 0, 0, 0], [2])",-0.0,-0.0,-0.0,-0.0,-0.0,-0.0,0.0,0.38390699999999994,1.856604000000002,1.5895200000000005
28,"([0.13, 0.23, 0.45, 0.02, 0.17, 0.01], [4])","([0, 0, 1, 0, 0, 0], [2])",-0.0,-0.0,-0.0,-0.0,-0.617,-0.0,-0.617,0.38390699999999994,2.089697000000002,1.5895200000000005
29,"([0.13, 0.23, 0.45, 0.02, 0.17, 0.01], [0])","([0, 0, 1, 0, 0, 0], [2])",-0.6679999999999999,-0.0,-0.0,-0.0,-0.0,-0.0,-0.6679999999999999,0.38390699999999994,2.373790000000002,1.5895200000000005
30,"([0.13, 0.23, 0.45, 0.02, 0.17, 0.01], [1])","([0, 0, 1, 0, 0, 0], [2])",-0.0,-0.745,-0.0,-0.0,-0.0,-0.0,-0.745,0.38390699999999994,2.7348830000000017,1.5895200000000005
31,"([0.13, 0.23, 0.45, 0.02, 0.17, 0.01], [4])","([0, 0, 1, 0, 0, 0], [2])",-0.0,-0.0,-0.0,-0.0,-0.617,-0.0,-0.617,0.38390699999999994,2.967976000000002,1.5895200000000005
32,"([0.13, 0.23, 0.45, 0.02, 0.17, 0.01], [2])","([0, 0, 1, 0, 0, 0], [2])",-0.0,-0.0,-0.0,-0.0,-0.0,-0.0,0.0,0.38390699999999994,2.584069000000002,1.5895200000000005
33,"([0.13, 0.23, 0.45, 0.02, 0.17, 0.01], [1])","([0, 0, 1, 0, 0, 0], [2])",-0.0,-0.745,-0.0,-0.0,-0.0,-0.0,-0.745,0.38390699999999994,2.945162000000002,1.5895200000000005
34,"([0.13, 0.23, 0.45, 0.02, 0.17, 0.01], [4])","([0, 0, 1, 0, 0, 0], [2])",-0.0,-0.0,-0.0,-0.0,-0.617,-0.0,-0.617,0.38390699999999994,3.1782550000000023,1.5895200000000005
35,"([0.13, 0.23, 0.45, 0.02, 0.17, 0.01], [2])","([0, 0, 1, 0, 0, 0], [2])",-0.0,-0.0,-0.0,-0.0,-0.0,-0.0,0.0,0.38390699999999994,2.7943480000000025,1.5895200000000005
36,"([0.13, 0.23, 0.45, 0.02, 0.17, 0.01], [4])","([0, 0, 1, 0, 0, 0], [2])",-0.0,-0.0,-0.0,-0.0,-0.617,-0.0,-0.617,0.38390699999999994,3.0274410000000027,1.5895200000000005
37,"([0.13, 0.23, 0.45, 0.02, 0.17, 0.01], [4])","([0, 0, 1, 0, 0, 0], [2])",-0.0,-0.0,-0.0,-0.0,-0.617,-0.0,-0.617,0.38390699999999994,3.260534000000003,1.5895200000000005
38,"([0.13, 0.23, 0.45, 0.02, 0.17, 0.01], [2])","([0, 0, 1, 0, 0, 0], [2])",-0.0,-0.0,-0.0,-0.0,-0.0,-0.0,0.0,0.38390699999999994,2.876627000000003,1.5895200000000005
39,"([0.13, 0.23, 0.45, 0.02, 0.17, 0.01], [4])","([0, 0, 1, 0, 0, 0], [2])",-0.0,-0.0,-0.0,-0.0,-0.617,-0.0,-0.617,0.38390699999999994,3.1097200000000034,1.5895200000000005
40,"([0.13, 0.23, 0.45, 0.02, 0.17, 0.01], [4])","([0, 0, 1, 0, 0, 0], [2])",-0.0,-0.0,-0.0,-0.0,-0.617,-0.0,-0.617,0.38390699999999994,3.3428130000000036,1.5895200000000005
41,"([0.13, 0.23, 0.45, 0.02, 0.17, 0.01], [2])","([0, 0, 1, 0, 0, 0], [2])",-0.0,-0.0,-0.0,-0.0,-0.0,-0.0,0.0,0.38390699999999994,2.958906000000004,1.5895200000000005
42,"([0.13, 0.23, 0.45, 0.02, 0.17, 0.01], [2])","([0, 0, 1, 0, 0, 0], [2])",-0.0,-0.0,-0.0,-0.0,-0.0,-0.0,0.0,0.38390699999999994,2.574999000000004,1.5895200000000005
43,"([0.13, 0.23, 0.45, 0.02, 0.17, 0.01], [2])","([0, 0, 1, 0, 0, 0], [2])",-0.0,-0.0,-0.0,-0.0,-0.0,-0.0,0.0,0.38390699999999994,2.1910920000000043,1.5895200000000005
44,"([0.13, 0.23, 0.45, 0.02, 0.17, 0.01], [2])","([0, 0, 1, 0, 0, 0], [2])",-0.0,-0.0,-0.0,-0.0,-0.0,-0.0,0.0,0.38390699999999994,1.8071850000000043,1.5895200000000005
45,"([0.13, 0.23, 0.45, 0.02, 0.17, 0.01], [2])","([0, 0, 1, 0, 0, 0], [2])",-0.0,-0.0,-0.0,-0.0,-0.0,-0.0,0.0,0.38390699999999994,1.4232780000000043,1.5895200000000005
46,"([0.13, 0.23, 0.45, 0.02, 0.17, 0.01], [1])","([0, 0, 1, 0, 0, 0], [2])",-0.0,-0.745,-0.0,-0.0,-0.0,-0.0,-0.745,0.38390699999999994,1.7843710000000044,1.5895200000000005
47,"([0.13, 0.23, 0.45, 0.02, 0.17, 0.01], [2])","([0, 0, 1, 0, 0, 0], [2])",-0.0,-0.0,-0.0,-0.0,-0.0,-0.0,0.0,0.38390699999999994,1.4004640000000044,1.5895200000000005
48,"([0.13, 0.23, 0.45, 0.02, 0.17, 0.01], [0])","([0, 0, 1, 0, 0, 0], [2])",-0.6679999999999999,-0.0,-0.0,-0.0,-0.0,-0.0,-0.6679999999999999,0.38390699999999994,1.6845570000000043,1.5895200000000005
49,"([0.13, 0.23, 0.45, 0.02, 0.17, 0.01], [1])","([0, 0, 1, 0, 0, 0], [2])",-0.0,-0.745,-0.0,-0.0,-0.0,-0.0,-0.745,0.38390699999999994,2.045650000000004,1.5895200000000005
50,"([0.13, 0.23, 0.45, 0.02, 0.17, 0.01], [0])","([0, 0, 1, 0, 0, 0], [2])",-0.6679999999999999,-0.0,-0.0,-0.0,-0.0,-0.0,-0.6679999999999999,0.38390699999999994,2.329743000000004,1.5895200000000005
51,"([0.13, 0.23, 0.45, 0.02, 0.17, 0.01], [1])","([0, 0, 1, 0, 0, 0], [2])",-0.0,-0.745,-0.0,-0.0,-0.0,-0.0,-0.745,0.38390699999999994,2.690836000000004,1.5895200000000005
52,"([0.13, 0.23, 0.45, 0.02, 0.17, 0.01], [4])","([0, 0, 1, 0, 0, 0], [2])",-0.0,-0.0,-0.0,-0.0,-0.617,-0.0,-0.617,0.38390699999999994,2.923929000000004,1.5895200000000005
53,"([0.13, 0.23, 0.45, 0.02, 0.17, 0.01], [1])","([0, 0, 1, 0, 0, 0], [2])",-0.0,-0.745,-0.0,-0.0,-0.0,-0.0,-0.745,0.38390699999999994,3.285022000000004,1.5895200000000005
54,"([0.13, 0.23, 0.45, 0.02, 0.17, 0.01], [2])","([0, 0, 1, 0, 0, 0], [2])",-0.0,-0.0,-0.0,-0.0,-0.0,-0.0,0.0,0.38390699999999994,2.9011150000000043,1.5895200000000005
55,"([0.13, 0.23, 0.45, 0.02, 0.17, 0.01], [1])","([0, 0, 1, 0, 0, 0], [2])",-0.0,-0.745,-0.0,-0.0,-0.0,-0.0,-0.745,0.38390699999999994,3.262208000000004,1.5895200000000005
56,"([0.13, 0.23, 0.45, 0.02, 0.17, 0.01], [2])","([0, 0, 1, 0, 0, 0], [2])",-0.0,-0.0,-0.0,-0.0,-0.0,-0.0,0.0,0.38390699999999994,2.8783010000000044,1.5895200000000005
57,"([0.13, 0.23, 0.45, 0.02, 0.17, 0.01], [4])","([0, 0, 1, 0, 0, 0], [2])",-0.0,-0.0,-0.0,-0.0,-0.617,-0.0,-0.617,0.38390699999999994,3.1113940000000047,1.5895200000000005
58,"([0.13, 0.23, 0.45, 0.02, 0.17, 0.01], [2])","([0, 0, 1, 0, 0, 0], [2])",-0.0,-0.0,-0.0,-0.0,-0.0,-0.0,0.0,0.38390699999999994,2.727487000000005,1.5895200000000005
59,"([0.13, 0.23, 0.45, 0.02, 0.17, 0.01], [4])","([0, 0, 1, 0, 0, 0], [2])",-0.0,-0.0,-0.0,-0.0,-0.617,-0.0,-0.617,0.38390699999999994,2.960580000000005,1.5895200000000005
60,"([0.13, 0.23, 0.45, 0.02, 0.17, 0.01], [4])","([0, 0, 1, 0, 0, 0], [2])",-0.0,-0.0,-0.0,-0.0,-0.617,-0.0,-0.617,0.38390699999999994,3.1936730000000053,1.5895200000000005
61,"([0.13, 0.23, 0.45, 0.02, 0.17, 0.01], [4])","([0, 0, 1, 0, 0, 0], [2])",-0.0,-0.0,-0.0,-0.0,-0.617,-0.0,-0.617,0.38390699999999994,3.4267660000000055,1.5895200000000005
62,"([0.13, 0.23, 0.45, 0.02, 0.17, 0.01], [1])","([0, 0, 1, 0, 0, 0], [2])",-0.0,-0.745,-0.0,-0.0,-0.0,-0.0,-0.745,0.38390699999999994,3.7878590000000054,1.5895200000000005
63,"([0.13, 0.23, 0.45, 0.02, 0.17, 0.01], [1])","([0, 0, 1, 0, 0, 0], [2])",-0.0,-0.745,-0.0,-0.0,-0.0,-0.0,-0.745,0.38390699999999994,4.148952000000006,1.5895200000000005
64,"([0.13, 0.23, 0.45, 0.02, 0.17, 0.01], [1])","([0, 0, 1, 0, 0, 0], [2])",-0.0,-0.745,-0.0,-0.0,-0.0,-0.0,-0.745,0.38390699999999994,4.510045000000006,1.5895200000000005
65,"([0.13, 0.23, 0.45, 0.02, 0.17, 0.01], [2])","([0, 0, 1, 0, 0, 0], [2])",-0.0,-0.0,-0.0,-0.0,-0.0,-0.0,0.0,0.38390699999999994,4.126138000000006,1.5895200000000005
66,"([0.13, 0.23, 0.45, 0.02, 0.17, 0.01], [2])","([0, 0, 1, 0, 0, 0], [2])",-0.0,-0.0,-0.0,-0.0,-0.0,-0.0,0.0,0.38390699999999994,3.7422310000000065,1.5895200000000005
67,"([0.13, 0.23, 0.45, 0.02, 0.17, 0.01], [1])","([0, 0, 1, 0, 0, 0], [2])",-0.0,-0.745,-0.0,-0.0,-0.0,-0.0,-0.745,0.38390699999999994,4.103324000000007,1.5895200000000005
68,"([0.13, 0.23, 0.45, 0.02, 0.17, 0.01], [2])","([0, 0, 1, 0, 0, 0], [2])",-0.0,-0.0,-0.0,-0.0,-0.0,-0.0,0.0,0.38390699999999994,3.719417000000007,1.5895200000000005
69,"([0.13, 0.23, 0.45, 0.02, 0.17, 0.01], [1])","([0, 0, 1, 0, 0, 0], [2])",-0.0,-0.745,-0.0,-0.0,-0.0,-0.0,-0.745,0.38390699999999994,4.080510000000007,1.5895200000000005
70,"([0.13, 0.23, 0.45, 0.02, 0.17, 0.01], [4])","([0, 0, 1, 0, 0, 0], [2])",-0.0,-0.0,-0.0,-0.0,-0.617,-0.0,-0.617,0.38390699999999994,4.313603000000008,1.5895200000000005
71,"([0.13, 0.23, 0.45, 0.02, 0.17, 0.01], [0])","([0, 0, 1, 0, 0, 0], [2])",-0.6679999999999999,-0.0,-0.0,-0.0,-0.0,-0.0,-0.6679999999999999,0.38390699999999994,4.597696000000008,1.5895200000000005
72,"([0.13, 0.23, 0.45, 0.02, 0.17, 0.01], [5])","([0, 0, 1, 0, 0, 0], [2])",-0.0,-0.0,-0.0,-0.0,-0.0,-0.997,-0.997,0.38390699999999994,5.210789000000008,1.5895200000000005
73,"([0.13, 0.23, 0.45, 0.02, 0.17, 0.01], [4])","([0, 0, 1, 0, 0, 0], [2])",-0.0,-0.0,-0.0,-0.0,-0.617,-0.0,-0.617,0.38390699999999994,5.443882000000008,1.5895200000000005
74,"([0.13, 0.23, 0.45, 0.02, 0.17, 0.01], [1])","([0, 0, 1, 0, 0, 0], [2])",-0.0,-0.745,-0.0,-0.0,-0.0,-0.0,-0.745,0.38390699999999994,5.804975000000009,1.5895200000000005
75,"([0.13, 0.23, 0.45, 0.02, 0.17, 0.01], [2])","([0, 0, 1, 0, 0, 0], [2])",-0.0,-0.0,-0.0,-0.0,-0.0,-0.0,0.0,0.38390699999999994,5.421068000000009,1.5895200000000005
76,"([0.13, 0.23, 0.45, 0.02, 0.17, 0.01], [0])","([0, 0, 1, 0, 0, 0], [2])",-0.6679999999999999,-0.0,-0.0,-0.0,-0.0,-0.0,-0.6679999999999999,0.38390699999999994,5.705161000000009,1.5895200000000005
77,"([0.13, 0.23, 0.45, 0.02, 0.17, 0.01], [1])","([0, 0, 1, 0, 0, 0], [2])",-0.0,-0.745,-0.0,-0.0,-0.0,-0.0,-0.745,0.38390699999999994,6.06625400000001,1.5895200000000005
78,"([0.13, 0.23, 0.45, 0.02, 0.17, 0.01], [4])","([0, 0, 1, 0, 0, 0], [2])",-0.0,-0.0,-0.0,-0.0,-0.617,-0.0,-0.617,0.38390699999999994,6.29934700000001,1.5895200000000005
79,"([0.13, 0.23, 0.45, 0.02, 0.17, 0.01], [4])","([0, 0, 1, 0, 0, 0], [2])",-0.0,-0.0,-0.0,-0.0,-0.617,-0.0,-0.617,0.38390699999999994,6.53244000000001,1.5895200000000005
80,"([0.13, 0.23, 0.45, 0.02, 0.17, 0.01], [1])","([0, 0, 1, 0, 0, 0], [2])",-0.0,-0.745,-0.0,-0.0,-0.0,-0.0,-0.745,0.38390699999999994,6.89353300000001,1.5895200000000005
81,"([0.13, 0.23, 0.45, 0.02, 0.17, 0.01], [0])","([0, 0, 1, 0, 0, 0], [2])",-0.6679999999999999,-0.0,-0.0,-0.0,-0.0,-0.0,-0.6679999999999999,0.38390699999999994,7.177626000000011,1.5895200000000005
82,"([0.13, 0.23, 0.45, 0.02, 0.17, 0.01], [2])","([0, 0, 1, 0, 0, 0], [2])",-0.0,-0.0,-0.0,-0.0,-0.0,-0.0,0.0,0.38390699999999994,6.793719000000011,1.5895200000000005
83,"([0.13, 0.23, 0.45, 0.02, 0.17, 0.01], [2])","([0, 0, 1, 0, 0, 0], [2])",-0.0,-0.0,-0.0,-0.0,-0.0,-0.0,0.0,0.38390699999999994,6.409812000000011,1.5895200000000005
84,"([0.13, 0.23, 0.45, 0.02, 0.17, 0.01], [3])","([0, 0, 1, 0, 0, 0], [2])",-0.0,-0.0,-0.0,-0.835,-0.0,-0.0,-0.835,0.38390699999999994,6.860905000000011,1.5895200000000005
85,"([0.13, 0.23, 0.45, 0.02, 0.17, 0.01], [2])","([0, 0, 1, 0, 0, 0], [2])",-0.0,-0.0,-0.0,-0.0,-0.0,-0.0,0.0,0.38390699999999994,6.476998000000012,1.5895200000000005
86,"([0.13, 0.23, 0.45, 0.02, 0.17, 0.01], [2])","([0, 0, 1, 0, 0, 0], [2])",-0.0,-0.0,-0.0,-0.0,-0.0,-0.0,0.0,0.38390699999999994,6.093091000000012,1.5895200000000005
87,"([0.13, 0.23, 0.45, 0.02, 0.17, 0.01], [2])","([0, 0, 1, 0, 0, 0], [2])",-0.0,-0.0,-0.0,-0.0,-0.0,-0.0,0.0,0.38390699999999994,5.709184000000012,1.5895200000000005
88,"([0.13, 0.23, 0.45, 0.02, 0.17, 0.01], [1])","([0, 0, 1, 0, 0, 0], [2])",-0.0,-0.745,-0.0,-0.0,-0.0,-0.0,-0.745,0.38390699999999994,6.070277000000012,1.5895200000000005
89,"([0.13, 0.23, 0.45, 0.02, 0.17, 0.01], [1])","([0, 0, 1, 0, 0, 0], [2])",-0.0,-0.745,-0.0,-0.0,-0.0,-0.0,-0.745,0.38390699999999994,6.431370000000013,1.5895200000000005
90,"([0.13, 0.23, 0.45, 0.02, 0.17, 0.01], [1])","([0, 0, 1, 0, 0, 0], [2])",-0.0,-0.745,-0.0,-0.0,-0.0,-0.0,-0.745,0.38390699999999994,6.792463000000013,1.5895200000000005
91,"([0.13, 0.23, 0.45, 0.02, 0.17, 0.01], [4])","([0, 0, 1, 0, 0, 0], [2])",-0.0,-0.0,-0.0,-0.0,-0.617,-0.0,-0.617,0.38390699999999994,7.025556000000013,1.5895200000000005
92,"([0.13, 0.23, 0.45, 0.02, 0.17, 0.01], [1])","([0, 0, 1, 0, 0, 0], [2])",-0.0,-0.745,-0.0,-0.0,-0.0,-0.0,-0.745,0.38390699999999994,7.386649000000014,1.5895200000000005
93,"([0.13, 0.23, 0.45, 0.02, 0.17, 0.01], [0])","([0, 0, 1, 0, 0, 0], [2])",-0.6679999999999999,-0.0,-0.0,-0.0,-0.0,-0.0,-0.6679999999999999,0.38390699999999994,7.670742000000014,1.5895200000000005
94,"([0.13, 0.23, 0.45, 0.02, 0.17, 0.01], [0])","([0, 0, 1, 0, 0, 0], [2])",-0.6679999999999999,-0.0,-0.0,-0.0,-0.0,-0.0,-0.6679999999999999,0.38390699999999994,7.954835000000014,1.5895200000000005
95,"([0.13, 0.23, 0.45, 0.02, 0.17, 0.01], [1])","([0, 0, 1, 0, 0, 0], [2])",-0.0,-0.745,-0.0,-0.0,-0.0,-0.0,-0.745,0.38390699999999994,8.315928000000014,1.5895200000000005
96,"([0.13, 0.23, 0.45, 0.02, 0.17, 0.01], [2])","([0, 0, 1, 0, 0, 0], [2])",-0.0,-0.0,-0.0,-0.0,-0.0,-0.0,0.0,0.38390699999999994,7.932021000000014,1.5895200000000005
97,"([0.13, 0.23, 0.45, 0.02, 0.17, 0.01], [2])","([0, 0, 1, 0, 0, 0], [2])",-0.0,-0.0,-0.0,-0.0,-0.0,-0.0,0.0,0.38390699999999994,7.548114000000014,1.5895200000000005
98,"([0.13, 0.23, 0.45, 0.02, 0.17, 0.01], [2])","([0, 0, 1, 0, 0, 0], [2])",-0.0,-0.0,-0.0,-0.0,-0.0,-0.0,0.0,0.38390699999999994,7.164207000000014,1.5895200000000005
99,"([0.13, 0.23, 0.45, 0.02, 0.17, 0.01], [1])","([0, 0, 1, 0, 0, 0], [2])",-0.0,-0.745,-0.0,-0.0,-0.0,-0.0,-0.745,0.38390699999999994,7.525300000000015,1.5895200000000005
100,"([0.13, 0.23, 0.45, 0.02, 0.17, 0.01], [4])","([0, 0, 1, 0, 0, 0], [2])",-0.0,-0.0,-0.0,-0.0,-0.617,-0.0,-0.617,0.38390699999999994,7.758393000000015,1.5895200000000005
101,"([0.13, 0.23, 0.45, 0.02, 0.17, 0.01], [1])","([0, 0, 1, 0, 0, 0], [2])",-0.0,-0.745,-0.0,-0.0,-0.0,-0.0,-0.745,0.38390699999999994,8.119486000000014,1.5895200000000005
102,"([0.13, 0.23, 0.45, 0.02, 0.17, 0.01], [2])","([0, 0, 1, 0, 0, 0], [2])",-0.0,-0.0,-0.0,-0.0,-0.0,-0.0,0.0,0.38390699999999994,7.735579000000015,1.5895200000000005
103,"([0.13, 0.23, 0.45, 0.02, 0.17, 0.01], [2])","([0, 0, 1, 0, 0, 0], [2])",-0.0,-0.0,-0.0,-0.0,-0.0,-0.0,0.0,0.38390699999999994,7.351672000000015,1.5895200000000005
104,"([0.13, 0.23, 0.45, 0.02, 0.17, 0.01], [2])","([0, 0, 1, 0, 0, 0], [2])",-0.0,-0.0,-0.0,-0.0,-0.0,-0.0,0.0,0.38390699999999994,6.967765000000015,1.5895200000000005
105,"([0.13, 0.23, 0.45, 0.02, 0.17, 0.01], [2])","([0, 0, 1, 0, 0, 0], [2])",-0.0,-0.0,-0.0,-0.0,-0.0,-0.0,0.0,0.38390699999999994,6.583858000000015,1.5895200000000005
106,"([0.13, 0.23, 0.45, 0.02, 0.17, 0.01], [0])","([0, 0, 1, 0, 0, 0], [2])",-0.6679999999999999,-0.0,-0.0,-0.0,-0.0,-0.0,-0.6679999999999999,0.38390699999999994,6.867951000000016,1.5895200000000005
107,"([0.13, 0.23, 0.45, 0.02, 0.17, 0.01], [1])","([0, 0, 1, 0, 0, 0], [2])",-0.0,-0.745,-0.0,-0.0,-0.0,-0.0,-0.745,0.38390699999999994,7.229044000000016,1.5895200000000005
108,"([0.13, 0.23, 0.45, 0.02, 0.17, 0.01], [4])","([0, 0, 1, 0, 0, 0], [2])",-0.0,-0.0,-0.0,-0.0,-0.617,-0.0,-0.617,0.38390699999999994,7.462137000000016,1.5895200000000005
109,"([0.13, 0.23, 0.45, 0.02, 0.17, 0.01], [2])","([0, 0, 1, 0, 0, 0], [2])",-0.0,-0.0,-0.0,-0.0,-0.0,-0.0,0.0,0.38390699999999994,7.0782300000000165,1.5895200000000005
110,"([0.13, 0.23, 0.45, 0.02, 0.17, 0.01], [5])","([0, 0, 1, 0, 0, 0], [2])",-0.0,-0.0,-0.0,-0.0,-0.0,-0.997,-0.997,0.38390699999999994,7.691323000000017,1.5895200000000005
111,"([0.13, 0.23, 0.45, 0.02, 0.17, 0.01], [4])","([0, 0, 1, 0, 0, 0], [2])",-0.0,-0.0,-0.0,-0.0,-0.617,-0.0,-0.617,0.38390699999999994,7.924416000000017,1.5895200000000005
112,"([0.13, 0.23, 0.45, 0.02, 0.17, 0.01], [1])","([0, 0, 1, 0, 0, 0], [2])",-0.0,-0.745,-0.0,-0.0,-0.0,-0.0,-0.745,0.38390699999999994,8.285509000000017,1.5895200000000005
113,"([0.13, 0.23, 0.45, 0.02, 0.17, 0.01], [2])","([0, 0, 1, 0, 0, 0], [2])",-0.0,-0.0,-0.0,-0.0,-0.0,-0.0,0.0,0.38390699999999994,7.901602000000017,1.5895200000000005
114,"([0.13, 0.23, 0.45, 0.02, 0.17, 0.01], [2])","([0, 0, 1, 0, 0, 0], [2])",-0.0,-0.0,-0.0,-0.0,-0.0,-0.0,0.0,0.38390699999999994,7.517695000000018,1.5895200000000005
115,"([0.13, 0.23, 0.45, 0.02, 0.17, 0.01], [2])","([0, 0, 1, 0, 0, 0], [2])",-0.0,-0.0,-0.0,-0.0,-0.0,-0.0,0.0,0.38390699999999994,7.133788000000018,1.5895200000000005
116,"([0.13, 0.23, 0.45, 0.02, 0.17, 0.01], [4])","([0, 0, 1, 0, 0, 0], [2])",-0.0,-0.0,-0.0,-0.0,-0.617,-0.0,-0.617,0.38390699999999994,7.366881000000018,1.5895200000000005
117,"([0.13, 0.23, 0.45, 0.02, 0.17, 0.01], [2])","([0, 0, 1, 0, 0, 0], [2])",-0.0,-0.0,-0.0,-0.0,-0.0,-0.0,0.0,0.38390699999999994,6.982974000000018,1.5895200000000005
118,"([0.13, 0.23, 0.45, 0.02, 0.17, 0.01], [1])","([0, 0, 1, 0, 0, 0], [2])",-0.0,-0.745,-0.0,-0.0,-0.0,-0.0,-0.745,0.38390699999999994,7.3440670000000186,1.5895200000000005
119,"([0.13, 0.23, 0.45, 0.02, 0.17, 0.01], [2])","([0, 0, 1, 0, 0, 0], [2])",-0.0,-0.0,-0.0,-0.0,-0.0,-0.0,0.0,0.38390699999999994,6.960160000000019,1.5895200000000005
120,"([0.13, 0.23, 0.45, 0.02, 0.17, 0.01], [2])","([0, 0, 1, 0, 0, 0], [2])",-0.0,-0.0,-0.0,-0.0,-0.0,-0.0,0.0,0.38390699999999994,6.576253000000019,1.5895200000000005
121,"([0.13, 0.23, 0.45, 0.02, 0.17, 0.01], [0])","([0, 0, 1, 0, 0, 0], [2])",-0.6679999999999999,-0.0,-0.0,-0.0,-0.0,-0.0,-0.6679999999999999,0.38390699999999994,6.860346000000019,1.5895200000000005
122,"([0.13, 0.23, 0.45, 0.02, 0.17, 0.01], [4])","([0, 0, 1, 0, 0, 0], [2])",-0.0,-0.0,-0.0,-0.0,-0.617,-0.0,-0.617,0.38390699999999994,7.09343900000002,1.5895200000000005
123,"([0.13, 0.23, 0.45, 0.02, 0.17, 0.01], [1])","([0, 0, 1, 0, 0, 0], [2])",-0.0,-0.745,-0.0,-0.0,-0.0,-0.0,-0.745,0.38390699999999994,7.45453200000002,1.5895200000000005
124,"([0.13, 0.23, 0.45, 0.02, 0.17, 0.01], [2])","([0, 0, 1, 0, 0, 0], [2])",-0.0,-0.0,-0.0,-0.0,-0.0,-0.0,0.0,0.38390699999999994,7.07062500000002,1.5895200000000005
125,"([0.13, 0.23, 0.45, 0.02, 0.17, 0.01], [1])","([0, 0, 1, 0, 0, 0], [2])",-0.0,-0.745,-0.0,-0.0,-0.0,-0.0,-0.745,0.38390699999999994,7.4317180000000205,1.5895200000000005
126,"([0.13, 0.23, 0.45, 0.02, 0.17, 0.01], [2])","([0, 0, 1, 0, 0, 0], [2])",-0.0,-0.0,-0.0,-0.0,-0.0,-0.0,0.0,0.38390699999999994,7.047811000000021,1.5895200000000005
127,"([0.13, 0.23, 0.45, 0.02, 0.17, 0.01], [2])","([0, 0, 1, 0, 0, 0], [2])",-0.0,-0.0,-0.0,-0.0,-0.0,-0.0,0.0,0.38390699999999994,6.663904000000021,1.5895200000000005
128,"([0.13, 0.23, 0.45, 0.02, 0.17, 0.01], [1])","([0, 0, 1, 0, 0, 0], [2])",-0.0,-0.745,-0.0,-0.0,-0.0,-0.0,-0.745,0.38390699999999994,7.024997000000021,1.5895200000000005
129,"([0.13, 0.23, 0.45, 0.02, 0.17, 0.01], [2])","([0, 0, 1, 0, 0, 0], [2])",-0.0,-0.0,-0.0,-0.0,-0.0,-0.0,0.0,0.38390699999999994,6.6410900000000215,1.5895200000000005
130,"([0.13, 0.23, 0.45, 0.02, 0.17, 0.01], [2])","([0, 0, 1, 0, 0, 0], [2])",-0.0,-0.0,-0.0,-0.0,-0.0,-0.0,0.0,0.38390699999999994,6.257183000000022,1.5895200000000005
131,"([0.13, 0.23, 0.45, 0.02, 0.17, 0.01], [0])","([0, 0, 1, 0, 0, 0], [2])",-0.6679999999999999,-0.0,-0.0,-0.0,-0.0,-0.0,-0.6679999999999999,0.38390699999999994,6.541276000000022,1.5895200000000005
132,"([0.13, 0.23, 0.45, 0.02, 0.17, 0.01], [2])","([0, 0, 1, 0, 0, 0], [2])",-0.0,-0.0,-0.0,-0.0,-0.0,-0.0,0.0,0.38390699999999994,6.157369000000022,1.5895200000000005
133,"([0.13, 0.23, 0.45, 0.02, 0.17, 0.01], [2])","([0, 0, 1, 0, 0, 0], [2])",-0.0,-0.0,-0.0,-0.0,-0.0,-0.0,0.0,0.38390699999999994,5.7734620000000225,1.5895200000000005
134,"([0.13, 0.23, 0.45, 0.02, 0.17, 0.01], [2])","([0, 0, 1, 0, 0, 0], [2])",-0.0,-0.0,-0.0,-0.0,-0.0,-0.0,0.0,0.38390699999999994,5.389555000000023,1.5895200000000005
135,"([0.13, 0.23, 0.45, 0.02, 0.17, 0.01], [2])","([0, 0, 1, 0, 0, 0], [2])",-0.0,-0.0,-0.0,-0.0,-0.0,-0.0,0.0,0.38390699999999994,5.005648000000023,1.5895200000000005
136,"([0.13, 0.23, 0.45, 0.02, 0.17, 0.01], [2])","([0, 0, 1, 0, 0, 0], [2])",-0.0,-0.0,-0.0,-0.0,-0.0,-0.0,0.0,0.38390699999999994,4.621741000000023,1.5895200000000005
137,"([0.13, 0.23, 0.45, 0.02, 0.17, 0.01], [2])","([0, 0, 1, 0, 0, 0], [2])",-0.0,-0.0,-0.0,-0.0,-0.0,-0.0,0.0,0.38390699999999994,4.237834000000023,1.5895200000000005
138,"([0.13, 0.23, 0.45, 0.02, 0.17, 0.01], [2])","([0, 0, 1, 0, 0, 0], [2])",-0.0,-0.0,-0.0,-0.0,-0.0,-0.0,0.0,0.38390699999999994,3.8539270000000236,1.5895200000000005
139,"([0.13, 0.23, 0.45, 0.02, 0.17, 0.01], [4])","([0, 0, 1, 0, 0, 0], [2])",-0.0,-0.0,-0.0,-0.0,-0.617,-0.0,-0.617,0.38390699999999994,4.087020000000024,1.5895200000000005
140,"([0.13, 0.23, 0.45, 0.02, 0.17, 0.01], [2])","([0, 0, 1, 0, 0, 0], [2])",-0.0,-0.0,-0.0,-0.0,-0.0,-0.0,0.0,0.38390699999999994,3.703113000000024,1.5895200000000005
141,"([0.13, 0.23, 0.45, 0.02, 0.17, 0.01], [2])","([0, 0, 1, 0, 0, 0], [2])",-0.0,-0.0,-0.0,-0.0,-0.0,-0.0,0.0,0.38390699999999994,3.3192060000000243,1.5895200000000005
142,"([0.13, 0.23, 0.45, 0.02, 0.17, 0.01], [2])","([0, 0, 1, 0, 0, 0], [2])",-0.0,-0.0,-0.0,-0.0,-0.0,-0.0,0.0,0.38390699999999994,2.9352990000000245,1.5895200000000005
143,"([0.13, 0.23, 0.45, 0.02, 0.17, 0.01], [1])","([0, 0, 1, 0, 0, 0], [2])",-0.0,-0.745,-0.0,-0.0,-0.0,-0.0,-0.745,0.38390699999999994,3.2963920000000244,1.5895200000000005
144,"([0.13, 0.23, 0.45, 0.02, 0.17, 0.01], [4])","([0, 0, 1, 0, 0, 0], [2])",-0.0,-0.0,-0.0,-0.0,-0.617,-0.0,-0.617,0.38390699999999994,3.5294850000000246,1.5895200000000005
145,"([0.13, 0.23, 0.45, 0.02, 0.17, 0.01], [4])","([0, 0, 1, 0, 0, 0], [2])",-0.0,-0.0,-0.0,-0.0,-0.617,-0.0,-0.617,0.38390699999999994,3.762578000000025,1.5895200000000005
146,"([0.13, 0.23, 0.45, 0.02, 0.17, 0.01], [0])","([0, 0, 1, 0, 0, 0], [2])",-0.6679999999999999,-0.0,-0.0,-0.0,-0.0,-0.0,-0.6679999999999999,0.38390699999999994,4.046671000000025,1.5895200000000005
147,"([0.13, 0.23, 0.45, 0.02, 0.17, 0.01], [1])","([0, 0, 1, 0, 0, 0], [2])",-0.0,-0.745,-0.0,-0.0,-0.0,-0.0,-0.745,0.38390699999999994,4.407764000000025,1.5895200000000005
148,"([0.13, 0.23, 0.45, 0.02, 0.17, 0.01], [1])","([0, 0, 1, 0, 0, 0], [2])",-0.0,-0.745,-0.0,-0.0,-0.0,-0.0,-0.745,0.38390699999999994,4.768857000000025,1.5895200000000005
149,"([0.13, 0.23, 0.45, 0.02, 0.17, 0.01], [2])","([0, 0, 1, 0, 0, 0], [2])",-0.0,-0.0,-0.0,-0.0,-0.0,-0.0,0.0,0.38390699999999994,4.384950000000026,1.5895200000000005
150,"([0.13, 0.23, 0.45, 0.02, 0.17, 0.01], [1])","([0, 0, 1, 0, 0, 0], [2])",-0.0,-0.745,-0.0,-0.0,-0.0,-0.0,-0.745,0.38390699999999994,4.746043000000026,1.5895200000000005
151,"([0.13, 0.23, 0.45, 0.02, 0.17, 0.01], [4])","([0, 0, 1, 0, 0, 0], [2])",-0.0,-0.0,-0.0,-0.0,-0.617,-0.0,-0.617,0.38390699999999994,4.979136000000026,1.5895200000000005
152,"([0.13, 0.23, 0.45, 0.02, 0.17, 0.01], [1])","([0, 0, 1, 0, 0, 0], [2])",-0.0,-0.745,-0.0,-0.0,-0.0,-0.0,-0.745,0.38390699999999994,5.3402290000000265,1.5895200000000005
153,"([0.13, 0.23, 0.45, 0.02, 0.17, 0.01], [1])","([0, 0, 1, 0, 0, 0], [2])",-0.0,-0.745,-0.0,-0.0,-0.0,-0.0,-0.745,0.38390699999999994,5.701322000000027,1.5895200000000005
154,"([0.13, 0.23, 0.45, 0.02, 0.17, 0.01], [2])","([0, 0, 1, 0, 0, 0], [2])",-0.0,-0.0,-0.0,-0.0,-0.0,-0.0,0.0,0.38390699999999994,5.317415000000027,1.5895200000000005
155,"([0.13, 0.23, 0.45, 0.02, 0.17, 0.01], [2])","([0, 0, 1, 0, 0, 0], [2])",-0.0,-0.0,-0.0,-0.0,-0.0,-0.0,0.0,0.38390699999999994,4.933508000000027,1.5895200000000005
156,"([0.13, 0.23, 0.45, 0.02, 0.17, 0.01], [2])","([0, 0, 1, 0, 0, 0], [2])",-0.0,-0.0,-0.0,-0.0,-0.0,-0.0,0.0,0.38390699999999994,4.5496010000000275,1.5895200000000005
157,"([0.13, 0.23, 0.45, 0.02, 0.17, 0.01], [4])","([0, 0, 1, 0, 0, 0], [2])",-0.0,-0.0,-0.0,-0.0,-0.617,-0.0,-0.617,0.38390699999999994,4.782694000000028,1.5895200000000005
158,"([0.13, 0.23, 0.45, 0.02, 0.17, 0.01], [2])","([0, 0, 1, 0, 0, 0], [2])",-0.0,-0.0,-0.0,-0.0,-0.0,-0.0,0.0,0.38390699999999994,4.398787000000028,1.5895200000000005
159,"([0.13, 0.23, 0.45, 0.02, 0.17, 0.01], [2])","([0, 0, 1, 0, 0, 0], [2])",-0.0,-0.0,-0.0,-0.0,-0.0,-0.0,0.0,0.38390699999999994,4.014880000000028,1.5895200000000005
160,"([0.13, 0.23, 0.45, 0.02, 0.17, 0.01], [2])","([0, 0, 1, 0, 0, 0], [2])",-0.0,-0.0,-0.0,-0.0,-0.0,-0.0,0.0,0.38390699999999994,3.6309730000000284,1.5895200000000005
161,"([0.13, 0.23, 0.45, 0.02, 0.17, 0.01], [2])","([0, 0, 1, 0, 0, 0], [2])",-0.0,-0.0,-0.0,-0.0,-0.0,-0.0,0.0,0.38390699999999994,3.2470660000000287,1.5895200000000005
162,"([0.13, 0.23, 0.45, 0.02, 0.17, 0.01], [2])","([0, 0, 1, 0, 0, 0], [2])",-0.0,-0.0,-0.0,-0.0,-0.0,-0.0,0.0,0.38390699999999994,2.863159000000029,1.5895200000000005
163,"([0.13, 0.23, 0.45, 0.02, 0.17, 0.01], [2])","([0, 0, 1, 0, 0, 0], [2])",-0.0,-0.0,-0.0,-0.0,-0.0,-0.0,0.0,0.38390699999999994,2.479252000000029,1.5895200000000005
164,"([0.13, 0.23, 0.45, 0.02, 0.17, 0.01], [1])","([0, 0, 1, 0, 0, 0], [2])",-0.0,-0.745,-0.0,-0.0,-0.0,-0.0,-0.745,0.38390699999999994,2.840345000000029,1.5895200000000005
165,"([0.13, 0.23, 0.45, 0.02, 0.17, 0.01], [2])","([0, 0, 1, 0, 0, 0], [2])",-0.0,-0.0,-0.0,-0.0,-0.0,-0.0,0.0,0.38390699999999994,2.456438000000029,1.5895200000000005
166,"([0.13, 0.23, 0.45, 0.02, 0.17, 0.01], [4])","([0, 0, 1, 0, 0, 0], [2])",-0.0,-0.0,-0.0,-0.0,-0.617,-0.0,-0.617,0.38390699999999994,2.6895310000000294,1.5895200000000005
167,"([0.13, 0.23, 0.45, 0.02, 0.17, 0.01], [2])","([0, 0, 1, 0, 0, 0], [2])",-0.0,-0.0,-0.0,-0.0,-0.0,-0.0,0.0,0.38390699999999994,2.3056240000000296,1.5895200000000005
168,"([0.13, 0.23, 0.45, 0.02, 0.17, 0.01], [2])","([0, 0, 1, 0, 0, 0], [2])",-0.0,-0.0,-0.0,-0.0,-0.0,-0.0,0.0,0.38390699999999994,1.9217170000000297,1.5895200000000005
169,"([0.13, 0.23, 0.45, 0.02, 0.17, 0.01], [2])","([0, 0, 1, 0, 0, 0], [2])",-0.0,-0.0,-0.0,-0.0,-0.0,-0.0,0.0,0.38390699999999994,1.5378100000000297,1.5895200000000005
170,"([0.13, 0.23, 0.45, 0.02, 0.17, 0.01], [2])","([0, 0, 1, 0, 0, 0], [2])",-0.0,-0.0,-0.0,-0.0,-0.0,-0.0,0.0,0.38390699999999994,1.1539030000000297,1.5895200000000005
171,"([0.13, 0.23, 0.45, 0.02, 0.17, 0.01], [2])","([0, 0, 1, 0, 0, 0], [2])",-0.0,-0.0,-0.0,-0.0,-0.0,-0.0,0.0,0.38390699999999994,0.7699960000000297,1.5895200000000005
172,"([0.13, 0.23, 0.45, 0.02, 0.17, 0.01], [2])","([0, 0, 1, 0, 0, 0], [2])",-0.0,-0.0,-0.0,-0.0,-0.0,-0.0,0.0,0.38390699999999994,0.3860890000000297,1.5895200000000005
173,"([0.13, 0.23, 0.45, 0.02, 0.17, 0.01], [1])","([0, 0, 1, 0, 0, 0], [2])",-0.0,-0.745,-0.0,-0.0,-0.0,-0.0,-0.745,0.38390699999999994,0.7471820000000298,1.5895200000000005
174,"([0.13, 0.23, 0.45, 0.02, 0.17, 0.01], [0])","([0, 0, 1, 0, 0, 0], [2])",-0.6679999999999999,-0.0,-0.0,-0.0,-0.0,-0.0,-0.6679999999999999,0.38390699999999994,1.0312750000000297,1.5895200000000005
175,"([0.13, 0.23, 0.45, 0.02, 0.17, 0.01], [2])","([0, 0, 1, 0, 0, 0], [2])",-0.0,-0.0,-0.0,-0.0,-0.0,-0.0,0.0,0.38390699999999994,0.6473680000000297,1.5895200000000005
176,"([0.13, 0.23, 0.45, 0.02, 0.17, 0.01], [2])","([0, 0, 1, 0, 0, 0], [2])",-0.0,-0.0,-0.0,-0.0,-0.0,-0.0,0.0,0.38390699999999994,0.26346100000002975,1.5895200000000005
177,"([0.13, 0.23, 0.45, 0.02, 0.17, 0.01], [1])","([0, 0, 1, 0, 0, 0], [2])",-0.0,-0.745,-0.0,-0.0,-0.0,-0.0,-0.745,0.38390699999999994,0.6245540000000298,1.5895200000000005
178,"([0.13, 0.23, 0.45, 0.02, 0.17, 0.01], [2])","([0, 0, 1, 0, 0, 0], [2])",-0.0,-0.0,-0.0,-0.0,-0.0,-0.0,0.0,0.38390699999999994,0.24064700000002986,1.5895200000000005
179,"([0.13, 0.23, 0.45, 0.02, 0.17, 0.01], [0])","([0, 0, 1, 0, 0, 0], [2])",-0.6679999999999999,-0.0,-0.0,-0.0,-0.0,-0.0,-0.6679999999999999,0.38390699999999994,0.5247400000000298,1.5895200000000005
180,"([0.13, 0.23, 0.45, 0.02, 0.17, 0.01], [2])","([0, 0, 1, 0, 0, 0], [2])",-0.0,-0.0,-0.0,-0.0,-0.0,-0.0,0.0,0.38390699999999994,0.1408330000000299,1.5895200000000005
181,"([0.13, 0.23, 0.45, 0.02, 0.17, 0.01], [2])","([0, 0, 1, 0, 0, 0], [2])",-0.0,-0.0,-0.0,-0.0,-0.0,-0.0,0.0,0.38390699999999994,-0.24307399999997004,1.5895200000000005
182,"([0.13, 0.23, 0.45, 0.02, 0.17, 0.01], [1])","([0, 0, 1, 0, 0, 0], [2])",-0.0,-0.745,-0.0,-0.0,-0.0,-0.0,-0.745,0.38390699999999994,0.11801900000003002,1.5895200000000005
183,"([0.13, 0.23, 0.45, 0.02, 0.17, 0.01], [1])","([0, 0, 1, 0, 0, 0], [2])",-0.0,-0.745,-0.0,-0.0,-0.0,-0.0,-0.745,0.38390699999999994,0.47911200000003007,1.5895200000000005
184,"([0.13, 0.23, 0.45, 0.02, 0.17, 0.01], [2])","([0, 0, 1, 0, 0, 0], [2])",-0.0,-0.0,-0.0,-0.0,-0.0,-0.0,0.0,0.38390699999999994,0.09520500000003013,1.5895200000000005
185,"([0.13, 0.23, 0.45, 0.02, 0.17, 0.01], [4])","([0, 0, 1, 0, 0, 0], [2])",-0.0,-0.0,-0.0,-0.0,-0.617,-0.0,-0.617,0.38390699999999994,0.3282980000000302,1.5895200000000005
186,"([0.13, 0.23, 0.45, 0.02, 0.17, 0.01], [1])","([0, 0, 1, 0, 0, 0], [2])",-0.0,-0.745,-0.0,-0.0,-0.0,-0.0,-0.745,0.38390699999999994,0.6893910000000303,1.5895200000000005
187,"([0.13, 0.23, 0.45, 0.02, 0.17, 0.01], [2])","([0, 0, 1, 0, 0, 0], [2])",-0.0,-0.0,-0.0,-0.0,-0.0,-0.0,0.0,0.38390699999999994,0.30548400000003034,1.5895200000000005
188,"([0.13, 0.23, 0.45, 0.02, 0.17, 0.01], [1])","([0, 0, 1, 0, 0, 0], [2])",-0.0,-0.745,-0.0,-0.0,-0.0,-0.0,-0.745,0.38390699999999994,0.6665770000000304,1.5895200000000005
189,"([0.13, 0.23, 0.45, 0.02, 0.17, 0.01], [2])","([0, 0, 1, 0, 0, 0], [2])",-0.0,-0.0,-0.0,-0.0,-0.0,-0.0,0.0,0.38390699999999994,0.28267000000003045,1.5895200000000005
190,"([0.13, 0.23, 0.45, 0.02, 0.17, 0.01], [4])","([0, 0, 1, 0, 0, 0], [2])",-0.0,-0.0,-0.0,-0.0,-0.617,-0.0,-0.617,0.38390699999999994,0.5157630000000305,1.5895200000000005
191,"([0.13, 0.23, 0.45, 0.02, 0.17, 0.01], [1])","([0, 0, 1, 0, 0, 0], [2])",-0.0,-0.745,-0.0,-0.0,-0.0,-0.0,-0.745,0.38390699999999994,0.8768560000000305,1.5895200000000005
192,"([0.13, 0.23, 0.45, 0.02, 0.17, 0.01], [4])","([0, 0, 1, 0, 0, 0], [2])",-0.0,-0.0,-0.0,-0.0,-0.617,-0.0,-0.617,0.38390699999999994,1.1099490000000305,1.5895200000000005
193,"([0.13, 0.23, 0.45, 0.02, 0.17, 0.01], [0])","([0, 0, 1, 0, 0, 0], [2])",-0.6679999999999999,-0.0,-0.0,-0.0,-0.0,-0.0,-0.6679999999999999,0.38390699999999994,1.3940420000000304,1.5895200000000005
194,"([0.13, 0.23, 0.45, 0.02, 0.17, 0.01], [4])","([0, 0, 1, 0, 0, 0], [2])",-0.0,-0.0,-0.0,-0.0,-0.617,-0.0,-0.617,0.38390699999999994,1.6271350000000304,1.5895200000000005
195,"([0.13, 0.23, 0.45, 0.02, 0.17, 0.01], [2])","([0, 0, 1, 0, 0, 0], [2])",-0.0,-0.0,-0.0,-0.0,-0.0,-0.0,0.0,0.38390699999999994,1.2432280000000304,1.5895200000000005
196,"([0.13, 0.23, 0.45, 0.02, 0.17, 0.01], [4])","([0, 0, 1, 0, 0, 0], [2])",-0.0,-0.0,-0.0,-0.0,-0.617,-0.0,-0.617,0.38390699999999994,1.4763210000000304,1.5895200000000005
197,"([0.13, 0.23, 0.45, 0.02, 0.17, 0.01], [2])","([0, 0, 1, 0, 0, 0], [2])",-0.0,-0.0,-0.0,-0.0,-0.0,-0.0,0.0,0.38390699999999994,1.0924140000000304,1.5895200000000005
198,"([0.13, 0.23, 0.45, 0.02, 0.17, 0.01], [2])","([0, 0, 1, 0, 0, 0], [2])",-0.0,-0.0,-0.0,-0.0,-0.0,-0.0,0.0,0.38390699999999994,0.7085070000000304,1.5895200000000005
199,"([0.13, 0.23, 0.45, 0.02, 0.17, 0.01], [5])","([0, 0, 1, 0, 0, 0], [2])",-0.0,-0.0,-0.0,-0.0,-0.0,-0.997,-0.997,0.38390699999999994,1.3216000000000305,1.5895200000000005
