,sto-1,FB-0,feedback target 0,feedback target 1,feedback target 2,feedback target 3,feedback target 4,feedback target 5,total,exp_loss,actual_regret,exp_regret
0,"([0.39, 0.26, 0.09, 0.01, 0.23, 0.02], [0])","([1, 0, 0, 0, 0, 0], [0])",-0.0,-0.0,-0.0,-0.0,-0.0,-0.0,0.0,0.5038648648648648,-0.5038648648648648,0.0
1,"([0.39, 0.26, 0.09, 0.01, 0.23, 0.02], [2])","([1, 0, 0, 0, 0, 0], [0])",-0.0,-0.0,-0.784,-0.0,-0.0,-0.0,-0.784,0.5038648648648648,-0.2237297297297296,0.0
2,"([0.39, 0.26, 0.09, 0.01, 0.23, 0.02], [4])","([1, 0, 0, 0, 0, 0], [0])",-0.0,-0.0,-0.0,-0.0,-0.7290000000000001,-0.0,-0.7290000000000001,0.5038648648648648,0.0014054054054056797,0.0
3,"([0.39, 0.26, 0.09, 0.01, 0.23, 0.02], [4])","([1, 0, 0, 0, 0, 0], [0])",-0.0,-0.0,-0.0,-0.0,-0.7290000000000001,-0.0,-0.7290000000000001,0.5038648648648648,0.22654054054054096,0.0
4,"([0.39, 0.26, 0.09, 0.01, 0.23, 0.02], [0])","([1, 0, 0, 0, 0, 0], [0])",-0.0,-0.0,-0.0,-0.0,-0.0,-0.0,0.0,0.5038648648648648,-0.27732432432432386,0.0
5,"([0.39, 0.26, 0.09, 0.01, 0.23, 0.02], [1])","([1, 0, 0, 0, 0, 0], [0])",-0.0,-0.9009999999999999,-0.0,-0.0,-0.0,-0.0,-0.9009999999999999,0.5038648648648648,0.11981081081081124,0.0
6,"([0.39, 0.26, 0.09, 0.01, 0.23, 0.02], [0])","([1, 0, 0, 0, 0, 0], [0])",-0.0,-0.0,-0.0,-0.0,-0.0,-0.0,0.0,0.5038648648648648,-0.3840540540540536,0.0
7,"([0.39, 0.26, 0.09, 0.01, 0.23, 0.02], [3])","([1, 0, 0, 0, 0, 0], [0])",-0.0,-0.0,-0.0,-0.866,-0.0,-0.0,-0.866,0.5038648648648648,-0.021918918918918395,0.0
8,"([0.39, 0.26, 0.09, 0.01, 0.23, 0.02], [4])","([1, 0, 0, 0, 0, 0], [0])",-0.0,-0.0,-0.0,-0.0,-0.7290000000000001,-0.0,-0.7290000000000001,0.5038648648648648,0.20321621621621688,0.0
9,"([0.39, 0.26, 0.09, 0.01, 0.23, 0.02], [0])","([0, 0, 0, 0, 1, 0], [4])",-0.711,-0.0,-0.0,-0.0,-0.0,-0.0,-0.711,0.6114954954954955,0.41035135135135203,0.10763063063063072
10,"([0.39, 0.26, 0.09, 0.01, 0.23, 0.02], [0])","([1, 0, 0, 0, 0, 0], [0])",-0.0,-0.0,-0.0,-0.0,-0.0,-0.0,0.0,0.5038648648648648,-0.09351351351351278,0.10763063063063072
11,"([0.39, 0.26, 0.09, 0.01, 0.23, 0.02], [2])","([1, 0, 0, 0, 0, 0], [0])",-0.0,-0.0,-0.784,-0.0,-0.0,-0.0,-0.784,0.5038648648648648,0.18662162162162244,0.10763063063063072
12,"([0.39, 0.26, 0.09, 0.01, 0.23, 0.02], [0])","([1, 0, 0, 0, 0, 0], [0])",-0.0,-0.0,-0.0,-0.0,-0.0,-0.0,0.0,0.5038648648648648,-0.3172432432432424,0.10763063063063072
13,"([0.39, 0.26, 0.09, 0.01, 0.23, 0.02], [0])","([1, 0, 0, 0, 0, 0], [0])",-0.0,-0.0,-0.0,-0.0,-0.0,-0.0,0.0,0.5038648648648648,-0.8211081081081072,0.10763063063063072
14,"([0.39, 0.26, 0.09, 0.01, 0.23, 0.02], [1])","([1, 0, 0, 0, 0, 0], [0])",-0.0,-0.9009999999999999,-0.0,-0.0,-0.0,-0.0,-0.9009999999999999,0.5038648648648648,-0.4239729729729721,0.10763063063063072
15,"([0.39, 0.26, 0.09, 0.01, 0.23, 0.02], [0])","([1, 0, 0, 0, 0, 0], [0])",-0.0,-0.0,-0.0,-0.0,-0.0,-0.0,0.0,0.5038648648648648,-0.9278378378378369,0.10763063063063072
16,"([0.39, 0.26, 0.09, 0.01, 0.23, 0.02], [0])","([1, 0, 0, 0, 0, 0], [0])",-0.0,-0.0,-0.0,-0.0,-0.0,-0.0,0.0,0.5038648648648648,-1.4317027027027018,0.10763063063063072
17,"([0.39, 0.26, 0.09, 0.01, 0.23, 0.02], [0])","([1, 0, 0, 0, 0, 0], [0])",-0.0,-0.0,-0.0,-0.0,-0.0,-0.0,0.0,0.5038648648648648,-1.9355675675675665,0.10763063063063072
18,"([0.39, 0.26, 0.09, 0.01, 0.23, 0.02], [1])","([1, 0, 0, 0, 0, 0], [0])",-0.0,-0.9009999999999999,-0.0,-0.0,-0.0,-0.0,-0.9009999999999999,0.5038648648648648,-1.5384324324324314,0.10763063063063072
19,"([0.39, 0.26, 0.09, 0.01, 0.23, 0.02], [0])","([1, 0, 0, 0, 0, 0], [0])",-0.0,-0.0,-0.0,-0.0,-0.0,-0.0,0.0,0.5038648648648648,-2.042297297297296,0.10763063063063072
20,"([0.39, 0.26, 0.09, 0.01, 0.23, 0.02], [4])","([1, 0, 0, 0, 0, 0], [0])",-0.0,-0.0,-0.0,-0.0,-0.7290000000000001,-0.0,-0.7290000000000001,0.5038648648648648,-1.8171621621621608,0.10763063063063072
21,"([0.39, 0.26, 0.09, 0.01, 0.23, 0.02], [1])","([1, 0, 0, 0, 0, 0], [0])",-0.0,-0.9009999999999999,-0.0,-0.0,-0.0,-0.0,-0.9009999999999999,0.5038648648648648,-1.4200270270270257,0.10763063063063072
22,"([0.39, 0.26, 0.09, 0.01, 0.23, 0.02], [1])","([1, 0, 0, 0, 0, 0], [0])",-0.0,-0.9009999999999999,-0.0,-0.0,-0.0,-0.0,-0.9009999999999999,0.5038648648648648,-1.0228918918918906,0.10763063063063072
23,"([0.39, 0.26, 0.09, 0.01, 0.23, 0.02], [1])","([1, 0, 0, 0, 0, 0], [0])",-0.0,-0.9009999999999999,-0.0,-0.0,-0.0,-0.0,-0.9009999999999999,0.5038648648648648,-0.6257567567567555,0.10763063063063072
24,"([0.39, 0.26, 0.09, 0.01, 0.23, 0.02], [0])","([1, 0, 0, 0, 0, 0], [0])",-0.0,-0.0,-0.0,-0.0,-0.0,-0.0,0.0,0.5038648648648648,-1.1296216216216202,0.10763063063063072
25,"([0.39, 0.26, 0.09, 0.01, 0.23, 0.02], [4])","([1, 0, 0, 0, 0, 0], [0])",-0.0,-0.0,-0.0,-0.0,-0.7290000000000001,-0.0,-0.7290000000000001,0.5038648648648648,-0.9044864864864849,0.10763063063063072
26,"([0.39, 0.26, 0.09, 0.01, 0.23, 0.02], [1])","([1, 0, 0, 0, 0, 0], [0])",-0.0,-0.9009999999999999,-0.0,-0.0,-0.0,-0.0,-0.9009999999999999,0.5038648648648648,-0.5073513513513498,0.10763063063063072
27,"([0.39, 0.26, 0.09, 0.01, 0.23, 0.02], [1])","([1, 0, 0, 0, 0, 0], [0])",-0.0,-0.9009999999999999,-0.0,-0.0,-0.0,-0.0,-0.9009999999999999,0.5038648648648648,-0.11021621621621469,0.10763063063063072
28,"([0.39, 0.26, 0.09, 0.01, 0.23, 0.02], [0])","([1, 0, 0, 0, 0, 0], [0])",-0.0,-0.0,-0.0,-0.0,-0.0,-0.0,0.0,0.5038648648648648,-0.6140810810810795,0.10763063063063072
29,"([0.39, 0.26, 0.09, 0.01, 0.23, 0.02], [4])","([1, 0, 0, 0, 0, 0], [0])",-0.0,-0.0,-0.0,-0.0,-0.7290000000000001,-0.0,-0.7290000000000001,0.5038648648648648,-0.3889459459459442,0.10763063063063072
30,"([0.39, 0.26, 0.09, 0.01, 0.23, 0.02], [4])","([1, 0, 0, 0, 0, 0], [0])",-0.0,-0.0,-0.0,-0.0,-0.7290000000000001,-0.0,-0.7290000000000001,0.5038648648648648,-0.16381081081080895,0.10763063063063072
31,"([0.39, 0.26, 0.09, 0.01, 0.23, 0.02], [4])","([1, 0, 0, 0, 0, 0], [0])",-0.0,-0.0,-0.0,-0.0,-0.7290000000000001,-0.0,-0.7290000000000001,0.5038648648648648,0.06132432432432633,0.10763063063063072
32,"([0.39, 0.26, 0.09, 0.01, 0.23, 0.02], [0])","([1, 0, 0, 0, 0, 0], [0])",-0.0,-0.0,-0.0,-0.0,-0.0,-0.0,0.0,0.5038648648648648,-0.4425405405405385,0.10763063063063072
33,"([0.39, 0.26, 0.09, 0.01, 0.23, 0.02], [4])","([1, 0, 0, 0, 0, 0], [0])",-0.0,-0.0,-0.0,-0.0,-0.7290000000000001,-0.0,-0.7290000000000001,0.5038648648648648,-0.2174054054054032,0.10763063063063072
34,"([0.39, 0.26, 0.09, 0.01, 0.23, 0.02], [0])","([1, 0, 0, 0, 0, 0], [0])",-0.0,-0.0,-0.0,-0.0,-0.0,-0.0,0.0,0.5038648648648648,-0.721270270270268,0.10763063063063072
35,"([0.39, 0.26, 0.09, 0.01, 0.23, 0.02], [0])","([1, 0, 0, 0, 0, 0], [0])",-0.0,-0.0,-0.0,-0.0,-0.0,-0.0,0.0,0.5038648648648648,-1.2251351351351327,0.10763063063063072
36,"([0.39, 0.26, 0.09, 0.01, 0.23, 0.02], [1])","([1, 0, 0, 0, 0, 0], [0])",-0.0,-0.9009999999999999,-0.0,-0.0,-0.0,-0.0,-0.9009999999999999,0.5038648648648648,-0.8279999999999976,0.10763063063063072
37,"([0.39, 0.26, 0.09, 0.01, 0.23, 0.02], [0])","([1, 0, 0, 0, 0, 0], [0])",-0.0,-0.0,-0.0,-0.0,-0.0,-0.0,0.0,0.5038648648648648,-1.3318648648648623,0.10763063063063072
38,"([0.39, 0.26, 0.09, 0.01, 0.23, 0.02], [4])","([1, 0, 0, 0, 0, 0], [0])",-0.0,-0.0,-0.0,-0.0,-0.7290000000000001,-0.0,-0.7290000000000001,0.5038648648648648,-1.106729729729727,0.10763063063063072
39,"([0.39, 0.26, 0.09, 0.01, 0.23, 0.02], [0])","([1, 0, 0, 0, 0, 0], [0])",-0.0,-0.0,-0.0,-0.0,-0.0,-0.0,0.0,0.5038648648648648,-1.6105945945945916,0.10763063063063072
40,"([0.39, 0.26, 0.09, 0.01, 0.23, 0.02], [0])","([1, 0, 0, 0, 0, 0], [0])",-0.0,-0.0,-0.0,-0.0,-0.0,-0.0,0.0,0.5038648648648648,-2.1144594594594563,0.10763063063063072
41,"([0.39, 0.26, 0.09, 0.01, 0.23, 0.02], [1])","([1, 0, 0, 0, 0, 0], [0])",-0.0,-0.9009999999999999,-0.0,-0.0,-0.0,-0.0,-0.9009999999999999,0.5038648648648648,-1.7173243243243212,0.10763063063063072
42,"([0.39, 0.26, 0.09, 0.01, 0.23, 0.02], [1])","([1, 0, 0, 0, 0, 0], [0])",-0.0,-0.9009999999999999,-0.0,-0.0,-0.0,-0.0,-0.9009999999999999,0.5038648648648648,-1.3201891891891862,0.10763063063063072
43,"([0.39, 0.26, 0.09, 0.01, 0.23, 0.02], [2])","([1, 0, 0, 0, 0, 0], [0])",-0.0,-0.0,-0.784,-0.0,-0.0,-0.0,-0.784,0.5038648648648648,-1.040054054054051,0.10763063063063072
44,"([0.39, 0.26, 0.09, 0.01, 0.23, 0.02], [4])","([1, 0, 0, 0, 0, 0], [0])",-0.0,-0.0,-0.0,-0.0,-0.7290000000000001,-0.0,-0.7290000000000001,0.5038648648648648,-0.8149189189189158,0.10763063063063072
45,"([0.39, 0.26, 0.09, 0.01, 0.23, 0.02], [0])","([1, 0, 0, 0, 0, 0], [0])",-0.0,-0.0,-0.0,-0.0,-0.0,-0.0,0.0,0.5038648648648648,-1.3187837837837806,0.10763063063063072
46,"([0.39, 0.26, 0.09, 0.01, 0.23, 0.02], [0])","([1, 0, 0, 0, 0, 0], [0])",-0.0,-0.0,-0.0,-0.0,-0.0,-0.0,0.0,0.5038648648648648,-1.8226486486486455,0.10763063063063072
47,"([0.39, 0.26, 0.09, 0.01, 0.23, 0.02], [0])","([1, 0, 0, 0, 0, 0], [0])",-0.0,-0.0,-0.0,-0.0,-0.0,-0.0,0.0,0.5038648648648648,-2.32651351351351,0.10763063063063072
48,"([0.39, 0.26, 0.09, 0.01, 0.23, 0.02], [4])","([1, 0, 0, 0, 0, 0], [0])",-0.0,-0.0,-0.0,-0.0,-0.7290000000000001,-0.0,-0.7290000000000001,0.5038648648648648,-2.101378378378375,0.10763063063063072
49,"([0.39, 0.26, 0.09, 0.01, 0.23, 0.02], [4])","([1, 0, 0, 0, 0, 0], [0])",-0.0,-0.0,-0.0,-0.0,-0.7290000000000001,-0.0,-0.7290000000000001,0.5038648648648648,-1.8762432432432394,0.10763063063063072
50,"([0.39, 0.26, 0.09, 0.01, 0.23, 0.02], [1])","([1, 0, 0, 0, 0, 0], [0])",-0.0,-0.9009999999999999,-0.0,-0.0,-0.0,-0.0,-0.9009999999999999,0.5038648648648648,-1.4791081081081043,0.10763063063063072
51,"([0.39, 0.26, 0.09, 0.01, 0.23, 0.02], [0])","([1, 0, 0, 0, 0, 0], [0])",-0.0,-0.0,-0.0,-0.0,-0.0,-0.0,0.0,0.5038648648648648,-1.982972972972969,0.10763063063063072
52,"([0.39, 0.26, 0.09, 0.01, 0.23, 0.02], [0])","([1, 0, 0, 0, 0, 0], [0])",-0.0,-0.0,-0.0,-0.0,-0.0,-0.0,0.0,0.5038648648648648,-2.4868378378378337,0.10763063063063072
53,"([0.39, 0.26, 0.09, 0.01, 0.23, 0.02], [5])","([1, 0, 0, 0, 0, 0], [0])",-0.0,-0.0,-0.0,-0.0,-0.0,-0.935,-0.935,0.5038648648648648,-2.0557027027026984,0.10763063063063072
54,"([0.39, 0.26, 0.09, 0.01, 0.23, 0.02], [0])","([1, 0, 0, 0, 0, 0], [0])",-0.0,-0.0,-0.0,-0.0,-0.0,-0.0,0.0,0.5038648648648648,-2.559567567567563,0.10763063063063072
55,"([0.39, 0.26, 0.09, 0.01, 0.23, 0.02], [2])","([1, 0, 0, 0, 0, 0], [0])",-0.0,-0.0,-0.784,-0.0,-0.0,-0.0,-0.784,0.5038648648648648,-2.279432432432428,0.10763063063063072
56,"([0.39, 0.26, 0.09, 0.01, 0.23, 0.02], [1])","([1, 0, 0, 0, 0, 0], [0])",-0.0,-0.9009999999999999,-0.0,-0.0,-0.0,-0.0,-0.9009999999999999,0.5038648648648648,-1.882297297297293,0.10763063063063072
57,"([0.39, 0.26, 0.09, 0.01, 0.23, 0.02], [0])","([1, 0, 0, 0, 0, 0], [0])",-0.0,-0.0,-0.0,-0.0,-0.0,-0.0,0.0,0.5038648648648648,-2.3861621621621576,0.10763063063063072
58,"([0.39, 0.26, 0.09, 0.01, 0.23, 0.02], [0])","([1, 0, 0, 0, 0, 0], [0])",-0.0,-0.0,-0.0,-0.0,-0.0,-0.0,0.0,0.5038648648648648,-2.8900270270270223,0.10763063063063072
59,"([0.39, 0.26, 0.09, 0.01, 0.23, 0.02], [0])","([1, 0, 0, 0, 0, 0], [0])",-0.0,-0.0,-0.0,-0.0,-0.0,-0.0,0.0,0.5038648648648648,-3.393891891891887,0.10763063063063072
60,"([0.39, 0.26, 0.09, 0.01, 0.23, 0.02], [0])","([1, 0, 0, 0, 0, 0], [0])",-0.0,-0.0,-0.0,-0.0,-0.0,-0.0,0.0,0.5038648648648648,-3.8977567567567517,0.10763063063063072
61,"([0.39, 0.26, 0.09, 0.01, 0.23, 0.02], [3])","([1, 0, 0, 0, 0, 0], [0])",-0.0,-0.0,-0.0,-0.866,-0.0,-0.0,-0.866,0.5038648648648648,-3.5356216216216163,0.10763063063063072
62,"([0.39, 0.26, 0.09, 0.01, 0.23, 0.02], [0])","([1, 0, 0, 0, 0, 0], [0])",-0.0,-0.0,-0.0,-0.0,-0.0,-0.0,0.0,0.5038648648648648,-4.0394864864864815,0.10763063063063072
63,"([0.39, 0.26, 0.09, 0.01, 0.23, 0.02], [2])","([1, 0, 0, 0, 0, 0], [0])",-0.0,-0.0,-0.784,-0.0,-0.0,-0.0,-0.784,0.5038648648648648,-3.7593513513513463,0.10763063063063072
64,"([0.39, 0.26, 0.09, 0.01, 0.23, 0.02], [4])","([1, 0, 0, 0, 0, 0], [0])",-0.0,-0.0,-0.0,-0.0,-0.7290000000000001,-0.0,-0.7290000000000001,0.5038648648648648,-3.534216216216211,0.10763063063063072
65,"([0.39, 0.26, 0.09, 0.01, 0.23, 0.02], [0])","([1, 0, 0, 0, 0, 0], [0])",-0.0,-0.0,-0.0,-0.0,-0.0,-0.0,0.0,0.5038648648648648,-4.038081081081076,0.10763063063063072
66,"([0.39, 0.26, 0.09, 0.01, 0.23, 0.02], [0])","([1, 0, 0, 0, 0, 0], [0])",-0.0,-0.0,-0.0,-0.0,-0.0,-0.0,0.0,0.5038648648648648,-4.541945945945941,0.10763063063063072
67,"([0.39, 0.26, 0.09, 0.01, 0.23, 0.02], [0])","([1, 0, 0, 0, 0, 0], [0])",-0.0,-0.0,-0.0,-0.0,-0.0,-0.0,0.0,0.5038648648648648,-5.045810810810806,0.10763063063063072
68,"([0.39, 0.26, 0.09, 0.01, 0.23, 0.02], [1])","([1, 0, 0, 0, 0, 0], [0])",-0.0,-0.9009999999999999,-0.0,-0.0,-0.0,-0.0,-0.9009999999999999,0.5038648648648648,-4.648675675675671,0.10763063063063072
69,"([0.39, 0.26, 0.09, 0.01, 0.23, 0.02], [4])","([1, 0, 0, 0, 0, 0], [0])",-0.0,-0.0,-0.0,-0.0,-0.7290000000000001,-0.0,-0.7290000000000001,0.5038648648648648,-4.423540540540536,0.10763063063063072
70,"([0.39, 0.26, 0.09, 0.01, 0.23, 0.02], [1])","([1, 0, 0, 0, 0, 0], [0])",-0.0,-0.9009999999999999,-0.0,-0.0,-0.0,-0.0,-0.9009999999999999,0.5038648648648648,-4.0264054054054,0.10763063063063072
71,"([0.39, 0.26, 0.09, 0.01, 0.23, 0.02], [0])","([1, 0, 0, 0, 0, 0], [0])",-0.0,-0.0,-0.0,-0.0,-0.0,-0.0,0.0,0.5038648648648648,-4.5302702702702655,0.10763063063063072
72,"([0.39, 0.26, 0.09, 0.01, 0.23, 0.02], [1])","([1, 0, 0, 0, 0, 0], [0])",-0.0,-0.9009999999999999,-0.0,-0.0,-0.0,-0.0,-0.9009999999999999,0.5038648648648648,-4.133135135135131,0.10763063063063072
73,"([0.39, 0.26, 0.09, 0.01, 0.23, 0.02], [0])","([1, 0, 0, 0, 0, 0], [0])",-0.0,-0.0,-0.0,-0.0,-0.0,-0.0,0.0,0.5038648648648648,-4.636999999999996,0.10763063063063072
74,"([0.39, 0.26, 0.09, 0.01, 0.23, 0.02], [4])","([1, 0, 0, 0, 0, 0], [0])",-0.0,-0.0,-0.0,-0.0,-0.7290000000000001,-0.0,-0.7290000000000001,0.5038648648648648,-4.411864864864861,0.10763063063063072
75,"([0.39, 0.26, 0.09, 0.01, 0.23, 0.02], [4])","([1, 0, 0, 0, 0, 0], [0])",-0.0,-0.0,-0.0,-0.0,-0.7290000000000001,-0.0,-0.7290000000000001,0.5038648648648648,-4.186729729729726,0.10763063063063072
76,"([0.39, 0.26, 0.09, 0.01, 0.23, 0.02], [2])","([1, 0, 0, 0, 0, 0], [0])",-0.0,-0.0,-0.784,-0.0,-0.0,-0.0,-0.784,0.5038648648648648,-3.906594594594591,0.10763063063063072
77,"([0.39, 0.26, 0.09, 0.01, 0.23, 0.02], [0])","([1, 0, 0, 0, 0, 0], [0])",-0.0,-0.0,-0.0,-0.0,-0.0,-0.0,0.0,0.5038648648648648,-4.410459459459456,0.10763063063063072
78,"([0.39, 0.26, 0.09, 0.01, 0.23, 0.02], [1])","([1, 0, 0, 0, 0, 0], [0])",-0.0,-0.9009999999999999,-0.0,-0.0,-0.0,-0.0,-0.9009999999999999,0.5038648648648648,-4.013324324324321,0.10763063063063072
79,"([0.39, 0.26, 0.09, 0.01, 0.23, 0.02], [1])","([1, 0, 0, 0, 0, 0], [0])",-0.0,-0.9009999999999999,-0.0,-0.0,-0.0,-0.0,-0.9009999999999999,0.5038648648648648,-3.616189189189186,0.10763063063063072
80,"([0.39, 0.26, 0.09, 0.01, 0.23, 0.02], [4])","([1, 0, 0, 0, 0, 0], [0])",-0.0,-0.0,-0.0,-0.0,-0.7290000000000001,-0.0,-0.7290000000000001,0.5038648648648648,-3.3910540540540506,0.10763063063063072
81,"([0.39, 0.26, 0.09, 0.01, 0.23, 0.02], [1])","([1, 0, 0, 0, 0, 0], [0])",-0.0,-0.9009999999999999,-0.0,-0.0,-0.0,-0.0,-0.9009999999999999,0.5038648648648648,-2.9939189189189155,0.10763063063063072
82,"([0.39, 0.26, 0.09, 0.01, 0.23, 0.02], [4])","([1, 0, 0, 0, 0, 0], [0])",-0.0,-0.0,-0.0,-0.0,-0.7290000000000001,-0.0,-0.7290000000000001,0.5038648648648648,-2.76878378378378,0.10763063063063072
83,"([0.39, 0.26, 0.09, 0.01, 0.23, 0.02], [0])","([1, 0, 0, 0, 0, 0], [0])",-0.0,-0.0,-0.0,-0.0,-0.0,-0.0,0.0,0.5038648648648648,-3.272648648648645,0.10763063063063072
84,"([0.39, 0.26, 0.09, 0.01, 0.23, 0.02], [4])","([1, 0, 0, 0, 0, 0], [0])",-0.0,-0.0,-0.0,-0.0,-0.7290000000000001,-0.0,-0.7290000000000001,0.5038648648648648,-3.0475135135135094,0.10763063063063072
85,"([0.39, 0.26, 0.09, 0.01, 0.23, 0.02], [0])","([1, 0, 0, 0, 0, 0], [0])",-0.0,-0.0,-0.0,-0.0,-0.0,-0.0,0.0,0.5038648648648648,-3.551378378378374,0.10763063063063072
86,"([0.39, 0.26, 0.09, 0.01, 0.23, 0.02], [0])","([1, 0, 0, 0, 0, 0], [0])",-0.0,-0.0,-0.0,-0.0,-0.0,-0.0,0.0,0.5038648648648648,-4.055243243243239,0.10763063063063072
87,"([0.39, 0.26, 0.09, 0.01, 0.23, 0.02], [4])","([1, 0, 0, 0, 0, 0], [0])",-0.0,-0.0,-0.0,-0.0,-0.7290000000000001,-0.0,-0.7290000000000001,0.5038648648648648,-3.8301081081081034,0.10763063063063072
88,"([0.39, 0.26, 0.09, 0.01, 0.23, 0.02], [0])","([1, 0, 0, 0, 0, 0], [0])",-0.0,-0.0,-0.0,-0.0,-0.0,-0.0,0.0,0.5038648648648648,-4.333972972972968,0.10763063063063072
89,"([0.39, 0.26, 0.09, 0.01, 0.23, 0.02], [5])","([1, 0, 0, 0, 0, 0], [0])",-0.0,-0.0,-0.0,-0.0,-0.0,-0.935,-0.935,0.5038648648648648,-3.902837837837833,0.10763063063063072
90,"([0.39, 0.26, 0.09, 0.01, 0.23, 0.02], [1])","([1, 0, 0, 0, 0, 0], [0])",-0.0,-0.9009999999999999,-0.0,-0.0,-0.0,-0.0,-0.9009999999999999,0.5038648648648648,-3.5057027027026977,0.10763063063063072
91,"([0.39, 0.26, 0.09, 0.01, 0.23, 0.02], [1])","([1, 0, 0, 0, 0, 0], [0])",-0.0,-0.9009999999999999,-0.0,-0.0,-0.0,-0.0,-0.9009999999999999,0.5038648648648648,-3.1085675675675626,0.10763063063063072
92,"([0.39, 0.26, 0.09, 0.01, 0.23, 0.02], [2])","([1, 0, 0, 0, 0, 0], [0])",-0.0,-0.0,-0.784,-0.0,-0.0,-0.0,-0.784,0.5038648648648648,-2.8284324324324275,0.10763063063063072
93,"([0.39, 0.26, 0.09, 0.01, 0.23, 0.02], [1])","([1, 0, 0, 0, 0, 0], [0])",-0.0,-0.9009999999999999,-0.0,-0.0,-0.0,-0.0,-0.9009999999999999,0.5038648648648648,-2.4312972972972924,0.10763063063063072
94,"([0.39, 0.26, 0.09, 0.01, 0.23, 0.02], [5])","([1, 0, 0, 0, 0, 0], [0])",-0.0,-0.0,-0.0,-0.0,-0.0,-0.935,-0.935,0.5038648648648648,-2.000162162162157,0.10763063063063072
95,"([0.39, 0.26, 0.09, 0.01, 0.23, 0.02], [2])","([1, 0, 0, 0, 0, 0], [0])",-0.0,-0.0,-0.784,-0.0,-0.0,-0.0,-0.784,0.5038648648648648,-1.720027027027022,0.10763063063063072
96,"([0.39, 0.26, 0.09, 0.01, 0.23, 0.02], [0])","([1, 0, 0, 0, 0, 0], [0])",-0.0,-0.0,-0.0,-0.0,-0.0,-0.0,0.0,0.5038648648648648,-2.2238918918918866,0.10763063063063072
97,"([0.39, 0.26, 0.09, 0.01, 0.23, 0.02], [2])","([1, 0, 0, 0, 0, 0], [0])",-0.0,-0.0,-0.784,-0.0,-0.0,-0.0,-0.784,0.5038648648648648,-1.9437567567567515,0.10763063063063072
98,"([0.39, 0.26, 0.09, 0.01, 0.23, 0.02], [1])","([1, 0, 0, 0, 0, 0], [0])",-0.0,-0.9009999999999999,-0.0,-0.0,-0.0,-0.0,-0.9009999999999999,0.5038648648648648,-1.5466216216216164,0.10763063063063072
99,"([0.39, 0.26, 0.09, 0.01, 0.23, 0.02], [2])","([1, 0, 0, 0, 0, 0], [0])",-0.0,-0.0,-0.784,-0.0,-0.0,-0.0,-0.784,0.5038648648648648,-1.2664864864864813,0.10763063063063072
100,"([0.39, 0.26, 0.09, 0.01, 0.23, 0.02], [1])","([1, 0, 0, 0, 0, 0], [0])",-0.0,-0.9009999999999999,-0.0,-0.0,-0.0,-0.0,-0.9009999999999999,0.5038648648648648,-0.8693513513513462,0.10763063063063072
101,"([0.39, 0.26, 0.09, 0.01, 0.23, 0.02], [2])","([1, 0, 0, 0, 0, 0], [0])",-0.0,-0.0,-0.784,-0.0,-0.0,-0.0,-0.784,0.5038648648648648,-0.589216216216211,0.10763063063063072
102,"([0.39, 0.26, 0.09, 0.01, 0.23, 0.02], [0])","([1, 0, 0, 0, 0, 0], [0])",-0.0,-0.0,-0.0,-0.0,-0.0,-0.0,0.0,0.5038648648648648,-1.0930810810810758,0.10763063063063072
103,"([0.39, 0.26, 0.09, 0.01, 0.23, 0.02], [2])","([1, 0, 0, 0, 0, 0], [0])",-0.0,-0.0,-0.784,-0.0,-0.0,-0.0,-0.784,0.5038648648648648,-0.8129459459459406,0.10763063063063072
104,"([0.39, 0.26, 0.09, 0.01, 0.23, 0.02], [1])","([1, 0, 0, 0, 0, 0], [0])",-0.0,-0.9009999999999999,-0.0,-0.0,-0.0,-0.0,-0.9009999999999999,0.5038648648648648,-0.4158108108108055,0.10763063063063072
105,"([0.39, 0.26, 0.09, 0.01, 0.23, 0.02], [0])","([1, 0, 0, 0, 0, 0], [0])",-0.0,-0.0,-0.0,-0.0,-0.0,-0.0,0.0,0.5038648648648648,-0.9196756756756703,0.10763063063063072
106,"([0.39, 0.26, 0.09, 0.01, 0.23, 0.02], [1])","([1, 0, 0, 0, 0, 0], [0])",-0.0,-0.9009999999999999,-0.0,-0.0,-0.0,-0.0,-0.9009999999999999,0.5038648648648648,-0.5225405405405352,0.10763063063063072
107,"([0.39, 0.26, 0.09, 0.01, 0.23, 0.02], [0])","([1, 0, 0, 0, 0, 0], [0])",-0.0,-0.0,-0.0,-0.0,-0.0,-0.0,0.0,0.5038648648648648,-1.0264054054054,0.10763063063063072
108,"([0.39, 0.26, 0.09, 0.01, 0.23, 0.02], [4])","([1, 0, 0, 0, 0, 0], [0])",-0.0,-0.0,-0.0,-0.0,-0.7290000000000001,-0.0,-0.7290000000000001,0.5038648648648648,-0.8012702702702647,0.10763063063063072
109,"([0.39, 0.26, 0.09, 0.01, 0.23, 0.02], [0])","([1, 0, 0, 0, 0, 0], [0])",-0.0,-0.0,-0.0,-0.0,-0.0,-0.0,0.0,0.5038648648648648,-1.3051351351351295,0.10763063063063072
110,"([0.39, 0.26, 0.09, 0.01, 0.23, 0.02], [4])","([1, 0, 0, 0, 0, 0], [0])",-0.0,-0.0,-0.0,-0.0,-0.7290000000000001,-0.0,-0.7290000000000001,0.5038648648648648,-1.0799999999999943,0.10763063063063072
111,"([0.39, 0.26, 0.09, 0.01, 0.23, 0.02], [4])","([1, 0, 0, 0, 0, 0], [0])",-0.0,-0.0,-0.0,-0.0,-0.7290000000000001,-0.0,-0.7290000000000001,0.5038648648648648,-0.854864864864859,0.10763063063063072
112,"([0.39, 0.26, 0.09, 0.01, 0.23, 0.02], [0])","([1, 0, 0, 0, 0, 0], [0])",-0.0,-0.0,-0.0,-0.0,-0.0,-0.0,0.0,0.5038648648648648,-1.3587297297297238,0.10763063063063072
113,"([0.39, 0.26, 0.09, 0.01, 0.23, 0.02], [4])","([1, 0, 0, 0, 0, 0], [0])",-0.0,-0.0,-0.0,-0.0,-0.7290000000000001,-0.0,-0.7290000000000001,0.5038648648648648,-1.1335945945945887,0.10763063063063072
114,"([0.39, 0.26, 0.09, 0.01, 0.23, 0.02], [4])","([1, 0, 0, 0, 0, 0], [0])",-0.0,-0.0,-0.0,-0.0,-0.7290000000000001,-0.0,-0.7290000000000001,0.5038648648648648,-0.9084594594594534,0.10763063063063072
115,"([0.39, 0.26, 0.09, 0.01, 0.23, 0.02], [4])","([1, 0, 0, 0, 0, 0], [0])",-0.0,-0.0,-0.0,-0.0,-0.7290000000000001,-0.0,-0.7290000000000001,0.5038648648648648,-0.6833243243243181,0.10763063063063072
116,"([0.39, 0.26, 0.09, 0.01, 0.23, 0.02], [0])","([1, 0, 0, 0, 0, 0], [0])",-0.0,-0.0,-0.0,-0.0,-0.0,-0.0,0.0,0.5038648648648648,-1.187189189189183,0.10763063063063072
117,"([0.39, 0.26, 0.09, 0.01, 0.23, 0.02], [0])","([1, 0, 0, 0, 0, 0], [0])",-0.0,-0.0,-0.0,-0.0,-0.0,-0.0,0.0,0.5038648648648648,-1.6910540540540477,0.10763063063063072
118,"([0.39, 0.26, 0.09, 0.01, 0.23, 0.02], [1])","([1, 0, 0, 0, 0, 0], [0])",-0.0,-0.9009999999999999,-0.0,-0.0,-0.0,-0.0,-0.9009999999999999,0.5038648648648648,-1.2939189189189126,0.10763063063063072
119,"([0.39, 0.26, 0.09, 0.01, 0.23, 0.02], [1])","([1, 0, 0, 0, 0, 0], [0])",-0.0,-0.9009999999999999,-0.0,-0.0,-0.0,-0.0,-0.9009999999999999,0.5038648648648648,-0.8967837837837775,0.10763063063063072
120,"([0.39, 0.26, 0.09, 0.01, 0.23, 0.02], [1])","([1, 0, 0, 0, 0, 0], [0])",-0.0,-0.9009999999999999,-0.0,-0.0,-0.0,-0.0,-0.9009999999999999,0.5038648648648648,-0.49964864864864245,0.10763063063063072
121,"([0.39, 0.26, 0.09, 0.01, 0.23, 0.02], [4])","([1, 0, 0, 0, 0, 0], [0])",-0.0,-0.0,-0.0,-0.0,-0.7290000000000001,-0.0,-0.7290000000000001,0.5038648648648648,-0.27451351351350717,0.10763063063063072
122,"([0.39, 0.26, 0.09, 0.01, 0.23, 0.02], [2])","([1, 0, 0, 0, 0, 0], [0])",-0.0,-0.0,-0.784,-0.0,-0.0,-0.0,-0.784,0.5038648648648648,0.005621621621628048,0.10763063063063072
123,"([0.39, 0.26, 0.09, 0.01, 0.23, 0.02], [2])","([1, 0, 0, 0, 0, 0], [0])",-0.0,-0.0,-0.784,-0.0,-0.0,-0.0,-0.784,0.5038648648648648,0.28575675675676326,0.10763063063063072
124,"([0.39, 0.26, 0.09, 0.01, 0.23, 0.02], [1])","([1, 0, 0, 0, 0, 0], [0])",-0.0,-0.9009999999999999,-0.0,-0.0,-0.0,-0.0,-0.9009999999999999,0.5038648648648648,0.6828918918918984,0.10763063063063072
125,"([0.39, 0.26, 0.09, 0.01, 0.23, 0.02], [1])","([1, 0, 0, 0, 0, 0], [0])",-0.0,-0.9009999999999999,-0.0,-0.0,-0.0,-0.0,-0.9009999999999999,0.5038648648648648,1.0800270270270333,0.10763063063063072
126,"([0.39, 0.26, 0.09, 0.01, 0.23, 0.02], [1])","([1, 0, 0, 0, 0, 0], [0])",-0.0,-0.9009999999999999,-0.0,-0.0,-0.0,-0.0,-0.9009999999999999,0.5038648648648648,1.4771621621621684,0.10763063063063072
127,"([0.39, 0.26, 0.09, 0.01, 0.23, 0.02], [0])","([1, 0, 0, 0, 0, 0], [0])",-0.0,-0.0,-0.0,-0.0,-0.0,-0.0,0.0,0.5038648648648648,0.9732972972973036,0.10763063063063072
128,"([0.39, 0.26, 0.09, 0.01, 0.23, 0.02], [4])","([1, 0, 0, 0, 0, 0], [0])",-0.0,-0.0,-0.0,-0.0,-0.7290000000000001,-0.0,-0.7290000000000001,0.5038648648648648,1.198432432432439,0.10763063063063072
129,"([0.39, 0.26, 0.09, 0.01, 0.23, 0.02], [0])","([1, 0, 0, 0, 0, 0], [0])",-0.0,-0.0,-0.0,-0.0,-0.0,-0.0,0.0,0.5038648648648648,0.6945675675675741,0.10763063063063072
130,"([0.39, 0.26, 0.09, 0.01, 0.23, 0.02], [4])","([1, 0, 0, 0, 0, 0], [0])",-0.0,-0.0,-0.0,-0.0,-0.7290000000000001,-0.0,-0.7290000000000001,0.5038648648648648,0.9197027027027094,0.10763063063063072
131,"([0.39, 0.26, 0.09, 0.01, 0.23, 0.02], [4])","([1, 0, 0, 0, 0, 0], [0])",-0.0,-0.0,-0.0,-0.0,-0.7290000000000001,-0.0,-0.7290000000000001,0.5038648648648648,1.1448378378378448,0.10763063063063072
132,"([0.39, 0.26, 0.09, 0.01, 0.23, 0.02], [1])","([1, 0, 0, 0, 0, 0], [0])",-0.0,-0.9009999999999999,-0.0,-0.0,-0.0,-0.0,-0.9009999999999999,0.5038648648648648,1.5419729729729799,0.10763063063063072
133,"([0.39, 0.26, 0.09, 0.01, 0.23, 0.02], [1])","([1, 0, 0, 0, 0, 0], [0])",-0.0,-0.9009999999999999,-0.0,-0.0,-0.0,-0.0,-0.9009999999999999,0.5038648648648648,1.939108108108115,0.10763063063063072
134,"([0.39, 0.26, 0.09, 0.01, 0.23, 0.02], [2])","([1, 0, 0, 0, 0, 0], [0])",-0.0,-0.0,-0.784,-0.0,-0.0,-0.0,-0.784,0.5038648648648648,2.21924324324325,0.10763063063063072
135,"([0.39, 0.26, 0.09, 0.01, 0.23, 0.02], [0])","([1, 0, 0, 0, 0, 0], [0])",-0.0,-0.0,-0.0,-0.0,-0.0,-0.0,0.0,0.5038648648648648,1.7153783783783854,0.10763063063063072
136,"([0.39, 0.26, 0.09, 0.01, 0.23, 0.02], [1])","([1, 0, 0, 0, 0, 0], [0])",-0.0,-0.9009999999999999,-0.0,-0.0,-0.0,-0.0,-0.9009999999999999,0.5038648648648648,2.1125135135135205,0.10763063063063072
137,"([0.39, 0.26, 0.09, 0.01, 0.23, 0.02], [1])","([1, 0, 0, 0, 0, 0], [0])",-0.0,-0.9009999999999999,-0.0,-0.0,-0.0,-0.0,-0.9009999999999999,0.5038648648648648,2.5096486486486556,0.10763063063063072
138,"([0.39, 0.26, 0.09, 0.01, 0.23, 0.02], [2])","([1, 0, 0, 0, 0, 0], [0])",-0.0,-0.0,-0.784,-0.0,-0.0,-0.0,-0.784,0.5038648648648648,2.7897837837837907,0.10763063063063072
139,"([0.39, 0.26, 0.09, 0.01, 0.23, 0.02], [0])","([1, 0, 0, 0, 0, 0], [0])",-0.0,-0.0,-0.0,-0.0,-0.0,-0.0,0.0,0.5038648648648648,2.285918918918926,0.10763063063063072
140,"([0.39, 0.26, 0.09, 0.01, 0.23, 0.02], [0])","([1, 0, 0, 0, 0, 0], [0])",-0.0,-0.0,-0.0,-0.0,-0.0,-0.0,0.0,0.5038648648648648,1.7820540540540613,0.10763063063063072
141,"([0.39, 0.26, 0.09, 0.01, 0.23, 0.02], [0])","([1, 0, 0, 0, 0, 0], [0])",-0.0,-0.0,-0.0,-0.0,-0.0,-0.0,0.0,0.5038648648648648,1.2781891891891966,0.10763063063063072
142,"([0.39, 0.26, 0.09, 0.01, 0.23, 0.02], [0])","([1, 0, 0, 0, 0, 0], [0])",-0.0,-0.0,-0.0,-0.0,-0.0,-0.0,0.0,0.5038648648648648,0.7743243243243317,0.10763063063063072
143,"([0.39, 0.26, 0.09, 0.01, 0.23, 0.02], [4])","([1, 0, 0, 0, 0, 0], [0])",-0.0,-0.0,-0.0,-0.0,-0.7290000000000001,-0.0,-0.7290000000000001,0.5038648648648648,0.999459459459467,0.10763063063063072
144,"([0.39, 0.26, 0.09, 0.01, 0.23, 0.02], [0])","([1, 0, 0, 0, 0, 0], [0])",-0.0,-0.0,-0.0,-0.0,-0.0,-0.0,0.0,0.5038648648648648,0.4955945945946022,0.10763063063063072
145,"([0.39, 0.26, 0.09, 0.01, 0.23, 0.02], [1])","([1, 0, 0, 0, 0, 0], [0])",-0.0,-0.9009999999999999,-0.0,-0.0,-0.0,-0.0,-0.9009999999999999,0.5038648648648648,0.8927297297297373,0.10763063063063072
146,"([0.39, 0.26, 0.09, 0.01, 0.23, 0.02], [5])","([1, 0, 0, 0, 0, 0], [0])",-0.0,-0.0,-0.0,-0.0,-0.0,-0.935,-0.935,0.5038648648648648,1.3238648648648725,0.10763063063063072
147,"([0.39, 0.26, 0.09, 0.01, 0.23, 0.02], [1])","([1, 0, 0, 0, 0, 0], [0])",-0.0,-0.9009999999999999,-0.0,-0.0,-0.0,-0.0,-0.9009999999999999,0.5038648648648648,1.7210000000000076,0.10763063063063072
148,"([0.39, 0.26, 0.09, 0.01, 0.23, 0.02], [0])","([1, 0, 0, 0, 0, 0], [0])",-0.0,-0.0,-0.0,-0.0,-0.0,-0.0,0.0,0.5038648648648648,1.217135135135143,0.10763063063063072
149,"([0.39, 0.26, 0.09, 0.01, 0.23, 0.02], [0])","([1, 0, 0, 0, 0, 0], [0])",-0.0,-0.0,-0.0,-0.0,-0.0,-0.0,0.0,0.5038648648648648,0.7132702702702781,0.10763063063063072
150,"([0.39, 0.26, 0.09, 0.01, 0.23, 0.02], [0])","([1, 0, 0, 0, 0, 0], [0])",-0.0,-0.0,-0.0,-0.0,-0.0,-0.0,0.0,0.5038648648648648,0.2094054054054133,0.10763063063063072
151,"([0.39, 0.26, 0.09, 0.01, 0.23, 0.02], [4])","([1, 0, 0, 0, 0, 0], [0])",-0.0,-0.0,-0.0,-0.0,-0.7290000000000001,-0.0,-0.7290000000000001,0.5038648648648648,0.4345405405405486,0.10763063063063072
152,"([0.39, 0.26, 0.09, 0.01, 0.23, 0.02], [1])","([1, 0, 0, 0, 0, 0], [0])",-0.0,-0.9009999999999999,-0.0,-0.0,-0.0,-0.0,-0.9009999999999999,0.5038648648648648,0.8316756756756837,0.10763063063063072
153,"([0.39, 0.26, 0.09, 0.01, 0.23, 0.02], [0])","([1, 0, 0, 0, 0, 0], [0])",-0.0,-0.0,-0.0,-0.0,-0.0,-0.0,0.0,0.5038648648648648,0.32781081081081886,0.10763063063063072
154,"([0.39, 0.26, 0.09, 0.01, 0.23, 0.02], [1])","([1, 0, 0, 0, 0, 0], [0])",-0.0,-0.9009999999999999,-0.0,-0.0,-0.0,-0.0,-0.9009999999999999,0.5038648648648648,0.724945945945954,0.10763063063063072
155,"([0.39, 0.26, 0.09, 0.01, 0.23, 0.02], [0])","([1, 0, 0, 0, 0, 0], [0])",-0.0,-0.0,-0.0,-0.0,-0.0,-0.0,0.0,0.5038648648648648,0.22108108108108915,0.10763063063063072
156,"([0.39, 0.26, 0.09, 0.01, 0.23, 0.02], [4])","([1, 0, 0, 0, 0, 0], [0])",-0.0,-0.0,-0.0,-0.0,-0.7290000000000001,-0.0,-0.7290000000000001,0.5038648648648648,0.4462162162162244,0.10763063063063072
157,"([0.39, 0.26, 0.09, 0.01, 0.23, 0.02], [0])","([1, 0, 0, 0, 0, 0], [0])",-0.0,-0.0,-0.0,-0.0,-0.0,-0.0,0.0,0.5038648648648648,-0.05764864864864039,0.10763063063063072
158,"([0.39, 0.26, 0.09, 0.01, 0.23, 0.02], [2])","([1, 0, 0, 0, 0, 0], [0])",-0.0,-0.0,-0.784,-0.0,-0.0,-0.0,-0.784,0.5038648648648648,0.22248648648649483,0.10763063063063072
159,"([0.39, 0.26, 0.09, 0.01, 0.23, 0.02], [4])","([1, 0, 0, 0, 0, 0], [0])",-0.0,-0.0,-0.0,-0.0,-0.7290000000000001,-0.0,-0.7290000000000001,0.5038648648648648,0.4476216216216301,0.10763063063063072
160,"([0.39, 0.26, 0.09, 0.01, 0.23, 0.02], [0])","([1, 0, 0, 0, 0, 0], [0])",-0.0,-0.0,-0.0,-0.0,-0.0,-0.0,0.0,0.5038648648648648,-0.05624324324323471,0.10763063063063072
161,"([0.39, 0.26, 0.09, 0.01, 0.23, 0.02], [1])","([1, 0, 0, 0, 0, 0], [0])",-0.0,-0.9009999999999999,-0.0,-0.0,-0.0,-0.0,-0.9009999999999999,0.5038648648648648,0.3408918918919004,0.10763063063063072
162,"([0.39, 0.26, 0.09, 0.01, 0.23, 0.02], [0])","([1, 0, 0, 0, 0, 0], [0])",-0.0,-0.0,-0.0,-0.0,-0.0,-0.0,0.0,0.5038648648648648,-0.16297297297296442,0.10763063063063072
163,"([0.39, 0.26, 0.09, 0.01, 0.23, 0.02], [1])","([1, 0, 0, 0, 0, 0], [0])",-0.0,-0.9009999999999999,-0.0,-0.0,-0.0,-0.0,-0.9009999999999999,0.5038648648648648,0.23416216216217067,0.10763063063063072
164,"([0.39, 0.26, 0.09, 0.01, 0.23, 0.02], [0])","([1, 0, 0, 0, 0, 0], [0])",-0.0,-0.0,-0.0,-0.0,-0.0,-0.0,0.0,0.5038648648648648,-0.26970270270269414,0.10763063063063072
165,"([0.39, 0.26, 0.09, 0.01, 0.23, 0.02], [0])","([1, 0, 0, 0, 0, 0], [0])",-0.0,-0.0,-0.0,-0.0,-0.0,-0.0,0.0,0.5038648648648648,-0.773567567567559,0.10763063063063072
166,"([0.39, 0.26, 0.09, 0.01, 0.23, 0.02], [1])","([1, 0, 0, 0, 0, 0], [0])",-0.0,-0.9009999999999999,-0.0,-0.0,-0.0,-0.0,-0.9009999999999999,0.5038648648648648,-0.37643243243242386,0.10763063063063072
167,"([0.39, 0.26, 0.09, 0.01, 0.23, 0.02], [1])","([1, 0, 0, 0, 0, 0], [0])",-0.0,-0.9009999999999999,-0.0,-0.0,-0.0,-0.0,-0.9009999999999999,0.5038648648648648,0.02070270270271124,0.10763063063063072
168,"([0.39, 0.26, 0.09, 0.01, 0.23, 0.02], [4])","([1, 0, 0, 0, 0, 0], [0])",-0.0,-0.0,-0.0,-0.0,-0.7290000000000001,-0.0,-0.7290000000000001,0.5038648648648648,0.24583783783784652,0.10763063063063072
169,"([0.39, 0.26, 0.09, 0.01, 0.23, 0.02], [2])","([1, 0, 0, 0, 0, 0], [0])",-0.0,-0.0,-0.784,-0.0,-0.0,-0.0,-0.784,0.5038648648648648,0.5259729729729817,0.10763063063063072
170,"([0.39, 0.26, 0.09, 0.01, 0.23, 0.02], [1])","([1, 0, 0, 0, 0, 0], [0])",-0.0,-0.9009999999999999,-0.0,-0.0,-0.0,-0.0,-0.9009999999999999,0.5038648648648648,0.9231081081081168,0.10763063063063072
171,"([0.39, 0.26, 0.09, 0.01, 0.23, 0.02], [0])","([1, 0, 0, 0, 0, 0], [0])",-0.0,-0.0,-0.0,-0.0,-0.0,-0.0,0.0,0.5038648648648648,0.419243243243252,0.10763063063063072
172,"([0.39, 0.26, 0.09, 0.01, 0.23, 0.02], [1])","([1, 0, 0, 0, 0, 0], [0])",-0.0,-0.9009999999999999,-0.0,-0.0,-0.0,-0.0,-0.9009999999999999,0.5038648648648648,0.8163783783783871,0.10763063063063072
173,"([0.39, 0.26, 0.09, 0.01, 0.23, 0.02], [4])","([1, 0, 0, 0, 0, 0], [0])",-0.0,-0.0,-0.0,-0.0,-0.7290000000000001,-0.0,-0.7290000000000001,0.5038648648648648,1.0415135135135225,0.10763063063063072
174,"([0.39, 0.26, 0.09, 0.01, 0.23, 0.02], [2])","([1, 0, 0, 0, 0, 0], [0])",-0.0,-0.0,-0.784,-0.0,-0.0,-0.0,-0.784,0.5038648648648648,1.3216486486486576,0.10763063063063072
175,"([0.39, 0.26, 0.09, 0.01, 0.23, 0.02], [4])","([1, 0, 0, 0, 0, 0], [0])",-0.0,-0.0,-0.0,-0.0,-0.7290000000000001,-0.0,-0.7290000000000001,0.5038648648648648,1.546783783783793,0.10763063063063072
176,"([0.39, 0.26, 0.09, 0.01, 0.23, 0.02], [4])","([1, 0, 0, 0, 0, 0], [0])",-0.0,-0.0,-0.0,-0.0,-0.7290000000000001,-0.0,-0.7290000000000001,0.5038648648648648,1.7719189189189284,0.10763063063063072
177,"([0.39, 0.26, 0.09, 0.01, 0.23, 0.02], [4])","([1, 0, 0, 0, 0, 0], [0])",-0.0,-0.0,-0.0,-0.0,-0.7290000000000001,-0.0,-0.7290000000000001,0.5038648648648648,1.9970540540540638,0.10763063063063072
178,"([0.39, 0.26, 0.09, 0.01, 0.23, 0.02], [4])","([1, 0, 0, 0, 0, 0], [0])",-0.0,-0.0,-0.0,-0.0,-0.7290000000000001,-0.0,-0.7290000000000001,0.5038648648648648,2.222189189189199,0.10763063063063072
179,"([0.39, 0.26, 0.09, 0.01, 0.23, 0.02], [1])","([1, 0, 0, 0, 0, 0], [0])",-0.0,-0.9009999999999999,-0.0,-0.0,-0.0,-0.0,-0.9009999999999999,0.5038648648648648,2.6193243243243343,0.10763063063063072
180,"([0.39, 0.26, 0.09, 0.01, 0.23, 0.02], [0])","([1, 0, 0, 0, 0, 0], [0])",-0.0,-0.0,-0.0,-0.0,-0.0,-0.0,0.0,0.5038648648648648,2.1154594594594696,0.10763063063063072
181,"([0.39, 0.26, 0.09, 0.01, 0.23, 0.02], [4])","([1, 0, 0, 0, 0, 0], [0])",-0.0,-0.0,-0.0,-0.0,-0.7290000000000001,-0.0,-0.7290000000000001,0.5038648648648648,2.340594594594605,0.10763063063063072
182,"([0.39, 0.26, 0.09, 0.01, 0.23, 0.02], [1])","([1, 0, 0, 0, 0, 0], [0])",-0.0,-0.9009999999999999,-0.0,-0.0,-0.0,-0.0,-0.9009999999999999,0.5038648648648648,2.73772972972974,0.10763063063063072
183,"([0.39, 0.26, 0.09, 0.01, 0.23, 0.02], [0])","([1, 0, 0, 0, 0, 0], [0])",-0.0,-0.0,-0.0,-0.0,-0.0,-0.0,0.0,0.5038648648648648,2.2338648648648753,0.10763063063063072
184,"([0.39, 0.26, 0.09, 0.01, 0.23, 0.02], [0])","([1, 0, 0, 0, 0, 0], [0])",-0.0,-0.0,-0.0,-0.0,-0.0,-0.0,0.0,0.5038648648648648,1.7300000000000106,0.10763063063063072
185,"([0.39, 0.26, 0.09, 0.01, 0.23, 0.02], [0])","([1, 0, 0, 0, 0, 0], [0])",-0.0,-0.0,-0.0,-0.0,-0.0,-0.0,0.0,0.5038648648648648,1.226135135135146,0.10763063063063072
186,"([0.39, 0.26, 0.09, 0.01, 0.23, 0.02], [0])","([1, 0, 0, 0, 0, 0], [0])",-0.0,-0.0,-0.0,-0.0,-0.0,-0.0,0.0,0.5038648648648648,0.7222702702702811,0.10763063063063072
187,"([0.39, 0.26, 0.09, 0.01, 0.23, 0.02], [0])","([1, 0, 0, 0, 0, 0], [0])",-0.0,-0.0,-0.0,-0.0,-0.0,-0.0,0.0,0.5038648648648648,0.2184054054054163,0.10763063063063072
188,"([0.39, 0.26, 0.09, 0.01, 0.23, 0.02], [2])","([1, 0, 0, 0, 0, 0], [0])",-0.0,-0.0,-0.784,-0.0,-0.0,-0.0,-0.784,0.5038648648648648,0.4985405405405515,0.10763063063063072
189,"([0.39, 0.26, 0.09, 0.01, 0.23, 0.02], [5])","([1, 0, 0, 0, 0, 0], [0])",-0.0,-0.0,-0.0,-0.0,-0.0,-0.935,-0.935,0.5038648648648648,0.9296756756756868,0.10763063063063072
190,"([0.39, 0.26, 0.09, 0.01, 0.23, 0.02], [4])","([1, 0, 0, 0, 0, 0], [0])",-0.0,-0.0,-0.0,-0.0,-0.7290000000000001,-0.0,-0.7290000000000001,0.5038648648648648,1.154810810810822,0.10763063063063072
191,"([0.39, 0.26, 0.09, 0.01, 0.23, 0.02], [2])","([1, 0, 0, 0, 0, 0], [0])",-0.0,-0.0,-0.784,-0.0,-0.0,-0.0,-0.784,0.5038648648648648,1.434945945945957,0.10763063063063072
192,"([0.39, 0.26, 0.09, 0.01, 0.23, 0.02], [0])","([1, 0, 0, 0, 0, 0], [0])",-0.0,-0.0,-0.0,-0.0,-0.0,-0.0,0.0,0.5038648648648648,0.9310810810810922,0.10763063063063072
193,"([0.39, 0.26, 0.09, 0.01, 0.23, 0.02], [0])","([1, 0, 0, 0, 0, 0], [0])",-0.0,-0.0,-0.0,-0.0,-0.0,-0.0,0.0,0.5038648648648648,0.4272162162162274,0.10763063063063072
194,"([0.39, 0.26, 0.09, 0.01, 0.23, 0.02], [0])","([1, 0, 0, 0, 0, 0], [0])",-0.0,-0.0,-0.0,-0.0,-0.0,-0.0,0.0,0.5038648648648648,-0.07664864864863741,0.10763063063063072
195,"([0.39, 0.26, 0.09, 0.01, 0.23, 0.02], [4])","([1, 0, 0, 0, 0, 0], [0])",-0.0,-0.0,-0.0,-0.0,-0.7290000000000001,-0.0,-0.7290000000000001,0.5038648648648648,0.14848648648649787,0.10763063063063072
196,"([0.39, 0.26, 0.09, 0.01, 0.23, 0.02], [5])","([1, 0, 0, 0, 0, 0], [0])",-0.0,-0.0,-0.0,-0.0,-0.0,-0.935,-0.935,0.5038648648648648,0.5796216216216331,0.10763063063063072
197,"([0.39, 0.26, 0.09, 0.01, 0.23, 0.02], [2])","([1, 0, 0, 0, 0, 0], [0])",-0.0,-0.0,-0.784,-0.0,-0.0,-0.0,-0.784,0.5038648648648648,0.8597567567567683,0.10763063063063072
198,"([0.39, 0.26, 0.09, 0.01, 0.23, 0.02], [2])","([1, 0, 0, 0, 0, 0], [0])",-0.0,-0.0,-0.784,-0.0,-0.0,-0.0,-0.784,0.5038648648648648,1.1398918918919034,0.10763063063063072
199,"([0.39, 0.26, 0.09, 0.01, 0.23, 0.02], [0])","([1, 0, 0, 0, 0, 0], [0])",-0.0,-0.0,-0.0,-0.0,-0.0,-0.0,0.0,0.5038648648648648,0.6360270270270386,0.10763063063063072
