,sto-1,FB-0,feedback target 0,feedback target 1,feedback target 2,feedback target 3,feedback target 4,feedback target 5,total,exp_loss,actual_regret,exp_regret
0,"([0.39, 0.26, 0.09, 0.01, 0.23, 0.02], [1])","([0, 0, 0, 0, 0, 1], [5])",-0.0,-0.9009999999999999,-0.0,-0.0,-0.0,-0.0,-0.9009999999999999,0.7554114114114115,0.3971351351351351,0.25154654654654673
1,"([0.39, 0.26, 0.09, 0.01, 0.23, 0.02], [2])","([0, 1, 0, 0, 0, 0], [1])",-0.0,-0.0,-0.784,-0.0,-0.0,-0.0,-0.784,0.5478888888888889,0.6772702702702703,0.2955705705705708
2,"([0.39, 0.26, 0.09, 0.01, 0.23, 0.02], [0])","([0, 1, 0, 0, 0, 0], [1])",-0.711,-0.0,-0.0,-0.0,-0.0,-0.0,-0.711,0.5478888888888889,0.8844054054054055,0.33959459459459485
3,"([0.39, 0.26, 0.09, 0.01, 0.23, 0.02], [1])","([0, 1, 0, 0, 0, 0], [1])",-0.0,-0.0,-0.0,-0.0,-0.0,-0.0,0.0,0.5478888888888889,0.38054054054054065,0.3836186186186189
4,"([0.39, 0.26, 0.09, 0.01, 0.23, 0.02], [1])","([0, 1, 0, 0, 0, 0], [1])",-0.0,-0.0,-0.0,-0.0,-0.0,-0.0,0.0,0.5478888888888889,-0.12332432432432416,0.42764264264264296
5,"([0.39, 0.26, 0.09, 0.01, 0.23, 0.02], [1])","([0, 1, 0, 0, 0, 0], [1])",-0.0,-0.0,-0.0,-0.0,-0.0,-0.0,0.0,0.5478888888888889,-0.627189189189189,0.471666666666667
6,"([0.39, 0.26, 0.09, 0.01, 0.23, 0.02], [0])","([0, 1, 0, 0, 0, 0], [1])",-0.711,-0.0,-0.0,-0.0,-0.0,-0.0,-0.711,0.5478888888888889,-0.4200540540540538,0.5156906906906911
7,"([0.39, 0.26, 0.09, 0.01, 0.23, 0.02], [0])","([0, 1, 0, 0, 0, 0], [1])",-0.711,-0.0,-0.0,-0.0,-0.0,-0.0,-0.711,0.5478888888888889,-0.21291891891891868,0.5597147147147151
8,"([0.39, 0.26, 0.09, 0.01, 0.23, 0.02], [2])","([1, 0, 0, 0, 0, 0], [0])",-0.0,-0.0,-0.784,-0.0,-0.0,-0.0,-0.784,0.5038648648648648,0.06721621621621654,0.5597147147147151
9,"([0.39, 0.26, 0.09, 0.01, 0.23, 0.02], [1])","([1, 0, 0, 0, 0, 0], [0])",-0.0,-0.9009999999999999,-0.0,-0.0,-0.0,-0.0,-0.9009999999999999,0.5038648648648648,0.46435135135135164,0.5597147147147151
10,"([0.39, 0.26, 0.09, 0.01, 0.23, 0.02], [1])","([0, 1, 0, 0, 0, 0], [1])",-0.0,-0.0,-0.0,-0.0,-0.0,-0.0,0.0,0.5478888888888889,-0.03951351351351318,0.6037387387387392
11,"([0.39, 0.26, 0.09, 0.01, 0.23, 0.02], [4])","([0, 1, 0, 0, 0, 0], [1])",-0.0,-0.0,-0.0,-0.0,-0.7290000000000001,-0.0,-0.7290000000000001,0.5478888888888889,0.1856216216216221,0.6477627627627632
12,"([0.39, 0.26, 0.09, 0.01, 0.23, 0.02], [0])","([0, 1, 0, 0, 0, 0], [1])",-0.711,-0.0,-0.0,-0.0,-0.0,-0.0,-0.711,0.5478888888888889,0.39275675675675725,0.6917867867867873
13,"([0.39, 0.26, 0.09, 0.01, 0.23, 0.02], [1])","([1, 0, 0, 0, 0, 0], [0])",-0.0,-0.9009999999999999,-0.0,-0.0,-0.0,-0.0,-0.9009999999999999,0.5038648648648648,0.7898918918918924,0.6917867867867873
14,"([0.39, 0.26, 0.09, 0.01, 0.23, 0.02], [1])","([1, 0, 0, 0, 0, 0], [0])",-0.0,-0.9009999999999999,-0.0,-0.0,-0.0,-0.0,-0.9009999999999999,0.5038648648648648,1.1870270270270273,0.6917867867867873
15,"([0.39, 0.26, 0.09, 0.01, 0.23, 0.02], [0])","([0, 1, 0, 0, 0, 0], [1])",-0.711,-0.0,-0.0,-0.0,-0.0,-0.0,-0.711,0.5478888888888889,1.3941621621621625,0.7358108108108113
16,"([0.39, 0.26, 0.09, 0.01, 0.23, 0.02], [2])","([1, 0, 0, 0, 0, 0], [0])",-0.0,-0.0,-0.784,-0.0,-0.0,-0.0,-0.784,0.5038648648648648,1.6742972972972976,0.7358108108108113
17,"([0.39, 0.26, 0.09, 0.01, 0.23, 0.02], [4])","([1, 0, 0, 0, 0, 0], [0])",-0.0,-0.0,-0.0,-0.0,-0.7290000000000001,-0.0,-0.7290000000000001,0.5038648648648648,1.899432432432433,0.7358108108108113
18,"([0.39, 0.26, 0.09, 0.01, 0.23, 0.02], [1])","([1, 0, 0, 0, 0, 0], [0])",-0.0,-0.9009999999999999,-0.0,-0.0,-0.0,-0.0,-0.9009999999999999,0.5038648648648648,2.296567567567568,0.7358108108108113
19,"([0.39, 0.26, 0.09, 0.01, 0.23, 0.02], [1])","([1, 0, 0, 0, 0, 0], [0])",-0.0,-0.9009999999999999,-0.0,-0.0,-0.0,-0.0,-0.9009999999999999,0.5038648648648648,2.693702702702703,0.7358108108108113
20,"([0.39, 0.26, 0.09, 0.01, 0.23, 0.02], [0])","([0, 1, 0, 0, 0, 0], [1])",-0.711,-0.0,-0.0,-0.0,-0.0,-0.0,-0.711,0.5478888888888889,2.9008378378378383,0.7798348348348354
21,"([0.39, 0.26, 0.09, 0.01, 0.23, 0.02], [0])","([1, 0, 0, 0, 0, 0], [0])",-0.0,-0.0,-0.0,-0.0,-0.0,-0.0,0.0,0.5038648648648648,2.3969729729729736,0.7798348348348354
22,"([0.39, 0.26, 0.09, 0.01, 0.23, 0.02], [0])","([1, 0, 0, 0, 0, 0], [0])",-0.0,-0.0,-0.0,-0.0,-0.0,-0.0,0.0,0.5038648648648648,1.893108108108109,0.7798348348348354
23,"([0.39, 0.26, 0.09, 0.01, 0.23, 0.02], [1])","([1, 0, 0, 0, 0, 0], [0])",-0.0,-0.9009999999999999,-0.0,-0.0,-0.0,-0.0,-0.9009999999999999,0.5038648648648648,2.290243243243244,0.7798348348348354
24,"([0.39, 0.26, 0.09, 0.01, 0.23, 0.02], [0])","([1, 0, 0, 0, 0, 0], [0])",-0.0,-0.0,-0.0,-0.0,-0.0,-0.0,0.0,0.5038648648648648,1.7863783783783793,0.7798348348348354
25,"([0.39, 0.26, 0.09, 0.01, 0.23, 0.02], [4])","([1, 0, 0, 0, 0, 0], [0])",-0.0,-0.0,-0.0,-0.0,-0.7290000000000001,-0.0,-0.7290000000000001,0.5038648648648648,2.0115135135135147,0.7798348348348354
26,"([0.39, 0.26, 0.09, 0.01, 0.23, 0.02], [0])","([1, 0, 0, 0, 0, 0], [0])",-0.0,-0.0,-0.0,-0.0,-0.0,-0.0,0.0,0.5038648648648648,1.50764864864865,0.7798348348348354
27,"([0.39, 0.26, 0.09, 0.01, 0.23, 0.02], [0])","([1, 0, 0, 0, 0, 0], [0])",-0.0,-0.0,-0.0,-0.0,-0.0,-0.0,0.0,0.5038648648648648,1.0037837837837853,0.7798348348348354
28,"([0.39, 0.26, 0.09, 0.01, 0.23, 0.02], [4])","([1, 0, 0, 0, 0, 0], [0])",-0.0,-0.0,-0.0,-0.0,-0.7290000000000001,-0.0,-0.7290000000000001,0.5038648648648648,1.2289189189189207,0.7798348348348354
29,"([0.39, 0.26, 0.09, 0.01, 0.23, 0.02], [0])","([1, 0, 0, 0, 0, 0], [0])",-0.0,-0.0,-0.0,-0.0,-0.0,-0.0,0.0,0.5038648648648648,0.7250540540540559,0.7798348348348354
30,"([0.39, 0.26, 0.09, 0.01, 0.23, 0.02], [4])","([1, 0, 0, 0, 0, 0], [0])",-0.0,-0.0,-0.0,-0.0,-0.7290000000000001,-0.0,-0.7290000000000001,0.5038648648648648,0.9501891891891912,0.7798348348348354
31,"([0.39, 0.26, 0.09, 0.01, 0.23, 0.02], [2])","([1, 0, 0, 0, 0, 0], [0])",-0.0,-0.0,-0.784,-0.0,-0.0,-0.0,-0.784,0.5038648648648648,1.2303243243243265,0.7798348348348354
32,"([0.39, 0.26, 0.09, 0.01, 0.23, 0.02], [0])","([1, 0, 0, 0, 0, 0], [0])",-0.0,-0.0,-0.0,-0.0,-0.0,-0.0,0.0,0.5038648648648648,0.7264594594594617,0.7798348348348354
33,"([0.39, 0.26, 0.09, 0.01, 0.23, 0.02], [1])","([1, 0, 0, 0, 0, 0], [0])",-0.0,-0.9009999999999999,-0.0,-0.0,-0.0,-0.0,-0.9009999999999999,0.5038648648648648,1.1235945945945969,0.7798348348348354
34,"([0.39, 0.26, 0.09, 0.01, 0.23, 0.02], [1])","([1, 0, 0, 0, 0, 0], [0])",-0.0,-0.9009999999999999,-0.0,-0.0,-0.0,-0.0,-0.9009999999999999,0.5038648648648648,1.520729729729732,0.7798348348348354
35,"([0.39, 0.26, 0.09, 0.01, 0.23, 0.02], [4])","([1, 0, 0, 0, 0, 0], [0])",-0.0,-0.0,-0.0,-0.0,-0.7290000000000001,-0.0,-0.7290000000000001,0.5038648648648648,1.7458648648648674,0.7798348348348354
36,"([0.39, 0.26, 0.09, 0.01, 0.23, 0.02], [4])","([1, 0, 0, 0, 0, 0], [0])",-0.0,-0.0,-0.0,-0.0,-0.7290000000000001,-0.0,-0.7290000000000001,0.5038648648648648,1.9710000000000027,0.7798348348348354
37,"([0.39, 0.26, 0.09, 0.01, 0.23, 0.02], [1])","([1, 0, 0, 0, 0, 0], [0])",-0.0,-0.9009999999999999,-0.0,-0.0,-0.0,-0.0,-0.9009999999999999,0.5038648648648648,2.368135135135138,0.7798348348348354
38,"([0.39, 0.26, 0.09, 0.01, 0.23, 0.02], [2])","([1, 0, 0, 0, 0, 0], [0])",-0.0,-0.0,-0.784,-0.0,-0.0,-0.0,-0.784,0.5038648648648648,2.648270270270273,0.7798348348348354
39,"([0.39, 0.26, 0.09, 0.01, 0.23, 0.02], [0])","([1, 0, 0, 0, 0, 0], [0])",-0.0,-0.0,-0.0,-0.0,-0.0,-0.0,0.0,0.5038648648648648,2.1444054054054082,0.7798348348348354
40,"([0.39, 0.26, 0.09, 0.01, 0.23, 0.02], [0])","([1, 0, 0, 0, 0, 0], [0])",-0.0,-0.0,-0.0,-0.0,-0.0,-0.0,0.0,0.5038648648648648,1.6405405405405435,0.7798348348348354
41,"([0.39, 0.26, 0.09, 0.01, 0.23, 0.02], [0])","([1, 0, 0, 0, 0, 0], [0])",-0.0,-0.0,-0.0,-0.0,-0.0,-0.0,0.0,0.5038648648648648,1.1366756756756788,0.7798348348348354
42,"([0.39, 0.26, 0.09, 0.01, 0.23, 0.02], [2])","([1, 0, 0, 0, 0, 0], [0])",-0.0,-0.0,-0.784,-0.0,-0.0,-0.0,-0.784,0.5038648648648648,1.416810810810814,0.7798348348348354
43,"([0.39, 0.26, 0.09, 0.01, 0.23, 0.02], [1])","([1, 0, 0, 0, 0, 0], [0])",-0.0,-0.9009999999999999,-0.0,-0.0,-0.0,-0.0,-0.9009999999999999,0.5038648648648648,1.813945945945949,0.7798348348348354
44,"([0.39, 0.26, 0.09, 0.01, 0.23, 0.02], [2])","([1, 0, 0, 0, 0, 0], [0])",-0.0,-0.0,-0.784,-0.0,-0.0,-0.0,-0.784,0.5038648648648648,2.094081081081084,0.7798348348348354
45,"([0.39, 0.26, 0.09, 0.01, 0.23, 0.02], [0])","([1, 0, 0, 0, 0, 0], [0])",-0.0,-0.0,-0.0,-0.0,-0.0,-0.0,0.0,0.5038648648648648,1.5902162162162194,0.7798348348348354
46,"([0.39, 0.26, 0.09, 0.01, 0.23, 0.02], [4])","([1, 0, 0, 0, 0, 0], [0])",-0.0,-0.0,-0.0,-0.0,-0.7290000000000001,-0.0,-0.7290000000000001,0.5038648648648648,1.8153513513513548,0.7798348348348354
47,"([0.39, 0.26, 0.09, 0.01, 0.23, 0.02], [1])","([1, 0, 0, 0, 0, 0], [0])",-0.0,-0.9009999999999999,-0.0,-0.0,-0.0,-0.0,-0.9009999999999999,0.5038648648648648,2.21248648648649,0.7798348348348354
48,"([0.39, 0.26, 0.09, 0.01, 0.23, 0.02], [0])","([1, 0, 0, 0, 0, 0], [0])",-0.0,-0.0,-0.0,-0.0,-0.0,-0.0,0.0,0.5038648648648648,1.7086216216216252,0.7798348348348354
49,"([0.39, 0.26, 0.09, 0.01, 0.23, 0.02], [0])","([1, 0, 0, 0, 0, 0], [0])",-0.0,-0.0,-0.0,-0.0,-0.0,-0.0,0.0,0.5038648648648648,1.2047567567567605,0.7798348348348354
50,"([0.39, 0.26, 0.09, 0.01, 0.23, 0.02], [5])","([1, 0, 0, 0, 0, 0], [0])",-0.0,-0.0,-0.0,-0.0,-0.0,-0.935,-0.935,0.5038648648648648,1.6358918918918959,0.7798348348348354
51,"([0.39, 0.26, 0.09, 0.01, 0.23, 0.02], [0])","([1, 0, 0, 0, 0, 0], [0])",-0.0,-0.0,-0.0,-0.0,-0.0,-0.0,0.0,0.5038648648648648,1.1320270270270312,0.7798348348348354
52,"([0.39, 0.26, 0.09, 0.01, 0.23, 0.02], [2])","([1, 0, 0, 0, 0, 0], [0])",-0.0,-0.0,-0.784,-0.0,-0.0,-0.0,-0.784,0.5038648648648648,1.4121621621621663,0.7798348348348354
53,"([0.39, 0.26, 0.09, 0.01, 0.23, 0.02], [1])","([1, 0, 0, 0, 0, 0], [0])",-0.0,-0.9009999999999999,-0.0,-0.0,-0.0,-0.0,-0.9009999999999999,0.5038648648648648,1.8092972972973014,0.7798348348348354
54,"([0.39, 0.26, 0.09, 0.01, 0.23, 0.02], [0])","([1, 0, 0, 0, 0, 0], [0])",-0.0,-0.0,-0.0,-0.0,-0.0,-0.0,0.0,0.5038648648648648,1.3054324324324367,0.7798348348348354
55,"([0.39, 0.26, 0.09, 0.01, 0.23, 0.02], [0])","([1, 0, 0, 0, 0, 0], [0])",-0.0,-0.0,-0.0,-0.0,-0.0,-0.0,0.0,0.5038648648648648,0.8015675675675719,0.7798348348348354
56,"([0.39, 0.26, 0.09, 0.01, 0.23, 0.02], [0])","([1, 0, 0, 0, 0, 0], [0])",-0.0,-0.0,-0.0,-0.0,-0.0,-0.0,0.0,0.5038648648648648,0.29770270270270704,0.7798348348348354
57,"([0.39, 0.26, 0.09, 0.01, 0.23, 0.02], [0])","([1, 0, 0, 0, 0, 0], [0])",-0.0,-0.0,-0.0,-0.0,-0.0,-0.0,0.0,0.5038648648648648,-0.20616216216215777,0.7798348348348354
58,"([0.39, 0.26, 0.09, 0.01, 0.23, 0.02], [2])","([1, 0, 0, 0, 0, 0], [0])",-0.0,-0.0,-0.784,-0.0,-0.0,-0.0,-0.784,0.5038648648648648,0.07397297297297745,0.7798348348348354
59,"([0.39, 0.26, 0.09, 0.01, 0.23, 0.02], [0])","([1, 0, 0, 0, 0, 0], [0])",-0.0,-0.0,-0.0,-0.0,-0.0,-0.0,0.0,0.5038648648648648,-0.42989189189188737,0.7798348348348354
60,"([0.39, 0.26, 0.09, 0.01, 0.23, 0.02], [4])","([1, 0, 0, 0, 0, 0], [0])",-0.0,-0.0,-0.0,-0.0,-0.7290000000000001,-0.0,-0.7290000000000001,0.5038648648648648,-0.2047567567567521,0.7798348348348354
61,"([0.39, 0.26, 0.09, 0.01, 0.23, 0.02], [2])","([1, 0, 0, 0, 0, 0], [0])",-0.0,-0.0,-0.784,-0.0,-0.0,-0.0,-0.784,0.5038648648648648,0.07537837837838313,0.7798348348348354
62,"([0.39, 0.26, 0.09, 0.01, 0.23, 0.02], [0])","([1, 0, 0, 0, 0, 0], [0])",-0.0,-0.0,-0.0,-0.0,-0.0,-0.0,0.0,0.5038648648648648,-0.4284864864864817,0.7798348348348354
63,"([0.39, 0.26, 0.09, 0.01, 0.23, 0.02], [4])","([1, 0, 0, 0, 0, 0], [0])",-0.0,-0.0,-0.0,-0.0,-0.7290000000000001,-0.0,-0.7290000000000001,0.5038648648648648,-0.2033513513513464,0.7798348348348354
64,"([0.39, 0.26, 0.09, 0.01, 0.23, 0.02], [4])","([1, 0, 0, 0, 0, 0], [0])",-0.0,-0.0,-0.0,-0.0,-0.7290000000000001,-0.0,-0.7290000000000001,0.5038648648648648,0.021783783783788868,0.7798348348348354
65,"([0.39, 0.26, 0.09, 0.01, 0.23, 0.02], [4])","([1, 0, 0, 0, 0, 0], [0])",-0.0,-0.0,-0.0,-0.0,-0.7290000000000001,-0.0,-0.7290000000000001,0.5038648648648648,0.24691891891892415,0.7798348348348354
66,"([0.39, 0.26, 0.09, 0.01, 0.23, 0.02], [0])","([1, 0, 0, 0, 0, 0], [0])",-0.0,-0.0,-0.0,-0.0,-0.0,-0.0,0.0,0.5038648648648648,-0.25694594594594067,0.7798348348348354
67,"([0.39, 0.26, 0.09, 0.01, 0.23, 0.02], [0])","([1, 0, 0, 0, 0, 0], [0])",-0.0,-0.0,-0.0,-0.0,-0.0,-0.0,0.0,0.5038648648648648,-0.7608108108108055,0.7798348348348354
68,"([0.39, 0.26, 0.09, 0.01, 0.23, 0.02], [0])","([1, 0, 0, 0, 0, 0], [0])",-0.0,-0.0,-0.0,-0.0,-0.0,-0.0,0.0,0.5038648648648648,-1.2646756756756703,0.7798348348348354
69,"([0.39, 0.26, 0.09, 0.01, 0.23, 0.02], [2])","([1, 0, 0, 0, 0, 0], [0])",-0.0,-0.0,-0.784,-0.0,-0.0,-0.0,-0.784,0.5038648648648648,-0.9845405405405351,0.7798348348348354
70,"([0.39, 0.26, 0.09, 0.01, 0.23, 0.02], [1])","([1, 0, 0, 0, 0, 0], [0])",-0.0,-0.9009999999999999,-0.0,-0.0,-0.0,-0.0,-0.9009999999999999,0.5038648648648648,-0.5874054054054,0.7798348348348354
71,"([0.39, 0.26, 0.09, 0.01, 0.23, 0.02], [0])","([1, 0, 0, 0, 0, 0], [0])",-0.0,-0.0,-0.0,-0.0,-0.0,-0.0,0.0,0.5038648648648648,-1.0912702702702648,0.7798348348348354
72,"([0.39, 0.26, 0.09, 0.01, 0.23, 0.02], [2])","([1, 0, 0, 0, 0, 0], [0])",-0.0,-0.0,-0.784,-0.0,-0.0,-0.0,-0.784,0.5038648648648648,-0.8111351351351296,0.7798348348348354
73,"([0.39, 0.26, 0.09, 0.01, 0.23, 0.02], [2])","([1, 0, 0, 0, 0, 0], [0])",-0.0,-0.0,-0.784,-0.0,-0.0,-0.0,-0.784,0.5038648648648648,-0.5309999999999944,0.7798348348348354
74,"([0.39, 0.26, 0.09, 0.01, 0.23, 0.02], [0])","([1, 0, 0, 0, 0, 0], [0])",-0.0,-0.0,-0.0,-0.0,-0.0,-0.0,0.0,0.5038648648648648,-1.034864864864859,0.7798348348348354
75,"([0.39, 0.26, 0.09, 0.01, 0.23, 0.02], [1])","([1, 0, 0, 0, 0, 0], [0])",-0.0,-0.9009999999999999,-0.0,-0.0,-0.0,-0.0,-0.9009999999999999,0.5038648648648648,-0.637729729729724,0.7798348348348354
76,"([0.39, 0.26, 0.09, 0.01, 0.23, 0.02], [0])","([1, 0, 0, 0, 0, 0], [0])",-0.0,-0.0,-0.0,-0.0,-0.0,-0.0,0.0,0.5038648648648648,-1.1415945945945887,0.7798348348348354
77,"([0.39, 0.26, 0.09, 0.01, 0.23, 0.02], [4])","([1, 0, 0, 0, 0, 0], [0])",-0.0,-0.0,-0.0,-0.0,-0.7290000000000001,-0.0,-0.7290000000000001,0.5038648648648648,-0.9164594594594534,0.7798348348348354
78,"([0.39, 0.26, 0.09, 0.01, 0.23, 0.02], [1])","([1, 0, 0, 0, 0, 0], [0])",-0.0,-0.9009999999999999,-0.0,-0.0,-0.0,-0.0,-0.9009999999999999,0.5038648648648648,-0.5193243243243183,0.7798348348348354
79,"([0.39, 0.26, 0.09, 0.01, 0.23, 0.02], [1])","([1, 0, 0, 0, 0, 0], [0])",-0.0,-0.9009999999999999,-0.0,-0.0,-0.0,-0.0,-0.9009999999999999,0.5038648648648648,-0.1221891891891832,0.7798348348348354
80,"([0.39, 0.26, 0.09, 0.01, 0.23, 0.02], [1])","([1, 0, 0, 0, 0, 0], [0])",-0.0,-0.9009999999999999,-0.0,-0.0,-0.0,-0.0,-0.9009999999999999,0.5038648648648648,0.2749459459459519,0.7798348348348354
81,"([0.39, 0.26, 0.09, 0.01, 0.23, 0.02], [1])","([1, 0, 0, 0, 0, 0], [0])",-0.0,-0.9009999999999999,-0.0,-0.0,-0.0,-0.0,-0.9009999999999999,0.5038648648648648,0.672081081081087,0.7798348348348354
82,"([0.39, 0.26, 0.09, 0.01, 0.23, 0.02], [2])","([1, 0, 0, 0, 0, 0], [0])",-0.0,-0.0,-0.784,-0.0,-0.0,-0.0,-0.784,0.5038648648648648,0.9522162162162222,0.7798348348348354
83,"([0.39, 0.26, 0.09, 0.01, 0.23, 0.02], [0])","([1, 0, 0, 0, 0, 0], [0])",-0.0,-0.0,-0.0,-0.0,-0.0,-0.0,0.0,0.5038648648648648,0.4483513513513574,0.7798348348348354
84,"([0.39, 0.26, 0.09, 0.01, 0.23, 0.02], [0])","([1, 0, 0, 0, 0, 0], [0])",-0.0,-0.0,-0.0,-0.0,-0.0,-0.0,0.0,0.5038648648648648,-0.05551351351350742,0.7798348348348354
85,"([0.39, 0.26, 0.09, 0.01, 0.23, 0.02], [4])","([1, 0, 0, 0, 0, 0], [0])",-0.0,-0.0,-0.0,-0.0,-0.7290000000000001,-0.0,-0.7290000000000001,0.5038648648648648,0.16962162162162786,0.7798348348348354
86,"([0.39, 0.26, 0.09, 0.01, 0.23, 0.02], [0])","([1, 0, 0, 0, 0, 0], [0])",-0.0,-0.0,-0.0,-0.0,-0.0,-0.0,0.0,0.5038648648648648,-0.33424324324323695,0.7798348348348354
87,"([0.39, 0.26, 0.09, 0.01, 0.23, 0.02], [5])","([1, 0, 0, 0, 0, 0], [0])",-0.0,-0.0,-0.0,-0.0,-0.0,-0.935,-0.935,0.5038648648648648,0.09689189189189829,0.7798348348348354
88,"([0.39, 0.26, 0.09, 0.01, 0.23, 0.02], [4])","([1, 0, 0, 0, 0, 0], [0])",-0.0,-0.0,-0.0,-0.0,-0.7290000000000001,-0.0,-0.7290000000000001,0.5038648648648648,0.32202702702703356,0.7798348348348354
89,"([0.39, 0.26, 0.09, 0.01, 0.23, 0.02], [0])","([1, 0, 0, 0, 0, 0], [0])",-0.0,-0.0,-0.0,-0.0,-0.0,-0.0,0.0,0.5038648648648648,-0.18183783783783125,0.7798348348348354
90,"([0.39, 0.26, 0.09, 0.01, 0.23, 0.02], [1])","([1, 0, 0, 0, 0, 0], [0])",-0.0,-0.9009999999999999,-0.0,-0.0,-0.0,-0.0,-0.9009999999999999,0.5038648648648648,0.21529729729730385,0.7798348348348354
91,"([0.39, 0.26, 0.09, 0.01, 0.23, 0.02], [1])","([1, 0, 0, 0, 0, 0], [0])",-0.0,-0.9009999999999999,-0.0,-0.0,-0.0,-0.0,-0.9009999999999999,0.5038648648648648,0.612432432432439,0.7798348348348354
92,"([0.39, 0.26, 0.09, 0.01, 0.23, 0.02], [0])","([1, 0, 0, 0, 0, 0], [0])",-0.0,-0.0,-0.0,-0.0,-0.0,-0.0,0.0,0.5038648648648648,0.10856756756757413,0.7798348348348354
93,"([0.39, 0.26, 0.09, 0.01, 0.23, 0.02], [0])","([1, 0, 0, 0, 0, 0], [0])",-0.0,-0.0,-0.0,-0.0,-0.0,-0.0,0.0,0.5038648648648648,-0.3952972972972907,0.7798348348348354
94,"([0.39, 0.26, 0.09, 0.01, 0.23, 0.02], [1])","([1, 0, 0, 0, 0, 0], [0])",-0.0,-0.9009999999999999,-0.0,-0.0,-0.0,-0.0,-0.9009999999999999,0.5038648648648648,0.0018378378378444138,0.7798348348348354
95,"([0.39, 0.26, 0.09, 0.01, 0.23, 0.02], [4])","([1, 0, 0, 0, 0, 0], [0])",-0.0,-0.0,-0.0,-0.0,-0.7290000000000001,-0.0,-0.7290000000000001,0.5038648648648648,0.2269729729729797,0.7798348348348354
96,"([0.39, 0.26, 0.09, 0.01, 0.23, 0.02], [1])","([1, 0, 0, 0, 0, 0], [0])",-0.0,-0.9009999999999999,-0.0,-0.0,-0.0,-0.0,-0.9009999999999999,0.5038648648648648,0.6241081081081148,0.7798348348348354
97,"([0.39, 0.26, 0.09, 0.01, 0.23, 0.02], [0])","([1, 0, 0, 0, 0, 0], [0])",-0.0,-0.0,-0.0,-0.0,-0.0,-0.0,0.0,0.5038648648648648,0.12024324324324998,0.7798348348348354
98,"([0.39, 0.26, 0.09, 0.01, 0.23, 0.02], [4])","([1, 0, 0, 0, 0, 0], [0])",-0.0,-0.0,-0.0,-0.0,-0.7290000000000001,-0.0,-0.7290000000000001,0.5038648648648648,0.34537837837838525,0.7798348348348354
99,"([0.39, 0.26, 0.09, 0.01, 0.23, 0.02], [0])","([1, 0, 0, 0, 0, 0], [0])",-0.0,-0.0,-0.0,-0.0,-0.0,-0.0,0.0,0.5038648648648648,-0.15848648648647956,0.7798348348348354
100,"([0.39, 0.26, 0.09, 0.01, 0.23, 0.02], [4])","([1, 0, 0, 0, 0, 0], [0])",-0.0,-0.0,-0.0,-0.0,-0.7290000000000001,-0.0,-0.7290000000000001,0.5038648648648648,0.06664864864865572,0.7798348348348354
101,"([0.39, 0.26, 0.09, 0.01, 0.23, 0.02], [0])","([1, 0, 0, 0, 0, 0], [0])",-0.0,-0.0,-0.0,-0.0,-0.0,-0.0,0.0,0.5038648648648648,-0.4372162162162091,0.7798348348348354
102,"([0.39, 0.26, 0.09, 0.01, 0.23, 0.02], [5])","([1, 0, 0, 0, 0, 0], [0])",-0.0,-0.0,-0.0,-0.0,-0.0,-0.935,-0.935,0.5038648648648648,-0.006081081081073858,0.7798348348348354
103,"([0.39, 0.26, 0.09, 0.01, 0.23, 0.02], [5])","([1, 0, 0, 0, 0, 0], [0])",-0.0,-0.0,-0.0,-0.0,-0.0,-0.935,-0.935,0.5038648648648648,0.4250540540540614,0.7798348348348354
104,"([0.39, 0.26, 0.09, 0.01, 0.23, 0.02], [0])","([1, 0, 0, 0, 0, 0], [0])",-0.0,-0.0,-0.0,-0.0,-0.0,-0.0,0.0,0.5038648648648648,-0.07881081081080343,0.7798348348348354
105,"([0.39, 0.26, 0.09, 0.01, 0.23, 0.02], [4])","([1, 0, 0, 0, 0, 0], [0])",-0.0,-0.0,-0.0,-0.0,-0.7290000000000001,-0.0,-0.7290000000000001,0.5038648648648648,0.14632432432433184,0.7798348348348354
106,"([0.39, 0.26, 0.09, 0.01, 0.23, 0.02], [4])","([1, 0, 0, 0, 0, 0], [0])",-0.0,-0.0,-0.0,-0.0,-0.7290000000000001,-0.0,-0.7290000000000001,0.5038648648648648,0.3714594594594671,0.7798348348348354
107,"([0.39, 0.26, 0.09, 0.01, 0.23, 0.02], [0])","([1, 0, 0, 0, 0, 0], [0])",-0.0,-0.0,-0.0,-0.0,-0.0,-0.0,0.0,0.5038648648648648,-0.1324054054053977,0.7798348348348354
108,"([0.39, 0.26, 0.09, 0.01, 0.23, 0.02], [0])","([1, 0, 0, 0, 0, 0], [0])",-0.0,-0.0,-0.0,-0.0,-0.0,-0.0,0.0,0.5038648648648648,-0.6362702702702625,0.7798348348348354
109,"([0.39, 0.26, 0.09, 0.01, 0.23, 0.02], [1])","([1, 0, 0, 0, 0, 0], [0])",-0.0,-0.9009999999999999,-0.0,-0.0,-0.0,-0.0,-0.9009999999999999,0.5038648648648648,-0.2391351351351274,0.7798348348348354
110,"([0.39, 0.26, 0.09, 0.01, 0.23, 0.02], [1])","([1, 0, 0, 0, 0, 0], [0])",-0.0,-0.9009999999999999,-0.0,-0.0,-0.0,-0.0,-0.9009999999999999,0.5038648648648648,0.1580000000000077,0.7798348348348354
111,"([0.39, 0.26, 0.09, 0.01, 0.23, 0.02], [0])","([1, 0, 0, 0, 0, 0], [0])",-0.0,-0.0,-0.0,-0.0,-0.0,-0.0,0.0,0.5038648648648648,-0.3458648648648571,0.7798348348348354
112,"([0.39, 0.26, 0.09, 0.01, 0.23, 0.02], [0])","([1, 0, 0, 0, 0, 0], [0])",-0.0,-0.0,-0.0,-0.0,-0.0,-0.0,0.0,0.5038648648648648,-0.8497297297297219,0.7798348348348354
113,"([0.39, 0.26, 0.09, 0.01, 0.23, 0.02], [0])","([1, 0, 0, 0, 0, 0], [0])",-0.0,-0.0,-0.0,-0.0,-0.0,-0.0,0.0,0.5038648648648648,-1.3535945945945866,0.7798348348348354
114,"([0.39, 0.26, 0.09, 0.01, 0.23, 0.02], [0])","([1, 0, 0, 0, 0, 0], [0])",-0.0,-0.0,-0.0,-0.0,-0.0,-0.0,0.0,0.5038648648648648,-1.8574594594594513,0.7798348348348354
115,"([0.39, 0.26, 0.09, 0.01, 0.23, 0.02], [4])","([1, 0, 0, 0, 0, 0], [0])",-0.0,-0.0,-0.0,-0.0,-0.7290000000000001,-0.0,-0.7290000000000001,0.5038648648648648,-1.632324324324316,0.7798348348348354
116,"([0.39, 0.26, 0.09, 0.01, 0.23, 0.02], [0])","([1, 0, 0, 0, 0, 0], [0])",-0.0,-0.0,-0.0,-0.0,-0.0,-0.0,0.0,0.5038648648648648,-2.1361891891891807,0.7798348348348354
117,"([0.39, 0.26, 0.09, 0.01, 0.23, 0.02], [0])","([1, 0, 0, 0, 0, 0], [0])",-0.0,-0.0,-0.0,-0.0,-0.0,-0.0,0.0,0.5038648648648648,-2.6400540540540454,0.7798348348348354
118,"([0.39, 0.26, 0.09, 0.01, 0.23, 0.02], [0])","([1, 0, 0, 0, 0, 0], [0])",-0.0,-0.0,-0.0,-0.0,-0.0,-0.0,0.0,0.5038648648648648,-3.14391891891891,0.7798348348348354
119,"([0.39, 0.26, 0.09, 0.01, 0.23, 0.02], [0])","([1, 0, 0, 0, 0, 0], [0])",-0.0,-0.0,-0.0,-0.0,-0.0,-0.0,0.0,0.5038648648648648,-3.6477837837837748,0.7798348348348354
120,"([0.39, 0.26, 0.09, 0.01, 0.23, 0.02], [1])","([1, 0, 0, 0, 0, 0], [0])",-0.0,-0.9009999999999999,-0.0,-0.0,-0.0,-0.0,-0.9009999999999999,0.5038648648648648,-3.2506486486486397,0.7798348348348354
121,"([0.39, 0.26, 0.09, 0.01, 0.23, 0.02], [1])","([1, 0, 0, 0, 0, 0], [0])",-0.0,-0.9009999999999999,-0.0,-0.0,-0.0,-0.0,-0.9009999999999999,0.5038648648648648,-2.8535135135135046,0.7798348348348354
122,"([0.39, 0.26, 0.09, 0.01, 0.23, 0.02], [4])","([1, 0, 0, 0, 0, 0], [0])",-0.0,-0.0,-0.0,-0.0,-0.7290000000000001,-0.0,-0.7290000000000001,0.5038648648648648,-2.628378378378369,0.7798348348348354
123,"([0.39, 0.26, 0.09, 0.01, 0.23, 0.02], [0])","([1, 0, 0, 0, 0, 0], [0])",-0.0,-0.0,-0.0,-0.0,-0.0,-0.0,0.0,0.5038648648648648,-3.132243243243234,0.7798348348348354
124,"([0.39, 0.26, 0.09, 0.01, 0.23, 0.02], [1])","([1, 0, 0, 0, 0, 0], [0])",-0.0,-0.9009999999999999,-0.0,-0.0,-0.0,-0.0,-0.9009999999999999,0.5038648648648648,-2.735108108108099,0.7798348348348354
125,"([0.39, 0.26, 0.09, 0.01, 0.23, 0.02], [1])","([1, 0, 0, 0, 0, 0], [0])",-0.0,-0.9009999999999999,-0.0,-0.0,-0.0,-0.0,-0.9009999999999999,0.5038648648648648,-2.3379729729729637,0.7798348348348354
126,"([0.39, 0.26, 0.09, 0.01, 0.23, 0.02], [5])","([1, 0, 0, 0, 0, 0], [0])",-0.0,-0.0,-0.0,-0.0,-0.0,-0.935,-0.935,0.5038648648648648,-1.9068378378378283,0.7798348348348354
127,"([0.39, 0.26, 0.09, 0.01, 0.23, 0.02], [1])","([1, 0, 0, 0, 0, 0], [0])",-0.0,-0.9009999999999999,-0.0,-0.0,-0.0,-0.0,-0.9009999999999999,0.5038648648648648,-1.5097027027026932,0.7798348348348354
128,"([0.39, 0.26, 0.09, 0.01, 0.23, 0.02], [1])","([1, 0, 0, 0, 0, 0], [0])",-0.0,-0.9009999999999999,-0.0,-0.0,-0.0,-0.0,-0.9009999999999999,0.5038648648648648,-1.1125675675675581,0.7798348348348354
129,"([0.39, 0.26, 0.09, 0.01, 0.23, 0.02], [4])","([1, 0, 0, 0, 0, 0], [0])",-0.0,-0.0,-0.0,-0.0,-0.7290000000000001,-0.0,-0.7290000000000001,0.5038648648648648,-0.8874324324324229,0.7798348348348354
130,"([0.39, 0.26, 0.09, 0.01, 0.23, 0.02], [4])","([1, 0, 0, 0, 0, 0], [0])",-0.0,-0.0,-0.0,-0.0,-0.7290000000000001,-0.0,-0.7290000000000001,0.5038648648648648,-0.6622972972972876,0.7798348348348354
131,"([0.39, 0.26, 0.09, 0.01, 0.23, 0.02], [0])","([1, 0, 0, 0, 0, 0], [0])",-0.0,-0.0,-0.0,-0.0,-0.0,-0.0,0.0,0.5038648648648648,-1.1661621621621525,0.7798348348348354
132,"([0.39, 0.26, 0.09, 0.01, 0.23, 0.02], [0])","([1, 0, 0, 0, 0, 0], [0])",-0.0,-0.0,-0.0,-0.0,-0.0,-0.0,0.0,0.5038648648648648,-1.6700270270270172,0.7798348348348354
133,"([0.39, 0.26, 0.09, 0.01, 0.23, 0.02], [1])","([1, 0, 0, 0, 0, 0], [0])",-0.0,-0.9009999999999999,-0.0,-0.0,-0.0,-0.0,-0.9009999999999999,0.5038648648648648,-1.2728918918918821,0.7798348348348354
134,"([0.39, 0.26, 0.09, 0.01, 0.23, 0.02], [4])","([1, 0, 0, 0, 0, 0], [0])",-0.0,-0.0,-0.0,-0.0,-0.7290000000000001,-0.0,-0.7290000000000001,0.5038648648648648,-1.0477567567567467,0.7798348348348354
135,"([0.39, 0.26, 0.09, 0.01, 0.23, 0.02], [4])","([1, 0, 0, 0, 0, 0], [0])",-0.0,-0.0,-0.0,-0.0,-0.7290000000000001,-0.0,-0.7290000000000001,0.5038648648648648,-0.8226216216216115,0.7798348348348354
136,"([0.39, 0.26, 0.09, 0.01, 0.23, 0.02], [0])","([1, 0, 0, 0, 0, 0], [0])",-0.0,-0.0,-0.0,-0.0,-0.0,-0.0,0.0,0.5038648648648648,-1.3264864864864763,0.7798348348348354
137,"([0.39, 0.26, 0.09, 0.01, 0.23, 0.02], [0])","([1, 0, 0, 0, 0, 0], [0])",-0.0,-0.0,-0.0,-0.0,-0.0,-0.0,0.0,0.5038648648648648,-1.8303513513513412,0.7798348348348354
138,"([0.39, 0.26, 0.09, 0.01, 0.23, 0.02], [0])","([1, 0, 0, 0, 0, 0], [0])",-0.0,-0.0,-0.0,-0.0,-0.0,-0.0,0.0,0.5038648648648648,-2.334216216216206,0.7798348348348354
139,"([0.39, 0.26, 0.09, 0.01, 0.23, 0.02], [4])","([1, 0, 0, 0, 0, 0], [0])",-0.0,-0.0,-0.0,-0.0,-0.7290000000000001,-0.0,-0.7290000000000001,0.5038648648648648,-2.1090810810810705,0.7798348348348354
140,"([0.39, 0.26, 0.09, 0.01, 0.23, 0.02], [1])","([1, 0, 0, 0, 0, 0], [0])",-0.0,-0.9009999999999999,-0.0,-0.0,-0.0,-0.0,-0.9009999999999999,0.5038648648648648,-1.7119459459459354,0.7798348348348354
141,"([0.39, 0.26, 0.09, 0.01, 0.23, 0.02], [1])","([1, 0, 0, 0, 0, 0], [0])",-0.0,-0.9009999999999999,-0.0,-0.0,-0.0,-0.0,-0.9009999999999999,0.5038648648648648,-1.3148108108108003,0.7798348348348354
142,"([0.39, 0.26, 0.09, 0.01, 0.23, 0.02], [1])","([1, 0, 0, 0, 0, 0], [0])",-0.0,-0.9009999999999999,-0.0,-0.0,-0.0,-0.0,-0.9009999999999999,0.5038648648648648,-0.9176756756756652,0.7798348348348354
143,"([0.39, 0.26, 0.09, 0.01, 0.23, 0.02], [0])","([1, 0, 0, 0, 0, 0], [0])",-0.0,-0.0,-0.0,-0.0,-0.0,-0.0,0.0,0.5038648648648648,-1.42154054054053,0.7798348348348354
144,"([0.39, 0.26, 0.09, 0.01, 0.23, 0.02], [4])","([1, 0, 0, 0, 0, 0], [0])",-0.0,-0.0,-0.0,-0.0,-0.7290000000000001,-0.0,-0.7290000000000001,0.5038648648648648,-1.1964054054053945,0.7798348348348354
145,"([0.39, 0.26, 0.09, 0.01, 0.23, 0.02], [4])","([1, 0, 0, 0, 0, 0], [0])",-0.0,-0.0,-0.0,-0.0,-0.7290000000000001,-0.0,-0.7290000000000001,0.5038648648648648,-0.9712702702702593,0.7798348348348354
146,"([0.39, 0.26, 0.09, 0.01, 0.23, 0.02], [0])","([1, 0, 0, 0, 0, 0], [0])",-0.0,-0.0,-0.0,-0.0,-0.0,-0.0,0.0,0.5038648648648648,-1.475135135135124,0.7798348348348354
147,"([0.39, 0.26, 0.09, 0.01, 0.23, 0.02], [1])","([1, 0, 0, 0, 0, 0], [0])",-0.0,-0.9009999999999999,-0.0,-0.0,-0.0,-0.0,-0.9009999999999999,0.5038648648648648,-1.077999999999989,0.7798348348348354
148,"([0.39, 0.26, 0.09, 0.01, 0.23, 0.02], [1])","([1, 0, 0, 0, 0, 0], [0])",-0.0,-0.9009999999999999,-0.0,-0.0,-0.0,-0.0,-0.9009999999999999,0.5038648648648648,-0.6808648648648539,0.7798348348348354
149,"([0.39, 0.26, 0.09, 0.01, 0.23, 0.02], [0])","([1, 0, 0, 0, 0, 0], [0])",-0.0,-0.0,-0.0,-0.0,-0.0,-0.0,0.0,0.5038648648648648,-1.1847297297297188,0.7798348348348354
150,"([0.39, 0.26, 0.09, 0.01, 0.23, 0.02], [0])","([1, 0, 0, 0, 0, 0], [0])",-0.0,-0.0,-0.0,-0.0,-0.0,-0.0,0.0,0.5038648648648648,-1.6885945945945835,0.7798348348348354
151,"([0.39, 0.26, 0.09, 0.01, 0.23, 0.02], [0])","([1, 0, 0, 0, 0, 0], [0])",-0.0,-0.0,-0.0,-0.0,-0.0,-0.0,0.0,0.5038648648648648,-2.192459459459448,0.7798348348348354
152,"([0.39, 0.26, 0.09, 0.01, 0.23, 0.02], [1])","([1, 0, 0, 0, 0, 0], [0])",-0.0,-0.9009999999999999,-0.0,-0.0,-0.0,-0.0,-0.9009999999999999,0.5038648648648648,-1.795324324324313,0.7798348348348354
153,"([0.39, 0.26, 0.09, 0.01, 0.23, 0.02], [4])","([1, 0, 0, 0, 0, 0], [0])",-0.0,-0.0,-0.0,-0.0,-0.7290000000000001,-0.0,-0.7290000000000001,0.5038648648648648,-1.5701891891891777,0.7798348348348354
154,"([0.39, 0.26, 0.09, 0.01, 0.23, 0.02], [1])","([1, 0, 0, 0, 0, 0], [0])",-0.0,-0.9009999999999999,-0.0,-0.0,-0.0,-0.0,-0.9009999999999999,0.5038648648648648,-1.1730540540540426,0.7798348348348354
155,"([0.39, 0.26, 0.09, 0.01, 0.23, 0.02], [0])","([1, 0, 0, 0, 0, 0], [0])",-0.0,-0.0,-0.0,-0.0,-0.0,-0.0,0.0,0.5038648648648648,-1.6769189189189073,0.7798348348348354
156,"([0.39, 0.26, 0.09, 0.01, 0.23, 0.02], [1])","([1, 0, 0, 0, 0, 0], [0])",-0.0,-0.9009999999999999,-0.0,-0.0,-0.0,-0.0,-0.9009999999999999,0.5038648648648648,-1.2797837837837722,0.7798348348348354
157,"([0.39, 0.26, 0.09, 0.01, 0.23, 0.02], [4])","([1, 0, 0, 0, 0, 0], [0])",-0.0,-0.0,-0.0,-0.0,-0.7290000000000001,-0.0,-0.7290000000000001,0.5038648648648648,-1.0546486486486368,0.7798348348348354
158,"([0.39, 0.26, 0.09, 0.01, 0.23, 0.02], [2])","([1, 0, 0, 0, 0, 0], [0])",-0.0,-0.0,-0.784,-0.0,-0.0,-0.0,-0.784,0.5038648648648648,-0.7745135135135016,0.7798348348348354
159,"([0.39, 0.26, 0.09, 0.01, 0.23, 0.02], [0])","([1, 0, 0, 0, 0, 0], [0])",-0.0,-0.0,-0.0,-0.0,-0.0,-0.0,0.0,0.5038648648648648,-1.2783783783783664,0.7798348348348354
160,"([0.39, 0.26, 0.09, 0.01, 0.23, 0.02], [0])","([1, 0, 0, 0, 0, 0], [0])",-0.0,-0.0,-0.0,-0.0,-0.0,-0.0,0.0,0.5038648648648648,-1.7822432432432311,0.7798348348348354
161,"([0.39, 0.26, 0.09, 0.01, 0.23, 0.02], [4])","([1, 0, 0, 0, 0, 0], [0])",-0.0,-0.0,-0.0,-0.0,-0.7290000000000001,-0.0,-0.7290000000000001,0.5038648648648648,-1.5571081081080957,0.7798348348348354
162,"([0.39, 0.26, 0.09, 0.01, 0.23, 0.02], [0])","([1, 0, 0, 0, 0, 0], [0])",-0.0,-0.0,-0.0,-0.0,-0.0,-0.0,0.0,0.5038648648648648,-2.0609729729729604,0.7798348348348354
163,"([0.39, 0.26, 0.09, 0.01, 0.23, 0.02], [4])","([1, 0, 0, 0, 0, 0], [0])",-0.0,-0.0,-0.0,-0.0,-0.7290000000000001,-0.0,-0.7290000000000001,0.5038648648648648,-1.835837837837825,0.7798348348348354
164,"([0.39, 0.26, 0.09, 0.01, 0.23, 0.02], [1])","([1, 0, 0, 0, 0, 0], [0])",-0.0,-0.9009999999999999,-0.0,-0.0,-0.0,-0.0,-0.9009999999999999,0.5038648648648648,-1.43870270270269,0.7798348348348354
165,"([0.39, 0.26, 0.09, 0.01, 0.23, 0.02], [1])","([1, 0, 0, 0, 0, 0], [0])",-0.0,-0.9009999999999999,-0.0,-0.0,-0.0,-0.0,-0.9009999999999999,0.5038648648648648,-1.0415675675675549,0.7798348348348354
166,"([0.39, 0.26, 0.09, 0.01, 0.23, 0.02], [1])","([1, 0, 0, 0, 0, 0], [0])",-0.0,-0.9009999999999999,-0.0,-0.0,-0.0,-0.0,-0.9009999999999999,0.5038648648648648,-0.6444324324324198,0.7798348348348354
167,"([0.39, 0.26, 0.09, 0.01, 0.23, 0.02], [4])","([1, 0, 0, 0, 0, 0], [0])",-0.0,-0.0,-0.0,-0.0,-0.7290000000000001,-0.0,-0.7290000000000001,0.5038648648648648,-0.4192972972972845,0.7798348348348354
168,"([0.39, 0.26, 0.09, 0.01, 0.23, 0.02], [0])","([1, 0, 0, 0, 0, 0], [0])",-0.0,-0.0,-0.0,-0.0,-0.0,-0.0,0.0,0.5038648648648648,-0.9231621621621493,0.7798348348348354
169,"([0.39, 0.26, 0.09, 0.01, 0.23, 0.02], [2])","([1, 0, 0, 0, 0, 0], [0])",-0.0,-0.0,-0.784,-0.0,-0.0,-0.0,-0.784,0.5038648648648648,-0.6430270270270141,0.7798348348348354
170,"([0.39, 0.26, 0.09, 0.01, 0.23, 0.02], [0])","([1, 0, 0, 0, 0, 0], [0])",-0.0,-0.0,-0.0,-0.0,-0.0,-0.0,0.0,0.5038648648648648,-1.146891891891879,0.7798348348348354
171,"([0.39, 0.26, 0.09, 0.01, 0.23, 0.02], [4])","([1, 0, 0, 0, 0, 0], [0])",-0.0,-0.0,-0.0,-0.0,-0.7290000000000001,-0.0,-0.7290000000000001,0.5038648648648648,-0.9217567567567436,0.7798348348348354
172,"([0.39, 0.26, 0.09, 0.01, 0.23, 0.02], [0])","([1, 0, 0, 0, 0, 0], [0])",-0.0,-0.0,-0.0,-0.0,-0.0,-0.0,0.0,0.5038648648648648,-1.4256216216216084,0.7798348348348354
173,"([0.39, 0.26, 0.09, 0.01, 0.23, 0.02], [4])","([1, 0, 0, 0, 0, 0], [0])",-0.0,-0.0,-0.0,-0.0,-0.7290000000000001,-0.0,-0.7290000000000001,0.5038648648648648,-1.200486486486473,0.7798348348348354
174,"([0.39, 0.26, 0.09, 0.01, 0.23, 0.02], [1])","([1, 0, 0, 0, 0, 0], [0])",-0.0,-0.9009999999999999,-0.0,-0.0,-0.0,-0.0,-0.9009999999999999,0.5038648648648648,-0.803351351351338,0.7798348348348354
175,"([0.39, 0.26, 0.09, 0.01, 0.23, 0.02], [1])","([1, 0, 0, 0, 0, 0], [0])",-0.0,-0.9009999999999999,-0.0,-0.0,-0.0,-0.0,-0.9009999999999999,0.5038648648648648,-0.40621621621620285,0.7798348348348354
176,"([0.39, 0.26, 0.09, 0.01, 0.23, 0.02], [1])","([1, 0, 0, 0, 0, 0], [0])",-0.0,-0.9009999999999999,-0.0,-0.0,-0.0,-0.0,-0.9009999999999999,0.5038648648648648,-0.009081081081067754,0.7798348348348354
177,"([0.39, 0.26, 0.09, 0.01, 0.23, 0.02], [0])","([1, 0, 0, 0, 0, 0], [0])",-0.0,-0.0,-0.0,-0.0,-0.0,-0.0,0.0,0.5038648648648648,-0.5129459459459326,0.7798348348348354
178,"([0.39, 0.26, 0.09, 0.01, 0.23, 0.02], [4])","([1, 0, 0, 0, 0, 0], [0])",-0.0,-0.0,-0.0,-0.0,-0.7290000000000001,-0.0,-0.7290000000000001,0.5038648648648648,-0.2878108108107973,0.7798348348348354
179,"([0.39, 0.26, 0.09, 0.01, 0.23, 0.02], [1])","([1, 0, 0, 0, 0, 0], [0])",-0.0,-0.9009999999999999,-0.0,-0.0,-0.0,-0.0,-0.9009999999999999,0.5038648648648648,0.10932432432433781,0.7798348348348354
180,"([0.39, 0.26, 0.09, 0.01, 0.23, 0.02], [4])","([1, 0, 0, 0, 0, 0], [0])",-0.0,-0.0,-0.0,-0.0,-0.7290000000000001,-0.0,-0.7290000000000001,0.5038648648648648,0.3344594594594731,0.7798348348348354
181,"([0.39, 0.26, 0.09, 0.01, 0.23, 0.02], [4])","([1, 0, 0, 0, 0, 0], [0])",-0.0,-0.0,-0.0,-0.0,-0.7290000000000001,-0.0,-0.7290000000000001,0.5038648648648648,0.5595945945946084,0.7798348348348354
182,"([0.39, 0.26, 0.09, 0.01, 0.23, 0.02], [2])","([1, 0, 0, 0, 0, 0], [0])",-0.0,-0.0,-0.784,-0.0,-0.0,-0.0,-0.784,0.5038648648648648,0.8397297297297436,0.7798348348348354
183,"([0.39, 0.26, 0.09, 0.01, 0.23, 0.02], [1])","([1, 0, 0, 0, 0, 0], [0])",-0.0,-0.9009999999999999,-0.0,-0.0,-0.0,-0.0,-0.9009999999999999,0.5038648648648648,1.2368648648648786,0.7798348348348354
184,"([0.39, 0.26, 0.09, 0.01, 0.23, 0.02], [0])","([1, 0, 0, 0, 0, 0], [0])",-0.0,-0.0,-0.0,-0.0,-0.0,-0.0,0.0,0.5038648648648648,0.7330000000000138,0.7798348348348354
185,"([0.39, 0.26, 0.09, 0.01, 0.23, 0.02], [0])","([1, 0, 0, 0, 0, 0], [0])",-0.0,-0.0,-0.0,-0.0,-0.0,-0.0,0.0,0.5038648648648648,0.22913513513514894,0.7798348348348354
186,"([0.39, 0.26, 0.09, 0.01, 0.23, 0.02], [0])","([1, 0, 0, 0, 0, 0], [0])",-0.0,-0.0,-0.0,-0.0,-0.0,-0.0,0.0,0.5038648648648648,-0.2747297297297159,0.7798348348348354
187,"([0.39, 0.26, 0.09, 0.01, 0.23, 0.02], [0])","([1, 0, 0, 0, 0, 0], [0])",-0.0,-0.0,-0.0,-0.0,-0.0,-0.0,0.0,0.5038648648648648,-0.7785945945945807,0.7798348348348354
188,"([0.39, 0.26, 0.09, 0.01, 0.23, 0.02], [0])","([1, 0, 0, 0, 0, 0], [0])",-0.0,-0.0,-0.0,-0.0,-0.0,-0.0,0.0,0.5038648648648648,-1.2824594594594454,0.7798348348348354
189,"([0.39, 0.26, 0.09, 0.01, 0.23, 0.02], [1])","([1, 0, 0, 0, 0, 0], [0])",-0.0,-0.9009999999999999,-0.0,-0.0,-0.0,-0.0,-0.9009999999999999,0.5038648648648648,-0.8853243243243103,0.7798348348348354
190,"([0.39, 0.26, 0.09, 0.01, 0.23, 0.02], [0])","([1, 0, 0, 0, 0, 0], [0])",-0.0,-0.0,-0.0,-0.0,-0.0,-0.0,0.0,0.5038648648648648,-1.389189189189175,0.7798348348348354
191,"([0.39, 0.26, 0.09, 0.01, 0.23, 0.02], [0])","([1, 0, 0, 0, 0, 0], [0])",-0.0,-0.0,-0.0,-0.0,-0.0,-0.0,0.0,0.5038648648648648,-1.8930540540540397,0.7798348348348354
192,"([0.39, 0.26, 0.09, 0.01, 0.23, 0.02], [1])","([1, 0, 0, 0, 0, 0], [0])",-0.0,-0.9009999999999999,-0.0,-0.0,-0.0,-0.0,-0.9009999999999999,0.5038648648648648,-1.4959189189189046,0.7798348348348354
193,"([0.39, 0.26, 0.09, 0.01, 0.23, 0.02], [1])","([1, 0, 0, 0, 0, 0], [0])",-0.0,-0.9009999999999999,-0.0,-0.0,-0.0,-0.0,-0.9009999999999999,0.5038648648648648,-1.0987837837837695,0.7798348348348354
194,"([0.39, 0.26, 0.09, 0.01, 0.23, 0.02], [0])","([1, 0, 0, 0, 0, 0], [0])",-0.0,-0.0,-0.0,-0.0,-0.0,-0.0,0.0,0.5038648648648648,-1.6026486486486342,0.7798348348348354
195,"([0.39, 0.26, 0.09, 0.01, 0.23, 0.02], [1])","([1, 0, 0, 0, 0, 0], [0])",-0.0,-0.9009999999999999,-0.0,-0.0,-0.0,-0.0,-0.9009999999999999,0.5038648648648648,-1.2055135135134991,0.7798348348348354
196,"([0.39, 0.26, 0.09, 0.01, 0.23, 0.02], [2])","([1, 0, 0, 0, 0, 0], [0])",-0.0,-0.0,-0.784,-0.0,-0.0,-0.0,-0.784,0.5038648648648648,-0.9253783783783639,0.7798348348348354
197,"([0.39, 0.26, 0.09, 0.01, 0.23, 0.02], [3])","([1, 0, 0, 0, 0, 0], [0])",-0.0,-0.0,-0.0,-0.866,-0.0,-0.0,-0.866,0.5038648648648648,-0.5632432432432287,0.7798348348348354
198,"([0.39, 0.26, 0.09, 0.01, 0.23, 0.02], [0])","([1, 0, 0, 0, 0, 0], [0])",-0.0,-0.0,-0.0,-0.0,-0.0,-0.0,0.0,0.5038648648648648,-1.0671081081080935,0.7798348348348354
199,"([0.39, 0.26, 0.09, 0.01, 0.23, 0.02], [0])","([1, 0, 0, 0, 0, 0], [0])",-0.0,-0.0,-0.0,-0.0,-0.0,-0.0,0.0,0.5038648648648648,-1.5709729729729585,0.7798348348348354
