545908
612810
387790
405802
577524
187609
136220
248872
126104
143862
380595
999713
682739
33998
233128
1380
699409
824928
925812
933502
288754
127537
989584
354185
109289
884991
377388
285821
848079
35322
657077
7258
701999
838213
753596
123111
88404
808072
790268
88578
163944
155206
53472
444214
662265
950441
799456
727755
776631
414968
435036
932646
482160
615934
942815
190760
952625
628734
485567
862778
235716
479258
209078
564728
456251
476982
382369
586286
109789
594331
115505
564783
187710
89082
146176
415962
718636
712726
617270
649095
706436
526438
356946
672464
723567
532048
573011
219153
220511
638464
548278
445506
27040
205427
953128
547768
89587
785263
614619
