,sta-1,FB-0,feedback target 0,feedback target 1,feedback target 2,feedback target 3,feedback target 4,feedback target 5,total,exp_loss,actual_regret,exp_regret
0,"([1, 0, 0, 0, 0, 0], [0])","([0, 0, 0, 1, 0, 0], [3])",-0.9109999999999999,-0.0,-0.0,-0.0,-0.0,-0.0,-0.9109999999999999,0.9109999999999999,0.23394551787732654,0.23394551787732654
1,"([0, 0, 0, 0, 0, 1], [5])","([0.26, 0.15, 0.05, 0.3, 0.2, 0.05], [0])",-0.0,-0.0,-0.0,-0.0,-0.0,-0.7090000000000001,-0.7090000000000001,0.6770544821226734,0.2658910357546532,0.23394551787732654
2,"([0, 0, 0, 0, 0, 1], [5])","([0.26, 0.15, 0.05, 0.3, 0.2, 0.05], [0])",-0.0,-0.0,-0.0,-0.0,-0.0,-0.7090000000000001,-0.7090000000000001,0.6770544821226734,0.2978365536319799,0.23394551787732654
3,"([0, 0, 0, 0, 0, 1], [5])","([0.26, 0.15, 0.05, 0.3, 0.2, 0.05], [4])",-0.0,-0.0,-0.0,-0.0,-0.0,-0.7090000000000001,-0.7090000000000001,0.6770544821226734,0.3297820715093066,0.23394551787732654
4,"([0, 0, 0, 0, 0, 1], [5])","([0.26, 0.15, 0.05, 0.3, 0.2, 0.05], [5])",-0.0,-0.0,-0.0,-0.0,-0.0,-0.0,0.0,0.6770544821226734,-0.3472724106133668,0.23394551787732654
5,"([0, 0, 0, 0, 0, 1], [5])","([0.26, 0.15, 0.05, 0.3, 0.2, 0.05], [0])",-0.0,-0.0,-0.0,-0.0,-0.0,-0.7090000000000001,-0.7090000000000001,0.6770544821226734,-0.3153268927360401,0.23394551787732654
6,"([0, 0, 0, 0, 0, 1], [5])","([0.26, 0.15, 0.05, 0.3, 0.2, 0.05], [3])",-0.0,-0.0,-0.0,-0.0,-0.0,-0.7090000000000001,-0.7090000000000001,0.6770544821226734,-0.2833813748587134,0.23394551787732654
7,"([0, 0, 0, 0, 0, 1], [5])","([0.26, 0.15, 0.05, 0.3, 0.2, 0.05], [3])",-0.0,-0.0,-0.0,-0.0,-0.0,-0.7090000000000001,-0.7090000000000001,0.6770544821226734,-0.2514358569813867,0.23394551787732654
8,"([0, 0, 0, 0, 0, 1], [5])","([0.26, 0.15, 0.05, 0.3, 0.2, 0.05], [0])",-0.0,-0.0,-0.0,-0.0,-0.0,-0.7090000000000001,-0.7090000000000001,0.6770544821226734,-0.21949033910406002,0.23394551787732654
9,"([0, 0, 0, 0, 0, 1], [5])","([0.26, 0.15, 0.05, 0.3, 0.2, 0.05], [3])",-0.0,-0.0,-0.0,-0.0,-0.0,-0.7090000000000001,-0.7090000000000001,0.6770544821226734,-0.18754482122673333,0.23394551787732654
10,"([0, 0, 0, 0, 0, 1], [5])","([0.26, 0.15, 0.05, 0.3, 0.2, 0.05], [1])",-0.0,-0.0,-0.0,-0.0,-0.0,-0.7090000000000001,-0.7090000000000001,0.6770544821226734,-0.15559930334940664,0.23394551787732654
11,"([0, 0, 0, 0, 0, 1], [5])","([0.26, 0.15, 0.05, 0.3, 0.2, 0.05], [3])",-0.0,-0.0,-0.0,-0.0,-0.0,-0.7090000000000001,-0.7090000000000001,0.6770544821226734,-0.12365378547207995,0.23394551787732654
12,"([0, 0, 0, 0, 0, 1], [5])","([0.26, 0.15, 0.05, 0.3, 0.2, 0.05], [3])",-0.0,-0.0,-0.0,-0.0,-0.0,-0.7090000000000001,-0.7090000000000001,0.6770544821226734,-0.09170826759475326,0.23394551787732654
13,"([0, 0, 0, 0, 0, 1], [5])","([0.26, 0.15, 0.05, 0.3, 0.2, 0.05], [2])",-0.0,-0.0,-0.0,-0.0,-0.0,-0.7090000000000001,-0.7090000000000001,0.6770544821226734,-0.059762749717426566,0.23394551787732654
14,"([0, 0, 0, 0, 0, 1], [5])","([0.26, 0.15, 0.05, 0.3, 0.2, 0.05], [1])",-0.0,-0.0,-0.0,-0.0,-0.0,-0.7090000000000001,-0.7090000000000001,0.6770544821226734,-0.027817231840099876,0.23394551787732654
15,"([0, 0, 0, 0, 0, 1], [5])","([0.26, 0.15, 0.05, 0.3, 0.2, 0.05], [3])",-0.0,-0.0,-0.0,-0.0,-0.0,-0.7090000000000001,-0.7090000000000001,0.6770544821226734,0.004128286037226814,0.23394551787732654
16,"([0, 0, 0, 0, 0, 1], [5])","([0.26, 0.15, 0.05, 0.3, 0.2, 0.05], [3])",-0.0,-0.0,-0.0,-0.0,-0.0,-0.7090000000000001,-0.7090000000000001,0.6770544821226734,0.036073803914553504,0.23394551787732654
17,"([0, 0, 0, 0, 0, 1], [5])","([0.26, 0.15, 0.05, 0.3, 0.2, 0.05], [1])",-0.0,-0.0,-0.0,-0.0,-0.0,-0.7090000000000001,-0.7090000000000001,0.6770544821226734,0.0680193217918802,0.23394551787732654
18,"([0, 0, 0, 0, 0, 1], [5])","([0.26, 0.15, 0.05, 0.3, 0.2, 0.05], [0])",-0.0,-0.0,-0.0,-0.0,-0.0,-0.7090000000000001,-0.7090000000000001,0.6770544821226734,0.09996483966920688,0.23394551787732654
19,"([0, 0, 0, 0, 0, 1], [5])","([0.26, 0.15, 0.05, 0.3, 0.2, 0.05], [4])",-0.0,-0.0,-0.0,-0.0,-0.0,-0.7090000000000001,-0.7090000000000001,0.6770544821226734,0.13191035754653357,0.23394551787732654
20,"([0, 0, 0, 0, 0, 1], [5])","([0.26, 0.15, 0.05, 0.3, 0.2, 0.05], [4])",-0.0,-0.0,-0.0,-0.0,-0.0,-0.7090000000000001,-0.7090000000000001,0.6770544821226734,0.16385587542386026,0.23394551787732654
21,"([0, 0, 0, 0, 0, 1], [5])","([0.26, 0.15, 0.05, 0.3, 0.2, 0.05], [4])",-0.0,-0.0,-0.0,-0.0,-0.0,-0.7090000000000001,-0.7090000000000001,0.6770544821226734,0.19580139330118695,0.23394551787732654
22,"([0, 0, 0, 0, 0, 1], [5])","([0.26, 0.15, 0.05, 0.3, 0.2, 0.05], [5])",-0.0,-0.0,-0.0,-0.0,-0.0,-0.0,0.0,0.6770544821226734,-0.48125308882148643,0.23394551787732654
23,"([0, 0, 0, 0, 0, 1], [5])","([0.26, 0.15, 0.05, 0.3, 0.2, 0.05], [1])",-0.0,-0.0,-0.0,-0.0,-0.0,-0.7090000000000001,-0.7090000000000001,0.6770544821226734,-0.44930757094415974,0.23394551787732654
24,"([0, 0, 0, 0, 0, 1], [5])","([0.26, 0.15, 0.05, 0.3, 0.2, 0.05], [4])",-0.0,-0.0,-0.0,-0.0,-0.0,-0.7090000000000001,-0.7090000000000001,0.6770544821226734,-0.41736205306683305,0.23394551787732654
25,"([0, 0, 0, 0, 0, 1], [5])","([0.26, 0.15, 0.05, 0.3, 0.2, 0.05], [0])",-0.0,-0.0,-0.0,-0.0,-0.0,-0.7090000000000001,-0.7090000000000001,0.6770544821226734,-0.38541653518950636,0.23394551787732654
26,"([0, 0, 0, 0, 0, 1], [5])","([0.26, 0.15, 0.05, 0.3, 0.2, 0.05], [3])",-0.0,-0.0,-0.0,-0.0,-0.0,-0.7090000000000001,-0.7090000000000001,0.6770544821226734,-0.35347101731217967,0.23394551787732654
27,"([0, 0, 0, 0, 0, 1], [5])","([0.26, 0.15, 0.05, 0.3, 0.2, 0.05], [1])",-0.0,-0.0,-0.0,-0.0,-0.0,-0.7090000000000001,-0.7090000000000001,0.6770544821226734,-0.321525499434853,0.23394551787732654
28,"([0, 0, 0, 0, 0, 1], [5])","([0.26, 0.15, 0.05, 0.3, 0.2, 0.05], [1])",-0.0,-0.0,-0.0,-0.0,-0.0,-0.7090000000000001,-0.7090000000000001,0.6770544821226734,-0.2895799815575263,0.23394551787732654
29,"([0, 0, 0, 0, 0, 1], [5])","([0.26, 0.15, 0.05, 0.3, 0.2, 0.05], [0])",-0.0,-0.0,-0.0,-0.0,-0.0,-0.7090000000000001,-0.7090000000000001,0.6770544821226734,-0.2576344636801996,0.23394551787732654
30,"([0, 0, 0, 0, 0, 1], [5])","([0.26, 0.15, 0.05, 0.3, 0.2, 0.05], [4])",-0.0,-0.0,-0.0,-0.0,-0.0,-0.7090000000000001,-0.7090000000000001,0.6770544821226734,-0.2256889458028729,0.23394551787732654
31,"([0, 0, 0, 0, 0, 1], [5])","([0.26, 0.15, 0.05, 0.3, 0.2, 0.05], [2])",-0.0,-0.0,-0.0,-0.0,-0.0,-0.7090000000000001,-0.7090000000000001,0.6770544821226734,-0.19374342792554622,0.23394551787732654
32,"([0, 0, 0, 0, 0, 1], [5])","([0.26, 0.15, 0.05, 0.3, 0.2, 0.05], [1])",-0.0,-0.0,-0.0,-0.0,-0.0,-0.7090000000000001,-0.7090000000000001,0.6770544821226734,-0.16179791004821953,0.23394551787732654
33,"([0, 0, 0, 0, 0, 1], [5])","([0.26, 0.15, 0.05, 0.3, 0.2, 0.05], [4])",-0.0,-0.0,-0.0,-0.0,-0.0,-0.7090000000000001,-0.7090000000000001,0.6770544821226734,-0.12985239217089284,0.23394551787732654
34,"([0, 0, 0, 0, 0, 1], [5])","([0.26, 0.15, 0.05, 0.3, 0.2, 0.05], [4])",-0.0,-0.0,-0.0,-0.0,-0.0,-0.7090000000000001,-0.7090000000000001,0.6770544821226734,-0.09790687429356615,0.23394551787732654
35,"([0, 0, 0, 0, 0, 1], [5])","([0.26, 0.15, 0.05, 0.3, 0.2, 0.05], [3])",-0.0,-0.0,-0.0,-0.0,-0.0,-0.7090000000000001,-0.7090000000000001,0.6770544821226734,-0.06596135641623946,0.23394551787732654
36,"([0, 0, 0, 0, 0, 1], [5])","([0.26, 0.15, 0.05, 0.3, 0.2, 0.05], [3])",-0.0,-0.0,-0.0,-0.0,-0.0,-0.7090000000000001,-0.7090000000000001,0.6770544821226734,-0.03401583853891277,0.23394551787732654
37,"([0, 0, 0, 0, 0, 1], [5])","([0.26, 0.15, 0.05, 0.3, 0.2, 0.05], [2])",-0.0,-0.0,-0.0,-0.0,-0.0,-0.7090000000000001,-0.7090000000000001,0.6770544821226734,-0.002070320661586078,0.23394551787732654
38,"([0, 0, 0, 0, 0, 1], [5])","([0.26, 0.15, 0.05, 0.3, 0.2, 0.05], [4])",-0.0,-0.0,-0.0,-0.0,-0.0,-0.7090000000000001,-0.7090000000000001,0.6770544821226734,0.029875197215740612,0.23394551787732654
39,"([0, 0, 0, 0, 0, 1], [5])","([0.26, 0.15, 0.05, 0.3, 0.2, 0.05], [3])",-0.0,-0.0,-0.0,-0.0,-0.0,-0.7090000000000001,-0.7090000000000001,0.6770544821226734,0.0618207150930673,0.23394551787732654
40,"([0, 0, 0, 0, 0, 1], [5])","([0.26, 0.15, 0.05, 0.3, 0.2, 0.05], [3])",-0.0,-0.0,-0.0,-0.0,-0.0,-0.7090000000000001,-0.7090000000000001,0.6770544821226734,0.09376623297039399,0.23394551787732654
41,"([0, 0, 0, 0, 0, 1], [5])","([0.26, 0.15, 0.05, 0.3, 0.2, 0.05], [4])",-0.0,-0.0,-0.0,-0.0,-0.0,-0.7090000000000001,-0.7090000000000001,0.6770544821226734,0.12571175084772068,0.23394551787732654
42,"([0, 0, 0, 0, 0, 1], [5])","([0.26, 0.15, 0.05, 0.3, 0.2, 0.05], [4])",-0.0,-0.0,-0.0,-0.0,-0.0,-0.7090000000000001,-0.7090000000000001,0.6770544821226734,0.15765726872504737,0.23394551787732654
43,"([0, 0, 0, 0, 0, 1], [5])","([0.26, 0.15, 0.05, 0.3, 0.2, 0.05], [0])",-0.0,-0.0,-0.0,-0.0,-0.0,-0.7090000000000001,-0.7090000000000001,0.6770544821226734,0.18960278660237406,0.23394551787732654
44,"([0, 0, 0, 0, 0, 1], [5])","([0.26, 0.15, 0.05, 0.3, 0.2, 0.05], [0])",-0.0,-0.0,-0.0,-0.0,-0.0,-0.7090000000000001,-0.7090000000000001,0.6770544821226734,0.22154830447970075,0.23394551787732654
45,"([0, 0, 0, 0, 0, 1], [5])","([0.26, 0.15, 0.05, 0.3, 0.2, 0.05], [4])",-0.0,-0.0,-0.0,-0.0,-0.0,-0.7090000000000001,-0.7090000000000001,0.6770544821226734,0.25349382235702744,0.23394551787732654
46,"([0, 0, 0, 0, 0, 1], [5])","([0.26, 0.15, 0.05, 0.3, 0.2, 0.05], [0])",-0.0,-0.0,-0.0,-0.0,-0.0,-0.7090000000000001,-0.7090000000000001,0.6770544821226734,0.28543934023435413,0.23394551787732654
47,"([0, 0, 0, 0, 0, 1], [5])","([0.26, 0.15, 0.05, 0.3, 0.2, 0.05], [4])",-0.0,-0.0,-0.0,-0.0,-0.0,-0.7090000000000001,-0.7090000000000001,0.6770544821226734,0.3173848581116808,0.23394551787732654
48,"([0, 0, 0, 0, 0, 1], [5])","([0.26, 0.15, 0.05, 0.3, 0.2, 0.05], [3])",-0.0,-0.0,-0.0,-0.0,-0.0,-0.7090000000000001,-0.7090000000000001,0.6770544821226734,0.3493303759890075,0.23394551787732654
49,"([0, 0, 0, 0, 0, 1], [5])","([0.26, 0.15, 0.05, 0.3, 0.2, 0.05], [1])",-0.0,-0.0,-0.0,-0.0,-0.0,-0.7090000000000001,-0.7090000000000001,0.6770544821226734,0.3812758938663342,0.23394551787732654
50,"([0, 0, 0, 0, 0, 1], [5])","([0.26, 0.15, 0.05, 0.3, 0.2, 0.05], [3])",-0.0,-0.0,-0.0,-0.0,-0.0,-0.7090000000000001,-0.7090000000000001,0.6770544821226734,0.4132214117436609,0.23394551787732654
51,"([0, 0, 0, 0, 0, 1], [5])","([0.26, 0.15, 0.05, 0.3, 0.2, 0.05], [3])",-0.0,-0.0,-0.0,-0.0,-0.0,-0.7090000000000001,-0.7090000000000001,0.6770544821226734,0.4451669296209876,0.23394551787732654
52,"([0, 0, 0, 0, 0, 1], [5])","([0.26, 0.15, 0.05, 0.3, 0.2, 0.05], [5])",-0.0,-0.0,-0.0,-0.0,-0.0,-0.0,0.0,0.6770544821226734,-0.2318875525016858,0.23394551787732654
53,"([0, 0, 0, 0, 0, 1], [5])","([0.26, 0.15, 0.05, 0.3, 0.2, 0.05], [0])",-0.0,-0.0,-0.0,-0.0,-0.0,-0.7090000000000001,-0.7090000000000001,0.6770544821226734,-0.1999420346243591,0.23394551787732654
54,"([0, 0, 0, 0, 0, 1], [5])","([0.26, 0.15, 0.05, 0.3, 0.2, 0.05], [3])",-0.0,-0.0,-0.0,-0.0,-0.0,-0.7090000000000001,-0.7090000000000001,0.6770544821226734,-0.16799651674703242,0.23394551787732654
55,"([0, 0, 0, 0, 0, 1], [5])","([0.26, 0.15, 0.05, 0.3, 0.2, 0.05], [4])",-0.0,-0.0,-0.0,-0.0,-0.0,-0.7090000000000001,-0.7090000000000001,0.6770544821226734,-0.13605099886970573,0.23394551787732654
56,"([0, 0, 0, 0, 0, 1], [5])","([0.26, 0.15, 0.05, 0.3, 0.2, 0.05], [3])",-0.0,-0.0,-0.0,-0.0,-0.0,-0.7090000000000001,-0.7090000000000001,0.6770544821226734,-0.10410548099237904,0.23394551787732654
57,"([0, 0, 0, 0, 0, 1], [5])","([0.26, 0.15, 0.05, 0.3, 0.2, 0.05], [1])",-0.0,-0.0,-0.0,-0.0,-0.0,-0.7090000000000001,-0.7090000000000001,0.6770544821226734,-0.07215996311505235,0.23394551787732654
58,"([0, 0, 0, 0, 0, 1], [5])","([0.26, 0.15, 0.05, 0.3, 0.2, 0.05], [4])",-0.0,-0.0,-0.0,-0.0,-0.0,-0.7090000000000001,-0.7090000000000001,0.6770544821226734,-0.04021444523772566,0.23394551787732654
59,"([0, 0, 0, 0, 0, 1], [5])","([0.26, 0.15, 0.05, 0.3, 0.2, 0.05], [0])",-0.0,-0.0,-0.0,-0.0,-0.0,-0.7090000000000001,-0.7090000000000001,0.6770544821226734,-0.00826892736039897,0.23394551787732654
60,"([0, 0, 0, 0, 0, 1], [5])","([0.26, 0.15, 0.05, 0.3, 0.2, 0.05], [3])",-0.0,-0.0,-0.0,-0.0,-0.0,-0.7090000000000001,-0.7090000000000001,0.6770544821226734,0.02367659051692772,0.23394551787732654
61,"([0, 0, 0, 0, 0, 1], [5])","([0.26, 0.15, 0.05, 0.3, 0.2, 0.05], [3])",-0.0,-0.0,-0.0,-0.0,-0.0,-0.7090000000000001,-0.7090000000000001,0.6770544821226734,0.05562210839425441,0.23394551787732654
62,"([0, 0, 0, 0, 0, 1], [5])","([0.26, 0.15, 0.05, 0.3, 0.2, 0.05], [0])",-0.0,-0.0,-0.0,-0.0,-0.0,-0.7090000000000001,-0.7090000000000001,0.6770544821226734,0.0875676262715811,0.23394551787732654
63,"([0, 0, 0, 0, 0, 1], [5])","([0.26, 0.15, 0.05, 0.3, 0.2, 0.05], [0])",-0.0,-0.0,-0.0,-0.0,-0.0,-0.7090000000000001,-0.7090000000000001,0.6770544821226734,0.11951314414890779,0.23394551787732654
64,"([0, 0, 0, 0, 0, 1], [5])","([0.26, 0.15, 0.05, 0.3, 0.2, 0.05], [0])",-0.0,-0.0,-0.0,-0.0,-0.0,-0.7090000000000001,-0.7090000000000001,0.6770544821226734,0.15145866202623448,0.23394551787732654
65,"([0, 0, 0, 0, 0, 1], [5])","([0.26, 0.15, 0.05, 0.3, 0.2, 0.05], [2])",-0.0,-0.0,-0.0,-0.0,-0.0,-0.7090000000000001,-0.7090000000000001,0.6770544821226734,0.18340417990356117,0.23394551787732654
66,"([0, 0, 0, 0, 0, 1], [5])","([0.26, 0.15, 0.05, 0.3, 0.2, 0.05], [1])",-0.0,-0.0,-0.0,-0.0,-0.0,-0.7090000000000001,-0.7090000000000001,0.6770544821226734,0.21534969778088786,0.23394551787732654
67,"([0, 0, 0, 0, 0, 1], [5])","([0.26, 0.15, 0.05, 0.3, 0.2, 0.05], [1])",-0.0,-0.0,-0.0,-0.0,-0.0,-0.7090000000000001,-0.7090000000000001,0.6770544821226734,0.24729521565821455,0.23394551787732654
68,"([0, 0, 0, 0, 0, 1], [5])","([0.26, 0.15, 0.05, 0.3, 0.2, 0.05], [3])",-0.0,-0.0,-0.0,-0.0,-0.0,-0.7090000000000001,-0.7090000000000001,0.6770544821226734,0.27924073353554124,0.23394551787732654
69,"([0, 0, 0, 0, 0, 1], [5])","([0.26, 0.15, 0.05, 0.3, 0.2, 0.05], [0])",-0.0,-0.0,-0.0,-0.0,-0.0,-0.7090000000000001,-0.7090000000000001,0.6770544821226734,0.31118625141286793,0.23394551787732654
70,"([0, 0, 0, 0, 0, 1], [5])","([0.26, 0.15, 0.05, 0.3, 0.2, 0.05], [4])",-0.0,-0.0,-0.0,-0.0,-0.0,-0.7090000000000001,-0.7090000000000001,0.6770544821226734,0.3431317692901946,0.23394551787732654
71,"([0, 0, 0, 0, 0, 1], [5])","([0.26, 0.15, 0.05, 0.3, 0.2, 0.05], [1])",-0.0,-0.0,-0.0,-0.0,-0.0,-0.7090000000000001,-0.7090000000000001,0.6770544821226734,0.3750772871675213,0.23394551787732654
72,"([0, 0, 0, 0, 0, 1], [5])","([0.26, 0.15, 0.05, 0.3, 0.2, 0.05], [1])",-0.0,-0.0,-0.0,-0.0,-0.0,-0.7090000000000001,-0.7090000000000001,0.6770544821226734,0.407022805044848,0.23394551787732654
73,"([0, 0, 0, 0, 0, 1], [5])","([0.26, 0.15, 0.05, 0.3, 0.2, 0.05], [2])",-0.0,-0.0,-0.0,-0.0,-0.0,-0.7090000000000001,-0.7090000000000001,0.6770544821226734,0.4389683229221747,0.23394551787732654
74,"([0, 0, 0, 0, 0, 1], [5])","([0.26, 0.15, 0.05, 0.3, 0.2, 0.05], [5])",-0.0,-0.0,-0.0,-0.0,-0.0,-0.0,0.0,0.6770544821226734,-0.2380861592004987,0.23394551787732654
75,"([0, 0, 0, 0, 0, 1], [5])","([0.26, 0.15, 0.05, 0.3, 0.2, 0.05], [2])",-0.0,-0.0,-0.0,-0.0,-0.0,-0.7090000000000001,-0.7090000000000001,0.6770544821226734,-0.206140641323172,0.23394551787732654
76,"([0, 0, 0, 0, 0, 1], [5])","([0.26, 0.15, 0.05, 0.3, 0.2, 0.05], [3])",-0.0,-0.0,-0.0,-0.0,-0.0,-0.7090000000000001,-0.7090000000000001,0.6770544821226734,-0.1741951234458453,0.23394551787732654
77,"([0, 0, 0, 0, 0, 1], [5])","([0.26, 0.15, 0.05, 0.3, 0.2, 0.05], [1])",-0.0,-0.0,-0.0,-0.0,-0.0,-0.7090000000000001,-0.7090000000000001,0.6770544821226734,-0.14224960556851862,0.23394551787732654
78,"([0, 0, 0, 0, 0, 1], [5])","([0.26, 0.15, 0.05, 0.3, 0.2, 0.05], [1])",-0.0,-0.0,-0.0,-0.0,-0.0,-0.7090000000000001,-0.7090000000000001,0.6770544821226734,-0.11030408769119193,0.23394551787732654
79,"([0, 0, 0, 0, 0, 1], [5])","([0.26, 0.15, 0.05, 0.3, 0.2, 0.05], [0])",-0.0,-0.0,-0.0,-0.0,-0.0,-0.7090000000000001,-0.7090000000000001,0.6770544821226734,-0.07835856981386524,0.23394551787732654
80,"([0, 0, 0, 0, 0, 1], [5])","([0.26, 0.15, 0.05, 0.3, 0.2, 0.05], [4])",-0.0,-0.0,-0.0,-0.0,-0.0,-0.7090000000000001,-0.7090000000000001,0.6770544821226734,-0.04641305193653855,0.23394551787732654
81,"([0, 0, 0, 0, 0, 1], [5])","([0.26, 0.15, 0.05, 0.3, 0.2, 0.05], [5])",-0.0,-0.0,-0.0,-0.0,-0.0,-0.0,0.0,0.6770544821226734,-0.7234675340592119,0.23394551787732654
82,"([0, 0, 0, 0, 0, 1], [5])","([0.26, 0.15, 0.05, 0.3, 0.2, 0.05], [0])",-0.0,-0.0,-0.0,-0.0,-0.0,-0.7090000000000001,-0.7090000000000001,0.6770544821226734,-0.6915220161818852,0.23394551787732654
83,"([0, 0, 0, 0, 0, 1], [5])","([0.26, 0.15, 0.05, 0.3, 0.2, 0.05], [0])",-0.0,-0.0,-0.0,-0.0,-0.0,-0.7090000000000001,-0.7090000000000001,0.6770544821226734,-0.6595764983045586,0.23394551787732654
84,"([0, 0, 0, 0, 0, 1], [5])","([0.26, 0.15, 0.05, 0.3, 0.2, 0.05], [0])",-0.0,-0.0,-0.0,-0.0,-0.0,-0.7090000000000001,-0.7090000000000001,0.6770544821226734,-0.6276309804272319,0.23394551787732654
85,"([0, 0, 0, 0, 0, 1], [5])","([0.26, 0.15, 0.05, 0.3, 0.2, 0.05], [0])",-0.0,-0.0,-0.0,-0.0,-0.0,-0.7090000000000001,-0.7090000000000001,0.6770544821226734,-0.5956854625499052,0.23394551787732654
86,"([0, 0, 0, 0, 0, 1], [5])","([0.26, 0.15, 0.05, 0.3, 0.2, 0.05], [3])",-0.0,-0.0,-0.0,-0.0,-0.0,-0.7090000000000001,-0.7090000000000001,0.6770544821226734,-0.5637399446725785,0.23394551787732654
87,"([0, 0, 0, 0, 0, 1], [5])","([0.26, 0.15, 0.05, 0.3, 0.2, 0.05], [0])",-0.0,-0.0,-0.0,-0.0,-0.0,-0.7090000000000001,-0.7090000000000001,0.6770544821226734,-0.5317944267952518,0.23394551787732654
88,"([0, 0, 0, 0, 0, 1], [5])","([0.26, 0.15, 0.05, 0.3, 0.2, 0.05], [0])",-0.0,-0.0,-0.0,-0.0,-0.0,-0.7090000000000001,-0.7090000000000001,0.6770544821226734,-0.4998489089179251,0.23394551787732654
89,"([0, 0, 0, 0, 0, 1], [5])","([0.26, 0.15, 0.05, 0.3, 0.2, 0.05], [0])",-0.0,-0.0,-0.0,-0.0,-0.0,-0.7090000000000001,-0.7090000000000001,0.6770544821226734,-0.4679033910405984,0.23394551787732654
90,"([0, 0, 0, 0, 0, 1], [5])","([0.26, 0.15, 0.05, 0.3, 0.2, 0.05], [3])",-0.0,-0.0,-0.0,-0.0,-0.0,-0.7090000000000001,-0.7090000000000001,0.6770544821226734,-0.4359578731632717,0.23394551787732654
91,"([0, 0, 0, 0, 0, 1], [5])","([0.26, 0.15, 0.05, 0.3, 0.2, 0.05], [3])",-0.0,-0.0,-0.0,-0.0,-0.0,-0.7090000000000001,-0.7090000000000001,0.6770544821226734,-0.40401235528594504,0.23394551787732654
92,"([0, 0, 0, 0, 0, 1], [5])","([0.26, 0.15, 0.05, 0.3, 0.2, 0.05], [4])",-0.0,-0.0,-0.0,-0.0,-0.0,-0.7090000000000001,-0.7090000000000001,0.6770544821226734,-0.37206683740861834,0.23394551787732654
93,"([0, 0, 0, 0, 0, 1], [5])","([0.26, 0.15, 0.05, 0.3, 0.2, 0.05], [0])",-0.0,-0.0,-0.0,-0.0,-0.0,-0.7090000000000001,-0.7090000000000001,0.6770544821226734,-0.34012131953129165,0.23394551787732654
94,"([0, 0, 0, 0, 0, 1], [5])","([0.26, 0.15, 0.05, 0.3, 0.2, 0.05], [0])",-0.0,-0.0,-0.0,-0.0,-0.0,-0.7090000000000001,-0.7090000000000001,0.6770544821226734,-0.30817580165396496,0.23394551787732654
95,"([0, 0, 0, 0, 0, 1], [5])","([0.26, 0.15, 0.05, 0.3, 0.2, 0.05], [3])",-0.0,-0.0,-0.0,-0.0,-0.0,-0.7090000000000001,-0.7090000000000001,0.6770544821226734,-0.2762302837766383,0.23394551787732654
96,"([0, 0, 0, 0, 0, 1], [5])","([0.26, 0.15, 0.05, 0.3, 0.2, 0.05], [4])",-0.0,-0.0,-0.0,-0.0,-0.0,-0.7090000000000001,-0.7090000000000001,0.6770544821226734,-0.24428476589931158,0.23394551787732654
97,"([0, 0, 0, 0, 0, 1], [5])","([0.26, 0.15, 0.05, 0.3, 0.2, 0.05], [5])",-0.0,-0.0,-0.0,-0.0,-0.0,-0.0,0.0,0.6770544821226734,-0.921339248021985,0.23394551787732654
98,"([0, 0, 0, 0, 0, 1], [5])","([0.26, 0.15, 0.05, 0.3, 0.2, 0.05], [1])",-0.0,-0.0,-0.0,-0.0,-0.0,-0.7090000000000001,-0.7090000000000001,0.6770544821226734,-0.8893937301446583,0.23394551787732654
99,"([0, 0, 0, 0, 0, 1], [5])","([0.26, 0.15, 0.05, 0.3, 0.2, 0.05], [0])",-0.0,-0.0,-0.0,-0.0,-0.0,-0.7090000000000001,-0.7090000000000001,0.6770544821226734,-0.8574482122673316,0.23394551787732654
100,"([0, 0, 0, 0, 0, 1], [5])","([0.26, 0.15, 0.05, 0.3, 0.2, 0.05], [4])",-0.0,-0.0,-0.0,-0.0,-0.0,-0.7090000000000001,-0.7090000000000001,0.6770544821226734,-0.8255026943900049,0.23394551787732654
101,"([0, 0, 0, 0, 0, 1], [5])","([0.26, 0.15, 0.05, 0.3, 0.2, 0.05], [4])",-0.0,-0.0,-0.0,-0.0,-0.0,-0.7090000000000001,-0.7090000000000001,0.6770544821226734,-0.7935571765126782,0.23394551787732654
102,"([0, 0, 0, 0, 0, 1], [5])","([0.26, 0.15, 0.05, 0.3, 0.2, 0.05], [3])",-0.0,-0.0,-0.0,-0.0,-0.0,-0.7090000000000001,-0.7090000000000001,0.6770544821226734,-0.7616116586353515,0.23394551787732654
103,"([0, 0, 0, 0, 0, 1], [5])","([0.26, 0.15, 0.05, 0.3, 0.2, 0.05], [4])",-0.0,-0.0,-0.0,-0.0,-0.0,-0.7090000000000001,-0.7090000000000001,0.6770544821226734,-0.7296661407580248,0.23394551787732654
104,"([0, 0, 0, 0, 0, 1], [5])","([0.26, 0.15, 0.05, 0.3, 0.2, 0.05], [0])",-0.0,-0.0,-0.0,-0.0,-0.0,-0.7090000000000001,-0.7090000000000001,0.6770544821226734,-0.6977206228806981,0.23394551787732654
105,"([0, 0, 0, 0, 0, 1], [5])","([0.26, 0.15, 0.05, 0.3, 0.2, 0.05], [0])",-0.0,-0.0,-0.0,-0.0,-0.0,-0.7090000000000001,-0.7090000000000001,0.6770544821226734,-0.6657751050033714,0.23394551787732654
106,"([0, 0, 0, 0, 0, 1], [5])","([0.26, 0.15, 0.05, 0.3, 0.2, 0.05], [1])",-0.0,-0.0,-0.0,-0.0,-0.0,-0.7090000000000001,-0.7090000000000001,0.6770544821226734,-0.6338295871260448,0.23394551787732654
107,"([0, 0, 0, 0, 0, 1], [5])","([0.26, 0.15, 0.05, 0.3, 0.2, 0.05], [0])",-0.0,-0.0,-0.0,-0.0,-0.0,-0.7090000000000001,-0.7090000000000001,0.6770544821226734,-0.6018840692487181,0.23394551787732654
108,"([0, 0, 0, 0, 0, 1], [5])","([0.26, 0.15, 0.05, 0.3, 0.2, 0.05], [2])",-0.0,-0.0,-0.0,-0.0,-0.0,-0.7090000000000001,-0.7090000000000001,0.6770544821226734,-0.5699385513713914,0.23394551787732654
109,"([0, 0, 0, 0, 0, 1], [5])","([0.26, 0.15, 0.05, 0.3, 0.2, 0.05], [1])",-0.0,-0.0,-0.0,-0.0,-0.0,-0.7090000000000001,-0.7090000000000001,0.6770544821226734,-0.5379930334940647,0.23394551787732654
110,"([0, 0, 0, 0, 0, 1], [5])","([0.26, 0.15, 0.05, 0.3, 0.2, 0.05], [3])",-0.0,-0.0,-0.0,-0.0,-0.0,-0.7090000000000001,-0.7090000000000001,0.6770544821226734,-0.506047515616738,0.23394551787732654
111,"([0, 0, 0, 0, 0, 1], [5])","([0.26, 0.15, 0.05, 0.3, 0.2, 0.05], [4])",-0.0,-0.0,-0.0,-0.0,-0.0,-0.7090000000000001,-0.7090000000000001,0.6770544821226734,-0.4741019977394113,0.23394551787732654
112,"([0, 0, 0, 0, 0, 1], [5])","([0.26, 0.15, 0.05, 0.3, 0.2, 0.05], [4])",-0.0,-0.0,-0.0,-0.0,-0.0,-0.7090000000000001,-0.7090000000000001,0.6770544821226734,-0.4421564798620846,0.23394551787732654
113,"([0, 0, 0, 0, 0, 1], [5])","([0.26, 0.15, 0.05, 0.3, 0.2, 0.05], [0])",-0.0,-0.0,-0.0,-0.0,-0.0,-0.7090000000000001,-0.7090000000000001,0.6770544821226734,-0.4102109619847579,0.23394551787732654
114,"([0, 0, 0, 0, 0, 1], [5])","([0.26, 0.15, 0.05, 0.3, 0.2, 0.05], [0])",-0.0,-0.0,-0.0,-0.0,-0.0,-0.7090000000000001,-0.7090000000000001,0.6770544821226734,-0.37826544410743124,0.23394551787732654
115,"([0, 0, 0, 0, 0, 1], [5])","([0.26, 0.15, 0.05, 0.3, 0.2, 0.05], [3])",-0.0,-0.0,-0.0,-0.0,-0.0,-0.7090000000000001,-0.7090000000000001,0.6770544821226734,-0.34631992623010455,0.23394551787732654
116,"([0, 0, 0, 0, 0, 1], [5])","([0.26, 0.15, 0.05, 0.3, 0.2, 0.05], [3])",-0.0,-0.0,-0.0,-0.0,-0.0,-0.7090000000000001,-0.7090000000000001,0.6770544821226734,-0.31437440835277786,0.23394551787732654
117,"([0, 0, 0, 0, 0, 1], [5])","([0.26, 0.15, 0.05, 0.3, 0.2, 0.05], [1])",-0.0,-0.0,-0.0,-0.0,-0.0,-0.7090000000000001,-0.7090000000000001,0.6770544821226734,-0.28242889047545117,0.23394551787732654
118,"([0, 0, 0, 0, 0, 1], [5])","([0.26, 0.15, 0.05, 0.3, 0.2, 0.05], [0])",-0.0,-0.0,-0.0,-0.0,-0.0,-0.7090000000000001,-0.7090000000000001,0.6770544821226734,-0.2504833725981245,0.23394551787732654
119,"([0, 0, 0, 0, 0, 1], [5])","([0.26, 0.15, 0.05, 0.3, 0.2, 0.05], [2])",-0.0,-0.0,-0.0,-0.0,-0.0,-0.7090000000000001,-0.7090000000000001,0.6770544821226734,-0.2185378547207978,0.23394551787732654
120,"([0, 0, 0, 0, 0, 1], [5])","([0.26, 0.15, 0.05, 0.3, 0.2, 0.05], [2])",-0.0,-0.0,-0.0,-0.0,-0.0,-0.7090000000000001,-0.7090000000000001,0.6770544821226734,-0.1865923368434711,0.23394551787732654
121,"([0, 0, 0, 0, 0, 1], [5])","([0.26, 0.15, 0.05, 0.3, 0.2, 0.05], [0])",-0.0,-0.0,-0.0,-0.0,-0.0,-0.7090000000000001,-0.7090000000000001,0.6770544821226734,-0.1546468189661444,0.23394551787732654
122,"([0, 0, 0, 0, 0, 1], [5])","([0.26, 0.15, 0.05, 0.3, 0.2, 0.05], [3])",-0.0,-0.0,-0.0,-0.0,-0.0,-0.7090000000000001,-0.7090000000000001,0.6770544821226734,-0.12270130108881772,0.23394551787732654
123,"([0, 0, 0, 0, 0, 1], [5])","([0.26, 0.15, 0.05, 0.3, 0.2, 0.05], [3])",-0.0,-0.0,-0.0,-0.0,-0.0,-0.7090000000000001,-0.7090000000000001,0.6770544821226734,-0.09075578321149103,0.23394551787732654
124,"([0, 0, 0, 0, 0, 1], [5])","([0.26, 0.15, 0.05, 0.3, 0.2, 0.05], [4])",-0.0,-0.0,-0.0,-0.0,-0.0,-0.7090000000000001,-0.7090000000000001,0.6770544821226734,-0.058810265334164336,0.23394551787732654
125,"([0, 0, 0, 0, 0, 1], [5])","([0.26, 0.15, 0.05, 0.3, 0.2, 0.05], [4])",-0.0,-0.0,-0.0,-0.0,-0.0,-0.7090000000000001,-0.7090000000000001,0.6770544821226734,-0.026864747456837645,0.23394551787732654
126,"([0, 0, 0, 0, 0, 1], [5])","([0.26, 0.15, 0.05, 0.3, 0.2, 0.05], [0])",-0.0,-0.0,-0.0,-0.0,-0.0,-0.7090000000000001,-0.7090000000000001,0.6770544821226734,0.005080770420489045,0.23394551787732654
127,"([0, 0, 0, 0, 0, 1], [5])","([0.26, 0.15, 0.05, 0.3, 0.2, 0.05], [0])",-0.0,-0.0,-0.0,-0.0,-0.0,-0.7090000000000001,-0.7090000000000001,0.6770544821226734,0.037026288297815735,0.23394551787732654
128,"([0, 0, 0, 0, 0, 1], [5])","([0.26, 0.15, 0.05, 0.3, 0.2, 0.05], [1])",-0.0,-0.0,-0.0,-0.0,-0.0,-0.7090000000000001,-0.7090000000000001,0.6770544821226734,0.06897180617514242,0.23394551787732654
129,"([0, 0, 0, 0, 0, 1], [5])","([0.26, 0.15, 0.05, 0.3, 0.2, 0.05], [4])",-0.0,-0.0,-0.0,-0.0,-0.0,-0.7090000000000001,-0.7090000000000001,0.6770544821226734,0.10091732405246912,0.23394551787732654
130,"([0, 0, 0, 0, 0, 1], [5])","([0.26, 0.15, 0.05, 0.3, 0.2, 0.05], [3])",-0.0,-0.0,-0.0,-0.0,-0.0,-0.7090000000000001,-0.7090000000000001,0.6770544821226734,0.1328628419297958,0.23394551787732654
131,"([0, 0, 0, 0, 0, 1], [5])","([0.26, 0.15, 0.05, 0.3, 0.2, 0.05], [3])",-0.0,-0.0,-0.0,-0.0,-0.0,-0.7090000000000001,-0.7090000000000001,0.6770544821226734,0.1648083598071225,0.23394551787732654
132,"([0, 0, 0, 0, 0, 1], [5])","([0.26, 0.15, 0.05, 0.3, 0.2, 0.05], [2])",-0.0,-0.0,-0.0,-0.0,-0.0,-0.7090000000000001,-0.7090000000000001,0.6770544821226734,0.19675387768444919,0.23394551787732654
133,"([0, 0, 0, 0, 0, 1], [5])","([0.26, 0.15, 0.05, 0.3, 0.2, 0.05], [0])",-0.0,-0.0,-0.0,-0.0,-0.0,-0.7090000000000001,-0.7090000000000001,0.6770544821226734,0.22869939556177588,0.23394551787732654
134,"([0, 0, 0, 0, 0, 1], [5])","([0.26, 0.15, 0.05, 0.3, 0.2, 0.05], [0])",-0.0,-0.0,-0.0,-0.0,-0.0,-0.7090000000000001,-0.7090000000000001,0.6770544821226734,0.26064491343910257,0.23394551787732654
135,"([0, 0, 0, 0, 0, 1], [5])","([0.26, 0.15, 0.05, 0.3, 0.2, 0.05], [4])",-0.0,-0.0,-0.0,-0.0,-0.0,-0.7090000000000001,-0.7090000000000001,0.6770544821226734,0.29259043131642926,0.23394551787732654
136,"([0, 0, 0, 0, 0, 1], [5])","([0.26, 0.15, 0.05, 0.3, 0.2, 0.05], [4])",-0.0,-0.0,-0.0,-0.0,-0.0,-0.7090000000000001,-0.7090000000000001,0.6770544821226734,0.32453594919375595,0.23394551787732654
137,"([0, 0, 0, 0, 0, 1], [5])","([0.26, 0.15, 0.05, 0.3, 0.2, 0.05], [3])",-0.0,-0.0,-0.0,-0.0,-0.0,-0.7090000000000001,-0.7090000000000001,0.6770544821226734,0.35648146707108264,0.23394551787732654
138,"([0, 0, 0, 0, 0, 1], [5])","([0.26, 0.15, 0.05, 0.3, 0.2, 0.05], [4])",-0.0,-0.0,-0.0,-0.0,-0.0,-0.7090000000000001,-0.7090000000000001,0.6770544821226734,0.3884269849484093,0.23394551787732654
139,"([0, 0, 0, 0, 0, 1], [5])","([0.26, 0.15, 0.05, 0.3, 0.2, 0.05], [1])",-0.0,-0.0,-0.0,-0.0,-0.0,-0.7090000000000001,-0.7090000000000001,0.6770544821226734,0.420372502825736,0.23394551787732654
140,"([0, 0, 0, 0, 0, 1], [5])","([0.26, 0.15, 0.05, 0.3, 0.2, 0.05], [1])",-0.0,-0.0,-0.0,-0.0,-0.0,-0.7090000000000001,-0.7090000000000001,0.6770544821226734,0.4523180207030627,0.23394551787732654
141,"([0, 0, 0, 0, 0, 1], [5])","([0.26, 0.15, 0.05, 0.3, 0.2, 0.05], [0])",-0.0,-0.0,-0.0,-0.0,-0.0,-0.7090000000000001,-0.7090000000000001,0.6770544821226734,0.4842635385803894,0.23394551787732654
142,"([0, 0, 0, 0, 0, 1], [5])","([0.26, 0.15, 0.05, 0.3, 0.2, 0.05], [2])",-0.0,-0.0,-0.0,-0.0,-0.0,-0.7090000000000001,-0.7090000000000001,0.6770544821226734,0.5162090564577161,0.23394551787732654
143,"([0, 0, 0, 0, 0, 1], [5])","([0.26, 0.15, 0.05, 0.3, 0.2, 0.05], [4])",-0.0,-0.0,-0.0,-0.0,-0.0,-0.7090000000000001,-0.7090000000000001,0.6770544821226734,0.5481545743350428,0.23394551787732654
144,"([0, 0, 0, 0, 0, 1], [5])","([0.26, 0.15, 0.05, 0.3, 0.2, 0.05], [4])",-0.0,-0.0,-0.0,-0.0,-0.0,-0.7090000000000001,-0.7090000000000001,0.6770544821226734,0.5801000922123695,0.23394551787732654
145,"([0, 0, 0, 0, 0, 1], [5])","([0.26, 0.15, 0.05, 0.3, 0.2, 0.05], [1])",-0.0,-0.0,-0.0,-0.0,-0.0,-0.7090000000000001,-0.7090000000000001,0.6770544821226734,0.6120456100896962,0.23394551787732654
146,"([0, 0, 0, 0, 0, 1], [5])","([0.26, 0.15, 0.05, 0.3, 0.2, 0.05], [0])",-0.0,-0.0,-0.0,-0.0,-0.0,-0.7090000000000001,-0.7090000000000001,0.6770544821226734,0.6439911279670228,0.23394551787732654
147,"([0, 0, 0, 0, 0, 1], [5])","([0.26, 0.15, 0.05, 0.3, 0.2, 0.05], [3])",-0.0,-0.0,-0.0,-0.0,-0.0,-0.7090000000000001,-0.7090000000000001,0.6770544821226734,0.6759366458443495,0.23394551787732654
148,"([0, 0, 0, 0, 0, 1], [5])","([0.26, 0.15, 0.05, 0.3, 0.2, 0.05], [1])",-0.0,-0.0,-0.0,-0.0,-0.0,-0.7090000000000001,-0.7090000000000001,0.6770544821226734,0.7078821637216762,0.23394551787732654
149,"([0, 0, 0, 0, 0, 1], [5])","([0.26, 0.15, 0.05, 0.3, 0.2, 0.05], [3])",-0.0,-0.0,-0.0,-0.0,-0.0,-0.7090000000000001,-0.7090000000000001,0.6770544821226734,0.7398276815990029,0.23394551787732654
150,"([0, 0, 0, 0, 0, 1], [5])","([0.26, 0.15, 0.05, 0.3, 0.2, 0.05], [4])",-0.0,-0.0,-0.0,-0.0,-0.0,-0.7090000000000001,-0.7090000000000001,0.6770544821226734,0.7717731994763296,0.23394551787732654
151,"([0, 0, 0, 0, 0, 1], [5])","([0.26, 0.15, 0.05, 0.3, 0.2, 0.05], [1])",-0.0,-0.0,-0.0,-0.0,-0.0,-0.7090000000000001,-0.7090000000000001,0.6770544821226734,0.8037187173536563,0.23394551787732654
152,"([0, 0, 0, 0, 0, 1], [5])","([0.26, 0.15, 0.05, 0.3, 0.2, 0.05], [3])",-0.0,-0.0,-0.0,-0.0,-0.0,-0.7090000000000001,-0.7090000000000001,0.6770544821226734,0.835664235230983,0.23394551787732654
153,"([0, 0, 0, 0, 0, 1], [5])","([0.26, 0.15, 0.05, 0.3, 0.2, 0.05], [3])",-0.0,-0.0,-0.0,-0.0,-0.0,-0.7090000000000001,-0.7090000000000001,0.6770544821226734,0.8676097531083097,0.23394551787732654
154,"([0, 0, 0, 0, 0, 1], [5])","([0.26, 0.15, 0.05, 0.3, 0.2, 0.05], [0])",-0.0,-0.0,-0.0,-0.0,-0.0,-0.7090000000000001,-0.7090000000000001,0.6770544821226734,0.8995552709856364,0.23394551787732654
155,"([0, 0, 0, 0, 0, 1], [5])","([0.26, 0.15, 0.05, 0.3, 0.2, 0.05], [1])",-0.0,-0.0,-0.0,-0.0,-0.0,-0.7090000000000001,-0.7090000000000001,0.6770544821226734,0.9315007888629631,0.23394551787732654
156,"([0, 0, 0, 0, 0, 1], [5])","([0.26, 0.15, 0.05, 0.3, 0.2, 0.05], [4])",-0.0,-0.0,-0.0,-0.0,-0.0,-0.7090000000000001,-0.7090000000000001,0.6770544821226734,0.9634463067402897,0.23394551787732654
157,"([0, 0, 0, 0, 0, 1], [5])","([0.26, 0.15, 0.05, 0.3, 0.2, 0.05], [0])",-0.0,-0.0,-0.0,-0.0,-0.0,-0.7090000000000001,-0.7090000000000001,0.6770544821226734,0.9953918246176164,0.23394551787732654
158,"([0, 0, 0, 0, 0, 1], [5])","([0.26, 0.15, 0.05, 0.3, 0.2, 0.05], [3])",-0.0,-0.0,-0.0,-0.0,-0.0,-0.7090000000000001,-0.7090000000000001,0.6770544821226734,1.0273373424949432,0.23394551787732654
159,"([0, 0, 0, 0, 0, 1], [5])","([0.26, 0.15, 0.05, 0.3, 0.2, 0.05], [3])",-0.0,-0.0,-0.0,-0.0,-0.0,-0.7090000000000001,-0.7090000000000001,0.6770544821226734,1.05928286037227,0.23394551787732654
160,"([0, 0, 0, 0, 0, 1], [5])","([0.26, 0.15, 0.05, 0.3, 0.2, 0.05], [0])",-0.0,-0.0,-0.0,-0.0,-0.0,-0.7090000000000001,-0.7090000000000001,0.6770544821226734,1.0912283782495966,0.23394551787732654
161,"([0, 0, 0, 0, 0, 1], [5])","([0.26, 0.15, 0.05, 0.3, 0.2, 0.05], [5])",-0.0,-0.0,-0.0,-0.0,-0.0,-0.0,0.0,0.6770544821226734,0.41417389612692324,0.23394551787732654
162,"([0, 0, 0, 0, 0, 1], [5])","([0.26, 0.15, 0.05, 0.3, 0.2, 0.05], [0])",-0.0,-0.0,-0.0,-0.0,-0.0,-0.7090000000000001,-0.7090000000000001,0.6770544821226734,0.4461194140042499,0.23394551787732654
163,"([0, 0, 0, 0, 0, 1], [5])","([0.26, 0.15, 0.05, 0.3, 0.2, 0.05], [3])",-0.0,-0.0,-0.0,-0.0,-0.0,-0.7090000000000001,-0.7090000000000001,0.6770544821226734,0.4780649318815766,0.23394551787732654
164,"([0, 0, 0, 0, 0, 1], [5])","([0.26, 0.15, 0.05, 0.3, 0.2, 0.05], [0])",-0.0,-0.0,-0.0,-0.0,-0.0,-0.7090000000000001,-0.7090000000000001,0.6770544821226734,0.5100104497589033,0.23394551787732654
165,"([0, 0, 0, 0, 0, 1], [5])","([0.26, 0.15, 0.05, 0.3, 0.2, 0.05], [4])",-0.0,-0.0,-0.0,-0.0,-0.0,-0.7090000000000001,-0.7090000000000001,0.6770544821226734,0.54195596763623,0.23394551787732654
166,"([0, 0, 0, 0, 0, 1], [5])","([0.26, 0.15, 0.05, 0.3, 0.2, 0.05], [4])",-0.0,-0.0,-0.0,-0.0,-0.0,-0.7090000000000001,-0.7090000000000001,0.6770544821226734,0.5739014855135567,0.23394551787732654
167,"([0, 0, 0, 0, 0, 1], [5])","([0.26, 0.15, 0.05, 0.3, 0.2, 0.05], [5])",-0.0,-0.0,-0.0,-0.0,-0.0,-0.0,0.0,0.6770544821226734,-0.1031529966091167,0.23394551787732654
168,"([0, 0, 0, 0, 0, 1], [5])","([0.26, 0.15, 0.05, 0.3, 0.2, 0.05], [3])",-0.0,-0.0,-0.0,-0.0,-0.0,-0.7090000000000001,-0.7090000000000001,0.6770544821226734,-0.07120747873179001,0.23394551787732654
169,"([0, 0, 0, 0, 0, 1], [5])","([0.26, 0.15, 0.05, 0.3, 0.2, 0.05], [1])",-0.0,-0.0,-0.0,-0.0,-0.0,-0.7090000000000001,-0.7090000000000001,0.6770544821226734,-0.03926196085446332,0.23394551787732654
170,"([0, 0, 0, 0, 0, 1], [5])","([0.26, 0.15, 0.05, 0.3, 0.2, 0.05], [1])",-0.0,-0.0,-0.0,-0.0,-0.0,-0.7090000000000001,-0.7090000000000001,0.6770544821226734,-0.007316442977136628,0.23394551787732654
171,"([0, 0, 0, 0, 0, 1], [5])","([0.26, 0.15, 0.05, 0.3, 0.2, 0.05], [0])",-0.0,-0.0,-0.0,-0.0,-0.0,-0.7090000000000001,-0.7090000000000001,0.6770544821226734,0.024629074900190062,0.23394551787732654
172,"([0, 0, 0, 0, 0, 1], [5])","([0.26, 0.15, 0.05, 0.3, 0.2, 0.05], [1])",-0.0,-0.0,-0.0,-0.0,-0.0,-0.7090000000000001,-0.7090000000000001,0.6770544821226734,0.05657459277751675,0.23394551787732654
173,"([0, 0, 0, 0, 0, 1], [5])","([0.26, 0.15, 0.05, 0.3, 0.2, 0.05], [3])",-0.0,-0.0,-0.0,-0.0,-0.0,-0.7090000000000001,-0.7090000000000001,0.6770544821226734,0.08852011065484344,0.23394551787732654
174,"([0, 0, 0, 0, 0, 1], [5])","([0.26, 0.15, 0.05, 0.3, 0.2, 0.05], [3])",-0.0,-0.0,-0.0,-0.0,-0.0,-0.7090000000000001,-0.7090000000000001,0.6770544821226734,0.12046562853217013,0.23394551787732654
175,"([0, 0, 0, 0, 0, 1], [5])","([0.26, 0.15, 0.05, 0.3, 0.2, 0.05], [1])",-0.0,-0.0,-0.0,-0.0,-0.0,-0.7090000000000001,-0.7090000000000001,0.6770544821226734,0.15241114640949682,0.23394551787732654
176,"([0, 0, 0, 0, 0, 1], [5])","([0.26, 0.15, 0.05, 0.3, 0.2, 0.05], [0])",-0.0,-0.0,-0.0,-0.0,-0.0,-0.7090000000000001,-0.7090000000000001,0.6770544821226734,0.1843566642868235,0.23394551787732654
177,"([0, 0, 0, 0, 0, 1], [5])","([0.26, 0.15, 0.05, 0.3, 0.2, 0.05], [1])",-0.0,-0.0,-0.0,-0.0,-0.0,-0.7090000000000001,-0.7090000000000001,0.6770544821226734,0.2163021821641502,0.23394551787732654
178,"([0, 0, 0, 0, 0, 1], [5])","([0.26, 0.15, 0.05, 0.3, 0.2, 0.05], [4])",-0.0,-0.0,-0.0,-0.0,-0.0,-0.7090000000000001,-0.7090000000000001,0.6770544821226734,0.2482477000414769,0.23394551787732654
179,"([0, 0, 0, 0, 0, 1], [5])","([0.26, 0.15, 0.05, 0.3, 0.2, 0.05], [5])",-0.0,-0.0,-0.0,-0.0,-0.0,-0.0,0.0,0.6770544821226734,-0.4288067820811965,0.23394551787732654
180,"([0, 0, 0, 0, 0, 1], [5])","([0.26, 0.15, 0.05, 0.3, 0.2, 0.05], [3])",-0.0,-0.0,-0.0,-0.0,-0.0,-0.7090000000000001,-0.7090000000000001,0.6770544821226734,-0.3968612642038698,0.23394551787732654
181,"([0, 0, 0, 0, 0, 1], [5])","([0.26, 0.15, 0.05, 0.3, 0.2, 0.05], [3])",-0.0,-0.0,-0.0,-0.0,-0.0,-0.7090000000000001,-0.7090000000000001,0.6770544821226734,-0.3649157463265431,0.23394551787732654
182,"([0, 0, 0, 0, 0, 1], [5])","([0.26, 0.15, 0.05, 0.3, 0.2, 0.05], [4])",-0.0,-0.0,-0.0,-0.0,-0.0,-0.7090000000000001,-0.7090000000000001,0.6770544821226734,-0.3329702284492164,0.23394551787732654
183,"([0, 0, 0, 0, 0, 1], [5])","([0.26, 0.15, 0.05, 0.3, 0.2, 0.05], [3])",-0.0,-0.0,-0.0,-0.0,-0.0,-0.7090000000000001,-0.7090000000000001,0.6770544821226734,-0.30102471057188973,0.23394551787732654
184,"([0, 0, 0, 0, 0, 1], [5])","([0.26, 0.15, 0.05, 0.3, 0.2, 0.05], [1])",-0.0,-0.0,-0.0,-0.0,-0.0,-0.7090000000000001,-0.7090000000000001,0.6770544821226734,-0.26907919269456304,0.23394551787732654
185,"([0, 0, 0, 0, 0, 1], [5])","([0.26, 0.15, 0.05, 0.3, 0.2, 0.05], [1])",-0.0,-0.0,-0.0,-0.0,-0.0,-0.7090000000000001,-0.7090000000000001,0.6770544821226734,-0.23713367481723635,0.23394551787732654
186,"([0, 0, 0, 0, 0, 1], [5])","([0.26, 0.15, 0.05, 0.3, 0.2, 0.05], [2])",-0.0,-0.0,-0.0,-0.0,-0.0,-0.7090000000000001,-0.7090000000000001,0.6770544821226734,-0.20518815693990966,0.23394551787732654
187,"([0, 0, 0, 0, 0, 1], [5])","([0.26, 0.15, 0.05, 0.3, 0.2, 0.05], [4])",-0.0,-0.0,-0.0,-0.0,-0.0,-0.7090000000000001,-0.7090000000000001,0.6770544821226734,-0.17324263906258297,0.23394551787732654
188,"([0, 0, 0, 0, 0, 1], [5])","([0.26, 0.15, 0.05, 0.3, 0.2, 0.05], [2])",-0.0,-0.0,-0.0,-0.0,-0.0,-0.7090000000000001,-0.7090000000000001,0.6770544821226734,-0.14129712118525628,0.23394551787732654
189,"([0, 0, 0, 0, 0, 1], [5])","([0.26, 0.15, 0.05, 0.3, 0.2, 0.05], [1])",-0.0,-0.0,-0.0,-0.0,-0.0,-0.7090000000000001,-0.7090000000000001,0.6770544821226734,-0.10935160330792959,0.23394551787732654
190,"([0, 0, 0, 0, 0, 1], [5])","([0.26, 0.15, 0.05, 0.3, 0.2, 0.05], [3])",-0.0,-0.0,-0.0,-0.0,-0.0,-0.7090000000000001,-0.7090000000000001,0.6770544821226734,-0.0774060854306029,0.23394551787732654
191,"([0, 0, 0, 0, 0, 1], [5])","([0.26, 0.15, 0.05, 0.3, 0.2, 0.05], [1])",-0.0,-0.0,-0.0,-0.0,-0.0,-0.7090000000000001,-0.7090000000000001,0.6770544821226734,-0.04546056755327621,0.23394551787732654
192,"([0, 0, 0, 0, 0, 1], [5])","([0.26, 0.15, 0.05, 0.3, 0.2, 0.05], [3])",-0.0,-0.0,-0.0,-0.0,-0.0,-0.7090000000000001,-0.7090000000000001,0.6770544821226734,-0.01351504967594952,0.23394551787732654
193,"([0, 0, 0, 0, 0, 1], [5])","([0.26, 0.15, 0.05, 0.3, 0.2, 0.05], [0])",-0.0,-0.0,-0.0,-0.0,-0.0,-0.7090000000000001,-0.7090000000000001,0.6770544821226734,0.01843046820137717,0.23394551787732654
194,"([0, 0, 0, 0, 0, 1], [5])","([0.26, 0.15, 0.05, 0.3, 0.2, 0.05], [1])",-0.0,-0.0,-0.0,-0.0,-0.0,-0.7090000000000001,-0.7090000000000001,0.6770544821226734,0.05037598607870386,0.23394551787732654
195,"([0, 0, 0, 0, 0, 1], [5])","([0.26, 0.15, 0.05, 0.3, 0.2, 0.05], [3])",-0.0,-0.0,-0.0,-0.0,-0.0,-0.7090000000000001,-0.7090000000000001,0.6770544821226734,0.08232150395603055,0.23394551787732654
196,"([0, 0, 0, 0, 0, 1], [5])","([0.26, 0.15, 0.05, 0.3, 0.2, 0.05], [3])",-0.0,-0.0,-0.0,-0.0,-0.0,-0.7090000000000001,-0.7090000000000001,0.6770544821226734,0.11426702183335724,0.23394551787732654
197,"([0, 0, 0, 0, 0, 1], [5])","([0.26, 0.15, 0.05, 0.3, 0.2, 0.05], [4])",-0.0,-0.0,-0.0,-0.0,-0.0,-0.7090000000000001,-0.7090000000000001,0.6770544821226734,0.14621253971068393,0.23394551787732654
198,"([0, 0, 0, 0, 0, 1], [5])","([0.26, 0.15, 0.05, 0.3, 0.2, 0.05], [4])",-0.0,-0.0,-0.0,-0.0,-0.0,-0.7090000000000001,-0.7090000000000001,0.6770544821226734,0.17815805758801062,0.23394551787732654
199,"([0, 0, 0, 0, 0, 1], [5])","([0.26, 0.15, 0.05, 0.3, 0.2, 0.05], [3])",-0.0,-0.0,-0.0,-0.0,-0.0,-0.7090000000000001,-0.7090000000000001,0.6770544821226734,0.2101035754653373,0.23394551787732654
