,sto-1,FB-0,feedback target 0,feedback target 1,feedback target 2,feedback target 3,feedback target 4,feedback target 5,total,exp_loss,actual_regret,exp_regret
0,"([0.05, 0.5, 0.09, 0.14, 0.23, 0.0], [1])","([0.17, 0.14, 0.16, 0.15, 0.22, 0.15], [1])",-0.0,-0.0,-0.0,-0.0,-0.0,-0.0,0.0,0.6176493694258708,-0.3851411411411412,0.2325082282847296
1,"([0.05, 0.5, 0.09, 0.14, 0.23, 0.0], [1])","([0.17, 0.15, 0.17, 0.15, 0.21, 0.15], [5])",-0.0,-0.713,-0.0,-0.0,-0.0,-0.0,-0.713,0.6178945512784808,-0.05728228228228238,0.46526163842206925
2,"([0.05, 0.5, 0.09, 0.14, 0.23, 0.0], [3])","([0.0, 1.0, 0.0, 0.0, 0.0, 0.0], [1])",-0.0,-0.0,-0.0,-0.7170000000000001,-0.0,-0.0,-0.7170000000000001,0.3851411411411412,0.2745765765765765,0.46526163842206925
3,"([0.05, 0.5, 0.09, 0.14, 0.23, 0.0], [1])","([0.0, 1.0, 0.0, 0.0, 0.0, 0.0], [1])",-0.0,-0.0,-0.0,-0.0,-0.0,-0.0,0.0,0.3851411411411412,-0.11056456456456465,0.46526163842206925
4,"([0.05, 0.5, 0.09, 0.14, 0.23, 0.0], [2])","([0.0, 1.0, 0.0, 0.0, 0.0, 0.0], [1])",-0.0,-0.0,-0.7390000000000001,-0.0,-0.0,-0.0,-0.7390000000000001,0.3851411411411412,0.24329429429429428,0.46526163842206925
5,"([0.05, 0.5, 0.09, 0.14, 0.23, 0.0], [3])","([0.0, 1.0, 0.0, 0.0, 0.0, 0.0], [1])",-0.0,-0.0,-0.0,-0.7170000000000001,-0.0,-0.0,-0.7170000000000001,0.3851411411411412,0.5751531531531532,0.46526163842206925
6,"([0.05, 0.5, 0.09, 0.14, 0.23, 0.0], [1])","([0.0, 1.0, 0.0, 0.0, 0.0, 0.0], [1])",-0.0,-0.0,-0.0,-0.0,-0.0,-0.0,0.0,0.3851411411411412,0.190012012012012,0.46526163842206925
7,"([0.05, 0.5, 0.09, 0.14, 0.23, 0.0], [1])","([0.0, 1.0, 0.0, 0.0, 0.0, 0.0], [1])",-0.0,-0.0,-0.0,-0.0,-0.0,-0.0,0.0,0.3851411411411412,-0.19512912912912916,0.46526163842206925
8,"([0.05, 0.5, 0.09, 0.14, 0.23, 0.0], [1])","([0.0, 1.0, 0.0, 0.0, 0.0, 0.0], [1])",-0.0,-0.0,-0.0,-0.0,-0.0,-0.0,0.0,0.3851411411411412,-0.5802702702702703,0.46526163842206925
9,"([0.05, 0.5, 0.09, 0.14, 0.23, 0.0], [1])","([0.0, 1.0, 0.0, 0.0, 0.0, 0.0], [1])",-0.0,-0.0,-0.0,-0.0,-0.0,-0.0,0.0,0.3851411411411412,-0.9654114114114115,0.46526163842206925
10,"([0.05, 0.5, 0.09, 0.14, 0.23, 0.0], [1])","([0.0, 1.0, 0.0, 0.0, 0.0, 0.0], [1])",-0.0,-0.0,-0.0,-0.0,-0.0,-0.0,0.0,0.3851411411411412,-1.3505525525525526,0.46526163842206925
11,"([0.05, 0.5, 0.09, 0.14, 0.23, 0.0], [1])","([0.0, 1.0, 0.0, 0.0, 0.0, 0.0], [1])",-0.0,-0.0,-0.0,-0.0,-0.0,-0.0,0.0,0.3851411411411412,-1.7356936936936938,0.46526163842206925
12,"([0.05, 0.5, 0.09, 0.14, 0.23, 0.0], [1])","([0.0, 1.0, 0.0, 0.0, 0.0, 0.0], [1])",-0.0,-0.0,-0.0,-0.0,-0.0,-0.0,0.0,0.3851411411411412,-2.120834834834835,0.46526163842206925
13,"([0.05, 0.5, 0.09, 0.14, 0.23, 0.0], [1])","([0.0, 1.0, 0.0, 0.0, 0.0, 0.0], [1])",-0.0,-0.0,-0.0,-0.0,-0.0,-0.0,0.0,0.3851411411411412,-2.505975975975976,0.46526163842206925
14,"([0.05, 0.5, 0.09, 0.14, 0.23, 0.0], [4])","([0.0, 1.0, 0.0, 0.0, 0.0, 0.0], [1])",-0.0,-0.0,-0.0,-0.0,-0.8190000000000001,-0.0,-0.8190000000000001,0.3851411411411412,-2.072117117117117,0.46526163842206925
15,"([0.05, 0.5, 0.09, 0.14, 0.23, 0.0], [1])","([0.0, 1.0, 0.0, 0.0, 0.0, 0.0], [1])",-0.0,-0.0,-0.0,-0.0,-0.0,-0.0,0.0,0.3851411411411412,-2.457258258258258,0.46526163842206925
16,"([0.05, 0.5, 0.09, 0.14, 0.23, 0.0], [2])","([0.0, 1.0, 0.0, 0.0, 0.0, 0.0], [1])",-0.0,-0.0,-0.7390000000000001,-0.0,-0.0,-0.0,-0.7390000000000001,0.3851411411411412,-2.103399399399399,0.46526163842206925
17,"([0.05, 0.5, 0.09, 0.14, 0.23, 0.0], [1])","([0.0, 1.0, 0.0, 0.0, 0.0, 0.0], [1])",-0.0,-0.0,-0.0,-0.0,-0.0,-0.0,0.0,0.3851411411411412,-2.48854054054054,0.46526163842206925
18,"([0.05, 0.5, 0.09, 0.14, 0.23, 0.0], [3])","([0.0, 1.0, 0.0, 0.0, 0.0, 0.0], [1])",-0.0,-0.0,-0.0,-0.7170000000000001,-0.0,-0.0,-0.7170000000000001,0.3851411411411412,-2.1566816816816807,0.46526163842206925
19,"([0.05, 0.5, 0.09, 0.14, 0.23, 0.0], [1])","([0.0, 1.0, 0.0, 0.0, 0.0, 0.0], [1])",-0.0,-0.0,-0.0,-0.0,-0.0,-0.0,0.0,0.3851411411411412,-2.541822822822822,0.46526163842206925
20,"([0.05, 0.5, 0.09, 0.14, 0.23, 0.0], [1])","([0.0, 1.0, 0.0, 0.0, 0.0, 0.0], [1])",-0.0,-0.0,-0.0,-0.0,-0.0,-0.0,0.0,0.3851411411411412,-2.9269639639639635,0.46526163842206925
21,"([0.05, 0.5, 0.09, 0.14, 0.23, 0.0], [3])","([0.0, 1.0, 0.0, 0.0, 0.0, 0.0], [1])",-0.0,-0.0,-0.0,-0.7170000000000001,-0.0,-0.0,-0.7170000000000001,0.3851411411411412,-2.5951051051051044,0.46526163842206925
22,"([0.05, 0.5, 0.09, 0.14, 0.23, 0.0], [3])","([0.0, 1.0, 0.0, 0.0, 0.0, 0.0], [1])",-0.0,-0.0,-0.0,-0.7170000000000001,-0.0,-0.0,-0.7170000000000001,0.3851411411411412,-2.2632462462462453,0.46526163842206925
23,"([0.05, 0.5, 0.09, 0.14, 0.23, 0.0], [1])","([0.0, 1.0, 0.0, 0.0, 0.0, 0.0], [1])",-0.0,-0.0,-0.0,-0.0,-0.0,-0.0,0.0,0.3851411411411412,-2.6483873873873867,0.46526163842206925
24,"([0.05, 0.5, 0.09, 0.14, 0.23, 0.0], [1])","([0.0, 1.0, 0.0, 0.0, 0.0, 0.0], [1])",-0.0,-0.0,-0.0,-0.0,-0.0,-0.0,0.0,0.3851411411411412,-3.033528528528528,0.46526163842206925
25,"([0.05, 0.5, 0.09, 0.14, 0.23, 0.0], [1])","([0.0, 1.0, 0.0, 0.0, 0.0, 0.0], [1])",-0.0,-0.0,-0.0,-0.0,-0.0,-0.0,0.0,0.3851411411411412,-3.4186696696696695,0.46526163842206925
26,"([0.05, 0.5, 0.09, 0.14, 0.23, 0.0], [1])","([0.0, 1.0, 0.0, 0.0, 0.0, 0.0], [1])",-0.0,-0.0,-0.0,-0.0,-0.0,-0.0,0.0,0.3851411411411412,-3.803810810810811,0.46526163842206925
27,"([0.05, 0.5, 0.09, 0.14, 0.23, 0.0], [2])","([0.0, 1.0, 0.0, 0.0, 0.0, 0.0], [1])",-0.0,-0.0,-0.7390000000000001,-0.0,-0.0,-0.0,-0.7390000000000001,0.3851411411411412,-3.449951951951952,0.46526163842206925
28,"([0.05, 0.5, 0.09, 0.14, 0.23, 0.0], [1])","([0.0, 1.0, 0.0, 0.0, 0.0, 0.0], [1])",-0.0,-0.0,-0.0,-0.0,-0.0,-0.0,0.0,0.3851411411411412,-3.835093093093093,0.46526163842206925
29,"([0.05, 0.5, 0.09, 0.14, 0.23, 0.0], [4])","([0.0, 1.0, 0.0, 0.0, 0.0, 0.0], [1])",-0.0,-0.0,-0.0,-0.0,-0.8190000000000001,-0.0,-0.8190000000000001,0.3851411411411412,-3.401234234234234,0.46526163842206925
30,"([0.05, 0.5, 0.09, 0.14, 0.23, 0.0], [2])","([0.0, 1.0, 0.0, 0.0, 0.0, 0.0], [1])",-0.0,-0.0,-0.7390000000000001,-0.0,-0.0,-0.0,-0.7390000000000001,0.3851411411411412,-3.047375375375375,0.46526163842206925
31,"([0.05, 0.5, 0.09, 0.14, 0.23, 0.0], [4])","([0.0, 1.0, 0.0, 0.0, 0.0, 0.0], [1])",-0.0,-0.0,-0.0,-0.0,-0.8190000000000001,-0.0,-0.8190000000000001,0.3851411411411412,-2.613516516516516,0.46526163842206925
32,"([0.05, 0.5, 0.09, 0.14, 0.23, 0.0], [3])","([0.0, 1.0, 0.0, 0.0, 0.0, 0.0], [1])",-0.0,-0.0,-0.0,-0.7170000000000001,-0.0,-0.0,-0.7170000000000001,0.3851411411411412,-2.2816576576576573,0.46526163842206925
33,"([0.05, 0.5, 0.09, 0.14, 0.23, 0.0], [2])","([0.0, 1.0, 0.0, 0.0, 0.0, 0.0], [1])",-0.0,-0.0,-0.7390000000000001,-0.0,-0.0,-0.0,-0.7390000000000001,0.3851411411411412,-1.9277987987987983,0.46526163842206925
34,"([0.05, 0.5, 0.09, 0.14, 0.23, 0.0], [2])","([0.0, 1.0, 0.0, 0.0, 0.0, 0.0], [1])",-0.0,-0.0,-0.7390000000000001,-0.0,-0.0,-0.0,-0.7390000000000001,0.3851411411411412,-1.5739399399399394,0.46526163842206925
35,"([0.05, 0.5, 0.09, 0.14, 0.23, 0.0], [1])","([0.0, 1.0, 0.0, 0.0, 0.0, 0.0], [1])",-0.0,-0.0,-0.0,-0.0,-0.0,-0.0,0.0,0.3851411411411412,-1.9590810810810806,0.46526163842206925
36,"([0.05, 0.5, 0.09, 0.14, 0.23, 0.0], [3])","([0.0, 1.0, 0.0, 0.0, 0.0, 0.0], [1])",-0.0,-0.0,-0.0,-0.7170000000000001,-0.0,-0.0,-0.7170000000000001,0.3851411411411412,-1.6272222222222217,0.46526163842206925
37,"([0.05, 0.5, 0.09, 0.14, 0.23, 0.0], [3])","([0.0, 1.0, 0.0, 0.0, 0.0, 0.0], [1])",-0.0,-0.0,-0.0,-0.7170000000000001,-0.0,-0.0,-0.7170000000000001,0.3851411411411412,-1.2953633633633628,0.46526163842206925
38,"([0.05, 0.5, 0.09, 0.14, 0.23, 0.0], [1])","([0.0, 1.0, 0.0, 0.0, 0.0, 0.0], [1])",-0.0,-0.0,-0.0,-0.0,-0.0,-0.0,0.0,0.3851411411411412,-1.680504504504504,0.46526163842206925
39,"([0.05, 0.5, 0.09, 0.14, 0.23, 0.0], [1])","([0.0, 1.0, 0.0, 0.0, 0.0, 0.0], [1])",-0.0,-0.0,-0.0,-0.0,-0.0,-0.0,0.0,0.3851411411411412,-2.0656456456456453,0.46526163842206925
40,"([0.05, 0.5, 0.09, 0.14, 0.23, 0.0], [4])","([0.0, 1.0, 0.0, 0.0, 0.0, 0.0], [1])",-0.0,-0.0,-0.0,-0.0,-0.8190000000000001,-0.0,-0.8190000000000001,0.3851411411411412,-1.6317867867867863,0.46526163842206925
41,"([0.05, 0.5, 0.09, 0.14, 0.23, 0.0], [0])","([0.0, 1.0, 0.0, 0.0, 0.0, 0.0], [1])",-0.747,-0.0,-0.0,-0.0,-0.0,-0.0,-0.747,0.3851411411411412,-1.2699279279279274,0.46526163842206925
42,"([0.05, 0.5, 0.09, 0.14, 0.23, 0.0], [4])","([0.0, 1.0, 0.0, 0.0, 0.0, 0.0], [1])",-0.0,-0.0,-0.0,-0.0,-0.8190000000000001,-0.0,-0.8190000000000001,0.3851411411411412,-0.8360690690690685,0.46526163842206925
43,"([0.05, 0.5, 0.09, 0.14, 0.23, 0.0], [4])","([0.0, 1.0, 0.0, 0.0, 0.0, 0.0], [1])",-0.0,-0.0,-0.0,-0.0,-0.8190000000000001,-0.0,-0.8190000000000001,0.3851411411411412,-0.40221021021020964,0.46526163842206925
44,"([0.05, 0.5, 0.09, 0.14, 0.23, 0.0], [1])","([0.0, 1.0, 0.0, 0.0, 0.0, 0.0], [1])",-0.0,-0.0,-0.0,-0.0,-0.0,-0.0,0.0,0.3851411411411412,-0.7873513513513508,0.46526163842206925
45,"([0.05, 0.5, 0.09, 0.14, 0.23, 0.0], [1])","([0.0, 1.0, 0.0, 0.0, 0.0, 0.0], [1])",-0.0,-0.0,-0.0,-0.0,-0.0,-0.0,0.0,0.3851411411411412,-1.172492492492492,0.46526163842206925
46,"([0.05, 0.5, 0.09, 0.14, 0.23, 0.0], [1])","([0.0, 1.0, 0.0, 0.0, 0.0, 0.0], [1])",-0.0,-0.0,-0.0,-0.0,-0.0,-0.0,0.0,0.3851411411411412,-1.5576336336336332,0.46526163842206925
47,"([0.05, 0.5, 0.09, 0.14, 0.23, 0.0], [1])","([0.0, 1.0, 0.0, 0.0, 0.0, 0.0], [1])",-0.0,-0.0,-0.0,-0.0,-0.0,-0.0,0.0,0.3851411411411412,-1.9427747747747743,0.46526163842206925
48,"([0.05, 0.5, 0.09, 0.14, 0.23, 0.0], [2])","([0.0, 1.0, 0.0, 0.0, 0.0, 0.0], [1])",-0.0,-0.0,-0.7390000000000001,-0.0,-0.0,-0.0,-0.7390000000000001,0.3851411411411412,-1.5889159159159154,0.46526163842206925
49,"([0.05, 0.5, 0.09, 0.14, 0.23, 0.0], [1])","([0.0, 1.0, 0.0, 0.0, 0.0, 0.0], [1])",-0.0,-0.0,-0.0,-0.0,-0.0,-0.0,0.0,0.3851411411411412,-1.9740570570570566,0.46526163842206925
50,"([0.05, 0.5, 0.09, 0.14, 0.23, 0.0], [1])","([0.0, 1.0, 0.0, 0.0, 0.0, 0.0], [1])",-0.0,-0.0,-0.0,-0.0,-0.0,-0.0,0.0,0.3851411411411412,-2.3591981981981975,0.46526163842206925
51,"([0.05, 0.5, 0.09, 0.14, 0.23, 0.0], [0])","([0.0, 1.0, 0.0, 0.0, 0.0, 0.0], [1])",-0.747,-0.0,-0.0,-0.0,-0.0,-0.0,-0.747,0.3851411411411412,-1.9973393393393386,0.46526163842206925
52,"([0.05, 0.5, 0.09, 0.14, 0.23, 0.0], [3])","([0.0, 1.0, 0.0, 0.0, 0.0, 0.0], [1])",-0.0,-0.0,-0.0,-0.7170000000000001,-0.0,-0.0,-0.7170000000000001,0.3851411411411412,-1.6654804804804797,0.46526163842206925
53,"([0.05, 0.5, 0.09, 0.14, 0.23, 0.0], [3])","([0.0, 1.0, 0.0, 0.0, 0.0, 0.0], [1])",-0.0,-0.0,-0.0,-0.7170000000000001,-0.0,-0.0,-0.7170000000000001,0.3851411411411412,-1.3336216216216208,0.46526163842206925
54,"([0.05, 0.5, 0.09, 0.14, 0.23, 0.0], [1])","([0.0, 1.0, 0.0, 0.0, 0.0, 0.0], [1])",-0.0,-0.0,-0.0,-0.0,-0.0,-0.0,0.0,0.3851411411411412,-1.718762762762762,0.46526163842206925
55,"([0.05, 0.5, 0.09, 0.14, 0.23, 0.0], [2])","([0.0, 1.0, 0.0, 0.0, 0.0, 0.0], [1])",-0.0,-0.0,-0.7390000000000001,-0.0,-0.0,-0.0,-0.7390000000000001,0.3851411411411412,-1.364903903903903,0.46526163842206925
56,"([0.05, 0.5, 0.09, 0.14, 0.23, 0.0], [1])","([0.0, 1.0, 0.0, 0.0, 0.0, 0.0], [1])",-0.0,-0.0,-0.0,-0.0,-0.0,-0.0,0.0,0.3851411411411412,-1.7500450450450442,0.46526163842206925
57,"([0.05, 0.5, 0.09, 0.14, 0.23, 0.0], [1])","([0.0, 1.0, 0.0, 0.0, 0.0, 0.0], [1])",-0.0,-0.0,-0.0,-0.0,-0.0,-0.0,0.0,0.3851411411411412,-2.1351861861861856,0.46526163842206925
58,"([0.05, 0.5, 0.09, 0.14, 0.23, 0.0], [0])","([0.0, 1.0, 0.0, 0.0, 0.0, 0.0], [1])",-0.747,-0.0,-0.0,-0.0,-0.0,-0.0,-0.747,0.3851411411411412,-1.7733273273273267,0.46526163842206925
59,"([0.05, 0.5, 0.09, 0.14, 0.23, 0.0], [1])","([0.0, 1.0, 0.0, 0.0, 0.0, 0.0], [1])",-0.0,-0.0,-0.0,-0.0,-0.0,-0.0,0.0,0.3851411411411412,-2.1584684684684676,0.46526163842206925
60,"([0.05, 0.5, 0.09, 0.14, 0.23, 0.0], [2])","([0.0, 1.0, 0.0, 0.0, 0.0, 0.0], [1])",-0.0,-0.0,-0.7390000000000001,-0.0,-0.0,-0.0,-0.7390000000000001,0.3851411411411412,-1.8046096096096087,0.46526163842206925
61,"([0.05, 0.5, 0.09, 0.14, 0.23, 0.0], [3])","([0.0, 1.0, 0.0, 0.0, 0.0, 0.0], [1])",-0.0,-0.0,-0.0,-0.7170000000000001,-0.0,-0.0,-0.7170000000000001,0.3851411411411412,-1.4727507507507498,0.46526163842206925
62,"([0.05, 0.5, 0.09, 0.14, 0.23, 0.0], [1])","([0.0, 1.0, 0.0, 0.0, 0.0, 0.0], [1])",-0.0,-0.0,-0.0,-0.0,-0.0,-0.0,0.0,0.3851411411411412,-1.857891891891891,0.46526163842206925
63,"([0.05, 0.5, 0.09, 0.14, 0.23, 0.0], [1])","([0.0, 1.0, 0.0, 0.0, 0.0, 0.0], [1])",-0.0,-0.0,-0.0,-0.0,-0.0,-0.0,0.0,0.3851411411411412,-2.243033033033032,0.46526163842206925
64,"([0.05, 0.5, 0.09, 0.14, 0.23, 0.0], [1])","([0.0, 1.0, 0.0, 0.0, 0.0, 0.0], [1])",-0.0,-0.0,-0.0,-0.0,-0.0,-0.0,0.0,0.3851411411411412,-2.6281741741741733,0.46526163842206925
65,"([0.05, 0.5, 0.09, 0.14, 0.23, 0.0], [1])","([0.0, 1.0, 0.0, 0.0, 0.0, 0.0], [1])",-0.0,-0.0,-0.0,-0.0,-0.0,-0.0,0.0,0.3851411411411412,-3.0133153153153147,0.46526163842206925
66,"([0.05, 0.5, 0.09, 0.14, 0.23, 0.0], [1])","([0.0, 1.0, 0.0, 0.0, 0.0, 0.0], [1])",-0.0,-0.0,-0.0,-0.0,-0.0,-0.0,0.0,0.3851411411411412,-3.398456456456456,0.46526163842206925
67,"([0.05, 0.5, 0.09, 0.14, 0.23, 0.0], [2])","([0.0, 1.0, 0.0, 0.0, 0.0, 0.0], [1])",-0.0,-0.0,-0.7390000000000001,-0.0,-0.0,-0.0,-0.7390000000000001,0.3851411411411412,-3.044597597597597,0.46526163842206925
68,"([0.05, 0.5, 0.09, 0.14, 0.23, 0.0], [4])","([0.0, 1.0, 0.0, 0.0, 0.0, 0.0], [1])",-0.0,-0.0,-0.0,-0.0,-0.8190000000000001,-0.0,-0.8190000000000001,0.3851411411411412,-2.610738738738738,0.46526163842206925
69,"([0.05, 0.5, 0.09, 0.14, 0.23, 0.0], [1])","([0.0, 1.0, 0.0, 0.0, 0.0, 0.0], [1])",-0.0,-0.0,-0.0,-0.0,-0.0,-0.0,0.0,0.3851411411411412,-2.9958798798798796,0.46526163842206925
70,"([0.05, 0.5, 0.09, 0.14, 0.23, 0.0], [1])","([0.0, 1.0, 0.0, 0.0, 0.0, 0.0], [1])",-0.0,-0.0,-0.0,-0.0,-0.0,-0.0,0.0,0.3851411411411412,-3.381021021021021,0.46526163842206925
71,"([0.05, 0.5, 0.09, 0.14, 0.23, 0.0], [1])","([0.0, 1.0, 0.0, 0.0, 0.0, 0.0], [1])",-0.0,-0.0,-0.0,-0.0,-0.0,-0.0,0.0,0.3851411411411412,-3.7661621621621624,0.46526163842206925
72,"([0.05, 0.5, 0.09, 0.14, 0.23, 0.0], [1])","([0.0, 1.0, 0.0, 0.0, 0.0, 0.0], [1])",-0.0,-0.0,-0.0,-0.0,-0.0,-0.0,0.0,0.3851411411411412,-4.151303303303304,0.46526163842206925
73,"([0.05, 0.5, 0.09, 0.14, 0.23, 0.0], [1])","([0.0, 1.0, 0.0, 0.0, 0.0, 0.0], [1])",-0.0,-0.0,-0.0,-0.0,-0.0,-0.0,0.0,0.3851411411411412,-4.536444444444445,0.46526163842206925
74,"([0.05, 0.5, 0.09, 0.14, 0.23, 0.0], [1])","([0.0, 1.0, 0.0, 0.0, 0.0, 0.0], [1])",-0.0,-0.0,-0.0,-0.0,-0.0,-0.0,0.0,0.3851411411411412,-4.921585585585587,0.46526163842206925
75,"([0.05, 0.5, 0.09, 0.14, 0.23, 0.0], [1])","([0.0, 1.0, 0.0, 0.0, 0.0, 0.0], [1])",-0.0,-0.0,-0.0,-0.0,-0.0,-0.0,0.0,0.3851411411411412,-5.306726726726728,0.46526163842206925
76,"([0.05, 0.5, 0.09, 0.14, 0.23, 0.0], [2])","([0.0, 1.0, 0.0, 0.0, 0.0, 0.0], [1])",-0.0,-0.0,-0.7390000000000001,-0.0,-0.0,-0.0,-0.7390000000000001,0.3851411411411412,-4.9528678678678695,0.46526163842206925
77,"([0.05, 0.5, 0.09, 0.14, 0.23, 0.0], [2])","([0.0, 1.0, 0.0, 0.0, 0.0, 0.0], [1])",-0.0,-0.0,-0.7390000000000001,-0.0,-0.0,-0.0,-0.7390000000000001,0.3851411411411412,-4.599009009009011,0.46526163842206925
78,"([0.05, 0.5, 0.09, 0.14, 0.23, 0.0], [1])","([0.0, 1.0, 0.0, 0.0, 0.0, 0.0], [1])",-0.0,-0.0,-0.0,-0.0,-0.0,-0.0,0.0,0.3851411411411412,-4.984150150150152,0.46526163842206925
79,"([0.05, 0.5, 0.09, 0.14, 0.23, 0.0], [4])","([0.0, 1.0, 0.0, 0.0, 0.0, 0.0], [1])",-0.0,-0.0,-0.0,-0.0,-0.8190000000000001,-0.0,-0.8190000000000001,0.3851411411411412,-4.550291291291294,0.46526163842206925
80,"([0.05, 0.5, 0.09, 0.14, 0.23, 0.0], [1])","([0.0, 1.0, 0.0, 0.0, 0.0, 0.0], [1])",-0.0,-0.0,-0.0,-0.0,-0.0,-0.0,0.0,0.3851411411411412,-4.935432432432435,0.46526163842206925
81,"([0.05, 0.5, 0.09, 0.14, 0.23, 0.0], [4])","([0.0, 1.0, 0.0, 0.0, 0.0, 0.0], [1])",-0.0,-0.0,-0.0,-0.0,-0.8190000000000001,-0.0,-0.8190000000000001,0.3851411411411412,-4.501573573573577,0.46526163842206925
82,"([0.05, 0.5, 0.09, 0.14, 0.23, 0.0], [4])","([0.0, 1.0, 0.0, 0.0, 0.0, 0.0], [1])",-0.0,-0.0,-0.0,-0.0,-0.8190000000000001,-0.0,-0.8190000000000001,0.3851411411411412,-4.067714714714718,0.46526163842206925
83,"([0.05, 0.5, 0.09, 0.14, 0.23, 0.0], [1])","([0.0, 1.0, 0.0, 0.0, 0.0, 0.0], [1])",-0.0,-0.0,-0.0,-0.0,-0.0,-0.0,0.0,0.3851411411411412,-4.4528558558558595,0.46526163842206925
84,"([0.05, 0.5, 0.09, 0.14, 0.23, 0.0], [1])","([0.0, 1.0, 0.0, 0.0, 0.0, 0.0], [1])",-0.0,-0.0,-0.0,-0.0,-0.0,-0.0,0.0,0.3851411411411412,-4.837996996997001,0.46526163842206925
85,"([0.05, 0.5, 0.09, 0.14, 0.23, 0.0], [3])","([0.0, 1.0, 0.0, 0.0, 0.0, 0.0], [1])",-0.0,-0.0,-0.0,-0.7170000000000001,-0.0,-0.0,-0.7170000000000001,0.3851411411411412,-4.506138138138142,0.46526163842206925
86,"([0.05, 0.5, 0.09, 0.14, 0.23, 0.0], [4])","([0.0, 1.0, 0.0, 0.0, 0.0, 0.0], [1])",-0.0,-0.0,-0.0,-0.0,-0.8190000000000001,-0.0,-0.8190000000000001,0.3851411411411412,-4.072279279279283,0.46526163842206925
87,"([0.05, 0.5, 0.09, 0.14, 0.23, 0.0], [4])","([0.0, 1.0, 0.0, 0.0, 0.0, 0.0], [1])",-0.0,-0.0,-0.0,-0.0,-0.8190000000000001,-0.0,-0.8190000000000001,0.3851411411411412,-3.6384204204204242,0.46526163842206925
88,"([0.05, 0.5, 0.09, 0.14, 0.23, 0.0], [4])","([0.0, 1.0, 0.0, 0.0, 0.0, 0.0], [1])",-0.0,-0.0,-0.0,-0.0,-0.8190000000000001,-0.0,-0.8190000000000001,0.3851411411411412,-3.2045615615615652,0.46526163842206925
89,"([0.05, 0.5, 0.09, 0.14, 0.23, 0.0], [2])","([0.0, 1.0, 0.0, 0.0, 0.0, 0.0], [1])",-0.0,-0.0,-0.7390000000000001,-0.0,-0.0,-0.0,-0.7390000000000001,0.3851411411411412,-2.8507027027027063,0.46526163842206925
90,"([0.05, 0.5, 0.09, 0.14, 0.23, 0.0], [1])","([0.0, 1.0, 0.0, 0.0, 0.0, 0.0], [1])",-0.0,-0.0,-0.0,-0.0,-0.0,-0.0,0.0,0.3851411411411412,-3.2358438438438473,0.46526163842206925
91,"([0.05, 0.5, 0.09, 0.14, 0.23, 0.0], [1])","([0.0, 1.0, 0.0, 0.0, 0.0, 0.0], [1])",-0.0,-0.0,-0.0,-0.0,-0.0,-0.0,0.0,0.3851411411411412,-3.6209849849849887,0.46526163842206925
92,"([0.05, 0.5, 0.09, 0.14, 0.23, 0.0], [1])","([0.0, 1.0, 0.0, 0.0, 0.0, 0.0], [1])",-0.0,-0.0,-0.0,-0.0,-0.0,-0.0,0.0,0.3851411411411412,-4.00612612612613,0.46526163842206925
93,"([0.05, 0.5, 0.09, 0.14, 0.23, 0.0], [1])","([0.0, 1.0, 0.0, 0.0, 0.0, 0.0], [1])",-0.0,-0.0,-0.0,-0.0,-0.0,-0.0,0.0,0.3851411411411412,-4.3912672672672715,0.46526163842206925
94,"([0.05, 0.5, 0.09, 0.14, 0.23, 0.0], [0])","([0.0, 1.0, 0.0, 0.0, 0.0, 0.0], [1])",-0.747,-0.0,-0.0,-0.0,-0.0,-0.0,-0.747,0.3851411411411412,-4.029408408408413,0.46526163842206925
95,"([0.05, 0.5, 0.09, 0.14, 0.23, 0.0], [3])","([0.0, 1.0, 0.0, 0.0, 0.0, 0.0], [1])",-0.0,-0.0,-0.0,-0.7170000000000001,-0.0,-0.0,-0.7170000000000001,0.3851411411411412,-3.697549549549554,0.46526163842206925
96,"([0.05, 0.5, 0.09, 0.14, 0.23, 0.0], [4])","([0.0, 1.0, 0.0, 0.0, 0.0, 0.0], [1])",-0.0,-0.0,-0.0,-0.0,-0.8190000000000001,-0.0,-0.8190000000000001,0.3851411411411412,-3.263690690690695,0.46526163842206925
97,"([0.05, 0.5, 0.09, 0.14, 0.23, 0.0], [1])","([0.0, 1.0, 0.0, 0.0, 0.0, 0.0], [1])",-0.0,-0.0,-0.0,-0.0,-0.0,-0.0,0.0,0.3851411411411412,-3.648831831831836,0.46526163842206925
98,"([0.05, 0.5, 0.09, 0.14, 0.23, 0.0], [4])","([0.0, 1.0, 0.0, 0.0, 0.0, 0.0], [1])",-0.0,-0.0,-0.0,-0.0,-0.8190000000000001,-0.0,-0.8190000000000001,0.3851411411411412,-3.214972972972977,0.46526163842206925
99,"([0.05, 0.5, 0.09, 0.14, 0.23, 0.0], [3])","([0.0, 1.0, 0.0, 0.0, 0.0, 0.0], [1])",-0.0,-0.0,-0.0,-0.7170000000000001,-0.0,-0.0,-0.7170000000000001,0.3851411411411412,-2.883114114114118,0.46526163842206925
100,"([0.05, 0.5, 0.09, 0.14, 0.23, 0.0], [1])","([0.0, 1.0, 0.0, 0.0, 0.0, 0.0], [1])",-0.0,-0.0,-0.0,-0.0,-0.0,-0.0,0.0,0.3851411411411412,-3.2682552552552595,0.46526163842206925
101,"([0.05, 0.5, 0.09, 0.14, 0.23, 0.0], [3])","([0.0, 1.0, 0.0, 0.0, 0.0, 0.0], [1])",-0.0,-0.0,-0.0,-0.7170000000000001,-0.0,-0.0,-0.7170000000000001,0.3851411411411412,-2.9363963963964004,0.46526163842206925
102,"([0.05, 0.5, 0.09, 0.14, 0.23, 0.0], [0])","([0.0, 1.0, 0.0, 0.0, 0.0, 0.0], [1])",-0.747,-0.0,-0.0,-0.0,-0.0,-0.0,-0.747,0.3851411411411412,-2.5745375375375414,0.46526163842206925
103,"([0.05, 0.5, 0.09, 0.14, 0.23, 0.0], [1])","([0.0, 1.0, 0.0, 0.0, 0.0, 0.0], [1])",-0.0,-0.0,-0.0,-0.0,-0.0,-0.0,0.0,0.3851411411411412,-2.9596786786786824,0.46526163842206925
104,"([0.05, 0.5, 0.09, 0.14, 0.23, 0.0], [1])","([0.0, 1.0, 0.0, 0.0, 0.0, 0.0], [1])",-0.0,-0.0,-0.0,-0.0,-0.0,-0.0,0.0,0.3851411411411412,-3.344819819819824,0.46526163842206925
105,"([0.05, 0.5, 0.09, 0.14, 0.23, 0.0], [1])","([0.0, 1.0, 0.0, 0.0, 0.0, 0.0], [1])",-0.0,-0.0,-0.0,-0.0,-0.0,-0.0,0.0,0.3851411411411412,-3.729960960960965,0.46526163842206925
106,"([0.05, 0.5, 0.09, 0.14, 0.23, 0.0], [1])","([0.0, 1.0, 0.0, 0.0, 0.0, 0.0], [1])",-0.0,-0.0,-0.0,-0.0,-0.0,-0.0,0.0,0.3851411411411412,-4.115102102102107,0.46526163842206925
107,"([0.05, 0.5, 0.09, 0.14, 0.23, 0.0], [1])","([0.0, 1.0, 0.0, 0.0, 0.0, 0.0], [1])",-0.0,-0.0,-0.0,-0.0,-0.0,-0.0,0.0,0.3851411411411412,-4.500243243243248,0.46526163842206925
108,"([0.05, 0.5, 0.09, 0.14, 0.23, 0.0], [1])","([0.0, 1.0, 0.0, 0.0, 0.0, 0.0], [1])",-0.0,-0.0,-0.0,-0.0,-0.0,-0.0,0.0,0.3851411411411412,-4.885384384384389,0.46526163842206925
109,"([0.05, 0.5, 0.09, 0.14, 0.23, 0.0], [1])","([0.0, 1.0, 0.0, 0.0, 0.0, 0.0], [1])",-0.0,-0.0,-0.0,-0.0,-0.0,-0.0,0.0,0.3851411411411412,-5.270525525525531,0.46526163842206925
110,"([0.05, 0.5, 0.09, 0.14, 0.23, 0.0], [1])","([0.0, 1.0, 0.0, 0.0, 0.0, 0.0], [1])",-0.0,-0.0,-0.0,-0.0,-0.0,-0.0,0.0,0.3851411411411412,-5.655666666666672,0.46526163842206925
111,"([0.05, 0.5, 0.09, 0.14, 0.23, 0.0], [4])","([0.0, 1.0, 0.0, 0.0, 0.0, 0.0], [1])",-0.0,-0.0,-0.0,-0.0,-0.8190000000000001,-0.0,-0.8190000000000001,0.3851411411411412,-5.221807807807814,0.46526163842206925
112,"([0.05, 0.5, 0.09, 0.14, 0.23, 0.0], [1])","([0.0, 1.0, 0.0, 0.0, 0.0, 0.0], [1])",-0.0,-0.0,-0.0,-0.0,-0.0,-0.0,0.0,0.3851411411411412,-5.606948948948955,0.46526163842206925
113,"([0.05, 0.5, 0.09, 0.14, 0.23, 0.0], [2])","([0.0, 1.0, 0.0, 0.0, 0.0, 0.0], [1])",-0.0,-0.0,-0.7390000000000001,-0.0,-0.0,-0.0,-0.7390000000000001,0.3851411411411412,-5.253090090090096,0.46526163842206925
114,"([0.05, 0.5, 0.09, 0.14, 0.23, 0.0], [1])","([0.0, 1.0, 0.0, 0.0, 0.0, 0.0], [1])",-0.0,-0.0,-0.0,-0.0,-0.0,-0.0,0.0,0.3851411411411412,-5.638231231231237,0.46526163842206925
115,"([0.05, 0.5, 0.09, 0.14, 0.23, 0.0], [1])","([0.0, 1.0, 0.0, 0.0, 0.0, 0.0], [1])",-0.0,-0.0,-0.0,-0.0,-0.0,-0.0,0.0,0.3851411411411412,-6.023372372372378,0.46526163842206925
116,"([0.05, 0.5, 0.09, 0.14, 0.23, 0.0], [2])","([0.0, 1.0, 0.0, 0.0, 0.0, 0.0], [1])",-0.0,-0.0,-0.7390000000000001,-0.0,-0.0,-0.0,-0.7390000000000001,0.3851411411411412,-5.66951351351352,0.46526163842206925
117,"([0.05, 0.5, 0.09, 0.14, 0.23, 0.0], [1])","([0.0, 1.0, 0.0, 0.0, 0.0, 0.0], [1])",-0.0,-0.0,-0.0,-0.0,-0.0,-0.0,0.0,0.3851411411411412,-6.054654654654661,0.46526163842206925
118,"([0.05, 0.5, 0.09, 0.14, 0.23, 0.0], [1])","([0.0, 1.0, 0.0, 0.0, 0.0, 0.0], [1])",-0.0,-0.0,-0.0,-0.0,-0.0,-0.0,0.0,0.3851411411411412,-6.439795795795803,0.46526163842206925
119,"([0.05, 0.5, 0.09, 0.14, 0.23, 0.0], [1])","([0.0, 1.0, 0.0, 0.0, 0.0, 0.0], [1])",-0.0,-0.0,-0.0,-0.0,-0.0,-0.0,0.0,0.3851411411411412,-6.824936936936944,0.46526163842206925
120,"([0.05, 0.5, 0.09, 0.14, 0.23, 0.0], [4])","([0.0, 1.0, 0.0, 0.0, 0.0, 0.0], [1])",-0.0,-0.0,-0.0,-0.0,-0.8190000000000001,-0.0,-0.8190000000000001,0.3851411411411412,-6.391078078078086,0.46526163842206925
121,"([0.05, 0.5, 0.09, 0.14, 0.23, 0.0], [2])","([0.0, 1.0, 0.0, 0.0, 0.0, 0.0], [1])",-0.0,-0.0,-0.7390000000000001,-0.0,-0.0,-0.0,-0.7390000000000001,0.3851411411411412,-6.037219219219226,0.46526163842206925
122,"([0.05, 0.5, 0.09, 0.14, 0.23, 0.0], [2])","([0.0, 1.0, 0.0, 0.0, 0.0, 0.0], [1])",-0.0,-0.0,-0.7390000000000001,-0.0,-0.0,-0.0,-0.7390000000000001,0.3851411411411412,-5.683360360360368,0.46526163842206925
123,"([0.05, 0.5, 0.09, 0.14, 0.23, 0.0], [0])","([0.0, 1.0, 0.0, 0.0, 0.0, 0.0], [1])",-0.747,-0.0,-0.0,-0.0,-0.0,-0.0,-0.747,0.3851411411411412,-5.321501501501509,0.46526163842206925
124,"([0.05, 0.5, 0.09, 0.14, 0.23, 0.0], [0])","([0.0, 1.0, 0.0, 0.0, 0.0, 0.0], [1])",-0.747,-0.0,-0.0,-0.0,-0.0,-0.0,-0.747,0.3851411411411412,-4.959642642642651,0.46526163842206925
125,"([0.05, 0.5, 0.09, 0.14, 0.23, 0.0], [1])","([0.0, 1.0, 0.0, 0.0, 0.0, 0.0], [1])",-0.0,-0.0,-0.0,-0.0,-0.0,-0.0,0.0,0.3851411411411412,-5.344783783783792,0.46526163842206925
126,"([0.05, 0.5, 0.09, 0.14, 0.23, 0.0], [3])","([0.0, 1.0, 0.0, 0.0, 0.0, 0.0], [1])",-0.0,-0.0,-0.0,-0.7170000000000001,-0.0,-0.0,-0.7170000000000001,0.3851411411411412,-5.012924924924933,0.46526163842206925
127,"([0.05, 0.5, 0.09, 0.14, 0.23, 0.0], [1])","([0.0, 1.0, 0.0, 0.0, 0.0, 0.0], [1])",-0.0,-0.0,-0.0,-0.0,-0.0,-0.0,0.0,0.3851411411411412,-5.398066066066074,0.46526163842206925
128,"([0.05, 0.5, 0.09, 0.14, 0.23, 0.0], [1])","([0.0, 1.0, 0.0, 0.0, 0.0, 0.0], [1])",-0.0,-0.0,-0.0,-0.0,-0.0,-0.0,0.0,0.3851411411411412,-5.783207207207216,0.46526163842206925
129,"([0.05, 0.5, 0.09, 0.14, 0.23, 0.0], [1])","([0.0, 1.0, 0.0, 0.0, 0.0, 0.0], [1])",-0.0,-0.0,-0.0,-0.0,-0.0,-0.0,0.0,0.3851411411411412,-6.168348348348357,0.46526163842206925
130,"([0.05, 0.5, 0.09, 0.14, 0.23, 0.0], [0])","([0.0, 1.0, 0.0, 0.0, 0.0, 0.0], [1])",-0.747,-0.0,-0.0,-0.0,-0.0,-0.0,-0.747,0.3851411411411412,-5.806489489489499,0.46526163842206925
131,"([0.05, 0.5, 0.09, 0.14, 0.23, 0.0], [3])","([0.0, 1.0, 0.0, 0.0, 0.0, 0.0], [1])",-0.0,-0.0,-0.0,-0.7170000000000001,-0.0,-0.0,-0.7170000000000001,0.3851411411411412,-5.47463063063064,0.46526163842206925
132,"([0.05, 0.5, 0.09, 0.14, 0.23, 0.0], [3])","([0.0, 1.0, 0.0, 0.0, 0.0, 0.0], [1])",-0.0,-0.0,-0.0,-0.7170000000000001,-0.0,-0.0,-0.7170000000000001,0.3851411411411412,-5.1427717717717805,0.46526163842206925
133,"([0.05, 0.5, 0.09, 0.14, 0.23, 0.0], [1])","([0.0, 1.0, 0.0, 0.0, 0.0, 0.0], [1])",-0.0,-0.0,-0.0,-0.0,-0.0,-0.0,0.0,0.3851411411411412,-5.527912912912922,0.46526163842206925
134,"([0.05, 0.5, 0.09, 0.14, 0.23, 0.0], [1])","([0.0, 1.0, 0.0, 0.0, 0.0, 0.0], [1])",-0.0,-0.0,-0.0,-0.0,-0.0,-0.0,0.0,0.3851411411411412,-5.913054054054063,0.46526163842206925
135,"([0.05, 0.5, 0.09, 0.14, 0.23, 0.0], [2])","([0.0, 1.0, 0.0, 0.0, 0.0, 0.0], [1])",-0.0,-0.0,-0.7390000000000001,-0.0,-0.0,-0.0,-0.7390000000000001,0.3851411411411412,-5.559195195195205,0.46526163842206925
136,"([0.05, 0.5, 0.09, 0.14, 0.23, 0.0], [1])","([0.0, 1.0, 0.0, 0.0, 0.0, 0.0], [1])",-0.0,-0.0,-0.0,-0.0,-0.0,-0.0,0.0,0.3851411411411412,-5.944336336336346,0.46526163842206925
137,"([0.05, 0.5, 0.09, 0.14, 0.23, 0.0], [3])","([0.0, 1.0, 0.0, 0.0, 0.0, 0.0], [1])",-0.0,-0.0,-0.0,-0.7170000000000001,-0.0,-0.0,-0.7170000000000001,0.3851411411411412,-5.612477477477487,0.46526163842206925
138,"([0.05, 0.5, 0.09, 0.14, 0.23, 0.0], [4])","([0.0, 1.0, 0.0, 0.0, 0.0, 0.0], [1])",-0.0,-0.0,-0.0,-0.0,-0.8190000000000001,-0.0,-0.8190000000000001,0.3851411411411412,-5.1786186186186285,0.46526163842206925
139,"([0.05, 0.5, 0.09, 0.14, 0.23, 0.0], [4])","([0.0, 1.0, 0.0, 0.0, 0.0, 0.0], [1])",-0.0,-0.0,-0.0,-0.0,-0.8190000000000001,-0.0,-0.8190000000000001,0.3851411411411412,-4.74475975975977,0.46526163842206925
140,"([0.05, 0.5, 0.09, 0.14, 0.23, 0.0], [2])","([0.0, 1.0, 0.0, 0.0, 0.0, 0.0], [1])",-0.0,-0.0,-0.7390000000000001,-0.0,-0.0,-0.0,-0.7390000000000001,0.3851411411411412,-4.3909009009009115,0.46526163842206925
141,"([0.05, 0.5, 0.09, 0.14, 0.23, 0.0], [4])","([0.0, 1.0, 0.0, 0.0, 0.0, 0.0], [1])",-0.0,-0.0,-0.0,-0.0,-0.8190000000000001,-0.0,-0.8190000000000001,0.3851411411411412,-3.9570420420420525,0.46526163842206925
142,"([0.05, 0.5, 0.09, 0.14, 0.23, 0.0], [1])","([0.0, 1.0, 0.0, 0.0, 0.0, 0.0], [1])",-0.0,-0.0,-0.0,-0.0,-0.0,-0.0,0.0,0.3851411411411412,-4.342183183183193,0.46526163842206925
143,"([0.05, 0.5, 0.09, 0.14, 0.23, 0.0], [1])","([0.0, 1.0, 0.0, 0.0, 0.0, 0.0], [1])",-0.0,-0.0,-0.0,-0.0,-0.0,-0.0,0.0,0.3851411411411412,-4.727324324324335,0.46526163842206925
144,"([0.05, 0.5, 0.09, 0.14, 0.23, 0.0], [1])","([0.0, 1.0, 0.0, 0.0, 0.0, 0.0], [1])",-0.0,-0.0,-0.0,-0.0,-0.0,-0.0,0.0,0.3851411411411412,-5.112465465465476,0.46526163842206925
145,"([0.05, 0.5, 0.09, 0.14, 0.23, 0.0], [4])","([0.0, 1.0, 0.0, 0.0, 0.0, 0.0], [1])",-0.0,-0.0,-0.0,-0.0,-0.8190000000000001,-0.0,-0.8190000000000001,0.3851411411411412,-4.678606606606618,0.46526163842206925
146,"([0.05, 0.5, 0.09, 0.14, 0.23, 0.0], [1])","([0.0, 1.0, 0.0, 0.0, 0.0, 0.0], [1])",-0.0,-0.0,-0.0,-0.0,-0.0,-0.0,0.0,0.3851411411411412,-5.063747747747759,0.46526163842206925
147,"([0.05, 0.5, 0.09, 0.14, 0.23, 0.0], [1])","([0.0, 1.0, 0.0, 0.0, 0.0, 0.0], [1])",-0.0,-0.0,-0.0,-0.0,-0.0,-0.0,0.0,0.3851411411411412,-5.4488888888889,0.46526163842206925
148,"([0.05, 0.5, 0.09, 0.14, 0.23, 0.0], [2])","([0.0, 1.0, 0.0, 0.0, 0.0, 0.0], [1])",-0.0,-0.0,-0.7390000000000001,-0.0,-0.0,-0.0,-0.7390000000000001,0.3851411411411412,-5.095030030030042,0.46526163842206925
149,"([0.05, 0.5, 0.09, 0.14, 0.23, 0.0], [1])","([0.0, 1.0, 0.0, 0.0, 0.0, 0.0], [1])",-0.0,-0.0,-0.0,-0.0,-0.0,-0.0,0.0,0.3851411411411412,-5.480171171171183,0.46526163842206925
150,"([0.05, 0.5, 0.09, 0.14, 0.23, 0.0], [4])","([0.0, 1.0, 0.0, 0.0, 0.0, 0.0], [1])",-0.0,-0.0,-0.0,-0.0,-0.8190000000000001,-0.0,-0.8190000000000001,0.3851411411411412,-5.046312312312325,0.46526163842206925
151,"([0.05, 0.5, 0.09, 0.14, 0.23, 0.0], [1])","([0.0, 1.0, 0.0, 0.0, 0.0, 0.0], [1])",-0.0,-0.0,-0.0,-0.0,-0.0,-0.0,0.0,0.3851411411411412,-5.431453453453466,0.46526163842206925
152,"([0.05, 0.5, 0.09, 0.14, 0.23, 0.0], [1])","([0.0, 1.0, 0.0, 0.0, 0.0, 0.0], [1])",-0.0,-0.0,-0.0,-0.0,-0.0,-0.0,0.0,0.3851411411411412,-5.816594594594608,0.46526163842206925
153,"([0.05, 0.5, 0.09, 0.14, 0.23, 0.0], [1])","([0.0, 1.0, 0.0, 0.0, 0.0, 0.0], [1])",-0.0,-0.0,-0.0,-0.0,-0.0,-0.0,0.0,0.3851411411411412,-6.201735735735749,0.46526163842206925
154,"([0.05, 0.5, 0.09, 0.14, 0.23, 0.0], [3])","([0.0, 1.0, 0.0, 0.0, 0.0, 0.0], [1])",-0.0,-0.0,-0.0,-0.7170000000000001,-0.0,-0.0,-0.7170000000000001,0.3851411411411412,-5.86987687687689,0.46526163842206925
155,"([0.05, 0.5, 0.09, 0.14, 0.23, 0.0], [1])","([0.0, 1.0, 0.0, 0.0, 0.0, 0.0], [1])",-0.0,-0.0,-0.0,-0.0,-0.0,-0.0,0.0,0.3851411411411412,-6.255018018018031,0.46526163842206925
156,"([0.05, 0.5, 0.09, 0.14, 0.23, 0.0], [1])","([0.0, 1.0, 0.0, 0.0, 0.0, 0.0], [1])",-0.0,-0.0,-0.0,-0.0,-0.0,-0.0,0.0,0.3851411411411412,-6.640159159159173,0.46526163842206925
157,"([0.05, 0.5, 0.09, 0.14, 0.23, 0.0], [1])","([0.0, 1.0, 0.0, 0.0, 0.0, 0.0], [1])",-0.0,-0.0,-0.0,-0.0,-0.0,-0.0,0.0,0.3851411411411412,-7.025300300300314,0.46526163842206925
158,"([0.05, 0.5, 0.09, 0.14, 0.23, 0.0], [1])","([0.0, 1.0, 0.0, 0.0, 0.0, 0.0], [1])",-0.0,-0.0,-0.0,-0.0,-0.0,-0.0,0.0,0.3851411411411412,-7.4104414414414554,0.46526163842206925
159,"([0.05, 0.5, 0.09, 0.14, 0.23, 0.0], [1])","([0.0, 1.0, 0.0, 0.0, 0.0, 0.0], [1])",-0.0,-0.0,-0.0,-0.0,-0.0,-0.0,0.0,0.3851411411411412,-7.795582582582597,0.46526163842206925
160,"([0.05, 0.5, 0.09, 0.14, 0.23, 0.0], [1])","([0.0, 1.0, 0.0, 0.0, 0.0, 0.0], [1])",-0.0,-0.0,-0.0,-0.0,-0.0,-0.0,0.0,0.3851411411411412,-8.180723723723737,0.46526163842206925
161,"([0.05, 0.5, 0.09, 0.14, 0.23, 0.0], [1])","([0.0, 1.0, 0.0, 0.0, 0.0, 0.0], [1])",-0.0,-0.0,-0.0,-0.0,-0.0,-0.0,0.0,0.3851411411411412,-8.565864864864878,0.46526163842206925
162,"([0.05, 0.5, 0.09, 0.14, 0.23, 0.0], [3])","([0.0, 1.0, 0.0, 0.0, 0.0, 0.0], [1])",-0.0,-0.0,-0.0,-0.7170000000000001,-0.0,-0.0,-0.7170000000000001,0.3851411411411412,-8.23400600600602,0.46526163842206925
163,"([0.05, 0.5, 0.09, 0.14, 0.23, 0.0], [1])","([0.0, 1.0, 0.0, 0.0, 0.0, 0.0], [1])",-0.0,-0.0,-0.0,-0.0,-0.0,-0.0,0.0,0.3851411411411412,-8.61914714714716,0.46526163842206925
164,"([0.05, 0.5, 0.09, 0.14, 0.23, 0.0], [1])","([0.0, 1.0, 0.0, 0.0, 0.0, 0.0], [1])",-0.0,-0.0,-0.0,-0.0,-0.0,-0.0,0.0,0.3851411411411412,-9.0042882882883,0.46526163842206925
165,"([0.05, 0.5, 0.09, 0.14, 0.23, 0.0], [4])","([0.0, 1.0, 0.0, 0.0, 0.0, 0.0], [1])",-0.0,-0.0,-0.0,-0.0,-0.8190000000000001,-0.0,-0.8190000000000001,0.3851411411411412,-8.570429429429442,0.46526163842206925
166,"([0.05, 0.5, 0.09, 0.14, 0.23, 0.0], [1])","([0.0, 1.0, 0.0, 0.0, 0.0, 0.0], [1])",-0.0,-0.0,-0.0,-0.0,-0.0,-0.0,0.0,0.3851411411411412,-8.955570570570583,0.46526163842206925
167,"([0.05, 0.5, 0.09, 0.14, 0.23, 0.0], [3])","([0.0, 1.0, 0.0, 0.0, 0.0, 0.0], [1])",-0.0,-0.0,-0.0,-0.7170000000000001,-0.0,-0.0,-0.7170000000000001,0.3851411411411412,-8.623711711711724,0.46526163842206925
168,"([0.05, 0.5, 0.09, 0.14, 0.23, 0.0], [4])","([0.0, 1.0, 0.0, 0.0, 0.0, 0.0], [1])",-0.0,-0.0,-0.0,-0.0,-0.8190000000000001,-0.0,-0.8190000000000001,0.3851411411411412,-8.189852852852866,0.46526163842206925
169,"([0.05, 0.5, 0.09, 0.14, 0.23, 0.0], [4])","([0.0, 1.0, 0.0, 0.0, 0.0, 0.0], [1])",-0.0,-0.0,-0.0,-0.0,-0.8190000000000001,-0.0,-0.8190000000000001,0.3851411411411412,-7.755993993994007,0.46526163842206925
170,"([0.05, 0.5, 0.09, 0.14, 0.23, 0.0], [1])","([0.0, 1.0, 0.0, 0.0, 0.0, 0.0], [1])",-0.0,-0.0,-0.0,-0.0,-0.0,-0.0,0.0,0.3851411411411412,-8.141135135135148,0.46526163842206925
171,"([0.05, 0.5, 0.09, 0.14, 0.23, 0.0], [1])","([0.0, 1.0, 0.0, 0.0, 0.0, 0.0], [1])",-0.0,-0.0,-0.0,-0.0,-0.0,-0.0,0.0,0.3851411411411412,-8.526276276276288,0.46526163842206925
172,"([0.05, 0.5, 0.09, 0.14, 0.23, 0.0], [1])","([0.0, 1.0, 0.0, 0.0, 0.0, 0.0], [1])",-0.0,-0.0,-0.0,-0.0,-0.0,-0.0,0.0,0.3851411411411412,-8.911417417417429,0.46526163842206925
173,"([0.05, 0.5, 0.09, 0.14, 0.23, 0.0], [4])","([0.0, 1.0, 0.0, 0.0, 0.0, 0.0], [1])",-0.0,-0.0,-0.0,-0.0,-0.8190000000000001,-0.0,-0.8190000000000001,0.3851411411411412,-8.47755855855857,0.46526163842206925
174,"([0.05, 0.5, 0.09, 0.14, 0.23, 0.0], [1])","([0.0, 1.0, 0.0, 0.0, 0.0, 0.0], [1])",-0.0,-0.0,-0.0,-0.0,-0.0,-0.0,0.0,0.3851411411411412,-8.86269969969971,0.46526163842206925
175,"([0.05, 0.5, 0.09, 0.14, 0.23, 0.0], [1])","([0.0, 1.0, 0.0, 0.0, 0.0, 0.0], [1])",-0.0,-0.0,-0.0,-0.0,-0.0,-0.0,0.0,0.3851411411411412,-9.247840840840851,0.46526163842206925
176,"([0.05, 0.5, 0.09, 0.14, 0.23, 0.0], [4])","([0.0, 1.0, 0.0, 0.0, 0.0, 0.0], [1])",-0.0,-0.0,-0.0,-0.0,-0.8190000000000001,-0.0,-0.8190000000000001,0.3851411411411412,-8.813981981981993,0.46526163842206925
177,"([0.05, 0.5, 0.09, 0.14, 0.23, 0.0], [1])","([0.0, 1.0, 0.0, 0.0, 0.0, 0.0], [1])",-0.0,-0.0,-0.0,-0.0,-0.0,-0.0,0.0,0.3851411411411412,-9.199123123123133,0.46526163842206925
178,"([0.05, 0.5, 0.09, 0.14, 0.23, 0.0], [4])","([0.0, 1.0, 0.0, 0.0, 0.0, 0.0], [1])",-0.0,-0.0,-0.0,-0.0,-0.8190000000000001,-0.0,-0.8190000000000001,0.3851411411411412,-8.765264264264275,0.46526163842206925
179,"([0.05, 0.5, 0.09, 0.14, 0.23, 0.0], [2])","([0.0, 1.0, 0.0, 0.0, 0.0, 0.0], [1])",-0.0,-0.0,-0.7390000000000001,-0.0,-0.0,-0.0,-0.7390000000000001,0.3851411411411412,-8.411405405405416,0.46526163842206925
180,"([0.05, 0.5, 0.09, 0.14, 0.23, 0.0], [1])","([0.0, 1.0, 0.0, 0.0, 0.0, 0.0], [1])",-0.0,-0.0,-0.0,-0.0,-0.0,-0.0,0.0,0.3851411411411412,-8.796546546546557,0.46526163842206925
181,"([0.05, 0.5, 0.09, 0.14, 0.23, 0.0], [1])","([0.0, 1.0, 0.0, 0.0, 0.0, 0.0], [1])",-0.0,-0.0,-0.0,-0.0,-0.0,-0.0,0.0,0.3851411411411412,-9.181687687687697,0.46526163842206925
182,"([0.05, 0.5, 0.09, 0.14, 0.23, 0.0], [1])","([0.0, 1.0, 0.0, 0.0, 0.0, 0.0], [1])",-0.0,-0.0,-0.0,-0.0,-0.0,-0.0,0.0,0.3851411411411412,-9.566828828828838,0.46526163842206925
183,"([0.05, 0.5, 0.09, 0.14, 0.23, 0.0], [4])","([0.0, 1.0, 0.0, 0.0, 0.0, 0.0], [1])",-0.0,-0.0,-0.0,-0.0,-0.8190000000000001,-0.0,-0.8190000000000001,0.3851411411411412,-9.13296996996998,0.46526163842206925
184,"([0.05, 0.5, 0.09, 0.14, 0.23, 0.0], [4])","([0.0, 1.0, 0.0, 0.0, 0.0, 0.0], [1])",-0.0,-0.0,-0.0,-0.0,-0.8190000000000001,-0.0,-0.8190000000000001,0.3851411411411412,-8.69911111111112,0.46526163842206925
185,"([0.05, 0.5, 0.09, 0.14, 0.23, 0.0], [1])","([0.0, 1.0, 0.0, 0.0, 0.0, 0.0], [1])",-0.0,-0.0,-0.0,-0.0,-0.0,-0.0,0.0,0.3851411411411412,-9.084252252252261,0.46526163842206925
186,"([0.05, 0.5, 0.09, 0.14, 0.23, 0.0], [3])","([0.0, 1.0, 0.0, 0.0, 0.0, 0.0], [1])",-0.0,-0.0,-0.0,-0.7170000000000001,-0.0,-0.0,-0.7170000000000001,0.3851411411411412,-8.752393393393403,0.46526163842206925
187,"([0.05, 0.5, 0.09, 0.14, 0.23, 0.0], [2])","([0.0, 1.0, 0.0, 0.0, 0.0, 0.0], [1])",-0.0,-0.0,-0.7390000000000001,-0.0,-0.0,-0.0,-0.7390000000000001,0.3851411411411412,-8.398534534534544,0.46526163842206925
188,"([0.05, 0.5, 0.09, 0.14, 0.23, 0.0], [3])","([0.0, 1.0, 0.0, 0.0, 0.0, 0.0], [1])",-0.0,-0.0,-0.0,-0.7170000000000001,-0.0,-0.0,-0.7170000000000001,0.3851411411411412,-8.066675675675686,0.46526163842206925
189,"([0.05, 0.5, 0.09, 0.14, 0.23, 0.0], [1])","([0.0, 1.0, 0.0, 0.0, 0.0, 0.0], [1])",-0.0,-0.0,-0.0,-0.0,-0.0,-0.0,0.0,0.3851411411411412,-8.451816816816827,0.46526163842206925
190,"([0.05, 0.5, 0.09, 0.14, 0.23, 0.0], [1])","([0.0, 1.0, 0.0, 0.0, 0.0, 0.0], [1])",-0.0,-0.0,-0.0,-0.0,-0.0,-0.0,0.0,0.3851411411411412,-8.836957957957967,0.46526163842206925
191,"([0.05, 0.5, 0.09, 0.14, 0.23, 0.0], [1])","([0.0, 1.0, 0.0, 0.0, 0.0, 0.0], [1])",-0.0,-0.0,-0.0,-0.0,-0.0,-0.0,0.0,0.3851411411411412,-9.222099099099108,0.46526163842206925
192,"([0.05, 0.5, 0.09, 0.14, 0.23, 0.0], [1])","([0.0, 1.0, 0.0, 0.0, 0.0, 0.0], [1])",-0.0,-0.0,-0.0,-0.0,-0.0,-0.0,0.0,0.3851411411411412,-9.607240240240248,0.46526163842206925
193,"([0.05, 0.5, 0.09, 0.14, 0.23, 0.0], [4])","([0.0, 1.0, 0.0, 0.0, 0.0, 0.0], [1])",-0.0,-0.0,-0.0,-0.0,-0.8190000000000001,-0.0,-0.8190000000000001,0.3851411411411412,-9.17338138138139,0.46526163842206925
194,"([0.05, 0.5, 0.09, 0.14, 0.23, 0.0], [1])","([0.0, 1.0, 0.0, 0.0, 0.0, 0.0], [1])",-0.0,-0.0,-0.0,-0.0,-0.0,-0.0,0.0,0.3851411411411412,-9.55852252252253,0.46526163842206925
195,"([0.05, 0.5, 0.09, 0.14, 0.23, 0.0], [1])","([0.0, 1.0, 0.0, 0.0, 0.0, 0.0], [1])",-0.0,-0.0,-0.0,-0.0,-0.0,-0.0,0.0,0.3851411411411412,-9.94366366366367,0.46526163842206925
196,"([0.05, 0.5, 0.09, 0.14, 0.23, 0.0], [4])","([0.0, 1.0, 0.0, 0.0, 0.0, 0.0], [1])",-0.0,-0.0,-0.0,-0.0,-0.8190000000000001,-0.0,-0.8190000000000001,0.3851411411411412,-9.509804804804812,0.46526163842206925
197,"([0.05, 0.5, 0.09, 0.14, 0.23, 0.0], [3])","([0.0, 1.0, 0.0, 0.0, 0.0, 0.0], [1])",-0.0,-0.0,-0.0,-0.7170000000000001,-0.0,-0.0,-0.7170000000000001,0.3851411411411412,-9.177945945945954,0.46526163842206925
198,"([0.05, 0.5, 0.09, 0.14, 0.23, 0.0], [0])","([0.0, 1.0, 0.0, 0.0, 0.0, 0.0], [1])",-0.747,-0.0,-0.0,-0.0,-0.0,-0.0,-0.747,0.3851411411411412,-8.816087087087094,0.46526163842206925
199,"([0.05, 0.5, 0.09, 0.14, 0.23, 0.0], [5])","([0.0, 1.0, 0.0, 0.0, 0.0, 0.0], [1])",-0.0,-0.0,-0.0,-0.0,-0.0,-0.722,-0.722,0.3851411411411412,-8.479228228228235,0.46526163842206925
