,sta-1,FB-0,feedback target 0,feedback target 1,feedback target 2,feedback target 3,feedback target 4,feedback target 5,total,exp_loss,actual_regret,exp_regret
0,"([1, 0, 0, 0, 0, 0], [0])","([0, 0, 0, 1, 0, 0], [3])",-0.973,-0.0,-0.0,-0.0,-0.0,-0.0,-0.973,0.973,0.24624233769913229,0.24624233769913229
1,"([0, 0, 0, 0, 1, 0], [4])","([0.25, 0.03, 0.25, 0.26, 0.02, 0.18], [0])",-0.0,-0.0,-0.0,-0.0,-0.7440000000000001,-0.0,-0.7440000000000001,0.7267576623008677,0.2634846753982647,0.24624233769913229
2,"([0, 0, 0, 0, 1, 0], [4])","([0.25, 0.03, 0.25, 0.26, 0.02, 0.18], [3])",-0.0,-0.0,-0.0,-0.0,-0.7440000000000001,-0.0,-0.7440000000000001,0.7267576623008677,0.2807270130973971,0.24624233769913229
3,"([0, 0, 0, 0, 1, 0], [4])","([0.25, 0.03, 0.25, 0.26, 0.02, 0.18], [0])",-0.0,-0.0,-0.0,-0.0,-0.7440000000000001,-0.0,-0.7440000000000001,0.7267576623008677,0.29796935079652953,0.24624233769913229
4,"([0, 0, 0, 0, 1, 0], [4])","([0.25, 0.03, 0.25, 0.26, 0.02, 0.18], [0])",-0.0,-0.0,-0.0,-0.0,-0.7440000000000001,-0.0,-0.7440000000000001,0.7267576623008677,0.31521168849566195,0.24624233769913229
5,"([0, 0, 0, 0, 1, 0], [4])","([0.25, 0.03, 0.25, 0.26, 0.02, 0.18], [3])",-0.0,-0.0,-0.0,-0.0,-0.7440000000000001,-0.0,-0.7440000000000001,0.7267576623008677,0.33245402619479436,0.24624233769913229
6,"([0, 0, 0, 0, 1, 0], [4])","([0.25, 0.03, 0.25, 0.26, 0.02, 0.18], [5])",-0.0,-0.0,-0.0,-0.0,-0.7440000000000001,-0.0,-0.7440000000000001,0.7267576623008677,0.3496963638939268,0.24624233769913229
7,"([0, 0, 0, 0, 1, 0], [4])","([0.25, 0.03, 0.25, 0.26, 0.02, 0.18], [0])",-0.0,-0.0,-0.0,-0.0,-0.7440000000000001,-0.0,-0.7440000000000001,0.7267576623008677,0.3669387015930592,0.24624233769913229
8,"([0, 0, 0, 0, 1, 0], [4])","([0.25, 0.03, 0.25, 0.26, 0.02, 0.18], [0])",-0.0,-0.0,-0.0,-0.0,-0.7440000000000001,-0.0,-0.7440000000000001,0.7267576623008677,0.3841810392921916,0.24624233769913229
9,"([0, 0, 0, 0, 1, 0], [4])","([0.25, 0.03, 0.25, 0.26, 0.02, 0.18], [3])",-0.0,-0.0,-0.0,-0.0,-0.7440000000000001,-0.0,-0.7440000000000001,0.7267576623008677,0.401423376991324,0.24624233769913229
10,"([0, 0, 0, 0, 1, 0], [4])","([0.25, 0.03, 0.25, 0.26, 0.02, 0.18], [1])",-0.0,-0.0,-0.0,-0.0,-0.7440000000000001,-0.0,-0.7440000000000001,0.7267576623008677,0.41866571469045644,0.24624233769913229
11,"([0, 0, 0, 0, 1, 0], [4])","([0.25, 0.03, 0.25, 0.26, 0.02, 0.18], [3])",-0.0,-0.0,-0.0,-0.0,-0.7440000000000001,-0.0,-0.7440000000000001,0.7267576623008677,0.43590805238958885,0.24624233769913229
12,"([0, 0, 0, 0, 1, 0], [4])","([0.25, 0.03, 0.25, 0.26, 0.02, 0.18], [0])",-0.0,-0.0,-0.0,-0.0,-0.7440000000000001,-0.0,-0.7440000000000001,0.7267576623008677,0.45315039008872127,0.24624233769913229
13,"([0, 0, 0, 0, 1, 0], [4])","([0.25, 0.03, 0.25, 0.26, 0.02, 0.18], [3])",-0.0,-0.0,-0.0,-0.0,-0.7440000000000001,-0.0,-0.7440000000000001,0.7267576623008677,0.4703927277878537,0.24624233769913229
14,"([0, 0, 0, 0, 1, 0], [4])","([0.25, 0.03, 0.25, 0.26, 0.02, 0.18], [2])",-0.0,-0.0,-0.0,-0.0,-0.7440000000000001,-0.0,-0.7440000000000001,0.7267576623008677,0.4876350654869861,0.24624233769913229
15,"([0, 0, 0, 0, 1, 0], [4])","([0.25, 0.03, 0.25, 0.26, 0.02, 0.18], [0])",-0.0,-0.0,-0.0,-0.0,-0.7440000000000001,-0.0,-0.7440000000000001,0.7267576623008677,0.5048774031861185,0.24624233769913229
16,"([0, 0, 0, 0, 1, 0], [4])","([0.25, 0.03, 0.25, 0.26, 0.02, 0.18], [3])",-0.0,-0.0,-0.0,-0.0,-0.7440000000000001,-0.0,-0.7440000000000001,0.7267576623008677,0.5221197408852509,0.24624233769913229
17,"([0, 0, 0, 0, 1, 0], [4])","([0.25, 0.03, 0.25, 0.26, 0.02, 0.18], [0])",-0.0,-0.0,-0.0,-0.0,-0.7440000000000001,-0.0,-0.7440000000000001,0.7267576623008677,0.5393620785843833,0.24624233769913229
18,"([0, 0, 0, 0, 1, 0], [4])","([0.25, 0.03, 0.25, 0.26, 0.02, 0.18], [2])",-0.0,-0.0,-0.0,-0.0,-0.7440000000000001,-0.0,-0.7440000000000001,0.7267576623008677,0.5566044162835158,0.24624233769913229
19,"([0, 0, 0, 0, 1, 0], [4])","([0.25, 0.03, 0.25, 0.26, 0.02, 0.18], [2])",-0.0,-0.0,-0.0,-0.0,-0.7440000000000001,-0.0,-0.7440000000000001,0.7267576623008677,0.5738467539826482,0.24624233769913229
20,"([0, 0, 0, 0, 1, 0], [4])","([0.25, 0.03, 0.25, 0.26, 0.02, 0.18], [5])",-0.0,-0.0,-0.0,-0.0,-0.7440000000000001,-0.0,-0.7440000000000001,0.7267576623008677,0.5910890916817806,0.24624233769913229
21,"([0, 0, 0, 0, 1, 0], [4])","([0.25, 0.03, 0.25, 0.26, 0.02, 0.18], [0])",-0.0,-0.0,-0.0,-0.0,-0.7440000000000001,-0.0,-0.7440000000000001,0.7267576623008677,0.608331429380913,0.24624233769913229
22,"([0, 0, 0, 0, 1, 0], [4])","([0.25, 0.03, 0.25, 0.26, 0.02, 0.18], [0])",-0.0,-0.0,-0.0,-0.0,-0.7440000000000001,-0.0,-0.7440000000000001,0.7267576623008677,0.6255737670800454,0.24624233769913229
23,"([0, 0, 0, 0, 1, 0], [4])","([0.25, 0.03, 0.25, 0.26, 0.02, 0.18], [2])",-0.0,-0.0,-0.0,-0.0,-0.7440000000000001,-0.0,-0.7440000000000001,0.7267576623008677,0.6428161047791778,0.24624233769913229
24,"([0, 0, 0, 0, 1, 0], [4])","([0.25, 0.03, 0.25, 0.26, 0.02, 0.18], [2])",-0.0,-0.0,-0.0,-0.0,-0.7440000000000001,-0.0,-0.7440000000000001,0.7267576623008677,0.6600584424783102,0.24624233769913229
25,"([0, 0, 0, 0, 1, 0], [4])","([0.25, 0.03, 0.25, 0.26, 0.02, 0.18], [0])",-0.0,-0.0,-0.0,-0.0,-0.7440000000000001,-0.0,-0.7440000000000001,0.7267576623008677,0.6773007801774427,0.24624233769913229
26,"([0, 0, 0, 0, 1, 0], [4])","([0.25, 0.03, 0.25, 0.26, 0.02, 0.18], [3])",-0.0,-0.0,-0.0,-0.0,-0.7440000000000001,-0.0,-0.7440000000000001,0.7267576623008677,0.6945431178765751,0.24624233769913229
27,"([0, 0, 0, 0, 1, 0], [4])","([0.25, 0.03, 0.25, 0.26, 0.02, 0.18], [2])",-0.0,-0.0,-0.0,-0.0,-0.7440000000000001,-0.0,-0.7440000000000001,0.7267576623008677,0.7117854555757075,0.24624233769913229
28,"([0, 0, 0, 0, 1, 0], [4])","([0.25, 0.03, 0.25, 0.26, 0.02, 0.18], [3])",-0.0,-0.0,-0.0,-0.0,-0.7440000000000001,-0.0,-0.7440000000000001,0.7267576623008677,0.7290277932748399,0.24624233769913229
29,"([0, 0, 0, 0, 1, 0], [4])","([0.25, 0.03, 0.25, 0.26, 0.02, 0.18], [5])",-0.0,-0.0,-0.0,-0.0,-0.7440000000000001,-0.0,-0.7440000000000001,0.7267576623008677,0.7462701309739723,0.24624233769913229
30,"([0, 0, 0, 0, 1, 0], [4])","([0.25, 0.03, 0.25, 0.26, 0.02, 0.18], [0])",-0.0,-0.0,-0.0,-0.0,-0.7440000000000001,-0.0,-0.7440000000000001,0.7267576623008677,0.7635124686731047,0.24624233769913229
31,"([0, 0, 0, 0, 1, 0], [4])","([0.25, 0.03, 0.25, 0.26, 0.02, 0.18], [5])",-0.0,-0.0,-0.0,-0.0,-0.7440000000000001,-0.0,-0.7440000000000001,0.7267576623008677,0.7807548063722372,0.24624233769913229
32,"([0, 0, 0, 0, 1, 0], [4])","([0.25, 0.03, 0.25, 0.26, 0.02, 0.18], [2])",-0.0,-0.0,-0.0,-0.0,-0.7440000000000001,-0.0,-0.7440000000000001,0.7267576623008677,0.7979971440713696,0.24624233769913229
33,"([0, 0, 0, 0, 1, 0], [4])","([0.25, 0.03, 0.25, 0.26, 0.02, 0.18], [3])",-0.0,-0.0,-0.0,-0.0,-0.7440000000000001,-0.0,-0.7440000000000001,0.7267576623008677,0.815239481770502,0.24624233769913229
34,"([0, 0, 0, 0, 1, 0], [4])","([0.25, 0.03, 0.25, 0.26, 0.02, 0.18], [2])",-0.0,-0.0,-0.0,-0.0,-0.7440000000000001,-0.0,-0.7440000000000001,0.7267576623008677,0.8324818194696344,0.24624233769913229
35,"([0, 0, 0, 0, 1, 0], [4])","([0.25, 0.03, 0.25, 0.26, 0.02, 0.18], [3])",-0.0,-0.0,-0.0,-0.0,-0.7440000000000001,-0.0,-0.7440000000000001,0.7267576623008677,0.8497241571687668,0.24624233769913229
36,"([0, 0, 0, 0, 1, 0], [4])","([0.25, 0.03, 0.25, 0.26, 0.02, 0.18], [3])",-0.0,-0.0,-0.0,-0.0,-0.7440000000000001,-0.0,-0.7440000000000001,0.7267576623008677,0.8669664948678992,0.24624233769913229
37,"([0, 0, 0, 0, 1, 0], [4])","([0.25, 0.03, 0.25, 0.26, 0.02, 0.18], [0])",-0.0,-0.0,-0.0,-0.0,-0.7440000000000001,-0.0,-0.7440000000000001,0.7267576623008677,0.8842088325670316,0.24624233769913229
38,"([0, 0, 0, 0, 1, 0], [4])","([0.25, 0.03, 0.25, 0.26, 0.02, 0.18], [4])",-0.0,-0.0,-0.0,-0.0,-0.0,-0.0,0.0,0.7267576623008677,0.15745117026616395,0.24624233769913229
39,"([0, 0, 0, 0, 1, 0], [4])","([0.25, 0.03, 0.25, 0.26, 0.02, 0.18], [5])",-0.0,-0.0,-0.0,-0.0,-0.7440000000000001,-0.0,-0.7440000000000001,0.7267576623008677,0.17469350796529637,0.24624233769913229
40,"([0, 0, 0, 0, 1, 0], [4])","([0.25, 0.03, 0.25, 0.26, 0.02, 0.18], [0])",-0.0,-0.0,-0.0,-0.0,-0.7440000000000001,-0.0,-0.7440000000000001,0.7267576623008677,0.19193584566442878,0.24624233769913229
41,"([0, 0, 0, 0, 1, 0], [4])","([0.25, 0.03, 0.25, 0.26, 0.02, 0.18], [3])",-0.0,-0.0,-0.0,-0.0,-0.7440000000000001,-0.0,-0.7440000000000001,0.7267576623008677,0.2091781833635612,0.24624233769913229
42,"([0, 0, 0, 0, 1, 0], [4])","([0.25, 0.03, 0.25, 0.26, 0.02, 0.18], [0])",-0.0,-0.0,-0.0,-0.0,-0.7440000000000001,-0.0,-0.7440000000000001,0.7267576623008677,0.2264205210626936,0.24624233769913229
43,"([0, 0, 0, 0, 1, 0], [4])","([0.25, 0.03, 0.25, 0.26, 0.02, 0.18], [3])",-0.0,-0.0,-0.0,-0.0,-0.7440000000000001,-0.0,-0.7440000000000001,0.7267576623008677,0.24366285876182603,0.24624233769913229
44,"([0, 0, 0, 0, 1, 0], [4])","([0.25, 0.03, 0.25, 0.26, 0.02, 0.18], [3])",-0.0,-0.0,-0.0,-0.0,-0.7440000000000001,-0.0,-0.7440000000000001,0.7267576623008677,0.26090519646095844,0.24624233769913229
45,"([0, 0, 0, 0, 1, 0], [4])","([0.25, 0.03, 0.25, 0.26, 0.02, 0.18], [5])",-0.0,-0.0,-0.0,-0.0,-0.7440000000000001,-0.0,-0.7440000000000001,0.7267576623008677,0.27814753416009086,0.24624233769913229
46,"([0, 0, 0, 0, 1, 0], [4])","([0.25, 0.03, 0.25, 0.26, 0.02, 0.18], [3])",-0.0,-0.0,-0.0,-0.0,-0.7440000000000001,-0.0,-0.7440000000000001,0.7267576623008677,0.2953898718592233,0.24624233769913229
47,"([0, 0, 0, 0, 1, 0], [4])","([0.25, 0.03, 0.25, 0.26, 0.02, 0.18], [2])",-0.0,-0.0,-0.0,-0.0,-0.7440000000000001,-0.0,-0.7440000000000001,0.7267576623008677,0.3126322095583557,0.24624233769913229
48,"([0, 0, 0, 0, 1, 0], [4])","([0.25, 0.03, 0.25, 0.26, 0.02, 0.18], [5])",-0.0,-0.0,-0.0,-0.0,-0.7440000000000001,-0.0,-0.7440000000000001,0.7267576623008677,0.3298745472574881,0.24624233769913229
49,"([0, 0, 0, 0, 1, 0], [4])","([0.25, 0.03, 0.25, 0.26, 0.02, 0.18], [0])",-0.0,-0.0,-0.0,-0.0,-0.7440000000000001,-0.0,-0.7440000000000001,0.7267576623008677,0.3471168849566205,0.24624233769913229
50,"([0, 0, 0, 0, 1, 0], [4])","([0.25, 0.03, 0.25, 0.26, 0.02, 0.18], [2])",-0.0,-0.0,-0.0,-0.0,-0.7440000000000001,-0.0,-0.7440000000000001,0.7267576623008677,0.36435922265575293,0.24624233769913229
51,"([0, 0, 0, 0, 1, 0], [4])","([0.25, 0.03, 0.25, 0.26, 0.02, 0.18], [2])",-0.0,-0.0,-0.0,-0.0,-0.7440000000000001,-0.0,-0.7440000000000001,0.7267576623008677,0.38160156035488535,0.24624233769913229
52,"([0, 0, 0, 0, 1, 0], [4])","([0.25, 0.03, 0.25, 0.26, 0.02, 0.18], [2])",-0.0,-0.0,-0.0,-0.0,-0.7440000000000001,-0.0,-0.7440000000000001,0.7267576623008677,0.39884389805401776,0.24624233769913229
53,"([0, 0, 0, 0, 1, 0], [4])","([0.25, 0.03, 0.25, 0.26, 0.02, 0.18], [0])",-0.0,-0.0,-0.0,-0.0,-0.7440000000000001,-0.0,-0.7440000000000001,0.7267576623008677,0.4160862357531502,0.24624233769913229
54,"([0, 0, 0, 0, 1, 0], [4])","([0.25, 0.03, 0.25, 0.26, 0.02, 0.18], [5])",-0.0,-0.0,-0.0,-0.0,-0.7440000000000001,-0.0,-0.7440000000000001,0.7267576623008677,0.4333285734522826,0.24624233769913229
55,"([0, 0, 0, 0, 1, 0], [4])","([0.25, 0.03, 0.25, 0.26, 0.02, 0.18], [1])",-0.0,-0.0,-0.0,-0.0,-0.7440000000000001,-0.0,-0.7440000000000001,0.7267576623008677,0.450570911151415,0.24624233769913229
56,"([0, 0, 0, 0, 1, 0], [4])","([0.25, 0.03, 0.25, 0.26, 0.02, 0.18], [3])",-0.0,-0.0,-0.0,-0.0,-0.7440000000000001,-0.0,-0.7440000000000001,0.7267576623008677,0.4678132488505474,0.24624233769913229
57,"([0, 0, 0, 0, 1, 0], [4])","([0.25, 0.03, 0.25, 0.26, 0.02, 0.18], [3])",-0.0,-0.0,-0.0,-0.0,-0.7440000000000001,-0.0,-0.7440000000000001,0.7267576623008677,0.48505558654967984,0.24624233769913229
58,"([0, 0, 0, 0, 1, 0], [4])","([0.25, 0.03, 0.25, 0.26, 0.02, 0.18], [2])",-0.0,-0.0,-0.0,-0.0,-0.7440000000000001,-0.0,-0.7440000000000001,0.7267576623008677,0.5022979242488123,0.24624233769913229
59,"([0, 0, 0, 0, 1, 0], [4])","([0.25, 0.03, 0.25, 0.26, 0.02, 0.18], [0])",-0.0,-0.0,-0.0,-0.0,-0.7440000000000001,-0.0,-0.7440000000000001,0.7267576623008677,0.5195402619479447,0.24624233769913229
60,"([0, 0, 0, 0, 1, 0], [4])","([0.25, 0.03, 0.25, 0.26, 0.02, 0.18], [3])",-0.0,-0.0,-0.0,-0.0,-0.7440000000000001,-0.0,-0.7440000000000001,0.7267576623008677,0.5367825996470771,0.24624233769913229
61,"([0, 0, 0, 0, 1, 0], [4])","([0.25, 0.03, 0.25, 0.26, 0.02, 0.18], [5])",-0.0,-0.0,-0.0,-0.0,-0.7440000000000001,-0.0,-0.7440000000000001,0.7267576623008677,0.5540249373462095,0.24624233769913229
62,"([0, 0, 0, 0, 1, 0], [4])","([0.25, 0.03, 0.25, 0.26, 0.02, 0.18], [0])",-0.0,-0.0,-0.0,-0.0,-0.7440000000000001,-0.0,-0.7440000000000001,0.7267576623008677,0.5712672750453419,0.24624233769913229
63,"([0, 0, 0, 0, 1, 0], [4])","([0.25, 0.03, 0.25, 0.26, 0.02, 0.18], [2])",-0.0,-0.0,-0.0,-0.0,-0.7440000000000001,-0.0,-0.7440000000000001,0.7267576623008677,0.5885096127444743,0.24624233769913229
64,"([0, 0, 0, 0, 1, 0], [4])","([0.25, 0.03, 0.25, 0.26, 0.02, 0.18], [3])",-0.0,-0.0,-0.0,-0.0,-0.7440000000000001,-0.0,-0.7440000000000001,0.7267576623008677,0.6057519504436067,0.24624233769913229
65,"([0, 0, 0, 0, 1, 0], [4])","([0.25, 0.03, 0.25, 0.26, 0.02, 0.18], [5])",-0.0,-0.0,-0.0,-0.0,-0.7440000000000001,-0.0,-0.7440000000000001,0.7267576623008677,0.6229942881427392,0.24624233769913229
66,"([0, 0, 0, 0, 1, 0], [4])","([0.25, 0.03, 0.25, 0.26, 0.02, 0.18], [5])",-0.0,-0.0,-0.0,-0.0,-0.7440000000000001,-0.0,-0.7440000000000001,0.7267576623008677,0.6402366258418716,0.24624233769913229
67,"([0, 0, 0, 0, 1, 0], [4])","([0.25, 0.03, 0.25, 0.26, 0.02, 0.18], [0])",-0.0,-0.0,-0.0,-0.0,-0.7440000000000001,-0.0,-0.7440000000000001,0.7267576623008677,0.657478963541004,0.24624233769913229
68,"([0, 0, 0, 0, 1, 0], [4])","([0.25, 0.03, 0.25, 0.26, 0.02, 0.18], [3])",-0.0,-0.0,-0.0,-0.0,-0.7440000000000001,-0.0,-0.7440000000000001,0.7267576623008677,0.6747213012401364,0.24624233769913229
69,"([0, 0, 0, 0, 1, 0], [4])","([0.25, 0.03, 0.25, 0.26, 0.02, 0.18], [3])",-0.0,-0.0,-0.0,-0.0,-0.7440000000000001,-0.0,-0.7440000000000001,0.7267576623008677,0.6919636389392688,0.24624233769913229
70,"([0, 0, 0, 0, 1, 0], [4])","([0.25, 0.03, 0.25, 0.26, 0.02, 0.18], [5])",-0.0,-0.0,-0.0,-0.0,-0.7440000000000001,-0.0,-0.7440000000000001,0.7267576623008677,0.7092059766384012,0.24624233769913229
71,"([0, 0, 0, 0, 1, 0], [4])","([0.25, 0.03, 0.25, 0.26, 0.02, 0.18], [2])",-0.0,-0.0,-0.0,-0.0,-0.7440000000000001,-0.0,-0.7440000000000001,0.7267576623008677,0.7264483143375337,0.24624233769913229
72,"([0, 0, 0, 0, 1, 0], [4])","([0.25, 0.03, 0.25, 0.26, 0.02, 0.18], [3])",-0.0,-0.0,-0.0,-0.0,-0.7440000000000001,-0.0,-0.7440000000000001,0.7267576623008677,0.7436906520366661,0.24624233769913229
73,"([0, 0, 0, 0, 1, 0], [4])","([0.25, 0.03, 0.25, 0.26, 0.02, 0.18], [3])",-0.0,-0.0,-0.0,-0.0,-0.7440000000000001,-0.0,-0.7440000000000001,0.7267576623008677,0.7609329897357985,0.24624233769913229
74,"([0, 0, 0, 0, 1, 0], [4])","([0.25, 0.03, 0.25, 0.26, 0.02, 0.18], [0])",-0.0,-0.0,-0.0,-0.0,-0.7440000000000001,-0.0,-0.7440000000000001,0.7267576623008677,0.7781753274349309,0.24624233769913229
75,"([0, 0, 0, 0, 1, 0], [4])","([0.25, 0.03, 0.25, 0.26, 0.02, 0.18], [3])",-0.0,-0.0,-0.0,-0.0,-0.7440000000000001,-0.0,-0.7440000000000001,0.7267576623008677,0.7954176651340633,0.24624233769913229
76,"([0, 0, 0, 0, 1, 0], [4])","([0.25, 0.03, 0.25, 0.26, 0.02, 0.18], [2])",-0.0,-0.0,-0.0,-0.0,-0.7440000000000001,-0.0,-0.7440000000000001,0.7267576623008677,0.8126600028331957,0.24624233769913229
77,"([0, 0, 0, 0, 1, 0], [4])","([0.25, 0.03, 0.25, 0.26, 0.02, 0.18], [3])",-0.0,-0.0,-0.0,-0.0,-0.7440000000000001,-0.0,-0.7440000000000001,0.7267576623008677,0.8299023405323281,0.24624233769913229
78,"([0, 0, 0, 0, 1, 0], [4])","([0.25, 0.03, 0.25, 0.26, 0.02, 0.18], [5])",-0.0,-0.0,-0.0,-0.0,-0.7440000000000001,-0.0,-0.7440000000000001,0.7267576623008677,0.8471446782314606,0.24624233769913229
79,"([0, 0, 0, 0, 1, 0], [4])","([0.25, 0.03, 0.25, 0.26, 0.02, 0.18], [3])",-0.0,-0.0,-0.0,-0.0,-0.7440000000000001,-0.0,-0.7440000000000001,0.7267576623008677,0.864387015930593,0.24624233769913229
80,"([0, 0, 0, 0, 1, 0], [4])","([0.25, 0.03, 0.25, 0.26, 0.02, 0.18], [2])",-0.0,-0.0,-0.0,-0.0,-0.7440000000000001,-0.0,-0.7440000000000001,0.7267576623008677,0.8816293536297254,0.24624233769913229
81,"([0, 0, 0, 0, 1, 0], [4])","([0.25, 0.03, 0.25, 0.26, 0.02, 0.18], [5])",-0.0,-0.0,-0.0,-0.0,-0.7440000000000001,-0.0,-0.7440000000000001,0.7267576623008677,0.8988716913288578,0.24624233769913229
82,"([0, 0, 0, 0, 1, 0], [4])","([0.25, 0.03, 0.25, 0.26, 0.02, 0.18], [3])",-0.0,-0.0,-0.0,-0.0,-0.7440000000000001,-0.0,-0.7440000000000001,0.7267576623008677,0.9161140290279902,0.24624233769913229
83,"([0, 0, 0, 0, 1, 0], [4])","([0.25, 0.03, 0.25, 0.26, 0.02, 0.18], [5])",-0.0,-0.0,-0.0,-0.0,-0.7440000000000001,-0.0,-0.7440000000000001,0.7267576623008677,0.9333563667271226,0.24624233769913229
84,"([0, 0, 0, 0, 1, 0], [4])","([0.25, 0.03, 0.25, 0.26, 0.02, 0.18], [4])",-0.0,-0.0,-0.0,-0.0,-0.0,-0.0,0.0,0.7267576623008677,0.20659870442625494,0.24624233769913229
85,"([0, 0, 0, 0, 1, 0], [4])","([0.25, 0.03, 0.25, 0.26, 0.02, 0.18], [0])",-0.0,-0.0,-0.0,-0.0,-0.7440000000000001,-0.0,-0.7440000000000001,0.7267576623008677,0.22384104212538736,0.24624233769913229
86,"([0, 0, 0, 0, 1, 0], [4])","([0.25, 0.03, 0.25, 0.26, 0.02, 0.18], [0])",-0.0,-0.0,-0.0,-0.0,-0.7440000000000001,-0.0,-0.7440000000000001,0.7267576623008677,0.24108337982451977,0.24624233769913229
87,"([0, 0, 0, 0, 1, 0], [4])","([0.25, 0.03, 0.25, 0.26, 0.02, 0.18], [2])",-0.0,-0.0,-0.0,-0.0,-0.7440000000000001,-0.0,-0.7440000000000001,0.7267576623008677,0.2583257175236522,0.24624233769913229
88,"([0, 0, 0, 0, 1, 0], [4])","([0.25, 0.03, 0.25, 0.26, 0.02, 0.18], [3])",-0.0,-0.0,-0.0,-0.0,-0.7440000000000001,-0.0,-0.7440000000000001,0.7267576623008677,0.2755680552227846,0.24624233769913229
89,"([0, 0, 0, 0, 1, 0], [4])","([0.25, 0.03, 0.25, 0.26, 0.02, 0.18], [2])",-0.0,-0.0,-0.0,-0.0,-0.7440000000000001,-0.0,-0.7440000000000001,0.7267576623008677,0.292810392921917,0.24624233769913229
90,"([0, 0, 0, 0, 1, 0], [4])","([0.25, 0.03, 0.25, 0.26, 0.02, 0.18], [0])",-0.0,-0.0,-0.0,-0.0,-0.7440000000000001,-0.0,-0.7440000000000001,0.7267576623008677,0.31005273062104943,0.24624233769913229
91,"([0, 0, 0, 0, 1, 0], [4])","([0.25, 0.03, 0.25, 0.26, 0.02, 0.18], [5])",-0.0,-0.0,-0.0,-0.0,-0.7440000000000001,-0.0,-0.7440000000000001,0.7267576623008677,0.32729506832018185,0.24624233769913229
92,"([0, 0, 0, 0, 1, 0], [4])","([0.25, 0.03, 0.25, 0.26, 0.02, 0.18], [2])",-0.0,-0.0,-0.0,-0.0,-0.7440000000000001,-0.0,-0.7440000000000001,0.7267576623008677,0.34453740601931426,0.24624233769913229
93,"([0, 0, 0, 0, 1, 0], [4])","([0.25, 0.03, 0.25, 0.26, 0.02, 0.18], [3])",-0.0,-0.0,-0.0,-0.0,-0.7440000000000001,-0.0,-0.7440000000000001,0.7267576623008677,0.3617797437184467,0.24624233769913229
94,"([0, 0, 0, 0, 1, 0], [4])","([0.25, 0.03, 0.25, 0.26, 0.02, 0.18], [5])",-0.0,-0.0,-0.0,-0.0,-0.7440000000000001,-0.0,-0.7440000000000001,0.7267576623008677,0.3790220814175791,0.24624233769913229
95,"([0, 0, 0, 0, 1, 0], [4])","([0.25, 0.03, 0.25, 0.26, 0.02, 0.18], [0])",-0.0,-0.0,-0.0,-0.0,-0.7440000000000001,-0.0,-0.7440000000000001,0.7267576623008677,0.3962644191167115,0.24624233769913229
96,"([0, 0, 0, 0, 1, 0], [4])","([0.25, 0.03, 0.25, 0.26, 0.02, 0.18], [5])",-0.0,-0.0,-0.0,-0.0,-0.7440000000000001,-0.0,-0.7440000000000001,0.7267576623008677,0.4135067568158439,0.24624233769913229
97,"([0, 0, 0, 0, 1, 0], [4])","([0.25, 0.03, 0.25, 0.26, 0.02, 0.18], [3])",-0.0,-0.0,-0.0,-0.0,-0.7440000000000001,-0.0,-0.7440000000000001,0.7267576623008677,0.43074909451497634,0.24624233769913229
98,"([0, 0, 0, 0, 1, 0], [4])","([0.25, 0.03, 0.25, 0.26, 0.02, 0.18], [0])",-0.0,-0.0,-0.0,-0.0,-0.7440000000000001,-0.0,-0.7440000000000001,0.7267576623008677,0.44799143221410875,0.24624233769913229
99,"([0, 0, 0, 0, 1, 0], [4])","([0.25, 0.03, 0.25, 0.26, 0.02, 0.18], [2])",-0.0,-0.0,-0.0,-0.0,-0.7440000000000001,-0.0,-0.7440000000000001,0.7267576623008677,0.46523376991324117,0.24624233769913229
