,sta-1,FB-0,feedback target 0,feedback target 1,feedback target 2,feedback target 3,feedback target 4,feedback target 5,total,exp_loss,actual_regret,exp_regret
0,"([0, 0, 0, 1, 0, 0], [3])","([0.22, 0.09, 0.22, 0.22, 0.08, 0.17], [4])",-0.0,-0.0,-0.0,-0.987,-0.0,-0.0,-0.987,0.7653498374259748,0.2602423376991323,0.03859217512510715
1,"([0, 0, 0, 0, 1, 0], [4])","([0.25, 0.03, 0.25, 0.26, 0.02, 0.18], [3])",-0.0,-0.0,-0.0,-0.0,-0.7440000000000001,-0.0,-0.7440000000000001,0.7267576623008677,0.2774846753982647,0.03859217512510715
2,"([0, 0, 0, 0, 1, 0], [4])","([0.25, 0.03, 0.25, 0.26, 0.02, 0.18], [0])",-0.0,-0.0,-0.0,-0.0,-0.7440000000000001,-0.0,-0.7440000000000001,0.7267576623008677,0.29472701309739713,0.03859217512510715
3,"([0, 0, 0, 0, 1, 0], [4])","([0.25, 0.03, 0.25, 0.26, 0.02, 0.18], [0])",-0.0,-0.0,-0.0,-0.0,-0.7440000000000001,-0.0,-0.7440000000000001,0.7267576623008677,0.31196935079652954,0.03859217512510715
4,"([0, 0, 0, 0, 1, 0], [4])","([0.25, 0.03, 0.25, 0.26, 0.02, 0.18], [2])",-0.0,-0.0,-0.0,-0.0,-0.7440000000000001,-0.0,-0.7440000000000001,0.7267576623008677,0.32921168849566196,0.03859217512510715
5,"([0, 0, 0, 0, 1, 0], [4])","([0.25, 0.03, 0.25, 0.26, 0.02, 0.18], [3])",-0.0,-0.0,-0.0,-0.0,-0.7440000000000001,-0.0,-0.7440000000000001,0.7267576623008677,0.3464540261947944,0.03859217512510715
6,"([0, 0, 0, 0, 1, 0], [4])","([0.25, 0.03, 0.25, 0.26, 0.02, 0.18], [5])",-0.0,-0.0,-0.0,-0.0,-0.7440000000000001,-0.0,-0.7440000000000001,0.7267576623008677,0.3636963638939268,0.03859217512510715
7,"([0, 0, 0, 0, 1, 0], [4])","([0.25, 0.03, 0.25, 0.26, 0.02, 0.18], [3])",-0.0,-0.0,-0.0,-0.0,-0.7440000000000001,-0.0,-0.7440000000000001,0.7267576623008677,0.3809387015930592,0.03859217512510715
8,"([0, 0, 0, 0, 1, 0], [4])","([0.25, 0.03, 0.25, 0.26, 0.02, 0.18], [0])",-0.0,-0.0,-0.0,-0.0,-0.7440000000000001,-0.0,-0.7440000000000001,0.7267576623008677,0.3981810392921916,0.03859217512510715
9,"([0, 0, 0, 0, 1, 0], [4])","([0.25, 0.03, 0.25, 0.26, 0.02, 0.18], [5])",-0.0,-0.0,-0.0,-0.0,-0.7440000000000001,-0.0,-0.7440000000000001,0.7267576623008677,0.41542337699132403,0.03859217512510715
10,"([0, 0, 0, 0, 1, 0], [4])","([0.25, 0.03, 0.25, 0.26, 0.02, 0.18], [5])",-0.0,-0.0,-0.0,-0.0,-0.7440000000000001,-0.0,-0.7440000000000001,0.7267576623008677,0.43266571469045645,0.03859217512510715
11,"([0, 0, 0, 0, 1, 0], [4])","([0.25, 0.03, 0.25, 0.26, 0.02, 0.18], [0])",-0.0,-0.0,-0.0,-0.0,-0.7440000000000001,-0.0,-0.7440000000000001,0.7267576623008677,0.44990805238958886,0.03859217512510715
12,"([0, 0, 0, 0, 1, 0], [4])","([0.25, 0.03, 0.25, 0.26, 0.02, 0.18], [5])",-0.0,-0.0,-0.0,-0.0,-0.7440000000000001,-0.0,-0.7440000000000001,0.7267576623008677,0.4671503900887213,0.03859217512510715
13,"([0, 0, 0, 0, 1, 0], [4])","([0.25, 0.03, 0.25, 0.26, 0.02, 0.18], [3])",-0.0,-0.0,-0.0,-0.0,-0.7440000000000001,-0.0,-0.7440000000000001,0.7267576623008677,0.4843927277878537,0.03859217512510715
14,"([0, 0, 0, 0, 1, 0], [4])","([0.25, 0.03, 0.25, 0.26, 0.02, 0.18], [2])",-0.0,-0.0,-0.0,-0.0,-0.7440000000000001,-0.0,-0.7440000000000001,0.7267576623008677,0.5016350654869861,0.03859217512510715
15,"([0, 0, 0, 0, 1, 0], [4])","([0.25, 0.03, 0.25, 0.26, 0.02, 0.18], [3])",-0.0,-0.0,-0.0,-0.0,-0.7440000000000001,-0.0,-0.7440000000000001,0.7267576623008677,0.5188774031861185,0.03859217512510715
16,"([0, 0, 0, 0, 1, 0], [4])","([0.25, 0.03, 0.25, 0.26, 0.02, 0.18], [5])",-0.0,-0.0,-0.0,-0.0,-0.7440000000000001,-0.0,-0.7440000000000001,0.7267576623008677,0.5361197408852509,0.03859217512510715
17,"([0, 0, 0, 0, 1, 0], [4])","([0.25, 0.03, 0.25, 0.26, 0.02, 0.18], [3])",-0.0,-0.0,-0.0,-0.0,-0.7440000000000001,-0.0,-0.7440000000000001,0.7267576623008677,0.5533620785843834,0.03859217512510715
18,"([0, 0, 0, 0, 1, 0], [4])","([0.25, 0.03, 0.25, 0.26, 0.02, 0.18], [2])",-0.0,-0.0,-0.0,-0.0,-0.7440000000000001,-0.0,-0.7440000000000001,0.7267576623008677,0.5706044162835158,0.03859217512510715
19,"([0, 0, 0, 0, 1, 0], [4])","([0.25, 0.03, 0.25, 0.26, 0.02, 0.18], [5])",-0.0,-0.0,-0.0,-0.0,-0.7440000000000001,-0.0,-0.7440000000000001,0.7267576623008677,0.5878467539826482,0.03859217512510715
20,"([0, 0, 0, 0, 1, 0], [4])","([0.25, 0.03, 0.25, 0.26, 0.02, 0.18], [4])",-0.0,-0.0,-0.0,-0.0,-0.0,-0.0,0.0,0.7267576623008677,-0.1389109083182195,0.03859217512510715
21,"([0, 0, 0, 0, 1, 0], [4])","([0.25, 0.03, 0.25, 0.26, 0.02, 0.18], [3])",-0.0,-0.0,-0.0,-0.0,-0.7440000000000001,-0.0,-0.7440000000000001,0.7267576623008677,-0.12166857061908709,0.03859217512510715
22,"([0, 0, 0, 0, 1, 0], [4])","([0.25, 0.03, 0.25, 0.26, 0.02, 0.18], [0])",-0.0,-0.0,-0.0,-0.0,-0.7440000000000001,-0.0,-0.7440000000000001,0.7267576623008677,-0.10442623291995468,0.03859217512510715
23,"([0, 0, 0, 0, 1, 0], [4])","([0.25, 0.03, 0.25, 0.26, 0.02, 0.18], [5])",-0.0,-0.0,-0.0,-0.0,-0.7440000000000001,-0.0,-0.7440000000000001,0.7267576623008677,-0.08718389522082226,0.03859217512510715
24,"([0, 0, 0, 0, 1, 0], [4])","([0.25, 0.03, 0.25, 0.26, 0.02, 0.18], [5])",-0.0,-0.0,-0.0,-0.0,-0.7440000000000001,-0.0,-0.7440000000000001,0.7267576623008677,-0.06994155752168985,0.03859217512510715
25,"([0, 0, 0, 0, 1, 0], [4])","([0.25, 0.03, 0.25, 0.26, 0.02, 0.18], [3])",-0.0,-0.0,-0.0,-0.0,-0.7440000000000001,-0.0,-0.7440000000000001,0.7267576623008677,-0.05269921982255743,0.03859217512510715
26,"([0, 0, 0, 0, 1, 0], [4])","([0.25, 0.03, 0.25, 0.26, 0.02, 0.18], [5])",-0.0,-0.0,-0.0,-0.0,-0.7440000000000001,-0.0,-0.7440000000000001,0.7267576623008677,-0.035456882123425015,0.03859217512510715
27,"([0, 0, 0, 0, 1, 0], [4])","([0.25, 0.03, 0.25, 0.26, 0.02, 0.18], [2])",-0.0,-0.0,-0.0,-0.0,-0.7440000000000001,-0.0,-0.7440000000000001,0.7267576623008677,-0.0182145444242926,0.03859217512510715
28,"([0, 0, 0, 0, 1, 0], [4])","([0.25, 0.03, 0.25, 0.26, 0.02, 0.18], [5])",-0.0,-0.0,-0.0,-0.0,-0.7440000000000001,-0.0,-0.7440000000000001,0.7267576623008677,-0.0009722067251601851,0.03859217512510715
29,"([0, 0, 0, 0, 1, 0], [4])","([0.25, 0.03, 0.25, 0.26, 0.02, 0.18], [0])",-0.0,-0.0,-0.0,-0.0,-0.7440000000000001,-0.0,-0.7440000000000001,0.7267576623008677,0.01627013097397223,0.03859217512510715
30,"([0, 0, 0, 0, 1, 0], [4])","([0.25, 0.03, 0.25, 0.26, 0.02, 0.18], [0])",-0.0,-0.0,-0.0,-0.0,-0.7440000000000001,-0.0,-0.7440000000000001,0.7267576623008677,0.033512468673104645,0.03859217512510715
31,"([0, 0, 0, 0, 1, 0], [4])","([0.25, 0.03, 0.25, 0.26, 0.02, 0.18], [2])",-0.0,-0.0,-0.0,-0.0,-0.7440000000000001,-0.0,-0.7440000000000001,0.7267576623008677,0.05075480637223706,0.03859217512510715
32,"([0, 0, 0, 0, 1, 0], [4])","([0.25, 0.03, 0.25, 0.26, 0.02, 0.18], [0])",-0.0,-0.0,-0.0,-0.0,-0.7440000000000001,-0.0,-0.7440000000000001,0.7267576623008677,0.06799714407136948,0.03859217512510715
33,"([0, 0, 0, 0, 1, 0], [4])","([0.25, 0.03, 0.25, 0.26, 0.02, 0.18], [5])",-0.0,-0.0,-0.0,-0.0,-0.7440000000000001,-0.0,-0.7440000000000001,0.7267576623008677,0.08523948177050189,0.03859217512510715
34,"([0, 0, 0, 0, 1, 0], [4])","([0.25, 0.03, 0.25, 0.26, 0.02, 0.18], [2])",-0.0,-0.0,-0.0,-0.0,-0.7440000000000001,-0.0,-0.7440000000000001,0.7267576623008677,0.1024818194696343,0.03859217512510715
35,"([0, 0, 0, 0, 1, 0], [4])","([0.25, 0.03, 0.25, 0.26, 0.02, 0.18], [3])",-0.0,-0.0,-0.0,-0.0,-0.7440000000000001,-0.0,-0.7440000000000001,0.7267576623008677,0.11972415716876672,0.03859217512510715
36,"([0, 0, 0, 0, 1, 0], [4])","([0.25, 0.03, 0.25, 0.26, 0.02, 0.18], [3])",-0.0,-0.0,-0.0,-0.0,-0.7440000000000001,-0.0,-0.7440000000000001,0.7267576623008677,0.13696649486789914,0.03859217512510715
37,"([0, 0, 0, 0, 1, 0], [4])","([0.25, 0.03, 0.25, 0.26, 0.02, 0.18], [1])",-0.0,-0.0,-0.0,-0.0,-0.7440000000000001,-0.0,-0.7440000000000001,0.7267576623008677,0.15420883256703155,0.03859217512510715
38,"([0, 0, 0, 0, 1, 0], [4])","([0.25, 0.03, 0.25, 0.26, 0.02, 0.18], [0])",-0.0,-0.0,-0.0,-0.0,-0.7440000000000001,-0.0,-0.7440000000000001,0.7267576623008677,0.17145117026616397,0.03859217512510715
39,"([0, 0, 0, 0, 1, 0], [4])","([0.25, 0.03, 0.25, 0.26, 0.02, 0.18], [0])",-0.0,-0.0,-0.0,-0.0,-0.7440000000000001,-0.0,-0.7440000000000001,0.7267576623008677,0.18869350796529638,0.03859217512510715
40,"([0, 0, 0, 0, 1, 0], [4])","([0.25, 0.03, 0.25, 0.26, 0.02, 0.18], [0])",-0.0,-0.0,-0.0,-0.0,-0.7440000000000001,-0.0,-0.7440000000000001,0.7267576623008677,0.2059358456644288,0.03859217512510715
41,"([0, 0, 0, 0, 1, 0], [4])","([0.25, 0.03, 0.25, 0.26, 0.02, 0.18], [5])",-0.0,-0.0,-0.0,-0.0,-0.7440000000000001,-0.0,-0.7440000000000001,0.7267576623008677,0.2231781833635612,0.03859217512510715
42,"([0, 0, 0, 0, 1, 0], [4])","([0.25, 0.03, 0.25, 0.26, 0.02, 0.18], [0])",-0.0,-0.0,-0.0,-0.0,-0.7440000000000001,-0.0,-0.7440000000000001,0.7267576623008677,0.24042052106269363,0.03859217512510715
43,"([0, 0, 0, 0, 1, 0], [4])","([0.25, 0.03, 0.25, 0.26, 0.02, 0.18], [5])",-0.0,-0.0,-0.0,-0.0,-0.7440000000000001,-0.0,-0.7440000000000001,0.7267576623008677,0.25766285876182604,0.03859217512510715
44,"([0, 0, 0, 0, 1, 0], [4])","([0.25, 0.03, 0.25, 0.26, 0.02, 0.18], [3])",-0.0,-0.0,-0.0,-0.0,-0.7440000000000001,-0.0,-0.7440000000000001,0.7267576623008677,0.27490519646095846,0.03859217512510715
45,"([0, 0, 0, 0, 1, 0], [4])","([0.25, 0.03, 0.25, 0.26, 0.02, 0.18], [5])",-0.0,-0.0,-0.0,-0.0,-0.7440000000000001,-0.0,-0.7440000000000001,0.7267576623008677,0.29214753416009087,0.03859217512510715
46,"([0, 0, 0, 0, 1, 0], [4])","([0.25, 0.03, 0.25, 0.26, 0.02, 0.18], [3])",-0.0,-0.0,-0.0,-0.0,-0.7440000000000001,-0.0,-0.7440000000000001,0.7267576623008677,0.3093898718592233,0.03859217512510715
47,"([0, 0, 0, 0, 1, 0], [4])","([0.25, 0.03, 0.25, 0.26, 0.02, 0.18], [3])",-0.0,-0.0,-0.0,-0.0,-0.7440000000000001,-0.0,-0.7440000000000001,0.7267576623008677,0.3266322095583557,0.03859217512510715
48,"([0, 0, 0, 0, 1, 0], [4])","([0.25, 0.03, 0.25, 0.26, 0.02, 0.18], [2])",-0.0,-0.0,-0.0,-0.0,-0.7440000000000001,-0.0,-0.7440000000000001,0.7267576623008677,0.3438745472574881,0.03859217512510715
49,"([0, 0, 0, 0, 1, 0], [4])","([0.25, 0.03, 0.25, 0.26, 0.02, 0.18], [3])",-0.0,-0.0,-0.0,-0.0,-0.7440000000000001,-0.0,-0.7440000000000001,0.7267576623008677,0.36111688495662053,0.03859217512510715
50,"([0, 0, 0, 0, 1, 0], [4])","([0.25, 0.03, 0.25, 0.26, 0.02, 0.18], [3])",-0.0,-0.0,-0.0,-0.0,-0.7440000000000001,-0.0,-0.7440000000000001,0.7267576623008677,0.37835922265575295,0.03859217512510715
51,"([0, 0, 0, 0, 1, 0], [4])","([0.25, 0.03, 0.25, 0.26, 0.02, 0.18], [3])",-0.0,-0.0,-0.0,-0.0,-0.7440000000000001,-0.0,-0.7440000000000001,0.7267576623008677,0.39560156035488536,0.03859217512510715
52,"([0, 0, 0, 0, 1, 0], [4])","([0.25, 0.03, 0.25, 0.26, 0.02, 0.18], [0])",-0.0,-0.0,-0.0,-0.0,-0.7440000000000001,-0.0,-0.7440000000000001,0.7267576623008677,0.4128438980540178,0.03859217512510715
53,"([0, 0, 0, 0, 1, 0], [4])","([0.25, 0.03, 0.25, 0.26, 0.02, 0.18], [3])",-0.0,-0.0,-0.0,-0.0,-0.7440000000000001,-0.0,-0.7440000000000001,0.7267576623008677,0.4300862357531502,0.03859217512510715
54,"([0, 0, 0, 0, 1, 0], [4])","([0.25, 0.03, 0.25, 0.26, 0.02, 0.18], [2])",-0.0,-0.0,-0.0,-0.0,-0.7440000000000001,-0.0,-0.7440000000000001,0.7267576623008677,0.4473285734522826,0.03859217512510715
55,"([0, 0, 0, 0, 1, 0], [4])","([0.25, 0.03, 0.25, 0.26, 0.02, 0.18], [1])",-0.0,-0.0,-0.0,-0.0,-0.7440000000000001,-0.0,-0.7440000000000001,0.7267576623008677,0.464570911151415,0.03859217512510715
56,"([0, 0, 0, 0, 1, 0], [4])","([0.25, 0.03, 0.25, 0.26, 0.02, 0.18], [0])",-0.0,-0.0,-0.0,-0.0,-0.7440000000000001,-0.0,-0.7440000000000001,0.7267576623008677,0.48181324885054744,0.03859217512510715
57,"([0, 0, 0, 0, 1, 0], [4])","([0.25, 0.03, 0.25, 0.26, 0.02, 0.18], [5])",-0.0,-0.0,-0.0,-0.0,-0.7440000000000001,-0.0,-0.7440000000000001,0.7267576623008677,0.49905558654967985,0.03859217512510715
58,"([0, 0, 0, 0, 1, 0], [4])","([0.25, 0.03, 0.25, 0.26, 0.02, 0.18], [2])",-0.0,-0.0,-0.0,-0.0,-0.7440000000000001,-0.0,-0.7440000000000001,0.7267576623008677,0.5162979242488123,0.03859217512510715
59,"([0, 0, 0, 0, 1, 0], [4])","([0.25, 0.03, 0.25, 0.26, 0.02, 0.18], [2])",-0.0,-0.0,-0.0,-0.0,-0.7440000000000001,-0.0,-0.7440000000000001,0.7267576623008677,0.5335402619479447,0.03859217512510715
60,"([0, 0, 0, 0, 1, 0], [4])","([0.25, 0.03, 0.25, 0.26, 0.02, 0.18], [3])",-0.0,-0.0,-0.0,-0.0,-0.7440000000000001,-0.0,-0.7440000000000001,0.7267576623008677,0.5507825996470771,0.03859217512510715
61,"([0, 0, 0, 0, 1, 0], [4])","([0.25, 0.03, 0.25, 0.26, 0.02, 0.18], [0])",-0.0,-0.0,-0.0,-0.0,-0.7440000000000001,-0.0,-0.7440000000000001,0.7267576623008677,0.5680249373462095,0.03859217512510715
62,"([0, 0, 0, 0, 1, 0], [4])","([0.25, 0.03, 0.25, 0.26, 0.02, 0.18], [5])",-0.0,-0.0,-0.0,-0.0,-0.7440000000000001,-0.0,-0.7440000000000001,0.7267576623008677,0.5852672750453419,0.03859217512510715
63,"([0, 0, 0, 0, 1, 0], [4])","([0.25, 0.03, 0.25, 0.26, 0.02, 0.18], [0])",-0.0,-0.0,-0.0,-0.0,-0.7440000000000001,-0.0,-0.7440000000000001,0.7267576623008677,0.6025096127444743,0.03859217512510715
64,"([0, 0, 0, 0, 1, 0], [4])","([0.25, 0.03, 0.25, 0.26, 0.02, 0.18], [5])",-0.0,-0.0,-0.0,-0.0,-0.7440000000000001,-0.0,-0.7440000000000001,0.7267576623008677,0.6197519504436068,0.03859217512510715
65,"([0, 0, 0, 0, 1, 0], [4])","([0.25, 0.03, 0.25, 0.26, 0.02, 0.18], [5])",-0.0,-0.0,-0.0,-0.0,-0.7440000000000001,-0.0,-0.7440000000000001,0.7267576623008677,0.6369942881427392,0.03859217512510715
66,"([0, 0, 0, 0, 1, 0], [4])","([0.25, 0.03, 0.25, 0.26, 0.02, 0.18], [3])",-0.0,-0.0,-0.0,-0.0,-0.7440000000000001,-0.0,-0.7440000000000001,0.7267576623008677,0.6542366258418716,0.03859217512510715
67,"([0, 0, 0, 0, 1, 0], [4])","([0.25, 0.03, 0.25, 0.26, 0.02, 0.18], [2])",-0.0,-0.0,-0.0,-0.0,-0.7440000000000001,-0.0,-0.7440000000000001,0.7267576623008677,0.671478963541004,0.03859217512510715
68,"([0, 0, 0, 0, 1, 0], [4])","([0.25, 0.03, 0.25, 0.26, 0.02, 0.18], [0])",-0.0,-0.0,-0.0,-0.0,-0.7440000000000001,-0.0,-0.7440000000000001,0.7267576623008677,0.6887213012401364,0.03859217512510715
69,"([0, 0, 0, 0, 1, 0], [4])","([0.25, 0.03, 0.25, 0.26, 0.02, 0.18], [0])",-0.0,-0.0,-0.0,-0.0,-0.7440000000000001,-0.0,-0.7440000000000001,0.7267576623008677,0.7059636389392688,0.03859217512510715
70,"([0, 0, 0, 0, 1, 0], [4])","([0.25, 0.03, 0.25, 0.26, 0.02, 0.18], [5])",-0.0,-0.0,-0.0,-0.0,-0.7440000000000001,-0.0,-0.7440000000000001,0.7267576623008677,0.7232059766384012,0.03859217512510715
71,"([0, 0, 0, 0, 1, 0], [4])","([0.25, 0.03, 0.25, 0.26, 0.02, 0.18], [2])",-0.0,-0.0,-0.0,-0.0,-0.7440000000000001,-0.0,-0.7440000000000001,0.7267576623008677,0.7404483143375337,0.03859217512510715
72,"([0, 0, 0, 0, 1, 0], [4])","([0.25, 0.03, 0.25, 0.26, 0.02, 0.18], [3])",-0.0,-0.0,-0.0,-0.0,-0.7440000000000001,-0.0,-0.7440000000000001,0.7267576623008677,0.7576906520366661,0.03859217512510715
73,"([0, 0, 0, 0, 1, 0], [4])","([0.25, 0.03, 0.25, 0.26, 0.02, 0.18], [2])",-0.0,-0.0,-0.0,-0.0,-0.7440000000000001,-0.0,-0.7440000000000001,0.7267576623008677,0.7749329897357985,0.03859217512510715
74,"([0, 0, 0, 0, 1, 0], [4])","([0.25, 0.03, 0.25, 0.26, 0.02, 0.18], [5])",-0.0,-0.0,-0.0,-0.0,-0.7440000000000001,-0.0,-0.7440000000000001,0.7267576623008677,0.7921753274349309,0.03859217512510715
75,"([0, 0, 0, 0, 1, 0], [4])","([0.25, 0.03, 0.25, 0.26, 0.02, 0.18], [3])",-0.0,-0.0,-0.0,-0.0,-0.7440000000000001,-0.0,-0.7440000000000001,0.7267576623008677,0.8094176651340633,0.03859217512510715
76,"([0, 0, 0, 0, 1, 0], [4])","([0.25, 0.03, 0.25, 0.26, 0.02, 0.18], [3])",-0.0,-0.0,-0.0,-0.0,-0.7440000000000001,-0.0,-0.7440000000000001,0.7267576623008677,0.8266600028331957,0.03859217512510715
77,"([0, 0, 0, 0, 1, 0], [4])","([0.25, 0.03, 0.25, 0.26, 0.02, 0.18], [3])",-0.0,-0.0,-0.0,-0.0,-0.7440000000000001,-0.0,-0.7440000000000001,0.7267576623008677,0.8439023405323282,0.03859217512510715
78,"([0, 0, 0, 0, 1, 0], [4])","([0.25, 0.03, 0.25, 0.26, 0.02, 0.18], [0])",-0.0,-0.0,-0.0,-0.0,-0.7440000000000001,-0.0,-0.7440000000000001,0.7267576623008677,0.8611446782314606,0.03859217512510715
79,"([0, 0, 0, 0, 1, 0], [4])","([0.25, 0.03, 0.25, 0.26, 0.02, 0.18], [0])",-0.0,-0.0,-0.0,-0.0,-0.7440000000000001,-0.0,-0.7440000000000001,0.7267576623008677,0.878387015930593,0.03859217512510715
80,"([0, 0, 0, 0, 1, 0], [4])","([0.25, 0.03, 0.25, 0.26, 0.02, 0.18], [0])",-0.0,-0.0,-0.0,-0.0,-0.7440000000000001,-0.0,-0.7440000000000001,0.7267576623008677,0.8956293536297254,0.03859217512510715
81,"([0, 0, 0, 0, 1, 0], [4])","([0.25, 0.03, 0.25, 0.26, 0.02, 0.18], [5])",-0.0,-0.0,-0.0,-0.0,-0.7440000000000001,-0.0,-0.7440000000000001,0.7267576623008677,0.9128716913288578,0.03859217512510715
82,"([0, 0, 0, 0, 1, 0], [4])","([0.25, 0.03, 0.25, 0.26, 0.02, 0.18], [2])",-0.0,-0.0,-0.0,-0.0,-0.7440000000000001,-0.0,-0.7440000000000001,0.7267576623008677,0.9301140290279902,0.03859217512510715
83,"([0, 0, 0, 0, 1, 0], [4])","([0.25, 0.03, 0.25, 0.26, 0.02, 0.18], [2])",-0.0,-0.0,-0.0,-0.0,-0.7440000000000001,-0.0,-0.7440000000000001,0.7267576623008677,0.9473563667271226,0.03859217512510715
84,"([0, 0, 0, 0, 1, 0], [4])","([0.25, 0.03, 0.25, 0.26, 0.02, 0.18], [2])",-0.0,-0.0,-0.0,-0.0,-0.7440000000000001,-0.0,-0.7440000000000001,0.7267576623008677,0.9645987044262551,0.03859217512510715
85,"([0, 0, 0, 0, 1, 0], [4])","([0.25, 0.03, 0.25, 0.26, 0.02, 0.18], [3])",-0.0,-0.0,-0.0,-0.0,-0.7440000000000001,-0.0,-0.7440000000000001,0.7267576623008677,0.9818410421253875,0.03859217512510715
86,"([0, 0, 0, 0, 1, 0], [4])","([0.25, 0.03, 0.25, 0.26, 0.02, 0.18], [0])",-0.0,-0.0,-0.0,-0.0,-0.7440000000000001,-0.0,-0.7440000000000001,0.7267576623008677,0.9990833798245199,0.03859217512510715
87,"([0, 0, 0, 0, 1, 0], [4])","([0.25, 0.03, 0.25, 0.26, 0.02, 0.18], [5])",-0.0,-0.0,-0.0,-0.0,-0.7440000000000001,-0.0,-0.7440000000000001,0.7267576623008677,1.0163257175236522,0.03859217512510715
88,"([0, 0, 0, 0, 1, 0], [4])","([0.25, 0.03, 0.25, 0.26, 0.02, 0.18], [2])",-0.0,-0.0,-0.0,-0.0,-0.7440000000000001,-0.0,-0.7440000000000001,0.7267576623008677,1.0335680552227846,0.03859217512510715
89,"([0, 0, 0, 0, 1, 0], [4])","([0.25, 0.03, 0.25, 0.26, 0.02, 0.18], [3])",-0.0,-0.0,-0.0,-0.0,-0.7440000000000001,-0.0,-0.7440000000000001,0.7267576623008677,1.050810392921917,0.03859217512510715
90,"([0, 0, 0, 0, 1, 0], [4])","([0.25, 0.03, 0.25, 0.26, 0.02, 0.18], [2])",-0.0,-0.0,-0.0,-0.0,-0.7440000000000001,-0.0,-0.7440000000000001,0.7267576623008677,1.0680527306210494,0.03859217512510715
91,"([0, 0, 0, 0, 1, 0], [4])","([0.25, 0.03, 0.25, 0.26, 0.02, 0.18], [0])",-0.0,-0.0,-0.0,-0.0,-0.7440000000000001,-0.0,-0.7440000000000001,0.7267576623008677,1.0852950683201819,0.03859217512510715
92,"([0, 0, 0, 0, 1, 0], [4])","([0.25, 0.03, 0.25, 0.26, 0.02, 0.18], [5])",-0.0,-0.0,-0.0,-0.0,-0.7440000000000001,-0.0,-0.7440000000000001,0.7267576623008677,1.1025374060193143,0.03859217512510715
93,"([0, 0, 0, 0, 1, 0], [4])","([0.25, 0.03, 0.25, 0.26, 0.02, 0.18], [3])",-0.0,-0.0,-0.0,-0.0,-0.7440000000000001,-0.0,-0.7440000000000001,0.7267576623008677,1.1197797437184467,0.03859217512510715
94,"([0, 0, 0, 0, 1, 0], [4])","([0.25, 0.03, 0.25, 0.26, 0.02, 0.18], [2])",-0.0,-0.0,-0.0,-0.0,-0.7440000000000001,-0.0,-0.7440000000000001,0.7267576623008677,1.137022081417579,0.03859217512510715
95,"([0, 0, 0, 0, 1, 0], [4])","([0.25, 0.03, 0.25, 0.26, 0.02, 0.18], [0])",-0.0,-0.0,-0.0,-0.0,-0.7440000000000001,-0.0,-0.7440000000000001,0.7267576623008677,1.1542644191167115,0.03859217512510715
96,"([0, 0, 0, 0, 1, 0], [4])","([0.25, 0.03, 0.25, 0.26, 0.02, 0.18], [3])",-0.0,-0.0,-0.0,-0.0,-0.7440000000000001,-0.0,-0.7440000000000001,0.7267576623008677,1.171506756815844,0.03859217512510715
97,"([0, 0, 0, 0, 1, 0], [4])","([0.25, 0.03, 0.25, 0.26, 0.02, 0.18], [0])",-0.0,-0.0,-0.0,-0.0,-0.7440000000000001,-0.0,-0.7440000000000001,0.7267576623008677,1.1887490945149763,0.03859217512510715
98,"([0, 0, 0, 0, 1, 0], [4])","([0.25, 0.03, 0.25, 0.26, 0.02, 0.18], [2])",-0.0,-0.0,-0.0,-0.0,-0.7440000000000001,-0.0,-0.7440000000000001,0.7267576623008677,1.2059914322141088,0.03859217512510715
99,"([0, 0, 0, 0, 1, 0], [4])","([0.25, 0.03, 0.25, 0.26, 0.02, 0.18], [0])",-0.0,-0.0,-0.0,-0.0,-0.7440000000000001,-0.0,-0.7440000000000001,0.7267576623008677,1.2232337699132412,0.03859217512510715
