,sta-1,FB-0,feedback target 0,feedback target 1,feedback target 2,feedback target 3,feedback target 4,feedback target 5,total,exp_loss,actual_regret,exp_regret
0,"([0, 0, 0, 1, 0, 0], [3])","([0, 0, 1, 0, 0, 0], [2])",-0.0,-0.0,-0.0,-0.987,-0.0,-0.0,-0.987,0.987,0.2602423376991323,0.2602423376991323
1,"([0, 0, 0, 0, 1, 0], [4])","([0.25, 0.03, 0.25, 0.26, 0.02, 0.18], [3])",-0.0,-0.0,-0.0,-0.0,-0.7440000000000001,-0.0,-0.7440000000000001,0.7267576623008677,0.2774846753982647,0.2602423376991323
2,"([0, 0, 0, 0, 1, 0], [4])","([0.25, 0.03, 0.25, 0.26, 0.02, 0.18], [3])",-0.0,-0.0,-0.0,-0.0,-0.7440000000000001,-0.0,-0.7440000000000001,0.7267576623008677,0.29472701309739713,0.2602423376991323
3,"([0, 0, 0, 0, 1, 0], [4])","([0.25, 0.03, 0.25, 0.26, 0.02, 0.18], [5])",-0.0,-0.0,-0.0,-0.0,-0.7440000000000001,-0.0,-0.7440000000000001,0.7267576623008677,0.31196935079652954,0.2602423376991323
4,"([0, 0, 0, 0, 1, 0], [4])","([0.25, 0.03, 0.25, 0.26, 0.02, 0.18], [3])",-0.0,-0.0,-0.0,-0.0,-0.7440000000000001,-0.0,-0.7440000000000001,0.7267576623008677,0.32921168849566196,0.2602423376991323
5,"([0, 0, 0, 0, 1, 0], [4])","([0.25, 0.03, 0.25, 0.26, 0.02, 0.18], [3])",-0.0,-0.0,-0.0,-0.0,-0.7440000000000001,-0.0,-0.7440000000000001,0.7267576623008677,0.3464540261947944,0.2602423376991323
6,"([0, 0, 0, 0, 1, 0], [4])","([0.25, 0.03, 0.25, 0.26, 0.02, 0.18], [5])",-0.0,-0.0,-0.0,-0.0,-0.7440000000000001,-0.0,-0.7440000000000001,0.7267576623008677,0.3636963638939268,0.2602423376991323
7,"([0, 0, 0, 0, 1, 0], [4])","([0.25, 0.03, 0.25, 0.26, 0.02, 0.18], [2])",-0.0,-0.0,-0.0,-0.0,-0.7440000000000001,-0.0,-0.7440000000000001,0.7267576623008677,0.3809387015930592,0.2602423376991323
8,"([0, 0, 0, 0, 1, 0], [4])","([0.25, 0.03, 0.25, 0.26, 0.02, 0.18], [3])",-0.0,-0.0,-0.0,-0.0,-0.7440000000000001,-0.0,-0.7440000000000001,0.7267576623008677,0.3981810392921916,0.2602423376991323
9,"([0, 0, 0, 0, 1, 0], [4])","([0.25, 0.03, 0.25, 0.26, 0.02, 0.18], [3])",-0.0,-0.0,-0.0,-0.0,-0.7440000000000001,-0.0,-0.7440000000000001,0.7267576623008677,0.41542337699132403,0.2602423376991323
10,"([0, 0, 0, 0, 1, 0], [4])","([0.25, 0.03, 0.25, 0.26, 0.02, 0.18], [4])",-0.0,-0.0,-0.0,-0.0,-0.0,-0.0,0.0,0.7267576623008677,-0.31133428530954366,0.2602423376991323
11,"([0, 0, 0, 0, 1, 0], [4])","([0.25, 0.03, 0.25, 0.26, 0.02, 0.18], [2])",-0.0,-0.0,-0.0,-0.0,-0.7440000000000001,-0.0,-0.7440000000000001,0.7267576623008677,-0.29409194761041124,0.2602423376991323
12,"([0, 0, 0, 0, 1, 0], [4])","([0.25, 0.03, 0.25, 0.26, 0.02, 0.18], [0])",-0.0,-0.0,-0.0,-0.0,-0.7440000000000001,-0.0,-0.7440000000000001,0.7267576623008677,-0.2768496099112788,0.2602423376991323
13,"([0, 0, 0, 0, 1, 0], [4])","([0.25, 0.03, 0.25, 0.26, 0.02, 0.18], [0])",-0.0,-0.0,-0.0,-0.0,-0.7440000000000001,-0.0,-0.7440000000000001,0.7267576623008677,-0.2596072722121464,0.2602423376991323
14,"([0, 0, 0, 0, 1, 0], [4])","([0.25, 0.03, 0.25, 0.26, 0.02, 0.18], [5])",-0.0,-0.0,-0.0,-0.0,-0.7440000000000001,-0.0,-0.7440000000000001,0.7267576623008677,-0.242364934513014,0.2602423376991323
15,"([0, 0, 0, 0, 1, 0], [4])","([0.25, 0.03, 0.25, 0.26, 0.02, 0.18], [5])",-0.0,-0.0,-0.0,-0.0,-0.7440000000000001,-0.0,-0.7440000000000001,0.7267576623008677,-0.22512259681388158,0.2602423376991323
16,"([0, 0, 0, 0, 1, 0], [4])","([0.25, 0.03, 0.25, 0.26, 0.02, 0.18], [5])",-0.0,-0.0,-0.0,-0.0,-0.7440000000000001,-0.0,-0.7440000000000001,0.7267576623008677,-0.20788025911474917,0.2602423376991323
17,"([0, 0, 0, 0, 1, 0], [4])","([0.25, 0.03, 0.25, 0.26, 0.02, 0.18], [2])",-0.0,-0.0,-0.0,-0.0,-0.7440000000000001,-0.0,-0.7440000000000001,0.7267576623008677,-0.19063792141561675,0.2602423376991323
18,"([0, 0, 0, 0, 1, 0], [4])","([0.25, 0.03, 0.25, 0.26, 0.02, 0.18], [2])",-0.0,-0.0,-0.0,-0.0,-0.7440000000000001,-0.0,-0.7440000000000001,0.7267576623008677,-0.17339558371648434,0.2602423376991323
19,"([0, 0, 0, 0, 1, 0], [4])","([0.25, 0.03, 0.25, 0.26, 0.02, 0.18], [1])",-0.0,-0.0,-0.0,-0.0,-0.7440000000000001,-0.0,-0.7440000000000001,0.7267576623008677,-0.15615324601735192,0.2602423376991323
20,"([0, 0, 0, 0, 1, 0], [4])","([0.25, 0.03, 0.25, 0.26, 0.02, 0.18], [0])",-0.0,-0.0,-0.0,-0.0,-0.7440000000000001,-0.0,-0.7440000000000001,0.7267576623008677,-0.1389109083182195,0.2602423376991323
21,"([0, 0, 0, 0, 1, 0], [4])","([0.25, 0.03, 0.25, 0.26, 0.02, 0.18], [4])",-0.0,-0.0,-0.0,-0.0,-0.0,-0.0,0.0,0.7267576623008677,-0.8656685706190872,0.2602423376991323
22,"([0, 0, 0, 0, 1, 0], [4])","([0.25, 0.03, 0.25, 0.26, 0.02, 0.18], [2])",-0.0,-0.0,-0.0,-0.0,-0.7440000000000001,-0.0,-0.7440000000000001,0.7267576623008677,-0.8484262329199548,0.2602423376991323
23,"([0, 0, 0, 0, 1, 0], [4])","([0.25, 0.03, 0.25, 0.26, 0.02, 0.18], [2])",-0.0,-0.0,-0.0,-0.0,-0.7440000000000001,-0.0,-0.7440000000000001,0.7267576623008677,-0.8311838952208224,0.2602423376991323
24,"([0, 0, 0, 0, 1, 0], [4])","([0.25, 0.03, 0.25, 0.26, 0.02, 0.18], [4])",-0.0,-0.0,-0.0,-0.0,-0.0,-0.0,0.0,0.7267576623008677,-1.5579415575216902,0.2602423376991323
25,"([0, 0, 0, 0, 1, 0], [4])","([0.25, 0.03, 0.25, 0.26, 0.02, 0.18], [0])",-0.0,-0.0,-0.0,-0.0,-0.7440000000000001,-0.0,-0.7440000000000001,0.7267576623008677,-1.5406992198225578,0.2602423376991323
26,"([0, 0, 0, 0, 1, 0], [4])","([0.25, 0.03, 0.25, 0.26, 0.02, 0.18], [5])",-0.0,-0.0,-0.0,-0.0,-0.7440000000000001,-0.0,-0.7440000000000001,0.7267576623008677,-1.5234568821234253,0.2602423376991323
27,"([0, 0, 0, 0, 1, 0], [4])","([0.25, 0.03, 0.25, 0.26, 0.02, 0.18], [2])",-0.0,-0.0,-0.0,-0.0,-0.7440000000000001,-0.0,-0.7440000000000001,0.7267576623008677,-1.506214544424293,0.2602423376991323
28,"([0, 0, 0, 0, 1, 0], [4])","([0.25, 0.03, 0.25, 0.26, 0.02, 0.18], [0])",-0.0,-0.0,-0.0,-0.0,-0.7440000000000001,-0.0,-0.7440000000000001,0.7267576623008677,-1.4889722067251605,0.2602423376991323
29,"([0, 0, 0, 0, 1, 0], [4])","([0.25, 0.03, 0.25, 0.26, 0.02, 0.18], [1])",-0.0,-0.0,-0.0,-0.0,-0.7440000000000001,-0.0,-0.7440000000000001,0.7267576623008677,-1.471729869026028,0.2602423376991323
30,"([0, 0, 0, 0, 1, 0], [4])","([0.25, 0.03, 0.25, 0.26, 0.02, 0.18], [2])",-0.0,-0.0,-0.0,-0.0,-0.7440000000000001,-0.0,-0.7440000000000001,0.7267576623008677,-1.4544875313268957,0.2602423376991323
31,"([0, 0, 0, 0, 1, 0], [4])","([0.25, 0.03, 0.25, 0.26, 0.02, 0.18], [2])",-0.0,-0.0,-0.0,-0.0,-0.7440000000000001,-0.0,-0.7440000000000001,0.7267576623008677,-1.4372451936277633,0.2602423376991323
32,"([0, 0, 0, 0, 1, 0], [4])","([0.25, 0.03, 0.25, 0.26, 0.02, 0.18], [5])",-0.0,-0.0,-0.0,-0.0,-0.7440000000000001,-0.0,-0.7440000000000001,0.7267576623008677,-1.4200028559286308,0.2602423376991323
33,"([0, 0, 0, 0, 1, 0], [4])","([0.25, 0.03, 0.25, 0.26, 0.02, 0.18], [5])",-0.0,-0.0,-0.0,-0.0,-0.7440000000000001,-0.0,-0.7440000000000001,0.7267576623008677,-1.4027605182294984,0.2602423376991323
34,"([0, 0, 0, 0, 1, 0], [4])","([0.25, 0.03, 0.25, 0.26, 0.02, 0.18], [0])",-0.0,-0.0,-0.0,-0.0,-0.7440000000000001,-0.0,-0.7440000000000001,0.7267576623008677,-1.385518180530366,0.2602423376991323
35,"([0, 0, 0, 0, 1, 0], [4])","([0.25, 0.03, 0.25, 0.26, 0.02, 0.18], [0])",-0.0,-0.0,-0.0,-0.0,-0.7440000000000001,-0.0,-0.7440000000000001,0.7267576623008677,-1.3682758428312336,0.2602423376991323
36,"([0, 0, 0, 0, 1, 0], [4])","([0.25, 0.03, 0.25, 0.26, 0.02, 0.18], [3])",-0.0,-0.0,-0.0,-0.0,-0.7440000000000001,-0.0,-0.7440000000000001,0.7267576623008677,-1.3510335051321012,0.2602423376991323
37,"([0, 0, 0, 0, 1, 0], [4])","([0.25, 0.03, 0.25, 0.26, 0.02, 0.18], [1])",-0.0,-0.0,-0.0,-0.0,-0.7440000000000001,-0.0,-0.7440000000000001,0.7267576623008677,-1.3337911674329688,0.2602423376991323
38,"([0, 0, 0, 0, 1, 0], [4])","([0.25, 0.03, 0.25, 0.26, 0.02, 0.18], [0])",-0.0,-0.0,-0.0,-0.0,-0.7440000000000001,-0.0,-0.7440000000000001,0.7267576623008677,-1.3165488297338364,0.2602423376991323
39,"([0, 0, 0, 0, 1, 0], [4])","([0.25, 0.03, 0.25, 0.26, 0.02, 0.18], [0])",-0.0,-0.0,-0.0,-0.0,-0.7440000000000001,-0.0,-0.7440000000000001,0.7267576623008677,-1.299306492034704,0.2602423376991323
40,"([0, 0, 0, 0, 1, 0], [4])","([0.25, 0.03, 0.25, 0.26, 0.02, 0.18], [5])",-0.0,-0.0,-0.0,-0.0,-0.7440000000000001,-0.0,-0.7440000000000001,0.7267576623008677,-1.2820641543355715,0.2602423376991323
41,"([0, 0, 0, 0, 1, 0], [4])","([0.25, 0.03, 0.25, 0.26, 0.02, 0.18], [5])",-0.0,-0.0,-0.0,-0.0,-0.7440000000000001,-0.0,-0.7440000000000001,0.7267576623008677,-1.2648218166364391,0.2602423376991323
42,"([0, 0, 0, 0, 1, 0], [4])","([0.25, 0.03, 0.25, 0.26, 0.02, 0.18], [5])",-0.0,-0.0,-0.0,-0.0,-0.7440000000000001,-0.0,-0.7440000000000001,0.7267576623008677,-1.2475794789373067,0.2602423376991323
43,"([0, 0, 0, 0, 1, 0], [4])","([0.25, 0.03, 0.25, 0.26, 0.02, 0.18], [5])",-0.0,-0.0,-0.0,-0.0,-0.7440000000000001,-0.0,-0.7440000000000001,0.7267576623008677,-1.2303371412381743,0.2602423376991323
44,"([0, 0, 0, 0, 1, 0], [4])","([0.25, 0.03, 0.25, 0.26, 0.02, 0.18], [3])",-0.0,-0.0,-0.0,-0.0,-0.7440000000000001,-0.0,-0.7440000000000001,0.7267576623008677,-1.2130948035390419,0.2602423376991323
45,"([0, 0, 0, 0, 1, 0], [4])","([0.25, 0.03, 0.25, 0.26, 0.02, 0.18], [4])",-0.0,-0.0,-0.0,-0.0,-0.0,-0.0,0.0,0.7267576623008677,-1.9398524658399094,0.2602423376991323
46,"([0, 0, 0, 0, 1, 0], [4])","([0.25, 0.03, 0.25, 0.26, 0.02, 0.18], [2])",-0.0,-0.0,-0.0,-0.0,-0.7440000000000001,-0.0,-0.7440000000000001,0.7267576623008677,-1.922610128140777,0.2602423376991323
47,"([0, 0, 0, 0, 1, 0], [4])","([0.25, 0.03, 0.25, 0.26, 0.02, 0.18], [2])",-0.0,-0.0,-0.0,-0.0,-0.7440000000000001,-0.0,-0.7440000000000001,0.7267576623008677,-1.9053677904416446,0.2602423376991323
48,"([0, 0, 0, 0, 1, 0], [4])","([0.25, 0.03, 0.25, 0.26, 0.02, 0.18], [3])",-0.0,-0.0,-0.0,-0.0,-0.7440000000000001,-0.0,-0.7440000000000001,0.7267576623008677,-1.8881254527425122,0.2602423376991323
49,"([0, 0, 0, 0, 1, 0], [4])","([0.25, 0.03, 0.25, 0.26, 0.02, 0.18], [5])",-0.0,-0.0,-0.0,-0.0,-0.7440000000000001,-0.0,-0.7440000000000001,0.7267576623008677,-1.8708831150433798,0.2602423376991323
50,"([0, 0, 0, 0, 1, 0], [4])","([0.25, 0.03, 0.25, 0.26, 0.02, 0.18], [2])",-0.0,-0.0,-0.0,-0.0,-0.7440000000000001,-0.0,-0.7440000000000001,0.7267576623008677,-1.8536407773442474,0.2602423376991323
51,"([0, 0, 0, 0, 1, 0], [4])","([0.25, 0.03, 0.25, 0.26, 0.02, 0.18], [3])",-0.0,-0.0,-0.0,-0.0,-0.7440000000000001,-0.0,-0.7440000000000001,0.7267576623008677,-1.836398439645115,0.2602423376991323
52,"([0, 0, 0, 0, 1, 0], [4])","([0.25, 0.03, 0.25, 0.26, 0.02, 0.18], [2])",-0.0,-0.0,-0.0,-0.0,-0.7440000000000001,-0.0,-0.7440000000000001,0.7267576623008677,-1.8191561019459825,0.2602423376991323
53,"([0, 0, 0, 0, 1, 0], [4])","([0.25, 0.03, 0.25, 0.26, 0.02, 0.18], [4])",-0.0,-0.0,-0.0,-0.0,-0.0,-0.0,0.0,0.7267576623008677,-2.5459137642468503,0.2602423376991323
54,"([0, 0, 0, 0, 1, 0], [4])","([0.25, 0.03, 0.25, 0.26, 0.02, 0.18], [5])",-0.0,-0.0,-0.0,-0.0,-0.7440000000000001,-0.0,-0.7440000000000001,0.7267576623008677,-2.528671426547718,0.2602423376991323
55,"([0, 0, 0, 0, 1, 0], [4])","([0.25, 0.03, 0.25, 0.26, 0.02, 0.18], [3])",-0.0,-0.0,-0.0,-0.0,-0.7440000000000001,-0.0,-0.7440000000000001,0.7267576623008677,-2.511429088848586,0.2602423376991323
56,"([0, 0, 0, 0, 1, 0], [4])","([0.25, 0.03, 0.25, 0.26, 0.02, 0.18], [0])",-0.0,-0.0,-0.0,-0.0,-0.7440000000000001,-0.0,-0.7440000000000001,0.7267576623008677,-2.4941867511494538,0.2602423376991323
57,"([0, 0, 0, 0, 1, 0], [4])","([0.25, 0.03, 0.25, 0.26, 0.02, 0.18], [3])",-0.0,-0.0,-0.0,-0.0,-0.7440000000000001,-0.0,-0.7440000000000001,0.7267576623008677,-2.4769444134503216,0.2602423376991323
58,"([0, 0, 0, 0, 1, 0], [4])","([0.25, 0.03, 0.25, 0.26, 0.02, 0.18], [0])",-0.0,-0.0,-0.0,-0.0,-0.7440000000000001,-0.0,-0.7440000000000001,0.7267576623008677,-2.4597020757511894,0.2602423376991323
59,"([0, 0, 0, 0, 1, 0], [4])","([0.25, 0.03, 0.25, 0.26, 0.02, 0.18], [5])",-0.0,-0.0,-0.0,-0.0,-0.7440000000000001,-0.0,-0.7440000000000001,0.7267576623008677,-2.442459738052057,0.2602423376991323
60,"([0, 0, 0, 0, 1, 0], [4])","([0.25, 0.03, 0.25, 0.26, 0.02, 0.18], [5])",-0.0,-0.0,-0.0,-0.0,-0.7440000000000001,-0.0,-0.7440000000000001,0.7267576623008677,-2.425217400352925,0.2602423376991323
61,"([0, 0, 0, 0, 1, 0], [4])","([0.25, 0.03, 0.25, 0.26, 0.02, 0.18], [2])",-0.0,-0.0,-0.0,-0.0,-0.7440000000000001,-0.0,-0.7440000000000001,0.7267576623008677,-2.407975062653793,0.2602423376991323
62,"([0, 0, 0, 0, 1, 0], [4])","([0.25, 0.03, 0.25, 0.26, 0.02, 0.18], [0])",-0.0,-0.0,-0.0,-0.0,-0.7440000000000001,-0.0,-0.7440000000000001,0.7267576623008677,-2.3907327249546606,0.2602423376991323
63,"([0, 0, 0, 0, 1, 0], [4])","([0.25, 0.03, 0.25, 0.26, 0.02, 0.18], [1])",-0.0,-0.0,-0.0,-0.0,-0.7440000000000001,-0.0,-0.7440000000000001,0.7267576623008677,-2.3734903872555284,0.2602423376991323
64,"([0, 0, 0, 0, 1, 0], [4])","([0.25, 0.03, 0.25, 0.26, 0.02, 0.18], [0])",-0.0,-0.0,-0.0,-0.0,-0.7440000000000001,-0.0,-0.7440000000000001,0.7267576623008677,-2.356248049556396,0.2602423376991323
65,"([0, 0, 0, 0, 1, 0], [4])","([0.25, 0.03, 0.25, 0.26, 0.02, 0.18], [0])",-0.0,-0.0,-0.0,-0.0,-0.7440000000000001,-0.0,-0.7440000000000001,0.7267576623008677,-2.339005711857264,0.2602423376991323
66,"([0, 0, 0, 0, 1, 0], [4])","([0.25, 0.03, 0.25, 0.26, 0.02, 0.18], [3])",-0.0,-0.0,-0.0,-0.0,-0.7440000000000001,-0.0,-0.7440000000000001,0.7267576623008677,-2.321763374158132,0.2602423376991323
67,"([0, 0, 0, 0, 1, 0], [4])","([0.25, 0.03, 0.25, 0.26, 0.02, 0.18], [3])",-0.0,-0.0,-0.0,-0.0,-0.7440000000000001,-0.0,-0.7440000000000001,0.7267576623008677,-2.3045210364589996,0.2602423376991323
68,"([0, 0, 0, 0, 1, 0], [4])","([0.25, 0.03, 0.25, 0.26, 0.02, 0.18], [3])",-0.0,-0.0,-0.0,-0.0,-0.7440000000000001,-0.0,-0.7440000000000001,0.7267576623008677,-2.2872786987598674,0.2602423376991323
69,"([0, 0, 0, 0, 1, 0], [4])","([0.25, 0.03, 0.25, 0.26, 0.02, 0.18], [0])",-0.0,-0.0,-0.0,-0.0,-0.7440000000000001,-0.0,-0.7440000000000001,0.7267576623008677,-2.2700363610607353,0.2602423376991323
70,"([0, 0, 0, 0, 1, 0], [4])","([0.25, 0.03, 0.25, 0.26, 0.02, 0.18], [4])",-0.0,-0.0,-0.0,-0.0,-0.0,-0.0,0.0,0.7267576623008677,-2.996794023361603,0.2602423376991323
71,"([0, 0, 0, 0, 1, 0], [4])","([0.25, 0.03, 0.25, 0.26, 0.02, 0.18], [0])",-0.0,-0.0,-0.0,-0.0,-0.7440000000000001,-0.0,-0.7440000000000001,0.7267576623008677,-2.9795516856624706,0.2602423376991323
72,"([0, 0, 0, 0, 1, 0], [4])","([0.25, 0.03, 0.25, 0.26, 0.02, 0.18], [5])",-0.0,-0.0,-0.0,-0.0,-0.7440000000000001,-0.0,-0.7440000000000001,0.7267576623008677,-2.9623093479633384,0.2602423376991323
73,"([0, 0, 0, 0, 1, 0], [4])","([0.25, 0.03, 0.25, 0.26, 0.02, 0.18], [3])",-0.0,-0.0,-0.0,-0.0,-0.7440000000000001,-0.0,-0.7440000000000001,0.7267576623008677,-2.9450670102642063,0.2602423376991323
74,"([0, 0, 0, 0, 1, 0], [4])","([0.25, 0.03, 0.25, 0.26, 0.02, 0.18], [1])",-0.0,-0.0,-0.0,-0.0,-0.7440000000000001,-0.0,-0.7440000000000001,0.7267576623008677,-2.927824672565074,0.2602423376991323
75,"([0, 0, 0, 0, 1, 0], [4])","([0.25, 0.03, 0.25, 0.26, 0.02, 0.18], [0])",-0.0,-0.0,-0.0,-0.0,-0.7440000000000001,-0.0,-0.7440000000000001,0.7267576623008677,-2.910582334865942,0.2602423376991323
76,"([0, 0, 0, 0, 1, 0], [4])","([0.25, 0.03, 0.25, 0.26, 0.02, 0.18], [2])",-0.0,-0.0,-0.0,-0.0,-0.7440000000000001,-0.0,-0.7440000000000001,0.7267576623008677,-2.8933399971668097,0.2602423376991323
77,"([0, 0, 0, 0, 1, 0], [4])","([0.25, 0.03, 0.25, 0.26, 0.02, 0.18], [5])",-0.0,-0.0,-0.0,-0.0,-0.7440000000000001,-0.0,-0.7440000000000001,0.7267576623008677,-2.8760976594676775,0.2602423376991323
78,"([0, 0, 0, 0, 1, 0], [4])","([0.25, 0.03, 0.25, 0.26, 0.02, 0.18], [2])",-0.0,-0.0,-0.0,-0.0,-0.7440000000000001,-0.0,-0.7440000000000001,0.7267576623008677,-2.8588553217685453,0.2602423376991323
79,"([0, 0, 0, 0, 1, 0], [4])","([0.25, 0.03, 0.25, 0.26, 0.02, 0.18], [0])",-0.0,-0.0,-0.0,-0.0,-0.7440000000000001,-0.0,-0.7440000000000001,0.7267576623008677,-2.841612984069413,0.2602423376991323
80,"([0, 0, 0, 0, 1, 0], [4])","([0.25, 0.03, 0.25, 0.26, 0.02, 0.18], [5])",-0.0,-0.0,-0.0,-0.0,-0.7440000000000001,-0.0,-0.7440000000000001,0.7267576623008677,-2.824370646370281,0.2602423376991323
81,"([0, 0, 0, 0, 1, 0], [4])","([0.25, 0.03, 0.25, 0.26, 0.02, 0.18], [5])",-0.0,-0.0,-0.0,-0.0,-0.7440000000000001,-0.0,-0.7440000000000001,0.7267576623008677,-2.8071283086711487,0.2602423376991323
82,"([0, 0, 0, 0, 1, 0], [4])","([0.25, 0.03, 0.25, 0.26, 0.02, 0.18], [5])",-0.0,-0.0,-0.0,-0.0,-0.7440000000000001,-0.0,-0.7440000000000001,0.7267576623008677,-2.7898859709720165,0.2602423376991323
83,"([0, 0, 0, 0, 1, 0], [4])","([0.25, 0.03, 0.25, 0.26, 0.02, 0.18], [0])",-0.0,-0.0,-0.0,-0.0,-0.7440000000000001,-0.0,-0.7440000000000001,0.7267576623008677,-2.7726436332728843,0.2602423376991323
84,"([0, 0, 0, 0, 1, 0], [4])","([0.25, 0.03, 0.25, 0.26, 0.02, 0.18], [0])",-0.0,-0.0,-0.0,-0.0,-0.7440000000000001,-0.0,-0.7440000000000001,0.7267576623008677,-2.755401295573752,0.2602423376991323
85,"([0, 0, 0, 0, 1, 0], [4])","([0.25, 0.03, 0.25, 0.26, 0.02, 0.18], [3])",-0.0,-0.0,-0.0,-0.0,-0.7440000000000001,-0.0,-0.7440000000000001,0.7267576623008677,-2.73815895787462,0.2602423376991323
86,"([0, 0, 0, 0, 1, 0], [4])","([0.25, 0.03, 0.25, 0.26, 0.02, 0.18], [3])",-0.0,-0.0,-0.0,-0.0,-0.7440000000000001,-0.0,-0.7440000000000001,0.7267576623008677,-2.7209166201754877,0.2602423376991323
87,"([0, 0, 0, 0, 1, 0], [4])","([0.25, 0.03, 0.25, 0.26, 0.02, 0.18], [5])",-0.0,-0.0,-0.0,-0.0,-0.7440000000000001,-0.0,-0.7440000000000001,0.7267576623008677,-2.7036742824763556,0.2602423376991323
88,"([0, 0, 0, 0, 1, 0], [4])","([0.25, 0.03, 0.25, 0.26, 0.02, 0.18], [3])",-0.0,-0.0,-0.0,-0.0,-0.7440000000000001,-0.0,-0.7440000000000001,0.7267576623008677,-2.6864319447772234,0.2602423376991323
89,"([0, 0, 0, 0, 1, 0], [4])","([0.25, 0.03, 0.25, 0.26, 0.02, 0.18], [1])",-0.0,-0.0,-0.0,-0.0,-0.7440000000000001,-0.0,-0.7440000000000001,0.7267576623008677,-2.669189607078091,0.2602423376991323
90,"([0, 0, 0, 0, 1, 0], [4])","([0.25, 0.03, 0.25, 0.26, 0.02, 0.18], [2])",-0.0,-0.0,-0.0,-0.0,-0.7440000000000001,-0.0,-0.7440000000000001,0.7267576623008677,-2.651947269378959,0.2602423376991323
91,"([0, 0, 0, 0, 1, 0], [4])","([0.25, 0.03, 0.25, 0.26, 0.02, 0.18], [0])",-0.0,-0.0,-0.0,-0.0,-0.7440000000000001,-0.0,-0.7440000000000001,0.7267576623008677,-2.634704931679827,0.2602423376991323
92,"([0, 0, 0, 0, 1, 0], [4])","([0.25, 0.03, 0.25, 0.26, 0.02, 0.18], [5])",-0.0,-0.0,-0.0,-0.0,-0.7440000000000001,-0.0,-0.7440000000000001,0.7267576623008677,-2.6174625939806946,0.2602423376991323
93,"([0, 0, 0, 0, 1, 0], [4])","([0.25, 0.03, 0.25, 0.26, 0.02, 0.18], [5])",-0.0,-0.0,-0.0,-0.0,-0.7440000000000001,-0.0,-0.7440000000000001,0.7267576623008677,-2.6002202562815624,0.2602423376991323
94,"([0, 0, 0, 0, 1, 0], [4])","([0.25, 0.03, 0.25, 0.26, 0.02, 0.18], [5])",-0.0,-0.0,-0.0,-0.0,-0.7440000000000001,-0.0,-0.7440000000000001,0.7267576623008677,-2.58297791858243,0.2602423376991323
95,"([0, 0, 0, 0, 1, 0], [4])","([0.25, 0.03, 0.25, 0.26, 0.02, 0.18], [3])",-0.0,-0.0,-0.0,-0.0,-0.7440000000000001,-0.0,-0.7440000000000001,0.7267576623008677,-2.565735580883298,0.2602423376991323
96,"([0, 0, 0, 0, 1, 0], [4])","([0.25, 0.03, 0.25, 0.26, 0.02, 0.18], [3])",-0.0,-0.0,-0.0,-0.0,-0.7440000000000001,-0.0,-0.7440000000000001,0.7267576623008677,-2.548493243184166,0.2602423376991323
97,"([0, 0, 0, 0, 1, 0], [4])","([0.25, 0.03, 0.25, 0.26, 0.02, 0.18], [3])",-0.0,-0.0,-0.0,-0.0,-0.7440000000000001,-0.0,-0.7440000000000001,0.7267576623008677,-2.5312509054850336,0.2602423376991323
98,"([0, 0, 0, 0, 1, 0], [4])","([0.25, 0.03, 0.25, 0.26, 0.02, 0.18], [5])",-0.0,-0.0,-0.0,-0.0,-0.7440000000000001,-0.0,-0.7440000000000001,0.7267576623008677,-2.5140085677859014,0.2602423376991323
99,"([0, 0, 0, 0, 1, 0], [4])","([0.25, 0.03, 0.25, 0.26, 0.02, 0.18], [0])",-0.0,-0.0,-0.0,-0.0,-0.7440000000000001,-0.0,-0.7440000000000001,0.7267576623008677,-2.4967662300867692,0.2602423376991323
