,sto-1,FB-0,feedback target 0,feedback target 1,feedback target 2,feedback target 3,feedback target 4,feedback target 5,total,exp_loss,actual_regret,exp_regret
0,"([0.08, 0.12, 0.13, 0.05, 0.44, 0.18], [4])","([0, 0, 1, 0, 0, 0], [2])",-0.0,-0.0,-0.0,-0.0,-0.728,-0.0,-0.728,0.683244,0.23808399999999996,0.19332799999999994
1,"([0.08, 0.12, 0.13, 0.05, 0.44, 0.18], [4])","([0, 0, 0, 0, 1, 0], [4])",-0.0,-0.0,-0.0,-0.0,-0.0,-0.0,0.0,0.489916,-0.25183200000000006,0.19332799999999994
2,"([0.08, 0.12, 0.13, 0.05, 0.44, 0.18], [5])","([0, 0, 0, 0, 1, 0], [4])",-0.0,-0.0,-0.0,-0.0,-0.0,-0.858,-0.858,0.489916,0.11625199999999991,0.19332799999999994
3,"([0.08, 0.12, 0.13, 0.05, 0.44, 0.18], [4])","([0, 0, 0, 0, 1, 0], [4])",-0.0,-0.0,-0.0,-0.0,-0.0,-0.0,0.0,0.489916,-0.3736640000000001,0.19332799999999994
4,"([0.08, 0.12, 0.13, 0.05, 0.44, 0.18], [4])","([0, 0, 0, 0, 1, 0], [4])",-0.0,-0.0,-0.0,-0.0,-0.0,-0.0,0.0,0.489916,-0.8635800000000001,0.19332799999999994
5,"([0.08, 0.12, 0.13, 0.05, 0.44, 0.18], [4])","([0, 0, 0, 0, 1, 0], [4])",-0.0,-0.0,-0.0,-0.0,-0.0,-0.0,0.0,0.489916,-1.3534960000000003,0.19332799999999994
6,"([0.08, 0.12, 0.13, 0.05, 0.44, 0.18], [0])","([0, 0, 0, 0, 1, 0], [4])",-0.772,-0.0,-0.0,-0.0,-0.0,-0.0,-0.772,0.489916,-1.0714120000000003,0.19332799999999994
7,"([0.08, 0.12, 0.13, 0.05, 0.44, 0.18], [4])","([0, 0, 0, 0, 1, 0], [4])",-0.0,-0.0,-0.0,-0.0,-0.0,-0.0,0.0,0.489916,-1.5613280000000003,0.19332799999999994
8,"([0.08, 0.12, 0.13, 0.05, 0.44, 0.18], [4])","([0, 0, 0, 0, 1, 0], [4])",-0.0,-0.0,-0.0,-0.0,-0.0,-0.0,0.0,0.489916,-2.0512440000000005,0.19332799999999994
9,"([0.08, 0.12, 0.13, 0.05, 0.44, 0.18], [2])","([0, 0, 0, 0, 1, 0], [4])",-0.0,-0.0,-0.94,-0.0,-0.0,-0.0,-0.94,0.489916,-1.6011600000000006,0.19332799999999994
10,"([0.08, 0.12, 0.13, 0.05, 0.44, 0.18], [2])","([0, 0, 0, 0, 1, 0], [4])",-0.0,-0.0,-0.94,-0.0,-0.0,-0.0,-0.94,0.489916,-1.1510760000000007,0.19332799999999994
11,"([0.08, 0.12, 0.13, 0.05, 0.44, 0.18], [4])","([0, 0, 0, 0, 1, 0], [4])",-0.0,-0.0,-0.0,-0.0,-0.0,-0.0,0.0,0.489916,-1.6409920000000007,0.19332799999999994
12,"([0.08, 0.12, 0.13, 0.05, 0.44, 0.18], [1])","([0, 0, 0, 0, 1, 0], [4])",-0.0,-0.914,-0.0,-0.0,-0.0,-0.0,-0.914,0.489916,-1.2169080000000005,0.19332799999999994
13,"([0.08, 0.12, 0.13, 0.05, 0.44, 0.18], [4])","([0, 0, 0, 0, 1, 0], [4])",-0.0,-0.0,-0.0,-0.0,-0.0,-0.0,0.0,0.489916,-1.7068240000000006,0.19332799999999994
14,"([0.08, 0.12, 0.13, 0.05, 0.44, 0.18], [4])","([0, 0, 0, 0, 1, 0], [4])",-0.0,-0.0,-0.0,-0.0,-0.0,-0.0,0.0,0.489916,-2.1967400000000006,0.19332799999999994
15,"([0.08, 0.12, 0.13, 0.05, 0.44, 0.18], [4])","([0, 0, 0, 0, 1, 0], [4])",-0.0,-0.0,-0.0,-0.0,-0.0,-0.0,0.0,0.489916,-2.6866560000000006,0.19332799999999994
16,"([0.08, 0.12, 0.13, 0.05, 0.44, 0.18], [2])","([0, 0, 0, 0, 1, 0], [4])",-0.0,-0.0,-0.94,-0.0,-0.0,-0.0,-0.94,0.489916,-2.2365720000000007,0.19332799999999994
17,"([0.08, 0.12, 0.13, 0.05, 0.44, 0.18], [3])","([0, 0, 0, 0, 1, 0], [4])",-0.0,-0.0,-0.0,-0.758,-0.0,-0.0,-0.758,0.489916,-1.9684880000000007,0.19332799999999994
18,"([0.08, 0.12, 0.13, 0.05, 0.44, 0.18], [2])","([0, 0, 0, 0, 1, 0], [4])",-0.0,-0.0,-0.94,-0.0,-0.0,-0.0,-0.94,0.489916,-1.5184040000000008,0.19332799999999994
19,"([0.08, 0.12, 0.13, 0.05, 0.44, 0.18], [5])","([0, 0, 0, 0, 1, 0], [4])",-0.0,-0.0,-0.0,-0.0,-0.0,-0.858,-0.858,0.489916,-1.1503200000000007,0.19332799999999994
20,"([0.08, 0.12, 0.13, 0.05, 0.44, 0.18], [1])","([0, 0, 0, 0, 1, 0], [4])",-0.0,-0.914,-0.0,-0.0,-0.0,-0.0,-0.914,0.489916,-0.7262360000000007,0.19332799999999994
21,"([0.08, 0.12, 0.13, 0.05, 0.44, 0.18], [5])","([0, 0, 0, 0, 1, 0], [4])",-0.0,-0.0,-0.0,-0.0,-0.0,-0.858,-0.858,0.489916,-0.3581520000000007,0.19332799999999994
22,"([0.08, 0.12, 0.13, 0.05, 0.44, 0.18], [5])","([0, 0, 0, 0, 1, 0], [4])",-0.0,-0.0,-0.0,-0.0,-0.0,-0.858,-0.858,0.489916,0.009931999999999275,0.19332799999999994
23,"([0.08, 0.12, 0.13, 0.05, 0.44, 0.18], [4])","([0, 0, 0, 0, 1, 0], [4])",-0.0,-0.0,-0.0,-0.0,-0.0,-0.0,0.0,0.489916,-0.47998400000000074,0.19332799999999994
24,"([0.08, 0.12, 0.13, 0.05, 0.44, 0.18], [4])","([0, 0, 0, 0, 1, 0], [4])",-0.0,-0.0,-0.0,-0.0,-0.0,-0.0,0.0,0.489916,-0.9699000000000008,0.19332799999999994
25,"([0.08, 0.12, 0.13, 0.05, 0.44, 0.18], [1])","([0, 0, 0, 0, 1, 0], [4])",-0.0,-0.914,-0.0,-0.0,-0.0,-0.0,-0.914,0.489916,-0.5458160000000007,0.19332799999999994
26,"([0.08, 0.12, 0.13, 0.05, 0.44, 0.18], [4])","([0, 0, 0, 0, 1, 0], [4])",-0.0,-0.0,-0.0,-0.0,-0.0,-0.0,0.0,0.489916,-1.0357320000000008,0.19332799999999994
27,"([0.08, 0.12, 0.13, 0.05, 0.44, 0.18], [4])","([0, 0, 0, 0, 1, 0], [4])",-0.0,-0.0,-0.0,-0.0,-0.0,-0.0,0.0,0.489916,-1.5256480000000008,0.19332799999999994
28,"([0.08, 0.12, 0.13, 0.05, 0.44, 0.18], [4])","([0, 0, 0, 0, 1, 0], [4])",-0.0,-0.0,-0.0,-0.0,-0.0,-0.0,0.0,0.489916,-2.015564000000001,0.19332799999999994
29,"([0.08, 0.12, 0.13, 0.05, 0.44, 0.18], [4])","([0, 0, 0, 0, 1, 0], [4])",-0.0,-0.0,-0.0,-0.0,-0.0,-0.0,0.0,0.489916,-2.505480000000001,0.19332799999999994
30,"([0.08, 0.12, 0.13, 0.05, 0.44, 0.18], [5])","([0, 0, 0, 0, 1, 0], [4])",-0.0,-0.0,-0.0,-0.0,-0.0,-0.858,-0.858,0.489916,-2.1373960000000007,0.19332799999999994
31,"([0.08, 0.12, 0.13, 0.05, 0.44, 0.18], [4])","([0, 0, 0, 0, 1, 0], [4])",-0.0,-0.0,-0.0,-0.0,-0.0,-0.0,0.0,0.489916,-2.6273120000000008,0.19332799999999994
32,"([0.08, 0.12, 0.13, 0.05, 0.44, 0.18], [1])","([0, 0, 0, 0, 1, 0], [4])",-0.0,-0.914,-0.0,-0.0,-0.0,-0.0,-0.914,0.489916,-2.2032280000000006,0.19332799999999994
33,"([0.08, 0.12, 0.13, 0.05, 0.44, 0.18], [4])","([0, 0, 0, 0, 1, 0], [4])",-0.0,-0.0,-0.0,-0.0,-0.0,-0.0,0.0,0.489916,-2.6931440000000006,0.19332799999999994
34,"([0.08, 0.12, 0.13, 0.05, 0.44, 0.18], [4])","([0, 0, 0, 0, 1, 0], [4])",-0.0,-0.0,-0.0,-0.0,-0.0,-0.0,0.0,0.489916,-3.1830600000000007,0.19332799999999994
35,"([0.08, 0.12, 0.13, 0.05, 0.44, 0.18], [0])","([0, 0, 0, 0, 1, 0], [4])",-0.772,-0.0,-0.0,-0.0,-0.0,-0.0,-0.772,0.489916,-2.900976000000001,0.19332799999999994
36,"([0.08, 0.12, 0.13, 0.05, 0.44, 0.18], [2])","([0, 0, 0, 0, 1, 0], [4])",-0.0,-0.0,-0.94,-0.0,-0.0,-0.0,-0.94,0.489916,-2.450892000000001,0.19332799999999994
37,"([0.08, 0.12, 0.13, 0.05, 0.44, 0.18], [2])","([0, 0, 0, 0, 1, 0], [4])",-0.0,-0.0,-0.94,-0.0,-0.0,-0.0,-0.94,0.489916,-2.000808000000001,0.19332799999999994
38,"([0.08, 0.12, 0.13, 0.05, 0.44, 0.18], [2])","([0, 0, 0, 0, 1, 0], [4])",-0.0,-0.0,-0.94,-0.0,-0.0,-0.0,-0.94,0.489916,-1.550724000000001,0.19332799999999994
39,"([0.08, 0.12, 0.13, 0.05, 0.44, 0.18], [4])","([0, 0, 0, 0, 1, 0], [4])",-0.0,-0.0,-0.0,-0.0,-0.0,-0.0,0.0,0.489916,-2.040640000000001,0.19332799999999994
40,"([0.08, 0.12, 0.13, 0.05, 0.44, 0.18], [4])","([0, 0, 0, 0, 1, 0], [4])",-0.0,-0.0,-0.0,-0.0,-0.0,-0.0,0.0,0.489916,-2.530556000000001,0.19332799999999994
41,"([0.08, 0.12, 0.13, 0.05, 0.44, 0.18], [0])","([0, 0, 0, 0, 1, 0], [4])",-0.772,-0.0,-0.0,-0.0,-0.0,-0.0,-0.772,0.489916,-2.2484720000000014,0.19332799999999994
42,"([0.08, 0.12, 0.13, 0.05, 0.44, 0.18], [4])","([0, 0, 0, 0, 1, 0], [4])",-0.0,-0.0,-0.0,-0.0,-0.0,-0.0,0.0,0.489916,-2.7383880000000014,0.19332799999999994
43,"([0.08, 0.12, 0.13, 0.05, 0.44, 0.18], [5])","([0, 0, 0, 0, 1, 0], [4])",-0.0,-0.0,-0.0,-0.0,-0.0,-0.858,-0.858,0.489916,-2.3703040000000013,0.19332799999999994
44,"([0.08, 0.12, 0.13, 0.05, 0.44, 0.18], [2])","([0, 0, 0, 0, 1, 0], [4])",-0.0,-0.0,-0.94,-0.0,-0.0,-0.0,-0.94,0.489916,-1.9202200000000014,0.19332799999999994
45,"([0.08, 0.12, 0.13, 0.05, 0.44, 0.18], [4])","([0, 0, 0, 0, 1, 0], [4])",-0.0,-0.0,-0.0,-0.0,-0.0,-0.0,0.0,0.489916,-2.4101360000000014,0.19332799999999994
46,"([0.08, 0.12, 0.13, 0.05, 0.44, 0.18], [5])","([0, 0, 0, 0, 1, 0], [4])",-0.0,-0.0,-0.0,-0.0,-0.0,-0.858,-0.858,0.489916,-2.0420520000000013,0.19332799999999994
47,"([0.08, 0.12, 0.13, 0.05, 0.44, 0.18], [1])","([0, 0, 0, 0, 1, 0], [4])",-0.0,-0.914,-0.0,-0.0,-0.0,-0.0,-0.914,0.489916,-1.6179680000000012,0.19332799999999994
48,"([0.08, 0.12, 0.13, 0.05, 0.44, 0.18], [1])","([0, 0, 0, 0, 1, 0], [4])",-0.0,-0.914,-0.0,-0.0,-0.0,-0.0,-0.914,0.489916,-1.193884000000001,0.19332799999999994
49,"([0.08, 0.12, 0.13, 0.05, 0.44, 0.18], [5])","([0, 0, 0, 0, 1, 0], [4])",-0.0,-0.0,-0.0,-0.0,-0.0,-0.858,-0.858,0.489916,-0.8258000000000011,0.19332799999999994
50,"([0.08, 0.12, 0.13, 0.05, 0.44, 0.18], [5])","([0, 0, 0, 0, 1, 0], [4])",-0.0,-0.0,-0.0,-0.0,-0.0,-0.858,-0.858,0.489916,-0.4577160000000011,0.19332799999999994
51,"([0.08, 0.12, 0.13, 0.05, 0.44, 0.18], [1])","([0, 0, 0, 0, 1, 0], [4])",-0.0,-0.914,-0.0,-0.0,-0.0,-0.0,-0.914,0.489916,-0.033632000000001105,0.19332799999999994
52,"([0.08, 0.12, 0.13, 0.05, 0.44, 0.18], [4])","([0, 0, 0, 0, 1, 0], [4])",-0.0,-0.0,-0.0,-0.0,-0.0,-0.0,0.0,0.489916,-0.5235480000000011,0.19332799999999994
53,"([0.08, 0.12, 0.13, 0.05, 0.44, 0.18], [4])","([0, 0, 0, 0, 1, 0], [4])",-0.0,-0.0,-0.0,-0.0,-0.0,-0.0,0.0,0.489916,-1.0134640000000013,0.19332799999999994
54,"([0.08, 0.12, 0.13, 0.05, 0.44, 0.18], [4])","([0, 0, 0, 0, 1, 0], [4])",-0.0,-0.0,-0.0,-0.0,-0.0,-0.0,0.0,0.489916,-1.5033800000000013,0.19332799999999994
55,"([0.08, 0.12, 0.13, 0.05, 0.44, 0.18], [4])","([0, 0, 0, 0, 1, 0], [4])",-0.0,-0.0,-0.0,-0.0,-0.0,-0.0,0.0,0.489916,-1.9932960000000013,0.19332799999999994
56,"([0.08, 0.12, 0.13, 0.05, 0.44, 0.18], [4])","([0, 0, 0, 0, 1, 0], [4])",-0.0,-0.0,-0.0,-0.0,-0.0,-0.0,0.0,0.489916,-2.4832120000000013,0.19332799999999994
57,"([0.08, 0.12, 0.13, 0.05, 0.44, 0.18], [3])","([0, 0, 0, 0, 1, 0], [4])",-0.0,-0.0,-0.0,-0.758,-0.0,-0.0,-0.758,0.489916,-2.2151280000000013,0.19332799999999994
58,"([0.08, 0.12, 0.13, 0.05, 0.44, 0.18], [4])","([0, 0, 0, 0, 1, 0], [4])",-0.0,-0.0,-0.0,-0.0,-0.0,-0.0,0.0,0.489916,-2.7050440000000013,0.19332799999999994
59,"([0.08, 0.12, 0.13, 0.05, 0.44, 0.18], [5])","([0, 0, 0, 0, 1, 0], [4])",-0.0,-0.0,-0.0,-0.0,-0.0,-0.858,-0.858,0.489916,-2.3369600000000013,0.19332799999999994
60,"([0.08, 0.12, 0.13, 0.05, 0.44, 0.18], [4])","([0, 0, 0, 0, 1, 0], [4])",-0.0,-0.0,-0.0,-0.0,-0.0,-0.0,0.0,0.489916,-2.8268760000000013,0.19332799999999994
61,"([0.08, 0.12, 0.13, 0.05, 0.44, 0.18], [2])","([0, 0, 0, 0, 1, 0], [4])",-0.0,-0.0,-0.94,-0.0,-0.0,-0.0,-0.94,0.489916,-2.3767920000000013,0.19332799999999994
62,"([0.08, 0.12, 0.13, 0.05, 0.44, 0.18], [5])","([0, 0, 0, 0, 1, 0], [4])",-0.0,-0.0,-0.0,-0.0,-0.0,-0.858,-0.858,0.489916,-2.0087080000000013,0.19332799999999994
63,"([0.08, 0.12, 0.13, 0.05, 0.44, 0.18], [2])","([0, 0, 0, 0, 1, 0], [4])",-0.0,-0.0,-0.94,-0.0,-0.0,-0.0,-0.94,0.489916,-1.5586240000000013,0.19332799999999994
64,"([0.08, 0.12, 0.13, 0.05, 0.44, 0.18], [5])","([0, 0, 0, 0, 1, 0], [4])",-0.0,-0.0,-0.0,-0.0,-0.0,-0.858,-0.858,0.489916,-1.1905400000000013,0.19332799999999994
65,"([0.08, 0.12, 0.13, 0.05, 0.44, 0.18], [4])","([0, 0, 0, 0, 1, 0], [4])",-0.0,-0.0,-0.0,-0.0,-0.0,-0.0,0.0,0.489916,-1.6804560000000013,0.19332799999999994
66,"([0.08, 0.12, 0.13, 0.05, 0.44, 0.18], [4])","([0, 0, 0, 0, 1, 0], [4])",-0.0,-0.0,-0.0,-0.0,-0.0,-0.0,0.0,0.489916,-2.1703720000000013,0.19332799999999994
67,"([0.08, 0.12, 0.13, 0.05, 0.44, 0.18], [3])","([0, 0, 0, 0, 1, 0], [4])",-0.0,-0.0,-0.0,-0.758,-0.0,-0.0,-0.758,0.489916,-1.9022880000000013,0.19332799999999994
68,"([0.08, 0.12, 0.13, 0.05, 0.44, 0.18], [5])","([0, 0, 0, 0, 1, 0], [4])",-0.0,-0.0,-0.0,-0.0,-0.0,-0.858,-0.858,0.489916,-1.5342040000000012,0.19332799999999994
69,"([0.08, 0.12, 0.13, 0.05, 0.44, 0.18], [4])","([0, 0, 0, 0, 1, 0], [4])",-0.0,-0.0,-0.0,-0.0,-0.0,-0.0,0.0,0.489916,-2.0241200000000013,0.19332799999999994
70,"([0.08, 0.12, 0.13, 0.05, 0.44, 0.18], [4])","([0, 0, 0, 0, 1, 0], [4])",-0.0,-0.0,-0.0,-0.0,-0.0,-0.0,0.0,0.489916,-2.5140360000000013,0.19332799999999994
71,"([0.08, 0.12, 0.13, 0.05, 0.44, 0.18], [0])","([0, 0, 0, 0, 1, 0], [4])",-0.772,-0.0,-0.0,-0.0,-0.0,-0.0,-0.772,0.489916,-2.2319520000000015,0.19332799999999994
72,"([0.08, 0.12, 0.13, 0.05, 0.44, 0.18], [4])","([0, 0, 0, 0, 1, 0], [4])",-0.0,-0.0,-0.0,-0.0,-0.0,-0.0,0.0,0.489916,-2.7218680000000015,0.19332799999999994
73,"([0.08, 0.12, 0.13, 0.05, 0.44, 0.18], [1])","([0, 0, 0, 0, 1, 0], [4])",-0.0,-0.914,-0.0,-0.0,-0.0,-0.0,-0.914,0.489916,-2.2977840000000014,0.19332799999999994
74,"([0.08, 0.12, 0.13, 0.05, 0.44, 0.18], [4])","([0, 0, 0, 0, 1, 0], [4])",-0.0,-0.0,-0.0,-0.0,-0.0,-0.0,0.0,0.489916,-2.7877000000000014,0.19332799999999994
75,"([0.08, 0.12, 0.13, 0.05, 0.44, 0.18], [1])","([0, 0, 0, 0, 1, 0], [4])",-0.0,-0.914,-0.0,-0.0,-0.0,-0.0,-0.914,0.489916,-2.3636160000000013,0.19332799999999994
76,"([0.08, 0.12, 0.13, 0.05, 0.44, 0.18], [4])","([0, 0, 0, 0, 1, 0], [4])",-0.0,-0.0,-0.0,-0.0,-0.0,-0.0,0.0,0.489916,-2.8535320000000013,0.19332799999999994
77,"([0.08, 0.12, 0.13, 0.05, 0.44, 0.18], [1])","([0, 0, 0, 0, 1, 0], [4])",-0.0,-0.914,-0.0,-0.0,-0.0,-0.0,-0.914,0.489916,-2.429448000000001,0.19332799999999994
78,"([0.08, 0.12, 0.13, 0.05, 0.44, 0.18], [4])","([0, 0, 0, 0, 1, 0], [4])",-0.0,-0.0,-0.0,-0.0,-0.0,-0.0,0.0,0.489916,-2.919364000000001,0.19332799999999994
79,"([0.08, 0.12, 0.13, 0.05, 0.44, 0.18], [0])","([0, 0, 0, 0, 1, 0], [4])",-0.772,-0.0,-0.0,-0.0,-0.0,-0.0,-0.772,0.489916,-2.6372800000000014,0.19332799999999994
80,"([0.08, 0.12, 0.13, 0.05, 0.44, 0.18], [4])","([0, 0, 0, 0, 1, 0], [4])",-0.0,-0.0,-0.0,-0.0,-0.0,-0.0,0.0,0.489916,-3.1271960000000014,0.19332799999999994
81,"([0.08, 0.12, 0.13, 0.05, 0.44, 0.18], [2])","([0, 0, 0, 0, 1, 0], [4])",-0.0,-0.0,-0.94,-0.0,-0.0,-0.0,-0.94,0.489916,-2.6771120000000015,0.19332799999999994
82,"([0.08, 0.12, 0.13, 0.05, 0.44, 0.18], [5])","([0, 0, 0, 0, 1, 0], [4])",-0.0,-0.0,-0.0,-0.0,-0.0,-0.858,-0.858,0.489916,-2.3090280000000014,0.19332799999999994
83,"([0.08, 0.12, 0.13, 0.05, 0.44, 0.18], [2])","([0, 0, 0, 0, 1, 0], [4])",-0.0,-0.0,-0.94,-0.0,-0.0,-0.0,-0.94,0.489916,-1.8589440000000015,0.19332799999999994
84,"([0.08, 0.12, 0.13, 0.05, 0.44, 0.18], [4])","([0, 0, 0, 0, 1, 0], [4])",-0.0,-0.0,-0.0,-0.0,-0.0,-0.0,0.0,0.489916,-2.3488600000000015,0.19332799999999994
85,"([0.08, 0.12, 0.13, 0.05, 0.44, 0.18], [2])","([0, 0, 0, 0, 1, 0], [4])",-0.0,-0.0,-0.94,-0.0,-0.0,-0.0,-0.94,0.489916,-1.8987760000000016,0.19332799999999994
86,"([0.08, 0.12, 0.13, 0.05, 0.44, 0.18], [0])","([0, 0, 0, 0, 1, 0], [4])",-0.772,-0.0,-0.0,-0.0,-0.0,-0.0,-0.772,0.489916,-1.6166920000000016,0.19332799999999994
87,"([0.08, 0.12, 0.13, 0.05, 0.44, 0.18], [5])","([0, 0, 0, 0, 1, 0], [4])",-0.0,-0.0,-0.0,-0.0,-0.0,-0.858,-0.858,0.489916,-1.2486080000000017,0.19332799999999994
88,"([0.08, 0.12, 0.13, 0.05, 0.44, 0.18], [5])","([0, 0, 0, 0, 1, 0], [4])",-0.0,-0.0,-0.0,-0.0,-0.0,-0.858,-0.858,0.489916,-0.8805240000000017,0.19332799999999994
89,"([0.08, 0.12, 0.13, 0.05, 0.44, 0.18], [1])","([0, 0, 0, 0, 1, 0], [4])",-0.0,-0.914,-0.0,-0.0,-0.0,-0.0,-0.914,0.489916,-0.45644000000000173,0.19332799999999994
90,"([0.08, 0.12, 0.13, 0.05, 0.44, 0.18], [1])","([0, 0, 0, 0, 1, 0], [4])",-0.0,-0.914,-0.0,-0.0,-0.0,-0.0,-0.914,0.489916,-0.03235600000000172,0.19332799999999994
91,"([0.08, 0.12, 0.13, 0.05, 0.44, 0.18], [2])","([0, 0, 0, 0, 1, 0], [4])",-0.0,-0.0,-0.94,-0.0,-0.0,-0.0,-0.94,0.489916,0.4177279999999982,0.19332799999999994
92,"([0.08, 0.12, 0.13, 0.05, 0.44, 0.18], [4])","([0, 0, 0, 0, 1, 0], [4])",-0.0,-0.0,-0.0,-0.0,-0.0,-0.0,0.0,0.489916,-0.0721880000000018,0.19332799999999994
93,"([0.08, 0.12, 0.13, 0.05, 0.44, 0.18], [4])","([0, 0, 0, 0, 1, 0], [4])",-0.0,-0.0,-0.0,-0.0,-0.0,-0.0,0.0,0.489916,-0.5621040000000018,0.19332799999999994
94,"([0.08, 0.12, 0.13, 0.05, 0.44, 0.18], [4])","([0, 0, 0, 0, 1, 0], [4])",-0.0,-0.0,-0.0,-0.0,-0.0,-0.0,0.0,0.489916,-1.052020000000002,0.19332799999999994
95,"([0.08, 0.12, 0.13, 0.05, 0.44, 0.18], [4])","([0, 0, 0, 0, 1, 0], [4])",-0.0,-0.0,-0.0,-0.0,-0.0,-0.0,0.0,0.489916,-1.541936000000002,0.19332799999999994
96,"([0.08, 0.12, 0.13, 0.05, 0.44, 0.18], [4])","([0, 0, 0, 0, 1, 0], [4])",-0.0,-0.0,-0.0,-0.0,-0.0,-0.0,0.0,0.489916,-2.031852000000002,0.19332799999999994
97,"([0.08, 0.12, 0.13, 0.05, 0.44, 0.18], [0])","([0, 0, 0, 0, 1, 0], [4])",-0.772,-0.0,-0.0,-0.0,-0.0,-0.0,-0.772,0.489916,-1.749768000000002,0.19332799999999994
98,"([0.08, 0.12, 0.13, 0.05, 0.44, 0.18], [5])","([0, 0, 0, 0, 1, 0], [4])",-0.0,-0.0,-0.0,-0.0,-0.0,-0.858,-0.858,0.489916,-1.3816840000000021,0.19332799999999994
99,"([0.08, 0.12, 0.13, 0.05, 0.44, 0.18], [4])","([0, 0, 0, 0, 1, 0], [4])",-0.0,-0.0,-0.0,-0.0,-0.0,-0.0,0.0,0.489916,-1.8716000000000022,0.19332799999999994
100,"([0.08, 0.12, 0.13, 0.05, 0.44, 0.18], [5])","([0, 0, 0, 0, 1, 0], [4])",-0.0,-0.0,-0.0,-0.0,-0.0,-0.858,-0.858,0.489916,-1.503516000000002,0.19332799999999994
101,"([0.08, 0.12, 0.13, 0.05, 0.44, 0.18], [5])","([0, 0, 0, 0, 1, 0], [4])",-0.0,-0.0,-0.0,-0.0,-0.0,-0.858,-0.858,0.489916,-1.135432000000002,0.19332799999999994
102,"([0.08, 0.12, 0.13, 0.05, 0.44, 0.18], [3])","([0, 0, 0, 0, 1, 0], [4])",-0.0,-0.0,-0.0,-0.758,-0.0,-0.0,-0.758,0.489916,-0.867348000000002,0.19332799999999994
103,"([0.08, 0.12, 0.13, 0.05, 0.44, 0.18], [1])","([0, 0, 0, 0, 1, 0], [4])",-0.0,-0.914,-0.0,-0.0,-0.0,-0.0,-0.914,0.489916,-0.443264000000002,0.19332799999999994
104,"([0.08, 0.12, 0.13, 0.05, 0.44, 0.18], [2])","([0, 0, 0, 0, 1, 0], [4])",-0.0,-0.0,-0.94,-0.0,-0.0,-0.0,-0.94,0.489916,0.006819999999997939,0.19332799999999994
105,"([0.08, 0.12, 0.13, 0.05, 0.44, 0.18], [3])","([0, 0, 0, 0, 1, 0], [4])",-0.0,-0.0,-0.0,-0.758,-0.0,-0.0,-0.758,0.489916,0.27490399999999793,0.19332799999999994
106,"([0.08, 0.12, 0.13, 0.05, 0.44, 0.18], [3])","([0, 0, 0, 0, 1, 0], [4])",-0.0,-0.0,-0.0,-0.758,-0.0,-0.0,-0.758,0.489916,0.5429879999999979,0.19332799999999994
107,"([0.08, 0.12, 0.13, 0.05, 0.44, 0.18], [4])","([0, 0, 0, 0, 1, 0], [4])",-0.0,-0.0,-0.0,-0.0,-0.0,-0.0,0.0,0.489916,0.0530719999999979,0.19332799999999994
108,"([0.08, 0.12, 0.13, 0.05, 0.44, 0.18], [4])","([0, 0, 0, 0, 1, 0], [4])",-0.0,-0.0,-0.0,-0.0,-0.0,-0.0,0.0,0.489916,-0.4368440000000021,0.19332799999999994
109,"([0.08, 0.12, 0.13, 0.05, 0.44, 0.18], [4])","([0, 0, 0, 0, 1, 0], [4])",-0.0,-0.0,-0.0,-0.0,-0.0,-0.0,0.0,0.489916,-0.9267600000000021,0.19332799999999994
110,"([0.08, 0.12, 0.13, 0.05, 0.44, 0.18], [2])","([0, 0, 0, 0, 1, 0], [4])",-0.0,-0.0,-0.94,-0.0,-0.0,-0.0,-0.94,0.489916,-0.4766760000000022,0.19332799999999994
111,"([0.08, 0.12, 0.13, 0.05, 0.44, 0.18], [5])","([0, 0, 0, 0, 1, 0], [4])",-0.0,-0.0,-0.0,-0.0,-0.0,-0.858,-0.858,0.489916,-0.10859200000000224,0.19332799999999994
112,"([0.08, 0.12, 0.13, 0.05, 0.44, 0.18], [4])","([0, 0, 0, 0, 1, 0], [4])",-0.0,-0.0,-0.0,-0.0,-0.0,-0.0,0.0,0.489916,-0.5985080000000023,0.19332799999999994
113,"([0.08, 0.12, 0.13, 0.05, 0.44, 0.18], [0])","([0, 0, 0, 0, 1, 0], [4])",-0.772,-0.0,-0.0,-0.0,-0.0,-0.0,-0.772,0.489916,-0.31642400000000226,0.19332799999999994
114,"([0.08, 0.12, 0.13, 0.05, 0.44, 0.18], [4])","([0, 0, 0, 0, 1, 0], [4])",-0.0,-0.0,-0.0,-0.0,-0.0,-0.0,0.0,0.489916,-0.8063400000000023,0.19332799999999994
115,"([0.08, 0.12, 0.13, 0.05, 0.44, 0.18], [0])","([0, 0, 0, 0, 1, 0], [4])",-0.772,-0.0,-0.0,-0.0,-0.0,-0.0,-0.772,0.489916,-0.5242560000000023,0.19332799999999994
116,"([0.08, 0.12, 0.13, 0.05, 0.44, 0.18], [4])","([0, 0, 0, 0, 1, 0], [4])",-0.0,-0.0,-0.0,-0.0,-0.0,-0.0,0.0,0.489916,-1.0141720000000023,0.19332799999999994
117,"([0.08, 0.12, 0.13, 0.05, 0.44, 0.18], [5])","([0, 0, 0, 0, 1, 0], [4])",-0.0,-0.0,-0.0,-0.0,-0.0,-0.858,-0.858,0.489916,-0.6460880000000023,0.19332799999999994
118,"([0.08, 0.12, 0.13, 0.05, 0.44, 0.18], [4])","([0, 0, 0, 0, 1, 0], [4])",-0.0,-0.0,-0.0,-0.0,-0.0,-0.0,0.0,0.489916,-1.1360040000000025,0.19332799999999994
119,"([0.08, 0.12, 0.13, 0.05, 0.44, 0.18], [3])","([0, 0, 0, 0, 1, 0], [4])",-0.0,-0.0,-0.0,-0.758,-0.0,-0.0,-0.758,0.489916,-0.8679200000000025,0.19332799999999994
120,"([0.08, 0.12, 0.13, 0.05, 0.44, 0.18], [5])","([0, 0, 0, 0, 1, 0], [4])",-0.0,-0.0,-0.0,-0.0,-0.0,-0.858,-0.858,0.489916,-0.4998360000000025,0.19332799999999994
121,"([0.08, 0.12, 0.13, 0.05, 0.44, 0.18], [1])","([0, 0, 0, 0, 1, 0], [4])",-0.0,-0.914,-0.0,-0.0,-0.0,-0.0,-0.914,0.489916,-0.07575200000000248,0.19332799999999994
122,"([0.08, 0.12, 0.13, 0.05, 0.44, 0.18], [1])","([0, 0, 0, 0, 1, 0], [4])",-0.0,-0.914,-0.0,-0.0,-0.0,-0.0,-0.914,0.489916,0.34833199999999753,0.19332799999999994
123,"([0.08, 0.12, 0.13, 0.05, 0.44, 0.18], [4])","([0, 0, 0, 0, 1, 0], [4])",-0.0,-0.0,-0.0,-0.0,-0.0,-0.0,0.0,0.489916,-0.14158400000000249,0.19332799999999994
124,"([0.08, 0.12, 0.13, 0.05, 0.44, 0.18], [5])","([0, 0, 0, 0, 1, 0], [4])",-0.0,-0.0,-0.0,-0.0,-0.0,-0.858,-0.858,0.489916,0.22649999999999748,0.19332799999999994
125,"([0.08, 0.12, 0.13, 0.05, 0.44, 0.18], [1])","([0, 0, 0, 0, 1, 0], [4])",-0.0,-0.914,-0.0,-0.0,-0.0,-0.0,-0.914,0.489916,0.6505839999999975,0.19332799999999994
126,"([0.08, 0.12, 0.13, 0.05, 0.44, 0.18], [0])","([0, 0, 0, 0, 1, 0], [4])",-0.772,-0.0,-0.0,-0.0,-0.0,-0.0,-0.772,0.489916,0.9326679999999975,0.19332799999999994
127,"([0.08, 0.12, 0.13, 0.05, 0.44, 0.18], [1])","([0, 0, 0, 0, 1, 0], [4])",-0.0,-0.914,-0.0,-0.0,-0.0,-0.0,-0.914,0.489916,1.3567519999999975,0.19332799999999994
128,"([0.08, 0.12, 0.13, 0.05, 0.44, 0.18], [4])","([0, 0, 0, 0, 1, 0], [4])",-0.0,-0.0,-0.0,-0.0,-0.0,-0.0,0.0,0.489916,0.8668359999999975,0.19332799999999994
129,"([0.08, 0.12, 0.13, 0.05, 0.44, 0.18], [5])","([0, 0, 0, 0, 1, 0], [4])",-0.0,-0.0,-0.0,-0.0,-0.0,-0.858,-0.858,0.489916,1.2349199999999976,0.19332799999999994
130,"([0.08, 0.12, 0.13, 0.05, 0.44, 0.18], [2])","([0, 0, 0, 0, 1, 0], [4])",-0.0,-0.0,-0.94,-0.0,-0.0,-0.0,-0.94,0.489916,1.6850039999999975,0.19332799999999994
131,"([0.08, 0.12, 0.13, 0.05, 0.44, 0.18], [1])","([0, 0, 0, 0, 1, 0], [4])",-0.0,-0.914,-0.0,-0.0,-0.0,-0.0,-0.914,0.489916,2.1090879999999976,0.19332799999999994
132,"([0.08, 0.12, 0.13, 0.05, 0.44, 0.18], [4])","([0, 0, 0, 0, 1, 0], [4])",-0.0,-0.0,-0.0,-0.0,-0.0,-0.0,0.0,0.489916,1.6191719999999976,0.19332799999999994
133,"([0.08, 0.12, 0.13, 0.05, 0.44, 0.18], [4])","([0, 0, 0, 0, 1, 0], [4])",-0.0,-0.0,-0.0,-0.0,-0.0,-0.0,0.0,0.489916,1.1292559999999976,0.19332799999999994
134,"([0.08, 0.12, 0.13, 0.05, 0.44, 0.18], [4])","([0, 0, 0, 0, 1, 0], [4])",-0.0,-0.0,-0.0,-0.0,-0.0,-0.0,0.0,0.489916,0.6393399999999976,0.19332799999999994
135,"([0.08, 0.12, 0.13, 0.05, 0.44, 0.18], [4])","([0, 0, 0, 0, 1, 0], [4])",-0.0,-0.0,-0.0,-0.0,-0.0,-0.0,0.0,0.489916,0.14942399999999756,0.19332799999999994
136,"([0.08, 0.12, 0.13, 0.05, 0.44, 0.18], [4])","([0, 0, 0, 0, 1, 0], [4])",-0.0,-0.0,-0.0,-0.0,-0.0,-0.0,0.0,0.489916,-0.34049200000000246,0.19332799999999994
137,"([0.08, 0.12, 0.13, 0.05, 0.44, 0.18], [3])","([0, 0, 0, 0, 1, 0], [4])",-0.0,-0.0,-0.0,-0.758,-0.0,-0.0,-0.758,0.489916,-0.07240800000000247,0.19332799999999994
138,"([0.08, 0.12, 0.13, 0.05, 0.44, 0.18], [0])","([0, 0, 0, 0, 1, 0], [4])",-0.772,-0.0,-0.0,-0.0,-0.0,-0.0,-0.772,0.489916,0.20967599999999753,0.19332799999999994
139,"([0.08, 0.12, 0.13, 0.05, 0.44, 0.18], [5])","([0, 0, 0, 0, 1, 0], [4])",-0.0,-0.0,-0.0,-0.0,-0.0,-0.858,-0.858,0.489916,0.5777599999999975,0.19332799999999994
140,"([0.08, 0.12, 0.13, 0.05, 0.44, 0.18], [3])","([0, 0, 0, 0, 1, 0], [4])",-0.0,-0.0,-0.0,-0.758,-0.0,-0.0,-0.758,0.489916,0.8458439999999975,0.19332799999999994
141,"([0.08, 0.12, 0.13, 0.05, 0.44, 0.18], [4])","([0, 0, 0, 0, 1, 0], [4])",-0.0,-0.0,-0.0,-0.0,-0.0,-0.0,0.0,0.489916,0.35592799999999747,0.19332799999999994
142,"([0.08, 0.12, 0.13, 0.05, 0.44, 0.18], [5])","([0, 0, 0, 0, 1, 0], [4])",-0.0,-0.0,-0.0,-0.0,-0.0,-0.858,-0.858,0.489916,0.7240119999999974,0.19332799999999994
143,"([0.08, 0.12, 0.13, 0.05, 0.44, 0.18], [5])","([0, 0, 0, 0, 1, 0], [4])",-0.0,-0.0,-0.0,-0.0,-0.0,-0.858,-0.858,0.489916,1.0920959999999975,0.19332799999999994
144,"([0.08, 0.12, 0.13, 0.05, 0.44, 0.18], [4])","([0, 0, 0, 0, 1, 0], [4])",-0.0,-0.0,-0.0,-0.0,-0.0,-0.0,0.0,0.489916,0.6021799999999975,0.19332799999999994
145,"([0.08, 0.12, 0.13, 0.05, 0.44, 0.18], [4])","([0, 0, 0, 0, 1, 0], [4])",-0.0,-0.0,-0.0,-0.0,-0.0,-0.0,0.0,0.489916,0.11226399999999748,0.19332799999999994
146,"([0.08, 0.12, 0.13, 0.05, 0.44, 0.18], [5])","([0, 0, 0, 0, 1, 0], [4])",-0.0,-0.0,-0.0,-0.0,-0.0,-0.858,-0.858,0.489916,0.48034799999999744,0.19332799999999994
147,"([0.08, 0.12, 0.13, 0.05, 0.44, 0.18], [4])","([0, 0, 0, 0, 1, 0], [4])",-0.0,-0.0,-0.0,-0.0,-0.0,-0.0,0.0,0.489916,-0.009568000000002574,0.19332799999999994
148,"([0.08, 0.12, 0.13, 0.05, 0.44, 0.18], [4])","([0, 0, 0, 0, 1, 0], [4])",-0.0,-0.0,-0.0,-0.0,-0.0,-0.0,0.0,0.489916,-0.4994840000000026,0.19332799999999994
149,"([0.08, 0.12, 0.13, 0.05, 0.44, 0.18], [4])","([0, 0, 0, 0, 1, 0], [4])",-0.0,-0.0,-0.0,-0.0,-0.0,-0.0,0.0,0.489916,-0.9894000000000026,0.19332799999999994
150,"([0.08, 0.12, 0.13, 0.05, 0.44, 0.18], [1])","([0, 0, 0, 0, 1, 0], [4])",-0.0,-0.914,-0.0,-0.0,-0.0,-0.0,-0.914,0.489916,-0.5653160000000026,0.19332799999999994
151,"([0.08, 0.12, 0.13, 0.05, 0.44, 0.18], [2])","([0, 0, 0, 0, 1, 0], [4])",-0.0,-0.0,-0.94,-0.0,-0.0,-0.0,-0.94,0.489916,-0.11523200000000267,0.19332799999999994
152,"([0.08, 0.12, 0.13, 0.05, 0.44, 0.18], [4])","([0, 0, 0, 0, 1, 0], [4])",-0.0,-0.0,-0.0,-0.0,-0.0,-0.0,0.0,0.489916,-0.6051480000000027,0.19332799999999994
153,"([0.08, 0.12, 0.13, 0.05, 0.44, 0.18], [4])","([0, 0, 0, 0, 1, 0], [4])",-0.0,-0.0,-0.0,-0.0,-0.0,-0.0,0.0,0.489916,-1.0950640000000027,0.19332799999999994
154,"([0.08, 0.12, 0.13, 0.05, 0.44, 0.18], [5])","([0, 0, 0, 0, 1, 0], [4])",-0.0,-0.0,-0.0,-0.0,-0.0,-0.858,-0.858,0.489916,-0.7269800000000027,0.19332799999999994
155,"([0.08, 0.12, 0.13, 0.05, 0.44, 0.18], [5])","([0, 0, 0, 0, 1, 0], [4])",-0.0,-0.0,-0.0,-0.0,-0.0,-0.858,-0.858,0.489916,-0.35889600000000277,0.19332799999999994
156,"([0.08, 0.12, 0.13, 0.05, 0.44, 0.18], [1])","([0, 0, 0, 0, 1, 0], [4])",-0.0,-0.914,-0.0,-0.0,-0.0,-0.0,-0.914,0.489916,0.06518799999999725,0.19332799999999994
157,"([0.08, 0.12, 0.13, 0.05, 0.44, 0.18], [5])","([0, 0, 0, 0, 1, 0], [4])",-0.0,-0.0,-0.0,-0.0,-0.0,-0.858,-0.858,0.489916,0.4332719999999972,0.19332799999999994
158,"([0.08, 0.12, 0.13, 0.05, 0.44, 0.18], [3])","([0, 0, 0, 0, 1, 0], [4])",-0.0,-0.0,-0.0,-0.758,-0.0,-0.0,-0.758,0.489916,0.7013559999999972,0.19332799999999994
159,"([0.08, 0.12, 0.13, 0.05, 0.44, 0.18], [4])","([0, 0, 0, 0, 1, 0], [4])",-0.0,-0.0,-0.0,-0.0,-0.0,-0.0,0.0,0.489916,0.21143999999999719,0.19332799999999994
160,"([0.08, 0.12, 0.13, 0.05, 0.44, 0.18], [2])","([0, 0, 0, 0, 1, 0], [4])",-0.0,-0.0,-0.94,-0.0,-0.0,-0.0,-0.94,0.489916,0.6615239999999971,0.19332799999999994
161,"([0.08, 0.12, 0.13, 0.05, 0.44, 0.18], [4])","([0, 0, 0, 0, 1, 0], [4])",-0.0,-0.0,-0.0,-0.0,-0.0,-0.0,0.0,0.489916,0.1716079999999971,0.19332799999999994
162,"([0.08, 0.12, 0.13, 0.05, 0.44, 0.18], [2])","([0, 0, 0, 0, 1, 0], [4])",-0.0,-0.0,-0.94,-0.0,-0.0,-0.0,-0.94,0.489916,0.621691999999997,0.19332799999999994
163,"([0.08, 0.12, 0.13, 0.05, 0.44, 0.18], [4])","([0, 0, 0, 0, 1, 0], [4])",-0.0,-0.0,-0.0,-0.0,-0.0,-0.0,0.0,0.489916,0.131775999999997,0.19332799999999994
164,"([0.08, 0.12, 0.13, 0.05, 0.44, 0.18], [0])","([0, 0, 0, 0, 1, 0], [4])",-0.772,-0.0,-0.0,-0.0,-0.0,-0.0,-0.772,0.489916,0.413859999999997,0.19332799999999994
165,"([0.08, 0.12, 0.13, 0.05, 0.44, 0.18], [5])","([0, 0, 0, 0, 1, 0], [4])",-0.0,-0.0,-0.0,-0.0,-0.0,-0.858,-0.858,0.489916,0.781943999999997,0.19332799999999994
166,"([0.08, 0.12, 0.13, 0.05, 0.44, 0.18], [4])","([0, 0, 0, 0, 1, 0], [4])",-0.0,-0.0,-0.0,-0.0,-0.0,-0.0,0.0,0.489916,0.29202799999999696,0.19332799999999994
167,"([0.08, 0.12, 0.13, 0.05, 0.44, 0.18], [4])","([0, 0, 0, 0, 1, 0], [4])",-0.0,-0.0,-0.0,-0.0,-0.0,-0.0,0.0,0.489916,-0.19788800000000306,0.19332799999999994
168,"([0.08, 0.12, 0.13, 0.05, 0.44, 0.18], [5])","([0, 0, 0, 0, 1, 0], [4])",-0.0,-0.0,-0.0,-0.0,-0.0,-0.858,-0.858,0.489916,0.1701959999999969,0.19332799999999994
169,"([0.08, 0.12, 0.13, 0.05, 0.44, 0.18], [5])","([0, 0, 0, 0, 1, 0], [4])",-0.0,-0.0,-0.0,-0.0,-0.0,-0.858,-0.858,0.489916,0.5382799999999969,0.19332799999999994
170,"([0.08, 0.12, 0.13, 0.05, 0.44, 0.18], [5])","([0, 0, 0, 0, 1, 0], [4])",-0.0,-0.0,-0.0,-0.0,-0.0,-0.858,-0.858,0.489916,0.9063639999999968,0.19332799999999994
171,"([0.08, 0.12, 0.13, 0.05, 0.44, 0.18], [2])","([0, 0, 0, 0, 1, 0], [4])",-0.0,-0.0,-0.94,-0.0,-0.0,-0.0,-0.94,0.489916,1.3564479999999968,0.19332799999999994
172,"([0.08, 0.12, 0.13, 0.05, 0.44, 0.18], [1])","([0, 0, 0, 0, 1, 0], [4])",-0.0,-0.914,-0.0,-0.0,-0.0,-0.0,-0.914,0.489916,1.780531999999997,0.19332799999999994
173,"([0.08, 0.12, 0.13, 0.05, 0.44, 0.18], [3])","([0, 0, 0, 0, 1, 0], [4])",-0.0,-0.0,-0.0,-0.758,-0.0,-0.0,-0.758,0.489916,2.048615999999997,0.19332799999999994
174,"([0.08, 0.12, 0.13, 0.05, 0.44, 0.18], [0])","([0, 0, 0, 0, 1, 0], [4])",-0.772,-0.0,-0.0,-0.0,-0.0,-0.0,-0.772,0.489916,2.3306999999999967,0.19332799999999994
175,"([0.08, 0.12, 0.13, 0.05, 0.44, 0.18], [4])","([0, 0, 0, 0, 1, 0], [4])",-0.0,-0.0,-0.0,-0.0,-0.0,-0.0,0.0,0.489916,1.8407839999999966,0.19332799999999994
176,"([0.08, 0.12, 0.13, 0.05, 0.44, 0.18], [2])","([0, 0, 0, 0, 1, 0], [4])",-0.0,-0.0,-0.94,-0.0,-0.0,-0.0,-0.94,0.489916,2.2908679999999966,0.19332799999999994
177,"([0.08, 0.12, 0.13, 0.05, 0.44, 0.18], [2])","([0, 0, 0, 0, 1, 0], [4])",-0.0,-0.0,-0.94,-0.0,-0.0,-0.0,-0.94,0.489916,2.7409519999999965,0.19332799999999994
178,"([0.08, 0.12, 0.13, 0.05, 0.44, 0.18], [0])","([0, 0, 0, 0, 1, 0], [4])",-0.772,-0.0,-0.0,-0.0,-0.0,-0.0,-0.772,0.489916,3.0230359999999967,0.19332799999999994
179,"([0.08, 0.12, 0.13, 0.05, 0.44, 0.18], [1])","([0, 0, 0, 0, 1, 0], [4])",-0.0,-0.914,-0.0,-0.0,-0.0,-0.0,-0.914,0.489916,3.447119999999997,0.19332799999999994
180,"([0.08, 0.12, 0.13, 0.05, 0.44, 0.18], [1])","([0, 0, 0, 0, 1, 0], [4])",-0.0,-0.914,-0.0,-0.0,-0.0,-0.0,-0.914,0.489916,3.871203999999997,0.19332799999999994
181,"([0.08, 0.12, 0.13, 0.05, 0.44, 0.18], [5])","([0, 0, 0, 0, 1, 0], [4])",-0.0,-0.0,-0.0,-0.0,-0.0,-0.858,-0.858,0.489916,4.239287999999997,0.19332799999999994
182,"([0.08, 0.12, 0.13, 0.05, 0.44, 0.18], [5])","([0, 0, 0, 0, 1, 0], [4])",-0.0,-0.0,-0.0,-0.0,-0.0,-0.858,-0.858,0.489916,4.607371999999996,0.19332799999999994
183,"([0.08, 0.12, 0.13, 0.05, 0.44, 0.18], [2])","([0, 0, 0, 0, 1, 0], [4])",-0.0,-0.0,-0.94,-0.0,-0.0,-0.0,-0.94,0.489916,5.057455999999997,0.19332799999999994
184,"([0.08, 0.12, 0.13, 0.05, 0.44, 0.18], [4])","([0, 0, 0, 0, 1, 0], [4])",-0.0,-0.0,-0.0,-0.0,-0.0,-0.0,0.0,0.489916,4.567539999999997,0.19332799999999994
185,"([0.08, 0.12, 0.13, 0.05, 0.44, 0.18], [5])","([0, 0, 0, 0, 1, 0], [4])",-0.0,-0.0,-0.0,-0.0,-0.0,-0.858,-0.858,0.489916,4.935623999999996,0.19332799999999994
186,"([0.08, 0.12, 0.13, 0.05, 0.44, 0.18], [1])","([0, 0, 0, 0, 1, 0], [4])",-0.0,-0.914,-0.0,-0.0,-0.0,-0.0,-0.914,0.489916,5.359707999999996,0.19332799999999994
187,"([0.08, 0.12, 0.13, 0.05, 0.44, 0.18], [5])","([0, 0, 0, 0, 1, 0], [4])",-0.0,-0.0,-0.0,-0.0,-0.0,-0.858,-0.858,0.489916,5.7277919999999956,0.19332799999999994
188,"([0.08, 0.12, 0.13, 0.05, 0.44, 0.18], [4])","([0, 0, 0, 0, 1, 0], [4])",-0.0,-0.0,-0.0,-0.0,-0.0,-0.0,0.0,0.489916,5.2378759999999955,0.19332799999999994
189,"([0.08, 0.12, 0.13, 0.05, 0.44, 0.18], [1])","([0, 0, 0, 0, 1, 0], [4])",-0.0,-0.914,-0.0,-0.0,-0.0,-0.0,-0.914,0.489916,5.661959999999995,0.19332799999999994
190,"([0.08, 0.12, 0.13, 0.05, 0.44, 0.18], [4])","([0, 0, 0, 0, 1, 0], [4])",-0.0,-0.0,-0.0,-0.0,-0.0,-0.0,0.0,0.489916,5.172043999999995,0.19332799999999994
191,"([0.08, 0.12, 0.13, 0.05, 0.44, 0.18], [5])","([0, 0, 0, 0, 1, 0], [4])",-0.0,-0.0,-0.0,-0.0,-0.0,-0.858,-0.858,0.489916,5.540127999999995,0.19332799999999994
192,"([0.08, 0.12, 0.13, 0.05, 0.44, 0.18], [5])","([0, 0, 0, 0, 1, 0], [4])",-0.0,-0.0,-0.0,-0.0,-0.0,-0.858,-0.858,0.489916,5.9082119999999945,0.19332799999999994
193,"([0.08, 0.12, 0.13, 0.05, 0.44, 0.18], [2])","([0, 0, 0, 0, 1, 0], [4])",-0.0,-0.0,-0.94,-0.0,-0.0,-0.0,-0.94,0.489916,6.358295999999994,0.19332799999999994
194,"([0.08, 0.12, 0.13, 0.05, 0.44, 0.18], [5])","([0, 0, 0, 0, 1, 0], [4])",-0.0,-0.0,-0.0,-0.0,-0.0,-0.858,-0.858,0.489916,6.726379999999994,0.19332799999999994
195,"([0.08, 0.12, 0.13, 0.05, 0.44, 0.18], [0])","([0, 0, 0, 0, 1, 0], [4])",-0.772,-0.0,-0.0,-0.0,-0.0,-0.0,-0.772,0.489916,7.008463999999994,0.19332799999999994
196,"([0.08, 0.12, 0.13, 0.05, 0.44, 0.18], [0])","([0, 0, 0, 0, 1, 0], [4])",-0.772,-0.0,-0.0,-0.0,-0.0,-0.0,-0.772,0.489916,7.290547999999994,0.19332799999999994
197,"([0.08, 0.12, 0.13, 0.05, 0.44, 0.18], [5])","([0, 0, 0, 0, 1, 0], [4])",-0.0,-0.0,-0.0,-0.0,-0.0,-0.858,-0.858,0.489916,7.658631999999994,0.19332799999999994
198,"([0.08, 0.12, 0.13, 0.05, 0.44, 0.18], [4])","([0, 0, 0, 0, 1, 0], [4])",-0.0,-0.0,-0.0,-0.0,-0.0,-0.0,0.0,0.489916,7.168715999999994,0.19332799999999994
199,"([0.08, 0.12, 0.13, 0.05, 0.44, 0.18], [4])","([0, 0, 0, 0, 1, 0], [4])",-0.0,-0.0,-0.0,-0.0,-0.0,-0.0,0.0,0.489916,6.678799999999994,0.19332799999999994
