,sto-1,FB-0,feedback target 0,feedback target 1,feedback target 2,feedback target 3,feedback target 4,feedback target 5,total,exp_loss,actual_regret,exp_regret
0,"([0.08, 0.12, 0.13, 0.05, 0.44, 0.18], [2])","([0.11, 0.25, 0.27, 0.1, 0.06, 0.2], [2])",-0.0,-0.0,-0.0,-0.0,-0.0,-0.0,0.0,0.6838404318181908,-0.489916,0.19392443181819075
1,"([0.08, 0.12, 0.13, 0.05, 0.44, 0.18], [3])","([0, 1, 0, 0, 0, 0], [1])",-0.0,-0.0,-0.0,-0.758,-0.0,-0.0,-0.758,0.6949019999999999,-0.22183200000000003,0.39891043181819064
2,"([0.08, 0.12, 0.13, 0.05, 0.44, 0.18], [2])","([0, 1, 0, 0, 0, 0], [1])",-0.0,-0.0,-0.94,-0.0,-0.0,-0.0,-0.94,0.6949019999999999,0.2282519999999999,0.6038964318181905
3,"([0.08, 0.12, 0.13, 0.05, 0.44, 0.18], [4])","([0, 0, 1, 0, 0, 0], [2])",-0.0,-0.0,-0.0,-0.0,-0.728,-0.0,-0.728,0.683244,0.46633599999999986,0.7972244318181905
4,"([0.08, 0.12, 0.13, 0.05, 0.44, 0.18], [0])","([0.13, 0.22, 0.23, 0.12, 0.1, 0.19], [5])",-0.772,-0.0,-0.0,-0.0,-0.0,-0.0,-0.772,0.679845315019913,0.7484199999999999,0.9871537468381034
5,"([0.08, 0.12, 0.13, 0.05, 0.44, 0.18], [1])","([0.13, 0.22, 0.23, 0.12, 0.1, 0.19], [0])",-0.0,-0.914,-0.0,-0.0,-0.0,-0.0,-0.914,0.679845315019913,1.172504,1.1770830618580164
6,"([0.08, 0.12, 0.13, 0.05, 0.44, 0.18], [4])","([0.13, 0.22, 0.23, 0.12, 0.1, 0.19], [1])",-0.0,-0.0,-0.0,-0.0,-0.728,-0.0,-0.728,0.679845315019913,1.410588,1.3670123768779292
7,"([0.08, 0.12, 0.13, 0.05, 0.44, 0.18], [4])","([0.13, 0.22, 0.23, 0.12, 0.1, 0.19], [0])",-0.0,-0.0,-0.0,-0.0,-0.728,-0.0,-0.728,0.679845315019913,1.648672,1.5569416918978423
8,"([0.08, 0.12, 0.13, 0.05, 0.44, 0.18], [4])","([0.13, 0.22, 0.23, 0.12, 0.1, 0.19], [5])",-0.0,-0.0,-0.0,-0.0,-0.728,-0.0,-0.728,0.679845315019913,1.8867559999999999,1.7468710069177553
9,"([0.08, 0.12, 0.13, 0.05, 0.44, 0.18], [1])","([0.13, 0.22, 0.23, 0.12, 0.1, 0.19], [3])",-0.0,-0.914,-0.0,-0.0,-0.0,-0.0,-0.914,0.679845315019913,2.31084,1.9368003219376684
10,"([0.08, 0.12, 0.13, 0.05, 0.44, 0.18], [4])","([0.13, 0.22, 0.23, 0.12, 0.1, 0.19], [0])",-0.0,-0.0,-0.0,-0.0,-0.728,-0.0,-0.728,0.679845315019913,2.5489239999999995,2.1267296369575814
11,"([0.08, 0.12, 0.13, 0.05, 0.44, 0.18], [5])","([0, 0, 0, 0, 1, 0], [4])",-0.0,-0.0,-0.0,-0.0,-0.0,-0.858,-0.858,0.489916,2.9170079999999996,2.1267296369575814
12,"([0.08, 0.12, 0.13, 0.05, 0.44, 0.18], [0])","([0.13, 0.22, 0.23, 0.12, 0.1, 0.19], [5])",-0.772,-0.0,-0.0,-0.0,-0.0,-0.0,-0.772,0.679845315019913,3.1990919999999994,2.3166589519774945
13,"([0.08, 0.12, 0.13, 0.05, 0.44, 0.18], [2])","([0.13, 0.22, 0.23, 0.12, 0.1, 0.19], [1])",-0.0,-0.0,-0.94,-0.0,-0.0,-0.0,-0.94,0.679845315019913,3.6491759999999993,2.5065882669974076
14,"([0.08, 0.12, 0.13, 0.05, 0.44, 0.18], [3])","([0.13, 0.22, 0.23, 0.12, 0.1, 0.19], [4])",-0.0,-0.0,-0.0,-0.758,-0.0,-0.0,-0.758,0.679845315019913,3.9172599999999993,2.6965175820173206
15,"([0.08, 0.12, 0.13, 0.05, 0.44, 0.18], [4])","([0.13, 0.22, 0.23, 0.12, 0.1, 0.19], [1])",-0.0,-0.0,-0.0,-0.0,-0.728,-0.0,-0.728,0.679845315019913,4.1553439999999995,2.8864468970372337
16,"([0.08, 0.12, 0.13, 0.05, 0.44, 0.18], [5])","([0.14, 0.22, 0.23, 0.13, 0.1, 0.19], [0])",-0.0,-0.0,-0.0,-0.0,-0.0,-0.858,-0.858,0.6796084187574178,4.523427999999999,3.0761393157946513
17,"([0.08, 0.12, 0.13, 0.05, 0.44, 0.18], [2])","([0.13, 0.22, 0.23, 0.12, 0.1, 0.19], [1])",-0.0,-0.0,-0.94,-0.0,-0.0,-0.0,-0.94,0.679845315019913,4.9735119999999995,3.2660686308145643
18,"([0.08, 0.12, 0.13, 0.05, 0.44, 0.18], [0])","([0.13, 0.22, 0.23, 0.12, 0.1, 0.19], [1])",-0.772,-0.0,-0.0,-0.0,-0.0,-0.0,-0.772,0.679845315019913,5.255596,3.4559979458344774
19,"([0.08, 0.12, 0.13, 0.05, 0.44, 0.18], [0])","([0.13, 0.22, 0.23, 0.12, 0.1, 0.19], [4])",-0.772,-0.0,-0.0,-0.0,-0.0,-0.0,-0.772,0.679845315019913,5.53768,3.6459272608543905
20,"([0.08, 0.12, 0.13, 0.05, 0.44, 0.18], [2])","([0.13, 0.22, 0.23, 0.12, 0.1, 0.19], [3])",-0.0,-0.0,-0.94,-0.0,-0.0,-0.0,-0.94,0.679845315019913,5.987764,3.8358565758743035
21,"([0.08, 0.12, 0.13, 0.05, 0.44, 0.18], [4])","([0.13, 0.22, 0.23, 0.12, 0.1, 0.19], [3])",-0.0,-0.0,-0.0,-0.0,-0.728,-0.0,-0.728,0.679845315019913,6.225848,4.025785890894216
22,"([0.08, 0.12, 0.13, 0.05, 0.44, 0.18], [4])","([0.13, 0.22, 0.23, 0.12, 0.1, 0.19], [1])",-0.0,-0.0,-0.0,-0.0,-0.728,-0.0,-0.728,0.679845315019913,6.463932,4.215715205914129
23,"([0.08, 0.12, 0.13, 0.05, 0.44, 0.18], [1])","([0, 0, 0, 0, 1, 0], [4])",-0.0,-0.914,-0.0,-0.0,-0.0,-0.0,-0.914,0.489916,6.8880159999999995,4.215715205914129
24,"([0.08, 0.12, 0.13, 0.05, 0.44, 0.18], [5])","([0.13, 0.22, 0.23, 0.12, 0.1, 0.19], [4])",-0.0,-0.0,-0.0,-0.0,-0.0,-0.858,-0.858,0.679845315019913,7.256099999999999,4.405644520934041
25,"([0.08, 0.12, 0.13, 0.05, 0.44, 0.18], [3])","([0.13, 0.22, 0.23, 0.12, 0.1, 0.19], [5])",-0.0,-0.0,-0.0,-0.758,-0.0,-0.0,-0.758,0.679845315019913,7.524183999999999,4.595573835953954
26,"([0.08, 0.12, 0.13, 0.05, 0.44, 0.18], [4])","([0.13, 0.22, 0.23, 0.12, 0.1, 0.19], [0])",-0.0,-0.0,-0.0,-0.0,-0.728,-0.0,-0.728,0.679845315019913,7.762267999999999,4.785503150973867
27,"([0.08, 0.12, 0.13, 0.05, 0.44, 0.18], [4])","([0.13, 0.22, 0.23, 0.12, 0.1, 0.19], [0])",-0.0,-0.0,-0.0,-0.0,-0.728,-0.0,-0.728,0.679845315019913,8.000352,4.975432465993779
28,"([0.08, 0.12, 0.13, 0.05, 0.44, 0.18], [1])","([0.14, 0.22, 0.23, 0.13, 0.1, 0.19], [2])",-0.0,-0.914,-0.0,-0.0,-0.0,-0.0,-0.914,0.6796084187574178,8.424436,5.165124884751197
29,"([0.08, 0.12, 0.13, 0.05, 0.44, 0.18], [5])","([0.13, 0.22, 0.23, 0.12, 0.1, 0.19], [4])",-0.0,-0.0,-0.0,-0.0,-0.0,-0.858,-0.858,0.679845315019913,8.79252,5.35505419977111
30,"([0.08, 0.12, 0.13, 0.05, 0.44, 0.18], [4])","([0.13, 0.22, 0.23, 0.12, 0.1, 0.19], [2])",-0.0,-0.0,-0.0,-0.0,-0.728,-0.0,-0.728,0.679845315019913,9.030604,5.5449835147910225
31,"([0.08, 0.12, 0.13, 0.05, 0.44, 0.18], [4])","([0.13, 0.22, 0.23, 0.12, 0.1, 0.19], [2])",-0.0,-0.0,-0.0,-0.0,-0.728,-0.0,-0.728,0.679845315019913,9.268688000000001,5.734912829810935
32,"([0.08, 0.12, 0.13, 0.05, 0.44, 0.18], [4])","([0.14, 0.22, 0.23, 0.13, 0.1, 0.19], [2])",-0.0,-0.0,-0.0,-0.0,-0.728,-0.0,-0.728,0.6796084187574178,9.506772000000002,5.924605248568353
33,"([0.08, 0.12, 0.13, 0.05, 0.44, 0.18], [4])","([0.14, 0.22, 0.23, 0.13, 0.1, 0.19], [0])",-0.0,-0.0,-0.0,-0.0,-0.728,-0.0,-0.728,0.6796159805693858,9.744856000000002,6.114305229137739
34,"([0.08, 0.12, 0.13, 0.05, 0.44, 0.18], [1])","([0, 0, 0, 0, 1, 0], [4])",-0.0,-0.914,-0.0,-0.0,-0.0,-0.0,-0.914,0.489916,10.168940000000003,6.114305229137739
35,"([0.08, 0.12, 0.13, 0.05, 0.44, 0.18], [4])","([0.14, 0.22, 0.23, 0.13, 0.1, 0.19], [3])",-0.0,-0.0,-0.0,-0.0,-0.728,-0.0,-0.728,0.6796459059162023,10.407024000000003,6.304035135053941
36,"([0.08, 0.12, 0.13, 0.05, 0.44, 0.18], [0])","([0, 0, 0, 0, 1, 0], [4])",-0.772,-0.0,-0.0,-0.0,-0.0,-0.0,-0.772,0.489916,10.689108000000003,6.304035135053941
37,"([0.08, 0.12, 0.13, 0.05, 0.44, 0.18], [1])","([0.14, 0.22, 0.23, 0.13, 0.1, 0.19], [1])",-0.0,-0.0,-0.0,-0.0,-0.0,-0.0,0.0,0.6796459059162023,10.199192000000004,6.4937650409701435
38,"([0.08, 0.12, 0.13, 0.05, 0.44, 0.18], [2])","([0, 0, 0, 0, 1, 0], [4])",-0.0,-0.0,-0.94,-0.0,-0.0,-0.0,-0.94,0.489916,10.649276000000004,6.4937650409701435
39,"([0.08, 0.12, 0.13, 0.05, 0.44, 0.18], [3])","([0.14, 0.22, 0.23, 0.13, 0.1, 0.19], [2])",-0.0,-0.0,-0.0,-0.758,-0.0,-0.0,-0.758,0.6796159805693858,10.917360000000004,6.683465021539529
40,"([0.08, 0.12, 0.13, 0.05, 0.44, 0.18], [1])","([0.14, 0.22, 0.23, 0.13, 0.1, 0.19], [5])",-0.0,-0.914,-0.0,-0.0,-0.0,-0.0,-0.914,0.6796459059162023,11.341444000000005,6.873194927455732
41,"([0.08, 0.12, 0.13, 0.05, 0.44, 0.18], [1])","([0.14, 0.22, 0.23, 0.13, 0.1, 0.19], [1])",-0.0,-0.0,-0.0,-0.0,-0.0,-0.0,0.0,0.6796159805693858,10.851528000000005,7.062894908025117
42,"([0.08, 0.12, 0.13, 0.05, 0.44, 0.18], [5])","([0.14, 0.22, 0.23, 0.13, 0.1, 0.19], [2])",-0.0,-0.0,-0.0,-0.0,-0.0,-0.858,-0.858,0.6796084187574178,11.219612000000005,7.252587326782535
43,"([0.08, 0.12, 0.13, 0.05, 0.44, 0.18], [4])","([0.13, 0.22, 0.23, 0.12, 0.1, 0.19], [0])",-0.0,-0.0,-0.0,-0.0,-0.728,-0.0,-0.728,0.679845315019913,11.457696000000006,7.442516641802448
44,"([0.08, 0.12, 0.13, 0.05, 0.44, 0.18], [5])","([0.14, 0.22, 0.23, 0.13, 0.1, 0.19], [3])",-0.0,-0.0,-0.0,-0.0,-0.0,-0.858,-0.858,0.6796159805693858,11.825780000000005,7.632216622371834
45,"([0.08, 0.12, 0.13, 0.05, 0.44, 0.18], [2])","([0.14, 0.22, 0.23, 0.13, 0.1, 0.19], [2])",-0.0,-0.0,-0.0,-0.0,-0.0,-0.0,0.0,0.6796084187574178,11.335864000000004,7.821909041129252
46,"([0.08, 0.12, 0.13, 0.05, 0.44, 0.18], [3])","([0.13, 0.22, 0.23, 0.12, 0.1, 0.19], [5])",-0.0,-0.0,-0.0,-0.758,-0.0,-0.0,-0.758,0.679845315019913,11.603948000000004,8.011838356149164
47,"([0.08, 0.12, 0.13, 0.05, 0.44, 0.18], [4])","([0.13, 0.22, 0.23, 0.12, 0.1, 0.19], [2])",-0.0,-0.0,-0.0,-0.0,-0.728,-0.0,-0.728,0.679845315019913,11.842032000000005,8.201767671169078
48,"([0.08, 0.12, 0.13, 0.05, 0.44, 0.18], [2])","([0.14, 0.22, 0.23, 0.13, 0.1, 0.19], [4])",-0.0,-0.0,-0.94,-0.0,-0.0,-0.0,-0.94,0.6796084187574178,12.292116000000005,8.391460089926495
49,"([0.08, 0.12, 0.13, 0.05, 0.44, 0.18], [4])","([0.13, 0.22, 0.23, 0.12, 0.1, 0.19], [3])",-0.0,-0.0,-0.0,-0.0,-0.728,-0.0,-0.728,0.679845315019913,12.530200000000006,8.581389404946409
50,"([0.08, 0.12, 0.13, 0.05, 0.44, 0.18], [0])","([0.13, 0.22, 0.23, 0.12, 0.1, 0.19], [1])",-0.772,-0.0,-0.0,-0.0,-0.0,-0.0,-0.772,0.679845315019913,12.812284000000005,8.771318719966322
51,"([0.08, 0.12, 0.13, 0.05, 0.44, 0.18], [1])","([0.14, 0.22, 0.23, 0.13, 0.1, 0.19], [1])",-0.0,-0.0,-0.0,-0.0,-0.0,-0.0,0.0,0.6796084187574178,12.322368000000004,8.96101113872374
52,"([0.08, 0.12, 0.13, 0.05, 0.44, 0.18], [5])","([0.13, 0.22, 0.23, 0.12, 0.1, 0.19], [1])",-0.0,-0.0,-0.0,-0.0,-0.0,-0.858,-0.858,0.679845315019913,12.690452000000004,9.150940453743653
53,"([0.08, 0.12, 0.13, 0.05, 0.44, 0.18], [4])","([0.13, 0.22, 0.23, 0.12, 0.1, 0.19], [2])",-0.0,-0.0,-0.0,-0.0,-0.728,-0.0,-0.728,0.679845315019913,12.928536000000005,9.340869768763566
54,"([0.08, 0.12, 0.13, 0.05, 0.44, 0.18], [1])","([0.13, 0.22, 0.23, 0.12, 0.1, 0.19], [1])",-0.0,-0.0,-0.0,-0.0,-0.0,-0.0,0.0,0.679845315019913,12.438620000000004,9.53079908378348
55,"([0.08, 0.12, 0.13, 0.05, 0.44, 0.18], [4])","([0, 0, 0, 0, 1, 0], [4])",-0.0,-0.0,-0.0,-0.0,-0.0,-0.0,0.0,0.489916,11.948704000000003,9.53079908378348
56,"([0.08, 0.12, 0.13, 0.05, 0.44, 0.18], [4])","([0, 0, 0, 0, 1, 0], [4])",-0.0,-0.0,-0.0,-0.0,-0.0,-0.0,0.0,0.489916,11.458788000000002,9.53079908378348
57,"([0.08, 0.12, 0.13, 0.05, 0.44, 0.18], [4])","([0, 0, 0, 0, 1, 0], [4])",-0.0,-0.0,-0.0,-0.0,-0.0,-0.0,0.0,0.489916,10.968872000000001,9.53079908378348
58,"([0.08, 0.12, 0.13, 0.05, 0.44, 0.18], [5])","([0, 0, 0, 0, 1, 0], [4])",-0.0,-0.0,-0.0,-0.0,-0.0,-0.858,-0.858,0.489916,11.336956,9.53079908378348
59,"([0.08, 0.12, 0.13, 0.05, 0.44, 0.18], [2])","([0, 0, 0, 0, 1, 0], [4])",-0.0,-0.0,-0.94,-0.0,-0.0,-0.0,-0.94,0.489916,11.787040000000001,9.53079908378348
60,"([0.08, 0.12, 0.13, 0.05, 0.44, 0.18], [2])","([0, 0, 0, 0, 1, 0], [4])",-0.0,-0.0,-0.94,-0.0,-0.0,-0.0,-0.94,0.489916,12.237124000000001,9.53079908378348
61,"([0.08, 0.12, 0.13, 0.05, 0.44, 0.18], [2])","([0, 0, 0, 0, 1, 0], [4])",-0.0,-0.0,-0.94,-0.0,-0.0,-0.0,-0.94,0.489916,12.687208000000002,9.53079908378348
62,"([0.08, 0.12, 0.13, 0.05, 0.44, 0.18], [4])","([0, 0, 0, 0, 1, 0], [4])",-0.0,-0.0,-0.0,-0.0,-0.0,-0.0,0.0,0.489916,12.197292000000001,9.53079908378348
63,"([0.08, 0.12, 0.13, 0.05, 0.44, 0.18], [4])","([0, 0, 0, 0, 1, 0], [4])",-0.0,-0.0,-0.0,-0.0,-0.0,-0.0,0.0,0.489916,11.707376,9.53079908378348
64,"([0.08, 0.12, 0.13, 0.05, 0.44, 0.18], [5])","([0, 0, 0, 0, 1, 0], [4])",-0.0,-0.0,-0.0,-0.0,-0.0,-0.858,-0.858,0.489916,12.07546,9.53079908378348
65,"([0.08, 0.12, 0.13, 0.05, 0.44, 0.18], [5])","([0, 0, 0, 0, 1, 0], [4])",-0.0,-0.0,-0.0,-0.0,-0.0,-0.858,-0.858,0.489916,12.443544,9.53079908378348
66,"([0.08, 0.12, 0.13, 0.05, 0.44, 0.18], [1])","([0, 0, 0, 0, 1, 0], [4])",-0.0,-0.914,-0.0,-0.0,-0.0,-0.0,-0.914,0.489916,12.867628,9.53079908378348
67,"([0.08, 0.12, 0.13, 0.05, 0.44, 0.18], [4])","([0, 0, 0, 0, 1, 0], [4])",-0.0,-0.0,-0.0,-0.0,-0.0,-0.0,0.0,0.489916,12.377711999999999,9.53079908378348
68,"([0.08, 0.12, 0.13, 0.05, 0.44, 0.18], [4])","([0, 0, 0, 0, 1, 0], [4])",-0.0,-0.0,-0.0,-0.0,-0.0,-0.0,0.0,0.489916,11.887795999999998,9.53079908378348
69,"([0.08, 0.12, 0.13, 0.05, 0.44, 0.18], [2])","([0, 0, 0, 0, 1, 0], [4])",-0.0,-0.0,-0.94,-0.0,-0.0,-0.0,-0.94,0.489916,12.337879999999998,9.53079908378348
70,"([0.08, 0.12, 0.13, 0.05, 0.44, 0.18], [4])","([0, 0, 0, 0, 1, 0], [4])",-0.0,-0.0,-0.0,-0.0,-0.0,-0.0,0.0,0.489916,11.847963999999997,9.53079908378348
71,"([0.08, 0.12, 0.13, 0.05, 0.44, 0.18], [4])","([0, 0, 0, 0, 1, 0], [4])",-0.0,-0.0,-0.0,-0.0,-0.0,-0.0,0.0,0.489916,11.358047999999997,9.53079908378348
72,"([0.08, 0.12, 0.13, 0.05, 0.44, 0.18], [2])","([0, 0, 0, 0, 1, 0], [4])",-0.0,-0.0,-0.94,-0.0,-0.0,-0.0,-0.94,0.489916,11.808131999999997,9.53079908378348
73,"([0.08, 0.12, 0.13, 0.05, 0.44, 0.18], [4])","([0, 0, 0, 0, 1, 0], [4])",-0.0,-0.0,-0.0,-0.0,-0.0,-0.0,0.0,0.489916,11.318215999999996,9.53079908378348
74,"([0.08, 0.12, 0.13, 0.05, 0.44, 0.18], [4])","([0, 0, 0, 0, 1, 0], [4])",-0.0,-0.0,-0.0,-0.0,-0.0,-0.0,0.0,0.489916,10.828299999999995,9.53079908378348
75,"([0.08, 0.12, 0.13, 0.05, 0.44, 0.18], [0])","([0, 0, 0, 0, 1, 0], [4])",-0.772,-0.0,-0.0,-0.0,-0.0,-0.0,-0.772,0.489916,11.110383999999994,9.53079908378348
76,"([0.08, 0.12, 0.13, 0.05, 0.44, 0.18], [2])","([0, 0, 0, 0, 1, 0], [4])",-0.0,-0.0,-0.94,-0.0,-0.0,-0.0,-0.94,0.489916,11.560467999999995,9.53079908378348
77,"([0.08, 0.12, 0.13, 0.05, 0.44, 0.18], [5])","([0, 0, 0, 0, 1, 0], [4])",-0.0,-0.0,-0.0,-0.0,-0.0,-0.858,-0.858,0.489916,11.928551999999994,9.53079908378348
78,"([0.08, 0.12, 0.13, 0.05, 0.44, 0.18], [4])","([0, 0, 0, 0, 1, 0], [4])",-0.0,-0.0,-0.0,-0.0,-0.0,-0.0,0.0,0.489916,11.438635999999995,9.53079908378348
79,"([0.08, 0.12, 0.13, 0.05, 0.44, 0.18], [4])","([0, 0, 0, 0, 1, 0], [4])",-0.0,-0.0,-0.0,-0.0,-0.0,-0.0,0.0,0.489916,10.948719999999994,9.53079908378348
80,"([0.08, 0.12, 0.13, 0.05, 0.44, 0.18], [4])","([0, 0, 0, 0, 1, 0], [4])",-0.0,-0.0,-0.0,-0.0,-0.0,-0.0,0.0,0.489916,10.458803999999994,9.53079908378348
81,"([0.08, 0.12, 0.13, 0.05, 0.44, 0.18], [2])","([0, 0, 0, 0, 1, 0], [4])",-0.0,-0.0,-0.94,-0.0,-0.0,-0.0,-0.94,0.489916,10.908887999999994,9.53079908378348
82,"([0.08, 0.12, 0.13, 0.05, 0.44, 0.18], [5])","([0, 0, 0, 0, 1, 0], [4])",-0.0,-0.0,-0.0,-0.0,-0.0,-0.858,-0.858,0.489916,11.276971999999994,9.53079908378348
83,"([0.08, 0.12, 0.13, 0.05, 0.44, 0.18], [5])","([0, 0, 0, 0, 1, 0], [4])",-0.0,-0.0,-0.0,-0.0,-0.0,-0.858,-0.858,0.489916,11.645055999999993,9.53079908378348
84,"([0.08, 0.12, 0.13, 0.05, 0.44, 0.18], [4])","([0, 0, 0, 0, 1, 0], [4])",-0.0,-0.0,-0.0,-0.0,-0.0,-0.0,0.0,0.489916,11.155139999999992,9.53079908378348
85,"([0.08, 0.12, 0.13, 0.05, 0.44, 0.18], [1])","([0, 0, 0, 0, 1, 0], [4])",-0.0,-0.914,-0.0,-0.0,-0.0,-0.0,-0.914,0.489916,11.579223999999993,9.53079908378348
86,"([0.08, 0.12, 0.13, 0.05, 0.44, 0.18], [1])","([0, 0, 0, 0, 1, 0], [4])",-0.0,-0.914,-0.0,-0.0,-0.0,-0.0,-0.914,0.489916,12.003307999999993,9.53079908378348
87,"([0.08, 0.12, 0.13, 0.05, 0.44, 0.18], [4])","([0, 0, 0, 0, 1, 0], [4])",-0.0,-0.0,-0.0,-0.0,-0.0,-0.0,0.0,0.489916,11.513391999999993,9.53079908378348
88,"([0.08, 0.12, 0.13, 0.05, 0.44, 0.18], [4])","([0, 0, 0, 0, 1, 0], [4])",-0.0,-0.0,-0.0,-0.0,-0.0,-0.0,0.0,0.489916,11.023475999999992,9.53079908378348
89,"([0.08, 0.12, 0.13, 0.05, 0.44, 0.18], [0])","([0, 0, 0, 0, 1, 0], [4])",-0.772,-0.0,-0.0,-0.0,-0.0,-0.0,-0.772,0.489916,11.305559999999991,9.53079908378348
90,"([0.08, 0.12, 0.13, 0.05, 0.44, 0.18], [4])","([0, 0, 0, 0, 1, 0], [4])",-0.0,-0.0,-0.0,-0.0,-0.0,-0.0,0.0,0.489916,10.815643999999992,9.53079908378348
91,"([0.08, 0.12, 0.13, 0.05, 0.44, 0.18], [4])","([0, 0, 0, 0, 1, 0], [4])",-0.0,-0.0,-0.0,-0.0,-0.0,-0.0,0.0,0.489916,10.325727999999991,9.53079908378348
92,"([0.08, 0.12, 0.13, 0.05, 0.44, 0.18], [5])","([0, 0, 0, 0, 1, 0], [4])",-0.0,-0.0,-0.0,-0.0,-0.0,-0.858,-0.858,0.489916,10.69381199999999,9.53079908378348
93,"([0.08, 0.12, 0.13, 0.05, 0.44, 0.18], [2])","([0, 0, 0, 0, 1, 0], [4])",-0.0,-0.0,-0.94,-0.0,-0.0,-0.0,-0.94,0.489916,11.143895999999991,9.53079908378348
94,"([0.08, 0.12, 0.13, 0.05, 0.44, 0.18], [4])","([0, 0, 0, 0, 1, 0], [4])",-0.0,-0.0,-0.0,-0.0,-0.0,-0.0,0.0,0.489916,10.65397999999999,9.53079908378348
95,"([0.08, 0.12, 0.13, 0.05, 0.44, 0.18], [0])","([0, 0, 0, 0, 1, 0], [4])",-0.772,-0.0,-0.0,-0.0,-0.0,-0.0,-0.772,0.489916,10.93606399999999,9.53079908378348
96,"([0.08, 0.12, 0.13, 0.05, 0.44, 0.18], [4])","([0, 0, 0, 0, 1, 0], [4])",-0.0,-0.0,-0.0,-0.0,-0.0,-0.0,0.0,0.489916,10.44614799999999,9.53079908378348
97,"([0.08, 0.12, 0.13, 0.05, 0.44, 0.18], [4])","([0, 0, 0, 0, 1, 0], [4])",-0.0,-0.0,-0.0,-0.0,-0.0,-0.0,0.0,0.489916,9.95623199999999,9.53079908378348
98,"([0.08, 0.12, 0.13, 0.05, 0.44, 0.18], [5])","([0, 0, 0, 0, 1, 0], [4])",-0.0,-0.0,-0.0,-0.0,-0.0,-0.858,-0.858,0.489916,10.324315999999989,9.53079908378348
99,"([0.08, 0.12, 0.13, 0.05, 0.44, 0.18], [1])","([0, 0, 0, 0, 1, 0], [4])",-0.0,-0.914,-0.0,-0.0,-0.0,-0.0,-0.914,0.489916,10.74839999999999,9.53079908378348
