,sto-1,FB-0,feedback target 0,feedback target 1,feedback target 2,feedback target 3,feedback target 4,feedback target 5,total,target_observed?,exp_loss,actual_regret,exp_regret
0,"([0.5, 0.15, 0.12, 0.19, 0.02, 0.03], [0])","([0.2, 0.15, 0.23, 0.16, 0.08, 0.18], [1])",-0.0,-0.0,-0.0,-0.0,-0.0,-0.0,0.0,not observed,0.5556747293798556,0.3798668668668669,0.22454159624672254
1,"([0.5, 0.15, 0.12, 0.19, 0.02, 0.03], [1])","([0.24, 0.11, 0.32, 0.14, 0.01, 0.19], [1])",-0.0,-0.0,-0.0,-0.0,-0.0,-0.0,0.0,observed,0.5410320020698809,0.0487337337337338,0.43444046518347035
2,"([0.5, 0.15, 0.12, 0.19, 0.02, 0.03], [5])","([0, 0, 0, 1, 0, 0], [3])",-0.0,-0.0,-0.0,-0.0,-0.0,-0.0,0.0,not observed,0.5638538538538537,0.38160060060060075,0.6671611859041909
3,"([0.5, 0.15, 0.12, 0.19, 0.02, 0.03], [0])","([1, 0, 0, 0, 0, 0], [0])",-0.0,-0.0,-0.0,-0.0,-0.0,-0.0,0.0,observed,0.3311331331331331,0.050467467467467664,0.6671611859041909
4,"([0.5, 0.15, 0.12, 0.19, 0.02, 0.03], [3])","([1, 0, 0, 0, 0, 0], [0])",-0.0,-0.0,-0.0,-0.0,-0.0,-0.0,0.0,not observed,0.3311331331331331,0.3493343343343346,0.6671611859041909
5,"([0.5, 0.15, 0.12, 0.19, 0.02, 0.03], [4])","([1, 0, 0, 0, 0, 0], [0])",-0.0,-0.0,-0.0,-0.0,-0.0,-0.0,0.0,not observed,0.3311331331331331,0.5622012012012015,0.6671611859041909
6,"([0.5, 0.15, 0.12, 0.19, 0.02, 0.03], [0])","([1, 0, 0, 0, 0, 0], [0])",-0.0,-0.0,-0.0,-0.0,-0.0,-0.0,0.0,observed,0.3311331331331331,0.23106806806806846,0.6671611859041909
7,"([0.5, 0.15, 0.12, 0.19, 0.02, 0.03], [0])","([1, 0, 0, 0, 0, 0], [0])",-0.0,-0.0,-0.0,-0.0,-0.0,-0.0,0.0,observed,0.3311331331331331,-0.10006506506506463,0.6671611859041909
8,"([0.5, 0.15, 0.12, 0.19, 0.02, 0.03], [1])","([1, 0, 0, 0, 0, 0], [0])",-0.0,-0.0,-0.0,-0.0,-0.0,-0.0,0.0,not observed,0.3311331331331331,0.17880180180180227,0.6671611859041909
9,"([0.5, 0.15, 0.12, 0.19, 0.02, 0.03], [0])","([1, 0, 0, 0, 0, 0], [0])",-0.0,-0.0,-0.0,-0.0,-0.0,-0.0,0.0,observed,0.3311331331331331,-0.1523313313313308,0.6671611859041909
10,"([0.5, 0.15, 0.12, 0.19, 0.02, 0.03], [0])","([1, 0, 0, 0, 0, 0], [0])",-0.0,-0.0,-0.0,-0.0,-0.0,-0.0,0.0,observed,0.3311331331331331,-0.4834644644644639,0.6671611859041909
11,"([0.5, 0.15, 0.12, 0.19, 0.02, 0.03], [4])","([1, 0, 0, 0, 0, 0], [0])",-0.0,-0.0,-0.0,-0.0,-0.0,-0.0,0.0,not observed,0.3311331331331331,-0.27059759759759694,0.6671611859041909
12,"([0.5, 0.15, 0.12, 0.19, 0.02, 0.03], [4])","([1, 0, 0, 0, 0, 0], [0])",-0.0,-0.0,-0.0,-0.0,-0.0,-0.0,0.0,not observed,0.3311331331331331,-0.057730730730729984,0.6671611859041909
13,"([0.5, 0.15, 0.12, 0.19, 0.02, 0.03], [0])","([1, 0, 0, 0, 0, 0], [0])",-0.0,-0.0,-0.0,-0.0,-0.0,-0.0,0.0,observed,0.3311331331331331,-0.38886386386386307,0.6671611859041909
14,"([0.5, 0.15, 0.12, 0.19, 0.02, 0.03], [0])","([1, 0, 0, 0, 0, 0], [0])",-0.0,-0.0,-0.0,-0.0,-0.0,-0.0,0.0,observed,0.3311331331331331,-0.7199969969969962,0.6671611859041909
15,"([0.5, 0.15, 0.12, 0.19, 0.02, 0.03], [0])","([1, 0, 0, 0, 0, 0], [0])",-0.0,-0.0,-0.0,-0.0,-0.0,-0.0,0.0,observed,0.3311331331331331,-1.0511301301301292,0.6671611859041909
16,"([0.5, 0.15, 0.12, 0.19, 0.02, 0.03], [0])","([1, 0, 0, 0, 0, 0], [0])",-0.0,-0.0,-0.0,-0.0,-0.0,-0.0,0.0,observed,0.3311331331331331,-1.3822632632632623,0.6671611859041909
17,"([0.5, 0.15, 0.12, 0.19, 0.02, 0.03], [5])","([1, 0, 0, 0, 0, 0], [0])",-0.0,-0.0,-0.0,-0.0,-0.0,-0.0,0.0,not observed,0.3311331331331331,-1.0493963963963955,0.6671611859041909
18,"([0.5, 0.15, 0.12, 0.19, 0.02, 0.03], [3])","([1, 0, 0, 0, 0, 0], [0])",-0.0,-0.0,-0.0,-0.0,-0.0,-0.0,0.0,not observed,0.3311331331331331,-0.7505295295295286,0.6671611859041909
19,"([0.5, 0.15, 0.12, 0.19, 0.02, 0.03], [1])","([1, 0, 0, 0, 0, 0], [0])",-0.0,-0.0,-0.0,-0.0,-0.0,-0.0,0.0,not observed,0.3311331331331331,-0.47166266266266166,0.6671611859041909
20,"([0.5, 0.15, 0.12, 0.19, 0.02, 0.03], [3])","([1, 0, 0, 0, 0, 0], [0])",-0.0,-0.0,-0.0,-0.0,-0.0,-0.0,0.0,not observed,0.3311331331331331,-0.17279579579579474,0.6671611859041909
21,"([0.5, 0.15, 0.12, 0.19, 0.02, 0.03], [3])","([1, 0, 0, 0, 0, 0], [0])",-0.0,-0.0,-0.0,-0.0,-0.0,-0.0,0.0,not observed,0.3311331331331331,0.12607107107107218,0.6671611859041909
22,"([0.5, 0.15, 0.12, 0.19, 0.02, 0.03], [3])","([1, 0, 0, 0, 0, 0], [0])",-0.0,-0.0,-0.0,-0.0,-0.0,-0.0,0.0,not observed,0.3311331331331331,0.4249379379379391,0.6671611859041909
23,"([0.5, 0.15, 0.12, 0.19, 0.02, 0.03], [0])","([1, 0, 0, 0, 0, 0], [0])",-0.0,-0.0,-0.0,-0.0,-0.0,-0.0,0.0,observed,0.3311331331331331,0.09380480480480602,0.6671611859041909
24,"([0.5, 0.15, 0.12, 0.19, 0.02, 0.03], [0])","([1, 0, 0, 0, 0, 0], [0])",-0.0,-0.0,-0.0,-0.0,-0.0,-0.0,0.0,observed,0.3311331331331331,-0.23732832832832707,0.6671611859041909
25,"([0.5, 0.15, 0.12, 0.19, 0.02, 0.03], [1])","([1, 0, 0, 0, 0, 0], [0])",-0.0,-0.0,-0.0,-0.0,-0.0,-0.0,0.0,not observed,0.3311331331331331,0.04153853853853984,0.6671611859041909
26,"([0.5, 0.15, 0.12, 0.19, 0.02, 0.03], [1])","([1, 0, 0, 0, 0, 0], [0])",-0.0,-0.0,-0.0,-0.0,-0.0,-0.0,0.0,not observed,0.3311331331331331,0.32040540540540674,0.6671611859041909
27,"([0.5, 0.15, 0.12, 0.19, 0.02, 0.03], [0])","([1, 0, 0, 0, 0, 0], [0])",-0.0,-0.0,-0.0,-0.0,-0.0,-0.0,0.0,observed,0.3311331331331331,-0.010727727727726344,0.6671611859041909
28,"([0.5, 0.15, 0.12, 0.19, 0.02, 0.03], [0])","([1, 0, 0, 0, 0, 0], [0])",-0.0,-0.0,-0.0,-0.0,-0.0,-0.0,0.0,observed,0.3311331331331331,-0.34186086086085943,0.6671611859041909
29,"([0.5, 0.15, 0.12, 0.19, 0.02, 0.03], [5])","([1, 0, 0, 0, 0, 0], [0])",-0.0,-0.0,-0.0,-0.0,-0.0,-0.0,0.0,not observed,0.3311331331331331,-0.008993993993992477,0.6671611859041909
30,"([0.5, 0.15, 0.12, 0.19, 0.02, 0.03], [0])","([1, 0, 0, 0, 0, 0], [0])",-0.0,-0.0,-0.0,-0.0,-0.0,-0.0,0.0,observed,0.3311331331331331,-0.34012712712712556,0.6671611859041909
31,"([0.5, 0.15, 0.12, 0.19, 0.02, 0.03], [0])","([1, 0, 0, 0, 0, 0], [0])",-0.0,-0.0,-0.0,-0.0,-0.0,-0.0,0.0,observed,0.3311331331331331,-0.6712602602602586,0.6671611859041909
32,"([0.5, 0.15, 0.12, 0.19, 0.02, 0.03], [2])","([1, 0, 0, 0, 0, 0], [0])",-0.0,-0.0,-0.0,-0.0,-0.0,-0.0,0.0,not observed,0.3311331331331331,-0.2113933933933918,0.6671611859041909
33,"([0.5, 0.15, 0.12, 0.19, 0.02, 0.03], [0])","([1, 0, 0, 0, 0, 0], [0])",-0.0,-0.0,-0.0,-0.0,-0.0,-0.0,0.0,observed,0.3311331331331331,-0.5425265265265249,0.6671611859041909
34,"([0.5, 0.15, 0.12, 0.19, 0.02, 0.03], [0])","([1, 0, 0, 0, 0, 0], [0])",-0.0,-0.0,-0.0,-0.0,-0.0,-0.0,0.0,observed,0.3311331331331331,-0.873659659659658,0.6671611859041909
35,"([0.5, 0.15, 0.12, 0.19, 0.02, 0.03], [3])","([1, 0, 0, 0, 0, 0], [0])",-0.0,-0.0,-0.0,-0.0,-0.0,-0.0,0.0,not observed,0.3311331331331331,-0.574792792792791,0.6671611859041909
36,"([0.5, 0.15, 0.12, 0.19, 0.02, 0.03], [2])","([1, 0, 0, 0, 0, 0], [0])",-0.0,-0.0,-0.0,-0.0,-0.0,-0.0,0.0,not observed,0.3311331331331331,-0.11492592592592421,0.6671611859041909
37,"([0.5, 0.15, 0.12, 0.19, 0.02, 0.03], [1])","([1, 0, 0, 0, 0, 0], [0])",-0.0,-0.0,-0.0,-0.0,-0.0,-0.0,0.0,not observed,0.3311331331331331,0.1639409409409427,0.6671611859041909
38,"([0.5, 0.15, 0.12, 0.19, 0.02, 0.03], [3])","([1, 0, 0, 0, 0, 0], [0])",-0.0,-0.0,-0.0,-0.0,-0.0,-0.0,0.0,not observed,0.3311331331331331,0.4628078078078096,0.6671611859041909
39,"([0.5, 0.15, 0.12, 0.19, 0.02, 0.03], [5])","([1, 0, 0, 0, 0, 0], [0])",-0.0,-0.0,-0.0,-0.0,-0.0,-0.0,0.0,not observed,0.3311331331331331,0.7956746746746766,0.6671611859041909
40,"([0.5, 0.15, 0.12, 0.19, 0.02, 0.03], [0])","([1, 0, 0, 0, 0, 0], [0])",-0.0,-0.0,-0.0,-0.0,-0.0,-0.0,0.0,observed,0.3311331331331331,0.4645415415415435,0.6671611859041909
41,"([0.5, 0.15, 0.12, 0.19, 0.02, 0.03], [3])","([1, 0, 0, 0, 0, 0], [0])",-0.0,-0.0,-0.0,-0.0,-0.0,-0.0,0.0,not observed,0.3311331331331331,0.7634084084084104,0.6671611859041909
42,"([0.5, 0.15, 0.12, 0.19, 0.02, 0.03], [2])","([1, 0, 0, 0, 0, 0], [0])",-0.0,-0.0,-0.0,-0.0,-0.0,-0.0,0.0,not observed,0.3311331331331331,1.2232752752752774,0.6671611859041909
43,"([0.5, 0.15, 0.12, 0.19, 0.02, 0.03], [1])","([1, 0, 0, 0, 0, 0], [0])",-0.0,-0.0,-0.0,-0.0,-0.0,-0.0,0.0,not observed,0.3311331331331331,1.5021421421421444,0.6671611859041909
44,"([0.5, 0.15, 0.12, 0.19, 0.02, 0.03], [3])","([1, 0, 0, 0, 0, 0], [0])",-0.0,-0.0,-0.0,-0.0,-0.0,-0.0,0.0,not observed,0.3311331331331331,1.8010090090090114,0.6671611859041909
45,"([0.5, 0.15, 0.12, 0.19, 0.02, 0.03], [0])","([1, 0, 0, 0, 0, 0], [0])",-0.0,-0.0,-0.0,-0.0,-0.0,-0.0,0.0,observed,0.3311331331331331,1.4698758758758783,0.6671611859041909
46,"([0.5, 0.15, 0.12, 0.19, 0.02, 0.03], [1])","([1, 0, 0, 0, 0, 0], [0])",-0.0,-0.0,-0.0,-0.0,-0.0,-0.0,0.0,not observed,0.3311331331331331,1.748742742742745,0.6671611859041909
47,"([0.5, 0.15, 0.12, 0.19, 0.02, 0.03], [0])","([1, 0, 0, 0, 0, 0], [0])",-0.0,-0.0,-0.0,-0.0,-0.0,-0.0,0.0,observed,0.3311331331331331,1.417609609609612,0.6671611859041909
48,"([0.5, 0.15, 0.12, 0.19, 0.02, 0.03], [3])","([1, 0, 0, 0, 0, 0], [0])",-0.0,-0.0,-0.0,-0.0,-0.0,-0.0,0.0,not observed,0.3311331331331331,1.7164764764764788,0.6671611859041909
49,"([0.5, 0.15, 0.12, 0.19, 0.02, 0.03], [0])","([1, 0, 0, 0, 0, 0], [0])",-0.0,-0.0,-0.0,-0.0,-0.0,-0.0,0.0,observed,0.3311331331331331,1.3853433433433457,0.6671611859041909
50,"([0.5, 0.15, 0.12, 0.19, 0.02, 0.03], [0])","([1, 0, 0, 0, 0, 0], [0])",-0.0,-0.0,-0.0,-0.0,-0.0,-0.0,0.0,observed,0.3311331331331331,1.0542102102102127,0.6671611859041909
51,"([0.5, 0.15, 0.12, 0.19, 0.02, 0.03], [2])","([1, 0, 0, 0, 0, 0], [0])",-0.0,-0.0,-0.0,-0.0,-0.0,-0.0,0.0,not observed,0.3311331331331331,1.5140770770770795,0.6671611859041909
52,"([0.5, 0.15, 0.12, 0.19, 0.02, 0.03], [5])","([1, 0, 0, 0, 0, 0], [0])",-0.0,-0.0,-0.0,-0.0,-0.0,-0.0,0.0,not observed,0.3311331331331331,1.8469439439439466,0.6671611859041909
53,"([0.5, 0.15, 0.12, 0.19, 0.02, 0.03], [0])","([1, 0, 0, 0, 0, 0], [0])",-0.0,-0.0,-0.0,-0.0,-0.0,-0.0,0.0,observed,0.3311331331331331,1.5158108108108135,0.6671611859041909
54,"([0.5, 0.15, 0.12, 0.19, 0.02, 0.03], [2])","([1, 0, 0, 0, 0, 0], [0])",-0.0,-0.0,-0.0,-0.0,-0.0,-0.0,0.0,not observed,0.3311331331331331,1.9756776776776803,0.6671611859041909
55,"([0.5, 0.15, 0.12, 0.19, 0.02, 0.03], [0])","([1, 0, 0, 0, 0, 0], [0])",-0.0,-0.0,-0.0,-0.0,-0.0,-0.0,0.0,observed,0.3311331331331331,1.6445445445445472,0.6671611859041909
56,"([0.5, 0.15, 0.12, 0.19, 0.02, 0.03], [2])","([1, 0, 0, 0, 0, 0], [0])",-0.0,-0.0,-0.0,-0.0,-0.0,-0.0,0.0,not observed,0.3311331331331331,2.104411411411414,0.6671611859041909
57,"([0.5, 0.15, 0.12, 0.19, 0.02, 0.03], [1])","([1, 0, 0, 0, 0, 0], [0])",-0.0,-0.0,-0.0,-0.0,-0.0,-0.0,0.0,not observed,0.3311331331331331,2.383278278278281,0.6671611859041909
58,"([0.5, 0.15, 0.12, 0.19, 0.02, 0.03], [0])","([1, 0, 0, 0, 0, 0], [0])",-0.0,-0.0,-0.0,-0.0,-0.0,-0.0,0.0,observed,0.3311331331331331,2.052145145145148,0.6671611859041909
59,"([0.5, 0.15, 0.12, 0.19, 0.02, 0.03], [3])","([1, 0, 0, 0, 0, 0], [0])",-0.0,-0.0,-0.0,-0.0,-0.0,-0.0,0.0,not observed,0.3311331331331331,2.351012012012015,0.6671611859041909
60,"([0.5, 0.15, 0.12, 0.19, 0.02, 0.03], [1])","([1, 0, 0, 0, 0, 0], [0])",-0.0,-0.0,-0.0,-0.0,-0.0,-0.0,0.0,not observed,0.3311331331331331,2.629878878878882,0.6671611859041909
61,"([0.5, 0.15, 0.12, 0.19, 0.02, 0.03], [1])","([1, 0, 0, 0, 0, 0], [0])",-0.0,-0.0,-0.0,-0.0,-0.0,-0.0,0.0,not observed,0.3311331331331331,2.908745745745749,0.6671611859041909
62,"([0.5, 0.15, 0.12, 0.19, 0.02, 0.03], [2])","([1, 0, 0, 0, 0, 0], [0])",-0.0,-0.0,-0.0,-0.0,-0.0,-0.0,0.0,not observed,0.3311331331331331,3.3686126126126155,0.6671611859041909
63,"([0.5, 0.15, 0.12, 0.19, 0.02, 0.03], [0])","([1, 0, 0, 0, 0, 0], [0])",-0.0,-0.0,-0.0,-0.0,-0.0,-0.0,0.0,observed,0.3311331331331331,3.037479479479482,0.6671611859041909
64,"([0.5, 0.15, 0.12, 0.19, 0.02, 0.03], [0])","([1, 0, 0, 0, 0, 0], [0])",-0.0,-0.0,-0.0,-0.0,-0.0,-0.0,0.0,observed,0.3311331331331331,2.706346346346349,0.6671611859041909
65,"([0.5, 0.15, 0.12, 0.19, 0.02, 0.03], [5])","([1, 0, 0, 0, 0, 0], [0])",-0.0,-0.0,-0.0,-0.0,-0.0,-0.0,0.0,not observed,0.3311331331331331,3.0392132132132157,0.6671611859041909
66,"([0.5, 0.15, 0.12, 0.19, 0.02, 0.03], [3])","([1, 0, 0, 0, 0, 0], [0])",-0.0,-0.0,-0.0,-0.0,-0.0,-0.0,0.0,not observed,0.3311331331331331,3.3380800800800827,0.6671611859041909
67,"([0.5, 0.15, 0.12, 0.19, 0.02, 0.03], [3])","([1, 0, 0, 0, 0, 0], [0])",-0.0,-0.0,-0.0,-0.0,-0.0,-0.0,0.0,not observed,0.3311331331331331,3.6369469469469498,0.6671611859041909
68,"([0.5, 0.15, 0.12, 0.19, 0.02, 0.03], [0])","([1, 0, 0, 0, 0, 0], [0])",-0.0,-0.0,-0.0,-0.0,-0.0,-0.0,0.0,observed,0.3311331331331331,3.305813813813817,0.6671611859041909
69,"([0.5, 0.15, 0.12, 0.19, 0.02, 0.03], [3])","([1, 0, 0, 0, 0, 0], [0])",-0.0,-0.0,-0.0,-0.0,-0.0,-0.0,0.0,not observed,0.3311331331331331,3.604680680680684,0.6671611859041909
70,"([0.5, 0.15, 0.12, 0.19, 0.02, 0.03], [0])","([1, 0, 0, 0, 0, 0], [0])",-0.0,-0.0,-0.0,-0.0,-0.0,-0.0,0.0,observed,0.3311331331331331,3.273547547547551,0.6671611859041909
71,"([0.5, 0.15, 0.12, 0.19, 0.02, 0.03], [0])","([1, 0, 0, 0, 0, 0], [0])",-0.0,-0.0,-0.0,-0.0,-0.0,-0.0,0.0,observed,0.3311331331331331,2.9424144144144178,0.6671611859041909
72,"([0.5, 0.15, 0.12, 0.19, 0.02, 0.03], [3])","([1, 0, 0, 0, 0, 0], [0])",-0.0,-0.0,-0.0,-0.0,-0.0,-0.0,0.0,not observed,0.3311331331331331,3.241281281281285,0.6671611859041909
73,"([0.5, 0.15, 0.12, 0.19, 0.02, 0.03], [2])","([1, 0, 0, 0, 0, 0], [0])",-0.0,-0.0,-0.0,-0.0,-0.0,-0.0,0.0,not observed,0.3311331331331331,3.7011481481481514,0.6671611859041909
74,"([0.5, 0.15, 0.12, 0.19, 0.02, 0.03], [2])","([1, 0, 0, 0, 0, 0], [0])",-0.0,-0.0,-0.0,-0.0,-0.0,-0.0,0.0,not observed,0.3311331331331331,4.1610150150150185,0.6671611859041909
75,"([0.5, 0.15, 0.12, 0.19, 0.02, 0.03], [4])","([1, 0, 0, 0, 0, 0], [0])",-0.0,-0.0,-0.0,-0.0,-0.0,-0.0,0.0,not observed,0.3311331331331331,4.373881881881886,0.6671611859041909
76,"([0.5, 0.15, 0.12, 0.19, 0.02, 0.03], [0])","([1, 0, 0, 0, 0, 0], [0])",-0.0,-0.0,-0.0,-0.0,-0.0,-0.0,0.0,observed,0.3311331331331331,4.042748748748752,0.6671611859041909
77,"([0.5, 0.15, 0.12, 0.19, 0.02, 0.03], [0])","([1, 0, 0, 0, 0, 0], [0])",-0.0,-0.0,-0.0,-0.0,-0.0,-0.0,0.0,observed,0.3311331331331331,3.711615615615619,0.6671611859041909
78,"([0.5, 0.15, 0.12, 0.19, 0.02, 0.03], [0])","([1, 0, 0, 0, 0, 0], [0])",-0.0,-0.0,-0.0,-0.0,-0.0,-0.0,0.0,observed,0.3311331331331331,3.3804824824824857,0.6671611859041909
79,"([0.5, 0.15, 0.12, 0.19, 0.02, 0.03], [2])","([1, 0, 0, 0, 0, 0], [0])",-0.0,-0.0,-0.0,-0.0,-0.0,-0.0,0.0,not observed,0.3311331331331331,3.840349349349353,0.6671611859041909
80,"([0.5, 0.15, 0.12, 0.19, 0.02, 0.03], [0])","([1, 0, 0, 0, 0, 0], [0])",-0.0,-0.0,-0.0,-0.0,-0.0,-0.0,0.0,observed,0.3311331331331331,3.5092162162162195,0.6671611859041909
81,"([0.5, 0.15, 0.12, 0.19, 0.02, 0.03], [0])","([1, 0, 0, 0, 0, 0], [0])",-0.0,-0.0,-0.0,-0.0,-0.0,-0.0,0.0,observed,0.3311331331331331,3.178083083083086,0.6671611859041909
82,"([0.5, 0.15, 0.12, 0.19, 0.02, 0.03], [3])","([1, 0, 0, 0, 0, 0], [0])",-0.0,-0.0,-0.0,-0.0,-0.0,-0.0,0.0,not observed,0.3311331331331331,3.476949949949953,0.6671611859041909
83,"([0.5, 0.15, 0.12, 0.19, 0.02, 0.03], [2])","([1, 0, 0, 0, 0, 0], [0])",-0.0,-0.0,-0.0,-0.0,-0.0,-0.0,0.0,not observed,0.3311331331331331,3.93681681681682,0.6671611859041909
84,"([0.5, 0.15, 0.12, 0.19, 0.02, 0.03], [4])","([1, 0, 0, 0, 0, 0], [0])",-0.0,-0.0,-0.0,-0.0,-0.0,-0.0,0.0,not observed,0.3311331331331331,4.149683683683687,0.6671611859041909
85,"([0.5, 0.15, 0.12, 0.19, 0.02, 0.03], [4])","([1, 0, 0, 0, 0, 0], [0])",-0.0,-0.0,-0.0,-0.0,-0.0,-0.0,0.0,not observed,0.3311331331331331,4.362550550550554,0.6671611859041909
86,"([0.5, 0.15, 0.12, 0.19, 0.02, 0.03], [3])","([1, 0, 0, 0, 0, 0], [0])",-0.0,-0.0,-0.0,-0.0,-0.0,-0.0,0.0,not observed,0.3311331331331331,4.661417417417421,0.6671611859041909
87,"([0.5, 0.15, 0.12, 0.19, 0.02, 0.03], [5])","([1, 0, 0, 0, 0, 0], [0])",-0.0,-0.0,-0.0,-0.0,-0.0,-0.0,0.0,not observed,0.3311331331331331,4.994284284284288,0.6671611859041909
88,"([0.5, 0.15, 0.12, 0.19, 0.02, 0.03], [1])","([1, 0, 0, 0, 0, 0], [0])",-0.0,-0.0,-0.0,-0.0,-0.0,-0.0,0.0,not observed,0.3311331331331331,5.273151151151155,0.6671611859041909
89,"([0.5, 0.15, 0.12, 0.19, 0.02, 0.03], [1])","([1, 0, 0, 0, 0, 0], [0])",-0.0,-0.0,-0.0,-0.0,-0.0,-0.0,0.0,not observed,0.3311331331331331,5.552018018018022,0.6671611859041909
90,"([0.5, 0.15, 0.12, 0.19, 0.02, 0.03], [1])","([1, 0, 0, 0, 0, 0], [0])",-0.0,-0.0,-0.0,-0.0,-0.0,-0.0,0.0,not observed,0.3311331331331331,5.830884884884889,0.6671611859041909
91,"([0.5, 0.15, 0.12, 0.19, 0.02, 0.03], [0])","([1, 0, 0, 0, 0, 0], [0])",-0.0,-0.0,-0.0,-0.0,-0.0,-0.0,0.0,observed,0.3311331331331331,5.499751751751756,0.6671611859041909
92,"([0.5, 0.15, 0.12, 0.19, 0.02, 0.03], [0])","([1, 0, 0, 0, 0, 0], [0])",-0.0,-0.0,-0.0,-0.0,-0.0,-0.0,0.0,observed,0.3311331331331331,5.1686186186186225,0.6671611859041909
93,"([0.5, 0.15, 0.12, 0.19, 0.02, 0.03], [0])","([1, 0, 0, 0, 0, 0], [0])",-0.0,-0.0,-0.0,-0.0,-0.0,-0.0,0.0,observed,0.3311331331331331,4.837485485485489,0.6671611859041909
94,"([0.5, 0.15, 0.12, 0.19, 0.02, 0.03], [3])","([1, 0, 0, 0, 0, 0], [0])",-0.0,-0.0,-0.0,-0.0,-0.0,-0.0,0.0,not observed,0.3311331331331331,5.136352352352356,0.6671611859041909
95,"([0.5, 0.15, 0.12, 0.19, 0.02, 0.03], [3])","([1, 0, 0, 0, 0, 0], [0])",-0.0,-0.0,-0.0,-0.0,-0.0,-0.0,0.0,not observed,0.3311331331331331,5.435219219219222,0.6671611859041909
96,"([0.5, 0.15, 0.12, 0.19, 0.02, 0.03], [0])","([1, 0, 0, 0, 0, 0], [0])",-0.0,-0.0,-0.0,-0.0,-0.0,-0.0,0.0,observed,0.3311331331331331,5.104086086086089,0.6671611859041909
97,"([0.5, 0.15, 0.12, 0.19, 0.02, 0.03], [0])","([1, 0, 0, 0, 0, 0], [0])",-0.0,-0.0,-0.0,-0.0,-0.0,-0.0,0.0,observed,0.3311331331331331,4.772952952952956,0.6671611859041909
98,"([0.5, 0.15, 0.12, 0.19, 0.02, 0.03], [2])","([1, 0, 0, 0, 0, 0], [0])",-0.0,-0.0,-0.0,-0.0,-0.0,-0.0,0.0,not observed,0.3311331331331331,5.232819819819823,0.6671611859041909
99,"([0.5, 0.15, 0.12, 0.19, 0.02, 0.03], [1])","([1, 0, 0, 0, 0, 0], [0])",-0.0,-0.0,-0.0,-0.0,-0.0,-0.0,0.0,not observed,0.3311331331331331,5.51168668668669,0.6671611859041909
