,sta-1,FB-0,feedback target 0,feedback target 1,feedback target 2,feedback target 3,feedback target 4,feedback target 5,total,exp_loss,actual_regret,exp_regret
0,"([0, 1, 0, 0, 0, 0], [1])","([0.07, 0.29, 0.18, 0.17, 0.12, 0.18], [3])",-0.0,-0.9990000000000001,-0.0,-0.0,-0.0,-0.0,-0.9990000000000001,0.713439100711408,0.36410034530900504,0.07853944602041296
1,"([1, 0, 0, 0, 0, 0], [0])","([0.01, 0.36, 0.18, 0.16, 0.09, 0.19], [1])",-0.64,-0.0,-0.0,-0.0,-0.0,-0.0,-0.64,0.6348996546909951,0.36920069061801,0.07853944602041296
2,"([1, 0, 0, 0, 0, 0], [0])","([0.01, 0.36, 0.18, 0.16, 0.09, 0.19], [3])",-0.64,-0.0,-0.0,-0.0,-0.0,-0.0,-0.64,0.6348996546909951,0.3743010359270149,0.07853944602041296
3,"([1, 0, 0, 0, 0, 0], [0])","([0.01, 0.36, 0.18, 0.16, 0.09, 0.19], [5])",-0.64,-0.0,-0.0,-0.0,-0.0,-0.0,-0.64,0.6348996546909951,0.37940138123601985,0.07853944602041296
4,"([1, 0, 0, 0, 0, 0], [0])","([0.01, 0.36, 0.18, 0.16, 0.09, 0.19], [3])",-0.64,-0.0,-0.0,-0.0,-0.0,-0.0,-0.64,0.6348996546909951,0.3845017265450248,0.07853944602041296
5,"([1, 0, 0, 0, 0, 0], [0])","([0.01, 0.36, 0.18, 0.16, 0.09, 0.19], [1])",-0.64,-0.0,-0.0,-0.0,-0.0,-0.0,-0.64,0.6348996546909951,0.38960207185402973,0.07853944602041296
6,"([1, 0, 0, 0, 0, 0], [0])","([0.01, 0.36, 0.18, 0.16, 0.09, 0.19], [2])",-0.64,-0.0,-0.0,-0.0,-0.0,-0.0,-0.64,0.6348996546909951,0.39470241716303467,0.07853944602041296
7,"([1, 0, 0, 0, 0, 0], [0])","([0.01, 0.36, 0.18, 0.16, 0.09, 0.19], [3])",-0.64,-0.0,-0.0,-0.0,-0.0,-0.0,-0.64,0.6348996546909951,0.3998027624720396,0.07853944602041296
8,"([1, 0, 0, 0, 0, 0], [0])","([0.01, 0.36, 0.18, 0.16, 0.09, 0.19], [1])",-0.64,-0.0,-0.0,-0.0,-0.0,-0.0,-0.64,0.6348996546909951,0.40490310778104455,0.07853944602041296
9,"([1, 0, 0, 0, 0, 0], [0])","([0.01, 0.36, 0.18, 0.16, 0.09, 0.19], [1])",-0.64,-0.0,-0.0,-0.0,-0.0,-0.0,-0.64,0.6348996546909951,0.4100034530900495,0.07853944602041296
10,"([1, 0, 0, 0, 0, 0], [0])","([0.01, 0.36, 0.18, 0.16, 0.09, 0.19], [1])",-0.64,-0.0,-0.0,-0.0,-0.0,-0.0,-0.64,0.6348996546909951,0.4151037983990544,0.07853944602041296
11,"([1, 0, 0, 0, 0, 0], [0])","([0.01, 0.36, 0.18, 0.16, 0.09, 0.19], [4])",-0.64,-0.0,-0.0,-0.0,-0.0,-0.0,-0.64,0.6348996546909951,0.42020414370805936,0.07853944602041296
12,"([1, 0, 0, 0, 0, 0], [0])","([0.01, 0.36, 0.18, 0.16, 0.09, 0.19], [3])",-0.64,-0.0,-0.0,-0.0,-0.0,-0.0,-0.64,0.6348996546909951,0.4253044890170643,0.07853944602041296
13,"([1, 0, 0, 0, 0, 0], [0])","([0.01, 0.36, 0.18, 0.16, 0.09, 0.19], [3])",-0.64,-0.0,-0.0,-0.0,-0.0,-0.0,-0.64,0.6348996546909951,0.43040483432606924,0.07853944602041296
14,"([1, 0, 0, 0, 0, 0], [0])","([0.01, 0.36, 0.18, 0.16, 0.09, 0.19], [1])",-0.64,-0.0,-0.0,-0.0,-0.0,-0.0,-0.64,0.6348996546909951,0.4355051796350742,0.07853944602041296
15,"([1, 0, 0, 0, 0, 0], [0])","([0.01, 0.36, 0.18, 0.16, 0.09, 0.19], [2])",-0.64,-0.0,-0.0,-0.0,-0.0,-0.0,-0.64,0.6348996546909951,0.4406055249440791,0.07853944602041296
16,"([1, 0, 0, 0, 0, 0], [0])","([0.01, 0.36, 0.18, 0.16, 0.09, 0.19], [1])",-0.64,-0.0,-0.0,-0.0,-0.0,-0.0,-0.64,0.6348996546909951,0.44570587025308406,0.07853944602041296
17,"([1, 0, 0, 0, 0, 0], [0])","([0.01, 0.36, 0.18, 0.16, 0.09, 0.19], [1])",-0.64,-0.0,-0.0,-0.0,-0.0,-0.0,-0.64,0.6348996546909951,0.450806215562089,0.07853944602041296
18,"([1, 0, 0, 0, 0, 0], [0])","([0.01, 0.36, 0.18, 0.16, 0.09, 0.19], [1])",-0.64,-0.0,-0.0,-0.0,-0.0,-0.0,-0.64,0.6348996546909951,0.45590656087109394,0.07853944602041296
19,"([1, 0, 0, 0, 0, 0], [0])","([0.01, 0.36, 0.18, 0.16, 0.09, 0.19], [1])",-0.64,-0.0,-0.0,-0.0,-0.0,-0.0,-0.64,0.6348996546909951,0.4610069061800989,0.07853944602041296
20,"([1, 0, 0, 0, 0, 0], [0])","([0.01, 0.36, 0.18, 0.16, 0.09, 0.19], [3])",-0.64,-0.0,-0.0,-0.0,-0.0,-0.0,-0.64,0.6348996546909951,0.4661072514891038,0.07853944602041296
21,"([1, 0, 0, 0, 0, 0], [0])","([0.01, 0.36, 0.18, 0.16, 0.09, 0.19], [4])",-0.64,-0.0,-0.0,-0.0,-0.0,-0.0,-0.64,0.6348996546909951,0.47120759679810875,0.07853944602041296
22,"([1, 0, 0, 0, 0, 0], [0])","([0.01, 0.36, 0.18, 0.16, 0.09, 0.19], [1])",-0.64,-0.0,-0.0,-0.0,-0.0,-0.0,-0.64,0.6348996546909951,0.4763079421071137,0.07853944602041296
23,"([1, 0, 0, 0, 0, 0], [0])","([0.01, 0.36, 0.18, 0.16, 0.09, 0.19], [5])",-0.64,-0.0,-0.0,-0.0,-0.0,-0.0,-0.64,0.6348996546909951,0.48140828741611863,0.07853944602041296
24,"([1, 0, 0, 0, 0, 0], [0])","([0.01, 0.36, 0.18, 0.16, 0.09, 0.19], [2])",-0.64,-0.0,-0.0,-0.0,-0.0,-0.0,-0.64,0.6348996546909951,0.48650863272512357,0.07853944602041296
25,"([1, 0, 0, 0, 0, 0], [0])","([0.01, 0.36, 0.18, 0.16, 0.09, 0.19], [1])",-0.64,-0.0,-0.0,-0.0,-0.0,-0.0,-0.64,0.6348996546909951,0.4916089780341285,0.07853944602041296
26,"([1, 0, 0, 0, 0, 0], [0])","([0.01, 0.36, 0.18, 0.16, 0.09, 0.19], [3])",-0.64,-0.0,-0.0,-0.0,-0.0,-0.0,-0.64,0.6348996546909951,0.49670932334313345,0.07853944602041296
27,"([1, 0, 0, 0, 0, 0], [0])","([0.01, 0.36, 0.18, 0.16, 0.09, 0.19], [3])",-0.64,-0.0,-0.0,-0.0,-0.0,-0.0,-0.64,0.6348996546909951,0.5018096686521384,0.07853944602041296
28,"([1, 0, 0, 0, 0, 0], [0])","([0.01, 0.36, 0.18, 0.16, 0.09, 0.19], [2])",-0.64,-0.0,-0.0,-0.0,-0.0,-0.0,-0.64,0.6348996546909951,0.5069100139611433,0.07853944602041296
29,"([1, 0, 0, 0, 0, 0], [0])","([0.01, 0.36, 0.18, 0.16, 0.09, 0.19], [2])",-0.64,-0.0,-0.0,-0.0,-0.0,-0.0,-0.64,0.6348996546909951,0.5120103592701483,0.07853944602041296
30,"([1, 0, 0, 0, 0, 0], [0])","([0.01, 0.36, 0.18, 0.16, 0.09, 0.19], [5])",-0.64,-0.0,-0.0,-0.0,-0.0,-0.0,-0.64,0.6348996546909951,0.5171107045791532,0.07853944602041296
31,"([1, 0, 0, 0, 0, 0], [0])","([0.01, 0.36, 0.18, 0.16, 0.09, 0.19], [3])",-0.64,-0.0,-0.0,-0.0,-0.0,-0.0,-0.64,0.6348996546909951,0.5222110498881581,0.07853944602041296
32,"([1, 0, 0, 0, 0, 0], [0])","([0.01, 0.36, 0.18, 0.16, 0.09, 0.19], [4])",-0.64,-0.0,-0.0,-0.0,-0.0,-0.0,-0.64,0.6348996546909951,0.5273113951971631,0.07853944602041296
33,"([1, 0, 0, 0, 0, 0], [0])","([0.01, 0.36, 0.18, 0.16, 0.09, 0.19], [3])",-0.64,-0.0,-0.0,-0.0,-0.0,-0.0,-0.64,0.6348996546909951,0.532411740506168,0.07853944602041296
34,"([1, 0, 0, 0, 0, 0], [0])","([0.01, 0.36, 0.18, 0.16, 0.09, 0.19], [1])",-0.64,-0.0,-0.0,-0.0,-0.0,-0.0,-0.64,0.6348996546909951,0.537512085815173,0.07853944602041296
35,"([1, 0, 0, 0, 0, 0], [0])","([0.01, 0.36, 0.18, 0.16, 0.09, 0.19], [4])",-0.64,-0.0,-0.0,-0.0,-0.0,-0.0,-0.64,0.6348996546909951,0.5426124311241779,0.07853944602041296
36,"([1, 0, 0, 0, 0, 0], [0])","([0.01, 0.36, 0.18, 0.16, 0.09, 0.19], [1])",-0.64,-0.0,-0.0,-0.0,-0.0,-0.0,-0.64,0.6348996546909951,0.5477127764331828,0.07853944602041296
37,"([1, 0, 0, 0, 0, 0], [0])","([0.01, 0.36, 0.18, 0.16, 0.09, 0.19], [5])",-0.64,-0.0,-0.0,-0.0,-0.0,-0.0,-0.64,0.6348996546909951,0.5528131217421878,0.07853944602041296
38,"([1, 0, 0, 0, 0, 0], [0])","([0.01, 0.36, 0.18, 0.16, 0.09, 0.19], [0])",-0.0,-0.0,-0.0,-0.0,-0.0,-0.0,0.0,0.6348996546909951,-0.0820865329488073,0.07853944602041296
39,"([1, 0, 0, 0, 0, 0], [0])","([0.01, 0.36, 0.18, 0.16, 0.09, 0.19], [2])",-0.64,-0.0,-0.0,-0.0,-0.0,-0.0,-0.64,0.6348996546909951,-0.07698618763980236,0.07853944602041296
40,"([1, 0, 0, 0, 0, 0], [0])","([0.01, 0.36, 0.18, 0.16, 0.09, 0.19], [1])",-0.64,-0.0,-0.0,-0.0,-0.0,-0.0,-0.64,0.6348996546909951,-0.07188584233079742,0.07853944602041296
41,"([1, 0, 0, 0, 0, 0], [0])","([0.01, 0.36, 0.18, 0.16, 0.09, 0.19], [5])",-0.64,-0.0,-0.0,-0.0,-0.0,-0.0,-0.64,0.6348996546909951,-0.06678549702179248,0.07853944602041296
42,"([1, 0, 0, 0, 0, 0], [0])","([0.01, 0.36, 0.18, 0.16, 0.09, 0.19], [1])",-0.64,-0.0,-0.0,-0.0,-0.0,-0.0,-0.64,0.6348996546909951,-0.061685151712787545,0.07853944602041296
43,"([1, 0, 0, 0, 0, 0], [0])","([0.01, 0.36, 0.18, 0.16, 0.09, 0.19], [1])",-0.64,-0.0,-0.0,-0.0,-0.0,-0.0,-0.64,0.6348996546909951,-0.056584806403782606,0.07853944602041296
44,"([1, 0, 0, 0, 0, 0], [0])","([0.01, 0.36, 0.18, 0.16, 0.09, 0.19], [5])",-0.64,-0.0,-0.0,-0.0,-0.0,-0.0,-0.64,0.6348996546909951,-0.05148446109477767,0.07853944602041296
45,"([1, 0, 0, 0, 0, 0], [0])","([0.01, 0.36, 0.18, 0.16, 0.09, 0.19], [4])",-0.64,-0.0,-0.0,-0.0,-0.0,-0.0,-0.64,0.6348996546909951,-0.04638411578577273,0.07853944602041296
46,"([1, 0, 0, 0, 0, 0], [0])","([0.01, 0.36, 0.18, 0.16, 0.09, 0.19], [3])",-0.64,-0.0,-0.0,-0.0,-0.0,-0.0,-0.64,0.6348996546909951,-0.04128377047676779,0.07853944602041296
47,"([1, 0, 0, 0, 0, 0], [0])","([0.01, 0.36, 0.18, 0.16, 0.09, 0.19], [1])",-0.64,-0.0,-0.0,-0.0,-0.0,-0.0,-0.64,0.6348996546909951,-0.03618342516776285,0.07853944602041296
48,"([1, 0, 0, 0, 0, 0], [0])","([0.01, 0.36, 0.18, 0.16, 0.09, 0.19], [3])",-0.64,-0.0,-0.0,-0.0,-0.0,-0.0,-0.64,0.6348996546909951,-0.03108307985875791,0.07853944602041296
49,"([1, 0, 0, 0, 0, 0], [0])","([0.01, 0.36, 0.18, 0.16, 0.09, 0.19], [5])",-0.64,-0.0,-0.0,-0.0,-0.0,-0.0,-0.64,0.6348996546909951,-0.025982734549752973,0.07853944602041296
50,"([1, 0, 0, 0, 0, 0], [0])","([0.01, 0.36, 0.18, 0.16, 0.09, 0.19], [3])",-0.64,-0.0,-0.0,-0.0,-0.0,-0.0,-0.64,0.6348996546909951,-0.020882389240748034,0.07853944602041296
51,"([1, 0, 0, 0, 0, 0], [0])","([0.01, 0.36, 0.18, 0.16, 0.09, 0.19], [2])",-0.64,-0.0,-0.0,-0.0,-0.0,-0.0,-0.64,0.6348996546909951,-0.015782043931743095,0.07853944602041296
52,"([1, 0, 0, 0, 0, 0], [0])","([0.01, 0.36, 0.18, 0.16, 0.09, 0.19], [5])",-0.64,-0.0,-0.0,-0.0,-0.0,-0.0,-0.64,0.6348996546909951,-0.010681698622738156,0.07853944602041296
53,"([1, 0, 0, 0, 0, 0], [0])","([0.01, 0.36, 0.18, 0.16, 0.09, 0.19], [5])",-0.64,-0.0,-0.0,-0.0,-0.0,-0.0,-0.64,0.6348996546909951,-0.005581353313733217,0.07853944602041296
54,"([1, 0, 0, 0, 0, 0], [0])","([0.01, 0.36, 0.18, 0.16, 0.09, 0.19], [3])",-0.64,-0.0,-0.0,-0.0,-0.0,-0.0,-0.64,0.6348996546909951,-0.0004810080047282783,0.07853944602041296
55,"([1, 0, 0, 0, 0, 0], [0])","([0.01, 0.36, 0.18, 0.16, 0.09, 0.19], [1])",-0.64,-0.0,-0.0,-0.0,-0.0,-0.0,-0.64,0.6348996546909951,0.0046193373042766606,0.07853944602041296
56,"([1, 0, 0, 0, 0, 0], [0])","([0.01, 0.36, 0.18, 0.16, 0.09, 0.19], [3])",-0.64,-0.0,-0.0,-0.0,-0.0,-0.0,-0.64,0.6348996546909951,0.0097196826132816,0.07853944602041296
57,"([1, 0, 0, 0, 0, 0], [0])","([0.01, 0.36, 0.18, 0.16, 0.09, 0.19], [5])",-0.64,-0.0,-0.0,-0.0,-0.0,-0.0,-0.64,0.6348996546909951,0.014820027922286538,0.07853944602041296
58,"([1, 0, 0, 0, 0, 0], [0])","([0.01, 0.36, 0.18, 0.16, 0.09, 0.19], [5])",-0.64,-0.0,-0.0,-0.0,-0.0,-0.0,-0.64,0.6348996546909951,0.019920373231291477,0.07853944602041296
59,"([1, 0, 0, 0, 0, 0], [0])","([0.01, 0.36, 0.18, 0.16, 0.09, 0.19], [5])",-0.64,-0.0,-0.0,-0.0,-0.0,-0.0,-0.64,0.6348996546909951,0.025020718540296416,0.07853944602041296
60,"([1, 0, 0, 0, 0, 0], [0])","([0.01, 0.36, 0.18, 0.16, 0.09, 0.19], [5])",-0.64,-0.0,-0.0,-0.0,-0.0,-0.0,-0.64,0.6348996546909951,0.030121063849301355,0.07853944602041296
61,"([1, 0, 0, 0, 0, 0], [0])","([0.01, 0.36, 0.18, 0.16, 0.09, 0.19], [1])",-0.64,-0.0,-0.0,-0.0,-0.0,-0.0,-0.64,0.6348996546909951,0.035221409158306294,0.07853944602041296
62,"([1, 0, 0, 0, 0, 0], [0])","([0.01, 0.36, 0.18, 0.16, 0.09, 0.19], [3])",-0.64,-0.0,-0.0,-0.0,-0.0,-0.0,-0.64,0.6348996546909951,0.04032175446731123,0.07853944602041296
63,"([1, 0, 0, 0, 0, 0], [0])","([0.01, 0.36, 0.18, 0.16, 0.09, 0.19], [5])",-0.64,-0.0,-0.0,-0.0,-0.0,-0.0,-0.64,0.6348996546909951,0.04542209977631617,0.07853944602041296
64,"([1, 0, 0, 0, 0, 0], [0])","([0.01, 0.36, 0.18, 0.16, 0.09, 0.19], [4])",-0.64,-0.0,-0.0,-0.0,-0.0,-0.0,-0.64,0.6348996546909951,0.05052244508532111,0.07853944602041296
65,"([1, 0, 0, 0, 0, 0], [0])","([0.01, 0.36, 0.18, 0.16, 0.09, 0.19], [3])",-0.64,-0.0,-0.0,-0.0,-0.0,-0.0,-0.64,0.6348996546909951,0.05562279039432605,0.07853944602041296
66,"([1, 0, 0, 0, 0, 0], [0])","([0.01, 0.36, 0.18, 0.16, 0.09, 0.19], [2])",-0.64,-0.0,-0.0,-0.0,-0.0,-0.0,-0.64,0.6348996546909951,0.06072313570333099,0.07853944602041296
67,"([1, 0, 0, 0, 0, 0], [0])","([0.01, 0.36, 0.18, 0.16, 0.09, 0.19], [5])",-0.64,-0.0,-0.0,-0.0,-0.0,-0.0,-0.64,0.6348996546909951,0.06582348101233593,0.07853944602041296
68,"([1, 0, 0, 0, 0, 0], [0])","([0.01, 0.36, 0.18, 0.16, 0.09, 0.19], [1])",-0.64,-0.0,-0.0,-0.0,-0.0,-0.0,-0.64,0.6348996546909951,0.07092382632134087,0.07853944602041296
69,"([1, 0, 0, 0, 0, 0], [0])","([0.01, 0.36, 0.18, 0.16, 0.09, 0.19], [1])",-0.64,-0.0,-0.0,-0.0,-0.0,-0.0,-0.64,0.6348996546909951,0.0760241716303458,0.07853944602041296
70,"([1, 0, 0, 0, 0, 0], [0])","([0.01, 0.36, 0.18, 0.16, 0.09, 0.19], [2])",-0.64,-0.0,-0.0,-0.0,-0.0,-0.0,-0.64,0.6348996546909951,0.08112451693935074,0.07853944602041296
71,"([1, 0, 0, 0, 0, 0], [0])","([0.01, 0.36, 0.18, 0.16, 0.09, 0.19], [2])",-0.64,-0.0,-0.0,-0.0,-0.0,-0.0,-0.64,0.6348996546909951,0.08622486224835568,0.07853944602041296
72,"([1, 0, 0, 0, 0, 0], [0])","([0.01, 0.36, 0.18, 0.16, 0.09, 0.19], [2])",-0.64,-0.0,-0.0,-0.0,-0.0,-0.0,-0.64,0.6348996546909951,0.09132520755736062,0.07853944602041296
73,"([1, 0, 0, 0, 0, 0], [0])","([0.01, 0.36, 0.18, 0.16, 0.09, 0.19], [2])",-0.64,-0.0,-0.0,-0.0,-0.0,-0.0,-0.64,0.6348996546909951,0.09642555286636556,0.07853944602041296
74,"([1, 0, 0, 0, 0, 0], [0])","([0.01, 0.36, 0.18, 0.16, 0.09, 0.19], [4])",-0.64,-0.0,-0.0,-0.0,-0.0,-0.0,-0.64,0.6348996546909951,0.1015258981753705,0.07853944602041296
75,"([1, 0, 0, 0, 0, 0], [0])","([0.01, 0.36, 0.18, 0.16, 0.09, 0.19], [1])",-0.64,-0.0,-0.0,-0.0,-0.0,-0.0,-0.64,0.6348996546909951,0.10662624348437544,0.07853944602041296
76,"([1, 0, 0, 0, 0, 0], [0])","([0.01, 0.36, 0.18, 0.16, 0.09, 0.19], [3])",-0.64,-0.0,-0.0,-0.0,-0.0,-0.0,-0.64,0.6348996546909951,0.11172658879338038,0.07853944602041296
77,"([1, 0, 0, 0, 0, 0], [0])","([0.01, 0.36, 0.18, 0.16, 0.09, 0.19], [1])",-0.64,-0.0,-0.0,-0.0,-0.0,-0.0,-0.64,0.6348996546909951,0.11682693410238532,0.07853944602041296
78,"([1, 0, 0, 0, 0, 0], [0])","([0.01, 0.36, 0.18, 0.16, 0.09, 0.19], [3])",-0.64,-0.0,-0.0,-0.0,-0.0,-0.0,-0.64,0.6348996546909951,0.12192727941139025,0.07853944602041296
79,"([1, 0, 0, 0, 0, 0], [0])","([0.01, 0.36, 0.18, 0.16, 0.09, 0.19], [5])",-0.64,-0.0,-0.0,-0.0,-0.0,-0.0,-0.64,0.6348996546909951,0.1270276247203952,0.07853944602041296
80,"([1, 0, 0, 0, 0, 0], [0])","([0.01, 0.36, 0.18, 0.16, 0.09, 0.19], [1])",-0.64,-0.0,-0.0,-0.0,-0.0,-0.0,-0.64,0.6348996546909951,0.13212797002940013,0.07853944602041296
81,"([1, 0, 0, 0, 0, 0], [0])","([0.01, 0.36, 0.18, 0.16, 0.09, 0.19], [1])",-0.64,-0.0,-0.0,-0.0,-0.0,-0.0,-0.64,0.6348996546909951,0.13722831533840507,0.07853944602041296
82,"([1, 0, 0, 0, 0, 0], [0])","([0.01, 0.36, 0.18, 0.16, 0.09, 0.19], [3])",-0.64,-0.0,-0.0,-0.0,-0.0,-0.0,-0.64,0.6348996546909951,0.14232866064741,0.07853944602041296
83,"([1, 0, 0, 0, 0, 0], [0])","([0.01, 0.36, 0.18, 0.16, 0.09, 0.19], [1])",-0.64,-0.0,-0.0,-0.0,-0.0,-0.0,-0.64,0.6348996546909951,0.14742900595641495,0.07853944602041296
84,"([1, 0, 0, 0, 0, 0], [0])","([0.01, 0.36, 0.18, 0.16, 0.09, 0.19], [1])",-0.64,-0.0,-0.0,-0.0,-0.0,-0.0,-0.64,0.6348996546909951,0.1525293512654199,0.07853944602041296
85,"([1, 0, 0, 0, 0, 0], [0])","([0.01, 0.36, 0.18, 0.16, 0.09, 0.19], [3])",-0.64,-0.0,-0.0,-0.0,-0.0,-0.0,-0.64,0.6348996546909951,0.15762969657442483,0.07853944602041296
86,"([1, 0, 0, 0, 0, 0], [0])","([0.01, 0.36, 0.18, 0.16, 0.09, 0.19], [1])",-0.64,-0.0,-0.0,-0.0,-0.0,-0.0,-0.64,0.6348996546909951,0.16273004188342977,0.07853944602041296
87,"([1, 0, 0, 0, 0, 0], [0])","([0.01, 0.36, 0.18, 0.16, 0.09, 0.19], [1])",-0.64,-0.0,-0.0,-0.0,-0.0,-0.0,-0.64,0.6348996546909951,0.1678303871924347,0.07853944602041296
88,"([1, 0, 0, 0, 0, 0], [0])","([0.01, 0.36, 0.18, 0.16, 0.09, 0.19], [1])",-0.64,-0.0,-0.0,-0.0,-0.0,-0.0,-0.64,0.6348996546909951,0.17293073250143964,0.07853944602041296
89,"([1, 0, 0, 0, 0, 0], [0])","([0.01, 0.36, 0.18, 0.16, 0.09, 0.19], [5])",-0.64,-0.0,-0.0,-0.0,-0.0,-0.0,-0.64,0.6348996546909951,0.17803107781044458,0.07853944602041296
90,"([1, 0, 0, 0, 0, 0], [0])","([0.01, 0.36, 0.18, 0.16, 0.09, 0.19], [2])",-0.64,-0.0,-0.0,-0.0,-0.0,-0.0,-0.64,0.6348996546909951,0.18313142311944952,0.07853944602041296
91,"([1, 0, 0, 0, 0, 0], [0])","([0.01, 0.36, 0.18, 0.16, 0.09, 0.19], [1])",-0.64,-0.0,-0.0,-0.0,-0.0,-0.0,-0.64,0.6348996546909951,0.18823176842845446,0.07853944602041296
92,"([1, 0, 0, 0, 0, 0], [0])","([0.01, 0.36, 0.18, 0.16, 0.09, 0.19], [5])",-0.64,-0.0,-0.0,-0.0,-0.0,-0.0,-0.64,0.6348996546909951,0.1933321137374594,0.07853944602041296
93,"([1, 0, 0, 0, 0, 0], [0])","([0.01, 0.36, 0.18, 0.16, 0.09, 0.19], [3])",-0.64,-0.0,-0.0,-0.0,-0.0,-0.0,-0.64,0.6348996546909951,0.19843245904646434,0.07853944602041296
94,"([1, 0, 0, 0, 0, 0], [0])","([0.01, 0.36, 0.18, 0.16, 0.09, 0.19], [3])",-0.64,-0.0,-0.0,-0.0,-0.0,-0.0,-0.64,0.6348996546909951,0.20353280435546928,0.07853944602041296
95,"([1, 0, 0, 0, 0, 0], [0])","([0.01, 0.36, 0.18, 0.16, 0.09, 0.19], [3])",-0.64,-0.0,-0.0,-0.0,-0.0,-0.0,-0.64,0.6348996546909951,0.20863314966447422,0.07853944602041296
96,"([1, 0, 0, 0, 0, 0], [0])","([0.01, 0.36, 0.18, 0.16, 0.09, 0.19], [2])",-0.64,-0.0,-0.0,-0.0,-0.0,-0.0,-0.64,0.6348996546909951,0.21373349497347915,0.07853944602041296
97,"([1, 0, 0, 0, 0, 0], [0])","([0.01, 0.36, 0.18, 0.16, 0.09, 0.19], [1])",-0.64,-0.0,-0.0,-0.0,-0.0,-0.0,-0.64,0.6348996546909951,0.2188338402824841,0.07853944602041296
98,"([1, 0, 0, 0, 0, 0], [0])","([0.01, 0.36, 0.18, 0.16, 0.09, 0.19], [1])",-0.64,-0.0,-0.0,-0.0,-0.0,-0.0,-0.64,0.6348996546909951,0.22393418559148903,0.07853944602041296
99,"([1, 0, 0, 0, 0, 0], [0])","([0.01, 0.36, 0.18, 0.16, 0.09, 0.19], [5])",-0.64,-0.0,-0.0,-0.0,-0.0,-0.0,-0.64,0.6348996546909951,0.22903453090049397,0.07853944602041296
