,suqr-1,FB-0,feedback target 0,feedback target 1,feedback target 2,feedback target 3,feedback target 4,feedback target 5,total,exp_loss,actual_regret,exp_regret
0,"([0.0, 0.2, 0.2, 0.2, 0.19, 0.2], [2])","([1, 0, 0, 0, 0, 0], [0])",-0.0,-0.0,-0.9620000000000001,-0.0,-0.0,-0.0,-0.9620000000000001,0.8644226703289475,0.2813168766211954,0.18373954695014283
1,"([0.22, 0.04, 0.02, 0.03, 0.54, 0.15], [0])","([0.09, 0.23, 0.27, 0.25, 0.02, 0.13], [1])",-0.77,-0.0,-0.0,-0.0,-0.0,-0.0,-0.77,0.6976036079872353,0.3706337532423908,0.20066003155857348
2,"([0.0, 0.2, 0.2, 0.2, 0.19, 0.2], [5])","([1, 0, 0, 0, 0, 0], [0])",-0.0,-0.0,-0.0,-0.0,-0.0,-0.799,-0.799,0.8644226703289475,0.4889506298635862,0.3843995785087163
3,"([0.0, 0.2, 0.2, 0.2, 0.19, 0.2], [4])","([1, 0, 0, 0, 0, 0], [0])",-0.0,-0.0,-0.0,-0.0,-0.7120000000000001,-0.0,-0.7120000000000001,0.8644226703289475,0.5202675064847816,0.5681391254588591
4,"([0.22, 0.09, 0.07, 0.08, 0.38, 0.17], [3])","([0.13, 0.2, 0.23, 0.22, 0.08, 0.15], [0])",-0.0,-0.0,-0.0,-0.9329999999999999,-0.0,-0.0,-0.9329999999999999,0.6808832155194395,0.7725843831059769,0.568339217599494
5,"([0.22, 0.08, 0.05, 0.07, 0.41, 0.17], [5])","([0.12, 0.21, 0.24, 0.22, 0.07, 0.14], [3])",-0.0,-0.0,-0.0,-0.0,-0.0,-0.799,-0.799,0.6820611216513999,0.8909012597271723,0.5697172158720892
6,"([0.22, 0.08, 0.05, 0.07, 0.41, 0.17], [2])","([0.12, 0.21, 0.24, 0.22, 0.07, 0.14], [1])",-0.0,-0.0,-0.9620000000000001,-0.0,-0.0,-0.0,-0.9620000000000001,0.6820611216513999,1.1722181363483677,0.5710952141446844
7,"([0.22, 0.08, 0.05, 0.07, 0.41, 0.17], [4])","([0.12, 0.21, 0.24, 0.22, 0.07, 0.14], [1])",-0.0,-0.0,-0.0,-0.0,-0.7120000000000001,-0.0,-0.7120000000000001,0.6820611216513999,1.2035350129695632,0.5724732124172797
8,"([0.22, 0.08, 0.05, 0.07, 0.41, 0.17], [5])","([0.12, 0.21, 0.24, 0.22, 0.07, 0.14], [4])",-0.0,-0.0,-0.0,-0.0,-0.0,-0.799,-0.799,0.6820611216513999,1.3218518895907585,0.5738512106898749
9,"([0.22, 0.08, 0.05, 0.07, 0.41, 0.17], [5])","([0.12, 0.21, 0.24, 0.22, 0.07, 0.14], [1])",-0.0,-0.0,-0.0,-0.0,-0.0,-0.799,-0.799,0.6820611216513999,1.4401687662119538,0.5752292089624701
10,"([0.22, 0.08, 0.05, 0.07, 0.41, 0.17], [4])","([0.12, 0.21, 0.24, 0.22, 0.07, 0.14], [0])",-0.0,-0.0,-0.0,-0.0,-0.7120000000000001,-0.0,-0.7120000000000001,0.6820611216513999,1.4714856428331493,0.5766072072350653
11,"([0.22, 0.08, 0.06, 0.07, 0.39, 0.17], [4])","([0.12, 0.21, 0.23, 0.22, 0.08, 0.14], [2])",-0.0,-0.0,-0.0,-0.0,-0.7120000000000001,-0.0,-0.7120000000000001,0.6811968809424225,1.5028025194543448,0.5771209647986831
12,"([0.22, 0.09, 0.07, 0.08, 0.38, 0.17], [5])","([0.13, 0.2, 0.23, 0.22, 0.08, 0.15], [3])",-0.0,-0.0,-0.0,-0.0,-0.0,-0.799,-0.799,0.6808832155194395,1.6211193960755401,0.577321056939318
13,"([0.22, 0.09, 0.07, 0.08, 0.38, 0.17], [4])","([0.13, 0.2, 0.23, 0.22, 0.08, 0.15], [5])",-0.0,-0.0,-0.0,-0.0,-0.7120000000000001,-0.0,-0.7120000000000001,0.6808832155194395,1.6524362726967357,0.5775211490799529
14,"([0.22, 0.09, 0.07, 0.08, 0.38, 0.17], [5])","([0.13, 0.2, 0.23, 0.22, 0.08, 0.15], [0])",-0.0,-0.0,-0.0,-0.0,-0.0,-0.799,-0.799,0.6808832155194395,1.770753149317931,0.5777212412205878
15,"([0.22, 0.09, 0.07, 0.08, 0.38, 0.17], [1])","([0.13, 0.2, 0.23, 0.22, 0.08, 0.15], [0])",-0.0,-0.9079999999999999,-0.0,-0.0,-0.0,-0.0,-0.9079999999999999,0.6808832155194395,1.9980700259391262,0.5779213333612226
16,"([0.22, 0.09, 0.07, 0.08, 0.38, 0.17], [0])","([0.13, 0.2, 0.23, 0.22, 0.08, 0.15], [3])",-0.77,-0.0,-0.0,-0.0,-0.0,-0.0,-0.77,0.6808832155194395,2.0873869025603216,0.5781214255018575
17,"([0.22, 0.09, 0.07, 0.08, 0.38, 0.17], [1])","([0.13, 0.2, 0.23, 0.22, 0.08, 0.15], [3])",-0.0,-0.9079999999999999,-0.0,-0.0,-0.0,-0.0,-0.9079999999999999,0.6808832155194395,2.314703779181517,0.5783215176424924
18,"([0.22, 0.09, 0.07, 0.08, 0.38, 0.17], [4])","([0.13, 0.2, 0.23, 0.22, 0.08, 0.15], [5])",-0.0,-0.0,-0.0,-0.0,-0.7120000000000001,-0.0,-0.7120000000000001,0.6808832155194395,2.3460206558027124,0.5785216097831273
19,"([0.22, 0.09, 0.07, 0.08, 0.38, 0.17], [4])","([0.13, 0.2, 0.23, 0.22, 0.08, 0.15], [5])",-0.0,-0.0,-0.0,-0.0,-0.7120000000000001,-0.0,-0.7120000000000001,0.6808832155194395,2.377337532423908,0.5787217019237622
20,"([0.22, 0.09, 0.07, 0.08, 0.38, 0.17], [5])","([0.13, 0.2, 0.23, 0.22, 0.08, 0.15], [5])",-0.0,-0.0,-0.0,-0.0,-0.0,-0.0,0.0,0.6808832155194395,1.6966544090451032,0.578921794064397
21,"([0.22, 0.09, 0.07, 0.08, 0.38, 0.17], [4])","([0.13, 0.2, 0.23, 0.22, 0.08, 0.15], [2])",-0.0,-0.0,-0.0,-0.0,-0.7120000000000001,-0.0,-0.7120000000000001,0.6808832155194395,1.7279712856662988,0.5791218862050319
22,"([0.22, 0.09, 0.07, 0.08, 0.39, 0.17], [0])","([0.13, 0.2, 0.23, 0.21, 0.08, 0.15], [2])",-0.77,-0.0,-0.0,-0.0,-0.0,-0.0,-0.77,0.6808564070764319,1.8172881622874941,0.5792951699026592
23,"([0.22, 0.09, 0.07, 0.08, 0.39, 0.17], [0])","([0.13, 0.2, 0.23, 0.21, 0.08, 0.15], [3])",-0.77,-0.0,-0.0,-0.0,-0.0,-0.0,-0.77,0.6808564070764319,1.9066050389086895,0.5794684536002864
24,"([0.22, 0.09, 0.07, 0.08, 0.39, 0.17], [4])","([0.13, 0.2, 0.23, 0.21, 0.08, 0.15], [4])",-0.0,-0.0,-0.0,-0.0,-0.0,-0.0,0.0,0.6808564070764319,1.2259219155298848,0.5796417372979137
25,"([0.21, 0.09, 0.07, 0.08, 0.37, 0.17], [0])","([0.13, 0.2, 0.22, 0.21, 0.08, 0.15], [2])",-0.77,-0.0,-0.0,-0.0,-0.0,-0.0,-0.77,0.6806835006978247,1.3152387921510802,0.5796421146169337
26,"([0.21, 0.09, 0.07, 0.08, 0.37, 0.17], [5])","([0.13, 0.2, 0.22, 0.21, 0.08, 0.15], [1])",-0.0,-0.0,-0.0,-0.0,-0.0,-0.799,-0.799,0.6806835006978247,1.4335556687722755,0.5796424919359537
27,"([0.21, 0.09, 0.07, 0.08, 0.37, 0.17], [2])","([0.13, 0.2, 0.22, 0.21, 0.08, 0.15], [0])",-0.0,-0.0,-0.9620000000000001,-0.0,-0.0,-0.0,-0.9620000000000001,0.6806835006978247,1.714872545393471,0.5796428692549738
28,"([0.22, 0.09, 0.07, 0.08, 0.39, 0.17], [4])","([0.13, 0.2, 0.23, 0.21, 0.08, 0.15], [4])",-0.0,-0.0,-0.0,-0.0,-0.0,-0.0,0.0,0.6808564070764319,1.0341894220146663,0.579816152952601
29,"([0.21, 0.09, 0.07, 0.08, 0.37, 0.17], [0])","([0.13, 0.2, 0.22, 0.21, 0.08, 0.15], [3])",-0.77,-0.0,-0.0,-0.0,-0.0,-0.0,-0.77,0.6806835006978247,1.1235062986358617,0.5798165302716211
30,"([0.21, 0.09, 0.07, 0.08, 0.37, 0.17], [4])","([0.13, 0.2, 0.22, 0.21, 0.08, 0.15], [2])",-0.0,-0.0,-0.0,-0.0,-0.7120000000000001,-0.0,-0.7120000000000001,0.6806835006978247,1.1548231752570572,0.5798169075906411
31,"([0.21, 0.09, 0.07, 0.08, 0.37, 0.17], [4])","([0.13, 0.2, 0.22, 0.21, 0.08, 0.15], [2])",-0.0,-0.0,-0.0,-0.0,-0.7120000000000001,-0.0,-0.7120000000000001,0.6806835006978247,1.1861400518782528,0.5798172849096611
32,"([0.21, 0.09, 0.07, 0.08, 0.37, 0.17], [5])","([0.13, 0.2, 0.22, 0.21, 0.08, 0.15], [5])",-0.0,-0.0,-0.0,-0.0,-0.0,-0.0,0.0,0.6806835006978247,0.5054569284994481,0.5798176622286811
33,"([0.21, 0.09, 0.07, 0.08, 0.37, 0.17], [0])","([0.13, 0.2, 0.22, 0.21, 0.08, 0.15], [0])",-0.0,-0.0,-0.0,-0.0,-0.0,-0.0,0.0,0.6806835006978247,-0.17522619487935653,0.5798180395477012
34,"([0.21, 0.09, 0.07, 0.08, 0.37, 0.17], [1])","([0.13, 0.2, 0.22, 0.21, 0.08, 0.15], [5])",-0.0,-0.9079999999999999,-0.0,-0.0,-0.0,-0.0,-0.9079999999999999,0.6806835006978247,0.05209068174183873,0.5798184168667212
35,"([0.21, 0.09, 0.07, 0.08, 0.37, 0.17], [1])","([0.13, 0.2, 0.22, 0.21, 0.08, 0.15], [4])",-0.0,-0.9079999999999999,-0.0,-0.0,-0.0,-0.0,-0.9079999999999999,0.6806835006978247,0.279407558363034,0.5798187941857412
36,"([0.22, 0.09, 0.07, 0.08, 0.39, 0.17], [3])","([0.13, 0.2, 0.23, 0.21, 0.08, 0.15], [2])",-0.0,-0.0,-0.0,-0.9329999999999999,-0.0,-0.0,-0.9329999999999999,0.6808564070764319,0.5317244349842293,0.5799920778833685
37,"([0.22, 0.09, 0.07, 0.08, 0.39, 0.17], [4])","([0.13, 0.2, 0.23, 0.21, 0.08, 0.15], [5])",-0.0,-0.0,-0.0,-0.0,-0.7120000000000001,-0.0,-0.7120000000000001,0.6808564070764319,0.5630413116054247,0.5801653615809957
38,"([0.22, 0.09, 0.07, 0.08, 0.39, 0.17], [5])","([0.13, 0.2, 0.23, 0.21, 0.08, 0.15], [0])",-0.0,-0.0,-0.0,-0.0,-0.0,-0.799,-0.799,0.6808564070764319,0.6813581882266201,0.580338645278623
39,"([0.22, 0.09, 0.07, 0.08, 0.39, 0.17], [0])","([0.13, 0.2, 0.23, 0.21, 0.08, 0.15], [1])",-0.77,-0.0,-0.0,-0.0,-0.0,-0.0,-0.77,0.6808564070764319,0.7706750648478154,0.5805119289762503
40,"([0.22, 0.09, 0.07, 0.08, 0.39, 0.17], [4])","([0.13, 0.2, 0.23, 0.21, 0.08, 0.15], [0])",-0.0,-0.0,-0.0,-0.0,-0.7120000000000001,-0.0,-0.7120000000000001,0.6808564070764319,0.8019919414690109,0.5806852126738775
41,"([0.21, 0.09, 0.07, 0.08, 0.37, 0.17], [3])","([0.13, 0.2, 0.22, 0.21, 0.08, 0.15], [4])",-0.0,-0.0,-0.0,-0.9329999999999999,-0.0,-0.0,-0.9329999999999999,0.6806835006978247,1.054308818090206,0.5806855899928975
42,"([0.22, 0.09, 0.07, 0.08, 0.39, 0.17], [3])","([0.13, 0.2, 0.23, 0.21, 0.08, 0.15], [4])",-0.0,-0.0,-0.0,-0.9329999999999999,-0.0,-0.0,-0.9329999999999999,0.6808564070764319,1.3066256947114012,0.5808588736905248
43,"([0.22, 0.09, 0.07, 0.08, 0.39, 0.17], [4])","([0.13, 0.2, 0.23, 0.21, 0.08, 0.15], [1])",-0.0,-0.0,-0.0,-0.0,-0.7120000000000001,-0.0,-0.7120000000000001,0.6808564070764319,1.3379425713325968,0.5810321573881521
44,"([0.22, 0.09, 0.07, 0.08, 0.39, 0.17], [1])","([0.13, 0.2, 0.23, 0.21, 0.08, 0.15], [1])",-0.0,-0.0,-0.0,-0.0,-0.0,-0.0,0.0,0.6808564070764319,0.6572594479537921,0.5812054410857793
45,"([0.22, 0.09, 0.07, 0.08, 0.39, 0.17], [5])","([0.13, 0.2, 0.23, 0.21, 0.08, 0.15], [3])",-0.0,-0.0,-0.0,-0.0,-0.0,-0.799,-0.799,0.6808564070764319,0.7755763245749875,0.5813787247834066
46,"([0.22, 0.09, 0.07, 0.08, 0.39, 0.17], [2])","([0.13, 0.2, 0.23, 0.21, 0.08, 0.15], [1])",-0.0,-0.0,-0.9620000000000001,-0.0,-0.0,-0.0,-0.9620000000000001,0.6808564070764319,1.056893201196183,0.5815520084810338
47,"([0.22, 0.09, 0.07, 0.08, 0.38, 0.17], [5])","([0.13, 0.2, 0.23, 0.22, 0.08, 0.15], [3])",-0.0,-0.0,-0.0,-0.0,-0.0,-0.799,-0.799,0.6808832155194395,1.1752100778173782,0.5817521006216687
48,"([0.22, 0.09, 0.07, 0.08, 0.38, 0.17], [5])","([0.13, 0.2, 0.23, 0.22, 0.08, 0.15], [2])",-0.0,-0.0,-0.0,-0.0,-0.0,-0.799,-0.799,0.6808832155194395,1.2935269544385735,0.5819521927623036
49,"([0.22, 0.09, 0.07, 0.08, 0.38, 0.17], [5])","([0.13, 0.2, 0.23, 0.22, 0.08, 0.15], [1])",-0.0,-0.0,-0.0,-0.0,-0.0,-0.799,-0.799,0.6808832155194395,1.4118438310597687,0.5821522849029385
50,"([0.22, 0.09, 0.07, 0.08, 0.38, 0.17], [4])","([0.13, 0.2, 0.23, 0.22, 0.08, 0.15], [4])",-0.0,-0.0,-0.0,-0.0,-0.0,-0.0,0.0,0.6808832155194395,0.7311607076809641,0.5823523770435733
51,"([0.22, 0.09, 0.07, 0.08, 0.38, 0.17], [3])","([0.13, 0.2, 0.23, 0.22, 0.08, 0.15], [1])",-0.0,-0.0,-0.0,-0.9329999999999999,-0.0,-0.0,-0.9329999999999999,0.6808832155194395,0.9834775843021594,0.5825524691842082
52,"([0.22, 0.09, 0.07, 0.08, 0.38, 0.17], [0])","([0.13, 0.2, 0.23, 0.22, 0.08, 0.15], [3])",-0.77,-0.0,-0.0,-0.0,-0.0,-0.0,-0.77,0.6808832155194395,1.0727944609233546,0.5827525613248431
53,"([0.22, 0.09, 0.07, 0.08, 0.38, 0.17], [5])","([0.13, 0.2, 0.23, 0.22, 0.08, 0.15], [3])",-0.0,-0.0,-0.0,-0.0,-0.0,-0.799,-0.799,0.6808832155194395,1.19111133754455,0.582952653465478
54,"([0.22, 0.09, 0.07, 0.08, 0.38, 0.17], [1])","([0.13, 0.2, 0.23, 0.22, 0.08, 0.15], [1])",-0.0,-0.0,-0.0,-0.0,-0.0,-0.0,0.0,0.6808832155194395,0.5104282141657452,0.5831527456061129
55,"([0.22, 0.09, 0.07, 0.08, 0.38, 0.17], [4])","([0.13, 0.2, 0.23, 0.22, 0.08, 0.15], [2])",-0.0,-0.0,-0.0,-0.0,-0.7120000000000001,-0.0,-0.7120000000000001,0.6808832155194395,0.5417450907869407,0.5833528377467477
56,"([0.22, 0.09, 0.07, 0.08, 0.38, 0.17], [0])","([0.13, 0.2, 0.23, 0.22, 0.08, 0.15], [2])",-0.77,-0.0,-0.0,-0.0,-0.0,-0.0,-0.77,0.6808832155194395,0.631061967408136,0.5835529298873826
57,"([0.22, 0.09, 0.07, 0.08, 0.38, 0.17], [2])","([0.13, 0.2, 0.23, 0.22, 0.08, 0.15], [0])",-0.0,-0.0,-0.9620000000000001,-0.0,-0.0,-0.0,-0.9620000000000001,0.6808832155194395,0.9123788440293314,0.5837530220280175
58,"([0.22, 0.09, 0.07, 0.08, 0.38, 0.17], [1])","([0.13, 0.2, 0.23, 0.22, 0.08, 0.15], [0])",-0.0,-0.9079999999999999,-0.0,-0.0,-0.0,-0.0,-0.9079999999999999,0.6808832155194395,1.1396957206505267,0.5839531141686524
59,"([0.22, 0.09, 0.07, 0.08, 0.38, 0.17], [0])","([0.13, 0.2, 0.23, 0.22, 0.08, 0.15], [4])",-0.77,-0.0,-0.0,-0.0,-0.0,-0.0,-0.77,0.6808832155194395,1.229012597271722,0.5841532063092872
60,"([0.22, 0.09, 0.07, 0.08, 0.38, 0.17], [0])","([0.13, 0.2, 0.23, 0.22, 0.08, 0.15], [1])",-0.77,-0.0,-0.0,-0.0,-0.0,-0.0,-0.77,0.6808832155194395,1.3183294738929174,0.5843532984499221
61,"([0.22, 0.09, 0.07, 0.08, 0.38, 0.17], [3])","([0.13, 0.2, 0.23, 0.22, 0.08, 0.15], [5])",-0.0,-0.0,-0.0,-0.9329999999999999,-0.0,-0.0,-0.9329999999999999,0.6808832155194395,1.5706463505141128,0.584553390590557
62,"([0.22, 0.09, 0.07, 0.08, 0.38, 0.17], [0])","([0.13, 0.2, 0.23, 0.22, 0.08, 0.15], [3])",-0.77,-0.0,-0.0,-0.0,-0.0,-0.0,-0.77,0.6808832155194395,1.6599632271353082,0.5847534827311919
63,"([0.22, 0.09, 0.07, 0.08, 0.38, 0.17], [4])","([0.13, 0.2, 0.23, 0.22, 0.08, 0.15], [0])",-0.0,-0.0,-0.0,-0.0,-0.7120000000000001,-0.0,-0.7120000000000001,0.6808832155194395,1.6912801037565037,0.5849535748718268
64,"([0.22, 0.09, 0.07, 0.08, 0.38, 0.17], [0])","([0.13, 0.2, 0.23, 0.22, 0.08, 0.15], [1])",-0.77,-0.0,-0.0,-0.0,-0.0,-0.0,-0.77,0.6808832155194395,1.780596980377699,0.5851536670124616
65,"([0.22, 0.09, 0.07, 0.08, 0.38, 0.17], [3])","([0.13, 0.2, 0.23, 0.22, 0.08, 0.15], [3])",-0.0,-0.0,-0.0,-0.0,-0.0,-0.0,0.0,0.6808832155194395,1.0999138569988944,0.5853537591530965
66,"([0.22, 0.09, 0.07, 0.08, 0.38, 0.17], [0])","([0.13, 0.2, 0.23, 0.22, 0.08, 0.15], [4])",-0.77,-0.0,-0.0,-0.0,-0.0,-0.0,-0.77,0.6808832155194395,1.1892307336200898,0.5855538512937314
67,"([0.22, 0.09, 0.07, 0.08, 0.38, 0.17], [4])","([0.13, 0.2, 0.23, 0.22, 0.08, 0.15], [2])",-0.0,-0.0,-0.0,-0.0,-0.7120000000000001,-0.0,-0.7120000000000001,0.6808832155194395,1.2205476102412853,0.5857539434343663
68,"([0.22, 0.09, 0.07, 0.08, 0.38, 0.17], [0])","([0.13, 0.2, 0.23, 0.22, 0.08, 0.15], [0])",-0.0,-0.0,-0.0,-0.0,-0.0,-0.0,0.0,0.6808832155194395,0.5398644868624807,0.5859540355750011
69,"([0.22, 0.09, 0.07, 0.08, 0.38, 0.17], [5])","([0.13, 0.2, 0.23, 0.22, 0.08, 0.15], [0])",-0.0,-0.0,-0.0,-0.0,-0.0,-0.799,-0.799,0.6808832155194395,0.6581813634836761,0.586154127715636
70,"([0.22, 0.09, 0.07, 0.08, 0.38, 0.17], [0])","([0.13, 0.2, 0.23, 0.22, 0.08, 0.15], [2])",-0.77,-0.0,-0.0,-0.0,-0.0,-0.0,-0.77,0.6808832155194395,0.7474982401048714,0.5863542198562709
71,"([0.22, 0.09, 0.07, 0.08, 0.38, 0.17], [2])","([0.13, 0.2, 0.23, 0.22, 0.08, 0.15], [2])",-0.0,-0.0,-0.0,-0.0,-0.0,-0.0,0.0,0.6808832155194395,0.06681511672606677,0.5865543119969058
72,"([0.22, 0.09, 0.07, 0.08, 0.38, 0.17], [5])","([0.13, 0.2, 0.23, 0.22, 0.08, 0.15], [5])",-0.0,-0.0,-0.0,-0.0,-0.0,-0.0,0.0,0.6808832155194395,-0.6138680066527379,0.5867544041375407
73,"([0.22, 0.09, 0.07, 0.08, 0.38, 0.17], [3])","([0.13, 0.2, 0.23, 0.22, 0.08, 0.15], [1])",-0.0,-0.0,-0.0,-0.9329999999999999,-0.0,-0.0,-0.9329999999999999,0.6808832155194395,-0.3615511300315426,0.5869544962781755
74,"([0.22, 0.09, 0.07, 0.08, 0.38, 0.17], [5])","([0.13, 0.2, 0.23, 0.22, 0.08, 0.15], [1])",-0.0,-0.0,-0.0,-0.0,-0.0,-0.799,-0.799,0.6808832155194395,-0.2432342534103472,0.5871545884188104
75,"([0.22, 0.09, 0.07, 0.08, 0.38, 0.17], [5])","([0.13, 0.2, 0.23, 0.22, 0.08, 0.15], [2])",-0.0,-0.0,-0.0,-0.0,-0.0,-0.799,-0.799,0.6808832155194395,-0.12491737678915182,0.5873546805594453
76,"([0.22, 0.09, 0.07, 0.08, 0.38, 0.17], [5])","([0.13, 0.2, 0.23, 0.22, 0.08, 0.15], [3])",-0.0,-0.0,-0.0,-0.0,-0.0,-0.799,-0.799,0.6808832155194395,-0.006600500167956436,0.5875547727000802
77,"([0.22, 0.09, 0.07, 0.08, 0.38, 0.17], [2])","([0.13, 0.2, 0.23, 0.22, 0.08, 0.15], [5])",-0.0,-0.0,-0.9620000000000001,-0.0,-0.0,-0.0,-0.9620000000000001,0.6808832155194395,0.274716376453239,0.587754864840715
78,"([0.22, 0.09, 0.07, 0.08, 0.38, 0.17], [4])","([0.13, 0.2, 0.23, 0.22, 0.08, 0.15], [5])",-0.0,-0.0,-0.0,-0.0,-0.7120000000000001,-0.0,-0.7120000000000001,0.6808832155194395,0.3060332530744344,0.5879549569813499
79,"([0.22, 0.09, 0.07, 0.08, 0.38, 0.17], [0])","([0.13, 0.2, 0.23, 0.22, 0.08, 0.15], [5])",-0.77,-0.0,-0.0,-0.0,-0.0,-0.0,-0.77,0.6808832155194395,0.39535012969562977,0.5881550491219848
80,"([0.22, 0.09, 0.07, 0.08, 0.38, 0.17], [0])","([0.13, 0.2, 0.23, 0.22, 0.08, 0.15], [2])",-0.77,-0.0,-0.0,-0.0,-0.0,-0.0,-0.77,0.6808832155194395,0.48466700631682513,0.5883551412626197
81,"([0.22, 0.09, 0.07, 0.08, 0.38, 0.17], [2])","([0.13, 0.2, 0.23, 0.22, 0.08, 0.15], [3])",-0.0,-0.0,-0.9620000000000001,-0.0,-0.0,-0.0,-0.9620000000000001,0.6808832155194395,0.7659838829380206,0.5885552334032546
82,"([0.22, 0.09, 0.07, 0.08, 0.38, 0.17], [0])","([0.13, 0.2, 0.23, 0.22, 0.08, 0.15], [1])",-0.77,-0.0,-0.0,-0.0,-0.0,-0.0,-0.77,0.6808832155194395,0.8553007595592159,0.5887553255438894
83,"([0.22, 0.09, 0.07, 0.08, 0.38, 0.17], [1])","([0.13, 0.2, 0.23, 0.22, 0.08, 0.15], [5])",-0.0,-0.9079999999999999,-0.0,-0.0,-0.0,-0.0,-0.9079999999999999,0.6808832155194395,1.0826176361804112,0.5889554176845243
84,"([0.22, 0.08, 0.06, 0.07, 0.39, 0.17], [5])","([0.12, 0.21, 0.23, 0.22, 0.08, 0.14], [2])",-0.0,-0.0,-0.0,-0.0,-0.0,-0.799,-0.799,0.6811968809424225,1.2009345128016067,0.5894691752481421
85,"([0.22, 0.08, 0.06, 0.07, 0.39, 0.17], [4])","([0.12, 0.21, 0.23, 0.22, 0.08, 0.14], [5])",-0.0,-0.0,-0.0,-0.0,-0.7120000000000001,-0.0,-0.7120000000000001,0.6811968809424225,1.2322513894228022,0.58998293281176
86,"([0.22, 0.09, 0.07, 0.08, 0.38, 0.17], [0])","([0.13, 0.2, 0.23, 0.22, 0.08, 0.15], [4])",-0.77,-0.0,-0.0,-0.0,-0.0,-0.0,-0.77,0.6808832155194395,1.3215682660439976,0.5901830249523948
87,"([0.22, 0.09, 0.07, 0.08, 0.38, 0.17], [2])","([0.13, 0.2, 0.23, 0.22, 0.08, 0.15], [3])",-0.0,-0.0,-0.9620000000000001,-0.0,-0.0,-0.0,-0.9620000000000001,0.6808832155194395,1.602885142665193,0.5903831170930297
88,"([0.22, 0.08, 0.06, 0.07, 0.39, 0.17], [4])","([0.12, 0.21, 0.23, 0.22, 0.08, 0.14], [5])",-0.0,-0.0,-0.0,-0.0,-0.7120000000000001,-0.0,-0.7120000000000001,0.6811968809424225,1.6342020192863886,0.5908968746566475
89,"([0.22, 0.09, 0.07, 0.08, 0.38, 0.17], [5])","([0.13, 0.2, 0.23, 0.22, 0.08, 0.15], [3])",-0.0,-0.0,-0.0,-0.0,-0.0,-0.799,-0.799,0.6808832155194395,1.752518895907584,0.5910969667972824
90,"([0.22, 0.09, 0.07, 0.08, 0.38, 0.17], [4])","([0.13, 0.2, 0.23, 0.22, 0.08, 0.15], [3])",-0.0,-0.0,-0.0,-0.0,-0.7120000000000001,-0.0,-0.7120000000000001,0.6808832155194395,1.7838357725287795,0.5912970589379173
91,"([0.22, 0.09, 0.07, 0.08, 0.38, 0.17], [1])","([0.13, 0.2, 0.23, 0.22, 0.08, 0.15], [0])",-0.0,-0.9079999999999999,-0.0,-0.0,-0.0,-0.0,-0.9079999999999999,0.6808832155194395,2.0111526491499747,0.5914971510785522
92,"([0.22, 0.09, 0.07, 0.08, 0.38, 0.17], [2])","([0.13, 0.2, 0.23, 0.22, 0.08, 0.15], [1])",-0.0,-0.0,-0.9620000000000001,-0.0,-0.0,-0.0,-0.9620000000000001,0.6808832155194395,2.2924695257711702,0.591697243219187
93,"([0.22, 0.08, 0.06, 0.07, 0.39, 0.17], [4])","([0.12, 0.21, 0.23, 0.22, 0.08, 0.14], [3])",-0.0,-0.0,-0.0,-0.0,-0.7120000000000001,-0.0,-0.7120000000000001,0.6811968809424225,2.323786402392366,0.5922110007828049
94,"([0.22, 0.09, 0.07, 0.08, 0.38, 0.17], [1])","([0.13, 0.2, 0.23, 0.22, 0.08, 0.15], [0])",-0.0,-0.9079999999999999,-0.0,-0.0,-0.0,-0.0,-0.9079999999999999,0.6808832155194395,2.551103279013561,0.5924110929234397
95,"([0.22, 0.08, 0.06, 0.07, 0.39, 0.17], [4])","([0.12, 0.21, 0.23, 0.22, 0.08, 0.14], [0])",-0.0,-0.0,-0.0,-0.0,-0.7120000000000001,-0.0,-0.7120000000000001,0.6811968809424225,2.5824201556347566,0.5929248504870576
96,"([0.22, 0.09, 0.07, 0.08, 0.38, 0.17], [2])","([0.13, 0.2, 0.23, 0.22, 0.08, 0.15], [4])",-0.0,-0.0,-0.9620000000000001,-0.0,-0.0,-0.0,-0.9620000000000001,0.6808832155194395,2.863737032255952,0.5931249426276924
97,"([0.22, 0.08, 0.06, 0.07, 0.39, 0.17], [4])","([0.12, 0.21, 0.23, 0.22, 0.08, 0.14], [3])",-0.0,-0.0,-0.0,-0.0,-0.7120000000000001,-0.0,-0.7120000000000001,0.6811968809424225,2.8950539088771476,0.5936387001913103
98,"([0.22, 0.09, 0.07, 0.08, 0.38, 0.17], [1])","([0.13, 0.2, 0.23, 0.22, 0.08, 0.15], [2])",-0.0,-0.9079999999999999,-0.0,-0.0,-0.0,-0.0,-0.9079999999999999,0.6808832155194395,3.122370785498343,0.5938387923319451
99,"([0.22, 0.08, 0.06, 0.07, 0.39, 0.17], [4])","([0.12, 0.21, 0.23, 0.22, 0.08, 0.14], [4])",-0.0,-0.0,-0.0,-0.0,-0.0,-0.0,0.0,0.6811968809424225,2.4416876621195382,0.594352549895563
100,"([0.22, 0.09, 0.07, 0.08, 0.38, 0.17], [5])","([0.13, 0.2, 0.23, 0.22, 0.08, 0.15], [5])",-0.0,-0.0,-0.0,-0.0,-0.0,-0.0,0.0,0.6808832155194395,1.7610045387407336,0.5945526420361978
101,"([0.22, 0.09, 0.07, 0.08, 0.38, 0.17], [0])","([0.13, 0.2, 0.23, 0.22, 0.08, 0.15], [3])",-0.77,-0.0,-0.0,-0.0,-0.0,-0.0,-0.77,0.6808832155194395,1.850321415361929,0.5947527341768327
102,"([0.22, 0.09, 0.07, 0.08, 0.38, 0.17], [4])","([0.13, 0.2, 0.23, 0.22, 0.08, 0.15], [2])",-0.0,-0.0,-0.0,-0.0,-0.7120000000000001,-0.0,-0.7120000000000001,0.6808832155194395,1.8816382919831245,0.5949528263174676
103,"([0.22, 0.09, 0.07, 0.08, 0.38, 0.17], [4])","([0.13, 0.2, 0.23, 0.22, 0.08, 0.15], [1])",-0.0,-0.0,-0.0,-0.0,-0.7120000000000001,-0.0,-0.7120000000000001,0.6808832155194395,1.91295516860432,0.5951529184581025
104,"([0.22, 0.09, 0.07, 0.08, 0.38, 0.17], [1])","([0.13, 0.2, 0.23, 0.22, 0.08, 0.15], [4])",-0.0,-0.9079999999999999,-0.0,-0.0,-0.0,-0.0,-0.9079999999999999,0.6808832155194395,2.1402720452255153,0.5953530105987374
105,"([0.22, 0.09, 0.07, 0.08, 0.38, 0.17], [5])","([0.13, 0.2, 0.23, 0.22, 0.08, 0.15], [1])",-0.0,-0.0,-0.0,-0.0,-0.0,-0.799,-0.799,0.6808832155194395,2.2585889218467106,0.5955531027393722
106,"([0.22, 0.09, 0.07, 0.08, 0.38, 0.17], [0])","([0.13, 0.2, 0.23, 0.22, 0.08, 0.15], [0])",-0.0,-0.0,-0.0,-0.0,-0.0,-0.0,0.0,0.6808832155194395,1.577905798467906,0.5957531948800071
107,"([0.22, 0.09, 0.07, 0.08, 0.38, 0.17], [0])","([0.13, 0.2, 0.23, 0.22, 0.08, 0.15], [3])",-0.77,-0.0,-0.0,-0.0,-0.0,-0.0,-0.77,0.6808832155194395,1.6672226750891013,0.595953287020642
108,"([0.22, 0.09, 0.07, 0.08, 0.38, 0.17], [1])","([0.13, 0.2, 0.23, 0.22, 0.08, 0.15], [3])",-0.0,-0.9079999999999999,-0.0,-0.0,-0.0,-0.0,-0.9079999999999999,0.6808832155194395,1.8945395517102965,0.5961533791612769
109,"([0.22, 0.09, 0.07, 0.08, 0.38, 0.17], [0])","([0.13, 0.2, 0.23, 0.22, 0.08, 0.15], [2])",-0.77,-0.0,-0.0,-0.0,-0.0,-0.0,-0.77,0.6808832155194395,1.983856428331492,0.5963534713019117
110,"([0.22, 0.09, 0.07, 0.08, 0.38, 0.17], [0])","([0.13, 0.2, 0.23, 0.22, 0.08, 0.15], [4])",-0.77,-0.0,-0.0,-0.0,-0.0,-0.0,-0.77,0.6808832155194395,2.0731733049526873,0.5965535634425466
111,"([0.22, 0.09, 0.07, 0.08, 0.38, 0.17], [1])","([0.13, 0.2, 0.23, 0.22, 0.08, 0.15], [2])",-0.0,-0.9079999999999999,-0.0,-0.0,-0.0,-0.0,-0.9079999999999999,0.6808832155194395,2.3004901815738825,0.5967536555831815
112,"([0.22, 0.09, 0.07, 0.08, 0.38, 0.17], [4])","([0.13, 0.2, 0.23, 0.22, 0.08, 0.15], [4])",-0.0,-0.0,-0.0,-0.0,-0.0,-0.0,0.0,0.6808832155194395,1.6198070581950779,0.5969537477238164
113,"([0.22, 0.09, 0.07, 0.08, 0.38, 0.17], [0])","([0.13, 0.2, 0.23, 0.22, 0.08, 0.15], [1])",-0.77,-0.0,-0.0,-0.0,-0.0,-0.0,-0.77,0.6808832155194395,1.7091239348162732,0.5971538398644513
114,"([0.22, 0.09, 0.07, 0.08, 0.38, 0.17], [0])","([0.13, 0.2, 0.23, 0.22, 0.08, 0.15], [1])",-0.77,-0.0,-0.0,-0.0,-0.0,-0.0,-0.77,0.6808832155194395,1.7984408114374686,0.5973539320050861
115,"([0.22, 0.09, 0.07, 0.08, 0.38, 0.17], [5])","([0.13, 0.2, 0.23, 0.22, 0.08, 0.15], [2])",-0.0,-0.0,-0.0,-0.0,-0.0,-0.799,-0.799,0.6808832155194395,1.9167576880586639,0.597554024145721
116,"([0.22, 0.09, 0.07, 0.08, 0.38, 0.17], [5])","([0.13, 0.2, 0.23, 0.22, 0.08, 0.15], [1])",-0.0,-0.0,-0.0,-0.0,-0.0,-0.799,-0.799,0.6808832155194395,2.035074564679859,0.5977541162863559
117,"([0.22, 0.09, 0.07, 0.08, 0.38, 0.17], [4])","([0.13, 0.2, 0.23, 0.22, 0.08, 0.15], [2])",-0.0,-0.0,-0.0,-0.0,-0.7120000000000001,-0.0,-0.7120000000000001,0.6808832155194395,2.0663914413010547,0.5979542084269908
118,"([0.22, 0.09, 0.07, 0.08, 0.38, 0.17], [4])","([0.13, 0.2, 0.23, 0.22, 0.08, 0.15], [3])",-0.0,-0.0,-0.0,-0.0,-0.7120000000000001,-0.0,-0.7120000000000001,0.6808832155194395,2.09770831792225,0.5981543005676256
119,"([0.22, 0.09, 0.07, 0.08, 0.38, 0.17], [0])","([0.13, 0.2, 0.23, 0.22, 0.08, 0.15], [5])",-0.77,-0.0,-0.0,-0.0,-0.0,-0.0,-0.77,0.6808832155194395,2.1870251945434456,0.5983543927082605
120,"([0.22, 0.09, 0.07, 0.08, 0.38, 0.17], [2])","([0.13, 0.2, 0.23, 0.22, 0.08, 0.15], [5])",-0.0,-0.0,-0.9620000000000001,-0.0,-0.0,-0.0,-0.9620000000000001,0.6808832155194395,2.468342071164641,0.5985544848488954
121,"([0.22, 0.09, 0.07, 0.08, 0.38, 0.17], [4])","([0.13, 0.2, 0.23, 0.22, 0.08, 0.15], [1])",-0.0,-0.0,-0.0,-0.0,-0.7120000000000001,-0.0,-0.7120000000000001,0.6808832155194395,2.4996589477858366,0.5987545769895303
122,"([0.22, 0.09, 0.07, 0.08, 0.38, 0.17], [5])","([0.13, 0.2, 0.23, 0.22, 0.08, 0.15], [2])",-0.0,-0.0,-0.0,-0.0,-0.0,-0.799,-0.799,0.6808832155194395,2.617975824407032,0.5989546691301652
123,"([0.22, 0.09, 0.07, 0.08, 0.38, 0.17], [5])","([0.13, 0.2, 0.23, 0.22, 0.08, 0.15], [1])",-0.0,-0.0,-0.0,-0.0,-0.0,-0.799,-0.799,0.6808832155194395,2.736292701028227,0.5991547612708
124,"([0.22, 0.09, 0.07, 0.08, 0.38, 0.17], [5])","([0.13, 0.2, 0.23, 0.22, 0.08, 0.15], [2])",-0.0,-0.0,-0.0,-0.0,-0.0,-0.799,-0.799,0.6808832155194395,2.8546095776494225,0.5993548534114349
125,"([0.22, 0.09, 0.07, 0.08, 0.38, 0.17], [0])","([0.13, 0.2, 0.23, 0.22, 0.08, 0.15], [0])",-0.0,-0.0,-0.0,-0.0,-0.0,-0.0,0.0,0.6808832155194395,2.173926454270618,0.5995549455520698
126,"([0.22, 0.09, 0.07, 0.08, 0.38, 0.17], [4])","([0.13, 0.2, 0.23, 0.22, 0.08, 0.15], [5])",-0.0,-0.0,-0.0,-0.0,-0.7120000000000001,-0.0,-0.7120000000000001,0.6808832155194395,2.2052433308918133,0.5997550376927047
127,"([0.22, 0.09, 0.07, 0.08, 0.38, 0.17], [4])","([0.13, 0.2, 0.23, 0.22, 0.08, 0.15], [2])",-0.0,-0.0,-0.0,-0.0,-0.7120000000000001,-0.0,-0.7120000000000001,0.6808832155194395,2.236560207513009,0.5999551298333395
128,"([0.22, 0.09, 0.07, 0.08, 0.38, 0.17], [2])","([0.13, 0.2, 0.23, 0.22, 0.08, 0.15], [2])",-0.0,-0.0,-0.0,-0.0,-0.0,-0.0,0.0,0.6808832155194395,1.5558770841342042,0.6001552219739744
129,"([0.22, 0.09, 0.07, 0.08, 0.38, 0.17], [4])","([0.13, 0.2, 0.23, 0.22, 0.08, 0.15], [2])",-0.0,-0.0,-0.0,-0.0,-0.7120000000000001,-0.0,-0.7120000000000001,0.6808832155194395,1.5871939607553998,0.6003553141146093
130,"([0.22, 0.09, 0.07, 0.08, 0.38, 0.17], [0])","([0.13, 0.2, 0.23, 0.22, 0.08, 0.15], [0])",-0.0,-0.0,-0.0,-0.0,-0.0,-0.0,0.0,0.6808832155194395,0.9065108373765951,0.6005554062552442
131,"([0.22, 0.09, 0.07, 0.08, 0.38, 0.17], [5])","([0.13, 0.2, 0.23, 0.22, 0.08, 0.15], [2])",-0.0,-0.0,-0.0,-0.0,-0.0,-0.799,-0.799,0.6808832155194395,1.0248277139977904,0.600755498395879
132,"([0.22, 0.09, 0.07, 0.08, 0.38, 0.17], [2])","([0.13, 0.2, 0.23, 0.22, 0.08, 0.15], [4])",-0.0,-0.0,-0.9620000000000001,-0.0,-0.0,-0.0,-0.9620000000000001,0.6808832155194395,1.306144590618986,0.6009555905365139
133,"([0.22, 0.09, 0.07, 0.08, 0.38, 0.17], [4])","([0.13, 0.2, 0.23, 0.22, 0.08, 0.15], [3])",-0.0,-0.0,-0.0,-0.0,-0.7120000000000001,-0.0,-0.7120000000000001,0.6808832155194395,1.3374614672401814,0.6011556826771488
134,"([0.22, 0.09, 0.07, 0.08, 0.38, 0.17], [4])","([0.13, 0.2, 0.23, 0.22, 0.08, 0.15], [1])",-0.0,-0.0,-0.0,-0.0,-0.7120000000000001,-0.0,-0.7120000000000001,0.6808832155194395,1.368778343861377,0.6013557748177837
135,"([0.22, 0.09, 0.07, 0.08, 0.38, 0.17], [5])","([0.13, 0.2, 0.23, 0.22, 0.08, 0.15], [3])",-0.0,-0.0,-0.0,-0.0,-0.0,-0.799,-0.799,0.6808832155194395,1.4870952204825723,0.6015558669584186
136,"([0.22, 0.09, 0.07, 0.08, 0.38, 0.17], [4])","([0.13, 0.2, 0.23, 0.22, 0.08, 0.15], [0])",-0.0,-0.0,-0.0,-0.0,-0.7120000000000001,-0.0,-0.7120000000000001,0.6808832155194395,1.5184120971037678,0.6017559590990534
137,"([0.22, 0.09, 0.07, 0.08, 0.38, 0.17], [5])","([0.13, 0.2, 0.23, 0.22, 0.08, 0.15], [5])",-0.0,-0.0,-0.0,-0.0,-0.0,-0.0,0.0,0.6808832155194395,0.8377289737249631,0.6019560512396883
138,"([0.22, 0.09, 0.07, 0.08, 0.38, 0.17], [1])","([0.13, 0.2, 0.23, 0.22, 0.08, 0.15], [2])",-0.0,-0.9079999999999999,-0.0,-0.0,-0.0,-0.0,-0.9079999999999999,0.6808832155194395,1.0650458503461584,0.6021561433803232
139,"([0.22, 0.09, 0.07, 0.08, 0.38, 0.17], [4])","([0.13, 0.2, 0.23, 0.22, 0.08, 0.15], [0])",-0.0,-0.0,-0.0,-0.0,-0.7120000000000001,-0.0,-0.7120000000000001,0.6808832155194395,1.096362726967354,0.6023562355209581
140,"([0.22, 0.09, 0.07, 0.08, 0.38, 0.17], [0])","([0.13, 0.2, 0.23, 0.22, 0.08, 0.15], [5])",-0.77,-0.0,-0.0,-0.0,-0.0,-0.0,-0.77,0.6808832155194395,1.1856796035885493,0.602556327661593
141,"([0.22, 0.09, 0.07, 0.08, 0.38, 0.17], [0])","([0.13, 0.2, 0.23, 0.22, 0.08, 0.15], [1])",-0.77,-0.0,-0.0,-0.0,-0.0,-0.0,-0.77,0.6808832155194395,1.2749964802097447,0.6027564198022278
142,"([0.22, 0.09, 0.07, 0.08, 0.38, 0.17], [4])","([0.13, 0.2, 0.23, 0.22, 0.08, 0.15], [0])",-0.0,-0.0,-0.0,-0.0,-0.7120000000000001,-0.0,-0.7120000000000001,0.6808832155194395,1.3063133568309402,0.6029565119428627
143,"([0.22, 0.09, 0.07, 0.08, 0.38, 0.17], [4])","([0.13, 0.2, 0.23, 0.22, 0.08, 0.15], [5])",-0.0,-0.0,-0.0,-0.0,-0.7120000000000001,-0.0,-0.7120000000000001,0.6808832155194395,1.3376302334521357,0.6031566040834976
144,"([0.22, 0.09, 0.07, 0.08, 0.38, 0.17], [4])","([0.13, 0.2, 0.23, 0.22, 0.08, 0.15], [5])",-0.0,-0.0,-0.0,-0.0,-0.7120000000000001,-0.0,-0.7120000000000001,0.6808832155194395,1.3689471100733313,0.6033566962241325
145,"([0.22, 0.09, 0.07, 0.08, 0.39, 0.17], [4])","([0.13, 0.2, 0.23, 0.21, 0.08, 0.15], [3])",-0.0,-0.0,-0.0,-0.0,-0.7120000000000001,-0.0,-0.7120000000000001,0.6808564070764319,1.4002639866945268,0.6035299799217597
146,"([0.22, 0.09, 0.07, 0.08, 0.39, 0.17], [1])","([0.13, 0.2, 0.23, 0.21, 0.08, 0.15], [1])",-0.0,-0.0,-0.0,-0.0,-0.0,-0.0,0.0,0.6808564070764319,0.7195808633157221,0.603703263619387
147,"([0.22, 0.09, 0.07, 0.08, 0.39, 0.17], [4])","([0.13, 0.2, 0.23, 0.21, 0.08, 0.15], [0])",-0.0,-0.0,-0.0,-0.0,-0.7120000000000001,-0.0,-0.7120000000000001,0.6808564070764319,0.7508977399369176,0.6038765473170142
148,"([0.22, 0.09, 0.07, 0.08, 0.39, 0.17], [3])","([0.13, 0.2, 0.23, 0.21, 0.08, 0.15], [2])",-0.0,-0.0,-0.0,-0.9329999999999999,-0.0,-0.0,-0.9329999999999999,0.6808564070764319,1.0032146165581128,0.6040498310146415
149,"([0.22, 0.09, 0.07, 0.08, 0.39, 0.17], [1])","([0.13, 0.2, 0.23, 0.21, 0.08, 0.15], [0])",-0.0,-0.9079999999999999,-0.0,-0.0,-0.0,-0.0,-0.9079999999999999,0.6808564070764319,1.230531493179308,0.6042231147122687
150,"([0.22, 0.09, 0.07, 0.08, 0.38, 0.17], [4])","([0.13, 0.2, 0.23, 0.22, 0.08, 0.15], [3])",-0.0,-0.0,-0.0,-0.0,-0.7120000000000001,-0.0,-0.7120000000000001,0.6808832155194395,1.2618483698005036,0.6044232068529036
151,"([0.22, 0.09, 0.07, 0.08, 0.39, 0.17], [0])","([0.13, 0.2, 0.23, 0.21, 0.08, 0.15], [2])",-0.77,-0.0,-0.0,-0.0,-0.0,-0.0,-0.77,0.6808564070764319,1.351165246421699,0.6045964905505309
152,"([0.22, 0.09, 0.07, 0.08, 0.39, 0.17], [4])","([0.13, 0.2, 0.23, 0.21, 0.08, 0.15], [0])",-0.0,-0.0,-0.0,-0.0,-0.7120000000000001,-0.0,-0.7120000000000001,0.6808564070764319,1.3824821230428945,0.6047697742481581
153,"([0.22, 0.09, 0.07, 0.08, 0.39, 0.17], [0])","([0.13, 0.2, 0.23, 0.21, 0.08, 0.15], [0])",-0.0,-0.0,-0.0,-0.0,-0.0,-0.0,0.0,0.6808564070764319,0.7017989996640899,0.6049430579457854
154,"([0.22, 0.09, 0.07, 0.08, 0.39, 0.17], [3])","([0.13, 0.2, 0.23, 0.21, 0.08, 0.15], [3])",-0.0,-0.0,-0.0,-0.0,-0.0,-0.0,0.0,0.6808564070764319,0.021115876285285218,0.6051163416434127
155,"([0.22, 0.09, 0.07, 0.08, 0.39, 0.17], [4])","([0.13, 0.2, 0.23, 0.21, 0.08, 0.15], [1])",-0.0,-0.0,-0.0,-0.0,-0.7120000000000001,-0.0,-0.7120000000000001,0.6808564070764319,0.05243275290648064,0.6052896253410399
156,"([0.22, 0.09, 0.07, 0.08, 0.39, 0.17], [3])","([0.13, 0.2, 0.23, 0.21, 0.08, 0.15], [0])",-0.0,-0.0,-0.0,-0.9329999999999999,-0.0,-0.0,-0.9329999999999999,0.6808564070764319,0.3047496295276759,0.6054629090386672
157,"([0.22, 0.09, 0.07, 0.08, 0.39, 0.17], [3])","([0.13, 0.2, 0.23, 0.21, 0.08, 0.15], [3])",-0.0,-0.0,-0.0,-0.0,-0.0,-0.0,0.0,0.6808564070764319,-0.37593349385112873,0.6056361927362944
158,"([0.22, 0.09, 0.07, 0.08, 0.38, 0.17], [4])","([0.13, 0.2, 0.23, 0.22, 0.08, 0.15], [3])",-0.0,-0.0,-0.0,-0.0,-0.7120000000000001,-0.0,-0.7120000000000001,0.6808832155194395,-0.3446166172299333,0.6058362848769293
159,"([0.22, 0.09, 0.07, 0.08, 0.39, 0.17], [4])","([0.13, 0.2, 0.23, 0.21, 0.08, 0.15], [5])",-0.0,-0.0,-0.0,-0.0,-0.7120000000000001,-0.0,-0.7120000000000001,0.6808564070764319,-0.3132997406087379,0.6060095685745566
160,"([0.22, 0.09, 0.07, 0.08, 0.39, 0.17], [5])","([0.13, 0.2, 0.23, 0.21, 0.08, 0.15], [2])",-0.0,-0.0,-0.0,-0.0,-0.0,-0.799,-0.799,0.6808564070764319,-0.1949828639875425,0.6061828522721838
161,"([0.22, 0.09, 0.07, 0.08, 0.39, 0.17], [5])","([0.13, 0.2, 0.23, 0.21, 0.08, 0.15], [1])",-0.0,-0.0,-0.0,-0.0,-0.0,-0.799,-0.799,0.6808564070764319,-0.07666598736634711,0.6063561359698111
162,"([0.22, 0.09, 0.07, 0.08, 0.39, 0.17], [0])","([0.13, 0.2, 0.23, 0.21, 0.08, 0.15], [1])",-0.77,-0.0,-0.0,-0.0,-0.0,-0.0,-0.77,0.6808564070764319,0.012650889254848252,0.6065294196674383
163,"([0.22, 0.09, 0.07, 0.08, 0.39, 0.17], [4])","([0.13, 0.2, 0.23, 0.21, 0.08, 0.15], [4])",-0.0,-0.0,-0.0,-0.0,-0.0,-0.0,0.0,0.6808564070764319,-0.6680322341239564,0.6067027033650656
164,"([0.22, 0.09, 0.07, 0.08, 0.39, 0.17], [0])","([0.13, 0.2, 0.23, 0.21, 0.08, 0.15], [3])",-0.77,-0.0,-0.0,-0.0,-0.0,-0.0,-0.77,0.6808564070764319,-0.578715357502761,0.6068759870626929
165,"([0.22, 0.09, 0.07, 0.08, 0.39, 0.17], [4])","([0.13, 0.2, 0.23, 0.21, 0.08, 0.15], [4])",-0.0,-0.0,-0.0,-0.0,-0.0,-0.0,0.0,0.6808564070764319,-1.2593984808815657,0.6070492707603201
166,"([0.22, 0.09, 0.07, 0.08, 0.39, 0.17], [4])","([0.13, 0.2, 0.23, 0.21, 0.08, 0.15], [1])",-0.0,-0.0,-0.0,-0.0,-0.7120000000000001,-0.0,-0.7120000000000001,0.6808564070764319,-1.2280816042603702,0.6072225544579474
167,"([0.22, 0.09, 0.07, 0.08, 0.39, 0.17], [4])","([0.13, 0.2, 0.23, 0.21, 0.08, 0.15], [1])",-0.0,-0.0,-0.0,-0.0,-0.7120000000000001,-0.0,-0.7120000000000001,0.6808564070764319,-1.1967647276391746,0.6073958381555746
168,"([0.22, 0.09, 0.07, 0.08, 0.39, 0.17], [1])","([0.13, 0.2, 0.23, 0.21, 0.08, 0.15], [3])",-0.0,-0.9079999999999999,-0.0,-0.0,-0.0,-0.0,-0.9079999999999999,0.6808564070764319,-0.9694478510179794,0.6075691218532019
169,"([0.22, 0.09, 0.07, 0.08, 0.39, 0.17], [5])","([0.13, 0.2, 0.23, 0.21, 0.08, 0.15], [5])",-0.0,-0.0,-0.0,-0.0,-0.0,-0.0,0.0,0.6808564070764319,-1.650130974396784,0.6077424055508291
170,"([0.22, 0.09, 0.07, 0.08, 0.39, 0.17], [3])","([0.13, 0.2, 0.23, 0.21, 0.08, 0.15], [5])",-0.0,-0.0,-0.0,-0.9329999999999999,-0.0,-0.0,-0.9329999999999999,0.6808564070764319,-1.3978140977755888,0.6079156892484564
171,"([0.22, 0.09, 0.07, 0.08, 0.39, 0.17], [0])","([0.13, 0.2, 0.23, 0.21, 0.08, 0.15], [1])",-0.77,-0.0,-0.0,-0.0,-0.0,-0.0,-0.77,0.6808564070764319,-1.3084972211543935,0.6080889729460837
172,"([0.22, 0.09, 0.07, 0.08, 0.39, 0.17], [5])","([0.13, 0.2, 0.23, 0.21, 0.08, 0.15], [1])",-0.0,-0.0,-0.0,-0.0,-0.0,-0.799,-0.799,0.6808564070764319,-1.1901803445331982,0.6082622566437109
173,"([0.22, 0.09, 0.07, 0.08, 0.39, 0.17], [1])","([0.13, 0.2, 0.23, 0.21, 0.08, 0.15], [3])",-0.0,-0.9079999999999999,-0.0,-0.0,-0.0,-0.0,-0.9079999999999999,0.6808564070764319,-0.962863467912003,0.6084355403413382
174,"([0.22, 0.09, 0.07, 0.08, 0.39, 0.17], [4])","([0.13, 0.2, 0.23, 0.21, 0.08, 0.15], [5])",-0.0,-0.0,-0.0,-0.0,-0.7120000000000001,-0.0,-0.7120000000000001,0.6808564070764319,-0.9315465912908075,0.6086088240389654
175,"([0.22, 0.09, 0.07, 0.08, 0.39, 0.17], [4])","([0.13, 0.2, 0.23, 0.21, 0.08, 0.15], [3])",-0.0,-0.0,-0.0,-0.0,-0.7120000000000001,-0.0,-0.7120000000000001,0.6808564070764319,-0.9002297146696121,0.6087821077365927
176,"([0.22, 0.09, 0.07, 0.08, 0.39, 0.17], [0])","([0.13, 0.2, 0.23, 0.21, 0.08, 0.15], [1])",-0.77,-0.0,-0.0,-0.0,-0.0,-0.0,-0.77,0.6808564070764319,-0.8109128380484167,0.60895539143422
177,"([0.22, 0.09, 0.07, 0.08, 0.39, 0.17], [4])","([0.13, 0.2, 0.23, 0.21, 0.08, 0.15], [5])",-0.0,-0.0,-0.0,-0.0,-0.7120000000000001,-0.0,-0.7120000000000001,0.6808564070764319,-0.7795959614272213,0.6091286751318472
178,"([0.22, 0.09, 0.07, 0.08, 0.39, 0.17], [5])","([0.13, 0.2, 0.23, 0.21, 0.08, 0.15], [3])",-0.0,-0.0,-0.0,-0.0,-0.0,-0.799,-0.799,0.6808564070764319,-0.6612790848060259,0.6093019588294745
179,"([0.22, 0.09, 0.07, 0.08, 0.39, 0.17], [4])","([0.13, 0.2, 0.23, 0.21, 0.08, 0.15], [1])",-0.0,-0.0,-0.0,-0.0,-0.7120000000000001,-0.0,-0.7120000000000001,0.6808564070764319,-0.6299622081848305,0.6094752425271017
180,"([0.22, 0.09, 0.07, 0.08, 0.39, 0.17], [4])","([0.13, 0.2, 0.23, 0.21, 0.08, 0.15], [3])",-0.0,-0.0,-0.0,-0.0,-0.7120000000000001,-0.0,-0.7120000000000001,0.6808564070764319,-0.5986453315636351,0.609648526224729
181,"([0.22, 0.09, 0.07, 0.08, 0.39, 0.17], [4])","([0.13, 0.2, 0.23, 0.21, 0.08, 0.15], [1])",-0.0,-0.0,-0.0,-0.0,-0.7120000000000001,-0.0,-0.7120000000000001,0.6808564070764319,-0.5673284549424397,0.6098218099223562
182,"([0.22, 0.09, 0.07, 0.08, 0.39, 0.17], [5])","([0.13, 0.2, 0.23, 0.21, 0.08, 0.15], [3])",-0.0,-0.0,-0.0,-0.0,-0.0,-0.799,-0.799,0.6808564070764319,-0.4490115783212443,0.6099950936199835
183,"([0.22, 0.09, 0.07, 0.08, 0.39, 0.17], [5])","([0.13, 0.2, 0.23, 0.21, 0.08, 0.15], [0])",-0.0,-0.0,-0.0,-0.0,-0.0,-0.799,-0.799,0.6808564070764319,-0.3306947017000489,0.6101683773176108
184,"([0.22, 0.09, 0.07, 0.08, 0.39, 0.17], [0])","([0.13, 0.2, 0.23, 0.21, 0.08, 0.15], [0])",-0.0,-0.0,-0.0,-0.0,-0.0,-0.0,0.0,0.6808564070764319,-1.0113778250788537,0.610341661015238
185,"([0.22, 0.09, 0.07, 0.08, 0.39, 0.17], [0])","([0.13, 0.2, 0.23, 0.21, 0.08, 0.15], [1])",-0.77,-0.0,-0.0,-0.0,-0.0,-0.0,-0.77,0.6808564070764319,-0.9220609484576583,0.6105149447128653
186,"([0.22, 0.09, 0.07, 0.08, 0.39, 0.17], [2])","([0.13, 0.2, 0.23, 0.21, 0.08, 0.15], [0])",-0.0,-0.0,-0.9620000000000001,-0.0,-0.0,-0.0,-0.9620000000000001,0.6808564070764319,-0.6407440718364629,0.6106882284104925
187,"([0.22, 0.09, 0.07, 0.08, 0.39, 0.17], [0])","([0.13, 0.2, 0.23, 0.21, 0.08, 0.15], [5])",-0.77,-0.0,-0.0,-0.0,-0.0,-0.0,-0.77,0.6808564070764319,-0.5514271952152675,0.6108615121081198
188,"([0.22, 0.09, 0.07, 0.08, 0.39, 0.17], [5])","([0.13, 0.2, 0.23, 0.21, 0.08, 0.15], [5])",-0.0,-0.0,-0.0,-0.0,-0.0,-0.0,0.0,0.6808564070764319,-1.232110318594072,0.611034795805747
189,"([0.22, 0.09, 0.07, 0.08, 0.39, 0.17], [5])","([0.13, 0.2, 0.23, 0.21, 0.08, 0.15], [2])",-0.0,-0.0,-0.0,-0.0,-0.0,-0.799,-0.799,0.6808564070764319,-1.1137934419728768,0.6112080795033743
190,"([0.22, 0.09, 0.07, 0.08, 0.39, 0.17], [0])","([0.13, 0.2, 0.23, 0.21, 0.08, 0.15], [3])",-0.77,-0.0,-0.0,-0.0,-0.0,-0.0,-0.77,0.6808564070764319,-1.0244765653516814,0.6113813632010016
191,"([0.22, 0.09, 0.07, 0.08, 0.39, 0.17], [4])","([0.13, 0.2, 0.23, 0.21, 0.08, 0.15], [2])",-0.0,-0.0,-0.0,-0.0,-0.7120000000000001,-0.0,-0.7120000000000001,0.6808564070764319,-0.993159688730486,0.6115546468986288
192,"([0.22, 0.09, 0.07, 0.08, 0.39, 0.17], [0])","([0.13, 0.2, 0.23, 0.21, 0.08, 0.15], [2])",-0.77,-0.0,-0.0,-0.0,-0.0,-0.0,-0.77,0.6808564070764319,-0.9038428121092906,0.6117279305962561
193,"([0.22, 0.09, 0.07, 0.08, 0.39, 0.17], [4])","([0.13, 0.2, 0.23, 0.21, 0.08, 0.15], [0])",-0.0,-0.0,-0.0,-0.0,-0.7120000000000001,-0.0,-0.7120000000000001,0.6808564070764319,-0.8725259354880952,0.6119012142938833
194,"([0.22, 0.09, 0.07, 0.08, 0.39, 0.17], [0])","([0.13, 0.2, 0.23, 0.21, 0.08, 0.15], [0])",-0.0,-0.0,-0.0,-0.0,-0.0,-0.0,0.0,0.6808564070764319,-1.5532090588668999,0.6120744979915106
195,"([0.22, 0.09, 0.07, 0.08, 0.39, 0.17], [0])","([0.13, 0.2, 0.23, 0.21, 0.08, 0.15], [2])",-0.77,-0.0,-0.0,-0.0,-0.0,-0.0,-0.77,0.6808564070764319,-1.4638921822457045,0.6122477816891378
196,"([0.22, 0.09, 0.07, 0.08, 0.39, 0.17], [2])","([0.13, 0.2, 0.23, 0.21, 0.08, 0.15], [0])",-0.0,-0.0,-0.9620000000000001,-0.0,-0.0,-0.0,-0.9620000000000001,0.6808564070764319,-1.1825753056245092,0.6124210653867651
197,"([0.22, 0.09, 0.07, 0.08, 0.39, 0.17], [4])","([0.13, 0.2, 0.23, 0.21, 0.08, 0.15], [1])",-0.0,-0.0,-0.0,-0.0,-0.7120000000000001,-0.0,-0.7120000000000001,0.6808564070764319,-1.1512584290033137,0.6125943490843924
198,"([0.22, 0.09, 0.07, 0.08, 0.39, 0.17], [1])","([0.13, 0.2, 0.23, 0.21, 0.08, 0.15], [1])",-0.0,-0.0,-0.0,-0.0,-0.0,-0.0,0.0,0.6808564070764319,-1.8319415523821183,0.6127676327820196
199,"([0.22, 0.09, 0.07, 0.08, 0.39, 0.17], [4])","([0.13, 0.2, 0.23, 0.21, 0.08, 0.15], [2])",-0.0,-0.0,-0.0,-0.0,-0.7120000000000001,-0.0,-0.7120000000000001,0.6808564070764319,-1.8006246757609228,0.6129409164796469
