,sto-1,FB-0,feedback target 0,feedback target 1,feedback target 2,feedback target 3,feedback target 4,total,target_observed?,exp_loss,actual_regret,exp_regret
0,"([0.2, 0.2, 0.2, 0.2, 0.2], [0])","([1, 0, 0, 0, 0], [0])",-0.0,-0.0,-0.0,-0.0,-0.0,0.0,observed,0.7014,-0.6828000000000001,0.01859999999999995
1,"([0.2, 0.2, 0.2, 0.2, 0.2], [4])","([1, 0, 0, 0, 0], [0])",-0.0,-0.0,-0.0,-0.0,-0.6940000000000001,-0.6940000000000001,observed,0.7014,-0.6716000000000001,0.0371999999999999
2,"([0.2, 0.2, 0.2, 0.2, 0.2], [3])","([1, 0, 0, 0, 0], [0])",-0.0,-0.0,-0.0,-0.9520000000000001,-0.0,-0.9520000000000001,observed,0.7014,-0.4024000000000001,0.05579999999999985
3,"([0.2, 0.2, 0.2, 0.2, 0.2], [0])","([0, 0, 0, 1, 0], [3])",-0.8590000000000001,-0.0,-0.0,-0.0,-0.0,-0.8590000000000001,observed,0.6828000000000001,-0.22620000000000007,0.05579999999999985
4,"([0.2, 0.2, 0.2, 0.2, 0.2], [1])","([1, 0, 0, 0, 0], [0])",-0.0,-0.9359999999999999,-0.0,-0.0,-0.0,-0.9359999999999999,observed,0.7014,0.026999999999999802,0.0743999999999998
5,"([0.2, 0.2, 0.2, 0.2, 0.2], [2])","([0, 0, 0, 1, 0], [3])",-0.0,-0.0,-0.925,-0.0,-0.0,-0.925,observed,0.6828000000000001,0.2691999999999998,0.0743999999999998
6,"([0.2, 0.2, 0.2, 0.2, 0.2], [3])","([0, 0, 0, 1, 0], [3])",-0.0,-0.0,-0.0,-0.0,-0.0,0.0,observed,0.6828000000000001,-0.4136000000000003,0.0743999999999998
7,"([0.2, 0.2, 0.2, 0.2, 0.2], [0])","([0, 0, 0, 1, 0], [3])",-0.8590000000000001,-0.0,-0.0,-0.0,-0.0,-0.8590000000000001,observed,0.6828000000000001,-0.23740000000000028,0.0743999999999998
8,"([0.2, 0.2, 0.2, 0.2, 0.2], [0])","([1, 0, 0, 0, 0], [0])",-0.0,-0.0,-0.0,-0.0,-0.0,0.0,observed,0.7014,-0.9202000000000004,0.09299999999999975
9,"([0.2, 0.2, 0.2, 0.2, 0.2], [4])","([1, 0, 0, 0, 0], [0])",-0.0,-0.0,-0.0,-0.0,-0.6940000000000001,-0.6940000000000001,observed,0.7014,-0.9090000000000004,0.1115999999999997
10,"([0.2, 0.2, 0.2, 0.2, 0.2], [0])","([0, 0, 0, 1, 0], [3])",-0.8590000000000001,-0.0,-0.0,-0.0,-0.0,-0.8590000000000001,observed,0.6828000000000001,-0.7328000000000003,0.1115999999999997
11,"([0.2, 0.2, 0.2, 0.2, 0.2], [3])","([0, 0, 0, 1, 0], [3])",-0.0,-0.0,-0.0,-0.0,-0.0,0.0,observed,0.6828000000000001,-1.4156000000000004,0.1115999999999997
12,"([0.2, 0.2, 0.2, 0.2, 0.2], [3])","([0, 0, 0, 1, 0], [3])",-0.0,-0.0,-0.0,-0.0,-0.0,0.0,observed,0.6828000000000001,-2.0984000000000007,0.1115999999999997
13,"([0.2, 0.2, 0.2, 0.2, 0.2], [2])","([0, 0, 0, 1, 0], [3])",-0.0,-0.0,-0.925,-0.0,-0.0,-0.925,observed,0.6828000000000001,-1.8562000000000007,0.1115999999999997
14,"([0.2, 0.2, 0.2, 0.2, 0.2], [1])","([0, 0, 0, 1, 0], [3])",-0.0,-0.9359999999999999,-0.0,-0.0,-0.0,-0.9359999999999999,observed,0.6828000000000001,-1.6030000000000009,0.1115999999999997
15,"([0.2, 0.2, 0.2, 0.2, 0.2], [3])","([1, 0, 0, 0, 0], [0])",-0.0,-0.0,-0.0,-0.9520000000000001,-0.0,-0.9520000000000001,observed,0.7014,-1.333800000000001,0.13019999999999965
16,"([0.2, 0.2, 0.2, 0.2, 0.2], [2])","([1, 0, 0, 0, 0], [0])",-0.0,-0.0,-0.925,-0.0,-0.0,-0.925,observed,0.7014,-1.091600000000001,0.1487999999999996
17,"([0.2, 0.2, 0.2, 0.2, 0.2], [1])","([1, 0, 0, 0, 0], [0])",-0.0,-0.9359999999999999,-0.0,-0.0,-0.0,-0.9359999999999999,observed,0.7014,-0.8384000000000011,0.16739999999999955
18,"([0.2, 0.2, 0.2, 0.2, 0.2], [2])","([1, 0, 0, 0, 0], [0])",-0.0,-0.0,-0.925,-0.0,-0.0,-0.925,observed,0.7014,-0.5962000000000012,0.1859999999999995
19,"([0.2, 0.2, 0.2, 0.2, 0.2], [4])","([1, 0, 0, 0, 0], [0])",-0.0,-0.0,-0.0,-0.0,-0.6940000000000001,-0.6940000000000001,observed,0.7014,-0.5850000000000012,0.20459999999999945
20,"([0.2, 0.2, 0.2, 0.2, 0.2], [0])","([0, 0, 0, 1, 0], [3])",-0.8590000000000001,-0.0,-0.0,-0.0,-0.0,-0.8590000000000001,observed,0.6828000000000001,-0.40880000000000116,0.20459999999999945
21,"([0.2, 0.2, 0.2, 0.2, 0.2], [3])","([0, 0, 0, 1, 0], [3])",-0.0,-0.0,-0.0,-0.0,-0.0,0.0,observed,0.6828000000000001,-1.0916000000000012,0.20459999999999945
22,"([0.2, 0.2, 0.2, 0.2, 0.2], [2])","([0, 0, 0, 1, 0], [3])",-0.0,-0.0,-0.925,-0.0,-0.0,-0.925,observed,0.6828000000000001,-0.8494000000000013,0.20459999999999945
23,"([0.2, 0.2, 0.2, 0.2, 0.2], [2])","([0, 0, 0, 1, 0], [3])",-0.0,-0.0,-0.925,-0.0,-0.0,-0.925,observed,0.6828000000000001,-0.6072000000000013,0.20459999999999945
24,"([0.2, 0.2, 0.2, 0.2, 0.2], [3])","([0, 0, 0, 1, 0], [3])",-0.0,-0.0,-0.0,-0.0,-0.0,0.0,observed,0.6828000000000001,-1.2900000000000014,0.20459999999999945
25,"([0.2, 0.2, 0.2, 0.2, 0.2], [3])","([0, 0, 0, 1, 0], [3])",-0.0,-0.0,-0.0,-0.0,-0.0,0.0,observed,0.6828000000000001,-1.9728000000000014,0.20459999999999945
26,"([0.2, 0.2, 0.2, 0.2, 0.2], [0])","([0, 0, 0, 1, 0], [3])",-0.8590000000000001,-0.0,-0.0,-0.0,-0.0,-0.8590000000000001,observed,0.6828000000000001,-1.7966000000000015,0.20459999999999945
27,"([0.2, 0.2, 0.2, 0.2, 0.2], [0])","([0, 0, 0, 1, 0], [3])",-0.8590000000000001,-0.0,-0.0,-0.0,-0.0,-0.8590000000000001,observed,0.6828000000000001,-1.6204000000000014,0.20459999999999945
28,"([0.2, 0.2, 0.2, 0.2, 0.2], [0])","([0, 0, 0, 1, 0], [3])",-0.8590000000000001,-0.0,-0.0,-0.0,-0.0,-0.8590000000000001,observed,0.6828000000000001,-1.4442000000000013,0.20459999999999945
29,"([0.2, 0.2, 0.2, 0.2, 0.2], [0])","([1, 0, 0, 0, 0], [0])",-0.0,-0.0,-0.0,-0.0,-0.0,0.0,observed,0.7014,-2.1270000000000016,0.2231999999999994
30,"([0.2, 0.2, 0.2, 0.2, 0.2], [3])","([1, 0, 0, 0, 0], [0])",-0.0,-0.0,-0.0,-0.9520000000000001,-0.0,-0.9520000000000001,observed,0.7014,-1.8578000000000015,0.24179999999999935
31,"([0.2, 0.2, 0.2, 0.2, 0.2], [4])","([1, 0, 0, 0, 0], [0])",-0.0,-0.0,-0.0,-0.0,-0.6940000000000001,-0.6940000000000001,observed,0.7014,-1.8466000000000014,0.2603999999999993
32,"([0.2, 0.2, 0.2, 0.2, 0.2], [2])","([0, 0, 0, 1, 0], [3])",-0.0,-0.0,-0.925,-0.0,-0.0,-0.925,observed,0.6828000000000001,-1.6044000000000014,0.2603999999999993
33,"([0.2, 0.2, 0.2, 0.2, 0.2], [3])","([0, 0, 0, 1, 0], [3])",-0.0,-0.0,-0.0,-0.0,-0.0,0.0,observed,0.6828000000000001,-2.2872000000000012,0.2603999999999993
34,"([0.2, 0.2, 0.2, 0.2, 0.2], [1])","([0, 0, 0, 1, 0], [3])",-0.0,-0.9359999999999999,-0.0,-0.0,-0.0,-0.9359999999999999,observed,0.6828000000000001,-2.0340000000000016,0.2603999999999993
35,"([0.2, 0.2, 0.2, 0.2, 0.2], [1])","([0, 0, 0, 1, 0], [3])",-0.0,-0.9359999999999999,-0.0,-0.0,-0.0,-0.9359999999999999,observed,0.6828000000000001,-1.7808000000000017,0.2603999999999993
36,"([0.2, 0.2, 0.2, 0.2, 0.2], [3])","([1, 0, 0, 0, 0], [0])",-0.0,-0.0,-0.0,-0.9520000000000001,-0.0,-0.9520000000000001,observed,0.7014,-1.5116000000000018,0.27899999999999925
37,"([0.2, 0.2, 0.2, 0.2, 0.2], [1])","([1, 0, 0, 0, 0], [0])",-0.0,-0.9359999999999999,-0.0,-0.0,-0.0,-0.9359999999999999,observed,0.7014,-1.258400000000002,0.2975999999999992
38,"([0.2, 0.2, 0.2, 0.2, 0.2], [2])","([1, 0, 0, 0, 0], [0])",-0.0,-0.0,-0.925,-0.0,-0.0,-0.925,observed,0.7014,-1.016200000000002,0.31619999999999915
39,"([0.2, 0.2, 0.2, 0.2, 0.2], [4])","([1, 0, 0, 0, 0], [0])",-0.0,-0.0,-0.0,-0.0,-0.6940000000000001,-0.6940000000000001,observed,0.7014,-1.0050000000000021,0.3347999999999991
40,"([0.2, 0.2, 0.2, 0.2, 0.2], [4])","([0, 0, 0, 1, 0], [3])",-0.0,-0.0,-0.0,-0.0,-0.6940000000000001,-0.6940000000000001,observed,0.6828000000000001,-0.9938000000000021,0.3347999999999991
41,"([0.2, 0.2, 0.2, 0.2, 0.2], [2])","([0, 0, 0, 1, 0], [3])",-0.0,-0.0,-0.925,-0.0,-0.0,-0.925,observed,0.6828000000000001,-0.7516000000000022,0.3347999999999991
42,"([0.2, 0.2, 0.2, 0.2, 0.2], [1])","([0, 0, 0, 1, 0], [3])",-0.0,-0.9359999999999999,-0.0,-0.0,-0.0,-0.9359999999999999,observed,0.6828000000000001,-0.4984000000000023,0.3347999999999991
43,"([0.2, 0.2, 0.2, 0.2, 0.2], [2])","([0, 0, 0, 1, 0], [3])",-0.0,-0.0,-0.925,-0.0,-0.0,-0.925,observed,0.6828000000000001,-0.2562000000000023,0.3347999999999991
44,"([0.2, 0.2, 0.2, 0.2, 0.2], [4])","([0, 0, 0, 1, 0], [3])",-0.0,-0.0,-0.0,-0.0,-0.6940000000000001,-0.6940000000000001,observed,0.6828000000000001,-0.24500000000000233,0.3347999999999991
45,"([0.2, 0.2, 0.2, 0.2, 0.2], [3])","([0, 0, 0, 1, 0], [3])",-0.0,-0.0,-0.0,-0.0,-0.0,0.0,observed,0.6828000000000001,-0.9278000000000024,0.3347999999999991
46,"([0.2, 0.2, 0.2, 0.2, 0.2], [1])","([0, 0, 0, 1, 0], [3])",-0.0,-0.9359999999999999,-0.0,-0.0,-0.0,-0.9359999999999999,observed,0.6828000000000001,-0.6746000000000025,0.3347999999999991
47,"([0.2, 0.2, 0.2, 0.2, 0.2], [4])","([0, 0, 0, 1, 0], [3])",-0.0,-0.0,-0.0,-0.0,-0.6940000000000001,-0.6940000000000001,observed,0.6828000000000001,-0.6634000000000025,0.3347999999999991
48,"([0.2, 0.2, 0.2, 0.2, 0.2], [2])","([0, 0, 0, 1, 0], [3])",-0.0,-0.0,-0.925,-0.0,-0.0,-0.925,observed,0.6828000000000001,-0.4212000000000026,0.3347999999999991
49,"([0.2, 0.2, 0.2, 0.2, 0.2], [2])","([0, 0, 0, 1, 0], [3])",-0.0,-0.0,-0.925,-0.0,-0.0,-0.925,observed,0.6828000000000001,-0.1790000000000026,0.3347999999999991
50,"([0.2, 0.2, 0.2, 0.2, 0.2], [1])","([0, 0, 0, 1, 0], [3])",-0.0,-0.9359999999999999,-0.0,-0.0,-0.0,-0.9359999999999999,observed,0.6828000000000001,0.07419999999999727,0.3347999999999991
51,"([0.2, 0.2, 0.2, 0.2, 0.2], [2])","([0, 0, 0, 1, 0], [3])",-0.0,-0.0,-0.925,-0.0,-0.0,-0.925,observed,0.6828000000000001,0.31639999999999724,0.3347999999999991
52,"([0.2, 0.2, 0.2, 0.2, 0.2], [2])","([0, 0, 0, 1, 0], [3])",-0.0,-0.0,-0.925,-0.0,-0.0,-0.925,observed,0.6828000000000001,0.5585999999999972,0.3347999999999991
53,"([0.2, 0.2, 0.2, 0.2, 0.2], [4])","([0, 0, 0, 1, 0], [3])",-0.0,-0.0,-0.0,-0.0,-0.6940000000000001,-0.6940000000000001,observed,0.6828000000000001,0.5697999999999972,0.3347999999999991
54,"([0.2, 0.2, 0.2, 0.2, 0.2], [3])","([0, 0, 0, 1, 0], [3])",-0.0,-0.0,-0.0,-0.0,-0.0,0.0,observed,0.6828000000000001,-0.11300000000000288,0.3347999999999991
55,"([0.2, 0.2, 0.2, 0.2, 0.2], [4])","([0, 0, 0, 1, 0], [3])",-0.0,-0.0,-0.0,-0.0,-0.6940000000000001,-0.6940000000000001,observed,0.6828000000000001,-0.10180000000000289,0.3347999999999991
56,"([0.2, 0.2, 0.2, 0.2, 0.2], [1])","([0, 0, 0, 1, 0], [3])",-0.0,-0.9359999999999999,-0.0,-0.0,-0.0,-0.9359999999999999,observed,0.6828000000000001,0.15139999999999698,0.3347999999999991
57,"([0.2, 0.2, 0.2, 0.2, 0.2], [1])","([0, 0, 0, 1, 0], [3])",-0.0,-0.9359999999999999,-0.0,-0.0,-0.0,-0.9359999999999999,observed,0.6828000000000001,0.40459999999999685,0.3347999999999991
58,"([0.2, 0.2, 0.2, 0.2, 0.2], [4])","([0, 0, 0, 1, 0], [3])",-0.0,-0.0,-0.0,-0.0,-0.6940000000000001,-0.6940000000000001,observed,0.6828000000000001,0.41579999999999684,0.3347999999999991
59,"([0.2, 0.2, 0.2, 0.2, 0.2], [1])","([0, 0, 0, 1, 0], [3])",-0.0,-0.9359999999999999,-0.0,-0.0,-0.0,-0.9359999999999999,observed,0.6828000000000001,0.6689999999999967,0.3347999999999991
60,"([0.2, 0.2, 0.2, 0.2, 0.2], [2])","([0, 0, 0, 1, 0], [3])",-0.0,-0.0,-0.925,-0.0,-0.0,-0.925,observed,0.6828000000000001,0.9111999999999967,0.3347999999999991
61,"([0.2, 0.2, 0.2, 0.2, 0.2], [3])","([0, 0, 0, 1, 0], [3])",-0.0,-0.0,-0.0,-0.0,-0.0,0.0,observed,0.6828000000000001,0.2283999999999966,0.3347999999999991
62,"([0.2, 0.2, 0.2, 0.2, 0.2], [1])","([0, 0, 0, 1, 0], [3])",-0.0,-0.9359999999999999,-0.0,-0.0,-0.0,-0.9359999999999999,observed,0.6828000000000001,0.4815999999999965,0.3347999999999991
63,"([0.2, 0.2, 0.2, 0.2, 0.2], [2])","([0, 0, 0, 1, 0], [3])",-0.0,-0.0,-0.925,-0.0,-0.0,-0.925,observed,0.6828000000000001,0.7237999999999964,0.3347999999999991
64,"([0.2, 0.2, 0.2, 0.2, 0.2], [0])","([0, 0, 0, 1, 0], [3])",-0.8590000000000001,-0.0,-0.0,-0.0,-0.0,-0.8590000000000001,observed,0.6828000000000001,0.8999999999999965,0.3347999999999991
65,"([0.2, 0.2, 0.2, 0.2, 0.2], [0])","([0, 0, 0, 1, 0], [3])",-0.8590000000000001,-0.0,-0.0,-0.0,-0.0,-0.8590000000000001,observed,0.6828000000000001,1.0761999999999965,0.3347999999999991
66,"([0.2, 0.2, 0.2, 0.2, 0.2], [0])","([0, 0, 0, 1, 0], [3])",-0.8590000000000001,-0.0,-0.0,-0.0,-0.0,-0.8590000000000001,observed,0.6828000000000001,1.2523999999999966,0.3347999999999991
67,"([0.2, 0.2, 0.2, 0.2, 0.2], [0])","([0, 0, 0, 1, 0], [3])",-0.8590000000000001,-0.0,-0.0,-0.0,-0.0,-0.8590000000000001,observed,0.6828000000000001,1.4285999999999968,0.3347999999999991
68,"([0.2, 0.2, 0.2, 0.2, 0.2], [4])","([0, 0, 0, 1, 0], [3])",-0.0,-0.0,-0.0,-0.0,-0.6940000000000001,-0.6940000000000001,observed,0.6828000000000001,1.4397999999999969,0.3347999999999991
69,"([0.2, 0.2, 0.2, 0.2, 0.2], [4])","([0, 0, 0, 1, 0], [3])",-0.0,-0.0,-0.0,-0.0,-0.6940000000000001,-0.6940000000000001,observed,0.6828000000000001,1.450999999999997,0.3347999999999991
70,"([0.2, 0.2, 0.2, 0.2, 0.2], [3])","([0, 0, 0, 1, 0], [3])",-0.0,-0.0,-0.0,-0.0,-0.0,0.0,observed,0.6828000000000001,0.7681999999999969,0.3347999999999991
71,"([0.2, 0.2, 0.2, 0.2, 0.2], [3])","([0, 0, 0, 1, 0], [3])",-0.0,-0.0,-0.0,-0.0,-0.0,0.0,observed,0.6828000000000001,0.08539999999999681,0.3347999999999991
72,"([0.2, 0.2, 0.2, 0.2, 0.2], [2])","([0, 0, 0, 1, 0], [3])",-0.0,-0.0,-0.925,-0.0,-0.0,-0.925,observed,0.6828000000000001,0.3275999999999968,0.3347999999999991
73,"([0.2, 0.2, 0.2, 0.2, 0.2], [3])","([0, 0, 0, 1, 0], [3])",-0.0,-0.0,-0.0,-0.0,-0.0,0.0,observed,0.6828000000000001,-0.3552000000000033,0.3347999999999991
74,"([0.2, 0.2, 0.2, 0.2, 0.2], [0])","([0, 0, 0, 1, 0], [3])",-0.8590000000000001,-0.0,-0.0,-0.0,-0.0,-0.8590000000000001,observed,0.6828000000000001,-0.17900000000000327,0.3347999999999991
75,"([0.2, 0.2, 0.2, 0.2, 0.2], [2])","([0, 0, 0, 1, 0], [3])",-0.0,-0.0,-0.925,-0.0,-0.0,-0.925,observed,0.6828000000000001,0.0631999999999967,0.3347999999999991
76,"([0.2, 0.2, 0.2, 0.2, 0.2], [0])","([0, 0, 0, 1, 0], [3])",-0.8590000000000001,-0.0,-0.0,-0.0,-0.0,-0.8590000000000001,observed,0.6828000000000001,0.23939999999999673,0.3347999999999991
77,"([0.2, 0.2, 0.2, 0.2, 0.2], [1])","([0, 0, 0, 1, 0], [3])",-0.0,-0.9359999999999999,-0.0,-0.0,-0.0,-0.9359999999999999,observed,0.6828000000000001,0.4925999999999966,0.3347999999999991
78,"([0.2, 0.2, 0.2, 0.2, 0.2], [3])","([0, 0, 0, 1, 0], [3])",-0.0,-0.0,-0.0,-0.0,-0.0,0.0,observed,0.6828000000000001,-0.19020000000000348,0.3347999999999991
79,"([0.2, 0.2, 0.2, 0.2, 0.2], [4])","([0, 0, 0, 1, 0], [3])",-0.0,-0.0,-0.0,-0.0,-0.6940000000000001,-0.6940000000000001,observed,0.6828000000000001,-0.1790000000000035,0.3347999999999991
80,"([0.2, 0.2, 0.2, 0.2, 0.2], [1])","([0, 0, 0, 1, 0], [3])",-0.0,-0.9359999999999999,-0.0,-0.0,-0.0,-0.9359999999999999,observed,0.6828000000000001,0.07419999999999638,0.3347999999999991
81,"([0.2, 0.2, 0.2, 0.2, 0.2], [3])","([0, 0, 0, 1, 0], [3])",-0.0,-0.0,-0.0,-0.0,-0.0,0.0,observed,0.6828000000000001,-0.6086000000000037,0.3347999999999991
82,"([0.2, 0.2, 0.2, 0.2, 0.2], [4])","([0, 0, 0, 1, 0], [3])",-0.0,-0.0,-0.0,-0.0,-0.6940000000000001,-0.6940000000000001,observed,0.6828000000000001,-0.5974000000000037,0.3347999999999991
83,"([0.2, 0.2, 0.2, 0.2, 0.2], [3])","([0, 0, 0, 1, 0], [3])",-0.0,-0.0,-0.0,-0.0,-0.0,0.0,observed,0.6828000000000001,-1.2802000000000038,0.3347999999999991
84,"([0.2, 0.2, 0.2, 0.2, 0.2], [4])","([0, 0, 0, 1, 0], [3])",-0.0,-0.0,-0.0,-0.0,-0.6940000000000001,-0.6940000000000001,observed,0.6828000000000001,-1.2690000000000037,0.3347999999999991
85,"([0.2, 0.2, 0.2, 0.2, 0.2], [2])","([0, 0, 0, 1, 0], [3])",-0.0,-0.0,-0.925,-0.0,-0.0,-0.925,observed,0.6828000000000001,-1.0268000000000037,0.3347999999999991
86,"([0.2, 0.2, 0.2, 0.2, 0.2], [0])","([0, 0, 0, 1, 0], [3])",-0.8590000000000001,-0.0,-0.0,-0.0,-0.0,-0.8590000000000001,observed,0.6828000000000001,-0.8506000000000037,0.3347999999999991
87,"([0.2, 0.2, 0.2, 0.2, 0.2], [1])","([0, 0, 0, 1, 0], [3])",-0.0,-0.9359999999999999,-0.0,-0.0,-0.0,-0.9359999999999999,observed,0.6828000000000001,-0.5974000000000038,0.3347999999999991
88,"([0.2, 0.2, 0.2, 0.2, 0.2], [3])","([0, 0, 0, 1, 0], [3])",-0.0,-0.0,-0.0,-0.0,-0.0,0.0,observed,0.6828000000000001,-1.2802000000000038,0.3347999999999991
89,"([0.2, 0.2, 0.2, 0.2, 0.2], [2])","([0, 0, 0, 1, 0], [3])",-0.0,-0.0,-0.925,-0.0,-0.0,-0.925,observed,0.6828000000000001,-1.0380000000000038,0.3347999999999991
90,"([0.2, 0.2, 0.2, 0.2, 0.2], [3])","([0, 0, 0, 1, 0], [3])",-0.0,-0.0,-0.0,-0.0,-0.0,0.0,observed,0.6828000000000001,-1.7208000000000039,0.3347999999999991
91,"([0.2, 0.2, 0.2, 0.2, 0.2], [4])","([0, 0, 0, 1, 0], [3])",-0.0,-0.0,-0.0,-0.0,-0.6940000000000001,-0.6940000000000001,observed,0.6828000000000001,-1.709600000000004,0.3347999999999991
92,"([0.2, 0.2, 0.2, 0.2, 0.2], [3])","([0, 0, 0, 1, 0], [3])",-0.0,-0.0,-0.0,-0.0,-0.0,0.0,observed,0.6828000000000001,-2.392400000000004,0.3347999999999991
93,"([0.2, 0.2, 0.2, 0.2, 0.2], [2])","([0, 0, 0, 1, 0], [3])",-0.0,-0.0,-0.925,-0.0,-0.0,-0.925,observed,0.6828000000000001,-2.150200000000004,0.3347999999999991
94,"([0.2, 0.2, 0.2, 0.2, 0.2], [0])","([0, 0, 0, 1, 0], [3])",-0.8590000000000001,-0.0,-0.0,-0.0,-0.0,-0.8590000000000001,observed,0.6828000000000001,-1.9740000000000038,0.3347999999999991
95,"([0.2, 0.2, 0.2, 0.2, 0.2], [2])","([0, 0, 0, 1, 0], [3])",-0.0,-0.0,-0.925,-0.0,-0.0,-0.925,observed,0.6828000000000001,-1.7318000000000038,0.3347999999999991
96,"([0.2, 0.2, 0.2, 0.2, 0.2], [4])","([0, 0, 0, 1, 0], [3])",-0.0,-0.0,-0.0,-0.0,-0.6940000000000001,-0.6940000000000001,observed,0.6828000000000001,-1.7206000000000037,0.3347999999999991
97,"([0.2, 0.2, 0.2, 0.2, 0.2], [0])","([0, 0, 0, 1, 0], [3])",-0.8590000000000001,-0.0,-0.0,-0.0,-0.0,-0.8590000000000001,observed,0.6828000000000001,-1.5444000000000035,0.3347999999999991
98,"([0.2, 0.2, 0.2, 0.2, 0.2], [0])","([0, 0, 0, 1, 0], [3])",-0.8590000000000001,-0.0,-0.0,-0.0,-0.0,-0.8590000000000001,observed,0.6828000000000001,-1.3682000000000034,0.3347999999999991
99,"([0.2, 0.2, 0.2, 0.2, 0.2], [1])","([0, 0, 0, 1, 0], [3])",-0.0,-0.9359999999999999,-0.0,-0.0,-0.0,-0.9359999999999999,observed,0.6828000000000001,-1.1150000000000035,0.3347999999999991
100,"([0.2, 0.2, 0.2, 0.2, 0.2], [2])","([0, 0, 0, 1, 0], [3])",-0.0,-0.0,-0.925,-0.0,-0.0,-0.925,observed,0.6828000000000001,-0.8728000000000036,0.3347999999999991
101,"([0.2, 0.2, 0.2, 0.2, 0.2], [3])","([0, 0, 0, 1, 0], [3])",-0.0,-0.0,-0.0,-0.0,-0.0,0.0,observed,0.6828000000000001,-1.5556000000000036,0.3347999999999991
102,"([0.2, 0.2, 0.2, 0.2, 0.2], [2])","([0, 0, 0, 1, 0], [3])",-0.0,-0.0,-0.925,-0.0,-0.0,-0.925,observed,0.6828000000000001,-1.3134000000000037,0.3347999999999991
103,"([0.2, 0.2, 0.2, 0.2, 0.2], [3])","([0, 0, 0, 1, 0], [3])",-0.0,-0.0,-0.0,-0.0,-0.0,0.0,observed,0.6828000000000001,-1.9962000000000037,0.3347999999999991
104,"([0.2, 0.2, 0.2, 0.2, 0.2], [3])","([0, 0, 0, 1, 0], [3])",-0.0,-0.0,-0.0,-0.0,-0.0,0.0,observed,0.6828000000000001,-2.679000000000004,0.3347999999999991
105,"([0.2, 0.2, 0.2, 0.2, 0.2], [4])","([0, 0, 0, 1, 0], [3])",-0.0,-0.0,-0.0,-0.0,-0.6940000000000001,-0.6940000000000001,observed,0.6828000000000001,-2.6678000000000037,0.3347999999999991
106,"([0.2, 0.2, 0.2, 0.2, 0.2], [0])","([0, 0, 0, 1, 0], [3])",-0.8590000000000001,-0.0,-0.0,-0.0,-0.0,-0.8590000000000001,observed,0.6828000000000001,-2.4916000000000036,0.3347999999999991
107,"([0.2, 0.2, 0.2, 0.2, 0.2], [2])","([0, 0, 0, 1, 0], [3])",-0.0,-0.0,-0.925,-0.0,-0.0,-0.925,observed,0.6828000000000001,-2.2494000000000036,0.3347999999999991
108,"([0.2, 0.2, 0.2, 0.2, 0.2], [2])","([0, 0, 0, 1, 0], [3])",-0.0,-0.0,-0.925,-0.0,-0.0,-0.925,observed,0.6828000000000001,-2.0072000000000036,0.3347999999999991
109,"([0.2, 0.2, 0.2, 0.2, 0.2], [3])","([0, 0, 0, 1, 0], [3])",-0.0,-0.0,-0.0,-0.0,-0.0,0.0,observed,0.6828000000000001,-2.690000000000004,0.3347999999999991
110,"([0.2, 0.2, 0.2, 0.2, 0.2], [0])","([0, 0, 0, 1, 0], [3])",-0.8590000000000001,-0.0,-0.0,-0.0,-0.0,-0.8590000000000001,observed,0.6828000000000001,-2.513800000000004,0.3347999999999991
111,"([0.2, 0.2, 0.2, 0.2, 0.2], [2])","([0, 0, 0, 1, 0], [3])",-0.0,-0.0,-0.925,-0.0,-0.0,-0.925,observed,0.6828000000000001,-2.271600000000004,0.3347999999999991
112,"([0.2, 0.2, 0.2, 0.2, 0.2], [2])","([0, 0, 0, 1, 0], [3])",-0.0,-0.0,-0.925,-0.0,-0.0,-0.925,observed,0.6828000000000001,-2.029400000000004,0.3347999999999991
113,"([0.2, 0.2, 0.2, 0.2, 0.2], [3])","([0, 0, 0, 1, 0], [3])",-0.0,-0.0,-0.0,-0.0,-0.0,0.0,observed,0.6828000000000001,-2.7122000000000037,0.3347999999999991
114,"([0.2, 0.2, 0.2, 0.2, 0.2], [0])","([0, 0, 0, 1, 0], [3])",-0.8590000000000001,-0.0,-0.0,-0.0,-0.0,-0.8590000000000001,observed,0.6828000000000001,-2.5360000000000036,0.3347999999999991
115,"([0.2, 0.2, 0.2, 0.2, 0.2], [1])","([0, 0, 0, 1, 0], [3])",-0.0,-0.9359999999999999,-0.0,-0.0,-0.0,-0.9359999999999999,observed,0.6828000000000001,-2.2828000000000035,0.3347999999999991
116,"([0.2, 0.2, 0.2, 0.2, 0.2], [3])","([0, 0, 0, 1, 0], [3])",-0.0,-0.0,-0.0,-0.0,-0.0,0.0,observed,0.6828000000000001,-2.965600000000004,0.3347999999999991
117,"([0.2, 0.2, 0.2, 0.2, 0.2], [0])","([0, 0, 0, 1, 0], [3])",-0.8590000000000001,-0.0,-0.0,-0.0,-0.0,-0.8590000000000001,observed,0.6828000000000001,-2.7894000000000037,0.3347999999999991
118,"([0.2, 0.2, 0.2, 0.2, 0.2], [1])","([0, 0, 0, 1, 0], [3])",-0.0,-0.9359999999999999,-0.0,-0.0,-0.0,-0.9359999999999999,observed,0.6828000000000001,-2.5362000000000036,0.3347999999999991
119,"([0.2, 0.2, 0.2, 0.2, 0.2], [3])","([0, 0, 0, 1, 0], [3])",-0.0,-0.0,-0.0,-0.0,-0.0,0.0,observed,0.6828000000000001,-3.219000000000004,0.3347999999999991
120,"([0.2, 0.2, 0.2, 0.2, 0.2], [1])","([0, 0, 0, 1, 0], [3])",-0.0,-0.9359999999999999,-0.0,-0.0,-0.0,-0.9359999999999999,observed,0.6828000000000001,-2.965800000000004,0.3347999999999991
121,"([0.2, 0.2, 0.2, 0.2, 0.2], [4])","([0, 0, 0, 1, 0], [3])",-0.0,-0.0,-0.0,-0.0,-0.6940000000000001,-0.6940000000000001,observed,0.6828000000000001,-2.954600000000004,0.3347999999999991
122,"([0.2, 0.2, 0.2, 0.2, 0.2], [0])","([0, 0, 0, 1, 0], [3])",-0.8590000000000001,-0.0,-0.0,-0.0,-0.0,-0.8590000000000001,observed,0.6828000000000001,-2.778400000000004,0.3347999999999991
123,"([0.2, 0.2, 0.2, 0.2, 0.2], [1])","([0, 0, 0, 1, 0], [3])",-0.0,-0.9359999999999999,-0.0,-0.0,-0.0,-0.9359999999999999,observed,0.6828000000000001,-2.5252000000000043,0.3347999999999991
124,"([0.2, 0.2, 0.2, 0.2, 0.2], [1])","([0, 0, 0, 1, 0], [3])",-0.0,-0.9359999999999999,-0.0,-0.0,-0.0,-0.9359999999999999,observed,0.6828000000000001,-2.2720000000000047,0.3347999999999991
125,"([0.2, 0.2, 0.2, 0.2, 0.2], [4])","([0, 0, 0, 1, 0], [3])",-0.0,-0.0,-0.0,-0.0,-0.6940000000000001,-0.6940000000000001,observed,0.6828000000000001,-2.2608000000000046,0.3347999999999991
126,"([0.2, 0.2, 0.2, 0.2, 0.2], [0])","([0, 0, 0, 1, 0], [3])",-0.8590000000000001,-0.0,-0.0,-0.0,-0.0,-0.8590000000000001,observed,0.6828000000000001,-2.0846000000000044,0.3347999999999991
127,"([0.2, 0.2, 0.2, 0.2, 0.2], [2])","([0, 0, 0, 1, 0], [3])",-0.0,-0.0,-0.925,-0.0,-0.0,-0.925,observed,0.6828000000000001,-1.8424000000000045,0.3347999999999991
128,"([0.2, 0.2, 0.2, 0.2, 0.2], [4])","([0, 0, 0, 1, 0], [3])",-0.0,-0.0,-0.0,-0.0,-0.6940000000000001,-0.6940000000000001,observed,0.6828000000000001,-1.8312000000000044,0.3347999999999991
129,"([0.2, 0.2, 0.2, 0.2, 0.2], [1])","([0, 0, 0, 1, 0], [3])",-0.0,-0.9359999999999999,-0.0,-0.0,-0.0,-0.9359999999999999,observed,0.6828000000000001,-1.5780000000000045,0.3347999999999991
130,"([0.2, 0.2, 0.2, 0.2, 0.2], [1])","([0, 0, 0, 1, 0], [3])",-0.0,-0.9359999999999999,-0.0,-0.0,-0.0,-0.9359999999999999,observed,0.6828000000000001,-1.3248000000000046,0.3347999999999991
131,"([0.2, 0.2, 0.2, 0.2, 0.2], [0])","([0, 0, 0, 1, 0], [3])",-0.8590000000000001,-0.0,-0.0,-0.0,-0.0,-0.8590000000000001,observed,0.6828000000000001,-1.1486000000000045,0.3347999999999991
132,"([0.2, 0.2, 0.2, 0.2, 0.2], [4])","([0, 0, 0, 1, 0], [3])",-0.0,-0.0,-0.0,-0.0,-0.6940000000000001,-0.6940000000000001,observed,0.6828000000000001,-1.1374000000000044,0.3347999999999991
133,"([0.2, 0.2, 0.2, 0.2, 0.2], [4])","([0, 0, 0, 1, 0], [3])",-0.0,-0.0,-0.0,-0.0,-0.6940000000000001,-0.6940000000000001,observed,0.6828000000000001,-1.1262000000000043,0.3347999999999991
134,"([0.2, 0.2, 0.2, 0.2, 0.2], [4])","([0, 0, 0, 1, 0], [3])",-0.0,-0.0,-0.0,-0.0,-0.6940000000000001,-0.6940000000000001,observed,0.6828000000000001,-1.1150000000000042,0.3347999999999991
135,"([0.2, 0.2, 0.2, 0.2, 0.2], [1])","([0, 0, 0, 1, 0], [3])",-0.0,-0.9359999999999999,-0.0,-0.0,-0.0,-0.9359999999999999,observed,0.6828000000000001,-0.8618000000000043,0.3347999999999991
136,"([0.2, 0.2, 0.2, 0.2, 0.2], [4])","([0, 0, 0, 1, 0], [3])",-0.0,-0.0,-0.0,-0.0,-0.6940000000000001,-0.6940000000000001,observed,0.6828000000000001,-0.8506000000000044,0.3347999999999991
137,"([0.2, 0.2, 0.2, 0.2, 0.2], [4])","([0, 0, 0, 1, 0], [3])",-0.0,-0.0,-0.0,-0.0,-0.6940000000000001,-0.6940000000000001,observed,0.6828000000000001,-0.8394000000000044,0.3347999999999991
138,"([0.2, 0.2, 0.2, 0.2, 0.2], [3])","([0, 0, 0, 1, 0], [3])",-0.0,-0.0,-0.0,-0.0,-0.0,0.0,observed,0.6828000000000001,-1.5222000000000044,0.3347999999999991
139,"([0.2, 0.2, 0.2, 0.2, 0.2], [2])","([0, 0, 0, 1, 0], [3])",-0.0,-0.0,-0.925,-0.0,-0.0,-0.925,observed,0.6828000000000001,-1.2800000000000045,0.3347999999999991
140,"([0.2, 0.2, 0.2, 0.2, 0.2], [2])","([0, 0, 0, 1, 0], [3])",-0.0,-0.0,-0.925,-0.0,-0.0,-0.925,observed,0.6828000000000001,-1.0378000000000045,0.3347999999999991
141,"([0.2, 0.2, 0.2, 0.2, 0.2], [2])","([0, 0, 0, 1, 0], [3])",-0.0,-0.0,-0.925,-0.0,-0.0,-0.925,observed,0.6828000000000001,-0.7956000000000045,0.3347999999999991
142,"([0.2, 0.2, 0.2, 0.2, 0.2], [4])","([0, 0, 0, 1, 0], [3])",-0.0,-0.0,-0.0,-0.0,-0.6940000000000001,-0.6940000000000001,observed,0.6828000000000001,-0.7844000000000045,0.3347999999999991
143,"([0.2, 0.2, 0.2, 0.2, 0.2], [1])","([0, 0, 0, 1, 0], [3])",-0.0,-0.9359999999999999,-0.0,-0.0,-0.0,-0.9359999999999999,observed,0.6828000000000001,-0.5312000000000047,0.3347999999999991
144,"([0.2, 0.2, 0.2, 0.2, 0.2], [2])","([0, 0, 0, 1, 0], [3])",-0.0,-0.0,-0.925,-0.0,-0.0,-0.925,observed,0.6828000000000001,-0.2890000000000047,0.3347999999999991
145,"([0.2, 0.2, 0.2, 0.2, 0.2], [4])","([0, 0, 0, 1, 0], [3])",-0.0,-0.0,-0.0,-0.0,-0.6940000000000001,-0.6940000000000001,observed,0.6828000000000001,-0.2778000000000047,0.3347999999999991
146,"([0.2, 0.2, 0.2, 0.2, 0.2], [0])","([0, 0, 0, 1, 0], [3])",-0.8590000000000001,-0.0,-0.0,-0.0,-0.0,-0.8590000000000001,observed,0.6828000000000001,-0.10160000000000469,0.3347999999999991
147,"([0.2, 0.2, 0.2, 0.2, 0.2], [3])","([0, 0, 0, 1, 0], [3])",-0.0,-0.0,-0.0,-0.0,-0.0,0.0,observed,0.6828000000000001,-0.7844000000000048,0.3347999999999991
148,"([0.2, 0.2, 0.2, 0.2, 0.2], [3])","([0, 0, 0, 1, 0], [3])",-0.0,-0.0,-0.0,-0.0,-0.0,0.0,observed,0.6828000000000001,-1.467200000000005,0.3347999999999991
149,"([0.2, 0.2, 0.2, 0.2, 0.2], [2])","([0, 0, 0, 1, 0], [3])",-0.0,-0.0,-0.925,-0.0,-0.0,-0.925,observed,0.6828000000000001,-1.225000000000005,0.3347999999999991
150,"([0.2, 0.2, 0.2, 0.2, 0.2], [2])","([0, 0, 0, 1, 0], [3])",-0.0,-0.0,-0.925,-0.0,-0.0,-0.925,observed,0.6828000000000001,-0.982800000000005,0.3347999999999991
151,"([0.2, 0.2, 0.2, 0.2, 0.2], [4])","([0, 0, 0, 1, 0], [3])",-0.0,-0.0,-0.0,-0.0,-0.6940000000000001,-0.6940000000000001,observed,0.6828000000000001,-0.971600000000005,0.3347999999999991
152,"([0.2, 0.2, 0.2, 0.2, 0.2], [2])","([0, 0, 0, 1, 0], [3])",-0.0,-0.0,-0.925,-0.0,-0.0,-0.925,observed,0.6828000000000001,-0.729400000000005,0.3347999999999991
153,"([0.2, 0.2, 0.2, 0.2, 0.2], [4])","([0, 0, 0, 1, 0], [3])",-0.0,-0.0,-0.0,-0.0,-0.6940000000000001,-0.6940000000000001,observed,0.6828000000000001,-0.7182000000000051,0.3347999999999991
154,"([0.2, 0.2, 0.2, 0.2, 0.2], [4])","([0, 0, 0, 1, 0], [3])",-0.0,-0.0,-0.0,-0.0,-0.6940000000000001,-0.6940000000000001,observed,0.6828000000000001,-0.7070000000000051,0.3347999999999991
155,"([0.2, 0.2, 0.2, 0.2, 0.2], [2])","([0, 0, 0, 1, 0], [3])",-0.0,-0.0,-0.925,-0.0,-0.0,-0.925,observed,0.6828000000000001,-0.4648000000000051,0.3347999999999991
156,"([0.2, 0.2, 0.2, 0.2, 0.2], [0])","([0, 0, 0, 1, 0], [3])",-0.8590000000000001,-0.0,-0.0,-0.0,-0.0,-0.8590000000000001,observed,0.6828000000000001,-0.2886000000000051,0.3347999999999991
157,"([0.2, 0.2, 0.2, 0.2, 0.2], [3])","([0, 0, 0, 1, 0], [3])",-0.0,-0.0,-0.0,-0.0,-0.0,0.0,observed,0.6828000000000001,-0.9714000000000051,0.3347999999999991
158,"([0.2, 0.2, 0.2, 0.2, 0.2], [2])","([0, 0, 0, 1, 0], [3])",-0.0,-0.0,-0.925,-0.0,-0.0,-0.925,observed,0.6828000000000001,-0.7292000000000052,0.3347999999999991
159,"([0.2, 0.2, 0.2, 0.2, 0.2], [3])","([0, 0, 0, 1, 0], [3])",-0.0,-0.0,-0.0,-0.0,-0.0,0.0,observed,0.6828000000000001,-1.4120000000000053,0.3347999999999991
160,"([0.2, 0.2, 0.2, 0.2, 0.2], [0])","([0, 0, 0, 1, 0], [3])",-0.8590000000000001,-0.0,-0.0,-0.0,-0.0,-0.8590000000000001,observed,0.6828000000000001,-1.2358000000000051,0.3347999999999991
161,"([0.2, 0.2, 0.2, 0.2, 0.2], [3])","([0, 0, 0, 1, 0], [3])",-0.0,-0.0,-0.0,-0.0,-0.0,0.0,observed,0.6828000000000001,-1.9186000000000052,0.3347999999999991
162,"([0.2, 0.2, 0.2, 0.2, 0.2], [3])","([0, 0, 0, 1, 0], [3])",-0.0,-0.0,-0.0,-0.0,-0.0,0.0,observed,0.6828000000000001,-2.6014000000000053,0.3347999999999991
163,"([0.2, 0.2, 0.2, 0.2, 0.2], [2])","([0, 0, 0, 1, 0], [3])",-0.0,-0.0,-0.925,-0.0,-0.0,-0.925,observed,0.6828000000000001,-2.3592000000000053,0.3347999999999991
164,"([0.2, 0.2, 0.2, 0.2, 0.2], [4])","([0, 0, 0, 1, 0], [3])",-0.0,-0.0,-0.0,-0.0,-0.6940000000000001,-0.6940000000000001,observed,0.6828000000000001,-2.348000000000005,0.3347999999999991
165,"([0.2, 0.2, 0.2, 0.2, 0.2], [1])","([0, 0, 0, 1, 0], [3])",-0.0,-0.9359999999999999,-0.0,-0.0,-0.0,-0.9359999999999999,observed,0.6828000000000001,-2.0948000000000055,0.3347999999999991
166,"([0.2, 0.2, 0.2, 0.2, 0.2], [1])","([0, 0, 0, 1, 0], [3])",-0.0,-0.9359999999999999,-0.0,-0.0,-0.0,-0.9359999999999999,observed,0.6828000000000001,-1.8416000000000057,0.3347999999999991
167,"([0.2, 0.2, 0.2, 0.2, 0.2], [3])","([0, 0, 0, 1, 0], [3])",-0.0,-0.0,-0.0,-0.0,-0.0,0.0,observed,0.6828000000000001,-2.5244000000000058,0.3347999999999991
168,"([0.2, 0.2, 0.2, 0.2, 0.2], [4])","([0, 0, 0, 1, 0], [3])",-0.0,-0.0,-0.0,-0.0,-0.6940000000000001,-0.6940000000000001,observed,0.6828000000000001,-2.5132000000000057,0.3347999999999991
169,"([0.2, 0.2, 0.2, 0.2, 0.2], [2])","([0, 0, 0, 1, 0], [3])",-0.0,-0.0,-0.925,-0.0,-0.0,-0.925,observed,0.6828000000000001,-2.2710000000000057,0.3347999999999991
170,"([0.2, 0.2, 0.2, 0.2, 0.2], [0])","([0, 0, 0, 1, 0], [3])",-0.8590000000000001,-0.0,-0.0,-0.0,-0.0,-0.8590000000000001,observed,0.6828000000000001,-2.0948000000000055,0.3347999999999991
171,"([0.2, 0.2, 0.2, 0.2, 0.2], [0])","([0, 0, 0, 1, 0], [3])",-0.8590000000000001,-0.0,-0.0,-0.0,-0.0,-0.8590000000000001,observed,0.6828000000000001,-1.9186000000000054,0.3347999999999991
172,"([0.2, 0.2, 0.2, 0.2, 0.2], [1])","([0, 0, 0, 1, 0], [3])",-0.0,-0.9359999999999999,-0.0,-0.0,-0.0,-0.9359999999999999,observed,0.6828000000000001,-1.6654000000000055,0.3347999999999991
173,"([0.2, 0.2, 0.2, 0.2, 0.2], [3])","([0, 0, 0, 1, 0], [3])",-0.0,-0.0,-0.0,-0.0,-0.0,0.0,observed,0.6828000000000001,-2.3482000000000056,0.3347999999999991
174,"([0.2, 0.2, 0.2, 0.2, 0.2], [0])","([0, 0, 0, 1, 0], [3])",-0.8590000000000001,-0.0,-0.0,-0.0,-0.0,-0.8590000000000001,observed,0.6828000000000001,-2.1720000000000055,0.3347999999999991
175,"([0.2, 0.2, 0.2, 0.2, 0.2], [0])","([0, 0, 0, 1, 0], [3])",-0.8590000000000001,-0.0,-0.0,-0.0,-0.0,-0.8590000000000001,observed,0.6828000000000001,-1.9958000000000053,0.3347999999999991
176,"([0.2, 0.2, 0.2, 0.2, 0.2], [2])","([0, 0, 0, 1, 0], [3])",-0.0,-0.0,-0.925,-0.0,-0.0,-0.925,observed,0.6828000000000001,-1.7536000000000054,0.3347999999999991
177,"([0.2, 0.2, 0.2, 0.2, 0.2], [2])","([0, 0, 0, 1, 0], [3])",-0.0,-0.0,-0.925,-0.0,-0.0,-0.925,observed,0.6828000000000001,-1.5114000000000054,0.3347999999999991
178,"([0.2, 0.2, 0.2, 0.2, 0.2], [4])","([0, 0, 0, 1, 0], [3])",-0.0,-0.0,-0.0,-0.0,-0.6940000000000001,-0.6940000000000001,observed,0.6828000000000001,-1.5002000000000053,0.3347999999999991
179,"([0.2, 0.2, 0.2, 0.2, 0.2], [0])","([0, 0, 0, 1, 0], [3])",-0.8590000000000001,-0.0,-0.0,-0.0,-0.0,-0.8590000000000001,observed,0.6828000000000001,-1.3240000000000052,0.3347999999999991
180,"([0.2, 0.2, 0.2, 0.2, 0.2], [4])","([0, 0, 0, 1, 0], [3])",-0.0,-0.0,-0.0,-0.0,-0.6940000000000001,-0.6940000000000001,observed,0.6828000000000001,-1.312800000000005,0.3347999999999991
181,"([0.2, 0.2, 0.2, 0.2, 0.2], [2])","([0, 0, 0, 1, 0], [3])",-0.0,-0.0,-0.925,-0.0,-0.0,-0.925,observed,0.6828000000000001,-1.070600000000005,0.3347999999999991
182,"([0.2, 0.2, 0.2, 0.2, 0.2], [3])","([0, 0, 0, 1, 0], [3])",-0.0,-0.0,-0.0,-0.0,-0.0,0.0,observed,0.6828000000000001,-1.7534000000000052,0.3347999999999991
183,"([0.2, 0.2, 0.2, 0.2, 0.2], [4])","([0, 0, 0, 1, 0], [3])",-0.0,-0.0,-0.0,-0.0,-0.6940000000000001,-0.6940000000000001,observed,0.6828000000000001,-1.7422000000000053,0.3347999999999991
184,"([0.2, 0.2, 0.2, 0.2, 0.2], [1])","([0, 0, 0, 1, 0], [3])",-0.0,-0.9359999999999999,-0.0,-0.0,-0.0,-0.9359999999999999,observed,0.6828000000000001,-1.4890000000000054,0.3347999999999991
185,"([0.2, 0.2, 0.2, 0.2, 0.2], [1])","([0, 0, 0, 1, 0], [3])",-0.0,-0.9359999999999999,-0.0,-0.0,-0.0,-0.9359999999999999,observed,0.6828000000000001,-1.2358000000000056,0.3347999999999991
186,"([0.2, 0.2, 0.2, 0.2, 0.2], [2])","([0, 0, 0, 1, 0], [3])",-0.0,-0.0,-0.925,-0.0,-0.0,-0.925,observed,0.6828000000000001,-0.9936000000000056,0.3347999999999991
187,"([0.2, 0.2, 0.2, 0.2, 0.2], [4])","([0, 0, 0, 1, 0], [3])",-0.0,-0.0,-0.0,-0.0,-0.6940000000000001,-0.6940000000000001,observed,0.6828000000000001,-0.9824000000000056,0.3347999999999991
188,"([0.2, 0.2, 0.2, 0.2, 0.2], [4])","([0, 0, 0, 1, 0], [3])",-0.0,-0.0,-0.0,-0.0,-0.6940000000000001,-0.6940000000000001,observed,0.6828000000000001,-0.9712000000000056,0.3347999999999991
189,"([0.2, 0.2, 0.2, 0.2, 0.2], [2])","([0, 0, 0, 1, 0], [3])",-0.0,-0.0,-0.925,-0.0,-0.0,-0.925,observed,0.6828000000000001,-0.7290000000000056,0.3347999999999991
190,"([0.2, 0.2, 0.2, 0.2, 0.2], [0])","([0, 0, 0, 1, 0], [3])",-0.8590000000000001,-0.0,-0.0,-0.0,-0.0,-0.8590000000000001,observed,0.6828000000000001,-0.5528000000000056,0.3347999999999991
191,"([0.2, 0.2, 0.2, 0.2, 0.2], [4])","([0, 0, 0, 1, 0], [3])",-0.0,-0.0,-0.0,-0.0,-0.6940000000000001,-0.6940000000000001,observed,0.6828000000000001,-0.5416000000000056,0.3347999999999991
192,"([0.2, 0.2, 0.2, 0.2, 0.2], [3])","([0, 0, 0, 1, 0], [3])",-0.0,-0.0,-0.0,-0.0,-0.0,0.0,observed,0.6828000000000001,-1.2244000000000057,0.3347999999999991
193,"([0.2, 0.2, 0.2, 0.2, 0.2], [2])","([0, 0, 0, 1, 0], [3])",-0.0,-0.0,-0.925,-0.0,-0.0,-0.925,observed,0.6828000000000001,-0.9822000000000057,0.3347999999999991
194,"([0.2, 0.2, 0.2, 0.2, 0.2], [1])","([0, 0, 0, 1, 0], [3])",-0.0,-0.9359999999999999,-0.0,-0.0,-0.0,-0.9359999999999999,observed,0.6828000000000001,-0.7290000000000059,0.3347999999999991
195,"([0.2, 0.2, 0.2, 0.2, 0.2], [0])","([0, 0, 0, 1, 0], [3])",-0.8590000000000001,-0.0,-0.0,-0.0,-0.0,-0.8590000000000001,observed,0.6828000000000001,-0.5528000000000058,0.3347999999999991
196,"([0.2, 0.2, 0.2, 0.2, 0.2], [3])","([0, 0, 0, 1, 0], [3])",-0.0,-0.0,-0.0,-0.0,-0.0,0.0,observed,0.6828000000000001,-1.235600000000006,0.3347999999999991
197,"([0.2, 0.2, 0.2, 0.2, 0.2], [0])","([0, 0, 0, 1, 0], [3])",-0.8590000000000001,-0.0,-0.0,-0.0,-0.0,-0.8590000000000001,observed,0.6828000000000001,-1.059400000000006,0.3347999999999991
198,"([0.2, 0.2, 0.2, 0.2, 0.2], [4])","([0, 0, 0, 1, 0], [3])",-0.0,-0.0,-0.0,-0.0,-0.6940000000000001,-0.6940000000000001,observed,0.6828000000000001,-1.0482000000000058,0.3347999999999991
199,"([0.2, 0.2, 0.2, 0.2, 0.2], [4])","([0, 0, 0, 1, 0], [3])",-0.0,-0.0,-0.0,-0.0,-0.6940000000000001,-0.6940000000000001,observed,0.6828000000000001,-1.0370000000000057,0.3347999999999991
200,"([0.2, 0.2, 0.2, 0.2, 0.2], [4])","([0, 0, 0, 1, 0], [3])",-0.0,-0.0,-0.0,-0.0,-0.6940000000000001,-0.6940000000000001,observed,0.6828000000000001,-1.0258000000000056,0.3347999999999991
201,"([0.2, 0.2, 0.2, 0.2, 0.2], [1])","([0, 0, 0, 1, 0], [3])",-0.0,-0.9359999999999999,-0.0,-0.0,-0.0,-0.9359999999999999,observed,0.6828000000000001,-0.7726000000000057,0.3347999999999991
202,"([0.2, 0.2, 0.2, 0.2, 0.2], [3])","([0, 0, 0, 1, 0], [3])",-0.0,-0.0,-0.0,-0.0,-0.0,0.0,observed,0.6828000000000001,-1.4554000000000058,0.3347999999999991
203,"([0.2, 0.2, 0.2, 0.2, 0.2], [3])","([0, 0, 0, 1, 0], [3])",-0.0,-0.0,-0.0,-0.0,-0.0,0.0,observed,0.6828000000000001,-2.1382000000000057,0.3347999999999991
204,"([0.2, 0.2, 0.2, 0.2, 0.2], [0])","([0, 0, 0, 1, 0], [3])",-0.8590000000000001,-0.0,-0.0,-0.0,-0.0,-0.8590000000000001,observed,0.6828000000000001,-1.9620000000000055,0.3347999999999991
205,"([0.2, 0.2, 0.2, 0.2, 0.2], [2])","([0, 0, 0, 1, 0], [3])",-0.0,-0.0,-0.925,-0.0,-0.0,-0.925,observed,0.6828000000000001,-1.7198000000000055,0.3347999999999991
206,"([0.2, 0.2, 0.2, 0.2, 0.2], [3])","([0, 0, 0, 1, 0], [3])",-0.0,-0.0,-0.0,-0.0,-0.0,0.0,observed,0.6828000000000001,-2.402600000000006,0.3347999999999991
207,"([0.2, 0.2, 0.2, 0.2, 0.2], [4])","([0, 0, 0, 1, 0], [3])",-0.0,-0.0,-0.0,-0.0,-0.6940000000000001,-0.6940000000000001,observed,0.6828000000000001,-2.3914000000000057,0.3347999999999991
208,"([0.2, 0.2, 0.2, 0.2, 0.2], [2])","([0, 0, 0, 1, 0], [3])",-0.0,-0.0,-0.925,-0.0,-0.0,-0.925,observed,0.6828000000000001,-2.1492000000000058,0.3347999999999991
209,"([0.2, 0.2, 0.2, 0.2, 0.2], [2])","([0, 0, 0, 1, 0], [3])",-0.0,-0.0,-0.925,-0.0,-0.0,-0.925,observed,0.6828000000000001,-1.9070000000000058,0.3347999999999991
210,"([0.2, 0.2, 0.2, 0.2, 0.2], [1])","([0, 0, 0, 1, 0], [3])",-0.0,-0.9359999999999999,-0.0,-0.0,-0.0,-0.9359999999999999,observed,0.6828000000000001,-1.653800000000006,0.3347999999999991
211,"([0.2, 0.2, 0.2, 0.2, 0.2], [0])","([0, 0, 0, 1, 0], [3])",-0.8590000000000001,-0.0,-0.0,-0.0,-0.0,-0.8590000000000001,observed,0.6828000000000001,-1.477600000000006,0.3347999999999991
212,"([0.2, 0.2, 0.2, 0.2, 0.2], [1])","([0, 0, 0, 1, 0], [3])",-0.0,-0.9359999999999999,-0.0,-0.0,-0.0,-0.9359999999999999,observed,0.6828000000000001,-1.2244000000000062,0.3347999999999991
213,"([0.2, 0.2, 0.2, 0.2, 0.2], [4])","([0, 0, 0, 1, 0], [3])",-0.0,-0.0,-0.0,-0.0,-0.6940000000000001,-0.6940000000000001,observed,0.6828000000000001,-1.2132000000000063,0.3347999999999991
214,"([0.2, 0.2, 0.2, 0.2, 0.2], [2])","([0, 0, 0, 1, 0], [3])",-0.0,-0.0,-0.925,-0.0,-0.0,-0.925,observed,0.6828000000000001,-0.9710000000000063,0.3347999999999991
215,"([0.2, 0.2, 0.2, 0.2, 0.2], [3])","([0, 0, 0, 1, 0], [3])",-0.0,-0.0,-0.0,-0.0,-0.0,0.0,observed,0.6828000000000001,-1.6538000000000064,0.3347999999999991
216,"([0.2, 0.2, 0.2, 0.2, 0.2], [2])","([0, 0, 0, 1, 0], [3])",-0.0,-0.0,-0.925,-0.0,-0.0,-0.925,observed,0.6828000000000001,-1.4116000000000064,0.3347999999999991
217,"([0.2, 0.2, 0.2, 0.2, 0.2], [1])","([0, 0, 0, 1, 0], [3])",-0.0,-0.9359999999999999,-0.0,-0.0,-0.0,-0.9359999999999999,observed,0.6828000000000001,-1.1584000000000065,0.3347999999999991
218,"([0.2, 0.2, 0.2, 0.2, 0.2], [2])","([0, 0, 0, 1, 0], [3])",-0.0,-0.0,-0.925,-0.0,-0.0,-0.925,observed,0.6828000000000001,-0.9162000000000066,0.3347999999999991
219,"([0.2, 0.2, 0.2, 0.2, 0.2], [4])","([0, 0, 0, 1, 0], [3])",-0.0,-0.0,-0.0,-0.0,-0.6940000000000001,-0.6940000000000001,observed,0.6828000000000001,-0.9050000000000066,0.3347999999999991
220,"([0.2, 0.2, 0.2, 0.2, 0.2], [1])","([0, 0, 0, 1, 0], [3])",-0.0,-0.9359999999999999,-0.0,-0.0,-0.0,-0.9359999999999999,observed,0.6828000000000001,-0.6518000000000067,0.3347999999999991
221,"([0.2, 0.2, 0.2, 0.2, 0.2], [1])","([0, 0, 0, 1, 0], [3])",-0.0,-0.9359999999999999,-0.0,-0.0,-0.0,-0.9359999999999999,observed,0.6828000000000001,-0.39860000000000684,0.3347999999999991
222,"([0.2, 0.2, 0.2, 0.2, 0.2], [3])","([0, 0, 0, 1, 0], [3])",-0.0,-0.0,-0.0,-0.0,-0.0,0.0,observed,0.6828000000000001,-1.081400000000007,0.3347999999999991
223,"([0.2, 0.2, 0.2, 0.2, 0.2], [0])","([0, 0, 0, 1, 0], [3])",-0.8590000000000001,-0.0,-0.0,-0.0,-0.0,-0.8590000000000001,observed,0.6828000000000001,-0.905200000000007,0.3347999999999991
224,"([0.2, 0.2, 0.2, 0.2, 0.2], [3])","([0, 0, 0, 1, 0], [3])",-0.0,-0.0,-0.0,-0.0,-0.0,0.0,observed,0.6828000000000001,-1.5880000000000072,0.3347999999999991
225,"([0.2, 0.2, 0.2, 0.2, 0.2], [2])","([0, 0, 0, 1, 0], [3])",-0.0,-0.0,-0.925,-0.0,-0.0,-0.925,observed,0.6828000000000001,-1.3458000000000072,0.3347999999999991
226,"([0.2, 0.2, 0.2, 0.2, 0.2], [2])","([0, 0, 0, 1, 0], [3])",-0.0,-0.0,-0.925,-0.0,-0.0,-0.925,observed,0.6828000000000001,-1.1036000000000072,0.3347999999999991
227,"([0.2, 0.2, 0.2, 0.2, 0.2], [2])","([0, 0, 0, 1, 0], [3])",-0.0,-0.0,-0.925,-0.0,-0.0,-0.925,observed,0.6828000000000001,-0.8614000000000073,0.3347999999999991
228,"([0.2, 0.2, 0.2, 0.2, 0.2], [1])","([0, 0, 0, 1, 0], [3])",-0.0,-0.9359999999999999,-0.0,-0.0,-0.0,-0.9359999999999999,observed,0.6828000000000001,-0.6082000000000074,0.3347999999999991
229,"([0.2, 0.2, 0.2, 0.2, 0.2], [0])","([0, 0, 0, 1, 0], [3])",-0.8590000000000001,-0.0,-0.0,-0.0,-0.0,-0.8590000000000001,observed,0.6828000000000001,-0.4320000000000074,0.3347999999999991
230,"([0.2, 0.2, 0.2, 0.2, 0.2], [3])","([0, 0, 0, 1, 0], [3])",-0.0,-0.0,-0.0,-0.0,-0.0,0.0,observed,0.6828000000000001,-1.1148000000000073,0.3347999999999991
231,"([0.2, 0.2, 0.2, 0.2, 0.2], [4])","([0, 0, 0, 1, 0], [3])",-0.0,-0.0,-0.0,-0.0,-0.6940000000000001,-0.6940000000000001,observed,0.6828000000000001,-1.1036000000000072,0.3347999999999991
232,"([0.2, 0.2, 0.2, 0.2, 0.2], [0])","([0, 0, 0, 1, 0], [3])",-0.8590000000000001,-0.0,-0.0,-0.0,-0.0,-0.8590000000000001,observed,0.6828000000000001,-0.9274000000000072,0.3347999999999991
233,"([0.2, 0.2, 0.2, 0.2, 0.2], [4])","([0, 0, 0, 1, 0], [3])",-0.0,-0.0,-0.0,-0.0,-0.6940000000000001,-0.6940000000000001,observed,0.6828000000000001,-0.9162000000000072,0.3347999999999991
234,"([0.2, 0.2, 0.2, 0.2, 0.2], [1])","([0, 0, 0, 1, 0], [3])",-0.0,-0.9359999999999999,-0.0,-0.0,-0.0,-0.9359999999999999,observed,0.6828000000000001,-0.6630000000000074,0.3347999999999991
235,"([0.2, 0.2, 0.2, 0.2, 0.2], [4])","([0, 0, 0, 1, 0], [3])",-0.0,-0.0,-0.0,-0.0,-0.6940000000000001,-0.6940000000000001,observed,0.6828000000000001,-0.6518000000000074,0.3347999999999991
236,"([0.2, 0.2, 0.2, 0.2, 0.2], [0])","([0, 0, 0, 1, 0], [3])",-0.8590000000000001,-0.0,-0.0,-0.0,-0.0,-0.8590000000000001,observed,0.6828000000000001,-0.47560000000000735,0.3347999999999991
237,"([0.2, 0.2, 0.2, 0.2, 0.2], [2])","([0, 0, 0, 1, 0], [3])",-0.0,-0.0,-0.925,-0.0,-0.0,-0.925,observed,0.6828000000000001,-0.23340000000000738,0.3347999999999991
238,"([0.2, 0.2, 0.2, 0.2, 0.2], [3])","([0, 0, 0, 1, 0], [3])",-0.0,-0.0,-0.0,-0.0,-0.0,0.0,observed,0.6828000000000001,-0.9162000000000075,0.3347999999999991
239,"([0.2, 0.2, 0.2, 0.2, 0.2], [2])","([0, 0, 0, 1, 0], [3])",-0.0,-0.0,-0.925,-0.0,-0.0,-0.925,observed,0.6828000000000001,-0.6740000000000075,0.3347999999999991
240,"([0.2, 0.2, 0.2, 0.2, 0.2], [4])","([0, 0, 0, 1, 0], [3])",-0.0,-0.0,-0.0,-0.0,-0.6940000000000001,-0.6940000000000001,observed,0.6828000000000001,-0.6628000000000075,0.3347999999999991
241,"([0.2, 0.2, 0.2, 0.2, 0.2], [2])","([0, 0, 0, 1, 0], [3])",-0.0,-0.0,-0.925,-0.0,-0.0,-0.925,observed,0.6828000000000001,-0.4206000000000075,0.3347999999999991
242,"([0.2, 0.2, 0.2, 0.2, 0.2], [1])","([0, 0, 0, 1, 0], [3])",-0.0,-0.9359999999999999,-0.0,-0.0,-0.0,-0.9359999999999999,observed,0.6828000000000001,-0.16740000000000765,0.3347999999999991
243,"([0.2, 0.2, 0.2, 0.2, 0.2], [4])","([0, 0, 0, 1, 0], [3])",-0.0,-0.0,-0.0,-0.0,-0.6940000000000001,-0.6940000000000001,observed,0.6828000000000001,-0.15620000000000767,0.3347999999999991
244,"([0.2, 0.2, 0.2, 0.2, 0.2], [3])","([0, 0, 0, 1, 0], [3])",-0.0,-0.0,-0.0,-0.0,-0.0,0.0,observed,0.6828000000000001,-0.8390000000000077,0.3347999999999991
245,"([0.2, 0.2, 0.2, 0.2, 0.2], [4])","([0, 0, 0, 1, 0], [3])",-0.0,-0.0,-0.0,-0.0,-0.6940000000000001,-0.6940000000000001,observed,0.6828000000000001,-0.8278000000000078,0.3347999999999991
246,"([0.2, 0.2, 0.2, 0.2, 0.2], [2])","([0, 0, 0, 1, 0], [3])",-0.0,-0.0,-0.925,-0.0,-0.0,-0.925,observed,0.6828000000000001,-0.5856000000000078,0.3347999999999991
247,"([0.2, 0.2, 0.2, 0.2, 0.2], [3])","([0, 0, 0, 1, 0], [3])",-0.0,-0.0,-0.0,-0.0,-0.0,0.0,observed,0.6828000000000001,-1.2684000000000077,0.3347999999999991
248,"([0.2, 0.2, 0.2, 0.2, 0.2], [2])","([0, 0, 0, 1, 0], [3])",-0.0,-0.0,-0.925,-0.0,-0.0,-0.925,observed,0.6828000000000001,-1.0262000000000078,0.3347999999999991
249,"([0.2, 0.2, 0.2, 0.2, 0.2], [0])","([0, 0, 0, 1, 0], [3])",-0.8590000000000001,-0.0,-0.0,-0.0,-0.0,-0.8590000000000001,observed,0.6828000000000001,-0.8500000000000077,0.3347999999999991
250,"([0.2, 0.2, 0.2, 0.2, 0.2], [4])","([0, 0, 0, 1, 0], [3])",-0.0,-0.0,-0.0,-0.0,-0.6940000000000001,-0.6940000000000001,observed,0.6828000000000001,-0.8388000000000078,0.3347999999999991
251,"([0.2, 0.2, 0.2, 0.2, 0.2], [4])","([0, 0, 0, 1, 0], [3])",-0.0,-0.0,-0.0,-0.0,-0.6940000000000001,-0.6940000000000001,observed,0.6828000000000001,-0.8276000000000078,0.3347999999999991
252,"([0.2, 0.2, 0.2, 0.2, 0.2], [0])","([0, 0, 0, 1, 0], [3])",-0.8590000000000001,-0.0,-0.0,-0.0,-0.0,-0.8590000000000001,observed,0.6828000000000001,-0.6514000000000078,0.3347999999999991
253,"([0.2, 0.2, 0.2, 0.2, 0.2], [1])","([0, 0, 0, 1, 0], [3])",-0.0,-0.9359999999999999,-0.0,-0.0,-0.0,-0.9359999999999999,observed,0.6828000000000001,-0.3982000000000079,0.3347999999999991
254,"([0.2, 0.2, 0.2, 0.2, 0.2], [3])","([0, 0, 0, 1, 0], [3])",-0.0,-0.0,-0.0,-0.0,-0.0,0.0,observed,0.6828000000000001,-1.081000000000008,0.3347999999999991
255,"([0.2, 0.2, 0.2, 0.2, 0.2], [4])","([0, 0, 0, 1, 0], [3])",-0.0,-0.0,-0.0,-0.0,-0.6940000000000001,-0.6940000000000001,observed,0.6828000000000001,-1.0698000000000079,0.3347999999999991
256,"([0.2, 0.2, 0.2, 0.2, 0.2], [1])","([0, 0, 0, 1, 0], [3])",-0.0,-0.9359999999999999,-0.0,-0.0,-0.0,-0.9359999999999999,observed,0.6828000000000001,-0.816600000000008,0.3347999999999991
257,"([0.2, 0.2, 0.2, 0.2, 0.2], [2])","([0, 0, 0, 1, 0], [3])",-0.0,-0.0,-0.925,-0.0,-0.0,-0.925,observed,0.6828000000000001,-0.574400000000008,0.3347999999999991
258,"([0.2, 0.2, 0.2, 0.2, 0.2], [0])","([0, 0, 0, 1, 0], [3])",-0.8590000000000001,-0.0,-0.0,-0.0,-0.0,-0.8590000000000001,observed,0.6828000000000001,-0.398200000000008,0.3347999999999991
259,"([0.2, 0.2, 0.2, 0.2, 0.2], [4])","([0, 0, 0, 1, 0], [3])",-0.0,-0.0,-0.0,-0.0,-0.6940000000000001,-0.6940000000000001,observed,0.6828000000000001,-0.387000000000008,0.3347999999999991
260,"([0.2, 0.2, 0.2, 0.2, 0.2], [3])","([0, 0, 0, 1, 0], [3])",-0.0,-0.0,-0.0,-0.0,-0.0,0.0,observed,0.6828000000000001,-1.069800000000008,0.3347999999999991
261,"([0.2, 0.2, 0.2, 0.2, 0.2], [4])","([0, 0, 0, 1, 0], [3])",-0.0,-0.0,-0.0,-0.0,-0.6940000000000001,-0.6940000000000001,observed,0.6828000000000001,-1.0586000000000082,0.3347999999999991
262,"([0.2, 0.2, 0.2, 0.2, 0.2], [0])","([0, 0, 0, 1, 0], [3])",-0.8590000000000001,-0.0,-0.0,-0.0,-0.0,-0.8590000000000001,observed,0.6828000000000001,-0.8824000000000082,0.3347999999999991
263,"([0.2, 0.2, 0.2, 0.2, 0.2], [2])","([0, 0, 0, 1, 0], [3])",-0.0,-0.0,-0.925,-0.0,-0.0,-0.925,observed,0.6828000000000001,-0.6402000000000082,0.3347999999999991
264,"([0.2, 0.2, 0.2, 0.2, 0.2], [2])","([0, 0, 0, 1, 0], [3])",-0.0,-0.0,-0.925,-0.0,-0.0,-0.925,observed,0.6828000000000001,-0.39800000000000824,0.3347999999999991
265,"([0.2, 0.2, 0.2, 0.2, 0.2], [1])","([0, 0, 0, 1, 0], [3])",-0.0,-0.9359999999999999,-0.0,-0.0,-0.0,-0.9359999999999999,observed,0.6828000000000001,-0.14480000000000837,0.3347999999999991
266,"([0.2, 0.2, 0.2, 0.2, 0.2], [3])","([0, 0, 0, 1, 0], [3])",-0.0,-0.0,-0.0,-0.0,-0.0,0.0,observed,0.6828000000000001,-0.8276000000000084,0.3347999999999991
267,"([0.2, 0.2, 0.2, 0.2, 0.2], [1])","([0, 0, 0, 1, 0], [3])",-0.0,-0.9359999999999999,-0.0,-0.0,-0.0,-0.9359999999999999,observed,0.6828000000000001,-0.5744000000000086,0.3347999999999991
268,"([0.2, 0.2, 0.2, 0.2, 0.2], [3])","([0, 0, 0, 1, 0], [3])",-0.0,-0.0,-0.0,-0.0,-0.0,0.0,observed,0.6828000000000001,-1.2572000000000085,0.3347999999999991
269,"([0.2, 0.2, 0.2, 0.2, 0.2], [1])","([0, 0, 0, 1, 0], [3])",-0.0,-0.9359999999999999,-0.0,-0.0,-0.0,-0.9359999999999999,observed,0.6828000000000001,-1.0040000000000087,0.3347999999999991
270,"([0.2, 0.2, 0.2, 0.2, 0.2], [4])","([0, 0, 0, 1, 0], [3])",-0.0,-0.0,-0.0,-0.0,-0.6940000000000001,-0.6940000000000001,observed,0.6828000000000001,-0.9928000000000087,0.3347999999999991
271,"([0.2, 0.2, 0.2, 0.2, 0.2], [2])","([0, 0, 0, 1, 0], [3])",-0.0,-0.0,-0.925,-0.0,-0.0,-0.925,observed,0.6828000000000001,-0.7506000000000087,0.3347999999999991
272,"([0.2, 0.2, 0.2, 0.2, 0.2], [3])","([0, 0, 0, 1, 0], [3])",-0.0,-0.0,-0.0,-0.0,-0.0,0.0,observed,0.6828000000000001,-1.4334000000000087,0.3347999999999991
273,"([0.2, 0.2, 0.2, 0.2, 0.2], [0])","([0, 0, 0, 1, 0], [3])",-0.8590000000000001,-0.0,-0.0,-0.0,-0.0,-0.8590000000000001,observed,0.6828000000000001,-1.2572000000000085,0.3347999999999991
274,"([0.2, 0.2, 0.2, 0.2, 0.2], [3])","([0, 0, 0, 1, 0], [3])",-0.0,-0.0,-0.0,-0.0,-0.0,0.0,observed,0.6828000000000001,-1.9400000000000086,0.3347999999999991
275,"([0.2, 0.2, 0.2, 0.2, 0.2], [3])","([0, 0, 0, 1, 0], [3])",-0.0,-0.0,-0.0,-0.0,-0.0,0.0,observed,0.6828000000000001,-2.6228000000000087,0.3347999999999991
276,"([0.2, 0.2, 0.2, 0.2, 0.2], [1])","([0, 0, 0, 1, 0], [3])",-0.0,-0.9359999999999999,-0.0,-0.0,-0.0,-0.9359999999999999,observed,0.6828000000000001,-2.369600000000009,0.3347999999999991
277,"([0.2, 0.2, 0.2, 0.2, 0.2], [2])","([0, 0, 0, 1, 0], [3])",-0.0,-0.0,-0.925,-0.0,-0.0,-0.925,observed,0.6828000000000001,-2.127400000000009,0.3347999999999991
278,"([0.2, 0.2, 0.2, 0.2, 0.2], [0])","([0, 0, 0, 1, 0], [3])",-0.8590000000000001,-0.0,-0.0,-0.0,-0.0,-0.8590000000000001,observed,0.6828000000000001,-1.951200000000009,0.3347999999999991
279,"([0.2, 0.2, 0.2, 0.2, 0.2], [4])","([0, 0, 0, 1, 0], [3])",-0.0,-0.0,-0.0,-0.0,-0.6940000000000001,-0.6940000000000001,observed,0.6828000000000001,-1.9400000000000088,0.3347999999999991
280,"([0.2, 0.2, 0.2, 0.2, 0.2], [4])","([0, 0, 0, 1, 0], [3])",-0.0,-0.0,-0.0,-0.0,-0.6940000000000001,-0.6940000000000001,observed,0.6828000000000001,-1.9288000000000087,0.3347999999999991
281,"([0.2, 0.2, 0.2, 0.2, 0.2], [1])","([0, 0, 0, 1, 0], [3])",-0.0,-0.9359999999999999,-0.0,-0.0,-0.0,-0.9359999999999999,observed,0.6828000000000001,-1.6756000000000089,0.3347999999999991
282,"([0.2, 0.2, 0.2, 0.2, 0.2], [0])","([0, 0, 0, 1, 0], [3])",-0.8590000000000001,-0.0,-0.0,-0.0,-0.0,-0.8590000000000001,observed,0.6828000000000001,-1.499400000000009,0.3347999999999991
283,"([0.2, 0.2, 0.2, 0.2, 0.2], [0])","([0, 0, 0, 1, 0], [3])",-0.8590000000000001,-0.0,-0.0,-0.0,-0.0,-0.8590000000000001,observed,0.6828000000000001,-1.3232000000000088,0.3347999999999991
284,"([0.2, 0.2, 0.2, 0.2, 0.2], [2])","([0, 0, 0, 1, 0], [3])",-0.0,-0.0,-0.925,-0.0,-0.0,-0.925,observed,0.6828000000000001,-1.0810000000000088,0.3347999999999991
285,"([0.2, 0.2, 0.2, 0.2, 0.2], [1])","([0, 0, 0, 1, 0], [3])",-0.0,-0.9359999999999999,-0.0,-0.0,-0.0,-0.9359999999999999,observed,0.6828000000000001,-0.827800000000009,0.3347999999999991
286,"([0.2, 0.2, 0.2, 0.2, 0.2], [1])","([0, 0, 0, 1, 0], [3])",-0.0,-0.9359999999999999,-0.0,-0.0,-0.0,-0.9359999999999999,observed,0.6828000000000001,-0.5746000000000091,0.3347999999999991
287,"([0.2, 0.2, 0.2, 0.2, 0.2], [0])","([0, 0, 0, 1, 0], [3])",-0.8590000000000001,-0.0,-0.0,-0.0,-0.0,-0.8590000000000001,observed,0.6828000000000001,-0.3984000000000091,0.3347999999999991
288,"([0.2, 0.2, 0.2, 0.2, 0.2], [3])","([0, 0, 0, 1, 0], [3])",-0.0,-0.0,-0.0,-0.0,-0.0,0.0,observed,0.6828000000000001,-1.0812000000000093,0.3347999999999991
289,"([0.2, 0.2, 0.2, 0.2, 0.2], [3])","([0, 0, 0, 1, 0], [3])",-0.0,-0.0,-0.0,-0.0,-0.0,0.0,observed,0.6828000000000001,-1.7640000000000093,0.3347999999999991
290,"([0.2, 0.2, 0.2, 0.2, 0.2], [1])","([0, 0, 0, 1, 0], [3])",-0.0,-0.9359999999999999,-0.0,-0.0,-0.0,-0.9359999999999999,observed,0.6828000000000001,-1.5108000000000095,0.3347999999999991
291,"([0.2, 0.2, 0.2, 0.2, 0.2], [2])","([0, 0, 0, 1, 0], [3])",-0.0,-0.0,-0.925,-0.0,-0.0,-0.925,observed,0.6828000000000001,-1.2686000000000095,0.3347999999999991
292,"([0.2, 0.2, 0.2, 0.2, 0.2], [3])","([0, 0, 0, 1, 0], [3])",-0.0,-0.0,-0.0,-0.0,-0.0,0.0,observed,0.6828000000000001,-1.9514000000000096,0.3347999999999991
293,"([0.2, 0.2, 0.2, 0.2, 0.2], [2])","([0, 0, 0, 1, 0], [3])",-0.0,-0.0,-0.925,-0.0,-0.0,-0.925,observed,0.6828000000000001,-1.7092000000000096,0.3347999999999991
294,"([0.2, 0.2, 0.2, 0.2, 0.2], [1])","([0, 0, 0, 1, 0], [3])",-0.0,-0.9359999999999999,-0.0,-0.0,-0.0,-0.9359999999999999,observed,0.6828000000000001,-1.4560000000000097,0.3347999999999991
295,"([0.2, 0.2, 0.2, 0.2, 0.2], [1])","([0, 0, 0, 1, 0], [3])",-0.0,-0.9359999999999999,-0.0,-0.0,-0.0,-0.9359999999999999,observed,0.6828000000000001,-1.2028000000000099,0.3347999999999991
296,"([0.2, 0.2, 0.2, 0.2, 0.2], [1])","([0, 0, 0, 1, 0], [3])",-0.0,-0.9359999999999999,-0.0,-0.0,-0.0,-0.9359999999999999,observed,0.6828000000000001,-0.94960000000001,0.3347999999999991
297,"([0.2, 0.2, 0.2, 0.2, 0.2], [1])","([0, 0, 0, 1, 0], [3])",-0.0,-0.9359999999999999,-0.0,-0.0,-0.0,-0.9359999999999999,observed,0.6828000000000001,-0.6964000000000101,0.3347999999999991
298,"([0.2, 0.2, 0.2, 0.2, 0.2], [1])","([0, 0, 0, 1, 0], [3])",-0.0,-0.9359999999999999,-0.0,-0.0,-0.0,-0.9359999999999999,observed,0.6828000000000001,-0.44320000000001025,0.3347999999999991
299,"([0.2, 0.2, 0.2, 0.2, 0.2], [3])","([0, 0, 0, 1, 0], [3])",-0.0,-0.0,-0.0,-0.0,-0.0,0.0,observed,0.6828000000000001,-1.1260000000000103,0.3347999999999991
