,sto-1,FB-0,feedback target 0,feedback target 1,feedback target 2,feedback target 3,feedback target 4,total,target_observed?,exp_loss,actual_regret,exp_regret
0,"([0.26, 0.12, 0.33, 0.23, 0.07], [0])","([0, 0, 0, 1, 0], [3])",-0.8540000000000001,-0.0,-0.0,-0.0,-0.0,-0.8540000000000001,observed,0.6772560000000001,0.25560800000000006,0.07886400000000005
1,"([0.26, 0.12, 0.33, 0.23, 0.07], [1])","([1, 0, 0, 0, 0], [0])",-0.0,-0.9520000000000001,-0.0,-0.0,-0.0,-0.9520000000000001,observed,0.6585000000000001,0.6092160000000001,0.1389720000000001
2,"([0.26, 0.12, 0.33, 0.23, 0.07], [0])","([0, 1, 0, 0, 0], [1])",-0.8540000000000001,-0.0,-0.0,-0.0,-0.0,-0.8540000000000001,observed,0.767448,0.8648240000000001,0.3080280000000001
3,"([0.26, 0.12, 0.33, 0.23, 0.07], [2])","([0, 1, 0, 0, 0], [1])",-0.0,-0.0,-0.855,-0.0,-0.0,-0.855,observed,0.767448,1.121432,0.47708400000000006
4,"([0.26, 0.12, 0.33, 0.23, 0.07], [3])","([1, 0, 0, 0, 0], [0])",-0.0,-0.0,-0.0,-0.888,-0.0,-0.888,observed,0.6585000000000001,1.4110399999999998,0.5371920000000001
5,"([0.26, 0.12, 0.33, 0.23, 0.07], [2])","([1, 0, 0, 0, 0], [0])",-0.0,-0.0,-0.855,-0.0,-0.0,-0.855,observed,0.6585000000000001,1.6676479999999998,0.5973000000000002
6,"([0.26, 0.12, 0.33, 0.23, 0.07], [2])","([1, 0, 0, 0, 0], [0])",-0.0,-0.0,-0.855,-0.0,-0.0,-0.855,observed,0.6585000000000001,1.9242559999999997,0.6574080000000002
7,"([0.26, 0.12, 0.33, 0.23, 0.07], [4])","([0, 0, 1, 0, 0], [2])",-0.0,-0.0,-0.0,-0.0,-0.93,-0.93,observed,0.598392,2.255864,0.6574080000000002
8,"([0.26, 0.12, 0.33, 0.23, 0.07], [2])","([0, 0, 1, 0, 0], [2])",-0.0,-0.0,-0.0,-0.0,-0.0,0.0,observed,0.598392,1.6574719999999998,0.6574080000000002
9,"([0.26, 0.12, 0.33, 0.23, 0.07], [3])","([0, 0, 1, 0, 0], [2])",-0.0,-0.0,-0.0,-0.888,-0.0,-0.888,observed,0.598392,1.9470799999999997,0.6574080000000002
10,"([0.26, 0.12, 0.33, 0.23, 0.07], [2])","([0, 0, 1, 0, 0], [2])",-0.0,-0.0,-0.0,-0.0,-0.0,0.0,observed,0.598392,1.3486879999999997,0.6574080000000002
11,"([0.26, 0.12, 0.33, 0.23, 0.07], [4])","([0, 0, 1, 0, 0], [2])",-0.0,-0.0,-0.0,-0.0,-0.93,-0.93,observed,0.598392,1.6802959999999998,0.6574080000000002
12,"([0.26, 0.12, 0.33, 0.23, 0.07], [2])","([0, 0, 1, 0, 0], [2])",-0.0,-0.0,-0.0,-0.0,-0.0,0.0,observed,0.598392,1.0819039999999998,0.6574080000000002
13,"([0.26, 0.12, 0.33, 0.23, 0.07], [2])","([0, 0, 1, 0, 0], [2])",-0.0,-0.0,-0.0,-0.0,-0.0,0.0,observed,0.598392,0.4835119999999997,0.6574080000000002
14,"([0.26, 0.12, 0.33, 0.23, 0.07], [3])","([0, 0, 1, 0, 0], [2])",-0.0,-0.0,-0.0,-0.888,-0.0,-0.888,observed,0.598392,0.7731199999999997,0.6574080000000002
15,"([0.26, 0.12, 0.33, 0.23, 0.07], [2])","([0, 0, 1, 0, 0], [2])",-0.0,-0.0,-0.0,-0.0,-0.0,0.0,observed,0.598392,0.17472799999999966,0.6574080000000002
16,"([0.26, 0.12, 0.33, 0.23, 0.07], [2])","([0, 0, 1, 0, 0], [2])",-0.0,-0.0,-0.0,-0.0,-0.0,0.0,observed,0.598392,-0.4236640000000004,0.6574080000000002
17,"([0.26, 0.12, 0.33, 0.23, 0.07], [3])","([0, 0, 1, 0, 0], [2])",-0.0,-0.0,-0.0,-0.888,-0.0,-0.888,observed,0.598392,-0.1340560000000004,0.6574080000000002
18,"([0.26, 0.12, 0.33, 0.23, 0.07], [3])","([0, 0, 1, 0, 0], [2])",-0.0,-0.0,-0.0,-0.888,-0.0,-0.888,observed,0.598392,0.15555199999999958,0.6574080000000002
19,"([0.26, 0.12, 0.33, 0.23, 0.07], [0])","([0, 0, 1, 0, 0], [2])",-0.8540000000000001,-0.0,-0.0,-0.0,-0.0,-0.8540000000000001,observed,0.598392,0.41115999999999964,0.6574080000000002
20,"([0.26, 0.12, 0.33, 0.23, 0.07], [2])","([0, 0, 1, 0, 0], [2])",-0.0,-0.0,-0.0,-0.0,-0.0,0.0,observed,0.598392,-0.1872320000000004,0.6574080000000002
21,"([0.26, 0.12, 0.33, 0.23, 0.07], [1])","([0, 0, 1, 0, 0], [2])",-0.0,-0.9520000000000001,-0.0,-0.0,-0.0,-0.9520000000000001,observed,0.598392,0.16637599999999964,0.6574080000000002
22,"([0.26, 0.12, 0.33, 0.23, 0.07], [0])","([0, 0, 1, 0, 0], [2])",-0.8540000000000001,-0.0,-0.0,-0.0,-0.0,-0.8540000000000001,observed,0.598392,0.4219839999999997,0.6574080000000002
23,"([0.26, 0.12, 0.33, 0.23, 0.07], [0])","([0, 0, 1, 0, 0], [2])",-0.8540000000000001,-0.0,-0.0,-0.0,-0.0,-0.8540000000000001,observed,0.598392,0.6775919999999998,0.6574080000000002
24,"([0.26, 0.12, 0.33, 0.23, 0.07], [1])","([0, 0, 1, 0, 0], [2])",-0.0,-0.9520000000000001,-0.0,-0.0,-0.0,-0.9520000000000001,observed,0.598392,1.0311999999999997,0.6574080000000002
25,"([0.26, 0.12, 0.33, 0.23, 0.07], [2])","([0, 0, 1, 0, 0], [2])",-0.0,-0.0,-0.0,-0.0,-0.0,0.0,observed,0.598392,0.43280799999999964,0.6574080000000002
26,"([0.26, 0.12, 0.33, 0.23, 0.07], [1])","([0, 0, 1, 0, 0], [2])",-0.0,-0.9520000000000001,-0.0,-0.0,-0.0,-0.9520000000000001,observed,0.598392,0.7864159999999997,0.6574080000000002
27,"([0.26, 0.12, 0.33, 0.23, 0.07], [4])","([0, 0, 1, 0, 0], [2])",-0.0,-0.0,-0.0,-0.0,-0.93,-0.93,observed,0.598392,1.1180239999999997,0.6574080000000002
28,"([0.26, 0.12, 0.33, 0.23, 0.07], [3])","([0, 0, 1, 0, 0], [2])",-0.0,-0.0,-0.0,-0.888,-0.0,-0.888,observed,0.598392,1.4076319999999996,0.6574080000000002
29,"([0.26, 0.12, 0.33, 0.23, 0.07], [1])","([0, 0, 1, 0, 0], [2])",-0.0,-0.9520000000000001,-0.0,-0.0,-0.0,-0.9520000000000001,observed,0.598392,1.7612399999999995,0.6574080000000002
30,"([0.26, 0.12, 0.33, 0.23, 0.07], [2])","([0, 0, 1, 0, 0], [2])",-0.0,-0.0,-0.0,-0.0,-0.0,0.0,observed,0.598392,1.1628479999999994,0.6574080000000002
31,"([0.26, 0.12, 0.33, 0.23, 0.07], [2])","([0, 0, 1, 0, 0], [2])",-0.0,-0.0,-0.0,-0.0,-0.0,0.0,observed,0.598392,0.5644559999999994,0.6574080000000002
32,"([0.26, 0.12, 0.33, 0.23, 0.07], [0])","([0, 0, 1, 0, 0], [2])",-0.8540000000000001,-0.0,-0.0,-0.0,-0.0,-0.8540000000000001,observed,0.598392,0.8200639999999995,0.6574080000000002
33,"([0.26, 0.12, 0.33, 0.23, 0.07], [1])","([0, 0, 1, 0, 0], [2])",-0.0,-0.9520000000000001,-0.0,-0.0,-0.0,-0.9520000000000001,observed,0.598392,1.1736719999999994,0.6574080000000002
34,"([0.26, 0.12, 0.33, 0.23, 0.07], [4])","([0, 0, 1, 0, 0], [2])",-0.0,-0.0,-0.0,-0.0,-0.93,-0.93,observed,0.598392,1.5052799999999995,0.6574080000000002
35,"([0.26, 0.12, 0.33, 0.23, 0.07], [2])","([0, 0, 1, 0, 0], [2])",-0.0,-0.0,-0.0,-0.0,-0.0,0.0,observed,0.598392,0.9068879999999995,0.6574080000000002
36,"([0.26, 0.12, 0.33, 0.23, 0.07], [2])","([0, 0, 1, 0, 0], [2])",-0.0,-0.0,-0.0,-0.0,-0.0,0.0,observed,0.598392,0.30849599999999944,0.6574080000000002
37,"([0.26, 0.12, 0.33, 0.23, 0.07], [3])","([0, 0, 1, 0, 0], [2])",-0.0,-0.0,-0.0,-0.888,-0.0,-0.888,observed,0.598392,0.5981039999999994,0.6574080000000002
38,"([0.26, 0.12, 0.33, 0.23, 0.07], [2])","([0, 0, 1, 0, 0], [2])",-0.0,-0.0,-0.0,-0.0,-0.0,0.0,observed,0.598392,-0.0002880000000006211,0.6574080000000002
39,"([0.26, 0.12, 0.33, 0.23, 0.07], [4])","([0, 0, 1, 0, 0], [2])",-0.0,-0.0,-0.0,-0.0,-0.93,-0.93,observed,0.598392,0.3313199999999994,0.6574080000000002
40,"([0.26, 0.12, 0.33, 0.23, 0.07], [0])","([0, 0, 1, 0, 0], [2])",-0.8540000000000001,-0.0,-0.0,-0.0,-0.0,-0.8540000000000001,observed,0.598392,0.5869279999999995,0.6574080000000002
41,"([0.26, 0.12, 0.33, 0.23, 0.07], [1])","([0, 0, 1, 0, 0], [2])",-0.0,-0.9520000000000001,-0.0,-0.0,-0.0,-0.9520000000000001,observed,0.598392,0.9405359999999995,0.6574080000000002
42,"([0.26, 0.12, 0.33, 0.23, 0.07], [3])","([0, 0, 1, 0, 0], [2])",-0.0,-0.0,-0.0,-0.888,-0.0,-0.888,observed,0.598392,1.2301439999999995,0.6574080000000002
43,"([0.26, 0.12, 0.33, 0.23, 0.07], [3])","([0, 0, 1, 0, 0], [2])",-0.0,-0.0,-0.0,-0.888,-0.0,-0.888,observed,0.598392,1.5197519999999995,0.6574080000000002
44,"([0.26, 0.12, 0.33, 0.23, 0.07], [1])","([0, 0, 1, 0, 0], [2])",-0.0,-0.9520000000000001,-0.0,-0.0,-0.0,-0.9520000000000001,observed,0.598392,1.8733599999999995,0.6574080000000002
45,"([0.26, 0.12, 0.33, 0.23, 0.07], [0])","([0, 0, 1, 0, 0], [2])",-0.8540000000000001,-0.0,-0.0,-0.0,-0.0,-0.8540000000000001,observed,0.598392,2.1289679999999995,0.6574080000000002
46,"([0.26, 0.12, 0.33, 0.23, 0.07], [1])","([0, 0, 1, 0, 0], [2])",-0.0,-0.9520000000000001,-0.0,-0.0,-0.0,-0.9520000000000001,observed,0.598392,2.4825759999999994,0.6574080000000002
47,"([0.26, 0.12, 0.33, 0.23, 0.07], [1])","([0, 0, 0, 1, 0], [3])",-0.0,-0.9520000000000001,-0.0,-0.0,-0.0,-0.9520000000000001,observed,0.6772560000000001,2.8361839999999994,0.7362720000000003
48,"([0.26, 0.12, 0.33, 0.23, 0.07], [4])","([0, 0, 0, 1, 0], [3])",-0.0,-0.0,-0.0,-0.0,-0.93,-0.93,observed,0.6772560000000001,3.1677919999999995,0.8151360000000003
49,"([0.26, 0.12, 0.33, 0.23, 0.07], [4])","([0, 0, 0, 1, 0], [3])",-0.0,-0.0,-0.0,-0.0,-0.93,-0.93,observed,0.6772560000000001,3.4993999999999996,0.8940000000000003
50,"([0.26, 0.12, 0.33, 0.23, 0.07], [4])","([0, 0, 0, 1, 0], [3])",-0.0,-0.0,-0.0,-0.0,-0.93,-0.93,observed,0.6772560000000001,3.8310079999999997,0.9728640000000004
51,"([0.26, 0.12, 0.33, 0.23, 0.07], [0])","([0, 0, 0, 1, 0], [3])",-0.8540000000000001,-0.0,-0.0,-0.0,-0.0,-0.8540000000000001,observed,0.6772560000000001,4.086615999999999,1.0517280000000004
52,"([0.26, 0.12, 0.33, 0.23, 0.07], [1])","([0, 0, 0, 1, 0], [3])",-0.0,-0.9520000000000001,-0.0,-0.0,-0.0,-0.9520000000000001,observed,0.6772560000000001,4.440224,1.1305920000000005
53,"([0.26, 0.12, 0.33, 0.23, 0.07], [1])","([0, 0, 0, 1, 0], [3])",-0.0,-0.9520000000000001,-0.0,-0.0,-0.0,-0.9520000000000001,observed,0.6772560000000001,4.793832,1.2094560000000005
54,"([0.26, 0.12, 0.33, 0.23, 0.07], [4])","([0, 0, 0, 1, 0], [3])",-0.0,-0.0,-0.0,-0.0,-0.93,-0.93,observed,0.6772560000000001,5.12544,1.2883200000000006
55,"([0.26, 0.12, 0.33, 0.23, 0.07], [1])","([0, 0, 0, 1, 0], [3])",-0.0,-0.9520000000000001,-0.0,-0.0,-0.0,-0.9520000000000001,observed,0.6772560000000001,5.479048000000001,1.3671840000000006
56,"([0.26, 0.12, 0.33, 0.23, 0.07], [2])","([0, 0, 0, 1, 0], [3])",-0.0,-0.0,-0.855,-0.0,-0.0,-0.855,observed,0.6772560000000001,5.7356560000000005,1.4460480000000007
57,"([0.26, 0.12, 0.33, 0.23, 0.07], [2])","([0, 0, 0, 1, 0], [3])",-0.0,-0.0,-0.855,-0.0,-0.0,-0.855,observed,0.6772560000000001,5.9922640000000005,1.5249120000000007
58,"([0.26, 0.12, 0.33, 0.23, 0.07], [3])","([0, 0, 0, 1, 0], [3])",-0.0,-0.0,-0.0,-0.0,-0.0,0.0,observed,0.6772560000000001,5.393872,1.6037760000000008
59,"([0.26, 0.12, 0.33, 0.23, 0.07], [3])","([0, 0, 0, 1, 0], [3])",-0.0,-0.0,-0.0,-0.0,-0.0,0.0,observed,0.6772560000000001,4.7954799999999995,1.6826400000000008
60,"([0.26, 0.12, 0.33, 0.23, 0.07], [3])","([0, 0, 0, 1, 0], [3])",-0.0,-0.0,-0.0,-0.0,-0.0,0.0,observed,0.6772560000000001,4.197087999999999,1.7615040000000008
61,"([0.26, 0.12, 0.33, 0.23, 0.07], [0])","([0, 0, 0, 1, 0], [3])",-0.8540000000000001,-0.0,-0.0,-0.0,-0.0,-0.8540000000000001,observed,0.6772560000000001,4.4526959999999995,1.840368000000001
62,"([0.26, 0.12, 0.33, 0.23, 0.07], [1])","([0, 0, 0, 1, 0], [3])",-0.0,-0.9520000000000001,-0.0,-0.0,-0.0,-0.9520000000000001,observed,0.6772560000000001,4.806304,1.919232000000001
63,"([0.26, 0.12, 0.33, 0.23, 0.07], [2])","([0, 0, 0, 1, 0], [3])",-0.0,-0.0,-0.855,-0.0,-0.0,-0.855,observed,0.6772560000000001,5.062912,1.998096000000001
64,"([0.26, 0.12, 0.33, 0.23, 0.07], [0])","([0, 0, 0, 1, 0], [3])",-0.8540000000000001,-0.0,-0.0,-0.0,-0.0,-0.8540000000000001,observed,0.6772560000000001,5.3185199999999995,2.076960000000001
65,"([0.26, 0.12, 0.33, 0.23, 0.07], [3])","([0, 0, 0, 1, 0], [3])",-0.0,-0.0,-0.0,-0.0,-0.0,0.0,observed,0.6772560000000001,4.720127999999999,2.155824000000001
66,"([0.26, 0.12, 0.33, 0.23, 0.07], [2])","([0, 0, 0, 1, 0], [3])",-0.0,-0.0,-0.855,-0.0,-0.0,-0.855,observed,0.6772560000000001,4.976735999999999,2.234688000000001
67,"([0.26, 0.12, 0.33, 0.23, 0.07], [2])","([0, 0, 0, 1, 0], [3])",-0.0,-0.0,-0.855,-0.0,-0.0,-0.855,observed,0.6772560000000001,5.233343999999999,2.3135520000000014
68,"([0.26, 0.12, 0.33, 0.23, 0.07], [2])","([0, 0, 0, 1, 0], [3])",-0.0,-0.0,-0.855,-0.0,-0.0,-0.855,observed,0.6772560000000001,5.489951999999999,2.3924160000000017
69,"([0.26, 0.12, 0.33, 0.23, 0.07], [3])","([0, 0, 0, 1, 0], [3])",-0.0,-0.0,-0.0,-0.0,-0.0,0.0,observed,0.6772560000000001,4.891559999999998,2.471280000000002
70,"([0.26, 0.12, 0.33, 0.23, 0.07], [2])","([0, 0, 0, 1, 0], [3])",-0.0,-0.0,-0.855,-0.0,-0.0,-0.855,observed,0.6772560000000001,5.148167999999998,2.550144000000002
71,"([0.26, 0.12, 0.33, 0.23, 0.07], [0])","([0, 0, 0, 1, 0], [3])",-0.8540000000000001,-0.0,-0.0,-0.0,-0.0,-0.8540000000000001,observed,0.6772560000000001,5.403775999999999,2.6290080000000025
72,"([0.26, 0.12, 0.33, 0.23, 0.07], [2])","([0, 0, 0, 1, 0], [3])",-0.0,-0.0,-0.855,-0.0,-0.0,-0.855,observed,0.6772560000000001,5.660383999999999,2.7078720000000027
73,"([0.26, 0.12, 0.33, 0.23, 0.07], [2])","([0, 0, 0, 1, 0], [3])",-0.0,-0.0,-0.855,-0.0,-0.0,-0.855,observed,0.6772560000000001,5.916991999999999,2.786736000000003
74,"([0.26, 0.12, 0.33, 0.23, 0.07], [0])","([0, 0, 0, 1, 0], [3])",-0.8540000000000001,-0.0,-0.0,-0.0,-0.0,-0.8540000000000001,observed,0.6772560000000001,6.172599999999999,2.8656000000000033
75,"([0.26, 0.12, 0.33, 0.23, 0.07], [0])","([0, 0, 0, 1, 0], [3])",-0.8540000000000001,-0.0,-0.0,-0.0,-0.0,-0.8540000000000001,observed,0.6772560000000001,6.428208,2.9444640000000035
76,"([0.26, 0.12, 0.33, 0.23, 0.07], [1])","([0, 0, 0, 1, 0], [3])",-0.0,-0.9520000000000001,-0.0,-0.0,-0.0,-0.9520000000000001,observed,0.6772560000000001,6.781816,3.023328000000004
77,"([0.26, 0.12, 0.33, 0.23, 0.07], [1])","([0, 0, 0, 1, 0], [3])",-0.0,-0.9520000000000001,-0.0,-0.0,-0.0,-0.9520000000000001,observed,0.6772560000000001,7.135424,3.102192000000004
78,"([0.26, 0.12, 0.33, 0.23, 0.07], [4])","([0, 0, 0, 1, 0], [3])",-0.0,-0.0,-0.0,-0.0,-0.93,-0.93,observed,0.6772560000000001,7.467032000000001,3.1810560000000043
79,"([0.26, 0.12, 0.33, 0.23, 0.07], [3])","([0, 0, 0, 1, 0], [3])",-0.0,-0.0,-0.0,-0.0,-0.0,0.0,observed,0.6772560000000001,6.868640000000001,3.2599200000000046
80,"([0.26, 0.12, 0.33, 0.23, 0.07], [1])","([0, 0, 0, 1, 0], [3])",-0.0,-0.9520000000000001,-0.0,-0.0,-0.0,-0.9520000000000001,observed,0.6772560000000001,7.222248000000001,3.338784000000005
81,"([0.26, 0.12, 0.33, 0.23, 0.07], [2])","([0, 0, 0, 1, 0], [3])",-0.0,-0.0,-0.855,-0.0,-0.0,-0.855,observed,0.6772560000000001,7.478856000000001,3.417648000000005
82,"([0.26, 0.12, 0.33, 0.23, 0.07], [4])","([0, 0, 0, 1, 0], [3])",-0.0,-0.0,-0.0,-0.0,-0.93,-0.93,observed,0.6772560000000001,7.810464000000001,3.4965120000000054
83,"([0.26, 0.12, 0.33, 0.23, 0.07], [0])","([0, 0, 0, 1, 0], [3])",-0.8540000000000001,-0.0,-0.0,-0.0,-0.0,-0.8540000000000001,observed,0.6772560000000001,8.066072000000002,3.5753760000000057
84,"([0.26, 0.12, 0.33, 0.23, 0.07], [3])","([0, 0, 0, 1, 0], [3])",-0.0,-0.0,-0.0,-0.0,-0.0,0.0,observed,0.6772560000000001,7.467680000000001,3.654240000000006
85,"([0.26, 0.12, 0.33, 0.23, 0.07], [2])","([0, 0, 0, 1, 0], [3])",-0.0,-0.0,-0.855,-0.0,-0.0,-0.855,observed,0.6772560000000001,7.724288000000001,3.733104000000006
86,"([0.26, 0.12, 0.33, 0.23, 0.07], [3])","([0, 0, 0, 1, 0], [3])",-0.0,-0.0,-0.0,-0.0,-0.0,0.0,observed,0.6772560000000001,7.125896000000001,3.8119680000000065
87,"([0.26, 0.12, 0.33, 0.23, 0.07], [2])","([0, 0, 0, 1, 0], [3])",-0.0,-0.0,-0.855,-0.0,-0.0,-0.855,observed,0.6772560000000001,7.382504000000001,3.8908320000000067
88,"([0.26, 0.12, 0.33, 0.23, 0.07], [2])","([0, 0, 0, 1, 0], [3])",-0.0,-0.0,-0.855,-0.0,-0.0,-0.855,observed,0.6772560000000001,7.639112000000001,3.969696000000007
89,"([0.26, 0.12, 0.33, 0.23, 0.07], [3])","([0, 0, 0, 1, 0], [3])",-0.0,-0.0,-0.0,-0.0,-0.0,0.0,observed,0.6772560000000001,7.04072,4.048560000000007
90,"([0.26, 0.12, 0.33, 0.23, 0.07], [0])","([0, 0, 0, 1, 0], [3])",-0.8540000000000001,-0.0,-0.0,-0.0,-0.0,-0.8540000000000001,observed,0.6772560000000001,7.296328000000001,4.1274240000000075
91,"([0.26, 0.12, 0.33, 0.23, 0.07], [2])","([0, 0, 0, 1, 0], [3])",-0.0,-0.0,-0.855,-0.0,-0.0,-0.855,observed,0.6772560000000001,7.552936000000001,4.206288000000008
92,"([0.26, 0.12, 0.33, 0.23, 0.07], [2])","([0, 0, 0, 1, 0], [3])",-0.0,-0.0,-0.855,-0.0,-0.0,-0.855,observed,0.6772560000000001,7.809544000000001,4.285152000000008
93,"([0.26, 0.12, 0.33, 0.23, 0.07], [0])","([0, 0, 0, 1, 0], [3])",-0.8540000000000001,-0.0,-0.0,-0.0,-0.0,-0.8540000000000001,observed,0.6772560000000001,8.065152000000001,4.364016000000008
94,"([0.26, 0.12, 0.33, 0.23, 0.07], [2])","([0, 0, 0, 1, 0], [3])",-0.0,-0.0,-0.855,-0.0,-0.0,-0.855,observed,0.6772560000000001,8.321760000000001,4.442880000000009
95,"([0.26, 0.12, 0.33, 0.23, 0.07], [1])","([0, 0, 0, 1, 0], [3])",-0.0,-0.9520000000000001,-0.0,-0.0,-0.0,-0.9520000000000001,observed,0.6772560000000001,8.675368,4.521744000000009
96,"([0.26, 0.12, 0.33, 0.23, 0.07], [2])","([0, 0, 0, 1, 0], [3])",-0.0,-0.0,-0.855,-0.0,-0.0,-0.855,observed,0.6772560000000001,8.931976,4.600608000000009
97,"([0.26, 0.12, 0.33, 0.23, 0.07], [3])","([0, 0, 0, 1, 0], [3])",-0.0,-0.0,-0.0,-0.0,-0.0,0.0,observed,0.6772560000000001,8.333584,4.679472000000009
98,"([0.26, 0.12, 0.33, 0.23, 0.07], [2])","([0, 0, 0, 1, 0], [3])",-0.0,-0.0,-0.855,-0.0,-0.0,-0.855,observed,0.6772560000000001,8.590192,4.75833600000001
99,"([0.26, 0.12, 0.33, 0.23, 0.07], [0])","([0, 0, 0, 1, 0], [3])",-0.8540000000000001,-0.0,-0.0,-0.0,-0.0,-0.8540000000000001,observed,0.6772560000000001,8.8458,4.83720000000001
100,"([0.26, 0.12, 0.33, 0.23, 0.07], [3])","([0, 0, 0, 1, 0], [3])",-0.0,-0.0,-0.0,-0.0,-0.0,0.0,observed,0.6772560000000001,8.247408,4.91606400000001
101,"([0.26, 0.12, 0.33, 0.23, 0.07], [0])","([0, 0, 0, 1, 0], [3])",-0.8540000000000001,-0.0,-0.0,-0.0,-0.0,-0.8540000000000001,observed,0.6772560000000001,8.503016,4.9949280000000105
102,"([0.26, 0.12, 0.33, 0.23, 0.07], [2])","([0, 0, 0, 1, 0], [3])",-0.0,-0.0,-0.855,-0.0,-0.0,-0.855,observed,0.6772560000000001,8.759624,5.073792000000011
103,"([0.26, 0.12, 0.33, 0.23, 0.07], [2])","([0, 0, 1, 0, 0], [2])",-0.0,-0.0,-0.0,-0.0,-0.0,0.0,observed,0.598392,8.161232,5.073792000000011
104,"([0.26, 0.12, 0.33, 0.23, 0.07], [4])","([0, 0, 1, 0, 0], [2])",-0.0,-0.0,-0.0,-0.0,-0.93,-0.93,observed,0.598392,8.49284,5.073792000000011
105,"([0.26, 0.12, 0.33, 0.23, 0.07], [2])","([0, 0, 1, 0, 0], [2])",-0.0,-0.0,-0.0,-0.0,-0.0,0.0,observed,0.598392,7.894447999999999,5.073792000000011
106,"([0.26, 0.12, 0.33, 0.23, 0.07], [2])","([0, 0, 1, 0, 0], [2])",-0.0,-0.0,-0.0,-0.0,-0.0,0.0,observed,0.598392,7.296055999999998,5.073792000000011
107,"([0.26, 0.12, 0.33, 0.23, 0.07], [0])","([0, 0, 1, 0, 0], [2])",-0.8540000000000001,-0.0,-0.0,-0.0,-0.0,-0.8540000000000001,observed,0.598392,7.551663999999999,5.073792000000011
108,"([0.26, 0.12, 0.33, 0.23, 0.07], [0])","([0, 0, 1, 0, 0], [2])",-0.8540000000000001,-0.0,-0.0,-0.0,-0.0,-0.8540000000000001,observed,0.598392,7.807271999999999,5.073792000000011
109,"([0.26, 0.12, 0.33, 0.23, 0.07], [0])","([0, 0, 1, 0, 0], [2])",-0.8540000000000001,-0.0,-0.0,-0.0,-0.0,-0.8540000000000001,observed,0.598392,8.06288,5.073792000000011
110,"([0.26, 0.12, 0.33, 0.23, 0.07], [0])","([0, 0, 1, 0, 0], [2])",-0.8540000000000001,-0.0,-0.0,-0.0,-0.0,-0.8540000000000001,observed,0.598392,8.318488,5.073792000000011
111,"([0.26, 0.12, 0.33, 0.23, 0.07], [0])","([0, 0, 1, 0, 0], [2])",-0.8540000000000001,-0.0,-0.0,-0.0,-0.0,-0.8540000000000001,observed,0.598392,8.574096,5.073792000000011
112,"([0.26, 0.12, 0.33, 0.23, 0.07], [2])","([0, 0, 1, 0, 0], [2])",-0.0,-0.0,-0.0,-0.0,-0.0,0.0,observed,0.598392,7.975704,5.073792000000011
113,"([0.26, 0.12, 0.33, 0.23, 0.07], [4])","([0, 0, 1, 0, 0], [2])",-0.0,-0.0,-0.0,-0.0,-0.93,-0.93,observed,0.598392,8.307312,5.073792000000011
114,"([0.26, 0.12, 0.33, 0.23, 0.07], [2])","([0, 0, 1, 0, 0], [2])",-0.0,-0.0,-0.0,-0.0,-0.0,0.0,observed,0.598392,7.708919999999999,5.073792000000011
115,"([0.26, 0.12, 0.33, 0.23, 0.07], [3])","([0, 0, 1, 0, 0], [2])",-0.0,-0.0,-0.0,-0.888,-0.0,-0.888,observed,0.598392,7.998527999999999,5.073792000000011
116,"([0.26, 0.12, 0.33, 0.23, 0.07], [2])","([0, 0, 1, 0, 0], [2])",-0.0,-0.0,-0.0,-0.0,-0.0,0.0,observed,0.598392,7.400136,5.073792000000011
117,"([0.26, 0.12, 0.33, 0.23, 0.07], [0])","([0, 0, 1, 0, 0], [2])",-0.8540000000000001,-0.0,-0.0,-0.0,-0.0,-0.8540000000000001,observed,0.598392,7.655744,5.073792000000011
118,"([0.26, 0.12, 0.33, 0.23, 0.07], [2])","([0, 0, 1, 0, 0], [2])",-0.0,-0.0,-0.0,-0.0,-0.0,0.0,observed,0.598392,7.057352,5.073792000000011
119,"([0.26, 0.12, 0.33, 0.23, 0.07], [2])","([0, 0, 1, 0, 0], [2])",-0.0,-0.0,-0.0,-0.0,-0.0,0.0,observed,0.598392,6.458959999999999,5.073792000000011
120,"([0.26, 0.12, 0.33, 0.23, 0.07], [0])","([0, 0, 1, 0, 0], [2])",-0.8540000000000001,-0.0,-0.0,-0.0,-0.0,-0.8540000000000001,observed,0.598392,6.714568,5.073792000000011
121,"([0.26, 0.12, 0.33, 0.23, 0.07], [2])","([0, 0, 1, 0, 0], [2])",-0.0,-0.0,-0.0,-0.0,-0.0,0.0,observed,0.598392,6.116175999999999,5.073792000000011
122,"([0.26, 0.12, 0.33, 0.23, 0.07], [2])","([0, 0, 1, 0, 0], [2])",-0.0,-0.0,-0.0,-0.0,-0.0,0.0,observed,0.598392,5.517783999999999,5.073792000000011
123,"([0.26, 0.12, 0.33, 0.23, 0.07], [2])","([0, 0, 1, 0, 0], [2])",-0.0,-0.0,-0.0,-0.0,-0.0,0.0,observed,0.598392,4.919391999999998,5.073792000000011
124,"([0.26, 0.12, 0.33, 0.23, 0.07], [2])","([0, 0, 1, 0, 0], [2])",-0.0,-0.0,-0.0,-0.0,-0.0,0.0,observed,0.598392,4.320999999999998,5.073792000000011
125,"([0.26, 0.12, 0.33, 0.23, 0.07], [0])","([0, 0, 1, 0, 0], [2])",-0.8540000000000001,-0.0,-0.0,-0.0,-0.0,-0.8540000000000001,observed,0.598392,4.5766079999999985,5.073792000000011
126,"([0.26, 0.12, 0.33, 0.23, 0.07], [2])","([0, 0, 1, 0, 0], [2])",-0.0,-0.0,-0.0,-0.0,-0.0,0.0,observed,0.598392,3.9782159999999984,5.073792000000011
127,"([0.26, 0.12, 0.33, 0.23, 0.07], [0])","([0, 0, 1, 0, 0], [2])",-0.8540000000000001,-0.0,-0.0,-0.0,-0.0,-0.8540000000000001,observed,0.598392,4.2338239999999985,5.073792000000011
128,"([0.26, 0.12, 0.33, 0.23, 0.07], [2])","([0, 0, 1, 0, 0], [2])",-0.0,-0.0,-0.0,-0.0,-0.0,0.0,observed,0.598392,3.6354319999999984,5.073792000000011
129,"([0.26, 0.12, 0.33, 0.23, 0.07], [2])","([0, 0, 1, 0, 0], [2])",-0.0,-0.0,-0.0,-0.0,-0.0,0.0,observed,0.598392,3.0370399999999984,5.073792000000011
130,"([0.26, 0.12, 0.33, 0.23, 0.07], [2])","([0, 0, 1, 0, 0], [2])",-0.0,-0.0,-0.0,-0.0,-0.0,0.0,observed,0.598392,2.4386479999999984,5.073792000000011
131,"([0.26, 0.12, 0.33, 0.23, 0.07], [0])","([0, 0, 1, 0, 0], [2])",-0.8540000000000001,-0.0,-0.0,-0.0,-0.0,-0.8540000000000001,observed,0.598392,2.6942559999999984,5.073792000000011
132,"([0.26, 0.12, 0.33, 0.23, 0.07], [2])","([0, 0, 1, 0, 0], [2])",-0.0,-0.0,-0.0,-0.0,-0.0,0.0,observed,0.598392,2.0958639999999984,5.073792000000011
133,"([0.26, 0.12, 0.33, 0.23, 0.07], [3])","([0, 0, 1, 0, 0], [2])",-0.0,-0.0,-0.0,-0.888,-0.0,-0.888,observed,0.598392,2.3854719999999983,5.073792000000011
134,"([0.26, 0.12, 0.33, 0.23, 0.07], [1])","([0, 0, 1, 0, 0], [2])",-0.0,-0.9520000000000001,-0.0,-0.0,-0.0,-0.9520000000000001,observed,0.598392,2.739079999999998,5.073792000000011
135,"([0.26, 0.12, 0.33, 0.23, 0.07], [0])","([0, 0, 1, 0, 0], [2])",-0.8540000000000001,-0.0,-0.0,-0.0,-0.0,-0.8540000000000001,observed,0.598392,2.9946879999999982,5.073792000000011
136,"([0.26, 0.12, 0.33, 0.23, 0.07], [1])","([0, 0, 1, 0, 0], [2])",-0.0,-0.9520000000000001,-0.0,-0.0,-0.0,-0.9520000000000001,observed,0.598392,3.348295999999998,5.073792000000011
137,"([0.26, 0.12, 0.33, 0.23, 0.07], [3])","([0, 0, 1, 0, 0], [2])",-0.0,-0.0,-0.0,-0.888,-0.0,-0.888,observed,0.598392,3.637903999999998,5.073792000000011
138,"([0.26, 0.12, 0.33, 0.23, 0.07], [3])","([0, 0, 1, 0, 0], [2])",-0.0,-0.0,-0.0,-0.888,-0.0,-0.888,observed,0.598392,3.927511999999998,5.073792000000011
139,"([0.26, 0.12, 0.33, 0.23, 0.07], [2])","([0, 0, 1, 0, 0], [2])",-0.0,-0.0,-0.0,-0.0,-0.0,0.0,observed,0.598392,3.329119999999998,5.073792000000011
140,"([0.26, 0.12, 0.33, 0.23, 0.07], [3])","([0, 0, 1, 0, 0], [2])",-0.0,-0.0,-0.0,-0.888,-0.0,-0.888,observed,0.598392,3.6187279999999977,5.073792000000011
141,"([0.26, 0.12, 0.33, 0.23, 0.07], [4])","([0, 0, 1, 0, 0], [2])",-0.0,-0.0,-0.0,-0.0,-0.93,-0.93,observed,0.598392,3.950335999999998,5.073792000000011
142,"([0.26, 0.12, 0.33, 0.23, 0.07], [3])","([0, 0, 1, 0, 0], [2])",-0.0,-0.0,-0.0,-0.888,-0.0,-0.888,observed,0.598392,4.239943999999998,5.073792000000011
143,"([0.26, 0.12, 0.33, 0.23, 0.07], [0])","([0, 0, 1, 0, 0], [2])",-0.8540000000000001,-0.0,-0.0,-0.0,-0.0,-0.8540000000000001,observed,0.598392,4.495551999999998,5.073792000000011
144,"([0.26, 0.12, 0.33, 0.23, 0.07], [3])","([0, 0, 1, 0, 0], [2])",-0.0,-0.0,-0.0,-0.888,-0.0,-0.888,observed,0.598392,4.7851599999999985,5.073792000000011
145,"([0.26, 0.12, 0.33, 0.23, 0.07], [2])","([0, 0, 1, 0, 0], [2])",-0.0,-0.0,-0.0,-0.0,-0.0,0.0,observed,0.598392,4.186767999999999,5.073792000000011
146,"([0.26, 0.12, 0.33, 0.23, 0.07], [1])","([0, 0, 1, 0, 0], [2])",-0.0,-0.9520000000000001,-0.0,-0.0,-0.0,-0.9520000000000001,observed,0.598392,4.540375999999999,5.073792000000011
147,"([0.26, 0.12, 0.33, 0.23, 0.07], [2])","([0, 0, 1, 0, 0], [2])",-0.0,-0.0,-0.0,-0.0,-0.0,0.0,observed,0.598392,3.9419839999999993,5.073792000000011
148,"([0.26, 0.12, 0.33, 0.23, 0.07], [1])","([0, 0, 1, 0, 0], [2])",-0.0,-0.9520000000000001,-0.0,-0.0,-0.0,-0.9520000000000001,observed,0.598392,4.295591999999999,5.073792000000011
149,"([0.26, 0.12, 0.33, 0.23, 0.07], [2])","([0, 0, 1, 0, 0], [2])",-0.0,-0.0,-0.0,-0.0,-0.0,0.0,observed,0.598392,3.697199999999999,5.073792000000011
150,"([0.26, 0.12, 0.33, 0.23, 0.07], [2])","([0, 0, 1, 0, 0], [2])",-0.0,-0.0,-0.0,-0.0,-0.0,0.0,observed,0.598392,3.098807999999999,5.073792000000011
151,"([0.26, 0.12, 0.33, 0.23, 0.07], [2])","([0, 0, 1, 0, 0], [2])",-0.0,-0.0,-0.0,-0.0,-0.0,0.0,observed,0.598392,2.500415999999999,5.073792000000011
152,"([0.26, 0.12, 0.33, 0.23, 0.07], [1])","([0, 0, 1, 0, 0], [2])",-0.0,-0.9520000000000001,-0.0,-0.0,-0.0,-0.9520000000000001,observed,0.598392,2.854023999999999,5.073792000000011
153,"([0.26, 0.12, 0.33, 0.23, 0.07], [4])","([0, 0, 1, 0, 0], [2])",-0.0,-0.0,-0.0,-0.0,-0.93,-0.93,observed,0.598392,3.185631999999999,5.073792000000011
154,"([0.26, 0.12, 0.33, 0.23, 0.07], [2])","([0, 0, 1, 0, 0], [2])",-0.0,-0.0,-0.0,-0.0,-0.0,0.0,observed,0.598392,2.587239999999999,5.073792000000011
155,"([0.26, 0.12, 0.33, 0.23, 0.07], [2])","([0, 0, 1, 0, 0], [2])",-0.0,-0.0,-0.0,-0.0,-0.0,0.0,observed,0.598392,1.988847999999999,5.073792000000011
156,"([0.26, 0.12, 0.33, 0.23, 0.07], [1])","([0, 0, 1, 0, 0], [2])",-0.0,-0.9520000000000001,-0.0,-0.0,-0.0,-0.9520000000000001,observed,0.598392,2.342455999999999,5.073792000000011
157,"([0.26, 0.12, 0.33, 0.23, 0.07], [0])","([0, 0, 1, 0, 0], [2])",-0.8540000000000001,-0.0,-0.0,-0.0,-0.0,-0.8540000000000001,observed,0.598392,2.598063999999999,5.073792000000011
158,"([0.26, 0.12, 0.33, 0.23, 0.07], [0])","([0, 0, 1, 0, 0], [2])",-0.8540000000000001,-0.0,-0.0,-0.0,-0.0,-0.8540000000000001,observed,0.598392,2.853671999999999,5.073792000000011
159,"([0.26, 0.12, 0.33, 0.23, 0.07], [1])","([0, 0, 1, 0, 0], [2])",-0.0,-0.9520000000000001,-0.0,-0.0,-0.0,-0.9520000000000001,observed,0.598392,3.207279999999999,5.073792000000011
160,"([0.26, 0.12, 0.33, 0.23, 0.07], [0])","([0, 0, 1, 0, 0], [2])",-0.8540000000000001,-0.0,-0.0,-0.0,-0.0,-0.8540000000000001,observed,0.598392,3.462887999999999,5.073792000000011
161,"([0.26, 0.12, 0.33, 0.23, 0.07], [0])","([0, 0, 1, 0, 0], [2])",-0.8540000000000001,-0.0,-0.0,-0.0,-0.0,-0.8540000000000001,observed,0.598392,3.718495999999999,5.073792000000011
162,"([0.26, 0.12, 0.33, 0.23, 0.07], [4])","([0, 0, 1, 0, 0], [2])",-0.0,-0.0,-0.0,-0.0,-0.93,-0.93,observed,0.598392,4.050103999999999,5.073792000000011
163,"([0.26, 0.12, 0.33, 0.23, 0.07], [0])","([0, 0, 1, 0, 0], [2])",-0.8540000000000001,-0.0,-0.0,-0.0,-0.0,-0.8540000000000001,observed,0.598392,4.305712,5.073792000000011
164,"([0.26, 0.12, 0.33, 0.23, 0.07], [1])","([0, 0, 1, 0, 0], [2])",-0.0,-0.9520000000000001,-0.0,-0.0,-0.0,-0.9520000000000001,observed,0.598392,4.65932,5.073792000000011
165,"([0.26, 0.12, 0.33, 0.23, 0.07], [2])","([0, 0, 1, 0, 0], [2])",-0.0,-0.0,-0.0,-0.0,-0.0,0.0,observed,0.598392,4.0609280000000005,5.073792000000011
166,"([0.26, 0.12, 0.33, 0.23, 0.07], [1])","([0, 0, 1, 0, 0], [2])",-0.0,-0.9520000000000001,-0.0,-0.0,-0.0,-0.9520000000000001,observed,0.598392,4.414536000000001,5.073792000000011
167,"([0.26, 0.12, 0.33, 0.23, 0.07], [1])","([0, 0, 1, 0, 0], [2])",-0.0,-0.9520000000000001,-0.0,-0.0,-0.0,-0.9520000000000001,observed,0.598392,4.768144000000001,5.073792000000011
168,"([0.26, 0.12, 0.33, 0.23, 0.07], [0])","([0, 0, 1, 0, 0], [2])",-0.8540000000000001,-0.0,-0.0,-0.0,-0.0,-0.8540000000000001,observed,0.598392,5.023752000000002,5.073792000000011
169,"([0.26, 0.12, 0.33, 0.23, 0.07], [3])","([0, 0, 1, 0, 0], [2])",-0.0,-0.0,-0.0,-0.888,-0.0,-0.888,observed,0.598392,5.313360000000002,5.073792000000011
170,"([0.26, 0.12, 0.33, 0.23, 0.07], [2])","([0, 0, 1, 0, 0], [2])",-0.0,-0.0,-0.0,-0.0,-0.0,0.0,observed,0.598392,4.7149680000000025,5.073792000000011
171,"([0.26, 0.12, 0.33, 0.23, 0.07], [0])","([0, 0, 1, 0, 0], [2])",-0.8540000000000001,-0.0,-0.0,-0.0,-0.0,-0.8540000000000001,observed,0.598392,4.970576000000003,5.073792000000011
172,"([0.26, 0.12, 0.33, 0.23, 0.07], [3])","([0, 0, 1, 0, 0], [2])",-0.0,-0.0,-0.0,-0.888,-0.0,-0.888,observed,0.598392,5.260184000000003,5.073792000000011
173,"([0.26, 0.12, 0.33, 0.23, 0.07], [0])","([0, 0, 1, 0, 0], [2])",-0.8540000000000001,-0.0,-0.0,-0.0,-0.0,-0.8540000000000001,observed,0.598392,5.515792000000003,5.073792000000011
174,"([0.26, 0.12, 0.33, 0.23, 0.07], [3])","([0, 0, 1, 0, 0], [2])",-0.0,-0.0,-0.0,-0.888,-0.0,-0.888,observed,0.598392,5.805400000000003,5.073792000000011
175,"([0.26, 0.12, 0.33, 0.23, 0.07], [0])","([0, 0, 1, 0, 0], [2])",-0.8540000000000001,-0.0,-0.0,-0.0,-0.0,-0.8540000000000001,observed,0.598392,6.061008000000003,5.073792000000011
176,"([0.26, 0.12, 0.33, 0.23, 0.07], [0])","([0, 0, 1, 0, 0], [2])",-0.8540000000000001,-0.0,-0.0,-0.0,-0.0,-0.8540000000000001,observed,0.598392,6.316616000000003,5.073792000000011
177,"([0.26, 0.12, 0.33, 0.23, 0.07], [3])","([0, 0, 1, 0, 0], [2])",-0.0,-0.0,-0.0,-0.888,-0.0,-0.888,observed,0.598392,6.606224000000004,5.073792000000011
178,"([0.26, 0.12, 0.33, 0.23, 0.07], [1])","([0, 0, 1, 0, 0], [2])",-0.0,-0.9520000000000001,-0.0,-0.0,-0.0,-0.9520000000000001,observed,0.598392,6.959832000000004,5.073792000000011
179,"([0.26, 0.12, 0.33, 0.23, 0.07], [2])","([0, 0, 1, 0, 0], [2])",-0.0,-0.0,-0.0,-0.0,-0.0,0.0,observed,0.598392,6.3614400000000035,5.073792000000011
180,"([0.26, 0.12, 0.33, 0.23, 0.07], [2])","([0, 0, 1, 0, 0], [2])",-0.0,-0.0,-0.0,-0.0,-0.0,0.0,observed,0.598392,5.763048000000003,5.073792000000011
181,"([0.26, 0.12, 0.33, 0.23, 0.07], [3])","([0, 0, 1, 0, 0], [2])",-0.0,-0.0,-0.0,-0.888,-0.0,-0.888,observed,0.598392,6.052656000000003,5.073792000000011
182,"([0.26, 0.12, 0.33, 0.23, 0.07], [0])","([0, 0, 1, 0, 0], [2])",-0.8540000000000001,-0.0,-0.0,-0.0,-0.0,-0.8540000000000001,observed,0.598392,6.308264000000003,5.073792000000011
183,"([0.26, 0.12, 0.33, 0.23, 0.07], [1])","([0, 0, 1, 0, 0], [2])",-0.0,-0.9520000000000001,-0.0,-0.0,-0.0,-0.9520000000000001,observed,0.598392,6.661872000000003,5.073792000000011
184,"([0.26, 0.12, 0.33, 0.23, 0.07], [1])","([0, 0, 1, 0, 0], [2])",-0.0,-0.9520000000000001,-0.0,-0.0,-0.0,-0.9520000000000001,observed,0.598392,7.015480000000004,5.073792000000011
185,"([0.26, 0.12, 0.33, 0.23, 0.07], [2])","([0, 0, 1, 0, 0], [2])",-0.0,-0.0,-0.0,-0.0,-0.0,0.0,observed,0.598392,6.417088000000003,5.073792000000011
186,"([0.26, 0.12, 0.33, 0.23, 0.07], [4])","([0, 0, 1, 0, 0], [2])",-0.0,-0.0,-0.0,-0.0,-0.93,-0.93,observed,0.598392,6.748696000000003,5.073792000000011
187,"([0.26, 0.12, 0.33, 0.23, 0.07], [0])","([0, 0, 1, 0, 0], [2])",-0.8540000000000001,-0.0,-0.0,-0.0,-0.0,-0.8540000000000001,observed,0.598392,7.004304000000003,5.073792000000011
188,"([0.26, 0.12, 0.33, 0.23, 0.07], [3])","([0, 0, 1, 0, 0], [2])",-0.0,-0.0,-0.0,-0.888,-0.0,-0.888,observed,0.598392,7.293912000000003,5.073792000000011
189,"([0.26, 0.12, 0.33, 0.23, 0.07], [0])","([0, 0, 1, 0, 0], [2])",-0.8540000000000001,-0.0,-0.0,-0.0,-0.0,-0.8540000000000001,observed,0.598392,7.549520000000003,5.073792000000011
190,"([0.26, 0.12, 0.33, 0.23, 0.07], [4])","([0, 0, 1, 0, 0], [2])",-0.0,-0.0,-0.0,-0.0,-0.93,-0.93,observed,0.598392,7.881128000000003,5.073792000000011
191,"([0.26, 0.12, 0.33, 0.23, 0.07], [2])","([0, 0, 1, 0, 0], [2])",-0.0,-0.0,-0.0,-0.0,-0.0,0.0,observed,0.598392,7.282736000000003,5.073792000000011
192,"([0.26, 0.12, 0.33, 0.23, 0.07], [4])","([0, 0, 1, 0, 0], [2])",-0.0,-0.0,-0.0,-0.0,-0.93,-0.93,observed,0.598392,7.6143440000000036,5.073792000000011
193,"([0.26, 0.12, 0.33, 0.23, 0.07], [0])","([0, 0, 1, 0, 0], [2])",-0.8540000000000001,-0.0,-0.0,-0.0,-0.0,-0.8540000000000001,observed,0.598392,7.869952000000003,5.073792000000011
194,"([0.26, 0.12, 0.33, 0.23, 0.07], [3])","([0, 0, 1, 0, 0], [2])",-0.0,-0.0,-0.0,-0.888,-0.0,-0.888,observed,0.598392,8.159560000000003,5.073792000000011
195,"([0.26, 0.12, 0.33, 0.23, 0.07], [3])","([0, 0, 1, 0, 0], [2])",-0.0,-0.0,-0.0,-0.888,-0.0,-0.888,observed,0.598392,8.449168000000002,5.073792000000011
196,"([0.26, 0.12, 0.33, 0.23, 0.07], [4])","([0, 0, 1, 0, 0], [2])",-0.0,-0.0,-0.0,-0.0,-0.93,-0.93,observed,0.598392,8.780776000000001,5.073792000000011
197,"([0.26, 0.12, 0.33, 0.23, 0.07], [2])","([0, 0, 1, 0, 0], [2])",-0.0,-0.0,-0.0,-0.0,-0.0,0.0,observed,0.598392,8.182384,5.073792000000011
198,"([0.26, 0.12, 0.33, 0.23, 0.07], [2])","([0, 0, 1, 0, 0], [2])",-0.0,-0.0,-0.0,-0.0,-0.0,0.0,observed,0.598392,7.583992,5.073792000000011
199,"([0.26, 0.12, 0.33, 0.23, 0.07], [3])","([0, 0, 1, 0, 0], [2])",-0.0,-0.0,-0.0,-0.888,-0.0,-0.888,observed,0.598392,7.873600000000001,5.073792000000011
200,"([0.26, 0.12, 0.33, 0.23, 0.07], [0])","([0, 0, 1, 0, 0], [2])",-0.8540000000000001,-0.0,-0.0,-0.0,-0.0,-0.8540000000000001,observed,0.598392,8.129208,5.073792000000011
201,"([0.26, 0.12, 0.33, 0.23, 0.07], [2])","([0, 0, 1, 0, 0], [2])",-0.0,-0.0,-0.0,-0.0,-0.0,0.0,observed,0.598392,7.530816,5.073792000000011
202,"([0.26, 0.12, 0.33, 0.23, 0.07], [2])","([0, 0, 1, 0, 0], [2])",-0.0,-0.0,-0.0,-0.0,-0.0,0.0,observed,0.598392,6.932423999999999,5.073792000000011
203,"([0.26, 0.12, 0.33, 0.23, 0.07], [3])","([0, 0, 1, 0, 0], [2])",-0.0,-0.0,-0.0,-0.888,-0.0,-0.888,observed,0.598392,7.222032,5.073792000000011
204,"([0.26, 0.12, 0.33, 0.23, 0.07], [4])","([0, 0, 1, 0, 0], [2])",-0.0,-0.0,-0.0,-0.0,-0.93,-0.93,observed,0.598392,7.55364,5.073792000000011
205,"([0.26, 0.12, 0.33, 0.23, 0.07], [3])","([0, 0, 1, 0, 0], [2])",-0.0,-0.0,-0.0,-0.888,-0.0,-0.888,observed,0.598392,7.843248,5.073792000000011
206,"([0.26, 0.12, 0.33, 0.23, 0.07], [2])","([0, 0, 1, 0, 0], [2])",-0.0,-0.0,-0.0,-0.0,-0.0,0.0,observed,0.598392,7.244856,5.073792000000011
207,"([0.26, 0.12, 0.33, 0.23, 0.07], [2])","([0, 0, 1, 0, 0], [2])",-0.0,-0.0,-0.0,-0.0,-0.0,0.0,observed,0.598392,6.646464,5.073792000000011
208,"([0.26, 0.12, 0.33, 0.23, 0.07], [3])","([0, 0, 1, 0, 0], [2])",-0.0,-0.0,-0.0,-0.888,-0.0,-0.888,observed,0.598392,6.936072,5.073792000000011
209,"([0.26, 0.12, 0.33, 0.23, 0.07], [2])","([0, 0, 1, 0, 0], [2])",-0.0,-0.0,-0.0,-0.0,-0.0,0.0,observed,0.598392,6.337680000000001,5.073792000000011
210,"([0.26, 0.12, 0.33, 0.23, 0.07], [0])","([0, 0, 1, 0, 0], [2])",-0.8540000000000001,-0.0,-0.0,-0.0,-0.0,-0.8540000000000001,observed,0.598392,6.593288000000001,5.073792000000011
211,"([0.26, 0.12, 0.33, 0.23, 0.07], [4])","([0, 0, 1, 0, 0], [2])",-0.0,-0.0,-0.0,-0.0,-0.93,-0.93,observed,0.598392,6.924896000000001,5.073792000000011
212,"([0.26, 0.12, 0.33, 0.23, 0.07], [4])","([0, 0, 1, 0, 0], [2])",-0.0,-0.0,-0.0,-0.0,-0.93,-0.93,observed,0.598392,7.256504000000001,5.073792000000011
213,"([0.26, 0.12, 0.33, 0.23, 0.07], [3])","([0, 0, 1, 0, 0], [2])",-0.0,-0.0,-0.0,-0.888,-0.0,-0.888,observed,0.598392,7.546112000000002,5.073792000000011
214,"([0.26, 0.12, 0.33, 0.23, 0.07], [0])","([0, 0, 1, 0, 0], [2])",-0.8540000000000001,-0.0,-0.0,-0.0,-0.0,-0.8540000000000001,observed,0.598392,7.801720000000001,5.073792000000011
215,"([0.26, 0.12, 0.33, 0.23, 0.07], [2])","([0, 0, 1, 0, 0], [2])",-0.0,-0.0,-0.0,-0.0,-0.0,0.0,observed,0.598392,7.203328000000001,5.073792000000011
216,"([0.26, 0.12, 0.33, 0.23, 0.07], [3])","([0, 0, 1, 0, 0], [2])",-0.0,-0.0,-0.0,-0.888,-0.0,-0.888,observed,0.598392,7.492936000000001,5.073792000000011
217,"([0.26, 0.12, 0.33, 0.23, 0.07], [2])","([0, 0, 1, 0, 0], [2])",-0.0,-0.0,-0.0,-0.0,-0.0,0.0,observed,0.598392,6.894544000000002,5.073792000000011
218,"([0.26, 0.12, 0.33, 0.23, 0.07], [2])","([0, 0, 1, 0, 0], [2])",-0.0,-0.0,-0.0,-0.0,-0.0,0.0,observed,0.598392,6.296152000000001,5.073792000000011
219,"([0.26, 0.12, 0.33, 0.23, 0.07], [3])","([0, 0, 1, 0, 0], [2])",-0.0,-0.0,-0.0,-0.888,-0.0,-0.888,observed,0.598392,6.585760000000001,5.073792000000011
220,"([0.26, 0.12, 0.33, 0.23, 0.07], [2])","([0, 0, 1, 0, 0], [2])",-0.0,-0.0,-0.0,-0.0,-0.0,0.0,observed,0.598392,5.987368000000002,5.073792000000011
221,"([0.26, 0.12, 0.33, 0.23, 0.07], [2])","([0, 0, 1, 0, 0], [2])",-0.0,-0.0,-0.0,-0.0,-0.0,0.0,observed,0.598392,5.388976000000001,5.073792000000011
222,"([0.26, 0.12, 0.33, 0.23, 0.07], [1])","([0, 0, 1, 0, 0], [2])",-0.0,-0.9520000000000001,-0.0,-0.0,-0.0,-0.9520000000000001,observed,0.598392,5.742584000000002,5.073792000000011
223,"([0.26, 0.12, 0.33, 0.23, 0.07], [0])","([0, 0, 1, 0, 0], [2])",-0.8540000000000001,-0.0,-0.0,-0.0,-0.0,-0.8540000000000001,observed,0.598392,5.998192000000001,5.073792000000011
224,"([0.26, 0.12, 0.33, 0.23, 0.07], [1])","([0, 0, 1, 0, 0], [2])",-0.0,-0.9520000000000001,-0.0,-0.0,-0.0,-0.9520000000000001,observed,0.598392,6.351800000000002,5.073792000000011
225,"([0.26, 0.12, 0.33, 0.23, 0.07], [3])","([0, 0, 1, 0, 0], [2])",-0.0,-0.0,-0.0,-0.888,-0.0,-0.888,observed,0.598392,6.641408000000002,5.073792000000011
226,"([0.26, 0.12, 0.33, 0.23, 0.07], [2])","([0, 0, 1, 0, 0], [2])",-0.0,-0.0,-0.0,-0.0,-0.0,0.0,observed,0.598392,6.0430160000000015,5.073792000000011
227,"([0.26, 0.12, 0.33, 0.23, 0.07], [0])","([0, 0, 1, 0, 0], [2])",-0.8540000000000001,-0.0,-0.0,-0.0,-0.0,-0.8540000000000001,observed,0.598392,6.298624000000002,5.073792000000011
228,"([0.26, 0.12, 0.33, 0.23, 0.07], [2])","([0, 0, 1, 0, 0], [2])",-0.0,-0.0,-0.0,-0.0,-0.0,0.0,observed,0.598392,5.7002320000000015,5.073792000000011
229,"([0.26, 0.12, 0.33, 0.23, 0.07], [0])","([0, 0, 1, 0, 0], [2])",-0.8540000000000001,-0.0,-0.0,-0.0,-0.0,-0.8540000000000001,observed,0.598392,5.955840000000002,5.073792000000011
230,"([0.26, 0.12, 0.33, 0.23, 0.07], [2])","([0, 0, 1, 0, 0], [2])",-0.0,-0.0,-0.0,-0.0,-0.0,0.0,observed,0.598392,5.3574480000000015,5.073792000000011
231,"([0.26, 0.12, 0.33, 0.23, 0.07], [4])","([0, 0, 1, 0, 0], [2])",-0.0,-0.0,-0.0,-0.0,-0.93,-0.93,observed,0.598392,5.689056000000002,5.073792000000011
232,"([0.26, 0.12, 0.33, 0.23, 0.07], [1])","([0, 0, 1, 0, 0], [2])",-0.0,-0.9520000000000001,-0.0,-0.0,-0.0,-0.9520000000000001,observed,0.598392,6.042664000000002,5.073792000000011
233,"([0.26, 0.12, 0.33, 0.23, 0.07], [3])","([0, 0, 1, 0, 0], [2])",-0.0,-0.0,-0.0,-0.888,-0.0,-0.888,observed,0.598392,6.332272000000002,5.073792000000011
234,"([0.26, 0.12, 0.33, 0.23, 0.07], [2])","([0, 0, 1, 0, 0], [2])",-0.0,-0.0,-0.0,-0.0,-0.0,0.0,observed,0.598392,5.733880000000003,5.073792000000011
235,"([0.26, 0.12, 0.33, 0.23, 0.07], [4])","([0, 0, 1, 0, 0], [2])",-0.0,-0.0,-0.0,-0.0,-0.93,-0.93,observed,0.598392,6.065488000000003,5.073792000000011
236,"([0.26, 0.12, 0.33, 0.23, 0.07], [2])","([0, 0, 1, 0, 0], [2])",-0.0,-0.0,-0.0,-0.0,-0.0,0.0,observed,0.598392,5.467096000000003,5.073792000000011
237,"([0.26, 0.12, 0.33, 0.23, 0.07], [2])","([0, 0, 1, 0, 0], [2])",-0.0,-0.0,-0.0,-0.0,-0.0,0.0,observed,0.598392,4.868704000000003,5.073792000000011
238,"([0.26, 0.12, 0.33, 0.23, 0.07], [3])","([0, 0, 1, 0, 0], [2])",-0.0,-0.0,-0.0,-0.888,-0.0,-0.888,observed,0.598392,5.158312000000003,5.073792000000011
239,"([0.26, 0.12, 0.33, 0.23, 0.07], [3])","([0, 0, 1, 0, 0], [2])",-0.0,-0.0,-0.0,-0.888,-0.0,-0.888,observed,0.598392,5.447920000000003,5.073792000000011
240,"([0.26, 0.12, 0.33, 0.23, 0.07], [2])","([0, 0, 1, 0, 0], [2])",-0.0,-0.0,-0.0,-0.0,-0.0,0.0,observed,0.598392,4.849528000000003,5.073792000000011
241,"([0.26, 0.12, 0.33, 0.23, 0.07], [2])","([0, 0, 1, 0, 0], [2])",-0.0,-0.0,-0.0,-0.0,-0.0,0.0,observed,0.598392,4.2511360000000025,5.073792000000011
242,"([0.26, 0.12, 0.33, 0.23, 0.07], [2])","([0, 0, 1, 0, 0], [2])",-0.0,-0.0,-0.0,-0.0,-0.0,0.0,observed,0.598392,3.6527440000000024,5.073792000000011
243,"([0.26, 0.12, 0.33, 0.23, 0.07], [2])","([0, 0, 1, 0, 0], [2])",-0.0,-0.0,-0.0,-0.0,-0.0,0.0,observed,0.598392,3.0543520000000024,5.073792000000011
244,"([0.26, 0.12, 0.33, 0.23, 0.07], [4])","([0, 0, 1, 0, 0], [2])",-0.0,-0.0,-0.0,-0.0,-0.93,-0.93,observed,0.598392,3.3859600000000025,5.073792000000011
245,"([0.26, 0.12, 0.33, 0.23, 0.07], [2])","([0, 0, 1, 0, 0], [2])",-0.0,-0.0,-0.0,-0.0,-0.0,0.0,observed,0.598392,2.7875680000000025,5.073792000000011
246,"([0.26, 0.12, 0.33, 0.23, 0.07], [1])","([0, 0, 1, 0, 0], [2])",-0.0,-0.9520000000000001,-0.0,-0.0,-0.0,-0.9520000000000001,observed,0.598392,3.1411760000000024,5.073792000000011
247,"([0.26, 0.12, 0.33, 0.23, 0.07], [2])","([0, 0, 1, 0, 0], [2])",-0.0,-0.0,-0.0,-0.0,-0.0,0.0,observed,0.598392,2.5427840000000024,5.073792000000011
248,"([0.26, 0.12, 0.33, 0.23, 0.07], [3])","([0, 0, 1, 0, 0], [2])",-0.0,-0.0,-0.0,-0.888,-0.0,-0.888,observed,0.598392,2.8323920000000022,5.073792000000011
249,"([0.26, 0.12, 0.33, 0.23, 0.07], [0])","([0, 0, 1, 0, 0], [2])",-0.8540000000000001,-0.0,-0.0,-0.0,-0.0,-0.8540000000000001,observed,0.598392,3.0880000000000023,5.073792000000011
250,"([0.26, 0.12, 0.33, 0.23, 0.07], [3])","([0, 0, 1, 0, 0], [2])",-0.0,-0.0,-0.0,-0.888,-0.0,-0.888,observed,0.598392,3.377608000000002,5.073792000000011
251,"([0.26, 0.12, 0.33, 0.23, 0.07], [2])","([0, 0, 1, 0, 0], [2])",-0.0,-0.0,-0.0,-0.0,-0.0,0.0,observed,0.598392,2.779216000000002,5.073792000000011
252,"([0.26, 0.12, 0.33, 0.23, 0.07], [1])","([0, 0, 1, 0, 0], [2])",-0.0,-0.9520000000000001,-0.0,-0.0,-0.0,-0.9520000000000001,observed,0.598392,3.132824000000002,5.073792000000011
253,"([0.26, 0.12, 0.33, 0.23, 0.07], [2])","([0, 0, 1, 0, 0], [2])",-0.0,-0.0,-0.0,-0.0,-0.0,0.0,observed,0.598392,2.534432000000002,5.073792000000011
254,"([0.26, 0.12, 0.33, 0.23, 0.07], [0])","([0, 0, 1, 0, 0], [2])",-0.8540000000000001,-0.0,-0.0,-0.0,-0.0,-0.8540000000000001,observed,0.598392,2.790040000000002,5.073792000000011
255,"([0.26, 0.12, 0.33, 0.23, 0.07], [0])","([0, 0, 1, 0, 0], [2])",-0.8540000000000001,-0.0,-0.0,-0.0,-0.0,-0.8540000000000001,observed,0.598392,3.045648000000002,5.073792000000011
256,"([0.26, 0.12, 0.33, 0.23, 0.07], [3])","([0, 0, 1, 0, 0], [2])",-0.0,-0.0,-0.0,-0.888,-0.0,-0.888,observed,0.598392,3.335256000000002,5.073792000000011
257,"([0.26, 0.12, 0.33, 0.23, 0.07], [0])","([0, 0, 1, 0, 0], [2])",-0.8540000000000001,-0.0,-0.0,-0.0,-0.0,-0.8540000000000001,observed,0.598392,3.590864000000002,5.073792000000011
258,"([0.26, 0.12, 0.33, 0.23, 0.07], [4])","([0, 0, 1, 0, 0], [2])",-0.0,-0.0,-0.0,-0.0,-0.93,-0.93,observed,0.598392,3.922472000000002,5.073792000000011
259,"([0.26, 0.12, 0.33, 0.23, 0.07], [3])","([0, 0, 1, 0, 0], [2])",-0.0,-0.0,-0.0,-0.888,-0.0,-0.888,observed,0.598392,4.212080000000002,5.073792000000011
260,"([0.26, 0.12, 0.33, 0.23, 0.07], [3])","([0, 0, 1, 0, 0], [2])",-0.0,-0.0,-0.0,-0.888,-0.0,-0.888,observed,0.598392,4.501688000000002,5.073792000000011
261,"([0.26, 0.12, 0.33, 0.23, 0.07], [4])","([0, 0, 1, 0, 0], [2])",-0.0,-0.0,-0.0,-0.0,-0.93,-0.93,observed,0.598392,4.8332960000000025,5.073792000000011
262,"([0.26, 0.12, 0.33, 0.23, 0.07], [2])","([0, 0, 1, 0, 0], [2])",-0.0,-0.0,-0.0,-0.0,-0.0,0.0,observed,0.598392,4.234904000000002,5.073792000000011
263,"([0.26, 0.12, 0.33, 0.23, 0.07], [2])","([0, 0, 1, 0, 0], [2])",-0.0,-0.0,-0.0,-0.0,-0.0,0.0,observed,0.598392,3.636512000000002,5.073792000000011
264,"([0.26, 0.12, 0.33, 0.23, 0.07], [1])","([0, 0, 1, 0, 0], [2])",-0.0,-0.9520000000000001,-0.0,-0.0,-0.0,-0.9520000000000001,observed,0.598392,3.990120000000002,5.073792000000011
265,"([0.26, 0.12, 0.33, 0.23, 0.07], [2])","([0, 0, 1, 0, 0], [2])",-0.0,-0.0,-0.0,-0.0,-0.0,0.0,observed,0.598392,3.391728000000002,5.073792000000011
266,"([0.26, 0.12, 0.33, 0.23, 0.07], [3])","([0, 0, 1, 0, 0], [2])",-0.0,-0.0,-0.0,-0.888,-0.0,-0.888,observed,0.598392,3.6813360000000017,5.073792000000011
267,"([0.26, 0.12, 0.33, 0.23, 0.07], [1])","([0, 0, 1, 0, 0], [2])",-0.0,-0.9520000000000001,-0.0,-0.0,-0.0,-0.9520000000000001,observed,0.598392,4.034944000000002,5.073792000000011
268,"([0.26, 0.12, 0.33, 0.23, 0.07], [0])","([0, 0, 1, 0, 0], [2])",-0.8540000000000001,-0.0,-0.0,-0.0,-0.0,-0.8540000000000001,observed,0.598392,4.290552000000002,5.073792000000011
269,"([0.26, 0.12, 0.33, 0.23, 0.07], [2])","([0, 0, 1, 0, 0], [2])",-0.0,-0.0,-0.0,-0.0,-0.0,0.0,observed,0.598392,3.6921600000000017,5.073792000000011
270,"([0.26, 0.12, 0.33, 0.23, 0.07], [4])","([0, 0, 1, 0, 0], [2])",-0.0,-0.0,-0.0,-0.0,-0.93,-0.93,observed,0.598392,4.023768000000001,5.073792000000011
271,"([0.26, 0.12, 0.33, 0.23, 0.07], [0])","([0, 0, 1, 0, 0], [2])",-0.8540000000000001,-0.0,-0.0,-0.0,-0.0,-0.8540000000000001,observed,0.598392,4.279376000000001,5.073792000000011
272,"([0.26, 0.12, 0.33, 0.23, 0.07], [4])","([0, 0, 1, 0, 0], [2])",-0.0,-0.0,-0.0,-0.0,-0.93,-0.93,observed,0.598392,4.610984000000001,5.073792000000011
273,"([0.26, 0.12, 0.33, 0.23, 0.07], [3])","([0, 0, 1, 0, 0], [2])",-0.0,-0.0,-0.0,-0.888,-0.0,-0.888,observed,0.598392,4.900592000000001,5.073792000000011
274,"([0.26, 0.12, 0.33, 0.23, 0.07], [0])","([0, 0, 1, 0, 0], [2])",-0.8540000000000001,-0.0,-0.0,-0.0,-0.0,-0.8540000000000001,observed,0.598392,5.156200000000002,5.073792000000011
275,"([0.26, 0.12, 0.33, 0.23, 0.07], [2])","([0, 0, 1, 0, 0], [2])",-0.0,-0.0,-0.0,-0.0,-0.0,0.0,observed,0.598392,4.557808000000001,5.073792000000011
276,"([0.26, 0.12, 0.33, 0.23, 0.07], [2])","([0, 0, 1, 0, 0], [2])",-0.0,-0.0,-0.0,-0.0,-0.0,0.0,observed,0.598392,3.9594160000000014,5.073792000000011
277,"([0.26, 0.12, 0.33, 0.23, 0.07], [2])","([0, 0, 1, 0, 0], [2])",-0.0,-0.0,-0.0,-0.0,-0.0,0.0,observed,0.598392,3.3610240000000013,5.073792000000011
278,"([0.26, 0.12, 0.33, 0.23, 0.07], [2])","([0, 0, 1, 0, 0], [2])",-0.0,-0.0,-0.0,-0.0,-0.0,0.0,observed,0.598392,2.7626320000000013,5.073792000000011
279,"([0.26, 0.12, 0.33, 0.23, 0.07], [0])","([0, 0, 1, 0, 0], [2])",-0.8540000000000001,-0.0,-0.0,-0.0,-0.0,-0.8540000000000001,observed,0.598392,3.0182400000000014,5.073792000000011
280,"([0.26, 0.12, 0.33, 0.23, 0.07], [0])","([0, 0, 1, 0, 0], [2])",-0.8540000000000001,-0.0,-0.0,-0.0,-0.0,-0.8540000000000001,observed,0.598392,3.2738480000000014,5.073792000000011
281,"([0.26, 0.12, 0.33, 0.23, 0.07], [3])","([0, 0, 1, 0, 0], [2])",-0.0,-0.0,-0.0,-0.888,-0.0,-0.888,observed,0.598392,3.5634560000000013,5.073792000000011
282,"([0.26, 0.12, 0.33, 0.23, 0.07], [1])","([0, 0, 1, 0, 0], [2])",-0.0,-0.9520000000000001,-0.0,-0.0,-0.0,-0.9520000000000001,observed,0.598392,3.917064000000001,5.073792000000011
283,"([0.26, 0.12, 0.33, 0.23, 0.07], [0])","([0, 0, 1, 0, 0], [2])",-0.8540000000000001,-0.0,-0.0,-0.0,-0.0,-0.8540000000000001,observed,0.598392,4.172672000000001,5.073792000000011
284,"([0.26, 0.12, 0.33, 0.23, 0.07], [3])","([0, 0, 1, 0, 0], [2])",-0.0,-0.0,-0.0,-0.888,-0.0,-0.888,observed,0.598392,4.462280000000002,5.073792000000011
285,"([0.26, 0.12, 0.33, 0.23, 0.07], [0])","([0, 0, 1, 0, 0], [2])",-0.8540000000000001,-0.0,-0.0,-0.0,-0.0,-0.8540000000000001,observed,0.598392,4.717888000000002,5.073792000000011
286,"([0.26, 0.12, 0.33, 0.23, 0.07], [2])","([0, 0, 1, 0, 0], [2])",-0.0,-0.0,-0.0,-0.0,-0.0,0.0,observed,0.598392,4.119496000000002,5.073792000000011
287,"([0.26, 0.12, 0.33, 0.23, 0.07], [2])","([0, 0, 1, 0, 0], [2])",-0.0,-0.0,-0.0,-0.0,-0.0,0.0,observed,0.598392,3.5211040000000016,5.073792000000011
288,"([0.26, 0.12, 0.33, 0.23, 0.07], [3])","([0, 0, 1, 0, 0], [2])",-0.0,-0.0,-0.0,-0.888,-0.0,-0.888,observed,0.598392,3.8107120000000014,5.073792000000011
289,"([0.26, 0.12, 0.33, 0.23, 0.07], [1])","([0, 0, 1, 0, 0], [2])",-0.0,-0.9520000000000001,-0.0,-0.0,-0.0,-0.9520000000000001,observed,0.598392,4.164320000000002,5.073792000000011
290,"([0.26, 0.12, 0.33, 0.23, 0.07], [1])","([0, 0, 1, 0, 0], [2])",-0.0,-0.9520000000000001,-0.0,-0.0,-0.0,-0.9520000000000001,observed,0.598392,4.517928000000002,5.073792000000011
291,"([0.26, 0.12, 0.33, 0.23, 0.07], [3])","([0, 0, 1, 0, 0], [2])",-0.0,-0.0,-0.0,-0.888,-0.0,-0.888,observed,0.598392,4.8075360000000025,5.073792000000011
292,"([0.26, 0.12, 0.33, 0.23, 0.07], [3])","([0, 0, 1, 0, 0], [2])",-0.0,-0.0,-0.0,-0.888,-0.0,-0.888,observed,0.598392,5.097144000000003,5.073792000000011
293,"([0.26, 0.12, 0.33, 0.23, 0.07], [2])","([0, 0, 1, 0, 0], [2])",-0.0,-0.0,-0.0,-0.0,-0.0,0.0,observed,0.598392,4.498752000000003,5.073792000000011
294,"([0.26, 0.12, 0.33, 0.23, 0.07], [0])","([0, 0, 1, 0, 0], [2])",-0.8540000000000001,-0.0,-0.0,-0.0,-0.0,-0.8540000000000001,observed,0.598392,4.754360000000004,5.073792000000011
295,"([0.26, 0.12, 0.33, 0.23, 0.07], [1])","([0, 0, 1, 0, 0], [2])",-0.0,-0.9520000000000001,-0.0,-0.0,-0.0,-0.9520000000000001,observed,0.598392,5.107968000000004,5.073792000000011
296,"([0.26, 0.12, 0.33, 0.23, 0.07], [3])","([0, 0, 1, 0, 0], [2])",-0.0,-0.0,-0.0,-0.888,-0.0,-0.888,observed,0.598392,5.397576000000004,5.073792000000011
297,"([0.26, 0.12, 0.33, 0.23, 0.07], [2])","([0, 0, 1, 0, 0], [2])",-0.0,-0.0,-0.0,-0.0,-0.0,0.0,observed,0.598392,4.799184000000004,5.073792000000011
298,"([0.26, 0.12, 0.33, 0.23, 0.07], [2])","([0, 0, 1, 0, 0], [2])",-0.0,-0.0,-0.0,-0.0,-0.0,0.0,observed,0.598392,4.200792000000003,5.073792000000011
299,"([0.26, 0.12, 0.33, 0.23, 0.07], [2])","([0, 0, 1, 0, 0], [2])",-0.0,-0.0,-0.0,-0.0,-0.0,0.0,observed,0.598392,3.6024000000000034,5.073792000000011
