,sto-1,FB-0,feedback target 0,feedback target 1,feedback target 2,feedback target 3,feedback target 4,total,target_observed?,exp_loss,actual_regret,exp_regret
0,"([0.26, 0.12, 0.33, 0.23, 0.07], [3])","([0, 0, 0, 1, 0], [3])",-0.0,-0.0,-0.0,-0.0,-0.0,0.0,observed,0.6772560000000001,-0.598392,0.07886400000000005
1,"([0.26, 0.12, 0.33, 0.23, 0.07], [2])","([0, 0, 0, 1, 0], [3])",-0.0,-0.0,-0.855,-0.0,-0.0,-0.855,observed,0.6772560000000001,-0.3417840000000001,0.1577280000000001
2,"([0.26, 0.12, 0.33, 0.23, 0.07], [2])","([0, 0, 0, 1, 0], [3])",-0.0,-0.0,-0.855,-0.0,-0.0,-0.855,observed,0.6772560000000001,-0.08517600000000014,0.23659200000000014
3,"([0.26, 0.12, 0.33, 0.23, 0.07], [3])","([0, 0, 1, 0, 0], [2])",-0.0,-0.0,-0.0,-0.888,-0.0,-0.888,observed,0.598392,0.20443199999999984,0.23659200000000014
4,"([0.26, 0.12, 0.33, 0.23, 0.07], [0])","([0, 0, 0, 1, 0], [3])",-0.8540000000000001,-0.0,-0.0,-0.0,-0.0,-0.8540000000000001,observed,0.6772560000000001,0.4600399999999999,0.3154560000000002
5,"([0.26, 0.12, 0.33, 0.23, 0.07], [2])","([0, 0, 0, 1, 0], [3])",-0.0,-0.0,-0.855,-0.0,-0.0,-0.855,observed,0.6772560000000001,0.7166479999999998,0.3943200000000002
6,"([0.26, 0.12, 0.33, 0.23, 0.07], [2])","([0, 0, 0, 1, 0], [3])",-0.0,-0.0,-0.855,-0.0,-0.0,-0.855,observed,0.6772560000000001,0.9732559999999998,0.47318400000000027
7,"([0.26, 0.12, 0.33, 0.23, 0.07], [3])","([0, 0, 1, 0, 0], [2])",-0.0,-0.0,-0.0,-0.888,-0.0,-0.888,observed,0.598392,1.2628639999999998,0.47318400000000027
8,"([0.26, 0.12, 0.33, 0.23, 0.07], [3])","([0, 0, 0, 1, 0], [3])",-0.0,-0.0,-0.0,-0.0,-0.0,0.0,observed,0.6772560000000001,0.6644719999999997,0.5520480000000003
9,"([0.26, 0.12, 0.33, 0.23, 0.07], [2])","([0, 0, 0, 1, 0], [3])",-0.0,-0.0,-0.855,-0.0,-0.0,-0.855,observed,0.6772560000000001,0.9210799999999997,0.6309120000000004
10,"([0.26, 0.12, 0.33, 0.23, 0.07], [2])","([0, 0, 0, 1, 0], [3])",-0.0,-0.0,-0.855,-0.0,-0.0,-0.855,observed,0.6772560000000001,1.1776879999999996,0.7097760000000004
11,"([0.26, 0.12, 0.33, 0.23, 0.07], [3])","([0, 0, 0, 1, 0], [3])",-0.0,-0.0,-0.0,-0.0,-0.0,0.0,observed,0.6772560000000001,0.5792959999999996,0.7886400000000005
12,"([0.26, 0.12, 0.33, 0.23, 0.07], [2])","([0, 0, 0, 1, 0], [3])",-0.0,-0.0,-0.855,-0.0,-0.0,-0.855,observed,0.6772560000000001,0.8359039999999995,0.8675040000000005
13,"([0.26, 0.12, 0.33, 0.23, 0.07], [2])","([0, 0, 0, 1, 0], [3])",-0.0,-0.0,-0.855,-0.0,-0.0,-0.855,observed,0.6772560000000001,1.0925119999999995,0.9463680000000005
14,"([0.26, 0.12, 0.33, 0.23, 0.07], [2])","([0, 0, 0, 1, 0], [3])",-0.0,-0.0,-0.855,-0.0,-0.0,-0.855,observed,0.6772560000000001,1.3491199999999994,1.0252320000000006
15,"([0.26, 0.12, 0.33, 0.23, 0.07], [0])","([0, 0, 1, 0, 0], [2])",-0.8540000000000001,-0.0,-0.0,-0.0,-0.0,-0.8540000000000001,observed,0.598392,1.6047279999999995,1.0252320000000006
16,"([0.26, 0.12, 0.33, 0.23, 0.07], [1])","([0, 0, 0, 1, 0], [3])",-0.0,-0.9520000000000001,-0.0,-0.0,-0.0,-0.9520000000000001,observed,0.6772560000000001,1.9583359999999996,1.1040960000000006
17,"([0.26, 0.12, 0.33, 0.23, 0.07], [3])","([0, 0, 0, 1, 0], [3])",-0.0,-0.0,-0.0,-0.0,-0.0,0.0,observed,0.6772560000000001,1.3599439999999996,1.1829600000000007
18,"([0.26, 0.12, 0.33, 0.23, 0.07], [2])","([0, 0, 0, 1, 0], [3])",-0.0,-0.0,-0.855,-0.0,-0.0,-0.855,observed,0.6772560000000001,1.6165519999999995,1.2618240000000007
19,"([0.26, 0.12, 0.33, 0.23, 0.07], [2])","([0, 0, 0, 1, 0], [3])",-0.0,-0.0,-0.855,-0.0,-0.0,-0.855,observed,0.6772560000000001,1.8731599999999995,1.3406880000000008
20,"([0.26, 0.12, 0.33, 0.23, 0.07], [4])","([0, 0, 0, 1, 0], [3])",-0.0,-0.0,-0.0,-0.0,-0.93,-0.93,observed,0.6772560000000001,2.2047679999999996,1.4195520000000008
21,"([0.26, 0.12, 0.33, 0.23, 0.07], [3])","([0, 0, 1, 0, 0], [2])",-0.0,-0.0,-0.0,-0.888,-0.0,-0.888,observed,0.598392,2.4943759999999995,1.4195520000000008
22,"([0.26, 0.12, 0.33, 0.23, 0.07], [3])","([0, 0, 0, 1, 0], [3])",-0.0,-0.0,-0.0,-0.0,-0.0,0.0,observed,0.6772560000000001,1.8959839999999994,1.4984160000000009
23,"([0.26, 0.12, 0.33, 0.23, 0.07], [2])","([0, 0, 0, 1, 0], [3])",-0.0,-0.0,-0.855,-0.0,-0.0,-0.855,observed,0.6772560000000001,2.1525919999999994,1.577280000000001
24,"([0.26, 0.12, 0.33, 0.23, 0.07], [3])","([0, 0, 0, 1, 0], [3])",-0.0,-0.0,-0.0,-0.0,-0.0,0.0,observed,0.6772560000000001,1.5541999999999994,1.656144000000001
25,"([0.26, 0.12, 0.33, 0.23, 0.07], [2])","([0, 0, 0, 1, 0], [3])",-0.0,-0.0,-0.855,-0.0,-0.0,-0.855,observed,0.6772560000000001,1.8108079999999993,1.735008000000001
26,"([0.26, 0.12, 0.33, 0.23, 0.07], [3])","([0, 0, 0, 1, 0], [3])",-0.0,-0.0,-0.0,-0.0,-0.0,0.0,observed,0.6772560000000001,1.2124159999999993,1.813872000000001
27,"([0.26, 0.12, 0.33, 0.23, 0.07], [3])","([0, 0, 0, 1, 0], [3])",-0.0,-0.0,-0.0,-0.0,-0.0,0.0,observed,0.6772560000000001,0.6140239999999992,1.892736000000001
28,"([0.26, 0.12, 0.33, 0.23, 0.07], [0])","([0, 0, 0, 1, 0], [3])",-0.8540000000000001,-0.0,-0.0,-0.0,-0.0,-0.8540000000000001,observed,0.6772560000000001,0.8696319999999993,1.9716000000000011
29,"([0.26, 0.12, 0.33, 0.23, 0.07], [2])","([0, 0, 0, 1, 0], [3])",-0.0,-0.0,-0.855,-0.0,-0.0,-0.855,observed,0.6772560000000001,1.1262399999999992,2.050464000000001
30,"([0.26, 0.12, 0.33, 0.23, 0.07], [3])","([0, 0, 0, 1, 0], [3])",-0.0,-0.0,-0.0,-0.0,-0.0,0.0,observed,0.6772560000000001,0.5278479999999992,2.129328000000001
31,"([0.26, 0.12, 0.33, 0.23, 0.07], [0])","([0, 0, 0, 1, 0], [3])",-0.8540000000000001,-0.0,-0.0,-0.0,-0.0,-0.8540000000000001,observed,0.6772560000000001,0.7834559999999993,2.2081920000000013
32,"([0.26, 0.12, 0.33, 0.23, 0.07], [0])","([0, 0, 0, 1, 0], [3])",-0.8540000000000001,-0.0,-0.0,-0.0,-0.0,-0.8540000000000001,observed,0.6772560000000001,1.0390639999999993,2.2870560000000015
33,"([0.26, 0.12, 0.33, 0.23, 0.07], [2])","([0, 0, 0, 1, 0], [3])",-0.0,-0.0,-0.855,-0.0,-0.0,-0.855,observed,0.6772560000000001,1.2956719999999993,2.365920000000002
34,"([0.26, 0.12, 0.33, 0.23, 0.07], [0])","([0, 0, 0, 1, 0], [3])",-0.8540000000000001,-0.0,-0.0,-0.0,-0.0,-0.8540000000000001,observed,0.6772560000000001,1.5512799999999993,2.444784000000002
35,"([0.26, 0.12, 0.33, 0.23, 0.07], [2])","([0, 0, 0, 1, 0], [3])",-0.0,-0.0,-0.855,-0.0,-0.0,-0.855,observed,0.6772560000000001,1.8078879999999993,2.5236480000000023
36,"([0.26, 0.12, 0.33, 0.23, 0.07], [0])","([0, 0, 0, 1, 0], [3])",-0.8540000000000001,-0.0,-0.0,-0.0,-0.0,-0.8540000000000001,observed,0.6772560000000001,2.0634959999999993,2.6025120000000026
37,"([0.26, 0.12, 0.33, 0.23, 0.07], [0])","([0, 0, 1, 0, 0], [2])",-0.8540000000000001,-0.0,-0.0,-0.0,-0.0,-0.8540000000000001,observed,0.598392,2.3191039999999994,2.6025120000000026
38,"([0.26, 0.12, 0.33, 0.23, 0.07], [0])","([0, 0, 1, 0, 0], [2])",-0.8540000000000001,-0.0,-0.0,-0.0,-0.0,-0.8540000000000001,observed,0.598392,2.5747119999999994,2.6025120000000026
39,"([0.26, 0.12, 0.33, 0.23, 0.07], [4])","([0, 0, 1, 0, 0], [2])",-0.0,-0.0,-0.0,-0.0,-0.93,-0.93,observed,0.598392,2.9063199999999996,2.6025120000000026
40,"([0.26, 0.12, 0.33, 0.23, 0.07], [1])","([0, 0, 1, 0, 0], [2])",-0.0,-0.9520000000000001,-0.0,-0.0,-0.0,-0.9520000000000001,observed,0.598392,3.2599279999999995,2.6025120000000026
41,"([0.26, 0.12, 0.33, 0.23, 0.07], [2])","([0, 0, 1, 0, 0], [2])",-0.0,-0.0,-0.0,-0.0,-0.0,0.0,observed,0.598392,2.6615359999999995,2.6025120000000026
42,"([0.26, 0.12, 0.33, 0.23, 0.07], [3])","([0, 0, 1, 0, 0], [2])",-0.0,-0.0,-0.0,-0.888,-0.0,-0.888,observed,0.598392,2.9511439999999993,2.6025120000000026
43,"([0.26, 0.12, 0.33, 0.23, 0.07], [2])","([0, 0, 1, 0, 0], [2])",-0.0,-0.0,-0.0,-0.0,-0.0,0.0,observed,0.598392,2.3527519999999993,2.6025120000000026
44,"([0.26, 0.12, 0.33, 0.23, 0.07], [0])","([0, 0, 1, 0, 0], [2])",-0.8540000000000001,-0.0,-0.0,-0.0,-0.0,-0.8540000000000001,observed,0.598392,2.6083599999999993,2.6025120000000026
45,"([0.26, 0.12, 0.33, 0.23, 0.07], [2])","([0, 0, 1, 0, 0], [2])",-0.0,-0.0,-0.0,-0.0,-0.0,0.0,observed,0.598392,2.0099679999999993,2.6025120000000026
46,"([0.26, 0.12, 0.33, 0.23, 0.07], [0])","([0, 0, 1, 0, 0], [2])",-0.8540000000000001,-0.0,-0.0,-0.0,-0.0,-0.8540000000000001,observed,0.598392,2.2655759999999994,2.6025120000000026
47,"([0.26, 0.12, 0.33, 0.23, 0.07], [3])","([0, 0, 1, 0, 0], [2])",-0.0,-0.0,-0.0,-0.888,-0.0,-0.888,observed,0.598392,2.5551839999999992,2.6025120000000026
48,"([0.26, 0.12, 0.33, 0.23, 0.07], [2])","([0, 0, 1, 0, 0], [2])",-0.0,-0.0,-0.0,-0.0,-0.0,0.0,observed,0.598392,1.9567919999999992,2.6025120000000026
49,"([0.26, 0.12, 0.33, 0.23, 0.07], [2])","([0, 0, 1, 0, 0], [2])",-0.0,-0.0,-0.0,-0.0,-0.0,0.0,observed,0.598392,1.3583999999999992,2.6025120000000026
50,"([0.26, 0.12, 0.33, 0.23, 0.07], [3])","([0, 0, 1, 0, 0], [2])",-0.0,-0.0,-0.0,-0.888,-0.0,-0.888,observed,0.598392,1.648007999999999,2.6025120000000026
51,"([0.26, 0.12, 0.33, 0.23, 0.07], [2])","([0, 0, 1, 0, 0], [2])",-0.0,-0.0,-0.0,-0.0,-0.0,0.0,observed,0.598392,1.049615999999999,2.6025120000000026
52,"([0.26, 0.12, 0.33, 0.23, 0.07], [0])","([0, 0, 1, 0, 0], [2])",-0.8540000000000001,-0.0,-0.0,-0.0,-0.0,-0.8540000000000001,observed,0.598392,1.305223999999999,2.6025120000000026
53,"([0.26, 0.12, 0.33, 0.23, 0.07], [0])","([0, 0, 1, 0, 0], [2])",-0.8540000000000001,-0.0,-0.0,-0.0,-0.0,-0.8540000000000001,observed,0.598392,1.560831999999999,2.6025120000000026
54,"([0.26, 0.12, 0.33, 0.23, 0.07], [3])","([0, 0, 1, 0, 0], [2])",-0.0,-0.0,-0.0,-0.888,-0.0,-0.888,observed,0.598392,1.850439999999999,2.6025120000000026
55,"([0.26, 0.12, 0.33, 0.23, 0.07], [1])","([0, 0, 1, 0, 0], [2])",-0.0,-0.9520000000000001,-0.0,-0.0,-0.0,-0.9520000000000001,observed,0.598392,2.204047999999999,2.6025120000000026
56,"([0.26, 0.12, 0.33, 0.23, 0.07], [2])","([0, 0, 1, 0, 0], [2])",-0.0,-0.0,-0.0,-0.0,-0.0,0.0,observed,0.598392,1.6056559999999989,2.6025120000000026
57,"([0.26, 0.12, 0.33, 0.23, 0.07], [3])","([0, 0, 1, 0, 0], [2])",-0.0,-0.0,-0.0,-0.888,-0.0,-0.888,observed,0.598392,1.8952639999999987,2.6025120000000026
58,"([0.26, 0.12, 0.33, 0.23, 0.07], [3])","([0, 0, 1, 0, 0], [2])",-0.0,-0.0,-0.0,-0.888,-0.0,-0.888,observed,0.598392,2.1848719999999986,2.6025120000000026
59,"([0.26, 0.12, 0.33, 0.23, 0.07], [2])","([0, 0, 1, 0, 0], [2])",-0.0,-0.0,-0.0,-0.0,-0.0,0.0,observed,0.598392,1.5864799999999986,2.6025120000000026
60,"([0.26, 0.12, 0.33, 0.23, 0.07], [2])","([0, 0, 1, 0, 0], [2])",-0.0,-0.0,-0.0,-0.0,-0.0,0.0,observed,0.598392,0.9880879999999985,2.6025120000000026
61,"([0.26, 0.12, 0.33, 0.23, 0.07], [3])","([0, 0, 1, 0, 0], [2])",-0.0,-0.0,-0.0,-0.888,-0.0,-0.888,observed,0.598392,1.2776959999999984,2.6025120000000026
62,"([0.26, 0.12, 0.33, 0.23, 0.07], [3])","([0, 0, 1, 0, 0], [2])",-0.0,-0.0,-0.0,-0.888,-0.0,-0.888,observed,0.598392,1.5673039999999983,2.6025120000000026
63,"([0.26, 0.12, 0.33, 0.23, 0.07], [2])","([0, 0, 1, 0, 0], [2])",-0.0,-0.0,-0.0,-0.0,-0.0,0.0,observed,0.598392,0.9689119999999982,2.6025120000000026
64,"([0.26, 0.12, 0.33, 0.23, 0.07], [3])","([0, 0, 1, 0, 0], [2])",-0.0,-0.0,-0.0,-0.888,-0.0,-0.888,observed,0.598392,1.258519999999998,2.6025120000000026
65,"([0.26, 0.12, 0.33, 0.23, 0.07], [2])","([0, 0, 1, 0, 0], [2])",-0.0,-0.0,-0.0,-0.0,-0.0,0.0,observed,0.598392,0.660127999999998,2.6025120000000026
66,"([0.26, 0.12, 0.33, 0.23, 0.07], [3])","([0, 0, 1, 0, 0], [2])",-0.0,-0.0,-0.0,-0.888,-0.0,-0.888,observed,0.598392,0.949735999999998,2.6025120000000026
67,"([0.26, 0.12, 0.33, 0.23, 0.07], [1])","([0, 0, 1, 0, 0], [2])",-0.0,-0.9520000000000001,-0.0,-0.0,-0.0,-0.9520000000000001,observed,0.598392,1.303343999999998,2.6025120000000026
68,"([0.26, 0.12, 0.33, 0.23, 0.07], [0])","([0, 0, 1, 0, 0], [2])",-0.8540000000000001,-0.0,-0.0,-0.0,-0.0,-0.8540000000000001,observed,0.598392,1.5589519999999981,2.6025120000000026
69,"([0.26, 0.12, 0.33, 0.23, 0.07], [0])","([0, 0, 1, 0, 0], [2])",-0.8540000000000001,-0.0,-0.0,-0.0,-0.0,-0.8540000000000001,observed,0.598392,1.8145599999999982,2.6025120000000026
70,"([0.26, 0.12, 0.33, 0.23, 0.07], [3])","([0, 0, 1, 0, 0], [2])",-0.0,-0.0,-0.0,-0.888,-0.0,-0.888,observed,0.598392,2.1041679999999983,2.6025120000000026
71,"([0.26, 0.12, 0.33, 0.23, 0.07], [2])","([0, 0, 1, 0, 0], [2])",-0.0,-0.0,-0.0,-0.0,-0.0,0.0,observed,0.598392,1.5057759999999982,2.6025120000000026
72,"([0.26, 0.12, 0.33, 0.23, 0.07], [2])","([0, 0, 1, 0, 0], [2])",-0.0,-0.0,-0.0,-0.0,-0.0,0.0,observed,0.598392,0.9073839999999982,2.6025120000000026
73,"([0.26, 0.12, 0.33, 0.23, 0.07], [3])","([0, 0, 1, 0, 0], [2])",-0.0,-0.0,-0.0,-0.888,-0.0,-0.888,observed,0.598392,1.196991999999998,2.6025120000000026
74,"([0.26, 0.12, 0.33, 0.23, 0.07], [2])","([0, 0, 1, 0, 0], [2])",-0.0,-0.0,-0.0,-0.0,-0.0,0.0,observed,0.598392,0.598599999999998,2.6025120000000026
75,"([0.26, 0.12, 0.33, 0.23, 0.07], [0])","([0, 0, 1, 0, 0], [2])",-0.8540000000000001,-0.0,-0.0,-0.0,-0.0,-0.8540000000000001,observed,0.598392,0.8542079999999981,2.6025120000000026
76,"([0.26, 0.12, 0.33, 0.23, 0.07], [1])","([0, 0, 1, 0, 0], [2])",-0.0,-0.9520000000000001,-0.0,-0.0,-0.0,-0.9520000000000001,observed,0.598392,1.207815999999998,2.6025120000000026
77,"([0.26, 0.12, 0.33, 0.23, 0.07], [0])","([0, 0, 1, 0, 0], [2])",-0.8540000000000001,-0.0,-0.0,-0.0,-0.0,-0.8540000000000001,observed,0.598392,1.463423999999998,2.6025120000000026
78,"([0.26, 0.12, 0.33, 0.23, 0.07], [2])","([0, 0, 1, 0, 0], [2])",-0.0,-0.0,-0.0,-0.0,-0.0,0.0,observed,0.598392,0.865031999999998,2.6025120000000026
79,"([0.26, 0.12, 0.33, 0.23, 0.07], [0])","([0, 0, 1, 0, 0], [2])",-0.8540000000000001,-0.0,-0.0,-0.0,-0.0,-0.8540000000000001,observed,0.598392,1.120639999999998,2.6025120000000026
80,"([0.26, 0.12, 0.33, 0.23, 0.07], [0])","([0, 0, 1, 0, 0], [2])",-0.8540000000000001,-0.0,-0.0,-0.0,-0.0,-0.8540000000000001,observed,0.598392,1.3762479999999981,2.6025120000000026
81,"([0.26, 0.12, 0.33, 0.23, 0.07], [3])","([0, 0, 1, 0, 0], [2])",-0.0,-0.0,-0.0,-0.888,-0.0,-0.888,observed,0.598392,1.665855999999998,2.6025120000000026
82,"([0.26, 0.12, 0.33, 0.23, 0.07], [2])","([0, 0, 1, 0, 0], [2])",-0.0,-0.0,-0.0,-0.0,-0.0,0.0,observed,0.598392,1.067463999999998,2.6025120000000026
83,"([0.26, 0.12, 0.33, 0.23, 0.07], [0])","([0, 0, 1, 0, 0], [2])",-0.8540000000000001,-0.0,-0.0,-0.0,-0.0,-0.8540000000000001,observed,0.598392,1.323071999999998,2.6025120000000026
84,"([0.26, 0.12, 0.33, 0.23, 0.07], [2])","([0, 0, 1, 0, 0], [2])",-0.0,-0.0,-0.0,-0.0,-0.0,0.0,observed,0.598392,0.724679999999998,2.6025120000000026
85,"([0.26, 0.12, 0.33, 0.23, 0.07], [1])","([0, 0, 1, 0, 0], [2])",-0.0,-0.9520000000000001,-0.0,-0.0,-0.0,-0.9520000000000001,observed,0.598392,1.078287999999998,2.6025120000000026
86,"([0.26, 0.12, 0.33, 0.23, 0.07], [0])","([0, 0, 1, 0, 0], [2])",-0.8540000000000001,-0.0,-0.0,-0.0,-0.0,-0.8540000000000001,observed,0.598392,1.333895999999998,2.6025120000000026
87,"([0.26, 0.12, 0.33, 0.23, 0.07], [3])","([0, 0, 1, 0, 0], [2])",-0.0,-0.0,-0.0,-0.888,-0.0,-0.888,observed,0.598392,1.6235039999999978,2.6025120000000026
88,"([0.26, 0.12, 0.33, 0.23, 0.07], [2])","([0, 0, 1, 0, 0], [2])",-0.0,-0.0,-0.0,-0.0,-0.0,0.0,observed,0.598392,1.0251119999999978,2.6025120000000026
89,"([0.26, 0.12, 0.33, 0.23, 0.07], [0])","([0, 0, 1, 0, 0], [2])",-0.8540000000000001,-0.0,-0.0,-0.0,-0.0,-0.8540000000000001,observed,0.598392,1.2807199999999979,2.6025120000000026
90,"([0.26, 0.12, 0.33, 0.23, 0.07], [3])","([0, 0, 1, 0, 0], [2])",-0.0,-0.0,-0.0,-0.888,-0.0,-0.888,observed,0.598392,1.5703279999999977,2.6025120000000026
91,"([0.26, 0.12, 0.33, 0.23, 0.07], [2])","([0, 0, 1, 0, 0], [2])",-0.0,-0.0,-0.0,-0.0,-0.0,0.0,observed,0.598392,0.9719359999999977,2.6025120000000026
92,"([0.26, 0.12, 0.33, 0.23, 0.07], [2])","([0, 0, 1, 0, 0], [2])",-0.0,-0.0,-0.0,-0.0,-0.0,0.0,observed,0.598392,0.37354399999999766,2.6025120000000026
93,"([0.26, 0.12, 0.33, 0.23, 0.07], [4])","([0, 0, 1, 0, 0], [2])",-0.0,-0.0,-0.0,-0.0,-0.93,-0.93,observed,0.598392,0.7051519999999977,2.6025120000000026
94,"([0.26, 0.12, 0.33, 0.23, 0.07], [0])","([0, 0, 1, 0, 0], [2])",-0.8540000000000001,-0.0,-0.0,-0.0,-0.0,-0.8540000000000001,observed,0.598392,0.9607599999999977,2.6025120000000026
95,"([0.26, 0.12, 0.33, 0.23, 0.07], [0])","([0, 0, 1, 0, 0], [2])",-0.8540000000000001,-0.0,-0.0,-0.0,-0.0,-0.8540000000000001,observed,0.598392,1.216367999999998,2.6025120000000026
96,"([0.26, 0.12, 0.33, 0.23, 0.07], [2])","([0, 0, 1, 0, 0], [2])",-0.0,-0.0,-0.0,-0.0,-0.0,0.0,observed,0.598392,0.6179759999999979,2.6025120000000026
97,"([0.26, 0.12, 0.33, 0.23, 0.07], [2])","([0, 0, 1, 0, 0], [2])",-0.0,-0.0,-0.0,-0.0,-0.0,0.0,observed,0.598392,0.019583999999997825,2.6025120000000026
98,"([0.26, 0.12, 0.33, 0.23, 0.07], [3])","([0, 0, 1, 0, 0], [2])",-0.0,-0.0,-0.0,-0.888,-0.0,-0.888,observed,0.598392,0.3091919999999978,2.6025120000000026
99,"([0.26, 0.12, 0.33, 0.23, 0.07], [4])","([0, 0, 1, 0, 0], [2])",-0.0,-0.0,-0.0,-0.0,-0.93,-0.93,observed,0.598392,0.6407999999999978,2.6025120000000026
100,"([0.26, 0.12, 0.33, 0.23, 0.07], [1])","([0, 0, 1, 0, 0], [2])",-0.0,-0.9520000000000001,-0.0,-0.0,-0.0,-0.9520000000000001,observed,0.598392,0.9944079999999978,2.6025120000000026
101,"([0.26, 0.12, 0.33, 0.23, 0.07], [0])","([0, 0, 1, 0, 0], [2])",-0.8540000000000001,-0.0,-0.0,-0.0,-0.0,-0.8540000000000001,observed,0.598392,1.2500159999999978,2.6025120000000026
102,"([0.26, 0.12, 0.33, 0.23, 0.07], [2])","([0, 0, 1, 0, 0], [2])",-0.0,-0.0,-0.0,-0.0,-0.0,0.0,observed,0.598392,0.6516239999999978,2.6025120000000026
103,"([0.26, 0.12, 0.33, 0.23, 0.07], [0])","([0, 0, 1, 0, 0], [2])",-0.8540000000000001,-0.0,-0.0,-0.0,-0.0,-0.8540000000000001,observed,0.598392,0.9072319999999978,2.6025120000000026
104,"([0.26, 0.12, 0.33, 0.23, 0.07], [3])","([0, 0, 1, 0, 0], [2])",-0.0,-0.0,-0.0,-0.888,-0.0,-0.888,observed,0.598392,1.1968399999999977,2.6025120000000026
105,"([0.26, 0.12, 0.33, 0.23, 0.07], [1])","([0, 0, 1, 0, 0], [2])",-0.0,-0.9520000000000001,-0.0,-0.0,-0.0,-0.9520000000000001,observed,0.598392,1.5504479999999976,2.6025120000000026
106,"([0.26, 0.12, 0.33, 0.23, 0.07], [3])","([0, 0, 1, 0, 0], [2])",-0.0,-0.0,-0.0,-0.888,-0.0,-0.888,observed,0.598392,1.8400559999999975,2.6025120000000026
107,"([0.26, 0.12, 0.33, 0.23, 0.07], [3])","([0, 0, 1, 0, 0], [2])",-0.0,-0.0,-0.0,-0.888,-0.0,-0.888,observed,0.598392,2.1296639999999973,2.6025120000000026
108,"([0.26, 0.12, 0.33, 0.23, 0.07], [3])","([0, 0, 1, 0, 0], [2])",-0.0,-0.0,-0.0,-0.888,-0.0,-0.888,observed,0.598392,2.419271999999997,2.6025120000000026
109,"([0.26, 0.12, 0.33, 0.23, 0.07], [0])","([0, 0, 1, 0, 0], [2])",-0.8540000000000001,-0.0,-0.0,-0.0,-0.0,-0.8540000000000001,observed,0.598392,2.6748799999999973,2.6025120000000026
110,"([0.26, 0.12, 0.33, 0.23, 0.07], [3])","([0, 0, 1, 0, 0], [2])",-0.0,-0.0,-0.0,-0.888,-0.0,-0.888,observed,0.598392,2.964487999999997,2.6025120000000026
111,"([0.26, 0.12, 0.33, 0.23, 0.07], [0])","([0, 0, 1, 0, 0], [2])",-0.8540000000000001,-0.0,-0.0,-0.0,-0.0,-0.8540000000000001,observed,0.598392,3.220095999999997,2.6025120000000026
112,"([0.26, 0.12, 0.33, 0.23, 0.07], [2])","([0, 0, 1, 0, 0], [2])",-0.0,-0.0,-0.0,-0.0,-0.0,0.0,observed,0.598392,2.621703999999997,2.6025120000000026
113,"([0.26, 0.12, 0.33, 0.23, 0.07], [1])","([0, 0, 1, 0, 0], [2])",-0.0,-0.9520000000000001,-0.0,-0.0,-0.0,-0.9520000000000001,observed,0.598392,2.975311999999997,2.6025120000000026
114,"([0.26, 0.12, 0.33, 0.23, 0.07], [0])","([0, 0, 1, 0, 0], [2])",-0.8540000000000001,-0.0,-0.0,-0.0,-0.0,-0.8540000000000001,observed,0.598392,3.230919999999997,2.6025120000000026
115,"([0.26, 0.12, 0.33, 0.23, 0.07], [3])","([0, 0, 1, 0, 0], [2])",-0.0,-0.0,-0.0,-0.888,-0.0,-0.888,observed,0.598392,3.520527999999997,2.6025120000000026
116,"([0.26, 0.12, 0.33, 0.23, 0.07], [2])","([0, 0, 1, 0, 0], [2])",-0.0,-0.0,-0.0,-0.0,-0.0,0.0,observed,0.598392,2.922135999999997,2.6025120000000026
117,"([0.26, 0.12, 0.33, 0.23, 0.07], [0])","([0, 0, 1, 0, 0], [2])",-0.8540000000000001,-0.0,-0.0,-0.0,-0.0,-0.8540000000000001,observed,0.598392,3.177743999999997,2.6025120000000026
118,"([0.26, 0.12, 0.33, 0.23, 0.07], [2])","([0, 0, 1, 0, 0], [2])",-0.0,-0.0,-0.0,-0.0,-0.0,0.0,observed,0.598392,2.579351999999997,2.6025120000000026
119,"([0.26, 0.12, 0.33, 0.23, 0.07], [0])","([0, 0, 1, 0, 0], [2])",-0.8540000000000001,-0.0,-0.0,-0.0,-0.0,-0.8540000000000001,observed,0.598392,2.834959999999997,2.6025120000000026
120,"([0.26, 0.12, 0.33, 0.23, 0.07], [0])","([0, 0, 1, 0, 0], [2])",-0.8540000000000001,-0.0,-0.0,-0.0,-0.0,-0.8540000000000001,observed,0.598392,3.090567999999997,2.6025120000000026
121,"([0.26, 0.12, 0.33, 0.23, 0.07], [0])","([0, 0, 1, 0, 0], [2])",-0.8540000000000001,-0.0,-0.0,-0.0,-0.0,-0.8540000000000001,observed,0.598392,3.346175999999997,2.6025120000000026
122,"([0.26, 0.12, 0.33, 0.23, 0.07], [3])","([0, 0, 1, 0, 0], [2])",-0.0,-0.0,-0.0,-0.888,-0.0,-0.888,observed,0.598392,3.635783999999997,2.6025120000000026
123,"([0.26, 0.12, 0.33, 0.23, 0.07], [0])","([0, 0, 1, 0, 0], [2])",-0.8540000000000001,-0.0,-0.0,-0.0,-0.0,-0.8540000000000001,observed,0.598392,3.891391999999997,2.6025120000000026
124,"([0.26, 0.12, 0.33, 0.23, 0.07], [2])","([0, 0, 1, 0, 0], [2])",-0.0,-0.0,-0.0,-0.0,-0.0,0.0,observed,0.598392,3.292999999999997,2.6025120000000026
125,"([0.26, 0.12, 0.33, 0.23, 0.07], [1])","([0, 0, 1, 0, 0], [2])",-0.0,-0.9520000000000001,-0.0,-0.0,-0.0,-0.9520000000000001,observed,0.598392,3.646607999999997,2.6025120000000026
126,"([0.26, 0.12, 0.33, 0.23, 0.07], [2])","([0, 0, 1, 0, 0], [2])",-0.0,-0.0,-0.0,-0.0,-0.0,0.0,observed,0.598392,3.048215999999997,2.6025120000000026
127,"([0.26, 0.12, 0.33, 0.23, 0.07], [1])","([0, 0, 1, 0, 0], [2])",-0.0,-0.9520000000000001,-0.0,-0.0,-0.0,-0.9520000000000001,observed,0.598392,3.401823999999997,2.6025120000000026
128,"([0.26, 0.12, 0.33, 0.23, 0.07], [4])","([0, 0, 1, 0, 0], [2])",-0.0,-0.0,-0.0,-0.0,-0.93,-0.93,observed,0.598392,3.733431999999997,2.6025120000000026
129,"([0.26, 0.12, 0.33, 0.23, 0.07], [0])","([0, 0, 1, 0, 0], [2])",-0.8540000000000001,-0.0,-0.0,-0.0,-0.0,-0.8540000000000001,observed,0.598392,3.989039999999997,2.6025120000000026
130,"([0.26, 0.12, 0.33, 0.23, 0.07], [4])","([0, 0, 1, 0, 0], [2])",-0.0,-0.0,-0.0,-0.0,-0.93,-0.93,observed,0.598392,4.320647999999997,2.6025120000000026
131,"([0.26, 0.12, 0.33, 0.23, 0.07], [2])","([0, 0, 1, 0, 0], [2])",-0.0,-0.0,-0.0,-0.0,-0.0,0.0,observed,0.598392,3.7222559999999967,2.6025120000000026
132,"([0.26, 0.12, 0.33, 0.23, 0.07], [2])","([0, 0, 1, 0, 0], [2])",-0.0,-0.0,-0.0,-0.0,-0.0,0.0,observed,0.598392,3.1238639999999966,2.6025120000000026
133,"([0.26, 0.12, 0.33, 0.23, 0.07], [2])","([0, 0, 1, 0, 0], [2])",-0.0,-0.0,-0.0,-0.0,-0.0,0.0,observed,0.598392,2.5254719999999966,2.6025120000000026
134,"([0.26, 0.12, 0.33, 0.23, 0.07], [3])","([0, 0, 1, 0, 0], [2])",-0.0,-0.0,-0.0,-0.888,-0.0,-0.888,observed,0.598392,2.8150799999999965,2.6025120000000026
135,"([0.26, 0.12, 0.33, 0.23, 0.07], [1])","([0, 0, 1, 0, 0], [2])",-0.0,-0.9520000000000001,-0.0,-0.0,-0.0,-0.9520000000000001,observed,0.598392,3.1686879999999964,2.6025120000000026
136,"([0.26, 0.12, 0.33, 0.23, 0.07], [3])","([0, 0, 1, 0, 0], [2])",-0.0,-0.0,-0.0,-0.888,-0.0,-0.888,observed,0.598392,3.4582959999999963,2.6025120000000026
137,"([0.26, 0.12, 0.33, 0.23, 0.07], [1])","([0, 0, 1, 0, 0], [2])",-0.0,-0.9520000000000001,-0.0,-0.0,-0.0,-0.9520000000000001,observed,0.598392,3.811903999999996,2.6025120000000026
138,"([0.26, 0.12, 0.33, 0.23, 0.07], [2])","([0, 0, 1, 0, 0], [2])",-0.0,-0.0,-0.0,-0.0,-0.0,0.0,observed,0.598392,3.213511999999996,2.6025120000000026
139,"([0.26, 0.12, 0.33, 0.23, 0.07], [0])","([0, 0, 1, 0, 0], [2])",-0.8540000000000001,-0.0,-0.0,-0.0,-0.0,-0.8540000000000001,observed,0.598392,3.469119999999996,2.6025120000000026
140,"([0.26, 0.12, 0.33, 0.23, 0.07], [3])","([0, 0, 1, 0, 0], [2])",-0.0,-0.0,-0.0,-0.888,-0.0,-0.888,observed,0.598392,3.758727999999996,2.6025120000000026
141,"([0.26, 0.12, 0.33, 0.23, 0.07], [0])","([0, 0, 1, 0, 0], [2])",-0.8540000000000001,-0.0,-0.0,-0.0,-0.0,-0.8540000000000001,observed,0.598392,4.014335999999997,2.6025120000000026
142,"([0.26, 0.12, 0.33, 0.23, 0.07], [0])","([0, 0, 1, 0, 0], [2])",-0.8540000000000001,-0.0,-0.0,-0.0,-0.0,-0.8540000000000001,observed,0.598392,4.269943999999997,2.6025120000000026
143,"([0.26, 0.12, 0.33, 0.23, 0.07], [0])","([0, 0, 1, 0, 0], [2])",-0.8540000000000001,-0.0,-0.0,-0.0,-0.0,-0.8540000000000001,observed,0.598392,4.525551999999998,2.6025120000000026
144,"([0.26, 0.12, 0.33, 0.23, 0.07], [0])","([0, 0, 1, 0, 0], [2])",-0.8540000000000001,-0.0,-0.0,-0.0,-0.0,-0.8540000000000001,observed,0.598392,4.781159999999998,2.6025120000000026
145,"([0.26, 0.12, 0.33, 0.23, 0.07], [3])","([0, 0, 1, 0, 0], [2])",-0.0,-0.0,-0.0,-0.888,-0.0,-0.888,observed,0.598392,5.070767999999998,2.6025120000000026
146,"([0.26, 0.12, 0.33, 0.23, 0.07], [2])","([0, 0, 1, 0, 0], [2])",-0.0,-0.0,-0.0,-0.0,-0.0,0.0,observed,0.598392,4.472375999999999,2.6025120000000026
147,"([0.26, 0.12, 0.33, 0.23, 0.07], [3])","([0, 0, 1, 0, 0], [2])",-0.0,-0.0,-0.0,-0.888,-0.0,-0.888,observed,0.598392,4.761983999999999,2.6025120000000026
148,"([0.26, 0.12, 0.33, 0.23, 0.07], [3])","([0, 0, 1, 0, 0], [2])",-0.0,-0.0,-0.0,-0.888,-0.0,-0.888,observed,0.598392,5.051591999999999,2.6025120000000026
149,"([0.26, 0.12, 0.33, 0.23, 0.07], [2])","([0, 0, 1, 0, 0], [2])",-0.0,-0.0,-0.0,-0.0,-0.0,0.0,observed,0.598392,4.453199999999999,2.6025120000000026
150,"([0.26, 0.12, 0.33, 0.23, 0.07], [3])","([0, 0, 1, 0, 0], [2])",-0.0,-0.0,-0.0,-0.888,-0.0,-0.888,observed,0.598392,4.742807999999999,2.6025120000000026
151,"([0.26, 0.12, 0.33, 0.23, 0.07], [3])","([0, 0, 1, 0, 0], [2])",-0.0,-0.0,-0.0,-0.888,-0.0,-0.888,observed,0.598392,5.032416,2.6025120000000026
152,"([0.26, 0.12, 0.33, 0.23, 0.07], [3])","([0, 0, 1, 0, 0], [2])",-0.0,-0.0,-0.0,-0.888,-0.0,-0.888,observed,0.598392,5.322024,2.6025120000000026
153,"([0.26, 0.12, 0.33, 0.23, 0.07], [3])","([0, 0, 1, 0, 0], [2])",-0.0,-0.0,-0.0,-0.888,-0.0,-0.888,observed,0.598392,5.611632,2.6025120000000026
154,"([0.26, 0.12, 0.33, 0.23, 0.07], [0])","([0, 0, 1, 0, 0], [2])",-0.8540000000000001,-0.0,-0.0,-0.0,-0.0,-0.8540000000000001,observed,0.598392,5.867240000000001,2.6025120000000026
155,"([0.26, 0.12, 0.33, 0.23, 0.07], [0])","([0, 0, 1, 0, 0], [2])",-0.8540000000000001,-0.0,-0.0,-0.0,-0.0,-0.8540000000000001,observed,0.598392,6.122848000000001,2.6025120000000026
156,"([0.26, 0.12, 0.33, 0.23, 0.07], [1])","([0, 0, 1, 0, 0], [2])",-0.0,-0.9520000000000001,-0.0,-0.0,-0.0,-0.9520000000000001,observed,0.598392,6.4764560000000015,2.6025120000000026
157,"([0.26, 0.12, 0.33, 0.23, 0.07], [3])","([0, 0, 1, 0, 0], [2])",-0.0,-0.0,-0.0,-0.888,-0.0,-0.888,observed,0.598392,6.766064000000002,2.6025120000000026
158,"([0.26, 0.12, 0.33, 0.23, 0.07], [2])","([0, 0, 1, 0, 0], [2])",-0.0,-0.0,-0.0,-0.0,-0.0,0.0,observed,0.598392,6.167672000000001,2.6025120000000026
159,"([0.26, 0.12, 0.33, 0.23, 0.07], [2])","([0, 0, 1, 0, 0], [2])",-0.0,-0.0,-0.0,-0.0,-0.0,0.0,observed,0.598392,5.569280000000001,2.6025120000000026
160,"([0.26, 0.12, 0.33, 0.23, 0.07], [4])","([0, 0, 1, 0, 0], [2])",-0.0,-0.0,-0.0,-0.0,-0.93,-0.93,observed,0.598392,5.900888000000001,2.6025120000000026
161,"([0.26, 0.12, 0.33, 0.23, 0.07], [3])","([0, 0, 1, 0, 0], [2])",-0.0,-0.0,-0.0,-0.888,-0.0,-0.888,observed,0.598392,6.190496000000001,2.6025120000000026
162,"([0.26, 0.12, 0.33, 0.23, 0.07], [0])","([0, 0, 1, 0, 0], [2])",-0.8540000000000001,-0.0,-0.0,-0.0,-0.0,-0.8540000000000001,observed,0.598392,6.446104000000002,2.6025120000000026
163,"([0.26, 0.12, 0.33, 0.23, 0.07], [0])","([0, 0, 1, 0, 0], [2])",-0.8540000000000001,-0.0,-0.0,-0.0,-0.0,-0.8540000000000001,observed,0.598392,6.701712000000002,2.6025120000000026
164,"([0.26, 0.12, 0.33, 0.23, 0.07], [3])","([0, 0, 1, 0, 0], [2])",-0.0,-0.0,-0.0,-0.888,-0.0,-0.888,observed,0.598392,6.991320000000003,2.6025120000000026
165,"([0.26, 0.12, 0.33, 0.23, 0.07], [0])","([0, 0, 1, 0, 0], [2])",-0.8540000000000001,-0.0,-0.0,-0.0,-0.0,-0.8540000000000001,observed,0.598392,7.246928000000002,2.6025120000000026
166,"([0.26, 0.12, 0.33, 0.23, 0.07], [2])","([0, 0, 1, 0, 0], [2])",-0.0,-0.0,-0.0,-0.0,-0.0,0.0,observed,0.598392,6.648536000000002,2.6025120000000026
167,"([0.26, 0.12, 0.33, 0.23, 0.07], [1])","([0, 0, 1, 0, 0], [2])",-0.0,-0.9520000000000001,-0.0,-0.0,-0.0,-0.9520000000000001,observed,0.598392,7.002144000000002,2.6025120000000026
168,"([0.26, 0.12, 0.33, 0.23, 0.07], [1])","([0, 0, 1, 0, 0], [2])",-0.0,-0.9520000000000001,-0.0,-0.0,-0.0,-0.9520000000000001,observed,0.598392,7.3557520000000025,2.6025120000000026
169,"([0.26, 0.12, 0.33, 0.23, 0.07], [2])","([0, 0, 1, 0, 0], [2])",-0.0,-0.0,-0.0,-0.0,-0.0,0.0,observed,0.598392,6.757360000000002,2.6025120000000026
170,"([0.26, 0.12, 0.33, 0.23, 0.07], [2])","([0, 0, 1, 0, 0], [2])",-0.0,-0.0,-0.0,-0.0,-0.0,0.0,observed,0.598392,6.1589680000000016,2.6025120000000026
171,"([0.26, 0.12, 0.33, 0.23, 0.07], [0])","([0, 0, 1, 0, 0], [2])",-0.8540000000000001,-0.0,-0.0,-0.0,-0.0,-0.8540000000000001,observed,0.598392,6.414576000000002,2.6025120000000026
172,"([0.26, 0.12, 0.33, 0.23, 0.07], [2])","([0, 0, 1, 0, 0], [2])",-0.0,-0.0,-0.0,-0.0,-0.0,0.0,observed,0.598392,5.816184000000002,2.6025120000000026
173,"([0.26, 0.12, 0.33, 0.23, 0.07], [1])","([0, 0, 1, 0, 0], [2])",-0.0,-0.9520000000000001,-0.0,-0.0,-0.0,-0.9520000000000001,observed,0.598392,6.169792000000002,2.6025120000000026
174,"([0.26, 0.12, 0.33, 0.23, 0.07], [0])","([0, 0, 1, 0, 0], [2])",-0.8540000000000001,-0.0,-0.0,-0.0,-0.0,-0.8540000000000001,observed,0.598392,6.4254000000000016,2.6025120000000026
175,"([0.26, 0.12, 0.33, 0.23, 0.07], [0])","([0, 0, 1, 0, 0], [2])",-0.8540000000000001,-0.0,-0.0,-0.0,-0.0,-0.8540000000000001,observed,0.598392,6.681008000000002,2.6025120000000026
176,"([0.26, 0.12, 0.33, 0.23, 0.07], [1])","([0, 0, 1, 0, 0], [2])",-0.0,-0.9520000000000001,-0.0,-0.0,-0.0,-0.9520000000000001,observed,0.598392,7.034616000000002,2.6025120000000026
177,"([0.26, 0.12, 0.33, 0.23, 0.07], [0])","([0, 0, 1, 0, 0], [2])",-0.8540000000000001,-0.0,-0.0,-0.0,-0.0,-0.8540000000000001,observed,0.598392,7.290224000000002,2.6025120000000026
178,"([0.26, 0.12, 0.33, 0.23, 0.07], [3])","([0, 0, 1, 0, 0], [2])",-0.0,-0.0,-0.0,-0.888,-0.0,-0.888,observed,0.598392,7.579832000000002,2.6025120000000026
179,"([0.26, 0.12, 0.33, 0.23, 0.07], [1])","([0, 0, 1, 0, 0], [2])",-0.0,-0.9520000000000001,-0.0,-0.0,-0.0,-0.9520000000000001,observed,0.598392,7.933440000000003,2.6025120000000026
180,"([0.26, 0.12, 0.33, 0.23, 0.07], [3])","([0, 0, 1, 0, 0], [2])",-0.0,-0.0,-0.0,-0.888,-0.0,-0.888,observed,0.598392,8.223048000000002,2.6025120000000026
181,"([0.26, 0.12, 0.33, 0.23, 0.07], [2])","([0, 0, 1, 0, 0], [2])",-0.0,-0.0,-0.0,-0.0,-0.0,0.0,observed,0.598392,7.624656000000002,2.6025120000000026
182,"([0.26, 0.12, 0.33, 0.23, 0.07], [2])","([0, 0, 1, 0, 0], [2])",-0.0,-0.0,-0.0,-0.0,-0.0,0.0,observed,0.598392,7.026264000000001,2.6025120000000026
183,"([0.26, 0.12, 0.33, 0.23, 0.07], [2])","([0, 0, 1, 0, 0], [2])",-0.0,-0.0,-0.0,-0.0,-0.0,0.0,observed,0.598392,6.427872000000001,2.6025120000000026
184,"([0.26, 0.12, 0.33, 0.23, 0.07], [0])","([0, 0, 1, 0, 0], [2])",-0.8540000000000001,-0.0,-0.0,-0.0,-0.0,-0.8540000000000001,observed,0.598392,6.683480000000001,2.6025120000000026
185,"([0.26, 0.12, 0.33, 0.23, 0.07], [3])","([0, 0, 1, 0, 0], [2])",-0.0,-0.0,-0.0,-0.888,-0.0,-0.888,observed,0.598392,6.9730880000000015,2.6025120000000026
186,"([0.26, 0.12, 0.33, 0.23, 0.07], [4])","([0, 0, 1, 0, 0], [2])",-0.0,-0.0,-0.0,-0.0,-0.93,-0.93,observed,0.598392,7.304696000000002,2.6025120000000026
187,"([0.26, 0.12, 0.33, 0.23, 0.07], [2])","([0, 0, 1, 0, 0], [2])",-0.0,-0.0,-0.0,-0.0,-0.0,0.0,observed,0.598392,6.706304000000001,2.6025120000000026
188,"([0.26, 0.12, 0.33, 0.23, 0.07], [2])","([0, 0, 1, 0, 0], [2])",-0.0,-0.0,-0.0,-0.0,-0.0,0.0,observed,0.598392,6.107912000000001,2.6025120000000026
189,"([0.26, 0.12, 0.33, 0.23, 0.07], [3])","([0, 0, 1, 0, 0], [2])",-0.0,-0.0,-0.0,-0.888,-0.0,-0.888,observed,0.598392,6.397520000000001,2.6025120000000026
190,"([0.26, 0.12, 0.33, 0.23, 0.07], [2])","([0, 0, 1, 0, 0], [2])",-0.0,-0.0,-0.0,-0.0,-0.0,0.0,observed,0.598392,5.799128000000001,2.6025120000000026
191,"([0.26, 0.12, 0.33, 0.23, 0.07], [4])","([0, 0, 1, 0, 0], [2])",-0.0,-0.0,-0.0,-0.0,-0.93,-0.93,observed,0.598392,6.1307360000000015,2.6025120000000026
192,"([0.26, 0.12, 0.33, 0.23, 0.07], [0])","([0, 0, 1, 0, 0], [2])",-0.8540000000000001,-0.0,-0.0,-0.0,-0.0,-0.8540000000000001,observed,0.598392,6.386344000000001,2.6025120000000026
193,"([0.26, 0.12, 0.33, 0.23, 0.07], [3])","([0, 0, 1, 0, 0], [2])",-0.0,-0.0,-0.0,-0.888,-0.0,-0.888,observed,0.598392,6.675952000000001,2.6025120000000026
194,"([0.26, 0.12, 0.33, 0.23, 0.07], [0])","([0, 0, 1, 0, 0], [2])",-0.8540000000000001,-0.0,-0.0,-0.0,-0.0,-0.8540000000000001,observed,0.598392,6.931560000000001,2.6025120000000026
195,"([0.26, 0.12, 0.33, 0.23, 0.07], [0])","([0, 0, 1, 0, 0], [2])",-0.8540000000000001,-0.0,-0.0,-0.0,-0.0,-0.8540000000000001,observed,0.598392,7.1871680000000016,2.6025120000000026
196,"([0.26, 0.12, 0.33, 0.23, 0.07], [1])","([0, 0, 1, 0, 0], [2])",-0.0,-0.9520000000000001,-0.0,-0.0,-0.0,-0.9520000000000001,observed,0.598392,7.540776000000002,2.6025120000000026
197,"([0.26, 0.12, 0.33, 0.23, 0.07], [4])","([0, 0, 1, 0, 0], [2])",-0.0,-0.0,-0.0,-0.0,-0.93,-0.93,observed,0.598392,7.872384000000002,2.6025120000000026
198,"([0.26, 0.12, 0.33, 0.23, 0.07], [0])","([0, 0, 1, 0, 0], [2])",-0.8540000000000001,-0.0,-0.0,-0.0,-0.0,-0.8540000000000001,observed,0.598392,8.127992000000003,2.6025120000000026
199,"([0.26, 0.12, 0.33, 0.23, 0.07], [0])","([0, 0, 1, 0, 0], [2])",-0.8540000000000001,-0.0,-0.0,-0.0,-0.0,-0.8540000000000001,observed,0.598392,8.383600000000003,2.6025120000000026
200,"([0.26, 0.12, 0.33, 0.23, 0.07], [0])","([0, 0, 1, 0, 0], [2])",-0.8540000000000001,-0.0,-0.0,-0.0,-0.0,-0.8540000000000001,observed,0.598392,8.639208000000004,2.6025120000000026
201,"([0.26, 0.12, 0.33, 0.23, 0.07], [3])","([0, 0, 1, 0, 0], [2])",-0.0,-0.0,-0.0,-0.888,-0.0,-0.888,observed,0.598392,8.928816000000003,2.6025120000000026
202,"([0.26, 0.12, 0.33, 0.23, 0.07], [0])","([0, 0, 1, 0, 0], [2])",-0.8540000000000001,-0.0,-0.0,-0.0,-0.0,-0.8540000000000001,observed,0.598392,9.184424000000003,2.6025120000000026
203,"([0.26, 0.12, 0.33, 0.23, 0.07], [0])","([0, 0, 1, 0, 0], [2])",-0.8540000000000001,-0.0,-0.0,-0.0,-0.0,-0.8540000000000001,observed,0.598392,9.440032000000004,2.6025120000000026
204,"([0.26, 0.12, 0.33, 0.23, 0.07], [0])","([0, 0, 1, 0, 0], [2])",-0.8540000000000001,-0.0,-0.0,-0.0,-0.0,-0.8540000000000001,observed,0.598392,9.695640000000004,2.6025120000000026
205,"([0.26, 0.12, 0.33, 0.23, 0.07], [0])","([0, 0, 1, 0, 0], [2])",-0.8540000000000001,-0.0,-0.0,-0.0,-0.0,-0.8540000000000001,observed,0.598392,9.951248000000005,2.6025120000000026
206,"([0.26, 0.12, 0.33, 0.23, 0.07], [1])","([0, 0, 1, 0, 0], [2])",-0.0,-0.9520000000000001,-0.0,-0.0,-0.0,-0.9520000000000001,observed,0.598392,10.304856000000004,2.6025120000000026
207,"([0.26, 0.12, 0.33, 0.23, 0.07], [0])","([0, 0, 1, 0, 0], [2])",-0.8540000000000001,-0.0,-0.0,-0.0,-0.0,-0.8540000000000001,observed,0.598392,10.560464000000005,2.6025120000000026
208,"([0.26, 0.12, 0.33, 0.23, 0.07], [3])","([0, 0, 1, 0, 0], [2])",-0.0,-0.0,-0.0,-0.888,-0.0,-0.888,observed,0.598392,10.850072000000004,2.6025120000000026
209,"([0.26, 0.12, 0.33, 0.23, 0.07], [2])","([0, 0, 1, 0, 0], [2])",-0.0,-0.0,-0.0,-0.0,-0.0,0.0,observed,0.598392,10.251680000000004,2.6025120000000026
210,"([0.26, 0.12, 0.33, 0.23, 0.07], [2])","([0, 0, 1, 0, 0], [2])",-0.0,-0.0,-0.0,-0.0,-0.0,0.0,observed,0.598392,9.653288000000003,2.6025120000000026
211,"([0.26, 0.12, 0.33, 0.23, 0.07], [3])","([0, 0, 1, 0, 0], [2])",-0.0,-0.0,-0.0,-0.888,-0.0,-0.888,observed,0.598392,9.942896000000003,2.6025120000000026
212,"([0.26, 0.12, 0.33, 0.23, 0.07], [2])","([0, 0, 1, 0, 0], [2])",-0.0,-0.0,-0.0,-0.0,-0.0,0.0,observed,0.598392,9.344504000000002,2.6025120000000026
213,"([0.26, 0.12, 0.33, 0.23, 0.07], [2])","([0, 0, 1, 0, 0], [2])",-0.0,-0.0,-0.0,-0.0,-0.0,0.0,observed,0.598392,8.746112000000002,2.6025120000000026
214,"([0.26, 0.12, 0.33, 0.23, 0.07], [0])","([0, 0, 1, 0, 0], [2])",-0.8540000000000001,-0.0,-0.0,-0.0,-0.0,-0.8540000000000001,observed,0.598392,9.001720000000002,2.6025120000000026
215,"([0.26, 0.12, 0.33, 0.23, 0.07], [2])","([0, 0, 1, 0, 0], [2])",-0.0,-0.0,-0.0,-0.0,-0.0,0.0,observed,0.598392,8.403328000000002,2.6025120000000026
216,"([0.26, 0.12, 0.33, 0.23, 0.07], [1])","([0, 0, 1, 0, 0], [2])",-0.0,-0.9520000000000001,-0.0,-0.0,-0.0,-0.9520000000000001,observed,0.598392,8.756936000000001,2.6025120000000026
217,"([0.26, 0.12, 0.33, 0.23, 0.07], [1])","([0, 0, 1, 0, 0], [2])",-0.0,-0.9520000000000001,-0.0,-0.0,-0.0,-0.9520000000000001,observed,0.598392,9.110544,2.6025120000000026
218,"([0.26, 0.12, 0.33, 0.23, 0.07], [2])","([0, 0, 1, 0, 0], [2])",-0.0,-0.0,-0.0,-0.0,-0.0,0.0,observed,0.598392,8.512152,2.6025120000000026
219,"([0.26, 0.12, 0.33, 0.23, 0.07], [0])","([0, 0, 1, 0, 0], [2])",-0.8540000000000001,-0.0,-0.0,-0.0,-0.0,-0.8540000000000001,observed,0.598392,8.76776,2.6025120000000026
220,"([0.26, 0.12, 0.33, 0.23, 0.07], [2])","([0, 0, 1, 0, 0], [2])",-0.0,-0.0,-0.0,-0.0,-0.0,0.0,observed,0.598392,8.169368,2.6025120000000026
221,"([0.26, 0.12, 0.33, 0.23, 0.07], [2])","([0, 0, 1, 0, 0], [2])",-0.0,-0.0,-0.0,-0.0,-0.0,0.0,observed,0.598392,7.570976,2.6025120000000026
222,"([0.26, 0.12, 0.33, 0.23, 0.07], [3])","([0, 0, 1, 0, 0], [2])",-0.0,-0.0,-0.0,-0.888,-0.0,-0.888,observed,0.598392,7.860584,2.6025120000000026
223,"([0.26, 0.12, 0.33, 0.23, 0.07], [0])","([0, 0, 1, 0, 0], [2])",-0.8540000000000001,-0.0,-0.0,-0.0,-0.0,-0.8540000000000001,observed,0.598392,8.116192,2.6025120000000026
224,"([0.26, 0.12, 0.33, 0.23, 0.07], [0])","([0, 0, 1, 0, 0], [2])",-0.8540000000000001,-0.0,-0.0,-0.0,-0.0,-0.8540000000000001,observed,0.598392,8.3718,2.6025120000000026
225,"([0.26, 0.12, 0.33, 0.23, 0.07], [2])","([0, 0, 1, 0, 0], [2])",-0.0,-0.0,-0.0,-0.0,-0.0,0.0,observed,0.598392,7.773408,2.6025120000000026
226,"([0.26, 0.12, 0.33, 0.23, 0.07], [0])","([0, 0, 1, 0, 0], [2])",-0.8540000000000001,-0.0,-0.0,-0.0,-0.0,-0.8540000000000001,observed,0.598392,8.029016,2.6025120000000026
227,"([0.26, 0.12, 0.33, 0.23, 0.07], [2])","([0, 0, 1, 0, 0], [2])",-0.0,-0.0,-0.0,-0.0,-0.0,0.0,observed,0.598392,7.430624,2.6025120000000026
228,"([0.26, 0.12, 0.33, 0.23, 0.07], [2])","([0, 0, 1, 0, 0], [2])",-0.0,-0.0,-0.0,-0.0,-0.0,0.0,observed,0.598392,6.832231999999999,2.6025120000000026
229,"([0.26, 0.12, 0.33, 0.23, 0.07], [1])","([0, 0, 1, 0, 0], [2])",-0.0,-0.9520000000000001,-0.0,-0.0,-0.0,-0.9520000000000001,observed,0.598392,7.18584,2.6025120000000026
230,"([0.26, 0.12, 0.33, 0.23, 0.07], [4])","([0, 0, 1, 0, 0], [2])",-0.0,-0.0,-0.0,-0.0,-0.93,-0.93,observed,0.598392,7.517448,2.6025120000000026
231,"([0.26, 0.12, 0.33, 0.23, 0.07], [2])","([0, 0, 1, 0, 0], [2])",-0.0,-0.0,-0.0,-0.0,-0.0,0.0,observed,0.598392,6.919055999999999,2.6025120000000026
232,"([0.26, 0.12, 0.33, 0.23, 0.07], [4])","([0, 0, 1, 0, 0], [2])",-0.0,-0.0,-0.0,-0.0,-0.93,-0.93,observed,0.598392,7.2506639999999996,2.6025120000000026
233,"([0.26, 0.12, 0.33, 0.23, 0.07], [3])","([0, 0, 1, 0, 0], [2])",-0.0,-0.0,-0.0,-0.888,-0.0,-0.888,observed,0.598392,7.540272,2.6025120000000026
234,"([0.26, 0.12, 0.33, 0.23, 0.07], [2])","([0, 0, 1, 0, 0], [2])",-0.0,-0.0,-0.0,-0.0,-0.0,0.0,observed,0.598392,6.941879999999999,2.6025120000000026
235,"([0.26, 0.12, 0.33, 0.23, 0.07], [0])","([0, 0, 1, 0, 0], [2])",-0.8540000000000001,-0.0,-0.0,-0.0,-0.0,-0.8540000000000001,observed,0.598392,7.197488,2.6025120000000026
236,"([0.26, 0.12, 0.33, 0.23, 0.07], [3])","([0, 0, 1, 0, 0], [2])",-0.0,-0.0,-0.0,-0.888,-0.0,-0.888,observed,0.598392,7.487096,2.6025120000000026
237,"([0.26, 0.12, 0.33, 0.23, 0.07], [0])","([0, 0, 1, 0, 0], [2])",-0.8540000000000001,-0.0,-0.0,-0.0,-0.0,-0.8540000000000001,observed,0.598392,7.742704,2.6025120000000026
238,"([0.26, 0.12, 0.33, 0.23, 0.07], [2])","([0, 0, 1, 0, 0], [2])",-0.0,-0.0,-0.0,-0.0,-0.0,0.0,observed,0.598392,7.144311999999999,2.6025120000000026
239,"([0.26, 0.12, 0.33, 0.23, 0.07], [2])","([0, 0, 1, 0, 0], [2])",-0.0,-0.0,-0.0,-0.0,-0.0,0.0,observed,0.598392,6.545919999999999,2.6025120000000026
240,"([0.26, 0.12, 0.33, 0.23, 0.07], [2])","([0, 0, 1, 0, 0], [2])",-0.0,-0.0,-0.0,-0.0,-0.0,0.0,observed,0.598392,5.947527999999998,2.6025120000000026
241,"([0.26, 0.12, 0.33, 0.23, 0.07], [0])","([0, 0, 1, 0, 0], [2])",-0.8540000000000001,-0.0,-0.0,-0.0,-0.0,-0.8540000000000001,observed,0.598392,6.203135999999999,2.6025120000000026
242,"([0.26, 0.12, 0.33, 0.23, 0.07], [2])","([0, 0, 1, 0, 0], [2])",-0.0,-0.0,-0.0,-0.0,-0.0,0.0,observed,0.598392,5.604743999999998,2.6025120000000026
243,"([0.26, 0.12, 0.33, 0.23, 0.07], [0])","([0, 0, 1, 0, 0], [2])",-0.8540000000000001,-0.0,-0.0,-0.0,-0.0,-0.8540000000000001,observed,0.598392,5.860351999999999,2.6025120000000026
244,"([0.26, 0.12, 0.33, 0.23, 0.07], [0])","([0, 0, 1, 0, 0], [2])",-0.8540000000000001,-0.0,-0.0,-0.0,-0.0,-0.8540000000000001,observed,0.598392,6.115959999999999,2.6025120000000026
245,"([0.26, 0.12, 0.33, 0.23, 0.07], [4])","([0, 0, 1, 0, 0], [2])",-0.0,-0.0,-0.0,-0.0,-0.93,-0.93,observed,0.598392,6.4475679999999995,2.6025120000000026
246,"([0.26, 0.12, 0.33, 0.23, 0.07], [0])","([0, 0, 1, 0, 0], [2])",-0.8540000000000001,-0.0,-0.0,-0.0,-0.0,-0.8540000000000001,observed,0.598392,6.703175999999999,2.6025120000000026
247,"([0.26, 0.12, 0.33, 0.23, 0.07], [0])","([0, 0, 1, 0, 0], [2])",-0.8540000000000001,-0.0,-0.0,-0.0,-0.0,-0.8540000000000001,observed,0.598392,6.958784,2.6025120000000026
248,"([0.26, 0.12, 0.33, 0.23, 0.07], [3])","([0, 0, 1, 0, 0], [2])",-0.0,-0.0,-0.0,-0.888,-0.0,-0.888,observed,0.598392,7.248392,2.6025120000000026
249,"([0.26, 0.12, 0.33, 0.23, 0.07], [3])","([0, 0, 1, 0, 0], [2])",-0.0,-0.0,-0.0,-0.888,-0.0,-0.888,observed,0.598392,7.538,2.6025120000000026
250,"([0.26, 0.12, 0.33, 0.23, 0.07], [0])","([0, 0, 1, 0, 0], [2])",-0.8540000000000001,-0.0,-0.0,-0.0,-0.0,-0.8540000000000001,observed,0.598392,7.793608000000001,2.6025120000000026
251,"([0.26, 0.12, 0.33, 0.23, 0.07], [2])","([0, 0, 1, 0, 0], [2])",-0.0,-0.0,-0.0,-0.0,-0.0,0.0,observed,0.598392,7.195216,2.6025120000000026
252,"([0.26, 0.12, 0.33, 0.23, 0.07], [1])","([0, 0, 1, 0, 0], [2])",-0.0,-0.9520000000000001,-0.0,-0.0,-0.0,-0.9520000000000001,observed,0.598392,7.548824000000001,2.6025120000000026
253,"([0.26, 0.12, 0.33, 0.23, 0.07], [0])","([0, 0, 1, 0, 0], [2])",-0.8540000000000001,-0.0,-0.0,-0.0,-0.0,-0.8540000000000001,observed,0.598392,7.804432,2.6025120000000026
254,"([0.26, 0.12, 0.33, 0.23, 0.07], [0])","([0, 0, 1, 0, 0], [2])",-0.8540000000000001,-0.0,-0.0,-0.0,-0.0,-0.8540000000000001,observed,0.598392,8.06004,2.6025120000000026
255,"([0.26, 0.12, 0.33, 0.23, 0.07], [3])","([0, 0, 1, 0, 0], [2])",-0.0,-0.0,-0.0,-0.888,-0.0,-0.888,observed,0.598392,8.349648,2.6025120000000026
256,"([0.26, 0.12, 0.33, 0.23, 0.07], [0])","([0, 0, 1, 0, 0], [2])",-0.8540000000000001,-0.0,-0.0,-0.0,-0.0,-0.8540000000000001,observed,0.598392,8.605256,2.6025120000000026
257,"([0.26, 0.12, 0.33, 0.23, 0.07], [2])","([0, 0, 1, 0, 0], [2])",-0.0,-0.0,-0.0,-0.0,-0.0,0.0,observed,0.598392,8.006864,2.6025120000000026
258,"([0.26, 0.12, 0.33, 0.23, 0.07], [3])","([0, 0, 1, 0, 0], [2])",-0.0,-0.0,-0.0,-0.888,-0.0,-0.888,observed,0.598392,8.296472,2.6025120000000026
259,"([0.26, 0.12, 0.33, 0.23, 0.07], [0])","([0, 0, 1, 0, 0], [2])",-0.8540000000000001,-0.0,-0.0,-0.0,-0.0,-0.8540000000000001,observed,0.598392,8.55208,2.6025120000000026
260,"([0.26, 0.12, 0.33, 0.23, 0.07], [0])","([0, 0, 1, 0, 0], [2])",-0.8540000000000001,-0.0,-0.0,-0.0,-0.0,-0.8540000000000001,observed,0.598392,8.807688,2.6025120000000026
261,"([0.26, 0.12, 0.33, 0.23, 0.07], [2])","([0, 0, 1, 0, 0], [2])",-0.0,-0.0,-0.0,-0.0,-0.0,0.0,observed,0.598392,8.209296,2.6025120000000026
262,"([0.26, 0.12, 0.33, 0.23, 0.07], [2])","([0, 0, 1, 0, 0], [2])",-0.0,-0.0,-0.0,-0.0,-0.0,0.0,observed,0.598392,7.610904,2.6025120000000026
263,"([0.26, 0.12, 0.33, 0.23, 0.07], [1])","([0, 0, 1, 0, 0], [2])",-0.0,-0.9520000000000001,-0.0,-0.0,-0.0,-0.9520000000000001,observed,0.598392,7.964512,2.6025120000000026
264,"([0.26, 0.12, 0.33, 0.23, 0.07], [2])","([0, 0, 1, 0, 0], [2])",-0.0,-0.0,-0.0,-0.0,-0.0,0.0,observed,0.598392,7.3661200000000004,2.6025120000000026
265,"([0.26, 0.12, 0.33, 0.23, 0.07], [2])","([0, 0, 1, 0, 0], [2])",-0.0,-0.0,-0.0,-0.0,-0.0,0.0,observed,0.598392,6.767728,2.6025120000000026
266,"([0.26, 0.12, 0.33, 0.23, 0.07], [3])","([0, 0, 1, 0, 0], [2])",-0.0,-0.0,-0.0,-0.888,-0.0,-0.888,observed,0.598392,7.057336,2.6025120000000026
267,"([0.26, 0.12, 0.33, 0.23, 0.07], [3])","([0, 0, 1, 0, 0], [2])",-0.0,-0.0,-0.0,-0.888,-0.0,-0.888,observed,0.598392,7.346944000000001,2.6025120000000026
268,"([0.26, 0.12, 0.33, 0.23, 0.07], [4])","([0, 0, 1, 0, 0], [2])",-0.0,-0.0,-0.0,-0.0,-0.93,-0.93,observed,0.598392,7.678552000000001,2.6025120000000026
269,"([0.26, 0.12, 0.33, 0.23, 0.07], [4])","([0, 0, 1, 0, 0], [2])",-0.0,-0.0,-0.0,-0.0,-0.93,-0.93,observed,0.598392,8.01016,2.6025120000000026
270,"([0.26, 0.12, 0.33, 0.23, 0.07], [3])","([0, 0, 1, 0, 0], [2])",-0.0,-0.0,-0.0,-0.888,-0.0,-0.888,observed,0.598392,8.299768,2.6025120000000026
271,"([0.26, 0.12, 0.33, 0.23, 0.07], [0])","([0, 0, 1, 0, 0], [2])",-0.8540000000000001,-0.0,-0.0,-0.0,-0.0,-0.8540000000000001,observed,0.598392,8.555376,2.6025120000000026
272,"([0.26, 0.12, 0.33, 0.23, 0.07], [2])","([0, 0, 1, 0, 0], [2])",-0.0,-0.0,-0.0,-0.0,-0.0,0.0,observed,0.598392,7.956984,2.6025120000000026
273,"([0.26, 0.12, 0.33, 0.23, 0.07], [1])","([0, 0, 1, 0, 0], [2])",-0.0,-0.9520000000000001,-0.0,-0.0,-0.0,-0.9520000000000001,observed,0.598392,8.310592,2.6025120000000026
274,"([0.26, 0.12, 0.33, 0.23, 0.07], [3])","([0, 0, 1, 0, 0], [2])",-0.0,-0.0,-0.0,-0.888,-0.0,-0.888,observed,0.598392,8.6002,2.6025120000000026
275,"([0.26, 0.12, 0.33, 0.23, 0.07], [2])","([0, 0, 1, 0, 0], [2])",-0.0,-0.0,-0.0,-0.0,-0.0,0.0,observed,0.598392,8.001807999999999,2.6025120000000026
276,"([0.26, 0.12, 0.33, 0.23, 0.07], [0])","([0, 0, 1, 0, 0], [2])",-0.8540000000000001,-0.0,-0.0,-0.0,-0.0,-0.8540000000000001,observed,0.598392,8.257416,2.6025120000000026
277,"([0.26, 0.12, 0.33, 0.23, 0.07], [2])","([0, 0, 1, 0, 0], [2])",-0.0,-0.0,-0.0,-0.0,-0.0,0.0,observed,0.598392,7.659023999999999,2.6025120000000026
278,"([0.26, 0.12, 0.33, 0.23, 0.07], [2])","([0, 0, 1, 0, 0], [2])",-0.0,-0.0,-0.0,-0.0,-0.0,0.0,observed,0.598392,7.060631999999998,2.6025120000000026
279,"([0.26, 0.12, 0.33, 0.23, 0.07], [2])","([0, 0, 1, 0, 0], [2])",-0.0,-0.0,-0.0,-0.0,-0.0,0.0,observed,0.598392,6.462239999999998,2.6025120000000026
280,"([0.26, 0.12, 0.33, 0.23, 0.07], [2])","([0, 0, 1, 0, 0], [2])",-0.0,-0.0,-0.0,-0.0,-0.0,0.0,observed,0.598392,5.863847999999997,2.6025120000000026
281,"([0.26, 0.12, 0.33, 0.23, 0.07], [3])","([0, 0, 1, 0, 0], [2])",-0.0,-0.0,-0.0,-0.888,-0.0,-0.888,observed,0.598392,6.153455999999998,2.6025120000000026
282,"([0.26, 0.12, 0.33, 0.23, 0.07], [3])","([0, 0, 1, 0, 0], [2])",-0.0,-0.0,-0.0,-0.888,-0.0,-0.888,observed,0.598392,6.443063999999998,2.6025120000000026
283,"([0.26, 0.12, 0.33, 0.23, 0.07], [2])","([0, 0, 1, 0, 0], [2])",-0.0,-0.0,-0.0,-0.0,-0.0,0.0,observed,0.598392,5.844671999999997,2.6025120000000026
284,"([0.26, 0.12, 0.33, 0.23, 0.07], [2])","([0, 0, 1, 0, 0], [2])",-0.0,-0.0,-0.0,-0.0,-0.0,0.0,observed,0.598392,5.246279999999997,2.6025120000000026
285,"([0.26, 0.12, 0.33, 0.23, 0.07], [0])","([0, 0, 1, 0, 0], [2])",-0.8540000000000001,-0.0,-0.0,-0.0,-0.0,-0.8540000000000001,observed,0.598392,5.5018879999999974,2.6025120000000026
286,"([0.26, 0.12, 0.33, 0.23, 0.07], [0])","([0, 0, 1, 0, 0], [2])",-0.8540000000000001,-0.0,-0.0,-0.0,-0.0,-0.8540000000000001,observed,0.598392,5.757495999999998,2.6025120000000026
287,"([0.26, 0.12, 0.33, 0.23, 0.07], [3])","([0, 0, 1, 0, 0], [2])",-0.0,-0.0,-0.0,-0.888,-0.0,-0.888,observed,0.598392,6.047103999999998,2.6025120000000026
288,"([0.26, 0.12, 0.33, 0.23, 0.07], [0])","([0, 0, 1, 0, 0], [2])",-0.8540000000000001,-0.0,-0.0,-0.0,-0.0,-0.8540000000000001,observed,0.598392,6.302711999999998,2.6025120000000026
289,"([0.26, 0.12, 0.33, 0.23, 0.07], [0])","([0, 0, 1, 0, 0], [2])",-0.8540000000000001,-0.0,-0.0,-0.0,-0.0,-0.8540000000000001,observed,0.598392,6.558319999999998,2.6025120000000026
290,"([0.26, 0.12, 0.33, 0.23, 0.07], [2])","([0, 0, 1, 0, 0], [2])",-0.0,-0.0,-0.0,-0.0,-0.0,0.0,observed,0.598392,5.959927999999998,2.6025120000000026
291,"([0.26, 0.12, 0.33, 0.23, 0.07], [0])","([0, 0, 1, 0, 0], [2])",-0.8540000000000001,-0.0,-0.0,-0.0,-0.0,-0.8540000000000001,observed,0.598392,6.215535999999998,2.6025120000000026
292,"([0.26, 0.12, 0.33, 0.23, 0.07], [2])","([0, 0, 1, 0, 0], [2])",-0.0,-0.0,-0.0,-0.0,-0.0,0.0,observed,0.598392,5.617143999999998,2.6025120000000026
293,"([0.26, 0.12, 0.33, 0.23, 0.07], [2])","([0, 0, 1, 0, 0], [2])",-0.0,-0.0,-0.0,-0.0,-0.0,0.0,observed,0.598392,5.018751999999997,2.6025120000000026
294,"([0.26, 0.12, 0.33, 0.23, 0.07], [3])","([0, 0, 1, 0, 0], [2])",-0.0,-0.0,-0.0,-0.888,-0.0,-0.888,observed,0.598392,5.308359999999998,2.6025120000000026
295,"([0.26, 0.12, 0.33, 0.23, 0.07], [3])","([0, 0, 1, 0, 0], [2])",-0.0,-0.0,-0.0,-0.888,-0.0,-0.888,observed,0.598392,5.597967999999998,2.6025120000000026
296,"([0.26, 0.12, 0.33, 0.23, 0.07], [2])","([0, 0, 1, 0, 0], [2])",-0.0,-0.0,-0.0,-0.0,-0.0,0.0,observed,0.598392,4.999575999999998,2.6025120000000026
297,"([0.26, 0.12, 0.33, 0.23, 0.07], [3])","([0, 0, 1, 0, 0], [2])",-0.0,-0.0,-0.0,-0.888,-0.0,-0.888,observed,0.598392,5.289183999999998,2.6025120000000026
298,"([0.26, 0.12, 0.33, 0.23, 0.07], [1])","([0, 0, 1, 0, 0], [2])",-0.0,-0.9520000000000001,-0.0,-0.0,-0.0,-0.9520000000000001,observed,0.598392,5.642791999999998,2.6025120000000026
299,"([0.26, 0.12, 0.33, 0.23, 0.07], [0])","([0, 0, 1, 0, 0], [2])",-0.8540000000000001,-0.0,-0.0,-0.0,-0.0,-0.8540000000000001,observed,0.598392,5.898399999999999,2.6025120000000026
