,sto-1,FB-0,feedback target 0,feedback target 1,feedback target 2,feedback target 3,feedback target 4,total,target_observed?,exp_loss,actual_regret,exp_regret
0,"([0.5, 0.15, 0.05, 0.21, 0.09], [3])","([0, 1, 0, 0, 0], [1])",-0.0,-0.0,-0.0,-0.7559999999999999,-0.0,-0.7559999999999999,observed,0.6465839999999999,0.3526639999999999,0.24324799999999996
1,"([0.5, 0.15, 0.05, 0.21, 0.09], [0])","([0, 1, 0, 0, 0], [1])",-0.768,-0.0,-0.0,-0.0,-0.0,-0.768,observed,0.6465839999999999,0.717328,0.48649599999999993
2,"([0.5, 0.15, 0.05, 0.21, 0.09], [1])","([1, 0, 0, 0, 0], [0])",-0.0,-0.9259999999999999,-0.0,-0.0,-0.0,-0.9259999999999999,observed,0.403336,1.239992,0.48649599999999993
3,"([0.5, 0.15, 0.05, 0.21, 0.09], [0])","([1, 0, 0, 0, 0], [0])",-0.0,-0.0,-0.0,-0.0,-0.0,0.0,observed,0.403336,0.8366560000000001,0.48649599999999993
4,"([0.5, 0.15, 0.05, 0.21, 0.09], [3])","([1, 0, 0, 0, 0], [0])",-0.0,-0.0,-0.0,-0.7559999999999999,-0.0,-0.7559999999999999,observed,0.403336,1.18932,0.48649599999999993
5,"([0.5, 0.15, 0.05, 0.21, 0.09], [0])","([1, 0, 0, 0, 0], [0])",-0.0,-0.0,-0.0,-0.0,-0.0,0.0,observed,0.403336,0.785984,0.48649599999999993
6,"([0.5, 0.15, 0.05, 0.21, 0.09], [3])","([1, 0, 0, 0, 0], [0])",-0.0,-0.0,-0.0,-0.7559999999999999,-0.0,-0.7559999999999999,observed,0.403336,1.1386479999999999,0.48649599999999993
7,"([0.5, 0.15, 0.05, 0.21, 0.09], [0])","([1, 0, 0, 0, 0], [0])",-0.0,-0.0,-0.0,-0.0,-0.0,0.0,observed,0.403336,0.735312,0.48649599999999993
8,"([0.5, 0.15, 0.05, 0.21, 0.09], [3])","([1, 0, 0, 0, 0], [0])",-0.0,-0.0,-0.0,-0.7559999999999999,-0.0,-0.7559999999999999,observed,0.403336,1.0879759999999998,0.48649599999999993
9,"([0.5, 0.15, 0.05, 0.21, 0.09], [0])","([1, 0, 0, 0, 0], [0])",-0.0,-0.0,-0.0,-0.0,-0.0,0.0,observed,0.403336,0.6846399999999999,0.48649599999999993
10,"([0.5, 0.15, 0.05, 0.21, 0.09], [0])","([1, 0, 0, 0, 0], [0])",-0.0,-0.0,-0.0,-0.0,-0.0,0.0,observed,0.403336,0.28130399999999994,0.48649599999999993
11,"([0.5, 0.15, 0.05, 0.21, 0.09], [0])","([1, 0, 0, 0, 0], [0])",-0.0,-0.0,-0.0,-0.0,-0.0,0.0,observed,0.403336,-0.12203200000000003,0.48649599999999993
12,"([0.5, 0.15, 0.05, 0.21, 0.09], [0])","([1, 0, 0, 0, 0], [0])",-0.0,-0.0,-0.0,-0.0,-0.0,0.0,observed,0.403336,-0.5253680000000001,0.48649599999999993
13,"([0.5, 0.15, 0.05, 0.21, 0.09], [0])","([1, 0, 0, 0, 0], [0])",-0.0,-0.0,-0.0,-0.0,-0.0,0.0,observed,0.403336,-0.928704,0.48649599999999993
14,"([0.5, 0.15, 0.05, 0.21, 0.09], [1])","([1, 0, 0, 0, 0], [0])",-0.0,-0.9259999999999999,-0.0,-0.0,-0.0,-0.9259999999999999,observed,0.403336,-0.40603999999999996,0.48649599999999993
15,"([0.5, 0.15, 0.05, 0.21, 0.09], [3])","([1, 0, 0, 0, 0], [0])",-0.0,-0.0,-0.0,-0.7559999999999999,-0.0,-0.7559999999999999,observed,0.403336,-0.053376000000000035,0.48649599999999993
16,"([0.5, 0.15, 0.05, 0.21, 0.09], [1])","([1, 0, 0, 0, 0], [0])",-0.0,-0.9259999999999999,-0.0,-0.0,-0.0,-0.9259999999999999,observed,0.403336,0.469288,0.48649599999999993
17,"([0.5, 0.15, 0.05, 0.21, 0.09], [0])","([1, 0, 0, 0, 0], [0])",-0.0,-0.0,-0.0,-0.0,-0.0,0.0,observed,0.403336,0.06595200000000001,0.48649599999999993
18,"([0.5, 0.15, 0.05, 0.21, 0.09], [1])","([1, 0, 0, 0, 0], [0])",-0.0,-0.9259999999999999,-0.0,-0.0,-0.0,-0.9259999999999999,observed,0.403336,0.588616,0.48649599999999993
19,"([0.5, 0.15, 0.05, 0.21, 0.09], [0])","([1, 0, 0, 0, 0], [0])",-0.0,-0.0,-0.0,-0.0,-0.0,0.0,observed,0.403336,0.18528000000000006,0.48649599999999993
20,"([0.5, 0.15, 0.05, 0.21, 0.09], [0])","([1, 0, 0, 0, 0], [0])",-0.0,-0.0,-0.0,-0.0,-0.0,0.0,observed,0.403336,-0.21805599999999992,0.48649599999999993
21,"([0.5, 0.15, 0.05, 0.21, 0.09], [2])","([1, 0, 0, 0, 0], [0])",-0.0,-0.0,-0.68,-0.0,-0.0,-0.68,observed,0.403336,0.05860800000000016,0.48649599999999993
22,"([0.5, 0.15, 0.05, 0.21, 0.09], [3])","([1, 0, 0, 0, 0], [0])",-0.0,-0.0,-0.0,-0.7559999999999999,-0.0,-0.7559999999999999,observed,0.403336,0.4112720000000001,0.48649599999999993
23,"([0.5, 0.15, 0.05, 0.21, 0.09], [0])","([1, 0, 0, 0, 0], [0])",-0.0,-0.0,-0.0,-0.0,-0.0,0.0,observed,0.403336,0.00793600000000011,0.48649599999999993
24,"([0.5, 0.15, 0.05, 0.21, 0.09], [3])","([1, 0, 0, 0, 0], [0])",-0.0,-0.0,-0.0,-0.7559999999999999,-0.0,-0.7559999999999999,observed,0.403336,0.36060000000000003,0.48649599999999993
25,"([0.5, 0.15, 0.05, 0.21, 0.09], [0])","([1, 0, 0, 0, 0], [0])",-0.0,-0.0,-0.0,-0.0,-0.0,0.0,observed,0.403336,-0.04273599999999994,0.48649599999999993
26,"([0.5, 0.15, 0.05, 0.21, 0.09], [3])","([1, 0, 0, 0, 0], [0])",-0.0,-0.0,-0.0,-0.7559999999999999,-0.0,-0.7559999999999999,observed,0.403336,0.309928,0.48649599999999993
27,"([0.5, 0.15, 0.05, 0.21, 0.09], [0])","([1, 0, 0, 0, 0], [0])",-0.0,-0.0,-0.0,-0.0,-0.0,0.0,observed,0.403336,-0.09340799999999999,0.48649599999999993
28,"([0.5, 0.15, 0.05, 0.21, 0.09], [1])","([1, 0, 0, 0, 0], [0])",-0.0,-0.9259999999999999,-0.0,-0.0,-0.0,-0.9259999999999999,observed,0.403336,0.429256,0.48649599999999993
29,"([0.5, 0.15, 0.05, 0.21, 0.09], [0])","([1, 0, 0, 0, 0], [0])",-0.0,-0.0,-0.0,-0.0,-0.0,0.0,observed,0.403336,0.025920000000000054,0.48649599999999993
30,"([0.5, 0.15, 0.05, 0.21, 0.09], [1])","([1, 0, 0, 0, 0], [0])",-0.0,-0.9259999999999999,-0.0,-0.0,-0.0,-0.9259999999999999,observed,0.403336,0.5485840000000001,0.48649599999999993
31,"([0.5, 0.15, 0.05, 0.21, 0.09], [0])","([1, 0, 0, 0, 0], [0])",-0.0,-0.0,-0.0,-0.0,-0.0,0.0,observed,0.403336,0.1452480000000001,0.48649599999999993
32,"([0.5, 0.15, 0.05, 0.21, 0.09], [0])","([1, 0, 0, 0, 0], [0])",-0.0,-0.0,-0.0,-0.0,-0.0,0.0,observed,0.403336,-0.2580879999999999,0.48649599999999993
33,"([0.5, 0.15, 0.05, 0.21, 0.09], [0])","([1, 0, 0, 0, 0], [0])",-0.0,-0.0,-0.0,-0.0,-0.0,0.0,observed,0.403336,-0.6614239999999998,0.48649599999999993
34,"([0.5, 0.15, 0.05, 0.21, 0.09], [4])","([1, 0, 0, 0, 0], [0])",-0.0,-0.0,-0.0,-0.0,-0.7909999999999999,-0.7909999999999999,observed,0.403336,-0.27375999999999984,0.48649599999999993
35,"([0.5, 0.15, 0.05, 0.21, 0.09], [1])","([1, 0, 0, 0, 0], [0])",-0.0,-0.9259999999999999,-0.0,-0.0,-0.0,-0.9259999999999999,observed,0.403336,0.24890400000000018,0.48649599999999993
36,"([0.5, 0.15, 0.05, 0.21, 0.09], [3])","([1, 0, 0, 0, 0], [0])",-0.0,-0.0,-0.0,-0.7559999999999999,-0.0,-0.7559999999999999,observed,0.403336,0.6015680000000001,0.48649599999999993
37,"([0.5, 0.15, 0.05, 0.21, 0.09], [3])","([1, 0, 0, 0, 0], [0])",-0.0,-0.0,-0.0,-0.7559999999999999,-0.0,-0.7559999999999999,observed,0.403336,0.954232,0.48649599999999993
38,"([0.5, 0.15, 0.05, 0.21, 0.09], [0])","([1, 0, 0, 0, 0], [0])",-0.0,-0.0,-0.0,-0.0,-0.0,0.0,observed,0.403336,0.550896,0.48649599999999993
39,"([0.5, 0.15, 0.05, 0.21, 0.09], [0])","([1, 0, 0, 0, 0], [0])",-0.0,-0.0,-0.0,-0.0,-0.0,0.0,observed,0.403336,0.14756000000000008,0.48649599999999993
40,"([0.5, 0.15, 0.05, 0.21, 0.09], [0])","([1, 0, 0, 0, 0], [0])",-0.0,-0.0,-0.0,-0.0,-0.0,0.0,observed,0.403336,-0.2557759999999999,0.48649599999999993
41,"([0.5, 0.15, 0.05, 0.21, 0.09], [1])","([1, 0, 0, 0, 0], [0])",-0.0,-0.9259999999999999,-0.0,-0.0,-0.0,-0.9259999999999999,observed,0.403336,0.2668880000000001,0.48649599999999993
42,"([0.5, 0.15, 0.05, 0.21, 0.09], [0])","([1, 0, 0, 0, 0], [0])",-0.0,-0.0,-0.0,-0.0,-0.0,0.0,observed,0.403336,-0.13644799999999985,0.48649599999999993
43,"([0.5, 0.15, 0.05, 0.21, 0.09], [0])","([1, 0, 0, 0, 0], [0])",-0.0,-0.0,-0.0,-0.0,-0.0,0.0,observed,0.403336,-0.5397839999999998,0.48649599999999993
44,"([0.5, 0.15, 0.05, 0.21, 0.09], [3])","([1, 0, 0, 0, 0], [0])",-0.0,-0.0,-0.0,-0.7559999999999999,-0.0,-0.7559999999999999,observed,0.403336,-0.1871199999999999,0.48649599999999993
45,"([0.5, 0.15, 0.05, 0.21, 0.09], [0])","([1, 0, 0, 0, 0], [0])",-0.0,-0.0,-0.0,-0.0,-0.0,0.0,observed,0.403336,-0.5904559999999999,0.48649599999999993
46,"([0.5, 0.15, 0.05, 0.21, 0.09], [4])","([1, 0, 0, 0, 0], [0])",-0.0,-0.0,-0.0,-0.0,-0.7909999999999999,-0.7909999999999999,observed,0.403336,-0.20279199999999992,0.48649599999999993
47,"([0.5, 0.15, 0.05, 0.21, 0.09], [1])","([1, 0, 0, 0, 0], [0])",-0.0,-0.9259999999999999,-0.0,-0.0,-0.0,-0.9259999999999999,observed,0.403336,0.3198720000000001,0.48649599999999993
48,"([0.5, 0.15, 0.05, 0.21, 0.09], [0])","([1, 0, 0, 0, 0], [0])",-0.0,-0.0,-0.0,-0.0,-0.0,0.0,observed,0.403336,-0.08346399999999987,0.48649599999999993
49,"([0.5, 0.15, 0.05, 0.21, 0.09], [1])","([1, 0, 0, 0, 0], [0])",-0.0,-0.9259999999999999,-0.0,-0.0,-0.0,-0.9259999999999999,observed,0.403336,0.43920000000000015,0.48649599999999993
50,"([0.5, 0.15, 0.05, 0.21, 0.09], [4])","([1, 0, 0, 0, 0], [0])",-0.0,-0.0,-0.0,-0.0,-0.7909999999999999,-0.7909999999999999,observed,0.403336,0.826864,0.48649599999999993
51,"([0.5, 0.15, 0.05, 0.21, 0.09], [0])","([1, 0, 0, 0, 0], [0])",-0.0,-0.0,-0.0,-0.0,-0.0,0.0,observed,0.403336,0.42352800000000007,0.48649599999999993
52,"([0.5, 0.15, 0.05, 0.21, 0.09], [0])","([1, 0, 0, 0, 0], [0])",-0.0,-0.0,-0.0,-0.0,-0.0,0.0,observed,0.403336,0.0201920000000001,0.48649599999999993
53,"([0.5, 0.15, 0.05, 0.21, 0.09], [0])","([1, 0, 0, 0, 0], [0])",-0.0,-0.0,-0.0,-0.0,-0.0,0.0,observed,0.403336,-0.3831439999999999,0.48649599999999993
54,"([0.5, 0.15, 0.05, 0.21, 0.09], [0])","([1, 0, 0, 0, 0], [0])",-0.0,-0.0,-0.0,-0.0,-0.0,0.0,observed,0.403336,-0.7864799999999998,0.48649599999999993
55,"([0.5, 0.15, 0.05, 0.21, 0.09], [3])","([1, 0, 0, 0, 0], [0])",-0.0,-0.0,-0.0,-0.7559999999999999,-0.0,-0.7559999999999999,observed,0.403336,-0.4338159999999999,0.48649599999999993
56,"([0.5, 0.15, 0.05, 0.21, 0.09], [4])","([1, 0, 0, 0, 0], [0])",-0.0,-0.0,-0.0,-0.0,-0.7909999999999999,-0.7909999999999999,observed,0.403336,-0.04615199999999997,0.48649599999999993
57,"([0.5, 0.15, 0.05, 0.21, 0.09], [3])","([1, 0, 0, 0, 0], [0])",-0.0,-0.0,-0.0,-0.7559999999999999,-0.0,-0.7559999999999999,observed,0.403336,0.30651199999999995,0.48649599999999993
58,"([0.5, 0.15, 0.05, 0.21, 0.09], [3])","([1, 0, 0, 0, 0], [0])",-0.0,-0.0,-0.0,-0.7559999999999999,-0.0,-0.7559999999999999,observed,0.403336,0.6591759999999999,0.48649599999999993
59,"([0.5, 0.15, 0.05, 0.21, 0.09], [0])","([1, 0, 0, 0, 0], [0])",-0.0,-0.0,-0.0,-0.0,-0.0,0.0,observed,0.403336,0.2558399999999999,0.48649599999999993
60,"([0.5, 0.15, 0.05, 0.21, 0.09], [0])","([1, 0, 0, 0, 0], [0])",-0.0,-0.0,-0.0,-0.0,-0.0,0.0,observed,0.403336,-0.14749600000000007,0.48649599999999993
61,"([0.5, 0.15, 0.05, 0.21, 0.09], [3])","([1, 0, 0, 0, 0], [0])",-0.0,-0.0,-0.0,-0.7559999999999999,-0.0,-0.7559999999999999,observed,0.403336,0.20516799999999985,0.48649599999999993
62,"([0.5, 0.15, 0.05, 0.21, 0.09], [0])","([1, 0, 0, 0, 0], [0])",-0.0,-0.0,-0.0,-0.0,-0.0,0.0,observed,0.403336,-0.19816800000000012,0.48649599999999993
63,"([0.5, 0.15, 0.05, 0.21, 0.09], [3])","([1, 0, 0, 0, 0], [0])",-0.0,-0.0,-0.0,-0.7559999999999999,-0.0,-0.7559999999999999,observed,0.403336,0.1544959999999998,0.48649599999999993
64,"([0.5, 0.15, 0.05, 0.21, 0.09], [0])","([1, 0, 0, 0, 0], [0])",-0.0,-0.0,-0.0,-0.0,-0.0,0.0,observed,0.403336,-0.24884000000000017,0.48649599999999993
65,"([0.5, 0.15, 0.05, 0.21, 0.09], [0])","([1, 0, 0, 0, 0], [0])",-0.0,-0.0,-0.0,-0.0,-0.0,0.0,observed,0.403336,-0.6521760000000001,0.48649599999999993
66,"([0.5, 0.15, 0.05, 0.21, 0.09], [0])","([1, 0, 0, 0, 0], [0])",-0.0,-0.0,-0.0,-0.0,-0.0,0.0,observed,0.403336,-1.055512,0.48649599999999993
67,"([0.5, 0.15, 0.05, 0.21, 0.09], [4])","([1, 0, 0, 0, 0], [0])",-0.0,-0.0,-0.0,-0.0,-0.7909999999999999,-0.7909999999999999,observed,0.403336,-0.667848,0.48649599999999993
68,"([0.5, 0.15, 0.05, 0.21, 0.09], [3])","([1, 0, 0, 0, 0], [0])",-0.0,-0.0,-0.0,-0.7559999999999999,-0.0,-0.7559999999999999,observed,0.403336,-0.3151840000000001,0.48649599999999993
69,"([0.5, 0.15, 0.05, 0.21, 0.09], [0])","([1, 0, 0, 0, 0], [0])",-0.0,-0.0,-0.0,-0.0,-0.0,0.0,observed,0.403336,-0.71852,0.48649599999999993
70,"([0.5, 0.15, 0.05, 0.21, 0.09], [4])","([1, 0, 0, 0, 0], [0])",-0.0,-0.0,-0.0,-0.0,-0.7909999999999999,-0.7909999999999999,observed,0.403336,-0.3308560000000001,0.48649599999999993
71,"([0.5, 0.15, 0.05, 0.21, 0.09], [3])","([1, 0, 0, 0, 0], [0])",-0.0,-0.0,-0.0,-0.7559999999999999,-0.0,-0.7559999999999999,observed,0.403336,0.021807999999999828,0.48649599999999993
72,"([0.5, 0.15, 0.05, 0.21, 0.09], [4])","([1, 0, 0, 0, 0], [0])",-0.0,-0.0,-0.0,-0.0,-0.7909999999999999,-0.7909999999999999,observed,0.403336,0.4094719999999998,0.48649599999999993
73,"([0.5, 0.15, 0.05, 0.21, 0.09], [3])","([1, 0, 0, 0, 0], [0])",-0.0,-0.0,-0.0,-0.7559999999999999,-0.0,-0.7559999999999999,observed,0.403336,0.7621359999999997,0.48649599999999993
74,"([0.5, 0.15, 0.05, 0.21, 0.09], [0])","([1, 0, 0, 0, 0], [0])",-0.0,-0.0,-0.0,-0.0,-0.0,0.0,observed,0.403336,0.35879999999999973,0.48649599999999993
75,"([0.5, 0.15, 0.05, 0.21, 0.09], [0])","([1, 0, 0, 0, 0], [0])",-0.0,-0.0,-0.0,-0.0,-0.0,0.0,observed,0.403336,-0.04453600000000024,0.48649599999999993
76,"([0.5, 0.15, 0.05, 0.21, 0.09], [0])","([1, 0, 0, 0, 0], [0])",-0.0,-0.0,-0.0,-0.0,-0.0,0.0,observed,0.403336,-0.4478720000000002,0.48649599999999993
77,"([0.5, 0.15, 0.05, 0.21, 0.09], [1])","([1, 0, 0, 0, 0], [0])",-0.0,-0.9259999999999999,-0.0,-0.0,-0.0,-0.9259999999999999,observed,0.403336,0.0747919999999998,0.48649599999999993
78,"([0.5, 0.15, 0.05, 0.21, 0.09], [4])","([1, 0, 0, 0, 0], [0])",-0.0,-0.0,-0.0,-0.0,-0.7909999999999999,-0.7909999999999999,observed,0.403336,0.46245599999999976,0.48649599999999993
79,"([0.5, 0.15, 0.05, 0.21, 0.09], [3])","([1, 0, 0, 0, 0], [0])",-0.0,-0.0,-0.0,-0.7559999999999999,-0.0,-0.7559999999999999,observed,0.403336,0.8151199999999996,0.48649599999999993
80,"([0.5, 0.15, 0.05, 0.21, 0.09], [1])","([1, 0, 0, 0, 0], [0])",-0.0,-0.9259999999999999,-0.0,-0.0,-0.0,-0.9259999999999999,observed,0.403336,1.3377839999999996,0.48649599999999993
81,"([0.5, 0.15, 0.05, 0.21, 0.09], [0])","([1, 0, 0, 0, 0], [0])",-0.0,-0.0,-0.0,-0.0,-0.0,0.0,observed,0.403336,0.9344479999999997,0.48649599999999993
82,"([0.5, 0.15, 0.05, 0.21, 0.09], [0])","([1, 0, 0, 0, 0], [0])",-0.0,-0.0,-0.0,-0.0,-0.0,0.0,observed,0.403336,0.5311119999999998,0.48649599999999993
83,"([0.5, 0.15, 0.05, 0.21, 0.09], [0])","([1, 0, 0, 0, 0], [0])",-0.0,-0.0,-0.0,-0.0,-0.0,0.0,observed,0.403336,0.12777599999999983,0.48649599999999993
84,"([0.5, 0.15, 0.05, 0.21, 0.09], [1])","([1, 0, 0, 0, 0], [0])",-0.0,-0.9259999999999999,-0.0,-0.0,-0.0,-0.9259999999999999,observed,0.403336,0.6504399999999999,0.48649599999999993
85,"([0.5, 0.15, 0.05, 0.21, 0.09], [0])","([1, 0, 0, 0, 0], [0])",-0.0,-0.0,-0.0,-0.0,-0.0,0.0,observed,0.403336,0.24710399999999993,0.48649599999999993
86,"([0.5, 0.15, 0.05, 0.21, 0.09], [3])","([1, 0, 0, 0, 0], [0])",-0.0,-0.0,-0.0,-0.7559999999999999,-0.0,-0.7559999999999999,observed,0.403336,0.5997679999999999,0.48649599999999993
87,"([0.5, 0.15, 0.05, 0.21, 0.09], [0])","([1, 0, 0, 0, 0], [0])",-0.0,-0.0,-0.0,-0.0,-0.0,0.0,observed,0.403336,0.19643199999999988,0.48649599999999993
88,"([0.5, 0.15, 0.05, 0.21, 0.09], [1])","([1, 0, 0, 0, 0], [0])",-0.0,-0.9259999999999999,-0.0,-0.0,-0.0,-0.9259999999999999,observed,0.403336,0.719096,0.48649599999999993
89,"([0.5, 0.15, 0.05, 0.21, 0.09], [1])","([1, 0, 0, 0, 0], [0])",-0.0,-0.9259999999999999,-0.0,-0.0,-0.0,-0.9259999999999999,observed,0.403336,1.24176,0.48649599999999993
90,"([0.5, 0.15, 0.05, 0.21, 0.09], [0])","([1, 0, 0, 0, 0], [0])",-0.0,-0.0,-0.0,-0.0,-0.0,0.0,observed,0.403336,0.8384240000000001,0.48649599999999993
91,"([0.5, 0.15, 0.05, 0.21, 0.09], [0])","([1, 0, 0, 0, 0], [0])",-0.0,-0.0,-0.0,-0.0,-0.0,0.0,observed,0.403336,0.4350880000000001,0.48649599999999993
92,"([0.5, 0.15, 0.05, 0.21, 0.09], [0])","([1, 0, 0, 0, 0], [0])",-0.0,-0.0,-0.0,-0.0,-0.0,0.0,observed,0.403336,0.03175200000000011,0.48649599999999993
93,"([0.5, 0.15, 0.05, 0.21, 0.09], [0])","([1, 0, 0, 0, 0], [0])",-0.0,-0.0,-0.0,-0.0,-0.0,0.0,observed,0.403336,-0.37158399999999986,0.48649599999999993
94,"([0.5, 0.15, 0.05, 0.21, 0.09], [0])","([1, 0, 0, 0, 0], [0])",-0.0,-0.0,-0.0,-0.0,-0.0,0.0,observed,0.403336,-0.7749199999999998,0.48649599999999993
95,"([0.5, 0.15, 0.05, 0.21, 0.09], [4])","([1, 0, 0, 0, 0], [0])",-0.0,-0.0,-0.0,-0.0,-0.7909999999999999,-0.7909999999999999,observed,0.403336,-0.3872559999999999,0.48649599999999993
96,"([0.5, 0.15, 0.05, 0.21, 0.09], [0])","([1, 0, 0, 0, 0], [0])",-0.0,-0.0,-0.0,-0.0,-0.0,0.0,observed,0.403336,-0.7905919999999999,0.48649599999999993
97,"([0.5, 0.15, 0.05, 0.21, 0.09], [0])","([1, 0, 0, 0, 0], [0])",-0.0,-0.0,-0.0,-0.0,-0.0,0.0,observed,0.403336,-1.1939279999999999,0.48649599999999993
98,"([0.5, 0.15, 0.05, 0.21, 0.09], [0])","([1, 0, 0, 0, 0], [0])",-0.0,-0.0,-0.0,-0.0,-0.0,0.0,observed,0.403336,-1.5972639999999998,0.48649599999999993
99,"([0.5, 0.15, 0.05, 0.21, 0.09], [0])","([1, 0, 0, 0, 0], [0])",-0.0,-0.0,-0.0,-0.0,-0.0,0.0,observed,0.403336,-2.0006,0.48649599999999993
