,suqr-1,FB-0,feedback target 0,feedback target 1,feedback target 2,feedback target 3,feedback target 4,feedback target 5,total,exp_loss,actual_regret,exp_regret
0,"([0.12, 0.09, 0.21, 0.32, 0.11, 0.15], [0])","([0.19, 0.22, 0.13, 0.09, 0.2, 0.17], [3])",-0.919,-0.0,-0.0,-0.0,-0.0,-0.0,-0.919,0.7163305473979777,0.20267327496387688,3.822361854588507e-06
1,"([0.0, 0.21, 0.2, 0.19, 0.21, 0.2], [3])","([1, 0, 0, 0, 0, 0], [0])",-0.0,-0.0,-0.0,-0.7559999999999999,-0.0,-0.0,-0.7559999999999999,0.8732022984127304,0.24234654992775362,0.15687939573846188
2,"([0.0, 0.21, 0.2, 0.19, 0.21, 0.2], [3])","([1, 0, 0, 0, 0, 0], [0])",-0.0,-0.0,-0.0,-0.7559999999999999,-0.0,-0.0,-0.7559999999999999,0.8732022984127304,0.28201982489163036,0.31375496911506917
3,"([0.0, 0.21, 0.2, 0.19, 0.21, 0.2], [5])","([1, 0, 0, 0, 0, 0], [0])",-0.0,-0.0,-0.0,-0.0,-0.0,-0.8640000000000001,-0.8640000000000001,0.8732022984127304,0.4296930998555073,0.47063054249167646
4,"([0.2, 0.21, 0.19, 0.0, 0.2, 0.2], [4])","([0, 0, 0, 1, 0, 0], [3])",-0.0,-0.0,-0.0,-0.0,-0.9440000000000001,-0.0,-0.9440000000000001,0.9046826115408076,0.6573663748193842,0.658986428996361
5,"([0.2, 0.21, 0.19, 0.0, 0.2, 0.2], [1])","([0, 0, 0, 1, 0, 0], [3])",-0.0,-0.982,-0.0,-0.0,-0.0,-0.0,-0.982,0.9046826115408076,0.923039649783261,0.8473423155010454
6,"([0.11, 0.08, 0.22, 0.33, 0.1, 0.15], [3])","([0.19, 0.22, 0.13, 0.09, 0.21, 0.16], [0])",-0.0,-0.0,-0.0,-0.7559999999999999,-0.0,-0.0,-0.7559999999999999,0.716487784552574,0.9627129247471378,0.8475033750174963
7,"([0.12, 0.1, 0.21, 0.31, 0.11, 0.15], [3])","([0.19, 0.21, 0.13, 0.09, 0.2, 0.17], [4])",-0.0,-0.0,-0.0,-0.7559999999999999,-0.0,-0.0,-0.7559999999999999,0.7163793813159736,1.0023861997110144,0.8475560312973467
8,"([0.12, 0.1, 0.21, 0.31, 0.11, 0.15], [5])","([0.19, 0.21, 0.14, 0.1, 0.2, 0.17], [1])",-0.0,-0.0,-0.0,-0.0,-0.0,-0.8640000000000001,-0.8640000000000001,0.7164697399136374,1.1500594746748913,0.8476990461748609
9,"([0.12, 0.1, 0.21, 0.31, 0.11, 0.15], [1])","([0.19, 0.21, 0.14, 0.1, 0.2, 0.17], [1])",-0.0,-0.0,-0.0,-0.0,-0.0,-0.0,0.0,0.7164832877194096,0.4337327496387682,0.8478556088581474
10,"([0.12, 0.09, 0.21, 0.32, 0.11, 0.15], [4])","([0.19, 0.22, 0.13, 0.09, 0.2, 0.16], [0])",-0.0,-0.0,-0.0,-0.0,-0.9440000000000001,-0.0,-0.9440000000000001,0.7163276675222425,0.6614060246026451,0.8478565513442667
11,"([0.11, 0.08, 0.22, 0.33, 0.1, 0.15], [2])","([0.19, 0.22, 0.13, 0.09, 0.21, 0.16], [0])",-0.0,-0.0,-0.8079999999999999,-0.0,-0.0,-0.0,-0.8079999999999999,0.7164897402634297,0.7530792995665219,0.8480195665715733
12,"([0.12, 0.09, 0.22, 0.32, 0.1, 0.15], [2])","([0.19, 0.22, 0.13, 0.09, 0.2, 0.16], [1])",-0.0,-0.0,-0.8079999999999999,-0.0,-0.0,-0.0,-0.8079999999999999,0.7163803601699258,0.8447525745303986,0.8480732017053759
13,"([0.12, 0.09, 0.22, 0.32, 0.1, 0.15], [4])","([0.19, 0.22, 0.13, 0.09, 0.2, 0.16], [1])",-0.0,-0.0,-0.0,-0.0,-0.9440000000000001,-0.0,-0.9440000000000001,0.716333974902674,1.0724258494942756,0.8480804515719268
14,"([0.11, 0.08, 0.22, 0.33, 0.1, 0.15], [2])","([0.19, 0.22, 0.13, 0.09, 0.21, 0.16], [4])",-0.0,-0.0,-0.8079999999999999,-0.0,-0.0,-0.0,-0.8079999999999999,0.7164766924886345,1.1640991244581524,0.8482304190244382
15,"([0.12, 0.09, 0.22, 0.32, 0.1, 0.15], [1])","([0.19, 0.22, 0.13, 0.09, 0.2, 0.16], [0])",-0.0,-0.982,-0.0,-0.0,-0.0,-0.0,-0.982,0.7163775499388628,1.4297723994220293,0.8482812439271779
16,"([0.11, 0.08, 0.22, 0.33, 0.1, 0.15], [2])","([0.19, 0.22, 0.13, 0.09, 0.21, 0.16], [1])",-0.0,-0.0,-0.8079999999999999,-0.0,-0.0,-0.0,-0.8079999999999999,0.7164914683056176,1.5214456743859062,0.8484459871966723
17,"([0.11, 0.08, 0.22, 0.33, 0.1, 0.15], [1])","([0.19, 0.22, 0.13, 0.09, 0.21, 0.16], [2])",-0.0,-0.982,-0.0,-0.0,-0.0,-0.0,-0.982,0.716489854579673,1.787118949349783,0.8486091167402221
18,"([0.11, 0.08, 0.22, 0.34, 0.1, 0.15], [2])","([0.2, 0.23, 0.12, 0.08, 0.21, 0.16], [4])",-0.0,-0.0,-0.8079999999999999,-0.0,-0.0,-0.0,-0.8079999999999999,0.71690367796508,1.8787922243136599,0.849186069669179
19,"([0.11, 0.08, 0.22, 0.33, 0.1, 0.15], [3])","([0.19, 0.22, 0.13, 0.09, 0.21, 0.16], [0])",-0.0,-0.0,-0.0,-0.7559999999999999,-0.0,-0.0,-0.7559999999999999,0.7165156925029578,1.9184654992775365,0.8493750371360136
20,"([0.11, 0.09, 0.22, 0.32, 0.1, 0.15], [0])","([0.19, 0.22, 0.13, 0.09, 0.21, 0.16], [0])",-0.0,-0.0,-0.0,-0.0,-0.0,-0.0,0.0,0.7164254155558741,1.2021387742414134,0.8494737276557646
21,"([0.11, 0.08, 0.22, 0.33, 0.1, 0.15], [3])","([0.19, 0.22, 0.13, 0.09, 0.21, 0.16], [0])",-0.0,-0.0,-0.0,-0.7559999999999999,-0.0,-0.0,-0.7559999999999999,0.7164854706251295,1.24181204920529,0.8496324732447709
22,"([0.12, 0.09, 0.22, 0.32, 0.1, 0.15], [0])","([0.19, 0.22, 0.13, 0.09, 0.2, 0.16], [5])",-0.919,-0.0,-0.0,-0.0,-0.0,-0.0,-0.919,0.7163791122049005,1.4444853241691669,0.8496848604135482
23,"([0.11, 0.09, 0.22, 0.33, 0.1, 0.15], [3])","([0.19, 0.22, 0.13, 0.09, 0.21, 0.16], [3])",-0.0,-0.0,-0.0,-0.0,-0.0,-0.0,0.0,0.7164459110447344,0.7281585991330437,0.8498040464221595
24,"([0.12, 0.09, 0.22, 0.32, 0.1, 0.15], [3])","([0.19, 0.22, 0.13, 0.09, 0.2, 0.16], [1])",-0.0,-0.0,-0.0,-0.7559999999999999,-0.0,-0.0,-0.7559999999999999,0.7163497763594802,0.7678318740969204,0.8498270977455165
25,"([0.12, 0.09, 0.21, 0.32, 0.11, 0.15], [0])","([0.19, 0.22, 0.13, 0.09, 0.2, 0.16], [3])",-0.919,-0.0,-0.0,-0.0,-0.0,-0.0,-0.919,0.7163314131607155,0.9705051490607973,0.8498317858701088
26,"([0.12, 0.09, 0.22, 0.32, 0.1, 0.15], [2])","([0.19, 0.22, 0.13, 0.09, 0.2, 0.16], [5])",-0.0,-0.0,-0.8079999999999999,-0.0,-0.0,-0.0,-0.8079999999999999,0.7163397105990206,1.062178424024674,0.8498447714330062
27,"([0.12, 0.09, 0.22, 0.32, 0.11, 0.15], [3])","([0.19, 0.22, 0.13, 0.09, 0.2, 0.16], [3])",-0.0,-0.0,-0.0,-0.0,-0.0,-0.0,0.0,0.7163328744402708,0.34585169898855095,0.8498509208371539
28,"([0.12, 0.09, 0.21, 0.32, 0.11, 0.15], [2])","([0.19, 0.22, 0.13, 0.09, 0.2, 0.16], [1])",-0.0,-0.0,-0.8079999999999999,-0.0,-0.0,-0.0,-0.8079999999999999,0.7163280085873137,0.43752497395242773,0.8498522043883444
29,"([0.12, 0.09, 0.21, 0.32, 0.11, 0.15], [3])","([0.19, 0.22, 0.13, 0.09, 0.2, 0.16], [0])",-0.0,-0.0,-0.0,-0.7559999999999999,-0.0,-0.0,-0.7559999999999999,0.7163295037706845,0.47719824891630447,0.8498549831229057
30,"([0.12, 0.09, 0.21, 0.31, 0.11, 0.15], [3])","([0.19, 0.22, 0.13, 0.09, 0.2, 0.17], [0])",-0.0,-0.0,-0.0,-0.7559999999999999,-0.0,-0.0,-0.7559999999999999,0.7163390014502942,0.5168715238801812,0.8498672595370768
31,"([0.12, 0.1, 0.21, 0.31, 0.11, 0.15], [4])","([0.19, 0.21, 0.13, 0.09, 0.2, 0.17], [2])",-0.0,-0.0,-0.0,-0.0,-0.9440000000000001,-0.0,-0.9440000000000001,0.7163580549224426,0.7445447988440581,0.8498985894233962
32,"([0.12, 0.09, 0.21, 0.31, 0.11, 0.15], [4])","([0.19, 0.22, 0.13, 0.09, 0.2, 0.17], [4])",-0.0,-0.0,-0.0,-0.0,-0.0,-0.0,0.0,0.7163392363373136,0.02821807380793495,0.8499111007245866
33,"([0.12, 0.09, 0.21, 0.32, 0.11, 0.15], [3])","([0.19, 0.22, 0.13, 0.09, 0.2, 0.16], [4])",-0.0,-0.0,-0.0,-0.7559999999999999,-0.0,-0.0,-0.7559999999999999,0.7163302964461808,0.06789134877181169,0.8499146721346443
34,"([0.12, 0.09, 0.21, 0.31, 0.11, 0.15], [4])","([0.19, 0.22, 0.13, 0.09, 0.2, 0.17], [1])",-0.0,-0.0,-0.0,-0.0,-0.9440000000000001,-0.0,-0.9440000000000001,0.7163399887912051,0.2955646237356886,0.8499279358897263
35,"([0.12, 0.09, 0.21, 0.31, 0.11, 0.15], [3])","([0.19, 0.22, 0.13, 0.09, 0.2, 0.16], [1])",-0.0,-0.0,-0.0,-0.7559999999999999,-0.0,-0.0,-0.7559999999999999,0.7163323636936908,0.33523789869956533,0.8499335745472939
36,"([0.12, 0.09, 0.21, 0.31, 0.11, 0.15], [4])","([0.19, 0.22, 0.13, 0.09, 0.2, 0.17], [5])",-0.0,-0.0,-0.0,-0.0,-0.9440000000000001,-0.0,-0.9440000000000001,0.7163388241829196,0.5629111736634422,0.8499456736940904
37,"([0.12, 0.09, 0.21, 0.31, 0.11, 0.15], [0])","([0.19, 0.22, 0.13, 0.09, 0.2, 0.16], [2])",-0.919,-0.0,-0.0,-0.0,-0.0,-0.0,-0.919,0.7163310958513293,0.7655844486273191,0.8499500445092965
38,"([0.12, 0.09, 0.21, 0.32, 0.11, 0.15], [3])","([0.19, 0.22, 0.13, 0.09, 0.2, 0.16], [5])",-0.0,-0.0,-0.0,-0.7559999999999999,-0.0,-0.0,-0.7559999999999999,0.7163281472948696,0.8052577235911959,0.8499514667680429
39,"([0.12, 0.09, 0.21, 0.31, 0.11, 0.15], [3])","([0.19, 0.22, 0.13, 0.09, 0.2, 0.17], [4])",-0.0,-0.0,-0.0,-0.7559999999999999,-0.0,-0.0,-0.7559999999999999,0.7163339317140832,0.8449309985550726,0.849958673446003
40,"([0.12, 0.09, 0.21, 0.31, 0.11, 0.15], [2])","([0.19, 0.22, 0.13, 0.09, 0.2, 0.17], [3])",-0.0,-0.0,-0.8079999999999999,-0.0,-0.0,-0.0,-0.8079999999999999,0.7163419424836094,0.9366042735189494,0.8499738908934892
41,"([0.12, 0.09, 0.21, 0.32, 0.11, 0.15], [5])","([0.19, 0.22, 0.13, 0.09, 0.2, 0.17], [4])",-0.0,-0.0,-0.0,-0.0,-0.0,-0.8640000000000001,-0.8640000000000001,0.7163332134566321,1.0842775484828264,0.8499803793139982
42,"([0.12, 0.09, 0.21, 0.31, 0.11, 0.15], [3])","([0.19, 0.22, 0.13, 0.09, 0.2, 0.17], [5])",-0.0,-0.0,-0.0,-0.7559999999999999,-0.0,-0.0,-0.7559999999999999,0.7163403129790371,1.123950823446703,0.8499939672569121
43,"([0.12, 0.09, 0.21, 0.31, 0.11, 0.15], [3])","([0.19, 0.21, 0.13, 0.09, 0.2, 0.17], [5])",-0.0,-0.0,-0.0,-0.7559999999999999,-0.0,-0.0,-0.7559999999999999,0.716351989332732,1.1636240984105797,0.850019231553521
44,"([0.12, 0.1, 0.21, 0.31, 0.11, 0.15], [2])","([0.19, 0.21, 0.13, 0.09, 0.2, 0.17], [4])",-0.0,-0.0,-0.8079999999999999,-0.0,-0.0,-0.0,-0.8079999999999999,0.7163692472610534,1.2552973733744563,0.8500617537784513
45,"([0.12, 0.1, 0.21, 0.31, 0.11, 0.15], [5])","([0.19, 0.21, 0.13, 0.09, 0.2, 0.17], [0])",-0.0,-0.0,-0.0,-0.0,-0.0,-0.8640000000000001,-0.8640000000000001,0.7163691030034484,1.4029706483383333,0.8501041317457765
46,"([0.12, 0.1, 0.21, 0.31, 0.11, 0.15], [1])","([0.19, 0.21, 0.13, 0.09, 0.2, 0.17], [2])",-0.0,-0.982,-0.0,-0.0,-0.0,-0.0,-0.982,0.7163637809532357,1.6686439233022101,0.850141187662889
47,"([0.12, 0.09, 0.21, 0.31, 0.11, 0.15], [4])","([0.19, 0.22, 0.13, 0.09, 0.2, 0.17], [5])",-0.0,-0.0,-0.0,-0.0,-0.9440000000000001,-0.0,-0.9440000000000001,0.7163451649285895,1.896317198266087,0.8501596275553553
48,"([0.12, 0.09, 0.21, 0.31, 0.11, 0.15], [2])","([0.19, 0.22, 0.13, 0.09, 0.2, 0.17], [1])",-0.0,-0.0,-0.8079999999999999,-0.0,-0.0,-0.0,-0.8079999999999999,0.7163389865811095,1.9879904732299636,0.8501718891003417
49,"([0.12, 0.09, 0.21, 0.31, 0.11, 0.15], [0])","([0.19, 0.22, 0.13, 0.09, 0.2, 0.17], [4])",-0.919,-0.0,-0.0,-0.0,-0.0,-0.0,-0.919,0.7163412583182907,2.1906637481938405,0.8501864223825092
50,"([0.12, 0.09, 0.21, 0.31, 0.11, 0.15], [0])","([0.19, 0.22, 0.13, 0.09, 0.2, 0.17], [4])",-0.919,-0.0,-0.0,-0.0,-0.0,-0.0,-0.919,0.7163363104342337,2.3933370231577173,0.8501960077806198
51,"([0.12, 0.09, 0.21, 0.31, 0.11, 0.15], [3])","([0.19, 0.22, 0.13, 0.09, 0.2, 0.16], [1])",-0.0,-0.0,-0.0,-0.7559999999999999,-0.0,-0.0,-0.7559999999999999,0.7163299382191969,2.433010298121594,0.8501992209636935
52,"([0.12, 0.09, 0.21, 0.31, 0.11, 0.15], [4])","([0.19, 0.22, 0.13, 0.09, 0.2, 0.17], [2])",-0.0,-0.0,-0.0,-0.0,-0.9440000000000001,-0.0,-0.9440000000000001,0.7163349232066467,2.6606835730854708,0.850207419134217
53,"([0.12, 0.09, 0.21, 0.31, 0.11, 0.15], [3])","([0.19, 0.22, 0.13, 0.09, 0.2, 0.16], [1])",-0.0,-0.0,-0.0,-0.7559999999999999,-0.0,-0.0,-0.7559999999999999,0.7163300735913196,2.7003568480493474,0.8502107676894135
54,"([0.12, 0.09, 0.21, 0.31, 0.11, 0.15], [5])","([0.19, 0.22, 0.13, 0.09, 0.2, 0.17], [5])",-0.0,-0.0,-0.0,-0.0,-0.0,-0.0,0.0,0.7163352401382381,1.9840301230132242,0.8502192827915285
55,"([0.12, 0.09, 0.21, 0.31, 0.11, 0.15], [4])","([0.19, 0.22, 0.13, 0.09, 0.2, 0.17], [4])",-0.0,-0.0,-0.0,-0.0,-0.0,-0.0,0.0,0.7163333787735907,1.267703397977101,0.850225936528996
56,"([0.12, 0.09, 0.21, 0.32, 0.11, 0.15], [3])","([0.19, 0.22, 0.13, 0.09, 0.2, 0.16], [4])",-0.0,-0.0,-0.0,-0.7559999999999999,-0.0,-0.0,-0.7559999999999999,0.7163294239414899,1.3073766729409777,0.8502286354343628
57,"([0.12, 0.09, 0.21, 0.31, 0.11, 0.15], [5])","([0.19, 0.22, 0.13, 0.09, 0.2, 0.16], [4])",-0.0,-0.0,-0.0,-0.0,-0.0,-0.8640000000000001,-0.8640000000000001,0.716334361362367,1.4550499479048546,0.8502362717606066
58,"([0.12, 0.09, 0.21, 0.32, 0.11, 0.15], [3])","([0.19, 0.22, 0.13, 0.09, 0.2, 0.16], [5])",-0.0,-0.0,-0.0,-0.7559999999999999,-0.0,-0.0,-0.7559999999999999,0.7163314361209833,1.4947232228687315,0.8502409828454667
59,"([0.12, 0.09, 0.21, 0.32, 0.11, 0.15], [5])","([0.19, 0.22, 0.13, 0.09, 0.2, 0.16], [1])",-0.0,-0.0,-0.0,-0.0,-0.0,-0.8640000000000001,-0.8640000000000001,0.7163279664197226,1.6423964978326084,0.8502422242290661
60,"([0.12, 0.09, 0.21, 0.31, 0.11, 0.15], [0])","([0.19, 0.22, 0.13, 0.09, 0.2, 0.17], [0])",-0.0,-0.0,-0.0,-0.0,-0.0,-0.0,0.0,0.7163341284896145,0.9260697727964853,0.8502496276825575
61,"([0.12, 0.09, 0.21, 0.31, 0.11, 0.15], [2])","([0.19, 0.22, 0.13, 0.09, 0.2, 0.16], [5])",-0.0,-0.0,-0.8079999999999999,-0.0,-0.0,-0.0,-0.8079999999999999,0.716333303363846,1.0177430477603622,0.8502562060102804
62,"([0.12, 0.09, 0.21, 0.31, 0.11, 0.15], [2])","([0.19, 0.22, 0.13, 0.09, 0.2, 0.17], [3])",-0.0,-0.0,-0.8079999999999999,-0.0,-0.0,-0.0,-0.8079999999999999,0.7163330289640464,1.1094163227242388,0.8502625099382036
63,"([0.12, 0.09, 0.21, 0.31, 0.11, 0.15], [0])","([0.19, 0.22, 0.13, 0.09, 0.2, 0.17], [0])",-0.0,-0.0,-0.0,-0.0,-0.0,-0.0,0.0,0.7163354667421555,0.3930895976881157,0.850271251644236
64,"([0.12, 0.09, 0.21, 0.31, 0.11, 0.15], [4])","([0.19, 0.22, 0.13, 0.09, 0.2, 0.17], [0])",-0.0,-0.0,-0.0,-0.0,-0.9440000000000001,-0.0,-0.9440000000000001,0.7163322851861186,0.6207628726519926,0.8502768117942314
65,"([0.12, 0.09, 0.21, 0.32, 0.11, 0.15], [3])","([0.19, 0.22, 0.13, 0.09, 0.2, 0.16], [2])",-0.0,-0.0,-0.0,-0.7559999999999999,-0.0,-0.0,-0.7559999999999999,0.716328175409181,0.6604361476158693,0.8502782621672893
66,"([0.12, 0.09, 0.21, 0.31, 0.11, 0.15], [2])","([0.19, 0.22, 0.13, 0.09, 0.2, 0.16], [4])",-0.0,-0.0,-0.8079999999999999,-0.0,-0.0,-0.0,-0.8079999999999999,0.7163325100114142,0.7521094225797461,0.8502840471425803
67,"([0.12, 0.09, 0.21, 0.31, 0.11, 0.15], [4])","([0.19, 0.22, 0.13, 0.09, 0.2, 0.17], [1])",-0.0,-0.0,-0.0,-0.0,-0.9440000000000001,-0.0,-0.9440000000000001,0.7163323007905549,0.979782697543623,0.850289622897012
68,"([0.12, 0.09, 0.21, 0.32, 0.11, 0.15], [0])","([0.19, 0.22, 0.13, 0.09, 0.2, 0.16], [1])",-0.919,-0.0,-0.0,-0.0,-0.0,-0.0,-0.919,0.7163290380748178,1.1824559725075,0.8502919359357067
69,"([0.12, 0.09, 0.21, 0.32, 0.11, 0.15], [4])","([0.19, 0.22, 0.13, 0.09, 0.2, 0.16], [3])",-0.0,-0.0,-0.0,-0.0,-0.9440000000000001,-0.0,-0.9440000000000001,0.7163277285565527,1.4101292474713767,0.8502929394561363
70,"([0.12, 0.09, 0.21, 0.32, 0.11, 0.15], [3])","([0.19, 0.22, 0.13, 0.09, 0.2, 0.16], [5])",-0.0,-0.0,-0.0,-0.7559999999999999,-0.0,-0.0,-0.7559999999999999,0.7163276435749213,1.4498025224352533,0.8502938579949344
71,"([0.12, 0.09, 0.22, 0.32, 0.11, 0.15], [3])","([0.19, 0.22, 0.13, 0.09, 0.2, 0.16], [0])",-0.0,-0.0,-0.0,-0.7559999999999999,-0.0,-0.0,-0.7559999999999999,0.7163282331421438,1.48947579739913,0.850295366100955
72,"([0.12, 0.09, 0.21, 0.31, 0.11, 0.15], [1])","([0.19, 0.22, 0.13, 0.09, 0.2, 0.16], [5])",-0.0,-0.982,-0.0,-0.0,-0.0,-0.0,-0.982,0.7163295700792202,1.7551490723630068,0.850298211144052
73,"([0.12, 0.09, 0.21, 0.32, 0.11, 0.15], [4])","([0.19, 0.22, 0.13, 0.09, 0.2, 0.16], [5])",-0.0,-0.0,-0.0,-0.0,-0.9440000000000001,-0.0,-0.9440000000000001,0.7163277317849942,1.9828223473268838,0.8502992178929231
74,"([0.12, 0.09, 0.22, 0.32, 0.11, 0.15], [5])","([0.19, 0.22, 0.13, 0.09, 0.2, 0.16], [0])",-0.0,-0.0,-0.0,-0.0,-0.0,-0.8640000000000001,-0.8640000000000001,0.7163277770178199,2.130495622290761,0.8503002698746198
75,"([0.12, 0.09, 0.22, 0.32, 0.1, 0.15], [3])","([0.19, 0.22, 0.13, 0.09, 0.2, 0.16], [2])",-0.0,-0.0,-0.0,-0.7559999999999999,-0.0,-0.0,-0.7559999999999999,0.7163678755683855,2.1701688972546376,0.8503414204068822
76,"([0.12, 0.09, 0.21, 0.32, 0.11, 0.15], [3])","([0.19, 0.22, 0.13, 0.09, 0.2, 0.16], [5])",-0.0,-0.0,-0.0,-0.7559999999999999,-0.0,-0.0,-0.7559999999999999,0.7163276536515064,2.209842172218514,0.8503423490222655
77,"([0.12, 0.09, 0.21, 0.32, 0.11, 0.15], [2])","([0.19, 0.22, 0.13, 0.09, 0.2, 0.16], [5])",-0.0,-0.0,-0.8079999999999999,-0.0,-0.0,-0.0,-0.8079999999999999,0.7163291138346892,2.301515447182391,0.8503447378208315
78,"([0.12, 0.09, 0.21, 0.32, 0.11, 0.15], [0])","([0.19, 0.22, 0.13, 0.09, 0.2, 0.17], [4])",-0.919,-0.0,-0.0,-0.0,-0.0,-0.0,-0.919,0.7163299481268322,2.5041887221462678,0.8503479609115405
79,"([0.12, 0.09, 0.21, 0.31, 0.11, 0.15], [5])","([0.19, 0.22, 0.13, 0.09, 0.2, 0.16], [3])",-0.0,-0.0,-0.0,-0.0,-0.0,-0.8640000000000001,-0.8640000000000001,0.7163301299740132,2.651861997110145,0.8503513658494306
80,"([0.12, 0.09, 0.21, 0.32, 0.11, 0.15], [3])","([0.19, 0.22, 0.13, 0.09, 0.2, 0.16], [5])",-0.0,-0.0,-0.0,-0.7559999999999999,-0.0,-0.0,-0.7559999999999999,0.7163282253336262,2.6915352720740215,0.8503528661469336
81,"([0.12, 0.09, 0.21, 0.32, 0.11, 0.15], [2])","([0.19, 0.22, 0.13, 0.09, 0.2, 0.16], [1])",-0.0,-0.0,-0.8079999999999999,-0.0,-0.0,-0.0,-0.8079999999999999,0.7163295120088461,2.783208547037898,0.8503556531196566
82,"([0.12, 0.09, 0.21, 0.32, 0.11, 0.15], [3])","([0.19, 0.22, 0.13, 0.09, 0.2, 0.16], [2])",-0.0,-0.0,-0.0,-0.7559999999999999,-0.0,-0.0,-0.7559999999999999,0.7163286898647364,2.822881822001775,0.8503576179482698
83,"([0.12, 0.09, 0.21, 0.31, 0.11, 0.15], [3])","([0.19, 0.22, 0.13, 0.09, 0.2, 0.16], [3])",-0.0,-0.0,-0.0,-0.0,-0.0,-0.0,0.0,0.7163328214617598,2.1065550969656517,0.8503637143739065
84,"([0.12, 0.09, 0.21, 0.31, 0.11, 0.15], [5])","([0.19, 0.22, 0.13, 0.09, 0.2, 0.17], [5])",-0.0,-0.0,-0.0,-0.0,-0.0,-0.0,0.0,0.7163365398296392,1.3902283719295285,0.8503735291674225
85,"([0.12, 0.09, 0.21, 0.31, 0.11, 0.15], [5])","([0.19, 0.22, 0.13, 0.09, 0.2, 0.17], [1])",-0.0,-0.0,-0.0,-0.0,-0.0,-0.8640000000000001,-0.8640000000000001,0.7163345907592332,1.5379016468934055,0.8503813948905325
86,"([0.12, 0.09, 0.21, 0.31, 0.11, 0.15], [3])","([0.19, 0.22, 0.13, 0.09, 0.2, 0.16], [4])",-0.0,-0.0,-0.0,-0.7559999999999999,-0.0,-0.0,-0.7559999999999999,0.7163334464164899,1.5775749218572823,0.8503881162708993
87,"([0.12, 0.09, 0.21, 0.31, 0.11, 0.15], [2])","([0.19, 0.22, 0.13, 0.09, 0.2, 0.17], [1])",-0.0,-0.0,-0.8079999999999999,-0.0,-0.0,-0.0,-0.8079999999999999,0.7163364048264916,1.669248196821159,0.8503977960612678
88,"([0.12, 0.09, 0.21, 0.31, 0.11, 0.15], [5])","([0.19, 0.22, 0.13, 0.09, 0.2, 0.17], [3])",-0.0,-0.0,-0.0,-0.0,-0.0,-0.8640000000000001,-0.8640000000000001,0.7163390069534397,1.816921471785036,0.8504100779785843
89,"([0.12, 0.09, 0.21, 0.31, 0.11, 0.15], [1])","([0.19, 0.22, 0.13, 0.09, 0.2, 0.17], [5])",-0.0,-0.982,-0.0,-0.0,-0.0,-0.0,-0.982,0.716337123145898,2.0825947467489128,0.8504204760883591
90,"([0.12, 0.09, 0.21, 0.31, 0.11, 0.15], [4])","([0.19, 0.22, 0.13, 0.09, 0.2, 0.17], [5])",-0.0,-0.0,-0.0,-0.0,-0.9440000000000001,-0.0,-0.9440000000000001,0.716332236496681,2.3102680217127896,0.850425987548917
91,"([0.12, 0.09, 0.21, 0.31, 0.11, 0.15], [4])","([0.19, 0.22, 0.13, 0.09, 0.2, 0.16], [3])",-0.0,-0.0,-0.0,-0.0,-0.9440000000000001,-0.0,-0.9440000000000001,0.716329695595567,2.5379412966766663,0.8504289581083608
92,"([0.12, 0.09, 0.22, 0.32, 0.1, 0.15], [2])","([0.19, 0.22, 0.13, 0.09, 0.2, 0.16], [4])",-0.0,-0.0,-0.8079999999999999,-0.0,-0.0,-0.0,-0.8079999999999999,0.7163547448670132,2.629614571640543,0.8504569779392509
93,"([0.12, 0.09, 0.21, 0.32, 0.11, 0.15], [5])","([0.19, 0.22, 0.13, 0.09, 0.2, 0.16], [1])",-0.0,-0.0,-0.0,-0.0,-0.0,-0.8640000000000001,-0.8640000000000001,0.7163287048628706,2.7772878466044197,0.8504589577659983
94,"([0.12, 0.09, 0.21, 0.32, 0.11, 0.15], [3])","([0.19, 0.22, 0.13, 0.09, 0.2, 0.16], [5])",-0.0,-0.0,-0.0,-0.7559999999999999,-0.0,-0.0,-0.7559999999999999,0.7163286218938107,2.8169611215682964,0.8504608546236859
95,"([0.12, 0.09, 0.21, 0.31, 0.11, 0.15], [5])","([0.19, 0.22, 0.13, 0.09, 0.2, 0.16], [4])",-0.0,-0.0,-0.0,-0.0,-0.0,-0.8640000000000001,-0.8640000000000001,0.7163311923331476,2.9646343965321735,0.8504653219207103
96,"([0.12, 0.09, 0.21, 0.31, 0.11, 0.15], [5])","([0.19, 0.22, 0.13, 0.09, 0.2, 0.16], [5])",-0.0,-0.0,-0.0,-0.0,-0.0,-0.0,0.0,0.7163296358769149,2.2483076714960504,0.8504682327615021
97,"([0.12, 0.09, 0.21, 0.32, 0.11, 0.15], [3])","([0.19, 0.22, 0.13, 0.09, 0.2, 0.16], [4])",-0.0,-0.0,-0.0,-0.7559999999999999,-0.0,-0.0,-0.7559999999999999,0.7163291170567319,2.287980946459927,0.8504706247821108
98,"([0.12, 0.09, 0.21, 0.31, 0.11, 0.15], [4])","([0.19, 0.22, 0.13, 0.09, 0.2, 0.16], [3])",-0.0,-0.0,-0.0,-0.0,-0.9440000000000001,-0.0,-0.9440000000000001,0.7163302872805087,2.515654221423804,0.8504741870264964
99,"([0.12, 0.09, 0.21, 0.31, 0.11, 0.15], [5])","([0.19, 0.22, 0.13, 0.09, 0.2, 0.16], [2])",-0.0,-0.0,-0.0,-0.0,-0.0,-0.8640000000000001,-0.8640000000000001,0.7163302528154953,2.663327496387681,0.8504777148058685
