,suqr-1,FB-0,feedback target 0,feedback target 1,feedback target 2,feedback target 3,feedback target 4,feedback target 5,total,exp_loss,actual_regret,exp_regret
0,"([0.2, 0.21, 0.2, 0.19, 0.0, 0.2], [3])","([0, 0, 0, 0, 1, 0], [4])",-0.0,-0.0,-0.0,-0.7559999999999999,-0.0,-0.0,-0.7559999999999999,0.8679867135264955,0.03967319126337343,0.15165990478986902
1,"([0.2, 0.21, 0.19, 0.0, 0.2, 0.2], [4])","([0, 0, 0, 1, 0, 0], [3])",-0.0,-0.0,-0.0,-0.0,-0.9440000000000001,-0.0,-0.9440000000000001,0.9046826115408076,0.26734638252674703,0.3400157075940502
2,"([0.2, 0.21, 0.19, 0.0, 0.2, 0.2], [1])","([0, 0, 0, 1, 0, 0], [3])",-0.0,-0.982,-0.0,-0.0,-0.0,-0.0,-0.982,0.9046826115408076,0.5330195737901205,0.5283715103982314
3,"([0.2, 0.21, 0.19, 0.0, 0.2, 0.2], [5])","([0, 0, 0, 1, 0, 0], [3])",-0.0,-0.0,-0.0,-0.0,-0.0,-0.8640000000000001,-0.8640000000000001,0.9046826115408076,0.6806927650534942,0.7167273132024126
4,"([0.12, 0.1, 0.21, 0.31, 0.11, 0.15], [0])","([0.19, 0.21, 0.14, 0.1, 0.2, 0.17], [1])",-0.919,-0.0,-0.0,-0.0,-0.0,-0.0,-0.919,0.7164560795648999,0.8833659563168678,0.716856584030686
5,"([0.1, 0.07, 0.23, 0.36, 0.09, 0.15], [3])","([0.2, 0.23, 0.12, 0.08, 0.21, 0.16], [3])",-0.0,-0.0,-0.0,-0.0,-0.0,-0.0,0.0,0.7176407669647905,0.1670391475802413,0.71817054225885
6,"([0.12, 0.1, 0.21, 0.31, 0.11, 0.15], [5])","([0.19, 0.21, 0.14, 0.1, 0.2, 0.17], [5])",-0.0,-0.0,-0.0,-0.0,-0.0,-0.0,0.0,0.7164429535354488,-0.5492876611563852,0.7182866870576724
7,"([0.12, 0.09, 0.21, 0.31, 0.11, 0.15], [2])","([0.19, 0.22, 0.13, 0.09, 0.2, 0.17], [2])",-0.0,-0.0,-0.0,-0.0,-0.0,-0.0,0.0,0.7163384418086944,-1.2656144698930116,0.7182983201297404
8,"([0.12, 0.1, 0.21, 0.31, 0.11, 0.15], [3])","([0.19, 0.21, 0.13, 0.09, 0.2, 0.17], [1])",-0.0,-0.0,-0.0,-0.7559999999999999,-0.0,-0.0,-0.7559999999999999,0.7163762444758731,-1.2259412786296382,0.718347755868987
9,"([0.12, 0.1, 0.21, 0.31, 0.11, 0.15], [3])","([0.19, 0.21, 0.14, 0.1, 0.2, 0.17], [3])",-0.0,-0.0,-0.0,-0.0,-0.0,-0.0,0.0,0.7164789362367214,-1.9422680873662648,0.718499883369082
10,"([0.12, 0.1, 0.21, 0.31, 0.11, 0.15], [3])","([0.19, 0.21, 0.14, 0.1, 0.2, 0.17], [2])",-0.0,-0.0,-0.0,-0.7559999999999999,-0.0,-0.0,-0.7559999999999999,0.7164825230379724,-1.9025948961028913,0.718655597670428
11,"([0.12, 0.1, 0.21, 0.31, 0.11, 0.15], [4])","([0.19, 0.21, 0.14, 0.1, 0.2, 0.17], [4])",-0.0,-0.0,-0.0,-0.0,-0.0,-0.0,0.0,0.7164783248931628,-2.6189217048395177,0.7188071138269643
12,"([0.12, 0.1, 0.21, 0.31, 0.11, 0.15], [4])","([0.19, 0.21, 0.14, 0.1, 0.2, 0.17], [4])",-0.0,-0.0,-0.0,-0.0,-0.0,-0.0,0.0,0.7164835152168094,-3.3352485135761443,0.7189638203071472
13,"([0.12, 0.1, 0.21, 0.31, 0.11, 0.15], [4])","([0.19, 0.21, 0.13, 0.1, 0.2, 0.17], [5])",-0.0,-0.0,-0.0,-0.0,-0.9440000000000001,-0.0,-0.9440000000000001,0.7164133742321613,-3.107575322312771,0.7190503858026821
14,"([0.12, 0.09, 0.21, 0.32, 0.11, 0.15], [5])","([0.19, 0.22, 0.13, 0.09, 0.2, 0.17], [5])",-0.0,-0.0,-0.0,-0.0,-0.0,-0.0,0.0,0.7163274439776286,-3.8239021310493975,0.7190510210436842
15,"([0.12, 0.09, 0.21, 0.31, 0.11, 0.15], [3])","([0.19, 0.22, 0.13, 0.09, 0.2, 0.17], [0])",-0.0,-0.0,-0.0,-0.7559999999999999,-0.0,-0.0,-0.7559999999999999,0.7163334448706582,-3.784228939786024,0.719057657177716
16,"([0.12, 0.1, 0.21, 0.31, 0.11, 0.15], [3])","([0.19, 0.21, 0.13, 0.09, 0.2, 0.17], [4])",-0.0,-0.0,-0.0,-0.7559999999999999,-0.0,-0.0,-0.7559999999999999,0.7163536270180687,-3.74455574852265,0.7190844754591582
17,"([0.12, 0.1, 0.21, 0.31, 0.11, 0.15], [5])","([0.19, 0.21, 0.13, 0.09, 0.2, 0.17], [3])",-0.0,-0.0,-0.0,-0.0,-0.0,-0.8640000000000001,-0.8640000000000001,0.7164016634555083,-3.5968825572592764,0.71915933017804
18,"([0.12, 0.1, 0.21, 0.31, 0.11, 0.15], [2])","([0.19, 0.21, 0.13, 0.1, 0.2, 0.17], [1])",-0.0,-0.0,-0.8079999999999999,-0.0,-0.0,-0.0,-0.8079999999999999,0.7164018159261782,-3.5052093659959027,0.7192343373675918
19,"([0.12, 0.1, 0.21, 0.31, 0.11, 0.15], [3])","([0.19, 0.21, 0.14, 0.1, 0.2, 0.17], [4])",-0.0,-0.0,-0.0,-0.7559999999999999,-0.0,-0.0,-0.7559999999999999,0.7164375735302988,-3.465536174732529,0.7193451021612641
20,"([0.12, 0.1, 0.21, 0.31, 0.11, 0.15], [3])","([0.19, 0.21, 0.14, 0.1, 0.2, 0.17], [4])",-0.0,-0.0,-0.0,-0.7559999999999999,-0.0,-0.0,-0.7559999999999999,0.7164891127523155,-3.4258629834691554,0.7195074061769532
21,"([0.12, 0.1, 0.21, 0.31, 0.11, 0.15], [5])","([0.19, 0.21, 0.14, 0.1, 0.2, 0.17], [1])",-0.0,-0.0,-0.0,-0.0,-0.0,-0.8640000000000001,-0.8640000000000001,0.7164854953538708,-3.2781897922057817,0.7196660927941976
22,"([0.12, 0.1, 0.21, 0.31, 0.11, 0.15], [1])","([0.19, 0.21, 0.14, 0.1, 0.2, 0.17], [4])",-0.0,-0.982,-0.0,-0.0,-0.0,-0.0,-0.982,0.7164826684655814,-3.012516600942408,0.7198219525231525
23,"([0.12, 0.1, 0.21, 0.31, 0.11, 0.15], [1])","([0.19, 0.21, 0.13, 0.09, 0.2, 0.17], [3])",-0.0,-0.982,-0.0,-0.0,-0.0,-0.0,-0.982,0.7163618580468182,-2.7468434096790344,0.7198570018333442
24,"([0.12, 0.09, 0.21, 0.32, 0.11, 0.15], [1])","([0.19, 0.22, 0.13, 0.09, 0.2, 0.17], [2])",-0.0,-0.982,-0.0,-0.0,-0.0,-0.0,-0.982,0.7163290193906128,-2.4811702184156608,0.7198592124873305
25,"([0.12, 0.09, 0.22, 0.32, 0.1, 0.15], [3])","([0.19, 0.22, 0.13, 0.09, 0.2, 0.16], [1])",-0.0,-0.0,-0.0,-0.7559999999999999,-0.0,-0.0,-0.7559999999999999,0.7163485208616521,-2.4414970271522876,0.7198809246123562
26,"([0.12, 0.09, 0.21, 0.32, 0.11, 0.15], [3])","([0.19, 0.22, 0.13, 0.09, 0.2, 0.17], [5])",-0.0,-0.0,-0.0,-0.7559999999999999,-0.0,-0.0,-0.7559999999999999,0.7163305328725389,-2.401823835888914,0.7198846487482686
27,"([0.12, 0.09, 0.21, 0.32, 0.11, 0.15], [3])","([0.19, 0.22, 0.13, 0.09, 0.2, 0.17], [1])",-0.0,-0.0,-0.0,-0.7559999999999999,-0.0,-0.0,-0.7559999999999999,0.7163296824778911,-2.3621506446255403,0.7198875224895332
28,"([0.12, 0.09, 0.21, 0.32, 0.11, 0.15], [3])","([0.19, 0.22, 0.13, 0.09, 0.2, 0.17], [1])",-0.0,-0.0,-0.0,-0.7559999999999999,-0.0,-0.0,-0.7559999999999999,0.716338302998913,-2.3224774533621666,0.7198990167518198
29,"([0.12, 0.1, 0.21, 0.31, 0.11, 0.15], [5])","([0.19, 0.21, 0.13, 0.09, 0.2, 0.17], [1])",-0.0,-0.0,-0.0,-0.0,-0.0,-0.8640000000000001,-0.8640000000000001,0.7163560509028314,-2.174804262098793,0.7199282589180247
30,"([0.12, 0.09, 0.21, 0.32, 0.11, 0.15], [2])","([0.19, 0.22, 0.13, 0.09, 0.2, 0.17], [0])",-0.0,-0.0,-0.8079999999999999,-0.0,-0.0,-0.0,-0.8079999999999999,0.7163405315975069,-2.083131070835419,0.7199419817789051
31,"([0.12, 0.1, 0.21, 0.32, 0.11, 0.15], [5])","([0.19, 0.21, 0.13, 0.09, 0.2, 0.17], [1])",-0.0,-0.0,-0.0,-0.0,-0.0,-0.8640000000000001,-0.8640000000000001,0.7163488924159364,-1.9354578795720454,0.719964065458215
32,"([0.12, 0.09, 0.21, 0.32, 0.11, 0.15], [5])","([0.19, 0.22, 0.13, 0.09, 0.2, 0.17], [4])",-0.0,-0.0,-0.0,-0.0,-0.0,-0.8640000000000001,-0.8640000000000001,0.7163385710111683,-1.7877846883086717,0.7199758277327568
33,"([0.12, 0.09, 0.21, 0.32, 0.11, 0.15], [0])","([0.19, 0.22, 0.13, 0.09, 0.2, 0.17], [3])",-0.919,-0.0,-0.0,-0.0,-0.0,-0.0,-0.919,0.7163357766511622,-1.5851114970452982,0.7199847956472926
34,"([0.12, 0.09, 0.21, 0.32, 0.11, 0.15], [5])","([0.19, 0.22, 0.13, 0.09, 0.2, 0.17], [0])",-0.0,-0.0,-0.0,-0.0,-0.0,-0.8640000000000001,-0.8640000000000001,0.7163286034906153,-1.4374383057819244,0.7199865904012814
35,"([0.12, 0.09, 0.21, 0.32, 0.11, 0.15], [1])","([0.19, 0.22, 0.13, 0.09, 0.2, 0.17], [1])",-0.0,-0.0,-0.0,-0.0,-0.0,-0.0,0.0,0.7163282192208846,-2.153765114518551,0.7199880008855396
36,"([0.12, 0.09, 0.21, 0.32, 0.1, 0.15], [4])","([0.19, 0.22, 0.13, 0.09, 0.2, 0.16], [3])",-0.0,-0.0,-0.0,-0.0,-0.9440000000000001,-0.0,-0.9440000000000001,0.7163362724893725,-1.9260919232551774,0.7199974646382856
37,"([0.12, 0.09, 0.22, 0.32, 0.1, 0.15], [5])","([0.19, 0.22, 0.13, 0.09, 0.2, 0.16], [0])",-0.0,-0.0,-0.0,-0.0,-0.0,-0.8640000000000001,-0.8640000000000001,0.7163548917633504,-1.778418731991804,0.7200255476650096
38,"([0.12, 0.09, 0.22, 0.32, 0.1, 0.15], [3])","([0.19, 0.22, 0.13, 0.09, 0.2, 0.16], [0])",-0.0,-0.0,-0.0,-0.7559999999999999,-0.0,-0.0,-0.7559999999999999,0.7163605041708117,-1.7387455407284305,0.7200592430991948
39,"([0.12, 0.09, 0.21, 0.32, 0.1, 0.15], [5])","([0.19, 0.22, 0.13, 0.09, 0.2, 0.16], [0])",-0.0,-0.0,-0.0,-0.0,-0.0,-0.8640000000000001,-0.8640000000000001,0.7163398027673864,-1.591072349465057,0.7200722371299547
40,"([0.12, 0.09, 0.22, 0.32, 0.1, 0.15], [2])","([0.19, 0.22, 0.13, 0.09, 0.2, 0.16], [1])",-0.0,-0.0,-0.8079999999999999,-0.0,-0.0,-0.0,-0.8079999999999999,0.7163445886649135,-1.4993991582016835,0.7200900170582417
41,"([0.12, 0.09, 0.21, 0.32, 0.11, 0.15], [4])","([0.19, 0.22, 0.13, 0.09, 0.2, 0.16], [2])",-0.0,-0.0,-0.0,-0.0,-0.9440000000000001,-0.0,-0.9440000000000001,0.7163285600801477,-1.2717259669383099,0.7200917684017629
42,"([0.12, 0.09, 0.21, 0.32, 0.1, 0.15], [2])","([0.19, 0.22, 0.13, 0.09, 0.2, 0.16], [1])",-0.0,-0.0,-0.8079999999999999,-0.0,-0.0,-0.0,-0.8079999999999999,0.7163415034555334,-1.1800527756749364,0.7201064631206698
43,"([0.12, 0.09, 0.21, 0.32, 0.11, 0.15], [2])","([0.19, 0.22, 0.13, 0.09, 0.2, 0.16], [2])",-0.0,-0.0,-0.0,-0.0,-0.0,-0.0,0.0,0.716327018548138,-1.8963795844115627,0.7201066729321813
44,"([0.12, 0.09, 0.21, 0.31, 0.11, 0.15], [5])","([0.19, 0.22, 0.13, 0.09, 0.2, 0.17], [2])",-0.0,-0.0,-0.0,-0.0,-0.0,-0.8640000000000001,-0.8640000000000001,0.7163361816471621,-1.748706393148189,0.7201160458427169
45,"([0.12, 0.09, 0.21, 0.31, 0.11, 0.15], [3])","([0.19, 0.22, 0.13, 0.09, 0.2, 0.17], [0])",-0.0,-0.0,-0.0,-0.7559999999999999,-0.0,-0.0,-0.7559999999999999,0.7163332124064232,-1.7090332018848156,0.7201224495125137
46,"([0.12, 0.09, 0.21, 0.31, 0.11, 0.15], [2])","([0.19, 0.22, 0.13, 0.09, 0.2, 0.17], [0])",-0.0,-0.0,-0.8079999999999999,-0.0,-0.0,-0.0,-0.8079999999999999,0.7163414393202847,-1.617360010621442,0.7201370800961719
47,"([0.12, 0.09, 0.21, 0.32, 0.11, 0.15], [1])","([0.19, 0.22, 0.13, 0.09, 0.2, 0.17], [2])",-0.0,-0.982,-0.0,-0.0,-0.0,-0.0,-0.982,0.7163270768524286,-1.3516868193580684,0.7201373482119741
48,"([0.12, 0.09, 0.21, 0.31, 0.11, 0.15], [4])","([0.19, 0.22, 0.13, 0.09, 0.2, 0.17], [0])",-0.0,-0.0,-0.0,-0.0,-0.9440000000000001,-0.0,-0.9440000000000001,0.7163361105788264,-1.1240136280946948,0.720146650054174
49,"([0.12, 0.09, 0.21, 0.32, 0.11, 0.15], [2])","([0.19, 0.22, 0.13, 0.09, 0.2, 0.16], [2])",-0.0,-0.0,-0.0,-0.0,-0.0,-0.0,0.0,0.7163270143054745,-1.8403404368313212,0.720146855623022
50,"([0.12, 0.09, 0.21, 0.32, 0.11, 0.15], [2])","([0.19, 0.22, 0.13, 0.09, 0.2, 0.16], [5])",-0.0,-0.0,-0.8079999999999999,-0.0,-0.0,-0.0,-0.8079999999999999,0.71632971267277,-1.7486672455679477,0.7201497595591656
51,"([0.12, 0.09, 0.21, 0.32, 0.11, 0.15], [2])","([0.19, 0.22, 0.13, 0.09, 0.2, 0.16], [1])",-0.0,-0.0,-0.8079999999999999,-0.0,-0.0,-0.0,-0.8079999999999999,0.7163305090972042,-1.6569940543045742,0.7201534599197433
52,"([0.12, 0.09, 0.22, 0.32, 0.1, 0.15], [1])","([0.19, 0.22, 0.13, 0.09, 0.2, 0.16], [0])",-0.0,-0.982,-0.0,-0.0,-0.0,-0.0,-0.982,0.7163358355087115,-1.3913208630412006,0.7201624866918284
53,"([0.12, 0.09, 0.21, 0.32, 0.11, 0.15], [5])","([0.19, 0.22, 0.13, 0.09, 0.2, 0.17], [5])",-0.0,-0.0,-0.0,-0.0,-0.0,-0.0,0.0,0.7163289844675145,-2.107647671777827,0.7201646624227164
54,"([0.12, 0.09, 0.21, 0.32, 0.11, 0.15], [1])","([0.19, 0.22, 0.13, 0.09, 0.2, 0.16], [5])",-0.0,-0.982,-0.0,-0.0,-0.0,-0.0,-0.982,0.7163277138353582,-1.8419744805144536,0.7201655675214481
55,"([0.12, 0.09, 0.22, 0.32, 0.11, 0.15], [1])","([0.19, 0.22, 0.13, 0.09, 0.2, 0.16], [0])",-0.0,-0.982,-0.0,-0.0,-0.0,-0.0,-0.982,0.7163296889897738,-1.57630128925108,0.7201684477745954
56,"([0.12, 0.09, 0.22, 0.32, 0.1, 0.15], [3])","([0.19, 0.22, 0.13, 0.09, 0.2, 0.16], [1])",-0.0,-0.0,-0.0,-0.7559999999999999,-0.0,-0.0,-0.7559999999999999,0.7163436735477663,-1.5366280979877065,0.7201853125857353
57,"([0.12, 0.09, 0.22, 0.32, 0.1, 0.15], [5])","([0.19, 0.22, 0.13, 0.09, 0.2, 0.16], [1])",-0.0,-0.0,-0.0,-0.0,-0.0,-0.8640000000000001,-0.8640000000000001,0.7163711106970342,-1.388954906724333,0.720229614546143
58,"([0.12, 0.09, 0.22, 0.32, 0.1, 0.15], [2])","([0.19, 0.22, 0.13, 0.09, 0.2, 0.16], [5])",-0.0,-0.0,-0.8079999999999999,-0.0,-0.0,-0.0,-0.8079999999999999,0.7163356427383485,-1.2972817154609595,0.720238448547865
59,"([0.12, 0.09, 0.22, 0.32, 0.11, 0.15], [2])","([0.19, 0.22, 0.13, 0.09, 0.2, 0.16], [2])",-0.0,-0.0,-0.0,-0.0,-0.0,-0.0,0.0,0.716330152462033,-2.013608524197586,0.7202417922732716
60,"([0.12, 0.09, 0.21, 0.32, 0.11, 0.15], [2])","([0.19, 0.22, 0.13, 0.09, 0.2, 0.16], [5])",-0.0,-0.0,-0.8079999999999999,-0.0,-0.0,-0.0,-0.8079999999999999,0.7163280049706205,-1.9219353329342124,0.7202429885072656
61,"([0.12, 0.09, 0.22, 0.32, 0.11, 0.15], [3])","([0.19, 0.22, 0.13, 0.09, 0.2, 0.16], [2])",-0.0,-0.0,-0.0,-0.7559999999999999,-0.0,-0.0,-0.7559999999999999,0.716328174688964,-1.882262141670839,0.7202443544596032
62,"([0.12, 0.09, 0.21, 0.32, 0.11, 0.15], [2])","([0.19, 0.22, 0.13, 0.09, 0.2, 0.16], [2])",-0.0,-0.0,-0.0,-0.0,-0.0,-0.0,0.0,0.7163278338622184,-2.5985889504074655,0.7202453795851952
63,"([0.12, 0.09, 0.21, 0.31, 0.11, 0.15], [2])","([0.19, 0.22, 0.13, 0.09, 0.2, 0.16], [4])",-0.0,-0.0,-0.8079999999999999,-0.0,-0.0,-0.0,-0.8079999999999999,0.7163294781533711,-2.506915759144092,0.7202480490019398
64,"([0.12, 0.09, 0.21, 0.31, 0.11, 0.15], [2])","([0.19, 0.22, 0.13, 0.09, 0.2, 0.16], [0])",-0.0,-0.0,-0.8079999999999999,-0.0,-0.0,-0.0,-0.8079999999999999,0.7163305172321947,-2.4152425678807186,0.720251757497508
65,"([0.12, 0.09, 0.21, 0.31, 0.11, 0.15], [5])","([0.19, 0.22, 0.13, 0.09, 0.2, 0.16], [1])",-0.0,-0.0,-0.0,-0.0,-0.0,-0.8640000000000001,-0.8640000000000001,0.7163296715541528,-2.267569376617345,0.7202546203150344
66,"([0.12, 0.09, 0.21, 0.32, 0.11, 0.15], [5])","([0.19, 0.22, 0.13, 0.09, 0.2, 0.16], [2])",-0.0,-0.0,-0.0,-0.0,-0.0,-0.8640000000000001,-0.8640000000000001,0.7163290844010917,-2.119896185353971,0.7202568959794996
67,"([0.12, 0.09, 0.21, 0.32, 0.11, 0.15], [2])","([0.19, 0.22, 0.13, 0.09, 0.2, 0.16], [1])",-0.0,-0.0,-0.8079999999999999,-0.0,-0.0,-0.0,-0.8079999999999999,0.7163283390836077,-2.028222994090598,0.7202584263264808
68,"([0.12, 0.09, 0.21, 0.32, 0.11, 0.15], [0])","([0.19, 0.22, 0.13, 0.09, 0.2, 0.16], [0])",-0.0,-0.0,-0.0,-0.0,-0.0,-0.0,0.0,0.7163285632780096,-2.7445498028272244,0.720260180867864
69,"([0.12, 0.09, 0.21, 0.32, 0.11, 0.15], [1])","([0.19, 0.22, 0.13, 0.09, 0.2, 0.16], [1])",-0.0,-0.0,-0.0,-0.0,-0.0,-0.0,0.0,0.7163273420040701,-3.460876611563851,0.7202607141353077
70,"([0.12, 0.09, 0.21, 0.32, 0.11, 0.15], [3])","([0.19, 0.22, 0.13, 0.09, 0.2, 0.16], [0])",-0.0,-0.0,-0.0,-0.7559999999999999,-0.0,-0.0,-0.7559999999999999,0.7163279515249453,-3.4212034203004773,0.7202618569236265
71,"([0.12, 0.09, 0.21, 0.32, 0.11, 0.15], [3])","([0.19, 0.22, 0.13, 0.09, 0.2, 0.16], [0])",-0.0,-0.0,-0.0,-0.7559999999999999,-0.0,-0.0,-0.7559999999999999,0.7163277442457539,-3.3815302290371037,0.7202627924327539
72,"([0.12, 0.09, 0.21, 0.32, 0.11, 0.15], [2])","([0.19, 0.22, 0.13, 0.09, 0.2, 0.16], [4])",-0.0,-0.0,-0.8079999999999999,-0.0,-0.0,-0.0,-0.8079999999999999,0.7163289821376734,-3.2898570377737304,0.7202649658338008
73,"([0.12, 0.09, 0.21, 0.31, 0.11, 0.15], [5])","([0.19, 0.22, 0.13, 0.09, 0.2, 0.17], [4])",-0.0,-0.0,-0.0,-0.0,-0.0,-0.8640000000000001,-0.8640000000000001,0.7163308181506987,-3.1421838465103566,0.720268975247873
74,"([0.12, 0.09, 0.21, 0.31, 0.11, 0.15], [0])","([0.19, 0.22, 0.13, 0.09, 0.2, 0.16], [2])",-0.919,-0.0,-0.0,-0.0,-0.0,-0.0,-0.919,0.7163304115894354,-2.939510655246983,0.720272578100682
75,"([0.12, 0.09, 0.21, 0.32, 0.11, 0.15], [3])","([0.19, 0.22, 0.13, 0.09, 0.2, 0.16], [4])",-0.0,-0.0,-0.0,-0.7559999999999999,-0.0,-0.0,-0.7559999999999999,0.7163280263704402,-2.8998374639836095,0.7202737957344958
76,"([0.12, 0.09, 0.21, 0.32, 0.11, 0.15], [3])","([0.19, 0.22, 0.13, 0.09, 0.2, 0.16], [4])",-0.0,-0.0,-0.0,-0.7559999999999999,-0.0,-0.0,-0.7559999999999999,0.7163291252097862,-2.860164272720236,0.7202761122076555
77,"([0.12, 0.09, 0.21, 0.31, 0.11, 0.15], [2])","([0.19, 0.22, 0.13, 0.09, 0.2, 0.17], [5])",-0.0,-0.0,-0.8079999999999999,-0.0,-0.0,-0.0,-0.8079999999999999,0.7163328968751694,-2.7684910814568626,0.7202822003461985
78,"([0.12, 0.09, 0.21, 0.31, 0.11, 0.15], [4])","([0.19, 0.22, 0.13, 0.09, 0.2, 0.17], [0])",-0.0,-0.0,-0.0,-0.0,-0.9440000000000001,-0.0,-0.9440000000000001,0.7163338391645384,-2.5408178901934892,0.7202892307741104
79,"([0.12, 0.09, 0.21, 0.31, 0.11, 0.15], [3])","([0.19, 0.22, 0.13, 0.09, 0.2, 0.16], [2])",-0.0,-0.0,-0.0,-0.7559999999999999,-0.0,-0.0,-0.7559999999999999,0.7163304087243614,-2.5011446989301156,0.7202928307618454
80,"([0.12, 0.09, 0.21, 0.32, 0.11, 0.15], [3])","([0.19, 0.22, 0.13, 0.09, 0.2, 0.16], [0])",-0.0,-0.0,-0.0,-0.7559999999999999,-0.0,-0.0,-0.7559999999999999,0.7163284407517931,-2.461471507666742,0.720294462777012
81,"([0.12, 0.09, 0.21, 0.31, 0.11, 0.15], [2])","([0.19, 0.22, 0.13, 0.09, 0.2, 0.17], [4])",-0.0,-0.0,-0.8079999999999999,-0.0,-0.0,-0.0,-0.8079999999999999,0.7163384119977689,-2.3697983164033687,0.7203060660381545
82,"([0.12, 0.09, 0.21, 0.31, 0.11, 0.15], [5])","([0.19, 0.22, 0.13, 0.09, 0.2, 0.17], [3])",-0.0,-0.0,-0.0,-0.0,-0.0,-0.8640000000000001,-0.8640000000000001,0.7163425979121494,-2.222125125139995,0.7203218552136774
83,"([0.12, 0.09, 0.21, 0.31, 0.11, 0.15], [3])","([0.19, 0.22, 0.13, 0.09, 0.2, 0.16], [5])",-0.0,-0.0,-0.0,-0.7559999999999999,-0.0,-0.0,-0.7559999999999999,0.7163393430289792,-2.1824519338766217,0.7203343895060301
84,"([0.12, 0.09, 0.21, 0.31, 0.11, 0.15], [5])","([0.19, 0.22, 0.13, 0.09, 0.2, 0.17], [0])",-0.0,-0.0,-0.0,-0.0,-0.0,-0.8640000000000001,-0.8640000000000001,0.7163441278676094,-2.034778742613248,0.720351708637013
85,"([0.12, 0.09, 0.21, 0.31, 0.11, 0.15], [5])","([0.19, 0.22, 0.13, 0.09, 0.2, 0.17], [2])",-0.0,-0.0,-0.0,-0.0,-0.0,-0.8640000000000001,-0.8640000000000001,0.7163391008031299,-1.8871055513498742,0.7203640007035165
86,"([0.12, 0.09, 0.21, 0.31, 0.11, 0.15], [4])","([0.19, 0.22, 0.13, 0.09, 0.2, 0.17], [5])",-0.0,-0.0,-0.0,-0.0,-0.9440000000000001,-0.0,-0.9440000000000001,0.7163399786498506,-1.6594323600865006,0.7203771706167406
87,"([0.12, 0.09, 0.21, 0.31, 0.11, 0.15], [2])","([0.19, 0.22, 0.13, 0.09, 0.2, 0.17], [5])",-0.0,-0.0,-0.8079999999999999,-0.0,-0.0,-0.0,-0.8079999999999999,0.7163360919696442,-1.5677591688231272,0.7203864538497583
88,"([0.12, 0.09, 0.21, 0.31, 0.11, 0.15], [3])","([0.19, 0.22, 0.13, 0.09, 0.2, 0.17], [1])",-0.0,-0.0,-0.0,-0.7559999999999999,-0.0,-0.0,-0.7559999999999999,0.7163365239764361,-1.5280859775597537,0.7203961690895679
89,"([0.12, 0.09, 0.21, 0.31, 0.11, 0.15], [4])","([0.19, 0.22, 0.13, 0.09, 0.2, 0.17], [4])",-0.0,-0.0,-0.0,-0.0,-0.0,-0.0,0.0,0.716340567504116,-2.24441278629638,0.7204099278570575
90,"([0.12, 0.09, 0.21, 0.31, 0.11, 0.15], [5])","([0.19, 0.22, 0.13, 0.09, 0.2, 0.17], [4])",-0.0,-0.0,-0.0,-0.0,-0.0,-0.8640000000000001,-0.8640000000000001,0.7163357216893815,-2.0967395950330063,0.7204188408098126
91,"([0.12, 0.09, 0.21, 0.31, 0.11, 0.15], [1])","([0.19, 0.22, 0.13, 0.09, 0.2, 0.17], [3])",-0.0,-0.982,-0.0,-0.0,-0.0,-0.0,-0.982,0.7163350701264646,-1.8310664037696327,0.7204271021996507
92,"([0.12, 0.09, 0.21, 0.31, 0.11, 0.15], [2])","([0.19, 0.22, 0.13, 0.09, 0.2, 0.17], [1])",-0.0,-0.0,-0.8079999999999999,-0.0,-0.0,-0.0,-0.8079999999999999,0.7163314529612634,-1.7393932125062592,0.7204317464242876
93,"([0.12, 0.09, 0.21, 0.31, 0.11, 0.15], [5])","([0.19, 0.22, 0.13, 0.09, 0.2, 0.16], [4])",-0.0,-0.0,-0.0,-0.0,-0.0,-0.8640000000000001,-0.8640000000000001,0.7163326317045462,-1.5917200212428857,0.7204375693922074
94,"([0.12, 0.09, 0.21, 0.31, 0.11, 0.15], [5])","([0.19, 0.22, 0.13, 0.09, 0.2, 0.17], [0])",-0.0,-0.0,-0.0,-0.0,-0.0,-0.8640000000000001,-0.8640000000000001,0.7163349105106604,-1.444046829979512,0.7204456711662414
95,"([0.12, 0.09, 0.21, 0.31, 0.11, 0.15], [0])","([0.19, 0.22, 0.13, 0.09, 0.2, 0.16], [2])",-0.919,-0.0,-0.0,-0.0,-0.0,-0.0,-0.919,0.7163312353058359,-1.2413736387161385,0.7204500977354508
96,"([0.12, 0.09, 0.21, 0.32, 0.11, 0.15], [5])","([0.19, 0.22, 0.13, 0.09, 0.2, 0.16], [0])",-0.0,-0.0,-0.0,-0.0,-0.0,-0.8640000000000001,-0.8640000000000001,0.7163288258798071,-1.0937004474527647,0.7204521148786314
97,"([0.12, 0.09, 0.21, 0.32, 0.11, 0.15], [5])","([0.19, 0.22, 0.13, 0.09, 0.2, 0.16], [0])",-0.0,-0.0,-0.0,-0.0,-0.0,-0.8640000000000001,-0.8640000000000001,0.7163284908339833,-0.9460272561893911,0.7204537969759882
98,"([0.12, 0.09, 0.21, 0.32, 0.11, 0.15], [3])","([0.19, 0.22, 0.13, 0.09, 0.2, 0.16], [0])",-0.0,-0.0,-0.0,-0.7559999999999999,-0.0,-0.0,-0.7559999999999999,0.7163292635950593,-0.9063540649260177,0.7204562518344211
99,"([0.12, 0.09, 0.21, 0.31, 0.11, 0.15], [1])","([0.19, 0.22, 0.13, 0.09, 0.2, 0.17], [5])",-0.0,-0.982,-0.0,-0.0,-0.0,-0.0,-0.982,0.7163300250360455,-0.6406808736626441,0.7204594681338401
