,suqr-1,FB-0,feedback target 0,feedback target 1,feedback target 2,feedback target 3,feedback target 4,feedback target 5,total,exp_loss,actual_regret,exp_regret
0,"([0.0, 0.21, 0.2, 0.19, 0.21, 0.2], [2])","([1, 0, 0, 0, 0, 0], [0])",-0.0,-0.0,-0.8079999999999999,-0.0,-0.0,-0.0,-0.8079999999999999,0.8732022984127304,0.09167319468154711,0.15687549309427762
1,"([0.2, 0.21, 0.2, 0.19, 0.0, 0.2], [2])","([0, 0, 0, 0, 1, 0], [4])",-0.0,-0.0,-0.8079999999999999,-0.0,-0.0,-0.0,-0.8079999999999999,0.8679867135264955,0.18334638936309422,0.30853540130232027
2,"([0.2, 0.21, 0.2, 0.19, 0.0, 0.2], [5])","([0, 0, 0, 0, 1, 0], [4])",-0.0,-0.0,-0.0,-0.0,-0.0,-0.8640000000000001,-0.8640000000000001,0.8679867135264955,0.3310195840446415,0.4601953095103629
3,"([0.2, 0.0, 0.2, 0.19, 0.21, 0.2], [3])","([0, 1, 0, 0, 0, 0], [1])",-0.0,-0.0,-0.0,-0.7559999999999999,-0.0,-0.0,-0.7559999999999999,0.8598507396141911,0.37069277872618855,0.6037192438061012
4,"([0.2, 0.21, 0.19, 0.0, 0.2, 0.2], [4])","([0, 0, 0, 1, 0, 0], [3])",-0.0,-0.0,-0.0,-0.0,-0.9440000000000001,-0.0,-0.9440000000000001,0.9046826115408076,0.5983659734077358,0.792075050028456
5,"([0.12, 0.1, 0.21, 0.31, 0.11, 0.15], [1])","([0.19, 0.21, 0.13, 0.1, 0.2, 0.17], [4])",-0.0,-0.982,-0.0,-0.0,-0.0,-0.0,-0.982,0.7164318044024522,0.8640391680892829,0.7921800491124554
6,"([0.11, 0.08, 0.22, 0.33, 0.1, 0.15], [0])","([0.19, 0.22, 0.13, 0.09, 0.21, 0.16], [0])",-0.0,-0.0,-0.0,-0.0,-0.0,-0.0,0.0,0.7164967941104596,0.1477123627708301,0.7923500379044622
7,"([0.11, 0.08, 0.22, 0.33, 0.1, 0.15], [2])","([0.19, 0.22, 0.13, 0.09, 0.21, 0.16], [0])",-0.0,-0.0,-0.8079999999999999,-0.0,-0.0,-0.0,-0.8079999999999999,0.7164923070546666,0.23938555745237722,0.792515539640676
8,"([0.11, 0.08, 0.22, 0.33, 0.1, 0.15], [4])","([0.19, 0.22, 0.13, 0.09, 0.21, 0.16], [3])",-0.0,-0.0,-0.0,-0.0,-0.9440000000000001,-0.0,-0.9440000000000001,0.7164872133143494,0.46705875213392445,0.7926759476365726
9,"([0.11, 0.08, 0.22, 0.34, 0.09, 0.15], [3])","([0.2, 0.23, 0.12, 0.08, 0.21, 0.16], [5])",-0.0,-0.0,-0.0,-0.7559999999999999,-0.0,-0.0,-0.7559999999999999,0.7169422342037288,0.5067319468154715,0.7932913765218486
10,"([0.11, 0.08, 0.22, 0.33, 0.1, 0.15], [0])","([0.19, 0.22, 0.13, 0.09, 0.21, 0.16], [1])",-0.919,-0.0,-0.0,-0.0,-0.0,-0.0,-0.919,0.7164883219806852,0.7094051414970187,0.793452893184081
11,"([0.11, 0.08, 0.22, 0.33, 0.1, 0.15], [2])","([0.19, 0.22, 0.13, 0.09, 0.21, 0.16], [3])",-0.0,-0.0,-0.8079999999999999,-0.0,-0.0,-0.0,-0.8079999999999999,0.7164886433732357,0.8010783361785658,0.7936147312388638
12,"([0.11, 0.08, 0.22, 0.33, 0.1, 0.15], [5])","([0.19, 0.22, 0.13, 0.09, 0.21, 0.16], [0])",-0.0,-0.0,-0.0,-0.0,-0.0,-0.8640000000000001,-0.8640000000000001,0.7164868285174403,0.9487515308601131,0.7937747544378513
13,"([0.11, 0.08, 0.22, 0.33, 0.1, 0.15], [1])","([0.19, 0.22, 0.13, 0.09, 0.21, 0.16], [3])",-0.0,-0.982,-0.0,-0.0,-0.0,-0.0,-0.982,0.7164906825636098,1.2144247255416603,0.7939386316830083
14,"([0.11, 0.08, 0.23, 0.35, 0.09, 0.15], [0])","([0.2, 0.23, 0.12, 0.08, 0.21, 0.16], [0])",-0.0,-0.0,-0.0,-0.0,-0.0,-0.0,0.0,0.7171811313605729,0.4980979202232074,0.7947929577251284
15,"([0.1, 0.07, 0.23, 0.36, 0.09, 0.15], [3])","([0.2, 0.23, 0.12, 0.08, 0.21, 0.16], [0])",-0.0,-0.0,-0.0,-0.7559999999999999,-0.0,-0.0,-0.7559999999999999,0.7176385240627429,0.5377711149047545,0.7961046764694184
16,"([0.11, 0.08, 0.22, 0.33, 0.1, 0.15], [2])","([0.19, 0.23, 0.12, 0.08, 0.21, 0.16], [3])",-0.0,-0.0,-0.8079999999999999,-0.0,-0.0,-0.0,-0.8079999999999999,0.7166471752859802,0.6294443095863016,0.7964250464369458
17,"([0.11, 0.08, 0.22, 0.33, 0.1, 0.15], [2])","([0.19, 0.22, 0.13, 0.09, 0.21, 0.16], [5])",-0.0,-0.0,-0.8079999999999999,-0.0,-0.0,-0.0,-0.8079999999999999,0.7164763178185273,0.7211175042678487,0.7965745589370202
18,"([0.11, 0.08, 0.22, 0.33, 0.1, 0.15], [5])","([0.19, 0.22, 0.13, 0.09, 0.21, 0.16], [4])",-0.0,-0.0,-0.0,-0.0,-0.0,-0.8640000000000001,-0.8640000000000001,0.7164809957318704,0.868790698949396,0.7967287493504378
19,"([0.11, 0.08, 0.22, 0.33, 0.1, 0.15], [3])","([0.19, 0.22, 0.13, 0.09, 0.21, 0.16], [2])",-0.0,-0.0,-0.0,-0.7559999999999999,-0.0,-0.0,-0.7559999999999999,0.7164847171426599,0.908463893630943,0.7968866611746449
20,"([0.11, 0.09, 0.22, 0.33, 0.1, 0.15], [3])","([0.19, 0.22, 0.13, 0.09, 0.21, 0.16], [0])",-0.0,-0.0,-0.0,-0.7559999999999999,-0.0,-0.0,-0.7559999999999999,0.71642452930324,0.9481370883124901,0.796984385159432
21,"([0.12, 0.09, 0.22, 0.32, 0.1, 0.15], [2])","([0.19, 0.22, 0.13, 0.09, 0.2, 0.16], [0])",-0.0,-0.0,-0.8079999999999999,-0.0,-0.0,-0.0,-0.8079999999999999,0.716341117367891,1.0398102829940372,0.7969986972088702
22,"([0.12, 0.09, 0.22, 0.32, 0.1, 0.15], [4])","([0.19, 0.22, 0.13, 0.09, 0.2, 0.16], [0])",-0.0,-0.0,-0.0,-0.0,-0.9440000000000001,-0.0,-0.9440000000000001,0.7163335586816254,1.2674834776755843,0.7970054505720428
23,"([0.12, 0.09, 0.22, 0.32, 0.1, 0.15], [2])","([0.19, 0.22, 0.13, 0.09, 0.2, 0.16], [2])",-0.0,-0.0,-0.0,-0.0,-0.0,-0.0,0.0,0.7163642440411911,0.5511566723571315,0.7970428892947811
24,"([0.12, 0.09, 0.22, 0.32, 0.1, 0.15], [2])","([0.19, 0.22, 0.13, 0.09, 0.2, 0.16], [5])",-0.0,-0.0,-0.8079999999999999,-0.0,-0.0,-0.0,-0.8079999999999999,0.716343352069714,0.6428298670386786,0.7970594360460422
25,"([0.12, 0.09, 0.22, 0.32, 0.1, 0.15], [0])","([0.19, 0.22, 0.13, 0.09, 0.2, 0.16], [1])",-0.919,-0.0,-0.0,-0.0,-0.0,-0.0,-0.919,0.7163385204445399,0.8455030617202258,0.7970711511721293
26,"([0.12, 0.09, 0.22, 0.32, 0.1, 0.15], [2])","([0.19, 0.22, 0.13, 0.09, 0.2, 0.16], [0])",-0.0,-0.0,-0.8079999999999999,-0.0,-0.0,-0.0,-0.8079999999999999,0.7163571657158535,0.9371762564017729,0.79710151156953
27,"([0.12, 0.09, 0.22, 0.32, 0.1, 0.15], [2])","([0.19, 0.22, 0.13, 0.09, 0.2, 0.16], [4])",-0.0,-0.0,-0.8079999999999999,-0.0,-0.0,-0.0,-0.8079999999999999,0.7163470314267286,1.0288494510833202,0.7971217376778058
28,"([0.12, 0.09, 0.22, 0.32, 0.1, 0.15], [2])","([0.19, 0.22, 0.13, 0.09, 0.2, 0.16], [1])",-0.0,-0.0,-0.8079999999999999,-0.0,-0.0,-0.0,-0.8079999999999999,0.7163373819329872,1.1205226457648672,0.7971323142923402
29,"([0.12, 0.09, 0.22, 0.32, 0.1, 0.15], [4])","([0.19, 0.22, 0.13, 0.09, 0.2, 0.16], [4])",-0.0,-0.0,-0.0,-0.0,-0.0,-0.0,0.0,0.7163323111244027,0.4041958404464143,0.79713782009829
30,"([0.12, 0.09, 0.22, 0.32, 0.1, 0.15], [4])","([0.19, 0.22, 0.13, 0.09, 0.2, 0.16], [1])",-0.0,-0.0,-0.0,-0.0,-0.9440000000000001,-0.0,-0.9440000000000001,0.7163452867966256,0.6318690351279616,0.7971563015764628
31,"([0.12, 0.09, 0.22, 0.32, 0.1, 0.15], [2])","([0.19, 0.22, 0.13, 0.09, 0.21, 0.16], [4])",-0.0,-0.0,-0.8079999999999999,-0.0,-0.0,-0.0,-0.8079999999999999,0.7163857692749864,0.7235422298095087,0.7972152655329964
32,"([0.12, 0.09, 0.22, 0.32, 0.1, 0.15], [3])","([0.19, 0.22, 0.13, 0.09, 0.2, 0.16], [3])",-0.0,-0.0,-0.0,-0.0,-0.0,-0.0,0.0,0.7163605086821853,0.007215424491055833,0.7972489688967288
33,"([0.12, 0.09, 0.22, 0.32, 0.1, 0.15], [3])","([0.19, 0.22, 0.13, 0.09, 0.2, 0.16], [4])",-0.0,-0.0,-0.0,-0.7559999999999999,-0.0,-0.0,-0.7559999999999999,0.716335935035417,0.0468886191726029,0.797258098613693
34,"([0.12, 0.09, 0.21, 0.32, 0.11, 0.15], [3])","([0.19, 0.22, 0.13, 0.09, 0.2, 0.16], [0])",-0.0,-0.0,-0.0,-0.7559999999999999,-0.0,-0.0,-0.7559999999999999,0.716327971679528,0.08656181385414996,0.7972592649747682
35,"([0.12, 0.09, 0.21, 0.32, 0.11, 0.15], [3])","([0.19, 0.22, 0.13, 0.09, 0.2, 0.16], [5])",-0.0,-0.0,-0.0,-0.7559999999999999,-0.0,-0.0,-0.7559999999999999,0.7163293790831289,0.12623500853569702,0.7972618387394442
36,"([0.12, 0.09, 0.21, 0.31, 0.11, 0.15], [4])","([0.19, 0.22, 0.13, 0.09, 0.2, 0.17], [0])",-0.0,-0.0,-0.0,-0.0,-0.9440000000000001,-0.0,-0.9440000000000001,0.7163366454367935,0.35390820321724425,0.7972716788577849
37,"([0.12, 0.09, 0.21, 0.31, 0.11, 0.15], [0])","([0.19, 0.22, 0.13, 0.09, 0.2, 0.17], [5])",-0.919,-0.0,-0.0,-0.0,-0.0,-0.0,-0.919,0.7163304775062443,0.5565813978987915,0.7972753510455765
38,"([0.12, 0.09, 0.21, 0.32, 0.11, 0.15], [0])","([0.19, 0.22, 0.13, 0.09, 0.2, 0.16], [2])",-0.919,-0.0,-0.0,-0.0,-0.0,-0.0,-0.919,0.7163277605060231,0.7592545925803387,0.7972763062331467
39,"([0.12, 0.09, 0.22, 0.32, 0.11, 0.15], [1])","([0.19, 0.22, 0.13, 0.09, 0.2, 0.16], [1])",-0.0,-0.0,-0.0,-0.0,-0.0,-0.0,0.0,0.7163287521484634,0.04292778726188584,0.7972782530631572
40,"([0.12, 0.09, 0.22, 0.32, 0.1, 0.15], [3])","([0.19, 0.22, 0.13, 0.09, 0.2, 0.16], [1])",-0.0,-0.0,-0.0,-0.7559999999999999,-0.0,-0.0,-0.7559999999999999,0.7163427342310265,0.0826009819434329,0.7972941819757309
41,"([0.12, 0.09, 0.22, 0.32, 0.11, 0.15], [2])","([0.19, 0.22, 0.13, 0.09, 0.2, 0.16], [1])",-0.0,-0.0,-0.8079999999999999,-0.0,-0.0,-0.0,-0.8079999999999999,0.7163294409602283,0.17427417662498002,0.7972968176175064
42,"([0.12, 0.09, 0.22, 0.32, 0.11, 0.15], [0])","([0.19, 0.22, 0.13, 0.09, 0.2, 0.16], [3])",-0.919,-0.0,-0.0,-0.0,-0.0,-0.0,-0.919,0.7163290148393915,0.3769473713065272,0.797299027138445
43,"([0.12, 0.09, 0.22, 0.32, 0.11, 0.15], [1])","([0.19, 0.22, 0.13, 0.09, 0.2, 0.16], [3])",-0.0,-0.982,-0.0,-0.0,-0.0,-0.0,-0.982,0.7163332156441345,0.6426205659880744,0.7973054374641267
44,"([0.12, 0.09, 0.22, 0.32, 0.1, 0.15], [5])","([0.19, 0.22, 0.13, 0.09, 0.2, 0.16], [0])",-0.0,-0.0,-0.0,-0.0,-0.0,-0.8640000000000001,-0.8640000000000001,0.7163457529105139,0.7902937606696216,0.7973243850561879
45,"([0.12, 0.09, 0.22, 0.32, 0.1, 0.15], [3])","([0.19, 0.22, 0.13, 0.09, 0.2, 0.16], [3])",-0.0,-0.0,-0.0,-0.0,-0.0,-0.0,0.0,0.7163558307202209,0.07396695535116882,0.7973534104579559
46,"([0.12, 0.09, 0.22, 0.32, 0.11, 0.15], [2])","([0.19, 0.22, 0.13, 0.09, 0.2, 0.16], [4])",-0.0,-0.0,-0.8079999999999999,-0.0,-0.0,-0.0,-0.8079999999999999,0.7163336684836077,0.16564015003271593,0.7973602736231108
47,"([0.12, 0.09, 0.22, 0.32, 0.1, 0.15], [1])","([0.19, 0.22, 0.13, 0.09, 0.2, 0.16], [0])",-0.0,-0.982,-0.0,-0.0,-0.0,-0.0,-0.982,0.7163334480928727,0.4313133447142631,0.7973669163975307
48,"([0.12, 0.09, 0.22, 0.32, 0.1, 0.15], [2])","([0.19, 0.22, 0.13, 0.09, 0.2, 0.16], [1])",-0.0,-0.0,-0.8079999999999999,-0.0,-0.0,-0.0,-0.8079999999999999,0.7163463405429025,0.5229865393958102,0.7973864516219803
49,"([0.12, 0.09, 0.22, 0.32, 0.11, 0.15], [4])","([0.19, 0.22, 0.13, 0.09, 0.2, 0.16], [4])",-0.0,-0.0,-0.0,-0.0,-0.0,-0.0,0.0,0.7163415512353051,-0.19334026592264264,0.7974011975388325
50,"([0.12, 0.09, 0.22, 0.32, 0.1, 0.15], [0])","([0.19, 0.22, 0.13, 0.09, 0.2, 0.16], [2])",-0.919,-0.0,-0.0,-0.0,-0.0,-0.0,-0.919,0.7163564919971238,0.009332928758904568,0.7974308842175035
51,"([0.12, 0.09, 0.22, 0.32, 0.1, 0.15], [3])","([0.19, 0.22, 0.13, 0.09, 0.2, 0.16], [5])",-0.0,-0.0,-0.0,-0.7559999999999999,-0.0,-0.0,-0.7559999999999999,0.7163658438228028,0.04900612344045163,0.7974699227218535
52,"([0.12, 0.09, 0.22, 0.32, 0.1, 0.15], [2])","([0.19, 0.22, 0.13, 0.09, 0.2, 0.16], [1])",-0.0,-0.0,-0.8079999999999999,-0.0,-0.0,-0.0,-0.8079999999999999,0.7163423385550896,0.14067931812199874,0.7974854559584902
53,"([0.12, 0.09, 0.22, 0.32, 0.1, 0.15], [3])","([0.19, 0.22, 0.13, 0.09, 0.2, 0.16], [5])",-0.0,-0.0,-0.0,-0.7559999999999999,-0.0,-0.0,-0.7559999999999999,0.71634678713177,0.1803525128035458,0.7975054377718074
54,"([0.12, 0.09, 0.22, 0.32, 0.1, 0.15], [3])","([0.19, 0.22, 0.13, 0.09, 0.2, 0.16], [0])",-0.0,-0.0,-0.0,-0.7559999999999999,-0.0,-0.0,-0.7559999999999999,0.7163346932473967,0.22002570748509287,0.7975133257007513
55,"([0.12, 0.09, 0.22, 0.32, 0.11, 0.15], [2])","([0.19, 0.22, 0.13, 0.09, 0.2, 0.16], [4])",-0.0,-0.0,-0.8079999999999999,-0.0,-0.0,-0.0,-0.8079999999999999,0.7163283501826923,0.31169890216664,0.7975148705649907
56,"([0.12, 0.09, 0.21, 0.32, 0.11, 0.15], [4])","([0.19, 0.22, 0.13, 0.09, 0.2, 0.16], [3])",-0.0,-0.0,-0.0,-0.0,-0.9440000000000001,-0.0,-0.9440000000000001,0.7163275292990742,0.5393720968481872,0.797515594545612
57,"([0.12, 0.09, 0.22, 0.32, 0.1, 0.15], [2])","([0.19, 0.22, 0.13, 0.09, 0.2, 0.16], [1])",-0.0,-0.0,-0.8079999999999999,-0.0,-0.0,-0.0,-0.8079999999999999,0.716332547897966,0.6310452915297343,0.7975213371251252
58,"([0.12, 0.09, 0.22, 0.32, 0.11, 0.15], [0])","([0.19, 0.22, 0.13, 0.09, 0.2, 0.16], [1])",-0.919,-0.0,-0.0,-0.0,-0.0,-0.0,-0.919,0.7163299670157236,0.8337184862112815,0.797524498822396
59,"([0.12, 0.09, 0.22, 0.32, 0.11, 0.15], [3])","([0.19, 0.22, 0.13, 0.09, 0.2, 0.16], [4])",-0.0,-0.0,-0.0,-0.7559999999999999,-0.0,-0.0,-0.7559999999999999,0.7163316686403925,0.8733916808928286,0.7975293621443357
60,"([0.12, 0.09, 0.22, 0.32, 0.11, 0.15], [3])","([0.19, 0.22, 0.13, 0.09, 0.2, 0.16], [3])",-0.0,-0.0,-0.0,-0.0,-0.0,-0.0,0.0,0.7163314798371001,0.15706487557437576,0.797534036662983
61,"([0.12, 0.09, 0.21, 0.32, 0.11, 0.15], [3])","([0.19, 0.22, 0.13, 0.09, 0.2, 0.16], [5])",-0.0,-0.0,-0.0,-0.7559999999999999,-0.0,-0.0,-0.7559999999999999,0.7163276347748435,0.19673807025592283,0.7975348661193736
62,"([0.12, 0.09, 0.21, 0.32, 0.11, 0.15], [0])","([0.19, 0.22, 0.13, 0.09, 0.2, 0.16], [0])",-0.0,-0.0,-0.0,-0.0,-0.0,-0.0,0.0,0.7163290277793476,-0.51958873506253,0.7975370885802684
63,"([0.12, 0.09, 0.21, 0.32, 0.11, 0.15], [5])","([0.19, 0.22, 0.13, 0.09, 0.2, 0.16], [0])",-0.0,-0.0,-0.0,-0.0,-0.0,-0.8640000000000001,-0.8640000000000001,0.7163276186605445,-0.37191554038098273,0.7975379019223601
64,"([0.12, 0.09, 0.21, 0.32, 0.11, 0.15], [2])","([0.19, 0.22, 0.13, 0.09, 0.2, 0.16], [0])",-0.0,-0.0,-0.8079999999999999,-0.0,-0.0,-0.0,-0.8079999999999999,0.7163276891144381,-0.2802423456994356,0.7975387857183454
65,"([0.12, 0.09, 0.21, 0.32, 0.11, 0.15], [4])","([0.19, 0.22, 0.13, 0.09, 0.2, 0.16], [0])",-0.0,-0.0,-0.0,-0.0,-0.9440000000000001,-0.0,-0.9440000000000001,0.7163281950118314,-0.052569151017888394,0.797540175411724
66,"([0.12, 0.09, 0.22, 0.32, 0.11, 0.15], [3])","([0.19, 0.22, 0.13, 0.09, 0.2, 0.16], [5])",-0.0,-0.0,-0.0,-0.7559999999999999,-0.0,-0.0,-0.7559999999999999,0.7163277416054578,-0.01289595633634133,0.7975411116987289
67,"([0.12, 0.09, 0.21, 0.32, 0.11, 0.15], [5])","([0.19, 0.22, 0.13, 0.09, 0.2, 0.16], [5])",-0.0,-0.0,-0.0,-0.0,-0.0,-0.0,0.0,0.716327910353554,-0.7292227616547942,0.7975422167338301
68,"([0.12, 0.09, 0.21, 0.32, 0.11, 0.15], [5])","([0.19, 0.22, 0.13, 0.09, 0.2, 0.16], [0])",-0.0,-0.0,-0.0,-0.0,-0.0,-0.8640000000000001,-0.8640000000000001,0.7163289959057845,-0.5815495669732469,0.7975444073211617
69,"([0.12, 0.09, 0.21, 0.32, 0.11, 0.15], [1])","([0.19, 0.22, 0.13, 0.09, 0.2, 0.16], [1])",-0.0,-0.0,-0.0,-0.0,-0.0,-0.0,0.0,0.7163275624033295,-1.2978763722916997,0.7975451644060384
70,"([0.12, 0.09, 0.22, 0.32, 0.11, 0.15], [2])","([0.19, 0.22, 0.13, 0.09, 0.2, 0.16], [1])",-0.0,-0.0,-0.8079999999999999,-0.0,-0.0,-0.0,-0.8079999999999999,0.716328502095764,-1.2062031776101527,0.7975468611833496
71,"([0.12, 0.09, 0.21, 0.32, 0.11, 0.15], [5])","([0.19, 0.22, 0.13, 0.09, 0.2, 0.16], [4])",-0.0,-0.0,-0.0,-0.0,-0.0,-0.8640000000000001,-0.8640000000000001,0.7163281568032893,-1.0585299829286055,0.7975482126681861
72,"([0.12, 0.09, 0.22, 0.32, 0.11, 0.15], [3])","([0.19, 0.22, 0.13, 0.09, 0.2, 0.16], [4])",-0.0,-0.0,-0.0,-0.7559999999999999,-0.0,-0.0,-0.7559999999999999,0.7163289710571088,-1.0188567882470583,0.7975503784068421
73,"([0.12, 0.09, 0.21, 0.32, 0.11, 0.15], [3])","([0.19, 0.22, 0.13, 0.09, 0.2, 0.16], [0])",-0.0,-0.0,-0.0,-0.7559999999999999,-0.0,-0.0,-0.7559999999999999,0.7163275852954989,-0.9791835935655112,0.7975511583838881
74,"([0.12, 0.09, 0.21, 0.32, 0.11, 0.15], [3])","([0.19, 0.22, 0.13, 0.09, 0.2, 0.16], [0])",-0.0,-0.0,-0.0,-0.7559999999999999,-0.0,-0.0,-0.7559999999999999,0.71632846389872,-0.9395103988839641,0.7975528169641553
75,"([0.12, 0.09, 0.21, 0.31, 0.11, 0.15], [5])","([0.19, 0.22, 0.13, 0.09, 0.2, 0.16], [5])",-0.0,-0.0,-0.0,-0.0,-0.0,-0.0,0.0,0.7163301913300751,-1.655837204202417,0.7975562029757776
76,"([0.12, 0.09, 0.21, 0.32, 0.11, 0.15], [3])","([0.19, 0.22, 0.13, 0.09, 0.2, 0.16], [1])",-0.0,-0.0,-0.0,-0.7559999999999999,-0.0,-0.0,-0.7559999999999999,0.7163297328886252,-1.6161640095208698,0.79755913054595
77,"([0.12, 0.09, 0.21, 0.31, 0.11, 0.15], [3])","([0.19, 0.22, 0.13, 0.09, 0.2, 0.16], [5])",-0.0,-0.0,-0.0,-0.7559999999999999,-0.0,-0.0,-0.7559999999999999,0.7163308063870896,-1.5764908148393229,0.7975631316145867
78,"([0.12, 0.09, 0.21, 0.31, 0.11, 0.15], [3])","([0.19, 0.22, 0.13, 0.09, 0.2, 0.17], [2])",-0.0,-0.0,-0.0,-0.7559999999999999,-0.0,-0.0,-0.7559999999999999,0.7163373796910094,-1.536817620157776,0.7975737059871433
79,"([0.12, 0.09, 0.21, 0.31, 0.11, 0.15], [2])","([0.19, 0.22, 0.13, 0.09, 0.2, 0.17], [4])",-0.0,-0.0,-0.8079999999999999,-0.0,-0.0,-0.0,-0.8079999999999999,0.7163404572600148,-1.445144425476229,0.7975873579287053
80,"([0.12, 0.09, 0.21, 0.31, 0.11, 0.15], [0])","([0.19, 0.22, 0.13, 0.09, 0.2, 0.17], [4])",-0.919,-0.0,-0.0,-0.0,-0.0,-0.0,-0.919,0.7163440394629552,-1.2424712307946817,0.7976045920732077
81,"([0.12, 0.09, 0.21, 0.31, 0.11, 0.15], [2])","([0.19, 0.22, 0.13, 0.09, 0.2, 0.17], [2])",-0.0,-0.0,-0.0,-0.0,-0.0,-0.0,0.0,0.716338440496615,-1.9587980361131345,0.7976162272513698
82,"([0.12, 0.09, 0.21, 0.31, 0.11, 0.15], [0])","([0.19, 0.22, 0.13, 0.09, 0.2, 0.17], [1])",-0.919,-0.0,-0.0,-0.0,-0.0,-0.0,-0.919,0.7163397041487052,-1.7561248414315873,0.7976291260816222
83,"([0.12, 0.09, 0.21, 0.31, 0.11, 0.15], [2])","([0.19, 0.22, 0.13, 0.09, 0.2, 0.17], [1])",-0.0,-0.0,-0.8079999999999999,-0.0,-0.0,-0.0,-0.8079999999999999,0.7163344888230548,-1.6644516467500403,0.7976368095862242
84,"([0.12, 0.09, 0.21, 0.31, 0.11, 0.15], [3])","([0.19, 0.22, 0.13, 0.09, 0.2, 0.17], [5])",-0.0,-0.0,-0.0,-0.7559999999999999,-0.0,-0.0,-0.7559999999999999,0.7163363257358628,-1.6247784520684934,0.7976463300036342
85,"([0.12, 0.09, 0.21, 0.31, 0.11, 0.15], [3])","([0.19, 0.22, 0.13, 0.09, 0.2, 0.17], [0])",-0.0,-0.0,-0.0,-0.7559999999999999,-0.0,-0.0,-0.7559999999999999,0.7163417291616588,-1.5851052573869464,0.7976612538468402
86,"([0.12, 0.09, 0.21, 0.31, 0.11, 0.15], [3])","([0.19, 0.22, 0.13, 0.09, 0.2, 0.17], [0])",-0.0,-0.0,-0.0,-0.7559999999999999,-0.0,-0.0,-0.7559999999999999,0.7163465732278241,-1.5454320627053995,0.7976810217562115
87,"([0.12, 0.09, 0.21, 0.31, 0.11, 0.15], [2])","([0.19, 0.22, 0.13, 0.09, 0.2, 0.17], [2])",-0.0,-0.0,-0.0,-0.0,-0.0,-0.0,0.0,0.7163529996628504,-2.2617588680238523,0.797707216100609
88,"([0.12, 0.1, 0.21, 0.31, 0.11, 0.15], [0])","([0.19, 0.21, 0.13, 0.09, 0.2, 0.17], [4])",-0.919,-0.0,-0.0,-0.0,-0.0,-0.0,-0.919,0.7163562772788985,-2.059085673342305,0.7977366880610547
89,"([0.12, 0.09, 0.21, 0.31, 0.11, 0.15], [2])","([0.19, 0.22, 0.13, 0.09, 0.2, 0.17], [3])",-0.0,-0.0,-0.8079999999999999,-0.0,-0.0,-0.0,-0.8079999999999999,0.7163482492747164,-1.967412478660758,0.7977581320173183
90,"([0.12, 0.1, 0.21, 0.31, 0.11, 0.15], [0])","([0.19, 0.21, 0.13, 0.09, 0.2, 0.17], [4])",-0.919,-0.0,-0.0,-0.0,-0.0,-0.0,-0.919,0.7163527849433423,-1.7647392839792109,0.7977841116422077
91,"([0.12, 0.09, 0.21, 0.31, 0.11, 0.15], [4])","([0.19, 0.22, 0.13, 0.09, 0.2, 0.17], [0])",-0.0,-0.0,-0.0,-0.0,-0.9440000000000001,-0.0,-0.9440000000000001,0.7163461540164295,-1.5370660892976638,0.7978034603401845
92,"([0.12, 0.09, 0.21, 0.31, 0.11, 0.15], [2])","([0.19, 0.22, 0.13, 0.09, 0.2, 0.17], [0])",-0.0,-0.0,-0.8079999999999999,-0.0,-0.0,-0.0,-0.8079999999999999,0.71633841411926,-1.4453928946161168,0.7978150691409917
93,"([0.12, 0.09, 0.21, 0.31, 0.11, 0.15], [3])","([0.19, 0.22, 0.13, 0.09, 0.2, 0.17], [2])",-0.0,-0.0,-0.0,-0.7559999999999999,-0.0,-0.0,-0.7559999999999999,0.7163415875839347,-1.4057196999345698,0.7978298514064736
94,"([0.12, 0.09, 0.21, 0.31, 0.11, 0.15], [5])","([0.19, 0.22, 0.13, 0.09, 0.2, 0.17], [5])",-0.0,-0.0,-0.0,-0.0,-0.0,-0.0,0.0,0.7163468586201022,-2.1220465052530226,0.7978499047081229
95,"([0.12, 0.09, 0.21, 0.31, 0.11, 0.15], [4])","([0.19, 0.22, 0.13, 0.09, 0.2, 0.17], [4])",-0.0,-0.0,-0.0,-0.0,-0.0,-0.0,0.0,0.7163440204618482,-2.8383733105714755,0.7978671198515183
96,"([0.12, 0.09, 0.21, 0.31, 0.11, 0.15], [5])","([0.19, 0.22, 0.13, 0.09, 0.2, 0.17], [4])",-0.0,-0.0,-0.0,-0.0,-0.0,-0.8640000000000001,-0.8640000000000001,0.716340525543437,-2.6907001158899284,0.7978808400765024
97,"([0.12, 0.09, 0.21, 0.31, 0.11, 0.15], [5])","([0.19, 0.22, 0.13, 0.09, 0.2, 0.17], [4])",-0.0,-0.0,-0.0,-0.0,-0.0,-0.8640000000000001,-0.8640000000000001,0.716341517160092,-2.543026921208381,0.7978955519181415
98,"([0.12, 0.09, 0.21, 0.31, 0.11, 0.15], [3])","([0.19, 0.22, 0.13, 0.09, 0.2, 0.17], [2])",-0.0,-0.0,-0.0,-0.7559999999999999,-0.0,-0.0,-0.7559999999999999,0.7163373572808004,-2.503353726526834,0.7979061038804891
99,"([0.12, 0.09, 0.21, 0.31, 0.11, 0.15], [2])","([0.19, 0.22, 0.13, 0.09, 0.2, 0.17], [2])",-0.0,-0.0,-0.0,-0.0,-0.0,-0.0,0.0,0.7163394968014668,-3.219680531845287,0.7979187953635031
