,sto-1,FB-0,feedback target 0,feedback target 1,feedback target 2,feedback target 3,feedback target 4,total,exp_loss,actual_regret,exp_regret
0,"([0.2, 0.2, 0.2, 0.2, 0.2], [2])","([0, 0, 0, 1, 0], [3])",-0.0,-0.0,-0.925,-0.0,-0.0,-0.925,0.6828000000000001,0.24219999999999997,0.0
1,"([0.2, 0.2, 0.2, 0.2, 0.2], [4])","([0, 0, 0, 0, 1], [4])",-0.0,-0.0,-0.0,-0.0,-0.0,0.0,0.7344,-0.4406000000000001,0.05159999999999998
2,"([0.2, 0.2, 0.2, 0.2, 0.2], [0])","([0, 0, 0, 0, 1], [4])",-0.8590000000000001,-0.0,-0.0,-0.0,-0.0,-0.8590000000000001,0.7344,-0.2644000000000001,0.10319999999999996
3,"([0.2, 0.2, 0.2, 0.2, 0.2], [2])","([0, 0, 0, 0, 1], [4])",-0.0,-0.0,-0.925,-0.0,-0.0,-0.925,0.7344,-0.02220000000000011,0.15479999999999994
4,"([0.2, 0.2, 0.2, 0.2, 0.2], [0])","([0, 0, 0, 0, 1], [4])",-0.8590000000000001,-0.0,-0.0,-0.0,-0.0,-0.8590000000000001,0.7344,0.15399999999999991,0.20639999999999992
5,"([0.2, 0.2, 0.2, 0.2, 0.2], [1])","([0, 0, 0, 0, 1], [4])",-0.0,-0.9359999999999999,-0.0,-0.0,-0.0,-0.9359999999999999,0.7344,0.4071999999999998,0.2579999999999999
6,"([0.2, 0.2, 0.2, 0.2, 0.2], [1])","([0, 1, 0, 0, 0], [1])",-0.0,-0.0,-0.0,-0.0,-0.0,0.0,0.6860000000000002,-0.2756000000000003,0.2612
7,"([0.2, 0.2, 0.2, 0.2, 0.2], [1])","([0, 1, 0, 0, 0], [1])",-0.0,-0.0,-0.0,-0.0,-0.0,0.0,0.6860000000000002,-0.9584000000000004,0.2644000000000001
8,"([0.2, 0.2, 0.2, 0.2, 0.2], [2])","([0, 1, 0, 0, 0], [1])",-0.0,-0.0,-0.925,-0.0,-0.0,-0.925,0.6860000000000002,-0.7162000000000004,0.26760000000000017
9,"([0.2, 0.2, 0.2, 0.2, 0.2], [2])","([0, 1, 0, 0, 0], [1])",-0.0,-0.0,-0.925,-0.0,-0.0,-0.925,0.6860000000000002,-0.4740000000000004,0.27080000000000026
10,"([0.2, 0.2, 0.2, 0.2, 0.2], [0])","([0, 1, 0, 0, 0], [1])",-0.8590000000000001,-0.0,-0.0,-0.0,-0.0,-0.8590000000000001,0.6860000000000002,-0.2978000000000004,0.27400000000000035
11,"([0.2, 0.2, 0.2, 0.2, 0.2], [1])","([0, 1, 0, 0, 0], [1])",-0.0,-0.0,-0.0,-0.0,-0.0,0.0,0.6860000000000002,-0.9806000000000005,0.27720000000000045
12,"([0.2, 0.2, 0.2, 0.2, 0.2], [3])","([0, 1, 0, 0, 0], [1])",-0.0,-0.0,-0.0,-0.9520000000000001,-0.0,-0.9520000000000001,0.6860000000000002,-0.7114000000000005,0.28040000000000054
13,"([0.2, 0.2, 0.2, 0.2, 0.2], [2])","([0, 1, 0, 0, 0], [1])",-0.0,-0.0,-0.925,-0.0,-0.0,-0.925,0.6860000000000002,-0.4692000000000005,0.28360000000000063
14,"([0.2, 0.2, 0.2, 0.2, 0.2], [3])","([0, 1, 0, 0, 0], [1])",-0.0,-0.0,-0.0,-0.9520000000000001,-0.0,-0.9520000000000001,0.6860000000000002,-0.2000000000000005,0.2868000000000007
15,"([0.2, 0.2, 0.2, 0.2, 0.2], [1])","([0, 1, 0, 0, 0], [1])",-0.0,-0.0,-0.0,-0.0,-0.0,0.0,0.6860000000000002,-0.8828000000000006,0.2900000000000008
16,"([0.2, 0.2, 0.2, 0.2, 0.2], [2])","([0, 1, 0, 0, 0], [1])",-0.0,-0.0,-0.925,-0.0,-0.0,-0.925,0.6860000000000002,-0.6406000000000006,0.2932000000000009
17,"([0.2, 0.2, 0.2, 0.2, 0.2], [4])","([0, 1, 0, 0, 0], [1])",-0.0,-0.0,-0.0,-0.0,-0.6940000000000001,-0.6940000000000001,0.6860000000000002,-0.6294000000000006,0.296400000000001
18,"([0.2, 0.2, 0.2, 0.2, 0.2], [2])","([0, 1, 0, 0, 0], [1])",-0.0,-0.0,-0.925,-0.0,-0.0,-0.925,0.6860000000000002,-0.38720000000000065,0.2996000000000011
19,"([0.2, 0.2, 0.2, 0.2, 0.2], [4])","([0, 1, 0, 0, 0], [1])",-0.0,-0.0,-0.0,-0.0,-0.6940000000000001,-0.6940000000000001,0.6860000000000002,-0.37600000000000067,0.3028000000000012
20,"([0.2, 0.2, 0.2, 0.2, 0.2], [0])","([0, 1, 0, 0, 0], [1])",-0.8590000000000001,-0.0,-0.0,-0.0,-0.0,-0.8590000000000001,0.6860000000000002,-0.19980000000000064,0.30600000000000127
21,"([0.2, 0.2, 0.2, 0.2, 0.2], [3])","([0, 1, 0, 0, 0], [1])",-0.0,-0.0,-0.0,-0.9520000000000001,-0.0,-0.9520000000000001,0.6860000000000002,0.06939999999999935,0.30920000000000136
22,"([0.2, 0.2, 0.2, 0.2, 0.2], [0])","([0, 0, 0, 1, 0], [3])",-0.8590000000000001,-0.0,-0.0,-0.0,-0.0,-0.8590000000000001,0.6828000000000001,0.24559999999999937,0.30920000000000136
23,"([0.2, 0.2, 0.2, 0.2, 0.2], [2])","([0, 0, 0, 1, 0], [3])",-0.0,-0.0,-0.925,-0.0,-0.0,-0.925,0.6828000000000001,0.48779999999999935,0.30920000000000136
24,"([0.2, 0.2, 0.2, 0.2, 0.2], [0])","([0, 0, 0, 1, 0], [3])",-0.8590000000000001,-0.0,-0.0,-0.0,-0.0,-0.8590000000000001,0.6828000000000001,0.6639999999999994,0.30920000000000136
25,"([0.2, 0.2, 0.2, 0.2, 0.2], [0])","([0, 0, 0, 1, 0], [3])",-0.8590000000000001,-0.0,-0.0,-0.0,-0.0,-0.8590000000000001,0.6828000000000001,0.8401999999999994,0.30920000000000136
26,"([0.2, 0.2, 0.2, 0.2, 0.2], [0])","([0, 0, 0, 1, 0], [3])",-0.8590000000000001,-0.0,-0.0,-0.0,-0.0,-0.8590000000000001,0.6828000000000001,1.0163999999999995,0.30920000000000136
27,"([0.2, 0.2, 0.2, 0.2, 0.2], [2])","([0, 0, 0, 1, 0], [3])",-0.0,-0.0,-0.925,-0.0,-0.0,-0.925,0.6828000000000001,1.2585999999999995,0.30920000000000136
28,"([0.2, 0.2, 0.2, 0.2, 0.2], [3])","([0, 1, 0, 0, 0], [1])",-0.0,-0.0,-0.0,-0.9520000000000001,-0.0,-0.9520000000000001,0.6860000000000002,1.5277999999999996,0.31240000000000145
29,"([0.2, 0.2, 0.2, 0.2, 0.2], [2])","([0, 0, 0, 1, 0], [3])",-0.0,-0.0,-0.925,-0.0,-0.0,-0.925,0.6828000000000001,1.7699999999999996,0.31240000000000145
30,"([0.2, 0.2, 0.2, 0.2, 0.2], [0])","([0, 0, 0, 1, 0], [3])",-0.8590000000000001,-0.0,-0.0,-0.0,-0.0,-0.8590000000000001,0.6828000000000001,1.9461999999999997,0.31240000000000145
31,"([0.2, 0.2, 0.2, 0.2, 0.2], [2])","([0, 0, 0, 1, 0], [3])",-0.0,-0.0,-0.925,-0.0,-0.0,-0.925,0.6828000000000001,2.1883999999999997,0.31240000000000145
32,"([0.2, 0.2, 0.2, 0.2, 0.2], [3])","([0, 0, 0, 1, 0], [3])",-0.0,-0.0,-0.0,-0.0,-0.0,0.0,0.6828000000000001,1.5055999999999996,0.31240000000000145
33,"([0.2, 0.2, 0.2, 0.2, 0.2], [4])","([0, 0, 0, 1, 0], [3])",-0.0,-0.0,-0.0,-0.0,-0.6940000000000001,-0.6940000000000001,0.6828000000000001,1.5167999999999995,0.31240000000000145
34,"([0.2, 0.2, 0.2, 0.2, 0.2], [1])","([0, 0, 0, 1, 0], [3])",-0.0,-0.9359999999999999,-0.0,-0.0,-0.0,-0.9359999999999999,0.6828000000000001,1.7699999999999994,0.31240000000000145
35,"([0.2, 0.2, 0.2, 0.2, 0.2], [2])","([0, 0, 0, 1, 0], [3])",-0.0,-0.0,-0.925,-0.0,-0.0,-0.925,0.6828000000000001,2.012199999999999,0.31240000000000145
36,"([0.2, 0.2, 0.2, 0.2, 0.2], [4])","([0, 0, 0, 1, 0], [3])",-0.0,-0.0,-0.0,-0.0,-0.6940000000000001,-0.6940000000000001,0.6828000000000001,2.023399999999999,0.31240000000000145
37,"([0.2, 0.2, 0.2, 0.2, 0.2], [2])","([0, 0, 0, 1, 0], [3])",-0.0,-0.0,-0.925,-0.0,-0.0,-0.925,0.6828000000000001,2.265599999999999,0.31240000000000145
38,"([0.2, 0.2, 0.2, 0.2, 0.2], [4])","([0, 0, 0, 1, 0], [3])",-0.0,-0.0,-0.0,-0.0,-0.6940000000000001,-0.6940000000000001,0.6828000000000001,2.2767999999999993,0.31240000000000145
39,"([0.2, 0.2, 0.2, 0.2, 0.2], [0])","([0, 0, 0, 1, 0], [3])",-0.8590000000000001,-0.0,-0.0,-0.0,-0.0,-0.8590000000000001,0.6828000000000001,2.4529999999999994,0.31240000000000145
40,"([0.2, 0.2, 0.2, 0.2, 0.2], [1])","([0, 0, 0, 1, 0], [3])",-0.0,-0.9359999999999999,-0.0,-0.0,-0.0,-0.9359999999999999,0.6828000000000001,2.706199999999999,0.31240000000000145
41,"([0.2, 0.2, 0.2, 0.2, 0.2], [3])","([0, 0, 0, 1, 0], [3])",-0.0,-0.0,-0.0,-0.0,-0.0,0.0,0.6828000000000001,2.0233999999999988,0.31240000000000145
42,"([0.2, 0.2, 0.2, 0.2, 0.2], [2])","([0, 0, 0, 1, 0], [3])",-0.0,-0.0,-0.925,-0.0,-0.0,-0.925,0.6828000000000001,2.2655999999999987,0.31240000000000145
43,"([0.2, 0.2, 0.2, 0.2, 0.2], [0])","([0, 0, 0, 1, 0], [3])",-0.8590000000000001,-0.0,-0.0,-0.0,-0.0,-0.8590000000000001,0.6828000000000001,2.441799999999999,0.31240000000000145
44,"([0.2, 0.2, 0.2, 0.2, 0.2], [2])","([0, 0, 0, 1, 0], [3])",-0.0,-0.0,-0.925,-0.0,-0.0,-0.925,0.6828000000000001,2.683999999999999,0.31240000000000145
45,"([0.2, 0.2, 0.2, 0.2, 0.2], [0])","([0, 0, 0, 1, 0], [3])",-0.8590000000000001,-0.0,-0.0,-0.0,-0.0,-0.8590000000000001,0.6828000000000001,2.860199999999999,0.31240000000000145
46,"([0.2, 0.2, 0.2, 0.2, 0.2], [4])","([0, 0, 0, 1, 0], [3])",-0.0,-0.0,-0.0,-0.0,-0.6940000000000001,-0.6940000000000001,0.6828000000000001,2.871399999999999,0.31240000000000145
47,"([0.2, 0.2, 0.2, 0.2, 0.2], [0])","([0, 0, 0, 1, 0], [3])",-0.8590000000000001,-0.0,-0.0,-0.0,-0.0,-0.8590000000000001,0.6828000000000001,3.047599999999999,0.31240000000000145
48,"([0.2, 0.2, 0.2, 0.2, 0.2], [4])","([0, 0, 0, 1, 0], [3])",-0.0,-0.0,-0.0,-0.0,-0.6940000000000001,-0.6940000000000001,0.6828000000000001,3.0587999999999993,0.31240000000000145
49,"([0.2, 0.2, 0.2, 0.2, 0.2], [0])","([0, 0, 0, 1, 0], [3])",-0.8590000000000001,-0.0,-0.0,-0.0,-0.0,-0.8590000000000001,0.6828000000000001,3.2349999999999994,0.31240000000000145
50,"([0.2, 0.2, 0.2, 0.2, 0.2], [2])","([0, 0, 0, 1, 0], [3])",-0.0,-0.0,-0.925,-0.0,-0.0,-0.925,0.6828000000000001,3.4771999999999994,0.31240000000000145
51,"([0.2, 0.2, 0.2, 0.2, 0.2], [1])","([0, 0, 0, 1, 0], [3])",-0.0,-0.9359999999999999,-0.0,-0.0,-0.0,-0.9359999999999999,0.6828000000000001,3.7303999999999995,0.31240000000000145
52,"([0.2, 0.2, 0.2, 0.2, 0.2], [4])","([0, 0, 0, 1, 0], [3])",-0.0,-0.0,-0.0,-0.0,-0.6940000000000001,-0.6940000000000001,0.6828000000000001,3.7415999999999996,0.31240000000000145
53,"([0.2, 0.2, 0.2, 0.2, 0.2], [0])","([0, 0, 0, 1, 0], [3])",-0.8590000000000001,-0.0,-0.0,-0.0,-0.0,-0.8590000000000001,0.6828000000000001,3.9177999999999997,0.31240000000000145
54,"([0.2, 0.2, 0.2, 0.2, 0.2], [0])","([0, 0, 0, 1, 0], [3])",-0.8590000000000001,-0.0,-0.0,-0.0,-0.0,-0.8590000000000001,0.6828000000000001,4.093999999999999,0.31240000000000145
55,"([0.2, 0.2, 0.2, 0.2, 0.2], [4])","([0, 0, 0, 1, 0], [3])",-0.0,-0.0,-0.0,-0.0,-0.6940000000000001,-0.6940000000000001,0.6828000000000001,4.105199999999999,0.31240000000000145
56,"([0.2, 0.2, 0.2, 0.2, 0.2], [2])","([0, 0, 0, 1, 0], [3])",-0.0,-0.0,-0.925,-0.0,-0.0,-0.925,0.6828000000000001,4.347399999999999,0.31240000000000145
57,"([0.2, 0.2, 0.2, 0.2, 0.2], [3])","([0, 0, 0, 1, 0], [3])",-0.0,-0.0,-0.0,-0.0,-0.0,0.0,0.6828000000000001,3.6645999999999983,0.31240000000000145
58,"([0.2, 0.2, 0.2, 0.2, 0.2], [3])","([0, 0, 0, 1, 0], [3])",-0.0,-0.0,-0.0,-0.0,-0.0,0.0,0.6828000000000001,2.981799999999998,0.31240000000000145
59,"([0.2, 0.2, 0.2, 0.2, 0.2], [2])","([0, 0, 0, 1, 0], [3])",-0.0,-0.0,-0.925,-0.0,-0.0,-0.925,0.6828000000000001,3.223999999999998,0.31240000000000145
60,"([0.2, 0.2, 0.2, 0.2, 0.2], [1])","([0, 0, 0, 1, 0], [3])",-0.0,-0.9359999999999999,-0.0,-0.0,-0.0,-0.9359999999999999,0.6828000000000001,3.477199999999998,0.31240000000000145
61,"([0.2, 0.2, 0.2, 0.2, 0.2], [1])","([0, 0, 0, 1, 0], [3])",-0.0,-0.9359999999999999,-0.0,-0.0,-0.0,-0.9359999999999999,0.6828000000000001,3.7303999999999977,0.31240000000000145
62,"([0.2, 0.2, 0.2, 0.2, 0.2], [3])","([0, 0, 0, 1, 0], [3])",-0.0,-0.0,-0.0,-0.0,-0.0,0.0,0.6828000000000001,3.0475999999999974,0.31240000000000145
63,"([0.2, 0.2, 0.2, 0.2, 0.2], [0])","([0, 0, 0, 1, 0], [3])",-0.8590000000000001,-0.0,-0.0,-0.0,-0.0,-0.8590000000000001,0.6828000000000001,3.2237999999999976,0.31240000000000145
64,"([0.2, 0.2, 0.2, 0.2, 0.2], [3])","([0, 0, 0, 1, 0], [3])",-0.0,-0.0,-0.0,-0.0,-0.0,0.0,0.6828000000000001,2.5409999999999977,0.31240000000000145
65,"([0.2, 0.2, 0.2, 0.2, 0.2], [1])","([0, 0, 0, 1, 0], [3])",-0.0,-0.9359999999999999,-0.0,-0.0,-0.0,-0.9359999999999999,0.6828000000000001,2.7941999999999974,0.31240000000000145
66,"([0.2, 0.2, 0.2, 0.2, 0.2], [1])","([0, 0, 0, 1, 0], [3])",-0.0,-0.9359999999999999,-0.0,-0.0,-0.0,-0.9359999999999999,0.6828000000000001,3.047399999999997,0.31240000000000145
67,"([0.2, 0.2, 0.2, 0.2, 0.2], [3])","([0, 0, 0, 1, 0], [3])",-0.0,-0.0,-0.0,-0.0,-0.0,0.0,0.6828000000000001,2.3645999999999967,0.31240000000000145
68,"([0.2, 0.2, 0.2, 0.2, 0.2], [4])","([0, 0, 0, 1, 0], [3])",-0.0,-0.0,-0.0,-0.0,-0.6940000000000001,-0.6940000000000001,0.6828000000000001,2.375799999999997,0.31240000000000145
69,"([0.2, 0.2, 0.2, 0.2, 0.2], [4])","([0, 0, 0, 1, 0], [3])",-0.0,-0.0,-0.0,-0.0,-0.6940000000000001,-0.6940000000000001,0.6828000000000001,2.386999999999997,0.31240000000000145
70,"([0.2, 0.2, 0.2, 0.2, 0.2], [1])","([0, 0, 0, 1, 0], [3])",-0.0,-0.9359999999999999,-0.0,-0.0,-0.0,-0.9359999999999999,0.6828000000000001,2.6401999999999965,0.31240000000000145
71,"([0.2, 0.2, 0.2, 0.2, 0.2], [0])","([0, 0, 0, 1, 0], [3])",-0.8590000000000001,-0.0,-0.0,-0.0,-0.0,-0.8590000000000001,0.6828000000000001,2.8163999999999967,0.31240000000000145
72,"([0.2, 0.2, 0.2, 0.2, 0.2], [1])","([0, 0, 0, 1, 0], [3])",-0.0,-0.9359999999999999,-0.0,-0.0,-0.0,-0.9359999999999999,0.6828000000000001,3.0695999999999968,0.31240000000000145
73,"([0.2, 0.2, 0.2, 0.2, 0.2], [3])","([0, 0, 0, 1, 0], [3])",-0.0,-0.0,-0.0,-0.0,-0.0,0.0,0.6828000000000001,2.3867999999999965,0.31240000000000145
74,"([0.2, 0.2, 0.2, 0.2, 0.2], [2])","([0, 0, 0, 1, 0], [3])",-0.0,-0.0,-0.925,-0.0,-0.0,-0.925,0.6828000000000001,2.6289999999999965,0.31240000000000145
75,"([0.2, 0.2, 0.2, 0.2, 0.2], [1])","([0, 0, 0, 1, 0], [3])",-0.0,-0.9359999999999999,-0.0,-0.0,-0.0,-0.9359999999999999,0.6828000000000001,2.8821999999999965,0.31240000000000145
76,"([0.2, 0.2, 0.2, 0.2, 0.2], [1])","([0, 0, 0, 1, 0], [3])",-0.0,-0.9359999999999999,-0.0,-0.0,-0.0,-0.9359999999999999,0.6828000000000001,3.135399999999996,0.31240000000000145
77,"([0.2, 0.2, 0.2, 0.2, 0.2], [3])","([0, 0, 0, 1, 0], [3])",-0.0,-0.0,-0.0,-0.0,-0.0,0.0,0.6828000000000001,2.452599999999996,0.31240000000000145
78,"([0.2, 0.2, 0.2, 0.2, 0.2], [1])","([0, 0, 0, 1, 0], [3])",-0.0,-0.9359999999999999,-0.0,-0.0,-0.0,-0.9359999999999999,0.6828000000000001,2.7057999999999955,0.31240000000000145
79,"([0.2, 0.2, 0.2, 0.2, 0.2], [1])","([0, 0, 0, 1, 0], [3])",-0.0,-0.9359999999999999,-0.0,-0.0,-0.0,-0.9359999999999999,0.6828000000000001,2.958999999999995,0.31240000000000145
80,"([0.2, 0.2, 0.2, 0.2, 0.2], [1])","([0, 0, 0, 1, 0], [3])",-0.0,-0.9359999999999999,-0.0,-0.0,-0.0,-0.9359999999999999,0.6828000000000001,3.212199999999995,0.31240000000000145
81,"([0.2, 0.2, 0.2, 0.2, 0.2], [4])","([0, 0, 0, 1, 0], [3])",-0.0,-0.0,-0.0,-0.0,-0.6940000000000001,-0.6940000000000001,0.6828000000000001,3.223399999999995,0.31240000000000145
82,"([0.2, 0.2, 0.2, 0.2, 0.2], [1])","([0, 0, 0, 1, 0], [3])",-0.0,-0.9359999999999999,-0.0,-0.0,-0.0,-0.9359999999999999,0.6828000000000001,3.476599999999995,0.31240000000000145
83,"([0.2, 0.2, 0.2, 0.2, 0.2], [2])","([0, 0, 0, 1, 0], [3])",-0.0,-0.0,-0.925,-0.0,-0.0,-0.925,0.6828000000000001,3.718799999999995,0.31240000000000145
84,"([0.2, 0.2, 0.2, 0.2, 0.2], [1])","([0, 0, 0, 1, 0], [3])",-0.0,-0.9359999999999999,-0.0,-0.0,-0.0,-0.9359999999999999,0.6828000000000001,3.971999999999995,0.31240000000000145
85,"([0.2, 0.2, 0.2, 0.2, 0.2], [2])","([0, 0, 0, 1, 0], [3])",-0.0,-0.0,-0.925,-0.0,-0.0,-0.925,0.6828000000000001,4.214199999999995,0.31240000000000145
86,"([0.2, 0.2, 0.2, 0.2, 0.2], [1])","([0, 0, 0, 1, 0], [3])",-0.0,-0.9359999999999999,-0.0,-0.0,-0.0,-0.9359999999999999,0.6828000000000001,4.467399999999994,0.31240000000000145
87,"([0.2, 0.2, 0.2, 0.2, 0.2], [0])","([0, 0, 0, 1, 0], [3])",-0.8590000000000001,-0.0,-0.0,-0.0,-0.0,-0.8590000000000001,0.6828000000000001,4.643599999999994,0.31240000000000145
88,"([0.2, 0.2, 0.2, 0.2, 0.2], [1])","([0, 0, 0, 1, 0], [3])",-0.0,-0.9359999999999999,-0.0,-0.0,-0.0,-0.9359999999999999,0.6828000000000001,4.896799999999994,0.31240000000000145
89,"([0.2, 0.2, 0.2, 0.2, 0.2], [0])","([0, 0, 0, 1, 0], [3])",-0.8590000000000001,-0.0,-0.0,-0.0,-0.0,-0.8590000000000001,0.6828000000000001,5.072999999999993,0.31240000000000145
90,"([0.2, 0.2, 0.2, 0.2, 0.2], [1])","([0, 0, 0, 1, 0], [3])",-0.0,-0.9359999999999999,-0.0,-0.0,-0.0,-0.9359999999999999,0.6828000000000001,5.326199999999993,0.31240000000000145
91,"([0.2, 0.2, 0.2, 0.2, 0.2], [0])","([0, 0, 0, 1, 0], [3])",-0.8590000000000001,-0.0,-0.0,-0.0,-0.0,-0.8590000000000001,0.6828000000000001,5.502399999999993,0.31240000000000145
92,"([0.2, 0.2, 0.2, 0.2, 0.2], [0])","([0, 0, 0, 1, 0], [3])",-0.8590000000000001,-0.0,-0.0,-0.0,-0.0,-0.8590000000000001,0.6828000000000001,5.678599999999992,0.31240000000000145
93,"([0.2, 0.2, 0.2, 0.2, 0.2], [2])","([0, 0, 0, 1, 0], [3])",-0.0,-0.0,-0.925,-0.0,-0.0,-0.925,0.6828000000000001,5.920799999999993,0.31240000000000145
94,"([0.2, 0.2, 0.2, 0.2, 0.2], [0])","([0, 0, 0, 1, 0], [3])",-0.8590000000000001,-0.0,-0.0,-0.0,-0.0,-0.8590000000000001,0.6828000000000001,6.096999999999992,0.31240000000000145
95,"([0.2, 0.2, 0.2, 0.2, 0.2], [4])","([0, 0, 0, 1, 0], [3])",-0.0,-0.0,-0.0,-0.0,-0.6940000000000001,-0.6940000000000001,0.6828000000000001,6.108199999999992,0.31240000000000145
96,"([0.2, 0.2, 0.2, 0.2, 0.2], [1])","([0, 0, 0, 1, 0], [3])",-0.0,-0.9359999999999999,-0.0,-0.0,-0.0,-0.9359999999999999,0.6828000000000001,6.361399999999992,0.31240000000000145
97,"([0.2, 0.2, 0.2, 0.2, 0.2], [4])","([0, 0, 0, 1, 0], [3])",-0.0,-0.0,-0.0,-0.0,-0.6940000000000001,-0.6940000000000001,0.6828000000000001,6.372599999999991,0.31240000000000145
98,"([0.2, 0.2, 0.2, 0.2, 0.2], [2])","([0, 0, 0, 1, 0], [3])",-0.0,-0.0,-0.925,-0.0,-0.0,-0.925,0.6828000000000001,6.614799999999992,0.31240000000000145
99,"([0.2, 0.2, 0.2, 0.2, 0.2], [0])","([0, 0, 0, 1, 0], [3])",-0.8590000000000001,-0.0,-0.0,-0.0,-0.0,-0.8590000000000001,0.6828000000000001,6.7909999999999915,0.31240000000000145
100,"([0.2, 0.2, 0.2, 0.2, 0.2], [3])","([0, 0, 0, 1, 0], [3])",-0.0,-0.0,-0.0,-0.0,-0.0,0.0,0.6828000000000001,6.108199999999991,0.31240000000000145
101,"([0.2, 0.2, 0.2, 0.2, 0.2], [3])","([0, 0, 0, 1, 0], [3])",-0.0,-0.0,-0.0,-0.0,-0.0,0.0,0.6828000000000001,5.425399999999991,0.31240000000000145
102,"([0.2, 0.2, 0.2, 0.2, 0.2], [0])","([0, 0, 0, 1, 0], [3])",-0.8590000000000001,-0.0,-0.0,-0.0,-0.0,-0.8590000000000001,0.6828000000000001,5.601599999999991,0.31240000000000145
103,"([0.2, 0.2, 0.2, 0.2, 0.2], [2])","([0, 0, 0, 1, 0], [3])",-0.0,-0.0,-0.925,-0.0,-0.0,-0.925,0.6828000000000001,5.843799999999991,0.31240000000000145
104,"([0.2, 0.2, 0.2, 0.2, 0.2], [2])","([0, 0, 0, 1, 0], [3])",-0.0,-0.0,-0.925,-0.0,-0.0,-0.925,0.6828000000000001,6.085999999999991,0.31240000000000145
105,"([0.2, 0.2, 0.2, 0.2, 0.2], [0])","([0, 0, 0, 1, 0], [3])",-0.8590000000000001,-0.0,-0.0,-0.0,-0.0,-0.8590000000000001,0.6828000000000001,6.262199999999991,0.31240000000000145
106,"([0.2, 0.2, 0.2, 0.2, 0.2], [3])","([0, 0, 0, 1, 0], [3])",-0.0,-0.0,-0.0,-0.0,-0.0,0.0,0.6828000000000001,5.579399999999991,0.31240000000000145
107,"([0.2, 0.2, 0.2, 0.2, 0.2], [3])","([0, 0, 0, 1, 0], [3])",-0.0,-0.0,-0.0,-0.0,-0.0,0.0,0.6828000000000001,4.8965999999999905,0.31240000000000145
108,"([0.2, 0.2, 0.2, 0.2, 0.2], [4])","([0, 0, 0, 1, 0], [3])",-0.0,-0.0,-0.0,-0.0,-0.6940000000000001,-0.6940000000000001,0.6828000000000001,4.90779999999999,0.31240000000000145
109,"([0.2, 0.2, 0.2, 0.2, 0.2], [2])","([0, 0, 0, 1, 0], [3])",-0.0,-0.0,-0.925,-0.0,-0.0,-0.925,0.6828000000000001,5.14999999999999,0.31240000000000145
110,"([0.2, 0.2, 0.2, 0.2, 0.2], [0])","([0, 0, 0, 1, 0], [3])",-0.8590000000000001,-0.0,-0.0,-0.0,-0.0,-0.8590000000000001,0.6828000000000001,5.326199999999989,0.31240000000000145
111,"([0.2, 0.2, 0.2, 0.2, 0.2], [4])","([0, 0, 0, 1, 0], [3])",-0.0,-0.0,-0.0,-0.0,-0.6940000000000001,-0.6940000000000001,0.6828000000000001,5.337399999999989,0.31240000000000145
112,"([0.2, 0.2, 0.2, 0.2, 0.2], [4])","([0, 0, 0, 1, 0], [3])",-0.0,-0.0,-0.0,-0.0,-0.6940000000000001,-0.6940000000000001,0.6828000000000001,5.348599999999989,0.31240000000000145
113,"([0.2, 0.2, 0.2, 0.2, 0.2], [2])","([0, 0, 0, 1, 0], [3])",-0.0,-0.0,-0.925,-0.0,-0.0,-0.925,0.6828000000000001,5.590799999999989,0.31240000000000145
114,"([0.2, 0.2, 0.2, 0.2, 0.2], [0])","([0, 0, 0, 1, 0], [3])",-0.8590000000000001,-0.0,-0.0,-0.0,-0.0,-0.8590000000000001,0.6828000000000001,5.766999999999989,0.31240000000000145
115,"([0.2, 0.2, 0.2, 0.2, 0.2], [2])","([0, 0, 0, 1, 0], [3])",-0.0,-0.0,-0.925,-0.0,-0.0,-0.925,0.6828000000000001,6.009199999999989,0.31240000000000145
116,"([0.2, 0.2, 0.2, 0.2, 0.2], [3])","([0, 0, 0, 1, 0], [3])",-0.0,-0.0,-0.0,-0.0,-0.0,0.0,0.6828000000000001,5.326399999999989,0.31240000000000145
117,"([0.2, 0.2, 0.2, 0.2, 0.2], [4])","([0, 0, 0, 1, 0], [3])",-0.0,-0.0,-0.0,-0.0,-0.6940000000000001,-0.6940000000000001,0.6828000000000001,5.337599999999989,0.31240000000000145
118,"([0.2, 0.2, 0.2, 0.2, 0.2], [4])","([0, 0, 0, 1, 0], [3])",-0.0,-0.0,-0.0,-0.0,-0.6940000000000001,-0.6940000000000001,0.6828000000000001,5.348799999999988,0.31240000000000145
119,"([0.2, 0.2, 0.2, 0.2, 0.2], [3])","([0, 0, 0, 1, 0], [3])",-0.0,-0.0,-0.0,-0.0,-0.0,0.0,0.6828000000000001,4.665999999999988,0.31240000000000145
120,"([0.2, 0.2, 0.2, 0.2, 0.2], [3])","([0, 0, 0, 1, 0], [3])",-0.0,-0.0,-0.0,-0.0,-0.0,0.0,0.6828000000000001,3.9831999999999876,0.31240000000000145
121,"([0.2, 0.2, 0.2, 0.2, 0.2], [0])","([0, 0, 0, 1, 0], [3])",-0.8590000000000001,-0.0,-0.0,-0.0,-0.0,-0.8590000000000001,0.6828000000000001,4.159399999999987,0.31240000000000145
122,"([0.2, 0.2, 0.2, 0.2, 0.2], [3])","([0, 0, 0, 1, 0], [3])",-0.0,-0.0,-0.0,-0.0,-0.0,0.0,0.6828000000000001,3.476599999999987,0.31240000000000145
123,"([0.2, 0.2, 0.2, 0.2, 0.2], [0])","([0, 0, 0, 1, 0], [3])",-0.8590000000000001,-0.0,-0.0,-0.0,-0.0,-0.8590000000000001,0.6828000000000001,3.652799999999987,0.31240000000000145
124,"([0.2, 0.2, 0.2, 0.2, 0.2], [1])","([0, 0, 0, 1, 0], [3])",-0.0,-0.9359999999999999,-0.0,-0.0,-0.0,-0.9359999999999999,0.6828000000000001,3.9059999999999873,0.31240000000000145
125,"([0.2, 0.2, 0.2, 0.2, 0.2], [4])","([0, 0, 0, 1, 0], [3])",-0.0,-0.0,-0.0,-0.0,-0.6940000000000001,-0.6940000000000001,0.6828000000000001,3.9171999999999874,0.31240000000000145
126,"([0.2, 0.2, 0.2, 0.2, 0.2], [2])","([0, 0, 0, 1, 0], [3])",-0.0,-0.0,-0.925,-0.0,-0.0,-0.925,0.6828000000000001,4.159399999999987,0.31240000000000145
127,"([0.2, 0.2, 0.2, 0.2, 0.2], [1])","([0, 0, 0, 1, 0], [3])",-0.0,-0.9359999999999999,-0.0,-0.0,-0.0,-0.9359999999999999,0.6828000000000001,4.412599999999987,0.31240000000000145
128,"([0.2, 0.2, 0.2, 0.2, 0.2], [2])","([0, 0, 0, 1, 0], [3])",-0.0,-0.0,-0.925,-0.0,-0.0,-0.925,0.6828000000000001,4.654799999999987,0.31240000000000145
129,"([0.2, 0.2, 0.2, 0.2, 0.2], [0])","([0, 0, 0, 1, 0], [3])",-0.8590000000000001,-0.0,-0.0,-0.0,-0.0,-0.8590000000000001,0.6828000000000001,4.830999999999987,0.31240000000000145
130,"([0.2, 0.2, 0.2, 0.2, 0.2], [4])","([0, 0, 0, 1, 0], [3])",-0.0,-0.0,-0.0,-0.0,-0.6940000000000001,-0.6940000000000001,0.6828000000000001,4.842199999999987,0.31240000000000145
131,"([0.2, 0.2, 0.2, 0.2, 0.2], [4])","([0, 0, 0, 1, 0], [3])",-0.0,-0.0,-0.0,-0.0,-0.6940000000000001,-0.6940000000000001,0.6828000000000001,4.853399999999986,0.31240000000000145
132,"([0.2, 0.2, 0.2, 0.2, 0.2], [2])","([0, 0, 0, 1, 0], [3])",-0.0,-0.0,-0.925,-0.0,-0.0,-0.925,0.6828000000000001,5.095599999999987,0.31240000000000145
133,"([0.2, 0.2, 0.2, 0.2, 0.2], [3])","([0, 0, 0, 1, 0], [3])",-0.0,-0.0,-0.0,-0.0,-0.0,0.0,0.6828000000000001,4.4127999999999865,0.31240000000000145
134,"([0.2, 0.2, 0.2, 0.2, 0.2], [2])","([0, 0, 0, 1, 0], [3])",-0.0,-0.0,-0.925,-0.0,-0.0,-0.925,0.6828000000000001,4.654999999999987,0.31240000000000145
135,"([0.2, 0.2, 0.2, 0.2, 0.2], [0])","([0, 0, 0, 1, 0], [3])",-0.8590000000000001,-0.0,-0.0,-0.0,-0.0,-0.8590000000000001,0.6828000000000001,4.831199999999987,0.31240000000000145
136,"([0.2, 0.2, 0.2, 0.2, 0.2], [4])","([0, 0, 0, 1, 0], [3])",-0.0,-0.0,-0.0,-0.0,-0.6940000000000001,-0.6940000000000001,0.6828000000000001,4.842399999999986,0.31240000000000145
137,"([0.2, 0.2, 0.2, 0.2, 0.2], [2])","([0, 0, 0, 1, 0], [3])",-0.0,-0.0,-0.925,-0.0,-0.0,-0.925,0.6828000000000001,5.084599999999986,0.31240000000000145
138,"([0.2, 0.2, 0.2, 0.2, 0.2], [3])","([0, 0, 0, 1, 0], [3])",-0.0,-0.0,-0.0,-0.0,-0.0,0.0,0.6828000000000001,4.4017999999999855,0.31240000000000145
139,"([0.2, 0.2, 0.2, 0.2, 0.2], [4])","([0, 0, 0, 1, 0], [3])",-0.0,-0.0,-0.0,-0.0,-0.6940000000000001,-0.6940000000000001,0.6828000000000001,4.412999999999985,0.31240000000000145
140,"([0.2, 0.2, 0.2, 0.2, 0.2], [1])","([0, 0, 0, 1, 0], [3])",-0.0,-0.9359999999999999,-0.0,-0.0,-0.0,-0.9359999999999999,0.6828000000000001,4.666199999999985,0.31240000000000145
141,"([0.2, 0.2, 0.2, 0.2, 0.2], [3])","([0, 0, 0, 1, 0], [3])",-0.0,-0.0,-0.0,-0.0,-0.0,0.0,0.6828000000000001,3.9833999999999845,0.31240000000000145
142,"([0.2, 0.2, 0.2, 0.2, 0.2], [1])","([0, 0, 0, 1, 0], [3])",-0.0,-0.9359999999999999,-0.0,-0.0,-0.0,-0.9359999999999999,0.6828000000000001,4.236599999999984,0.31240000000000145
143,"([0.2, 0.2, 0.2, 0.2, 0.2], [2])","([0, 0, 0, 1, 0], [3])",-0.0,-0.0,-0.925,-0.0,-0.0,-0.925,0.6828000000000001,4.478799999999984,0.31240000000000145
144,"([0.2, 0.2, 0.2, 0.2, 0.2], [2])","([0, 0, 0, 1, 0], [3])",-0.0,-0.0,-0.925,-0.0,-0.0,-0.925,0.6828000000000001,4.720999999999984,0.31240000000000145
145,"([0.2, 0.2, 0.2, 0.2, 0.2], [0])","([0, 0, 0, 1, 0], [3])",-0.8590000000000001,-0.0,-0.0,-0.0,-0.0,-0.8590000000000001,0.6828000000000001,4.897199999999984,0.31240000000000145
146,"([0.2, 0.2, 0.2, 0.2, 0.2], [2])","([0, 0, 0, 1, 0], [3])",-0.0,-0.0,-0.925,-0.0,-0.0,-0.925,0.6828000000000001,5.139399999999984,0.31240000000000145
147,"([0.2, 0.2, 0.2, 0.2, 0.2], [0])","([0, 0, 0, 1, 0], [3])",-0.8590000000000001,-0.0,-0.0,-0.0,-0.0,-0.8590000000000001,0.6828000000000001,5.315599999999984,0.31240000000000145
148,"([0.2, 0.2, 0.2, 0.2, 0.2], [4])","([0, 0, 0, 1, 0], [3])",-0.0,-0.0,-0.0,-0.0,-0.6940000000000001,-0.6940000000000001,0.6828000000000001,5.3267999999999835,0.31240000000000145
149,"([0.2, 0.2, 0.2, 0.2, 0.2], [4])","([0, 0, 0, 1, 0], [3])",-0.0,-0.0,-0.0,-0.0,-0.6940000000000001,-0.6940000000000001,0.6828000000000001,5.337999999999983,0.31240000000000145
150,"([0.2, 0.2, 0.2, 0.2, 0.2], [1])","([0, 0, 0, 1, 0], [3])",-0.0,-0.9359999999999999,-0.0,-0.0,-0.0,-0.9359999999999999,0.6828000000000001,5.591199999999983,0.31240000000000145
151,"([0.2, 0.2, 0.2, 0.2, 0.2], [0])","([0, 0, 0, 1, 0], [3])",-0.8590000000000001,-0.0,-0.0,-0.0,-0.0,-0.8590000000000001,0.6828000000000001,5.7673999999999825,0.31240000000000145
152,"([0.2, 0.2, 0.2, 0.2, 0.2], [4])","([0, 0, 0, 1, 0], [3])",-0.0,-0.0,-0.0,-0.0,-0.6940000000000001,-0.6940000000000001,0.6828000000000001,5.778599999999982,0.31240000000000145
153,"([0.2, 0.2, 0.2, 0.2, 0.2], [2])","([0, 0, 0, 1, 0], [3])",-0.0,-0.0,-0.925,-0.0,-0.0,-0.925,0.6828000000000001,6.020799999999982,0.31240000000000145
154,"([0.2, 0.2, 0.2, 0.2, 0.2], [2])","([0, 0, 0, 1, 0], [3])",-0.0,-0.0,-0.925,-0.0,-0.0,-0.925,0.6828000000000001,6.262999999999982,0.31240000000000145
155,"([0.2, 0.2, 0.2, 0.2, 0.2], [1])","([0, 0, 0, 1, 0], [3])",-0.0,-0.9359999999999999,-0.0,-0.0,-0.0,-0.9359999999999999,0.6828000000000001,6.516199999999982,0.31240000000000145
156,"([0.2, 0.2, 0.2, 0.2, 0.2], [2])","([0, 0, 0, 1, 0], [3])",-0.0,-0.0,-0.925,-0.0,-0.0,-0.925,0.6828000000000001,6.758399999999982,0.31240000000000145
157,"([0.2, 0.2, 0.2, 0.2, 0.2], [3])","([0, 0, 0, 1, 0], [3])",-0.0,-0.0,-0.0,-0.0,-0.0,0.0,0.6828000000000001,6.075599999999982,0.31240000000000145
158,"([0.2, 0.2, 0.2, 0.2, 0.2], [0])","([0, 0, 0, 1, 0], [3])",-0.8590000000000001,-0.0,-0.0,-0.0,-0.0,-0.8590000000000001,0.6828000000000001,6.251799999999982,0.31240000000000145
159,"([0.2, 0.2, 0.2, 0.2, 0.2], [1])","([0, 0, 0, 1, 0], [3])",-0.0,-0.9359999999999999,-0.0,-0.0,-0.0,-0.9359999999999999,0.6828000000000001,6.504999999999981,0.31240000000000145
160,"([0.2, 0.2, 0.2, 0.2, 0.2], [0])","([0, 0, 0, 1, 0], [3])",-0.8590000000000001,-0.0,-0.0,-0.0,-0.0,-0.8590000000000001,0.6828000000000001,6.681199999999981,0.31240000000000145
161,"([0.2, 0.2, 0.2, 0.2, 0.2], [1])","([0, 0, 0, 1, 0], [3])",-0.0,-0.9359999999999999,-0.0,-0.0,-0.0,-0.9359999999999999,0.6828000000000001,6.934399999999981,0.31240000000000145
162,"([0.2, 0.2, 0.2, 0.2, 0.2], [3])","([0, 0, 0, 1, 0], [3])",-0.0,-0.0,-0.0,-0.0,-0.0,0.0,0.6828000000000001,6.25159999999998,0.31240000000000145
163,"([0.2, 0.2, 0.2, 0.2, 0.2], [2])","([0, 0, 0, 1, 0], [3])",-0.0,-0.0,-0.925,-0.0,-0.0,-0.925,0.6828000000000001,6.493799999999981,0.31240000000000145
164,"([0.2, 0.2, 0.2, 0.2, 0.2], [4])","([0, 0, 0, 1, 0], [3])",-0.0,-0.0,-0.0,-0.0,-0.6940000000000001,-0.6940000000000001,0.6828000000000001,6.50499999999998,0.31240000000000145
165,"([0.2, 0.2, 0.2, 0.2, 0.2], [2])","([0, 0, 0, 1, 0], [3])",-0.0,-0.0,-0.925,-0.0,-0.0,-0.925,0.6828000000000001,6.74719999999998,0.31240000000000145
166,"([0.2, 0.2, 0.2, 0.2, 0.2], [0])","([0, 0, 0, 1, 0], [3])",-0.8590000000000001,-0.0,-0.0,-0.0,-0.0,-0.8590000000000001,0.6828000000000001,6.92339999999998,0.31240000000000145
167,"([0.2, 0.2, 0.2, 0.2, 0.2], [4])","([0, 0, 0, 1, 0], [3])",-0.0,-0.0,-0.0,-0.0,-0.6940000000000001,-0.6940000000000001,0.6828000000000001,6.934599999999979,0.31240000000000145
168,"([0.2, 0.2, 0.2, 0.2, 0.2], [3])","([0, 0, 0, 1, 0], [3])",-0.0,-0.0,-0.0,-0.0,-0.0,0.0,0.6828000000000001,6.251799999999979,0.31240000000000145
169,"([0.2, 0.2, 0.2, 0.2, 0.2], [0])","([0, 0, 0, 1, 0], [3])",-0.8590000000000001,-0.0,-0.0,-0.0,-0.0,-0.8590000000000001,0.6828000000000001,6.427999999999979,0.31240000000000145
170,"([0.2, 0.2, 0.2, 0.2, 0.2], [2])","([0, 0, 0, 1, 0], [3])",-0.0,-0.0,-0.925,-0.0,-0.0,-0.925,0.6828000000000001,6.670199999999978,0.31240000000000145
171,"([0.2, 0.2, 0.2, 0.2, 0.2], [2])","([0, 0, 0, 1, 0], [3])",-0.0,-0.0,-0.925,-0.0,-0.0,-0.925,0.6828000000000001,6.912399999999979,0.31240000000000145
172,"([0.2, 0.2, 0.2, 0.2, 0.2], [3])","([0, 0, 0, 1, 0], [3])",-0.0,-0.0,-0.0,-0.0,-0.0,0.0,0.6828000000000001,6.229599999999978,0.31240000000000145
173,"([0.2, 0.2, 0.2, 0.2, 0.2], [4])","([0, 0, 0, 1, 0], [3])",-0.0,-0.0,-0.0,-0.0,-0.6940000000000001,-0.6940000000000001,0.6828000000000001,6.240799999999978,0.31240000000000145
174,"([0.2, 0.2, 0.2, 0.2, 0.2], [3])","([0, 0, 0, 1, 0], [3])",-0.0,-0.0,-0.0,-0.0,-0.0,0.0,0.6828000000000001,5.557999999999978,0.31240000000000145
175,"([0.2, 0.2, 0.2, 0.2, 0.2], [0])","([0, 0, 0, 1, 0], [3])",-0.8590000000000001,-0.0,-0.0,-0.0,-0.0,-0.8590000000000001,0.6828000000000001,5.734199999999977,0.31240000000000145
176,"([0.2, 0.2, 0.2, 0.2, 0.2], [2])","([0, 0, 0, 1, 0], [3])",-0.0,-0.0,-0.925,-0.0,-0.0,-0.925,0.6828000000000001,5.976399999999977,0.31240000000000145
177,"([0.2, 0.2, 0.2, 0.2, 0.2], [4])","([0, 0, 0, 1, 0], [3])",-0.0,-0.0,-0.0,-0.0,-0.6940000000000001,-0.6940000000000001,0.6828000000000001,5.9875999999999765,0.31240000000000145
178,"([0.2, 0.2, 0.2, 0.2, 0.2], [3])","([0, 0, 0, 1, 0], [3])",-0.0,-0.0,-0.0,-0.0,-0.0,0.0,0.6828000000000001,5.304799999999976,0.31240000000000145
179,"([0.2, 0.2, 0.2, 0.2, 0.2], [2])","([0, 0, 0, 1, 0], [3])",-0.0,-0.0,-0.925,-0.0,-0.0,-0.925,0.6828000000000001,5.546999999999976,0.31240000000000145
180,"([0.2, 0.2, 0.2, 0.2, 0.2], [2])","([0, 0, 0, 1, 0], [3])",-0.0,-0.0,-0.925,-0.0,-0.0,-0.925,0.6828000000000001,5.789199999999976,0.31240000000000145
181,"([0.2, 0.2, 0.2, 0.2, 0.2], [3])","([0, 0, 0, 1, 0], [3])",-0.0,-0.0,-0.0,-0.0,-0.0,0.0,0.6828000000000001,5.106399999999976,0.31240000000000145
182,"([0.2, 0.2, 0.2, 0.2, 0.2], [2])","([0, 0, 0, 1, 0], [3])",-0.0,-0.0,-0.925,-0.0,-0.0,-0.925,0.6828000000000001,5.348599999999976,0.31240000000000145
183,"([0.2, 0.2, 0.2, 0.2, 0.2], [3])","([0, 0, 0, 1, 0], [3])",-0.0,-0.0,-0.0,-0.0,-0.0,0.0,0.6828000000000001,4.665799999999976,0.31240000000000145
184,"([0.2, 0.2, 0.2, 0.2, 0.2], [4])","([0, 0, 0, 1, 0], [3])",-0.0,-0.0,-0.0,-0.0,-0.6940000000000001,-0.6940000000000001,0.6828000000000001,4.676999999999976,0.31240000000000145
185,"([0.2, 0.2, 0.2, 0.2, 0.2], [4])","([0, 0, 0, 1, 0], [3])",-0.0,-0.0,-0.0,-0.0,-0.6940000000000001,-0.6940000000000001,0.6828000000000001,4.688199999999975,0.31240000000000145
186,"([0.2, 0.2, 0.2, 0.2, 0.2], [1])","([0, 0, 0, 1, 0], [3])",-0.0,-0.9359999999999999,-0.0,-0.0,-0.0,-0.9359999999999999,0.6828000000000001,4.941399999999975,0.31240000000000145
187,"([0.2, 0.2, 0.2, 0.2, 0.2], [1])","([0, 0, 0, 1, 0], [3])",-0.0,-0.9359999999999999,-0.0,-0.0,-0.0,-0.9359999999999999,0.6828000000000001,5.194599999999975,0.31240000000000145
188,"([0.2, 0.2, 0.2, 0.2, 0.2], [3])","([0, 0, 0, 1, 0], [3])",-0.0,-0.0,-0.0,-0.0,-0.0,0.0,0.6828000000000001,4.511799999999974,0.31240000000000145
189,"([0.2, 0.2, 0.2, 0.2, 0.2], [1])","([0, 0, 0, 1, 0], [3])",-0.0,-0.9359999999999999,-0.0,-0.0,-0.0,-0.9359999999999999,0.6828000000000001,4.764999999999974,0.31240000000000145
190,"([0.2, 0.2, 0.2, 0.2, 0.2], [4])","([0, 0, 0, 1, 0], [3])",-0.0,-0.0,-0.0,-0.0,-0.6940000000000001,-0.6940000000000001,0.6828000000000001,4.776199999999974,0.31240000000000145
191,"([0.2, 0.2, 0.2, 0.2, 0.2], [3])","([0, 0, 0, 1, 0], [3])",-0.0,-0.0,-0.0,-0.0,-0.0,0.0,0.6828000000000001,4.093399999999973,0.31240000000000145
192,"([0.2, 0.2, 0.2, 0.2, 0.2], [0])","([0, 0, 0, 1, 0], [3])",-0.8590000000000001,-0.0,-0.0,-0.0,-0.0,-0.8590000000000001,0.6828000000000001,4.269599999999973,0.31240000000000145
193,"([0.2, 0.2, 0.2, 0.2, 0.2], [0])","([0, 0, 0, 1, 0], [3])",-0.8590000000000001,-0.0,-0.0,-0.0,-0.0,-0.8590000000000001,0.6828000000000001,4.445799999999973,0.31240000000000145
194,"([0.2, 0.2, 0.2, 0.2, 0.2], [2])","([0, 0, 0, 1, 0], [3])",-0.0,-0.0,-0.925,-0.0,-0.0,-0.925,0.6828000000000001,4.687999999999972,0.31240000000000145
195,"([0.2, 0.2, 0.2, 0.2, 0.2], [1])","([0, 0, 0, 1, 0], [3])",-0.0,-0.9359999999999999,-0.0,-0.0,-0.0,-0.9359999999999999,0.6828000000000001,4.941199999999972,0.31240000000000145
196,"([0.2, 0.2, 0.2, 0.2, 0.2], [3])","([0, 0, 0, 1, 0], [3])",-0.0,-0.0,-0.0,-0.0,-0.0,0.0,0.6828000000000001,4.2583999999999715,0.31240000000000145
197,"([0.2, 0.2, 0.2, 0.2, 0.2], [2])","([0, 0, 0, 1, 0], [3])",-0.0,-0.0,-0.925,-0.0,-0.0,-0.925,0.6828000000000001,4.500599999999972,0.31240000000000145
198,"([0.2, 0.2, 0.2, 0.2, 0.2], [3])","([0, 0, 0, 1, 0], [3])",-0.0,-0.0,-0.0,-0.0,-0.0,0.0,0.6828000000000001,3.8177999999999717,0.31240000000000145
199,"([0.2, 0.2, 0.2, 0.2, 0.2], [4])","([0, 0, 0, 1, 0], [3])",-0.0,-0.0,-0.0,-0.0,-0.6940000000000001,-0.6940000000000001,0.6828000000000001,3.8289999999999718,0.31240000000000145
200,"([0.2, 0.2, 0.2, 0.2, 0.2], [1])","([0, 0, 0, 1, 0], [3])",-0.0,-0.9359999999999999,-0.0,-0.0,-0.0,-0.9359999999999999,0.6828000000000001,4.082199999999972,0.31240000000000145
201,"([0.2, 0.2, 0.2, 0.2, 0.2], [2])","([0, 0, 0, 1, 0], [3])",-0.0,-0.0,-0.925,-0.0,-0.0,-0.925,0.6828000000000001,4.324399999999972,0.31240000000000145
202,"([0.2, 0.2, 0.2, 0.2, 0.2], [2])","([0, 0, 0, 1, 0], [3])",-0.0,-0.0,-0.925,-0.0,-0.0,-0.925,0.6828000000000001,4.566599999999973,0.31240000000000145
203,"([0.2, 0.2, 0.2, 0.2, 0.2], [3])","([0, 0, 0, 1, 0], [3])",-0.0,-0.0,-0.0,-0.0,-0.0,0.0,0.6828000000000001,3.8837999999999724,0.31240000000000145
204,"([0.2, 0.2, 0.2, 0.2, 0.2], [3])","([0, 0, 0, 1, 0], [3])",-0.0,-0.0,-0.0,-0.0,-0.0,0.0,0.6828000000000001,3.200999999999972,0.31240000000000145
205,"([0.2, 0.2, 0.2, 0.2, 0.2], [0])","([0, 0, 0, 1, 0], [3])",-0.8590000000000001,-0.0,-0.0,-0.0,-0.0,-0.8590000000000001,0.6828000000000001,3.3771999999999722,0.31240000000000145
206,"([0.2, 0.2, 0.2, 0.2, 0.2], [4])","([0, 0, 0, 1, 0], [3])",-0.0,-0.0,-0.0,-0.0,-0.6940000000000001,-0.6940000000000001,0.6828000000000001,3.3883999999999723,0.31240000000000145
207,"([0.2, 0.2, 0.2, 0.2, 0.2], [4])","([0, 0, 0, 1, 0], [3])",-0.0,-0.0,-0.0,-0.0,-0.6940000000000001,-0.6940000000000001,0.6828000000000001,3.3995999999999724,0.31240000000000145
208,"([0.2, 0.2, 0.2, 0.2, 0.2], [0])","([0, 0, 0, 1, 0], [3])",-0.8590000000000001,-0.0,-0.0,-0.0,-0.0,-0.8590000000000001,0.6828000000000001,3.5757999999999726,0.31240000000000145
209,"([0.2, 0.2, 0.2, 0.2, 0.2], [0])","([0, 0, 0, 1, 0], [3])",-0.8590000000000001,-0.0,-0.0,-0.0,-0.0,-0.8590000000000001,0.6828000000000001,3.7519999999999727,0.31240000000000145
210,"([0.2, 0.2, 0.2, 0.2, 0.2], [3])","([0, 0, 0, 1, 0], [3])",-0.0,-0.0,-0.0,-0.0,-0.0,0.0,0.6828000000000001,3.069199999999973,0.31240000000000145
211,"([0.2, 0.2, 0.2, 0.2, 0.2], [0])","([0, 0, 0, 1, 0], [3])",-0.8590000000000001,-0.0,-0.0,-0.0,-0.0,-0.8590000000000001,0.6828000000000001,3.245399999999973,0.31240000000000145
212,"([0.2, 0.2, 0.2, 0.2, 0.2], [1])","([0, 0, 0, 1, 0], [3])",-0.0,-0.9359999999999999,-0.0,-0.0,-0.0,-0.9359999999999999,0.6828000000000001,3.498599999999973,0.31240000000000145
213,"([0.2, 0.2, 0.2, 0.2, 0.2], [3])","([0, 0, 0, 1, 0], [3])",-0.0,-0.0,-0.0,-0.0,-0.0,0.0,0.6828000000000001,2.8157999999999728,0.31240000000000145
214,"([0.2, 0.2, 0.2, 0.2, 0.2], [1])","([0, 0, 0, 1, 0], [3])",-0.0,-0.9359999999999999,-0.0,-0.0,-0.0,-0.9359999999999999,0.6828000000000001,3.0689999999999724,0.31240000000000145
215,"([0.2, 0.2, 0.2, 0.2, 0.2], [0])","([0, 0, 0, 1, 0], [3])",-0.8590000000000001,-0.0,-0.0,-0.0,-0.0,-0.8590000000000001,0.6828000000000001,3.2451999999999726,0.31240000000000145
216,"([0.2, 0.2, 0.2, 0.2, 0.2], [0])","([0, 0, 0, 1, 0], [3])",-0.8590000000000001,-0.0,-0.0,-0.0,-0.0,-0.8590000000000001,0.6828000000000001,3.4213999999999727,0.31240000000000145
217,"([0.2, 0.2, 0.2, 0.2, 0.2], [4])","([0, 0, 0, 1, 0], [3])",-0.0,-0.0,-0.0,-0.0,-0.6940000000000001,-0.6940000000000001,0.6828000000000001,3.432599999999973,0.31240000000000145
218,"([0.2, 0.2, 0.2, 0.2, 0.2], [0])","([0, 0, 0, 1, 0], [3])",-0.8590000000000001,-0.0,-0.0,-0.0,-0.0,-0.8590000000000001,0.6828000000000001,3.608799999999973,0.31240000000000145
219,"([0.2, 0.2, 0.2, 0.2, 0.2], [0])","([0, 0, 0, 1, 0], [3])",-0.8590000000000001,-0.0,-0.0,-0.0,-0.0,-0.8590000000000001,0.6828000000000001,3.784999999999973,0.31240000000000145
220,"([0.2, 0.2, 0.2, 0.2, 0.2], [3])","([0, 0, 0, 1, 0], [3])",-0.0,-0.0,-0.0,-0.0,-0.0,0.0,0.6828000000000001,3.102199999999973,0.31240000000000145
221,"([0.2, 0.2, 0.2, 0.2, 0.2], [0])","([0, 0, 0, 1, 0], [3])",-0.8590000000000001,-0.0,-0.0,-0.0,-0.0,-0.8590000000000001,0.6828000000000001,3.2783999999999733,0.31240000000000145
222,"([0.2, 0.2, 0.2, 0.2, 0.2], [0])","([0, 0, 0, 1, 0], [3])",-0.8590000000000001,-0.0,-0.0,-0.0,-0.0,-0.8590000000000001,0.6828000000000001,3.4545999999999735,0.31240000000000145
223,"([0.2, 0.2, 0.2, 0.2, 0.2], [3])","([0, 0, 0, 1, 0], [3])",-0.0,-0.0,-0.0,-0.0,-0.0,0.0,0.6828000000000001,2.771799999999973,0.31240000000000145
224,"([0.2, 0.2, 0.2, 0.2, 0.2], [3])","([0, 0, 0, 1, 0], [3])",-0.0,-0.0,-0.0,-0.0,-0.0,0.0,0.6828000000000001,2.088999999999973,0.31240000000000145
225,"([0.2, 0.2, 0.2, 0.2, 0.2], [2])","([0, 0, 0, 1, 0], [3])",-0.0,-0.0,-0.925,-0.0,-0.0,-0.925,0.6828000000000001,2.331199999999973,0.31240000000000145
226,"([0.2, 0.2, 0.2, 0.2, 0.2], [3])","([0, 0, 0, 1, 0], [3])",-0.0,-0.0,-0.0,-0.0,-0.0,0.0,0.6828000000000001,1.6483999999999728,0.31240000000000145
227,"([0.2, 0.2, 0.2, 0.2, 0.2], [0])","([0, 0, 0, 1, 0], [3])",-0.8590000000000001,-0.0,-0.0,-0.0,-0.0,-0.8590000000000001,0.6828000000000001,1.8245999999999727,0.31240000000000145
228,"([0.2, 0.2, 0.2, 0.2, 0.2], [3])","([0, 0, 0, 1, 0], [3])",-0.0,-0.0,-0.0,-0.0,-0.0,0.0,0.6828000000000001,1.1417999999999726,0.31240000000000145
229,"([0.2, 0.2, 0.2, 0.2, 0.2], [2])","([0, 0, 0, 1, 0], [3])",-0.0,-0.0,-0.925,-0.0,-0.0,-0.925,0.6828000000000001,1.3839999999999726,0.31240000000000145
230,"([0.2, 0.2, 0.2, 0.2, 0.2], [3])","([0, 0, 0, 1, 0], [3])",-0.0,-0.0,-0.0,-0.0,-0.0,0.0,0.6828000000000001,0.7011999999999725,0.31240000000000145
231,"([0.2, 0.2, 0.2, 0.2, 0.2], [3])","([0, 0, 0, 1, 0], [3])",-0.0,-0.0,-0.0,-0.0,-0.0,0.0,0.6828000000000001,0.01839999999997244,0.31240000000000145
232,"([0.2, 0.2, 0.2, 0.2, 0.2], [1])","([0, 0, 0, 1, 0], [3])",-0.0,-0.9359999999999999,-0.0,-0.0,-0.0,-0.9359999999999999,0.6828000000000001,0.2715999999999723,0.31240000000000145
233,"([0.2, 0.2, 0.2, 0.2, 0.2], [2])","([0, 0, 0, 1, 0], [3])",-0.0,-0.0,-0.925,-0.0,-0.0,-0.925,0.6828000000000001,0.5137999999999723,0.31240000000000145
234,"([0.2, 0.2, 0.2, 0.2, 0.2], [3])","([0, 0, 0, 1, 0], [3])",-0.0,-0.0,-0.0,-0.0,-0.0,0.0,0.6828000000000001,-0.1690000000000278,0.31240000000000145
235,"([0.2, 0.2, 0.2, 0.2, 0.2], [2])","([0, 0, 0, 1, 0], [3])",-0.0,-0.0,-0.925,-0.0,-0.0,-0.925,0.6828000000000001,0.07319999999997218,0.31240000000000145
236,"([0.2, 0.2, 0.2, 0.2, 0.2], [2])","([0, 0, 0, 1, 0], [3])",-0.0,-0.0,-0.925,-0.0,-0.0,-0.925,0.6828000000000001,0.31539999999997215,0.31240000000000145
237,"([0.2, 0.2, 0.2, 0.2, 0.2], [3])","([0, 0, 0, 1, 0], [3])",-0.0,-0.0,-0.0,-0.0,-0.0,0.0,0.6828000000000001,-0.3674000000000279,0.31240000000000145
238,"([0.2, 0.2, 0.2, 0.2, 0.2], [4])","([0, 0, 0, 1, 0], [3])",-0.0,-0.0,-0.0,-0.0,-0.6940000000000001,-0.6940000000000001,0.6828000000000001,-0.35620000000002794,0.31240000000000145
239,"([0.2, 0.2, 0.2, 0.2, 0.2], [2])","([0, 0, 0, 1, 0], [3])",-0.0,-0.0,-0.925,-0.0,-0.0,-0.925,0.6828000000000001,-0.11400000000002797,0.31240000000000145
240,"([0.2, 0.2, 0.2, 0.2, 0.2], [2])","([0, 0, 0, 1, 0], [3])",-0.0,-0.0,-0.925,-0.0,-0.0,-0.925,0.6828000000000001,0.128199999999972,0.31240000000000145
241,"([0.2, 0.2, 0.2, 0.2, 0.2], [1])","([0, 0, 0, 1, 0], [3])",-0.0,-0.9359999999999999,-0.0,-0.0,-0.0,-0.9359999999999999,0.6828000000000001,0.3813999999999719,0.31240000000000145
242,"([0.2, 0.2, 0.2, 0.2, 0.2], [1])","([0, 0, 0, 1, 0], [3])",-0.0,-0.9359999999999999,-0.0,-0.0,-0.0,-0.9359999999999999,0.6828000000000001,0.6345999999999717,0.31240000000000145
243,"([0.2, 0.2, 0.2, 0.2, 0.2], [3])","([0, 0, 0, 1, 0], [3])",-0.0,-0.0,-0.0,-0.0,-0.0,0.0,0.6828000000000001,-0.04820000000002833,0.31240000000000145
244,"([0.2, 0.2, 0.2, 0.2, 0.2], [4])","([0, 0, 0, 1, 0], [3])",-0.0,-0.0,-0.0,-0.0,-0.6940000000000001,-0.6940000000000001,0.6828000000000001,-0.037000000000028344,0.31240000000000145
245,"([0.2, 0.2, 0.2, 0.2, 0.2], [1])","([0, 0, 0, 1, 0], [3])",-0.0,-0.9359999999999999,-0.0,-0.0,-0.0,-0.9359999999999999,0.6828000000000001,0.21619999999997153,0.31240000000000145
246,"([0.2, 0.2, 0.2, 0.2, 0.2], [1])","([0, 0, 0, 1, 0], [3])",-0.0,-0.9359999999999999,-0.0,-0.0,-0.0,-0.9359999999999999,0.6828000000000001,0.4693999999999714,0.31240000000000145
247,"([0.2, 0.2, 0.2, 0.2, 0.2], [4])","([0, 0, 0, 1, 0], [3])",-0.0,-0.0,-0.0,-0.0,-0.6940000000000001,-0.6940000000000001,0.6828000000000001,0.4805999999999714,0.31240000000000145
248,"([0.2, 0.2, 0.2, 0.2, 0.2], [1])","([0, 0, 0, 1, 0], [3])",-0.0,-0.9359999999999999,-0.0,-0.0,-0.0,-0.9359999999999999,0.6828000000000001,0.7337999999999713,0.31240000000000145
249,"([0.2, 0.2, 0.2, 0.2, 0.2], [3])","([0, 0, 0, 1, 0], [3])",-0.0,-0.0,-0.0,-0.0,-0.0,0.0,0.6828000000000001,0.05099999999997118,0.31240000000000145
250,"([0.2, 0.2, 0.2, 0.2, 0.2], [4])","([0, 0, 0, 1, 0], [3])",-0.0,-0.0,-0.0,-0.0,-0.6940000000000001,-0.6940000000000001,0.6828000000000001,0.06219999999997117,0.31240000000000145
251,"([0.2, 0.2, 0.2, 0.2, 0.2], [3])","([0, 0, 0, 1, 0], [3])",-0.0,-0.0,-0.0,-0.0,-0.0,0.0,0.6828000000000001,-0.6206000000000289,0.31240000000000145
252,"([0.2, 0.2, 0.2, 0.2, 0.2], [2])","([0, 0, 0, 1, 0], [3])",-0.0,-0.0,-0.925,-0.0,-0.0,-0.925,0.6828000000000001,-0.37840000000002894,0.31240000000000145
253,"([0.2, 0.2, 0.2, 0.2, 0.2], [4])","([0, 0, 0, 1, 0], [3])",-0.0,-0.0,-0.0,-0.0,-0.6940000000000001,-0.6940000000000001,0.6828000000000001,-0.36720000000002895,0.31240000000000145
254,"([0.2, 0.2, 0.2, 0.2, 0.2], [1])","([0, 0, 0, 1, 0], [3])",-0.0,-0.9359999999999999,-0.0,-0.0,-0.0,-0.9359999999999999,0.6828000000000001,-0.11400000000002908,0.31240000000000145
255,"([0.2, 0.2, 0.2, 0.2, 0.2], [4])","([0, 0, 0, 1, 0], [3])",-0.0,-0.0,-0.0,-0.0,-0.6940000000000001,-0.6940000000000001,0.6828000000000001,-0.10280000000002909,0.31240000000000145
256,"([0.2, 0.2, 0.2, 0.2, 0.2], [1])","([0, 0, 0, 1, 0], [3])",-0.0,-0.9359999999999999,-0.0,-0.0,-0.0,-0.9359999999999999,0.6828000000000001,0.15039999999997078,0.31240000000000145
257,"([0.2, 0.2, 0.2, 0.2, 0.2], [4])","([0, 0, 0, 1, 0], [3])",-0.0,-0.0,-0.0,-0.0,-0.6940000000000001,-0.6940000000000001,0.6828000000000001,0.16159999999997077,0.31240000000000145
258,"([0.2, 0.2, 0.2, 0.2, 0.2], [1])","([0, 0, 0, 1, 0], [3])",-0.0,-0.9359999999999999,-0.0,-0.0,-0.0,-0.9359999999999999,0.6828000000000001,0.41479999999997064,0.31240000000000145
259,"([0.2, 0.2, 0.2, 0.2, 0.2], [4])","([0, 0, 0, 1, 0], [3])",-0.0,-0.0,-0.0,-0.0,-0.6940000000000001,-0.6940000000000001,0.6828000000000001,0.4259999999999706,0.31240000000000145
260,"([0.2, 0.2, 0.2, 0.2, 0.2], [0])","([0, 0, 0, 1, 0], [3])",-0.8590000000000001,-0.0,-0.0,-0.0,-0.0,-0.8590000000000001,0.6828000000000001,0.6021999999999706,0.31240000000000145
261,"([0.2, 0.2, 0.2, 0.2, 0.2], [2])","([0, 0, 0, 1, 0], [3])",-0.0,-0.0,-0.925,-0.0,-0.0,-0.925,0.6828000000000001,0.8443999999999706,0.31240000000000145
262,"([0.2, 0.2, 0.2, 0.2, 0.2], [0])","([0, 0, 0, 1, 0], [3])",-0.8590000000000001,-0.0,-0.0,-0.0,-0.0,-0.8590000000000001,0.6828000000000001,1.0205999999999706,0.31240000000000145
263,"([0.2, 0.2, 0.2, 0.2, 0.2], [1])","([0, 0, 0, 1, 0], [3])",-0.0,-0.9359999999999999,-0.0,-0.0,-0.0,-0.9359999999999999,0.6828000000000001,1.2737999999999705,0.31240000000000145
264,"([0.2, 0.2, 0.2, 0.2, 0.2], [0])","([0, 0, 0, 1, 0], [3])",-0.8590000000000001,-0.0,-0.0,-0.0,-0.0,-0.8590000000000001,0.6828000000000001,1.4499999999999704,0.31240000000000145
265,"([0.2, 0.2, 0.2, 0.2, 0.2], [2])","([0, 0, 0, 1, 0], [3])",-0.0,-0.0,-0.925,-0.0,-0.0,-0.925,0.6828000000000001,1.6921999999999704,0.31240000000000145
266,"([0.2, 0.2, 0.2, 0.2, 0.2], [3])","([0, 0, 0, 1, 0], [3])",-0.0,-0.0,-0.0,-0.0,-0.0,0.0,0.6828000000000001,1.0093999999999703,0.31240000000000145
267,"([0.2, 0.2, 0.2, 0.2, 0.2], [3])","([0, 0, 0, 1, 0], [3])",-0.0,-0.0,-0.0,-0.0,-0.0,0.0,0.6828000000000001,0.32659999999997025,0.31240000000000145
268,"([0.2, 0.2, 0.2, 0.2, 0.2], [0])","([0, 0, 0, 1, 0], [3])",-0.8590000000000001,-0.0,-0.0,-0.0,-0.0,-0.8590000000000001,0.6828000000000001,0.5027999999999703,0.31240000000000145
269,"([0.2, 0.2, 0.2, 0.2, 0.2], [0])","([0, 0, 0, 1, 0], [3])",-0.8590000000000001,-0.0,-0.0,-0.0,-0.0,-0.8590000000000001,0.6828000000000001,0.6789999999999703,0.31240000000000145
270,"([0.2, 0.2, 0.2, 0.2, 0.2], [3])","([0, 0, 0, 1, 0], [3])",-0.0,-0.0,-0.0,-0.0,-0.0,0.0,0.6828000000000001,-0.0038000000000297796,0.31240000000000145
271,"([0.2, 0.2, 0.2, 0.2, 0.2], [4])","([0, 0, 0, 1, 0], [3])",-0.0,-0.0,-0.0,-0.0,-0.6940000000000001,-0.6940000000000001,0.6828000000000001,0.007399999999970208,0.31240000000000145
272,"([0.2, 0.2, 0.2, 0.2, 0.2], [2])","([0, 0, 0, 1, 0], [3])",-0.0,-0.0,-0.925,-0.0,-0.0,-0.925,0.6828000000000001,0.24959999999997018,0.31240000000000145
273,"([0.2, 0.2, 0.2, 0.2, 0.2], [0])","([0, 0, 0, 1, 0], [3])",-0.8590000000000001,-0.0,-0.0,-0.0,-0.0,-0.8590000000000001,0.6828000000000001,0.4257999999999702,0.31240000000000145
274,"([0.2, 0.2, 0.2, 0.2, 0.2], [4])","([0, 0, 0, 1, 0], [3])",-0.0,-0.0,-0.0,-0.0,-0.6940000000000001,-0.6940000000000001,0.6828000000000001,0.4369999999999702,0.31240000000000145
275,"([0.2, 0.2, 0.2, 0.2, 0.2], [0])","([0, 0, 0, 1, 0], [3])",-0.8590000000000001,-0.0,-0.0,-0.0,-0.0,-0.8590000000000001,0.6828000000000001,0.6131999999999702,0.31240000000000145
276,"([0.2, 0.2, 0.2, 0.2, 0.2], [1])","([0, 0, 0, 1, 0], [3])",-0.0,-0.9359999999999999,-0.0,-0.0,-0.0,-0.9359999999999999,0.6828000000000001,0.8663999999999701,0.31240000000000145
277,"([0.2, 0.2, 0.2, 0.2, 0.2], [1])","([0, 0, 0, 1, 0], [3])",-0.0,-0.9359999999999999,-0.0,-0.0,-0.0,-0.9359999999999999,0.6828000000000001,1.11959999999997,0.31240000000000145
278,"([0.2, 0.2, 0.2, 0.2, 0.2], [1])","([0, 0, 0, 1, 0], [3])",-0.0,-0.9359999999999999,-0.0,-0.0,-0.0,-0.9359999999999999,0.6828000000000001,1.3727999999999698,0.31240000000000145
279,"([0.2, 0.2, 0.2, 0.2, 0.2], [2])","([0, 0, 0, 1, 0], [3])",-0.0,-0.0,-0.925,-0.0,-0.0,-0.925,0.6828000000000001,1.6149999999999698,0.31240000000000145
280,"([0.2, 0.2, 0.2, 0.2, 0.2], [1])","([0, 0, 0, 1, 0], [3])",-0.0,-0.9359999999999999,-0.0,-0.0,-0.0,-0.9359999999999999,0.6828000000000001,1.8681999999999697,0.31240000000000145
281,"([0.2, 0.2, 0.2, 0.2, 0.2], [3])","([0, 0, 0, 1, 0], [3])",-0.0,-0.0,-0.0,-0.0,-0.0,0.0,0.6828000000000001,1.1853999999999696,0.31240000000000145
282,"([0.2, 0.2, 0.2, 0.2, 0.2], [2])","([0, 0, 0, 1, 0], [3])",-0.0,-0.0,-0.925,-0.0,-0.0,-0.925,0.6828000000000001,1.4275999999999696,0.31240000000000145
283,"([0.2, 0.2, 0.2, 0.2, 0.2], [4])","([0, 0, 0, 1, 0], [3])",-0.0,-0.0,-0.0,-0.0,-0.6940000000000001,-0.6940000000000001,0.6828000000000001,1.4387999999999694,0.31240000000000145
284,"([0.2, 0.2, 0.2, 0.2, 0.2], [3])","([0, 0, 0, 1, 0], [3])",-0.0,-0.0,-0.0,-0.0,-0.0,0.0,0.6828000000000001,0.7559999999999694,0.31240000000000145
285,"([0.2, 0.2, 0.2, 0.2, 0.2], [4])","([0, 0, 0, 1, 0], [3])",-0.0,-0.0,-0.0,-0.0,-0.6940000000000001,-0.6940000000000001,0.6828000000000001,0.7671999999999694,0.31240000000000145
286,"([0.2, 0.2, 0.2, 0.2, 0.2], [1])","([0, 0, 0, 1, 0], [3])",-0.0,-0.9359999999999999,-0.0,-0.0,-0.0,-0.9359999999999999,0.6828000000000001,1.0203999999999693,0.31240000000000145
287,"([0.2, 0.2, 0.2, 0.2, 0.2], [3])","([0, 0, 0, 1, 0], [3])",-0.0,-0.0,-0.0,-0.0,-0.0,0.0,0.6828000000000001,0.33759999999996926,0.31240000000000145
288,"([0.2, 0.2, 0.2, 0.2, 0.2], [4])","([0, 0, 0, 1, 0], [3])",-0.0,-0.0,-0.0,-0.0,-0.6940000000000001,-0.6940000000000001,0.6828000000000001,0.34879999999996925,0.31240000000000145
289,"([0.2, 0.2, 0.2, 0.2, 0.2], [1])","([0, 0, 0, 1, 0], [3])",-0.0,-0.9359999999999999,-0.0,-0.0,-0.0,-0.9359999999999999,0.6828000000000001,0.6019999999999691,0.31240000000000145
290,"([0.2, 0.2, 0.2, 0.2, 0.2], [1])","([0, 0, 0, 1, 0], [3])",-0.0,-0.9359999999999999,-0.0,-0.0,-0.0,-0.9359999999999999,0.6828000000000001,0.855199999999969,0.31240000000000145
291,"([0.2, 0.2, 0.2, 0.2, 0.2], [0])","([0, 0, 0, 1, 0], [3])",-0.8590000000000001,-0.0,-0.0,-0.0,-0.0,-0.8590000000000001,0.6828000000000001,1.031399999999969,0.31240000000000145
292,"([0.2, 0.2, 0.2, 0.2, 0.2], [4])","([0, 0, 0, 1, 0], [3])",-0.0,-0.0,-0.0,-0.0,-0.6940000000000001,-0.6940000000000001,0.6828000000000001,1.042599999999969,0.31240000000000145
293,"([0.2, 0.2, 0.2, 0.2, 0.2], [1])","([0, 0, 0, 1, 0], [3])",-0.0,-0.9359999999999999,-0.0,-0.0,-0.0,-0.9359999999999999,0.6828000000000001,1.295799999999969,0.31240000000000145
294,"([0.2, 0.2, 0.2, 0.2, 0.2], [0])","([0, 0, 0, 1, 0], [3])",-0.8590000000000001,-0.0,-0.0,-0.0,-0.0,-0.8590000000000001,0.6828000000000001,1.4719999999999689,0.31240000000000145
295,"([0.2, 0.2, 0.2, 0.2, 0.2], [1])","([0, 0, 0, 1, 0], [3])",-0.0,-0.9359999999999999,-0.0,-0.0,-0.0,-0.9359999999999999,0.6828000000000001,1.7251999999999688,0.31240000000000145
296,"([0.2, 0.2, 0.2, 0.2, 0.2], [4])","([0, 0, 0, 1, 0], [3])",-0.0,-0.0,-0.0,-0.0,-0.6940000000000001,-0.6940000000000001,0.6828000000000001,1.7363999999999686,0.31240000000000145
297,"([0.2, 0.2, 0.2, 0.2, 0.2], [4])","([0, 0, 0, 1, 0], [3])",-0.0,-0.0,-0.0,-0.0,-0.6940000000000001,-0.6940000000000001,0.6828000000000001,1.7475999999999687,0.31240000000000145
298,"([0.2, 0.2, 0.2, 0.2, 0.2], [3])","([0, 0, 0, 1, 0], [3])",-0.0,-0.0,-0.0,-0.0,-0.0,0.0,0.6828000000000001,1.0647999999999687,0.31240000000000145
299,"([0.2, 0.2, 0.2, 0.2, 0.2], [3])","([0, 0, 0, 1, 0], [3])",-0.0,-0.0,-0.0,-0.0,-0.0,0.0,0.6828000000000001,0.3819999999999686,0.31240000000000145
