,sto-1,FB-0,feedback target 0,feedback target 1,feedback target 2,feedback target 3,feedback target 4,total,exp_loss,actual_regret,exp_regret
0,"([0.2, 0.2, 0.2, 0.2, 0.2], [4])","([0, 0, 0, 0, 1], [4])",-0.0,-0.0,-0.0,-0.0,-0.0,0.0,0.7344,-0.6828000000000001,0.05159999999999998
1,"([0.2, 0.2, 0.2, 0.2, 0.2], [3])","([0, 0, 0, 0, 1], [4])",-0.0,-0.0,-0.0,-0.9520000000000001,-0.0,-0.9520000000000001,0.7344,-0.4136000000000001,0.10319999999999996
2,"([0.2, 0.2, 0.2, 0.2, 0.2], [1])","([0, 0, 0, 1, 0], [3])",-0.0,-0.9359999999999999,-0.0,-0.0,-0.0,-0.9359999999999999,0.6828000000000001,-0.1604000000000002,0.10319999999999996
3,"([0.2, 0.2, 0.2, 0.2, 0.2], [1])","([0, 0, 0, 1, 0], [3])",-0.0,-0.9359999999999999,-0.0,-0.0,-0.0,-0.9359999999999999,0.6828000000000001,0.09279999999999966,0.10319999999999996
4,"([0.2, 0.2, 0.2, 0.2, 0.2], [0])","([0, 0, 0, 1, 0], [3])",-0.8590000000000001,-0.0,-0.0,-0.0,-0.0,-0.8590000000000001,0.6828000000000001,0.2689999999999997,0.10319999999999996
5,"([0.2, 0.2, 0.2, 0.2, 0.2], [2])","([0, 0, 0, 1, 0], [3])",-0.0,-0.0,-0.925,-0.0,-0.0,-0.925,0.6828000000000001,0.5111999999999997,0.10319999999999996
6,"([0.2, 0.2, 0.2, 0.2, 0.2], [3])","([0, 0, 0, 1, 0], [3])",-0.0,-0.0,-0.0,-0.0,-0.0,0.0,0.6828000000000001,-0.17160000000000042,0.10319999999999996
7,"([0.2, 0.2, 0.2, 0.2, 0.2], [1])","([0, 0, 0, 1, 0], [3])",-0.0,-0.9359999999999999,-0.0,-0.0,-0.0,-0.9359999999999999,0.6828000000000001,0.08159999999999945,0.10319999999999996
8,"([0.2, 0.2, 0.2, 0.2, 0.2], [0])","([0, 0, 0, 1, 0], [3])",-0.8590000000000001,-0.0,-0.0,-0.0,-0.0,-0.8590000000000001,0.6828000000000001,0.2577999999999995,0.10319999999999996
9,"([0.2, 0.2, 0.2, 0.2, 0.2], [3])","([1, 0, 0, 0, 0], [0])",-0.0,-0.0,-0.0,-0.9520000000000001,-0.0,-0.9520000000000001,0.7014,0.5269999999999995,0.12179999999999991
10,"([0.2, 0.2, 0.2, 0.2, 0.2], [1])","([1, 0, 0, 0, 0], [0])",-0.0,-0.9359999999999999,-0.0,-0.0,-0.0,-0.9359999999999999,0.7014,0.7801999999999993,0.14039999999999986
11,"([0.2, 0.2, 0.2, 0.2, 0.2], [1])","([1, 0, 0, 0, 0], [0])",-0.0,-0.9359999999999999,-0.0,-0.0,-0.0,-0.9359999999999999,0.7014,1.0333999999999992,0.1589999999999998
12,"([0.2, 0.2, 0.2, 0.2, 0.2], [3])","([1, 0, 0, 0, 0], [0])",-0.0,-0.0,-0.0,-0.9520000000000001,-0.0,-0.9520000000000001,0.7014,1.302599999999999,0.17759999999999976
13,"([0.2, 0.2, 0.2, 0.2, 0.2], [0])","([1, 0, 0, 0, 0], [0])",-0.0,-0.0,-0.0,-0.0,-0.0,0.0,0.7014,0.619799999999999,0.1961999999999997
14,"([0.2, 0.2, 0.2, 0.2, 0.2], [1])","([1, 0, 0, 0, 0], [0])",-0.0,-0.9359999999999999,-0.0,-0.0,-0.0,-0.9359999999999999,0.7014,0.8729999999999989,0.21479999999999966
15,"([0.2, 0.2, 0.2, 0.2, 0.2], [2])","([1, 0, 0, 0, 0], [0])",-0.0,-0.0,-0.925,-0.0,-0.0,-0.925,0.7014,1.1151999999999989,0.2333999999999996
16,"([0.2, 0.2, 0.2, 0.2, 0.2], [3])","([1, 0, 0, 0, 0], [0])",-0.0,-0.0,-0.0,-0.9520000000000001,-0.0,-0.9520000000000001,0.7014,1.384399999999999,0.25199999999999956
17,"([0.2, 0.2, 0.2, 0.2, 0.2], [1])","([1, 0, 0, 0, 0], [0])",-0.0,-0.9359999999999999,-0.0,-0.0,-0.0,-0.9359999999999999,0.7014,1.6375999999999988,0.2705999999999995
18,"([0.2, 0.2, 0.2, 0.2, 0.2], [1])","([1, 0, 0, 0, 0], [0])",-0.0,-0.9359999999999999,-0.0,-0.0,-0.0,-0.9359999999999999,0.7014,1.8907999999999987,0.28919999999999946
19,"([0.2, 0.2, 0.2, 0.2, 0.2], [1])","([1, 0, 0, 0, 0], [0])",-0.0,-0.9359999999999999,-0.0,-0.0,-0.0,-0.9359999999999999,0.7014,2.1439999999999984,0.3077999999999994
20,"([0.2, 0.2, 0.2, 0.2, 0.2], [0])","([1, 0, 0, 0, 0], [0])",-0.0,-0.0,-0.0,-0.0,-0.0,0.0,0.7014,1.4611999999999983,0.32639999999999936
21,"([0.2, 0.2, 0.2, 0.2, 0.2], [3])","([1, 0, 0, 0, 0], [0])",-0.0,-0.0,-0.0,-0.9520000000000001,-0.0,-0.9520000000000001,0.7014,1.7303999999999982,0.3449999999999993
22,"([0.2, 0.2, 0.2, 0.2, 0.2], [0])","([1, 0, 0, 0, 0], [0])",-0.0,-0.0,-0.0,-0.0,-0.0,0.0,0.7014,1.047599999999998,0.36359999999999926
23,"([0.2, 0.2, 0.2, 0.2, 0.2], [4])","([1, 0, 0, 0, 0], [0])",-0.0,-0.0,-0.0,-0.0,-0.6940000000000001,-0.6940000000000001,0.7014,1.058799999999998,0.3821999999999992
24,"([0.2, 0.2, 0.2, 0.2, 0.2], [3])","([1, 0, 0, 0, 0], [0])",-0.0,-0.0,-0.0,-0.9520000000000001,-0.0,-0.9520000000000001,0.7014,1.327999999999998,0.40079999999999916
25,"([0.2, 0.2, 0.2, 0.2, 0.2], [2])","([1, 0, 0, 0, 0], [0])",-0.0,-0.0,-0.925,-0.0,-0.0,-0.925,0.7014,1.570199999999998,0.4193999999999991
26,"([0.2, 0.2, 0.2, 0.2, 0.2], [4])","([1, 0, 0, 0, 0], [0])",-0.0,-0.0,-0.0,-0.0,-0.6940000000000001,-0.6940000000000001,0.7014,1.5813999999999981,0.43799999999999906
27,"([0.2, 0.2, 0.2, 0.2, 0.2], [3])","([1, 0, 0, 0, 0], [0])",-0.0,-0.0,-0.0,-0.9520000000000001,-0.0,-0.9520000000000001,0.7014,1.8505999999999982,0.456599999999999
28,"([0.2, 0.2, 0.2, 0.2, 0.2], [2])","([1, 0, 0, 0, 0], [0])",-0.0,-0.0,-0.925,-0.0,-0.0,-0.925,0.7014,2.092799999999998,0.47519999999999896
29,"([0.2, 0.2, 0.2, 0.2, 0.2], [4])","([1, 0, 0, 0, 0], [0])",-0.0,-0.0,-0.0,-0.0,-0.6940000000000001,-0.6940000000000001,0.7014,2.1039999999999983,0.4937999999999989
30,"([0.2, 0.2, 0.2, 0.2, 0.2], [1])","([0, 0, 0, 1, 0], [3])",-0.0,-0.9359999999999999,-0.0,-0.0,-0.0,-0.9359999999999999,0.6828000000000001,2.357199999999998,0.4937999999999989
31,"([0.2, 0.2, 0.2, 0.2, 0.2], [2])","([0, 0, 0, 1, 0], [3])",-0.0,-0.0,-0.925,-0.0,-0.0,-0.925,0.6828000000000001,2.599399999999998,0.4937999999999989
32,"([0.2, 0.2, 0.2, 0.2, 0.2], [0])","([0, 0, 0, 1, 0], [3])",-0.8590000000000001,-0.0,-0.0,-0.0,-0.0,-0.8590000000000001,0.6828000000000001,2.775599999999998,0.4937999999999989
33,"([0.2, 0.2, 0.2, 0.2, 0.2], [4])","([0, 0, 0, 1, 0], [3])",-0.0,-0.0,-0.0,-0.0,-0.6940000000000001,-0.6940000000000001,0.6828000000000001,2.786799999999998,0.4937999999999989
34,"([0.2, 0.2, 0.2, 0.2, 0.2], [1])","([0, 0, 0, 1, 0], [3])",-0.0,-0.9359999999999999,-0.0,-0.0,-0.0,-0.9359999999999999,0.6828000000000001,3.0399999999999983,0.4937999999999989
35,"([0.2, 0.2, 0.2, 0.2, 0.2], [3])","([0, 0, 0, 1, 0], [3])",-0.0,-0.0,-0.0,-0.0,-0.0,0.0,0.6828000000000001,2.357199999999998,0.4937999999999989
36,"([0.2, 0.2, 0.2, 0.2, 0.2], [1])","([0, 0, 0, 1, 0], [3])",-0.0,-0.9359999999999999,-0.0,-0.0,-0.0,-0.9359999999999999,0.6828000000000001,2.6103999999999976,0.4937999999999989
37,"([0.2, 0.2, 0.2, 0.2, 0.2], [4])","([0, 0, 0, 1, 0], [3])",-0.0,-0.0,-0.0,-0.0,-0.6940000000000001,-0.6940000000000001,0.6828000000000001,2.6215999999999977,0.4937999999999989
38,"([0.2, 0.2, 0.2, 0.2, 0.2], [1])","([0, 0, 0, 1, 0], [3])",-0.0,-0.9359999999999999,-0.0,-0.0,-0.0,-0.9359999999999999,0.6828000000000001,2.874799999999998,0.4937999999999989
39,"([0.2, 0.2, 0.2, 0.2, 0.2], [1])","([0, 0, 0, 1, 0], [3])",-0.0,-0.9359999999999999,-0.0,-0.0,-0.0,-0.9359999999999999,0.6828000000000001,3.1279999999999974,0.4937999999999989
40,"([0.2, 0.2, 0.2, 0.2, 0.2], [0])","([0, 0, 0, 1, 0], [3])",-0.8590000000000001,-0.0,-0.0,-0.0,-0.0,-0.8590000000000001,0.6828000000000001,3.3041999999999976,0.4937999999999989
41,"([0.2, 0.2, 0.2, 0.2, 0.2], [2])","([0, 0, 0, 1, 0], [3])",-0.0,-0.0,-0.925,-0.0,-0.0,-0.925,0.6828000000000001,3.5463999999999976,0.4937999999999989
42,"([0.2, 0.2, 0.2, 0.2, 0.2], [1])","([0, 0, 0, 1, 0], [3])",-0.0,-0.9359999999999999,-0.0,-0.0,-0.0,-0.9359999999999999,0.6828000000000001,3.799599999999997,0.4937999999999989
43,"([0.2, 0.2, 0.2, 0.2, 0.2], [0])","([0, 0, 0, 1, 0], [3])",-0.8590000000000001,-0.0,-0.0,-0.0,-0.0,-0.8590000000000001,0.6828000000000001,3.9757999999999973,0.4937999999999989
44,"([0.2, 0.2, 0.2, 0.2, 0.2], [1])","([0, 0, 0, 1, 0], [3])",-0.0,-0.9359999999999999,-0.0,-0.0,-0.0,-0.9359999999999999,0.6828000000000001,4.228999999999997,0.4937999999999989
45,"([0.2, 0.2, 0.2, 0.2, 0.2], [4])","([0, 0, 0, 1, 0], [3])",-0.0,-0.0,-0.0,-0.0,-0.6940000000000001,-0.6940000000000001,0.6828000000000001,4.240199999999997,0.4937999999999989
46,"([0.2, 0.2, 0.2, 0.2, 0.2], [0])","([0, 0, 0, 1, 0], [3])",-0.8590000000000001,-0.0,-0.0,-0.0,-0.0,-0.8590000000000001,0.6828000000000001,4.416399999999997,0.4937999999999989
47,"([0.2, 0.2, 0.2, 0.2, 0.2], [1])","([0, 0, 0, 1, 0], [3])",-0.0,-0.9359999999999999,-0.0,-0.0,-0.0,-0.9359999999999999,0.6828000000000001,4.669599999999996,0.4937999999999989
48,"([0.2, 0.2, 0.2, 0.2, 0.2], [1])","([0, 0, 0, 1, 0], [3])",-0.0,-0.9359999999999999,-0.0,-0.0,-0.0,-0.9359999999999999,0.6828000000000001,4.922799999999996,0.4937999999999989
49,"([0.2, 0.2, 0.2, 0.2, 0.2], [3])","([0, 0, 0, 1, 0], [3])",-0.0,-0.0,-0.0,-0.0,-0.0,0.0,0.6828000000000001,4.239999999999996,0.4937999999999989
50,"([0.2, 0.2, 0.2, 0.2, 0.2], [4])","([0, 0, 0, 1, 0], [3])",-0.0,-0.0,-0.0,-0.0,-0.6940000000000001,-0.6940000000000001,0.6828000000000001,4.251199999999995,0.4937999999999989
51,"([0.2, 0.2, 0.2, 0.2, 0.2], [0])","([0, 0, 0, 1, 0], [3])",-0.8590000000000001,-0.0,-0.0,-0.0,-0.0,-0.8590000000000001,0.6828000000000001,4.427399999999995,0.4937999999999989
52,"([0.2, 0.2, 0.2, 0.2, 0.2], [0])","([0, 0, 0, 1, 0], [3])",-0.8590000000000001,-0.0,-0.0,-0.0,-0.0,-0.8590000000000001,0.6828000000000001,4.603599999999995,0.4937999999999989
53,"([0.2, 0.2, 0.2, 0.2, 0.2], [2])","([0, 0, 0, 1, 0], [3])",-0.0,-0.0,-0.925,-0.0,-0.0,-0.925,0.6828000000000001,4.845799999999995,0.4937999999999989
54,"([0.2, 0.2, 0.2, 0.2, 0.2], [2])","([0, 0, 0, 1, 0], [3])",-0.0,-0.0,-0.925,-0.0,-0.0,-0.925,0.6828000000000001,5.087999999999996,0.4937999999999989
55,"([0.2, 0.2, 0.2, 0.2, 0.2], [4])","([0, 0, 0, 1, 0], [3])",-0.0,-0.0,-0.0,-0.0,-0.6940000000000001,-0.6940000000000001,0.6828000000000001,5.099199999999995,0.4937999999999989
56,"([0.2, 0.2, 0.2, 0.2, 0.2], [0])","([0, 0, 0, 1, 0], [3])",-0.8590000000000001,-0.0,-0.0,-0.0,-0.0,-0.8590000000000001,0.6828000000000001,5.275399999999995,0.4937999999999989
57,"([0.2, 0.2, 0.2, 0.2, 0.2], [4])","([0, 0, 0, 1, 0], [3])",-0.0,-0.0,-0.0,-0.0,-0.6940000000000001,-0.6940000000000001,0.6828000000000001,5.286599999999995,0.4937999999999989
58,"([0.2, 0.2, 0.2, 0.2, 0.2], [2])","([0, 0, 0, 1, 0], [3])",-0.0,-0.0,-0.925,-0.0,-0.0,-0.925,0.6828000000000001,5.528799999999995,0.4937999999999989
59,"([0.2, 0.2, 0.2, 0.2, 0.2], [2])","([0, 0, 0, 1, 0], [3])",-0.0,-0.0,-0.925,-0.0,-0.0,-0.925,0.6828000000000001,5.7709999999999955,0.4937999999999989
60,"([0.2, 0.2, 0.2, 0.2, 0.2], [4])","([0, 0, 0, 1, 0], [3])",-0.0,-0.0,-0.0,-0.0,-0.6940000000000001,-0.6940000000000001,0.6828000000000001,5.782199999999995,0.4937999999999989
61,"([0.2, 0.2, 0.2, 0.2, 0.2], [2])","([0, 0, 0, 1, 0], [3])",-0.0,-0.0,-0.925,-0.0,-0.0,-0.925,0.6828000000000001,6.024399999999995,0.4937999999999989
62,"([0.2, 0.2, 0.2, 0.2, 0.2], [3])","([0, 0, 0, 1, 0], [3])",-0.0,-0.0,-0.0,-0.0,-0.0,0.0,0.6828000000000001,5.341599999999994,0.4937999999999989
63,"([0.2, 0.2, 0.2, 0.2, 0.2], [1])","([0, 0, 0, 1, 0], [3])",-0.0,-0.9359999999999999,-0.0,-0.0,-0.0,-0.9359999999999999,0.6828000000000001,5.594799999999994,0.4937999999999989
64,"([0.2, 0.2, 0.2, 0.2, 0.2], [2])","([0, 0, 0, 1, 0], [3])",-0.0,-0.0,-0.925,-0.0,-0.0,-0.925,0.6828000000000001,5.836999999999994,0.4937999999999989
65,"([0.2, 0.2, 0.2, 0.2, 0.2], [3])","([0, 0, 0, 1, 0], [3])",-0.0,-0.0,-0.0,-0.0,-0.0,0.0,0.6828000000000001,5.154199999999994,0.4937999999999989
66,"([0.2, 0.2, 0.2, 0.2, 0.2], [3])","([0, 0, 0, 1, 0], [3])",-0.0,-0.0,-0.0,-0.0,-0.0,0.0,0.6828000000000001,4.471399999999994,0.4937999999999989
67,"([0.2, 0.2, 0.2, 0.2, 0.2], [3])","([0, 0, 0, 1, 0], [3])",-0.0,-0.0,-0.0,-0.0,-0.0,0.0,0.6828000000000001,3.7885999999999935,0.4937999999999989
68,"([0.2, 0.2, 0.2, 0.2, 0.2], [1])","([0, 0, 0, 1, 0], [3])",-0.0,-0.9359999999999999,-0.0,-0.0,-0.0,-0.9359999999999999,0.6828000000000001,4.041799999999993,0.4937999999999989
69,"([0.2, 0.2, 0.2, 0.2, 0.2], [2])","([0, 0, 0, 1, 0], [3])",-0.0,-0.0,-0.925,-0.0,-0.0,-0.925,0.6828000000000001,4.283999999999994,0.4937999999999989
70,"([0.2, 0.2, 0.2, 0.2, 0.2], [1])","([0, 0, 0, 1, 0], [3])",-0.0,-0.9359999999999999,-0.0,-0.0,-0.0,-0.9359999999999999,0.6828000000000001,4.537199999999993,0.4937999999999989
71,"([0.2, 0.2, 0.2, 0.2, 0.2], [0])","([0, 0, 0, 1, 0], [3])",-0.8590000000000001,-0.0,-0.0,-0.0,-0.0,-0.8590000000000001,0.6828000000000001,4.713399999999993,0.4937999999999989
72,"([0.2, 0.2, 0.2, 0.2, 0.2], [1])","([0, 0, 0, 1, 0], [3])",-0.0,-0.9359999999999999,-0.0,-0.0,-0.0,-0.9359999999999999,0.6828000000000001,4.966599999999993,0.4937999999999989
73,"([0.2, 0.2, 0.2, 0.2, 0.2], [3])","([0, 0, 0, 1, 0], [3])",-0.0,-0.0,-0.0,-0.0,-0.0,0.0,0.6828000000000001,4.283799999999992,0.4937999999999989
74,"([0.2, 0.2, 0.2, 0.2, 0.2], [1])","([0, 0, 0, 1, 0], [3])",-0.0,-0.9359999999999999,-0.0,-0.0,-0.0,-0.9359999999999999,0.6828000000000001,4.536999999999992,0.4937999999999989
75,"([0.2, 0.2, 0.2, 0.2, 0.2], [1])","([0, 0, 0, 1, 0], [3])",-0.0,-0.9359999999999999,-0.0,-0.0,-0.0,-0.9359999999999999,0.6828000000000001,4.790199999999992,0.4937999999999989
76,"([0.2, 0.2, 0.2, 0.2, 0.2], [4])","([0, 0, 0, 1, 0], [3])",-0.0,-0.0,-0.0,-0.0,-0.6940000000000001,-0.6940000000000001,0.6828000000000001,4.801399999999991,0.4937999999999989
77,"([0.2, 0.2, 0.2, 0.2, 0.2], [1])","([0, 0, 0, 1, 0], [3])",-0.0,-0.9359999999999999,-0.0,-0.0,-0.0,-0.9359999999999999,0.6828000000000001,5.054599999999991,0.4937999999999989
78,"([0.2, 0.2, 0.2, 0.2, 0.2], [0])","([0, 0, 0, 1, 0], [3])",-0.8590000000000001,-0.0,-0.0,-0.0,-0.0,-0.8590000000000001,0.6828000000000001,5.230799999999991,0.4937999999999989
79,"([0.2, 0.2, 0.2, 0.2, 0.2], [0])","([0, 0, 0, 1, 0], [3])",-0.8590000000000001,-0.0,-0.0,-0.0,-0.0,-0.8590000000000001,0.6828000000000001,5.40699999999999,0.4937999999999989
80,"([0.2, 0.2, 0.2, 0.2, 0.2], [2])","([0, 0, 0, 1, 0], [3])",-0.0,-0.0,-0.925,-0.0,-0.0,-0.925,0.6828000000000001,5.64919999999999,0.4937999999999989
81,"([0.2, 0.2, 0.2, 0.2, 0.2], [4])","([0, 0, 0, 1, 0], [3])",-0.0,-0.0,-0.0,-0.0,-0.6940000000000001,-0.6940000000000001,0.6828000000000001,5.660399999999989,0.4937999999999989
82,"([0.2, 0.2, 0.2, 0.2, 0.2], [2])","([0, 0, 0, 1, 0], [3])",-0.0,-0.0,-0.925,-0.0,-0.0,-0.925,0.6828000000000001,5.902599999999989,0.4937999999999989
83,"([0.2, 0.2, 0.2, 0.2, 0.2], [0])","([0, 0, 0, 1, 0], [3])",-0.8590000000000001,-0.0,-0.0,-0.0,-0.0,-0.8590000000000001,0.6828000000000001,6.078799999999989,0.4937999999999989
84,"([0.2, 0.2, 0.2, 0.2, 0.2], [0])","([0, 0, 0, 1, 0], [3])",-0.8590000000000001,-0.0,-0.0,-0.0,-0.0,-0.8590000000000001,0.6828000000000001,6.254999999999988,0.4937999999999989
85,"([0.2, 0.2, 0.2, 0.2, 0.2], [3])","([0, 0, 0, 1, 0], [3])",-0.0,-0.0,-0.0,-0.0,-0.0,0.0,0.6828000000000001,5.572199999999988,0.4937999999999989
86,"([0.2, 0.2, 0.2, 0.2, 0.2], [1])","([0, 0, 0, 1, 0], [3])",-0.0,-0.9359999999999999,-0.0,-0.0,-0.0,-0.9359999999999999,0.6828000000000001,5.825399999999988,0.4937999999999989
87,"([0.2, 0.2, 0.2, 0.2, 0.2], [2])","([0, 0, 0, 1, 0], [3])",-0.0,-0.0,-0.925,-0.0,-0.0,-0.925,0.6828000000000001,6.067599999999988,0.4937999999999989
88,"([0.2, 0.2, 0.2, 0.2, 0.2], [0])","([0, 0, 0, 1, 0], [3])",-0.8590000000000001,-0.0,-0.0,-0.0,-0.0,-0.8590000000000001,0.6828000000000001,6.243799999999988,0.4937999999999989
89,"([0.2, 0.2, 0.2, 0.2, 0.2], [0])","([0, 0, 0, 1, 0], [3])",-0.8590000000000001,-0.0,-0.0,-0.0,-0.0,-0.8590000000000001,0.6828000000000001,6.4199999999999875,0.4937999999999989
90,"([0.2, 0.2, 0.2, 0.2, 0.2], [0])","([0, 0, 0, 1, 0], [3])",-0.8590000000000001,-0.0,-0.0,-0.0,-0.0,-0.8590000000000001,0.6828000000000001,6.596199999999987,0.4937999999999989
91,"([0.2, 0.2, 0.2, 0.2, 0.2], [4])","([0, 0, 0, 1, 0], [3])",-0.0,-0.0,-0.0,-0.0,-0.6940000000000001,-0.6940000000000001,0.6828000000000001,6.607399999999987,0.4937999999999989
92,"([0.2, 0.2, 0.2, 0.2, 0.2], [4])","([0, 0, 0, 1, 0], [3])",-0.0,-0.0,-0.0,-0.0,-0.6940000000000001,-0.6940000000000001,0.6828000000000001,6.6185999999999865,0.4937999999999989
93,"([0.2, 0.2, 0.2, 0.2, 0.2], [2])","([0, 0, 0, 1, 0], [3])",-0.0,-0.0,-0.925,-0.0,-0.0,-0.925,0.6828000000000001,6.860799999999987,0.4937999999999989
94,"([0.2, 0.2, 0.2, 0.2, 0.2], [0])","([0, 0, 0, 1, 0], [3])",-0.8590000000000001,-0.0,-0.0,-0.0,-0.0,-0.8590000000000001,0.6828000000000001,7.036999999999987,0.4937999999999989
95,"([0.2, 0.2, 0.2, 0.2, 0.2], [1])","([0, 0, 0, 1, 0], [3])",-0.0,-0.9359999999999999,-0.0,-0.0,-0.0,-0.9359999999999999,0.6828000000000001,7.290199999999986,0.4937999999999989
96,"([0.2, 0.2, 0.2, 0.2, 0.2], [2])","([0, 0, 0, 1, 0], [3])",-0.0,-0.0,-0.925,-0.0,-0.0,-0.925,0.6828000000000001,7.532399999999987,0.4937999999999989
97,"([0.2, 0.2, 0.2, 0.2, 0.2], [2])","([0, 0, 0, 1, 0], [3])",-0.0,-0.0,-0.925,-0.0,-0.0,-0.925,0.6828000000000001,7.774599999999987,0.4937999999999989
98,"([0.2, 0.2, 0.2, 0.2, 0.2], [2])","([0, 0, 0, 1, 0], [3])",-0.0,-0.0,-0.925,-0.0,-0.0,-0.925,0.6828000000000001,8.016799999999987,0.4937999999999989
99,"([0.2, 0.2, 0.2, 0.2, 0.2], [4])","([0, 0, 0, 1, 0], [3])",-0.0,-0.0,-0.0,-0.0,-0.6940000000000001,-0.6940000000000001,0.6828000000000001,8.027999999999988,0.4937999999999989
100,"([0.2, 0.2, 0.2, 0.2, 0.2], [4])","([0, 0, 0, 1, 0], [3])",-0.0,-0.0,-0.0,-0.0,-0.6940000000000001,-0.6940000000000001,0.6828000000000001,8.039199999999989,0.4937999999999989
101,"([0.2, 0.2, 0.2, 0.2, 0.2], [1])","([0, 0, 0, 1, 0], [3])",-0.0,-0.9359999999999999,-0.0,-0.0,-0.0,-0.9359999999999999,0.6828000000000001,8.292399999999988,0.4937999999999989
102,"([0.2, 0.2, 0.2, 0.2, 0.2], [1])","([0, 0, 0, 1, 0], [3])",-0.0,-0.9359999999999999,-0.0,-0.0,-0.0,-0.9359999999999999,0.6828000000000001,8.545599999999988,0.4937999999999989
103,"([0.2, 0.2, 0.2, 0.2, 0.2], [4])","([0, 0, 0, 1, 0], [3])",-0.0,-0.0,-0.0,-0.0,-0.6940000000000001,-0.6940000000000001,0.6828000000000001,8.556799999999988,0.4937999999999989
104,"([0.2, 0.2, 0.2, 0.2, 0.2], [4])","([0, 0, 0, 1, 0], [3])",-0.0,-0.0,-0.0,-0.0,-0.6940000000000001,-0.6940000000000001,0.6828000000000001,8.567999999999989,0.4937999999999989
105,"([0.2, 0.2, 0.2, 0.2, 0.2], [0])","([0, 0, 0, 1, 0], [3])",-0.8590000000000001,-0.0,-0.0,-0.0,-0.0,-0.8590000000000001,0.6828000000000001,8.744199999999989,0.4937999999999989
106,"([0.2, 0.2, 0.2, 0.2, 0.2], [2])","([0, 0, 0, 1, 0], [3])",-0.0,-0.0,-0.925,-0.0,-0.0,-0.925,0.6828000000000001,8.986399999999989,0.4937999999999989
107,"([0.2, 0.2, 0.2, 0.2, 0.2], [0])","([0, 0, 0, 1, 0], [3])",-0.8590000000000001,-0.0,-0.0,-0.0,-0.0,-0.8590000000000001,0.6828000000000001,9.162599999999989,0.4937999999999989
108,"([0.2, 0.2, 0.2, 0.2, 0.2], [3])","([0, 0, 0, 1, 0], [3])",-0.0,-0.0,-0.0,-0.0,-0.0,0.0,0.6828000000000001,8.479799999999988,0.4937999999999989
109,"([0.2, 0.2, 0.2, 0.2, 0.2], [0])","([0, 0, 0, 1, 0], [3])",-0.8590000000000001,-0.0,-0.0,-0.0,-0.0,-0.8590000000000001,0.6828000000000001,8.655999999999988,0.4937999999999989
110,"([0.2, 0.2, 0.2, 0.2, 0.2], [1])","([0, 0, 0, 1, 0], [3])",-0.0,-0.9359999999999999,-0.0,-0.0,-0.0,-0.9359999999999999,0.6828000000000001,8.909199999999988,0.4937999999999989
111,"([0.2, 0.2, 0.2, 0.2, 0.2], [4])","([0, 0, 0, 1, 0], [3])",-0.0,-0.0,-0.0,-0.0,-0.6940000000000001,-0.6940000000000001,0.6828000000000001,8.920399999999988,0.4937999999999989
112,"([0.2, 0.2, 0.2, 0.2, 0.2], [2])","([0, 0, 0, 1, 0], [3])",-0.0,-0.0,-0.925,-0.0,-0.0,-0.925,0.6828000000000001,9.162599999999989,0.4937999999999989
113,"([0.2, 0.2, 0.2, 0.2, 0.2], [3])","([0, 0, 0, 1, 0], [3])",-0.0,-0.0,-0.0,-0.0,-0.0,0.0,0.6828000000000001,8.479799999999988,0.4937999999999989
114,"([0.2, 0.2, 0.2, 0.2, 0.2], [2])","([0, 0, 0, 1, 0], [3])",-0.0,-0.0,-0.925,-0.0,-0.0,-0.925,0.6828000000000001,8.721999999999989,0.4937999999999989
115,"([0.2, 0.2, 0.2, 0.2, 0.2], [0])","([0, 0, 0, 1, 0], [3])",-0.8590000000000001,-0.0,-0.0,-0.0,-0.0,-0.8590000000000001,0.6828000000000001,8.898199999999989,0.4937999999999989
116,"([0.2, 0.2, 0.2, 0.2, 0.2], [2])","([0, 0, 0, 1, 0], [3])",-0.0,-0.0,-0.925,-0.0,-0.0,-0.925,0.6828000000000001,9.140399999999989,0.4937999999999989
117,"([0.2, 0.2, 0.2, 0.2, 0.2], [2])","([0, 0, 0, 1, 0], [3])",-0.0,-0.0,-0.925,-0.0,-0.0,-0.925,0.6828000000000001,9.38259999999999,0.4937999999999989
118,"([0.2, 0.2, 0.2, 0.2, 0.2], [0])","([0, 0, 0, 1, 0], [3])",-0.8590000000000001,-0.0,-0.0,-0.0,-0.0,-0.8590000000000001,0.6828000000000001,9.558799999999989,0.4937999999999989
119,"([0.2, 0.2, 0.2, 0.2, 0.2], [3])","([0, 0, 0, 1, 0], [3])",-0.0,-0.0,-0.0,-0.0,-0.0,0.0,0.6828000000000001,8.875999999999989,0.4937999999999989
120,"([0.2, 0.2, 0.2, 0.2, 0.2], [1])","([0, 0, 0, 1, 0], [3])",-0.0,-0.9359999999999999,-0.0,-0.0,-0.0,-0.9359999999999999,0.6828000000000001,9.129199999999988,0.4937999999999989
121,"([0.2, 0.2, 0.2, 0.2, 0.2], [0])","([0, 0, 0, 1, 0], [3])",-0.8590000000000001,-0.0,-0.0,-0.0,-0.0,-0.8590000000000001,0.6828000000000001,9.305399999999988,0.4937999999999989
122,"([0.2, 0.2, 0.2, 0.2, 0.2], [0])","([0, 0, 0, 1, 0], [3])",-0.8590000000000001,-0.0,-0.0,-0.0,-0.0,-0.8590000000000001,0.6828000000000001,9.481599999999988,0.4937999999999989
123,"([0.2, 0.2, 0.2, 0.2, 0.2], [1])","([0, 0, 0, 1, 0], [3])",-0.0,-0.9359999999999999,-0.0,-0.0,-0.0,-0.9359999999999999,0.6828000000000001,9.734799999999987,0.4937999999999989
124,"([0.2, 0.2, 0.2, 0.2, 0.2], [0])","([0, 0, 0, 1, 0], [3])",-0.8590000000000001,-0.0,-0.0,-0.0,-0.0,-0.8590000000000001,0.6828000000000001,9.910999999999987,0.4937999999999989
125,"([0.2, 0.2, 0.2, 0.2, 0.2], [4])","([0, 0, 0, 1, 0], [3])",-0.0,-0.0,-0.0,-0.0,-0.6940000000000001,-0.6940000000000001,0.6828000000000001,9.922199999999988,0.4937999999999989
126,"([0.2, 0.2, 0.2, 0.2, 0.2], [2])","([0, 0, 0, 1, 0], [3])",-0.0,-0.0,-0.925,-0.0,-0.0,-0.925,0.6828000000000001,10.164399999999988,0.4937999999999989
127,"([0.2, 0.2, 0.2, 0.2, 0.2], [0])","([0, 0, 0, 1, 0], [3])",-0.8590000000000001,-0.0,-0.0,-0.0,-0.0,-0.8590000000000001,0.6828000000000001,10.340599999999988,0.4937999999999989
128,"([0.2, 0.2, 0.2, 0.2, 0.2], [0])","([0, 0, 0, 1, 0], [3])",-0.8590000000000001,-0.0,-0.0,-0.0,-0.0,-0.8590000000000001,0.6828000000000001,10.516799999999987,0.4937999999999989
129,"([0.2, 0.2, 0.2, 0.2, 0.2], [1])","([0, 0, 0, 1, 0], [3])",-0.0,-0.9359999999999999,-0.0,-0.0,-0.0,-0.9359999999999999,0.6828000000000001,10.769999999999987,0.4937999999999989
130,"([0.2, 0.2, 0.2, 0.2, 0.2], [4])","([0, 0, 0, 1, 0], [3])",-0.0,-0.0,-0.0,-0.0,-0.6940000000000001,-0.6940000000000001,0.6828000000000001,10.781199999999988,0.4937999999999989
131,"([0.2, 0.2, 0.2, 0.2, 0.2], [2])","([0, 0, 0, 1, 0], [3])",-0.0,-0.0,-0.925,-0.0,-0.0,-0.925,0.6828000000000001,11.023399999999988,0.4937999999999989
132,"([0.2, 0.2, 0.2, 0.2, 0.2], [2])","([0, 0, 0, 1, 0], [3])",-0.0,-0.0,-0.925,-0.0,-0.0,-0.925,0.6828000000000001,11.265599999999989,0.4937999999999989
133,"([0.2, 0.2, 0.2, 0.2, 0.2], [0])","([0, 0, 0, 1, 0], [3])",-0.8590000000000001,-0.0,-0.0,-0.0,-0.0,-0.8590000000000001,0.6828000000000001,11.441799999999988,0.4937999999999989
134,"([0.2, 0.2, 0.2, 0.2, 0.2], [4])","([0, 0, 0, 1, 0], [3])",-0.0,-0.0,-0.0,-0.0,-0.6940000000000001,-0.6940000000000001,0.6828000000000001,11.452999999999989,0.4937999999999989
135,"([0.2, 0.2, 0.2, 0.2, 0.2], [1])","([0, 0, 0, 1, 0], [3])",-0.0,-0.9359999999999999,-0.0,-0.0,-0.0,-0.9359999999999999,0.6828000000000001,11.706199999999988,0.4937999999999989
136,"([0.2, 0.2, 0.2, 0.2, 0.2], [1])","([0, 0, 0, 1, 0], [3])",-0.0,-0.9359999999999999,-0.0,-0.0,-0.0,-0.9359999999999999,0.6828000000000001,11.959399999999988,0.4937999999999989
137,"([0.2, 0.2, 0.2, 0.2, 0.2], [0])","([0, 0, 0, 1, 0], [3])",-0.8590000000000001,-0.0,-0.0,-0.0,-0.0,-0.8590000000000001,0.6828000000000001,12.135599999999988,0.4937999999999989
138,"([0.2, 0.2, 0.2, 0.2, 0.2], [3])","([0, 0, 0, 1, 0], [3])",-0.0,-0.0,-0.0,-0.0,-0.0,0.0,0.6828000000000001,11.452799999999987,0.4937999999999989
139,"([0.2, 0.2, 0.2, 0.2, 0.2], [2])","([0, 0, 0, 1, 0], [3])",-0.0,-0.0,-0.925,-0.0,-0.0,-0.925,0.6828000000000001,11.694999999999988,0.4937999999999989
140,"([0.2, 0.2, 0.2, 0.2, 0.2], [3])","([0, 0, 0, 1, 0], [3])",-0.0,-0.0,-0.0,-0.0,-0.0,0.0,0.6828000000000001,11.012199999999988,0.4937999999999989
141,"([0.2, 0.2, 0.2, 0.2, 0.2], [0])","([0, 0, 0, 1, 0], [3])",-0.8590000000000001,-0.0,-0.0,-0.0,-0.0,-0.8590000000000001,0.6828000000000001,11.188399999999987,0.4937999999999989
142,"([0.2, 0.2, 0.2, 0.2, 0.2], [1])","([0, 0, 0, 1, 0], [3])",-0.0,-0.9359999999999999,-0.0,-0.0,-0.0,-0.9359999999999999,0.6828000000000001,11.441599999999987,0.4937999999999989
143,"([0.2, 0.2, 0.2, 0.2, 0.2], [1])","([0, 0, 0, 1, 0], [3])",-0.0,-0.9359999999999999,-0.0,-0.0,-0.0,-0.9359999999999999,0.6828000000000001,11.694799999999987,0.4937999999999989
144,"([0.2, 0.2, 0.2, 0.2, 0.2], [2])","([0, 0, 0, 1, 0], [3])",-0.0,-0.0,-0.925,-0.0,-0.0,-0.925,0.6828000000000001,11.936999999999987,0.4937999999999989
145,"([0.2, 0.2, 0.2, 0.2, 0.2], [2])","([0, 0, 0, 1, 0], [3])",-0.0,-0.0,-0.925,-0.0,-0.0,-0.925,0.6828000000000001,12.179199999999987,0.4937999999999989
146,"([0.2, 0.2, 0.2, 0.2, 0.2], [3])","([0, 0, 0, 1, 0], [3])",-0.0,-0.0,-0.0,-0.0,-0.0,0.0,0.6828000000000001,11.496399999999987,0.4937999999999989
147,"([0.2, 0.2, 0.2, 0.2, 0.2], [2])","([0, 0, 0, 1, 0], [3])",-0.0,-0.0,-0.925,-0.0,-0.0,-0.925,0.6828000000000001,11.738599999999987,0.4937999999999989
148,"([0.2, 0.2, 0.2, 0.2, 0.2], [1])","([0, 0, 0, 1, 0], [3])",-0.0,-0.9359999999999999,-0.0,-0.0,-0.0,-0.9359999999999999,0.6828000000000001,11.991799999999987,0.4937999999999989
149,"([0.2, 0.2, 0.2, 0.2, 0.2], [2])","([0, 0, 0, 1, 0], [3])",-0.0,-0.0,-0.925,-0.0,-0.0,-0.925,0.6828000000000001,12.233999999999988,0.4937999999999989
150,"([0.2, 0.2, 0.2, 0.2, 0.2], [0])","([0, 0, 0, 1, 0], [3])",-0.8590000000000001,-0.0,-0.0,-0.0,-0.0,-0.8590000000000001,0.6828000000000001,12.410199999999987,0.4937999999999989
151,"([0.2, 0.2, 0.2, 0.2, 0.2], [2])","([0, 0, 0, 1, 0], [3])",-0.0,-0.0,-0.925,-0.0,-0.0,-0.925,0.6828000000000001,12.652399999999988,0.4937999999999989
152,"([0.2, 0.2, 0.2, 0.2, 0.2], [3])","([0, 0, 0, 1, 0], [3])",-0.0,-0.0,-0.0,-0.0,-0.0,0.0,0.6828000000000001,11.969599999999987,0.4937999999999989
153,"([0.2, 0.2, 0.2, 0.2, 0.2], [0])","([0, 0, 0, 1, 0], [3])",-0.8590000000000001,-0.0,-0.0,-0.0,-0.0,-0.8590000000000001,0.6828000000000001,12.145799999999987,0.4937999999999989
154,"([0.2, 0.2, 0.2, 0.2, 0.2], [2])","([0, 0, 0, 1, 0], [3])",-0.0,-0.0,-0.925,-0.0,-0.0,-0.925,0.6828000000000001,12.387999999999987,0.4937999999999989
155,"([0.2, 0.2, 0.2, 0.2, 0.2], [4])","([0, 0, 0, 1, 0], [3])",-0.0,-0.0,-0.0,-0.0,-0.6940000000000001,-0.6940000000000001,0.6828000000000001,12.399199999999988,0.4937999999999989
156,"([0.2, 0.2, 0.2, 0.2, 0.2], [3])","([0, 0, 0, 1, 0], [3])",-0.0,-0.0,-0.0,-0.0,-0.0,0.0,0.6828000000000001,11.716399999999988,0.4937999999999989
157,"([0.2, 0.2, 0.2, 0.2, 0.2], [4])","([0, 0, 0, 1, 0], [3])",-0.0,-0.0,-0.0,-0.0,-0.6940000000000001,-0.6940000000000001,0.6828000000000001,11.727599999999988,0.4937999999999989
158,"([0.2, 0.2, 0.2, 0.2, 0.2], [3])","([0, 0, 0, 1, 0], [3])",-0.0,-0.0,-0.0,-0.0,-0.0,0.0,0.6828000000000001,11.044799999999988,0.4937999999999989
159,"([0.2, 0.2, 0.2, 0.2, 0.2], [2])","([0, 0, 0, 1, 0], [3])",-0.0,-0.0,-0.925,-0.0,-0.0,-0.925,0.6828000000000001,11.286999999999988,0.4937999999999989
160,"([0.2, 0.2, 0.2, 0.2, 0.2], [3])","([0, 0, 0, 1, 0], [3])",-0.0,-0.0,-0.0,-0.0,-0.0,0.0,0.6828000000000001,10.604199999999988,0.4937999999999989
161,"([0.2, 0.2, 0.2, 0.2, 0.2], [0])","([0, 0, 0, 1, 0], [3])",-0.8590000000000001,-0.0,-0.0,-0.0,-0.0,-0.8590000000000001,0.6828000000000001,10.780399999999988,0.4937999999999989
162,"([0.2, 0.2, 0.2, 0.2, 0.2], [3])","([0, 0, 0, 1, 0], [3])",-0.0,-0.0,-0.0,-0.0,-0.0,0.0,0.6828000000000001,10.097599999999987,0.4937999999999989
163,"([0.2, 0.2, 0.2, 0.2, 0.2], [1])","([0, 0, 0, 1, 0], [3])",-0.0,-0.9359999999999999,-0.0,-0.0,-0.0,-0.9359999999999999,0.6828000000000001,10.350799999999987,0.4937999999999989
164,"([0.2, 0.2, 0.2, 0.2, 0.2], [2])","([0, 0, 0, 1, 0], [3])",-0.0,-0.0,-0.925,-0.0,-0.0,-0.925,0.6828000000000001,10.592999999999988,0.4937999999999989
165,"([0.2, 0.2, 0.2, 0.2, 0.2], [4])","([0, 0, 0, 1, 0], [3])",-0.0,-0.0,-0.0,-0.0,-0.6940000000000001,-0.6940000000000001,0.6828000000000001,10.604199999999988,0.4937999999999989
166,"([0.2, 0.2, 0.2, 0.2, 0.2], [3])","([0, 0, 0, 1, 0], [3])",-0.0,-0.0,-0.0,-0.0,-0.0,0.0,0.6828000000000001,9.921399999999988,0.4937999999999989
167,"([0.2, 0.2, 0.2, 0.2, 0.2], [4])","([0, 0, 0, 1, 0], [3])",-0.0,-0.0,-0.0,-0.0,-0.6940000000000001,-0.6940000000000001,0.6828000000000001,9.932599999999988,0.4937999999999989
168,"([0.2, 0.2, 0.2, 0.2, 0.2], [2])","([0, 0, 0, 1, 0], [3])",-0.0,-0.0,-0.925,-0.0,-0.0,-0.925,0.6828000000000001,10.174799999999989,0.4937999999999989
169,"([0.2, 0.2, 0.2, 0.2, 0.2], [2])","([0, 0, 0, 1, 0], [3])",-0.0,-0.0,-0.925,-0.0,-0.0,-0.925,0.6828000000000001,10.41699999999999,0.4937999999999989
170,"([0.2, 0.2, 0.2, 0.2, 0.2], [4])","([0, 0, 0, 1, 0], [3])",-0.0,-0.0,-0.0,-0.0,-0.6940000000000001,-0.6940000000000001,0.6828000000000001,10.42819999999999,0.4937999999999989
171,"([0.2, 0.2, 0.2, 0.2, 0.2], [1])","([0, 0, 0, 1, 0], [3])",-0.0,-0.9359999999999999,-0.0,-0.0,-0.0,-0.9359999999999999,0.6828000000000001,10.68139999999999,0.4937999999999989
172,"([0.2, 0.2, 0.2, 0.2, 0.2], [1])","([0, 0, 0, 1, 0], [3])",-0.0,-0.9359999999999999,-0.0,-0.0,-0.0,-0.9359999999999999,0.6828000000000001,10.934599999999989,0.4937999999999989
173,"([0.2, 0.2, 0.2, 0.2, 0.2], [3])","([0, 0, 0, 1, 0], [3])",-0.0,-0.0,-0.0,-0.0,-0.0,0.0,0.6828000000000001,10.251799999999989,0.4937999999999989
174,"([0.2, 0.2, 0.2, 0.2, 0.2], [4])","([0, 0, 0, 1, 0], [3])",-0.0,-0.0,-0.0,-0.0,-0.6940000000000001,-0.6940000000000001,0.6828000000000001,10.26299999999999,0.4937999999999989
175,"([0.2, 0.2, 0.2, 0.2, 0.2], [4])","([0, 0, 0, 1, 0], [3])",-0.0,-0.0,-0.0,-0.0,-0.6940000000000001,-0.6940000000000001,0.6828000000000001,10.27419999999999,0.4937999999999989
176,"([0.2, 0.2, 0.2, 0.2, 0.2], [3])","([0, 0, 0, 1, 0], [3])",-0.0,-0.0,-0.0,-0.0,-0.0,0.0,0.6828000000000001,9.59139999999999,0.4937999999999989
177,"([0.2, 0.2, 0.2, 0.2, 0.2], [0])","([0, 0, 0, 1, 0], [3])",-0.8590000000000001,-0.0,-0.0,-0.0,-0.0,-0.8590000000000001,0.6828000000000001,9.76759999999999,0.4937999999999989
178,"([0.2, 0.2, 0.2, 0.2, 0.2], [0])","([0, 0, 0, 1, 0], [3])",-0.8590000000000001,-0.0,-0.0,-0.0,-0.0,-0.8590000000000001,0.6828000000000001,9.943799999999989,0.4937999999999989
179,"([0.2, 0.2, 0.2, 0.2, 0.2], [3])","([0, 0, 0, 1, 0], [3])",-0.0,-0.0,-0.0,-0.0,-0.0,0.0,0.6828000000000001,9.260999999999989,0.4937999999999989
180,"([0.2, 0.2, 0.2, 0.2, 0.2], [3])","([0, 0, 0, 1, 0], [3])",-0.0,-0.0,-0.0,-0.0,-0.0,0.0,0.6828000000000001,8.578199999999988,0.4937999999999989
181,"([0.2, 0.2, 0.2, 0.2, 0.2], [3])","([0, 0, 0, 1, 0], [3])",-0.0,-0.0,-0.0,-0.0,-0.0,0.0,0.6828000000000001,7.895399999999988,0.4937999999999989
182,"([0.2, 0.2, 0.2, 0.2, 0.2], [4])","([0, 0, 0, 1, 0], [3])",-0.0,-0.0,-0.0,-0.0,-0.6940000000000001,-0.6940000000000001,0.6828000000000001,7.906599999999988,0.4937999999999989
183,"([0.2, 0.2, 0.2, 0.2, 0.2], [0])","([0, 0, 0, 1, 0], [3])",-0.8590000000000001,-0.0,-0.0,-0.0,-0.0,-0.8590000000000001,0.6828000000000001,8.082799999999988,0.4937999999999989
184,"([0.2, 0.2, 0.2, 0.2, 0.2], [1])","([0, 0, 0, 1, 0], [3])",-0.0,-0.9359999999999999,-0.0,-0.0,-0.0,-0.9359999999999999,0.6828000000000001,8.335999999999988,0.4937999999999989
185,"([0.2, 0.2, 0.2, 0.2, 0.2], [3])","([0, 0, 0, 1, 0], [3])",-0.0,-0.0,-0.0,-0.0,-0.0,0.0,0.6828000000000001,7.653199999999988,0.4937999999999989
186,"([0.2, 0.2, 0.2, 0.2, 0.2], [1])","([0, 0, 0, 1, 0], [3])",-0.0,-0.9359999999999999,-0.0,-0.0,-0.0,-0.9359999999999999,0.6828000000000001,7.906399999999987,0.4937999999999989
187,"([0.2, 0.2, 0.2, 0.2, 0.2], [2])","([0, 0, 0, 1, 0], [3])",-0.0,-0.0,-0.925,-0.0,-0.0,-0.925,0.6828000000000001,8.148599999999988,0.4937999999999989
188,"([0.2, 0.2, 0.2, 0.2, 0.2], [4])","([0, 0, 0, 1, 0], [3])",-0.0,-0.0,-0.0,-0.0,-0.6940000000000001,-0.6940000000000001,0.6828000000000001,8.159799999999988,0.4937999999999989
189,"([0.2, 0.2, 0.2, 0.2, 0.2], [2])","([0, 0, 0, 1, 0], [3])",-0.0,-0.0,-0.925,-0.0,-0.0,-0.925,0.6828000000000001,8.401999999999989,0.4937999999999989
190,"([0.2, 0.2, 0.2, 0.2, 0.2], [3])","([0, 0, 0, 1, 0], [3])",-0.0,-0.0,-0.0,-0.0,-0.0,0.0,0.6828000000000001,7.719199999999988,0.4937999999999989
191,"([0.2, 0.2, 0.2, 0.2, 0.2], [0])","([0, 0, 0, 1, 0], [3])",-0.8590000000000001,-0.0,-0.0,-0.0,-0.0,-0.8590000000000001,0.6828000000000001,7.895399999999988,0.4937999999999989
192,"([0.2, 0.2, 0.2, 0.2, 0.2], [1])","([0, 0, 0, 1, 0], [3])",-0.0,-0.9359999999999999,-0.0,-0.0,-0.0,-0.9359999999999999,0.6828000000000001,8.148599999999988,0.4937999999999989
193,"([0.2, 0.2, 0.2, 0.2, 0.2], [3])","([0, 0, 0, 1, 0], [3])",-0.0,-0.0,-0.0,-0.0,-0.0,0.0,0.6828000000000001,7.465799999999987,0.4937999999999989
194,"([0.2, 0.2, 0.2, 0.2, 0.2], [4])","([0, 0, 0, 1, 0], [3])",-0.0,-0.0,-0.0,-0.0,-0.6940000000000001,-0.6940000000000001,0.6828000000000001,7.476999999999987,0.4937999999999989
195,"([0.2, 0.2, 0.2, 0.2, 0.2], [2])","([0, 0, 0, 1, 0], [3])",-0.0,-0.0,-0.925,-0.0,-0.0,-0.925,0.6828000000000001,7.7191999999999865,0.4937999999999989
196,"([0.2, 0.2, 0.2, 0.2, 0.2], [2])","([0, 0, 0, 1, 0], [3])",-0.0,-0.0,-0.925,-0.0,-0.0,-0.925,0.6828000000000001,7.961399999999987,0.4937999999999989
197,"([0.2, 0.2, 0.2, 0.2, 0.2], [1])","([0, 0, 0, 1, 0], [3])",-0.0,-0.9359999999999999,-0.0,-0.0,-0.0,-0.9359999999999999,0.6828000000000001,8.214599999999987,0.4937999999999989
198,"([0.2, 0.2, 0.2, 0.2, 0.2], [3])","([0, 0, 0, 1, 0], [3])",-0.0,-0.0,-0.0,-0.0,-0.0,0.0,0.6828000000000001,7.531799999999986,0.4937999999999989
199,"([0.2, 0.2, 0.2, 0.2, 0.2], [4])","([0, 0, 0, 1, 0], [3])",-0.0,-0.0,-0.0,-0.0,-0.6940000000000001,-0.6940000000000001,0.6828000000000001,7.542999999999986,0.4937999999999989
200,"([0.2, 0.2, 0.2, 0.2, 0.2], [4])","([0, 0, 0, 1, 0], [3])",-0.0,-0.0,-0.0,-0.0,-0.6940000000000001,-0.6940000000000001,0.6828000000000001,7.554199999999986,0.4937999999999989
201,"([0.2, 0.2, 0.2, 0.2, 0.2], [0])","([0, 0, 0, 1, 0], [3])",-0.8590000000000001,-0.0,-0.0,-0.0,-0.0,-0.8590000000000001,0.6828000000000001,7.730399999999985,0.4937999999999989
202,"([0.2, 0.2, 0.2, 0.2, 0.2], [2])","([0, 0, 0, 1, 0], [3])",-0.0,-0.0,-0.925,-0.0,-0.0,-0.925,0.6828000000000001,7.972599999999986,0.4937999999999989
203,"([0.2, 0.2, 0.2, 0.2, 0.2], [3])","([0, 0, 0, 1, 0], [3])",-0.0,-0.0,-0.0,-0.0,-0.0,0.0,0.6828000000000001,7.289799999999985,0.4937999999999989
204,"([0.2, 0.2, 0.2, 0.2, 0.2], [3])","([0, 0, 0, 1, 0], [3])",-0.0,-0.0,-0.0,-0.0,-0.0,0.0,0.6828000000000001,6.606999999999985,0.4937999999999989
205,"([0.2, 0.2, 0.2, 0.2, 0.2], [3])","([0, 0, 0, 1, 0], [3])",-0.0,-0.0,-0.0,-0.0,-0.0,0.0,0.6828000000000001,5.924199999999985,0.4937999999999989
206,"([0.2, 0.2, 0.2, 0.2, 0.2], [4])","([0, 0, 0, 1, 0], [3])",-0.0,-0.0,-0.0,-0.0,-0.6940000000000001,-0.6940000000000001,0.6828000000000001,5.9353999999999845,0.4937999999999989
207,"([0.2, 0.2, 0.2, 0.2, 0.2], [4])","([0, 0, 0, 1, 0], [3])",-0.0,-0.0,-0.0,-0.0,-0.6940000000000001,-0.6940000000000001,0.6828000000000001,5.946599999999984,0.4937999999999989
208,"([0.2, 0.2, 0.2, 0.2, 0.2], [2])","([0, 0, 0, 1, 0], [3])",-0.0,-0.0,-0.925,-0.0,-0.0,-0.925,0.6828000000000001,6.1887999999999845,0.4937999999999989
209,"([0.2, 0.2, 0.2, 0.2, 0.2], [0])","([0, 0, 0, 1, 0], [3])",-0.8590000000000001,-0.0,-0.0,-0.0,-0.0,-0.8590000000000001,0.6828000000000001,6.364999999999984,0.4937999999999989
210,"([0.2, 0.2, 0.2, 0.2, 0.2], [3])","([0, 0, 0, 1, 0], [3])",-0.0,-0.0,-0.0,-0.0,-0.0,0.0,0.6828000000000001,5.682199999999984,0.4937999999999989
211,"([0.2, 0.2, 0.2, 0.2, 0.2], [4])","([0, 0, 0, 1, 0], [3])",-0.0,-0.0,-0.0,-0.0,-0.6940000000000001,-0.6940000000000001,0.6828000000000001,5.693399999999984,0.4937999999999989
212,"([0.2, 0.2, 0.2, 0.2, 0.2], [0])","([0, 0, 0, 1, 0], [3])",-0.8590000000000001,-0.0,-0.0,-0.0,-0.0,-0.8590000000000001,0.6828000000000001,5.869599999999983,0.4937999999999989
213,"([0.2, 0.2, 0.2, 0.2, 0.2], [4])","([0, 0, 0, 1, 0], [3])",-0.0,-0.0,-0.0,-0.0,-0.6940000000000001,-0.6940000000000001,0.6828000000000001,5.880799999999983,0.4937999999999989
214,"([0.2, 0.2, 0.2, 0.2, 0.2], [0])","([0, 0, 0, 1, 0], [3])",-0.8590000000000001,-0.0,-0.0,-0.0,-0.0,-0.8590000000000001,0.6828000000000001,6.056999999999983,0.4937999999999989
215,"([0.2, 0.2, 0.2, 0.2, 0.2], [4])","([0, 0, 0, 1, 0], [3])",-0.0,-0.0,-0.0,-0.0,-0.6940000000000001,-0.6940000000000001,0.6828000000000001,6.068199999999982,0.4937999999999989
216,"([0.2, 0.2, 0.2, 0.2, 0.2], [0])","([0, 0, 0, 1, 0], [3])",-0.8590000000000001,-0.0,-0.0,-0.0,-0.0,-0.8590000000000001,0.6828000000000001,6.244399999999982,0.4937999999999989
217,"([0.2, 0.2, 0.2, 0.2, 0.2], [3])","([0, 0, 0, 1, 0], [3])",-0.0,-0.0,-0.0,-0.0,-0.0,0.0,0.6828000000000001,5.561599999999982,0.4937999999999989
218,"([0.2, 0.2, 0.2, 0.2, 0.2], [3])","([0, 0, 0, 1, 0], [3])",-0.0,-0.0,-0.0,-0.0,-0.0,0.0,0.6828000000000001,4.878799999999981,0.4937999999999989
219,"([0.2, 0.2, 0.2, 0.2, 0.2], [0])","([0, 0, 0, 1, 0], [3])",-0.8590000000000001,-0.0,-0.0,-0.0,-0.0,-0.8590000000000001,0.6828000000000001,5.054999999999981,0.4937999999999989
220,"([0.2, 0.2, 0.2, 0.2, 0.2], [1])","([0, 0, 0, 1, 0], [3])",-0.0,-0.9359999999999999,-0.0,-0.0,-0.0,-0.9359999999999999,0.6828000000000001,5.308199999999981,0.4937999999999989
221,"([0.2, 0.2, 0.2, 0.2, 0.2], [3])","([0, 0, 0, 1, 0], [3])",-0.0,-0.0,-0.0,-0.0,-0.0,0.0,0.6828000000000001,4.62539999999998,0.4937999999999989
222,"([0.2, 0.2, 0.2, 0.2, 0.2], [1])","([0, 0, 0, 1, 0], [3])",-0.0,-0.9359999999999999,-0.0,-0.0,-0.0,-0.9359999999999999,0.6828000000000001,4.87859999999998,0.4937999999999989
223,"([0.2, 0.2, 0.2, 0.2, 0.2], [4])","([0, 0, 0, 1, 0], [3])",-0.0,-0.0,-0.0,-0.0,-0.6940000000000001,-0.6940000000000001,0.6828000000000001,4.88979999999998,0.4937999999999989
224,"([0.2, 0.2, 0.2, 0.2, 0.2], [1])","([0, 0, 0, 1, 0], [3])",-0.0,-0.9359999999999999,-0.0,-0.0,-0.0,-0.9359999999999999,0.6828000000000001,5.142999999999979,0.4937999999999989
225,"([0.2, 0.2, 0.2, 0.2, 0.2], [0])","([0, 0, 0, 1, 0], [3])",-0.8590000000000001,-0.0,-0.0,-0.0,-0.0,-0.8590000000000001,0.6828000000000001,5.319199999999979,0.4937999999999989
226,"([0.2, 0.2, 0.2, 0.2, 0.2], [3])","([0, 0, 0, 1, 0], [3])",-0.0,-0.0,-0.0,-0.0,-0.0,0.0,0.6828000000000001,4.636399999999979,0.4937999999999989
227,"([0.2, 0.2, 0.2, 0.2, 0.2], [4])","([0, 0, 0, 1, 0], [3])",-0.0,-0.0,-0.0,-0.0,-0.6940000000000001,-0.6940000000000001,0.6828000000000001,4.647599999999978,0.4937999999999989
228,"([0.2, 0.2, 0.2, 0.2, 0.2], [4])","([0, 0, 0, 1, 0], [3])",-0.0,-0.0,-0.0,-0.0,-0.6940000000000001,-0.6940000000000001,0.6828000000000001,4.658799999999978,0.4937999999999989
229,"([0.2, 0.2, 0.2, 0.2, 0.2], [3])","([0, 0, 0, 1, 0], [3])",-0.0,-0.0,-0.0,-0.0,-0.0,0.0,0.6828000000000001,3.9759999999999778,0.4937999999999989
230,"([0.2, 0.2, 0.2, 0.2, 0.2], [4])","([0, 0, 0, 1, 0], [3])",-0.0,-0.0,-0.0,-0.0,-0.6940000000000001,-0.6940000000000001,0.6828000000000001,3.987199999999978,0.4937999999999989
231,"([0.2, 0.2, 0.2, 0.2, 0.2], [1])","([0, 0, 0, 1, 0], [3])",-0.0,-0.9359999999999999,-0.0,-0.0,-0.0,-0.9359999999999999,0.6828000000000001,4.240399999999978,0.4937999999999989
232,"([0.2, 0.2, 0.2, 0.2, 0.2], [1])","([0, 0, 0, 1, 0], [3])",-0.0,-0.9359999999999999,-0.0,-0.0,-0.0,-0.9359999999999999,0.6828000000000001,4.493599999999978,0.4937999999999989
233,"([0.2, 0.2, 0.2, 0.2, 0.2], [0])","([0, 0, 0, 1, 0], [3])",-0.8590000000000001,-0.0,-0.0,-0.0,-0.0,-0.8590000000000001,0.6828000000000001,4.669799999999977,0.4937999999999989
234,"([0.2, 0.2, 0.2, 0.2, 0.2], [4])","([0, 0, 0, 1, 0], [3])",-0.0,-0.0,-0.0,-0.0,-0.6940000000000001,-0.6940000000000001,0.6828000000000001,4.680999999999977,0.4937999999999989
235,"([0.2, 0.2, 0.2, 0.2, 0.2], [1])","([0, 0, 0, 1, 0], [3])",-0.0,-0.9359999999999999,-0.0,-0.0,-0.0,-0.9359999999999999,0.6828000000000001,4.934199999999977,0.4937999999999989
236,"([0.2, 0.2, 0.2, 0.2, 0.2], [4])","([0, 0, 0, 1, 0], [3])",-0.0,-0.0,-0.0,-0.0,-0.6940000000000001,-0.6940000000000001,0.6828000000000001,4.945399999999976,0.4937999999999989
237,"([0.2, 0.2, 0.2, 0.2, 0.2], [3])","([0, 0, 0, 1, 0], [3])",-0.0,-0.0,-0.0,-0.0,-0.0,0.0,0.6828000000000001,4.262599999999976,0.4937999999999989
238,"([0.2, 0.2, 0.2, 0.2, 0.2], [4])","([0, 0, 0, 1, 0], [3])",-0.0,-0.0,-0.0,-0.0,-0.6940000000000001,-0.6940000000000001,0.6828000000000001,4.273799999999976,0.4937999999999989
239,"([0.2, 0.2, 0.2, 0.2, 0.2], [1])","([0, 0, 0, 1, 0], [3])",-0.0,-0.9359999999999999,-0.0,-0.0,-0.0,-0.9359999999999999,0.6828000000000001,4.526999999999975,0.4937999999999989
240,"([0.2, 0.2, 0.2, 0.2, 0.2], [1])","([0, 0, 0, 1, 0], [3])",-0.0,-0.9359999999999999,-0.0,-0.0,-0.0,-0.9359999999999999,0.6828000000000001,4.780199999999975,0.4937999999999989
241,"([0.2, 0.2, 0.2, 0.2, 0.2], [0])","([0, 0, 0, 1, 0], [3])",-0.8590000000000001,-0.0,-0.0,-0.0,-0.0,-0.8590000000000001,0.6828000000000001,4.956399999999975,0.4937999999999989
242,"([0.2, 0.2, 0.2, 0.2, 0.2], [2])","([0, 0, 0, 1, 0], [3])",-0.0,-0.0,-0.925,-0.0,-0.0,-0.925,0.6828000000000001,5.198599999999974,0.4937999999999989
243,"([0.2, 0.2, 0.2, 0.2, 0.2], [2])","([0, 0, 0, 1, 0], [3])",-0.0,-0.0,-0.925,-0.0,-0.0,-0.925,0.6828000000000001,5.4407999999999745,0.4937999999999989
244,"([0.2, 0.2, 0.2, 0.2, 0.2], [4])","([0, 0, 0, 1, 0], [3])",-0.0,-0.0,-0.0,-0.0,-0.6940000000000001,-0.6940000000000001,0.6828000000000001,5.451999999999974,0.4937999999999989
245,"([0.2, 0.2, 0.2, 0.2, 0.2], [2])","([0, 0, 0, 1, 0], [3])",-0.0,-0.0,-0.925,-0.0,-0.0,-0.925,0.6828000000000001,5.694199999999974,0.4937999999999989
246,"([0.2, 0.2, 0.2, 0.2, 0.2], [4])","([0, 0, 0, 1, 0], [3])",-0.0,-0.0,-0.0,-0.0,-0.6940000000000001,-0.6940000000000001,0.6828000000000001,5.705399999999973,0.4937999999999989
247,"([0.2, 0.2, 0.2, 0.2, 0.2], [1])","([0, 0, 0, 1, 0], [3])",-0.0,-0.9359999999999999,-0.0,-0.0,-0.0,-0.9359999999999999,0.6828000000000001,5.958599999999973,0.4937999999999989
248,"([0.2, 0.2, 0.2, 0.2, 0.2], [3])","([0, 0, 0, 1, 0], [3])",-0.0,-0.0,-0.0,-0.0,-0.0,0.0,0.6828000000000001,5.275799999999973,0.4937999999999989
249,"([0.2, 0.2, 0.2, 0.2, 0.2], [1])","([0, 0, 0, 1, 0], [3])",-0.0,-0.9359999999999999,-0.0,-0.0,-0.0,-0.9359999999999999,0.6828000000000001,5.528999999999972,0.4937999999999989
250,"([0.2, 0.2, 0.2, 0.2, 0.2], [3])","([0, 0, 0, 1, 0], [3])",-0.0,-0.0,-0.0,-0.0,-0.0,0.0,0.6828000000000001,4.846199999999972,0.4937999999999989
251,"([0.2, 0.2, 0.2, 0.2, 0.2], [0])","([0, 0, 0, 1, 0], [3])",-0.8590000000000001,-0.0,-0.0,-0.0,-0.0,-0.8590000000000001,0.6828000000000001,5.022399999999972,0.4937999999999989
252,"([0.2, 0.2, 0.2, 0.2, 0.2], [1])","([0, 0, 0, 1, 0], [3])",-0.0,-0.9359999999999999,-0.0,-0.0,-0.0,-0.9359999999999999,0.6828000000000001,5.275599999999971,0.4937999999999989
253,"([0.2, 0.2, 0.2, 0.2, 0.2], [1])","([0, 0, 0, 1, 0], [3])",-0.0,-0.9359999999999999,-0.0,-0.0,-0.0,-0.9359999999999999,0.6828000000000001,5.528799999999971,0.4937999999999989
254,"([0.2, 0.2, 0.2, 0.2, 0.2], [4])","([0, 0, 0, 1, 0], [3])",-0.0,-0.0,-0.0,-0.0,-0.6940000000000001,-0.6940000000000001,0.6828000000000001,5.539999999999971,0.4937999999999989
255,"([0.2, 0.2, 0.2, 0.2, 0.2], [3])","([0, 0, 0, 1, 0], [3])",-0.0,-0.0,-0.0,-0.0,-0.0,0.0,0.6828000000000001,4.85719999999997,0.4937999999999989
256,"([0.2, 0.2, 0.2, 0.2, 0.2], [4])","([0, 0, 0, 1, 0], [3])",-0.0,-0.0,-0.0,-0.0,-0.6940000000000001,-0.6940000000000001,0.6828000000000001,4.86839999999997,0.4937999999999989
257,"([0.2, 0.2, 0.2, 0.2, 0.2], [2])","([0, 0, 0, 1, 0], [3])",-0.0,-0.0,-0.925,-0.0,-0.0,-0.925,0.6828000000000001,5.11059999999997,0.4937999999999989
258,"([0.2, 0.2, 0.2, 0.2, 0.2], [0])","([0, 0, 0, 1, 0], [3])",-0.8590000000000001,-0.0,-0.0,-0.0,-0.0,-0.8590000000000001,0.6828000000000001,5.286799999999969,0.4937999999999989
259,"([0.2, 0.2, 0.2, 0.2, 0.2], [1])","([0, 0, 0, 1, 0], [3])",-0.0,-0.9359999999999999,-0.0,-0.0,-0.0,-0.9359999999999999,0.6828000000000001,5.539999999999969,0.4937999999999989
260,"([0.2, 0.2, 0.2, 0.2, 0.2], [3])","([0, 0, 0, 1, 0], [3])",-0.0,-0.0,-0.0,-0.0,-0.0,0.0,0.6828000000000001,4.857199999999969,0.4937999999999989
261,"([0.2, 0.2, 0.2, 0.2, 0.2], [4])","([0, 0, 0, 1, 0], [3])",-0.0,-0.0,-0.0,-0.0,-0.6940000000000001,-0.6940000000000001,0.6828000000000001,4.868399999999968,0.4937999999999989
262,"([0.2, 0.2, 0.2, 0.2, 0.2], [1])","([0, 0, 0, 1, 0], [3])",-0.0,-0.9359999999999999,-0.0,-0.0,-0.0,-0.9359999999999999,0.6828000000000001,5.121599999999968,0.4937999999999989
263,"([0.2, 0.2, 0.2, 0.2, 0.2], [4])","([0, 0, 0, 1, 0], [3])",-0.0,-0.0,-0.0,-0.0,-0.6940000000000001,-0.6940000000000001,0.6828000000000001,5.132799999999968,0.4937999999999989
264,"([0.2, 0.2, 0.2, 0.2, 0.2], [0])","([0, 0, 0, 1, 0], [3])",-0.8590000000000001,-0.0,-0.0,-0.0,-0.0,-0.8590000000000001,0.6828000000000001,5.308999999999967,0.4937999999999989
265,"([0.2, 0.2, 0.2, 0.2, 0.2], [0])","([0, 0, 0, 1, 0], [3])",-0.8590000000000001,-0.0,-0.0,-0.0,-0.0,-0.8590000000000001,0.6828000000000001,5.485199999999967,0.4937999999999989
266,"([0.2, 0.2, 0.2, 0.2, 0.2], [3])","([0, 0, 0, 1, 0], [3])",-0.0,-0.0,-0.0,-0.0,-0.0,0.0,0.6828000000000001,4.802399999999967,0.4937999999999989
267,"([0.2, 0.2, 0.2, 0.2, 0.2], [2])","([0, 0, 0, 1, 0], [3])",-0.0,-0.0,-0.925,-0.0,-0.0,-0.925,0.6828000000000001,5.044599999999967,0.4937999999999989
268,"([0.2, 0.2, 0.2, 0.2, 0.2], [0])","([0, 0, 0, 1, 0], [3])",-0.8590000000000001,-0.0,-0.0,-0.0,-0.0,-0.8590000000000001,0.6828000000000001,5.220799999999967,0.4937999999999989
269,"([0.2, 0.2, 0.2, 0.2, 0.2], [3])","([0, 0, 0, 1, 0], [3])",-0.0,-0.0,-0.0,-0.0,-0.0,0.0,0.6828000000000001,4.5379999999999665,0.4937999999999989
270,"([0.2, 0.2, 0.2, 0.2, 0.2], [4])","([0, 0, 0, 1, 0], [3])",-0.0,-0.0,-0.0,-0.0,-0.6940000000000001,-0.6940000000000001,0.6828000000000001,4.549199999999966,0.4937999999999989
271,"([0.2, 0.2, 0.2, 0.2, 0.2], [1])","([0, 0, 0, 1, 0], [3])",-0.0,-0.9359999999999999,-0.0,-0.0,-0.0,-0.9359999999999999,0.6828000000000001,4.802399999999966,0.4937999999999989
272,"([0.2, 0.2, 0.2, 0.2, 0.2], [3])","([0, 0, 0, 1, 0], [3])",-0.0,-0.0,-0.0,-0.0,-0.0,0.0,0.6828000000000001,4.1195999999999655,0.4937999999999989
273,"([0.2, 0.2, 0.2, 0.2, 0.2], [1])","([0, 0, 0, 1, 0], [3])",-0.0,-0.9359999999999999,-0.0,-0.0,-0.0,-0.9359999999999999,0.6828000000000001,4.372799999999965,0.4937999999999989
274,"([0.2, 0.2, 0.2, 0.2, 0.2], [3])","([0, 0, 0, 1, 0], [3])",-0.0,-0.0,-0.0,-0.0,-0.0,0.0,0.6828000000000001,3.689999999999965,0.4937999999999989
275,"([0.2, 0.2, 0.2, 0.2, 0.2], [1])","([0, 0, 0, 1, 0], [3])",-0.0,-0.9359999999999999,-0.0,-0.0,-0.0,-0.9359999999999999,0.6828000000000001,3.9431999999999645,0.4937999999999989
276,"([0.2, 0.2, 0.2, 0.2, 0.2], [0])","([0, 0, 0, 1, 0], [3])",-0.8590000000000001,-0.0,-0.0,-0.0,-0.0,-0.8590000000000001,0.6828000000000001,4.119399999999964,0.4937999999999989
277,"([0.2, 0.2, 0.2, 0.2, 0.2], [4])","([0, 0, 0, 1, 0], [3])",-0.0,-0.0,-0.0,-0.0,-0.6940000000000001,-0.6940000000000001,0.6828000000000001,4.130599999999964,0.4937999999999989
278,"([0.2, 0.2, 0.2, 0.2, 0.2], [0])","([0, 0, 0, 1, 0], [3])",-0.8590000000000001,-0.0,-0.0,-0.0,-0.0,-0.8590000000000001,0.6828000000000001,4.3067999999999635,0.4937999999999989
279,"([0.2, 0.2, 0.2, 0.2, 0.2], [2])","([0, 0, 0, 1, 0], [3])",-0.0,-0.0,-0.925,-0.0,-0.0,-0.925,0.6828000000000001,4.548999999999964,0.4937999999999989
280,"([0.2, 0.2, 0.2, 0.2, 0.2], [2])","([0, 0, 0, 1, 0], [3])",-0.0,-0.0,-0.925,-0.0,-0.0,-0.925,0.6828000000000001,4.791199999999964,0.4937999999999989
281,"([0.2, 0.2, 0.2, 0.2, 0.2], [3])","([0, 0, 0, 1, 0], [3])",-0.0,-0.0,-0.0,-0.0,-0.0,0.0,0.6828000000000001,4.108399999999964,0.4937999999999989
282,"([0.2, 0.2, 0.2, 0.2, 0.2], [2])","([0, 0, 0, 1, 0], [3])",-0.0,-0.0,-0.925,-0.0,-0.0,-0.925,0.6828000000000001,4.3505999999999645,0.4937999999999989
283,"([0.2, 0.2, 0.2, 0.2, 0.2], [0])","([0, 0, 0, 1, 0], [3])",-0.8590000000000001,-0.0,-0.0,-0.0,-0.0,-0.8590000000000001,0.6828000000000001,4.526799999999964,0.4937999999999989
284,"([0.2, 0.2, 0.2, 0.2, 0.2], [0])","([0, 0, 0, 1, 0], [3])",-0.8590000000000001,-0.0,-0.0,-0.0,-0.0,-0.8590000000000001,0.6828000000000001,4.702999999999964,0.4937999999999989
285,"([0.2, 0.2, 0.2, 0.2, 0.2], [2])","([0, 0, 0, 1, 0], [3])",-0.0,-0.0,-0.925,-0.0,-0.0,-0.925,0.6828000000000001,4.945199999999964,0.4937999999999989
286,"([0.2, 0.2, 0.2, 0.2, 0.2], [3])","([0, 0, 0, 1, 0], [3])",-0.0,-0.0,-0.0,-0.0,-0.0,0.0,0.6828000000000001,4.262399999999964,0.4937999999999989
287,"([0.2, 0.2, 0.2, 0.2, 0.2], [0])","([0, 0, 0, 1, 0], [3])",-0.8590000000000001,-0.0,-0.0,-0.0,-0.0,-0.8590000000000001,0.6828000000000001,4.438599999999964,0.4937999999999989
288,"([0.2, 0.2, 0.2, 0.2, 0.2], [1])","([0, 0, 0, 1, 0], [3])",-0.0,-0.9359999999999999,-0.0,-0.0,-0.0,-0.9359999999999999,0.6828000000000001,4.691799999999963,0.4937999999999989
289,"([0.2, 0.2, 0.2, 0.2, 0.2], [1])","([0, 0, 0, 1, 0], [3])",-0.0,-0.9359999999999999,-0.0,-0.0,-0.0,-0.9359999999999999,0.6828000000000001,4.944999999999963,0.4937999999999989
290,"([0.2, 0.2, 0.2, 0.2, 0.2], [4])","([0, 0, 0, 1, 0], [3])",-0.0,-0.0,-0.0,-0.0,-0.6940000000000001,-0.6940000000000001,0.6828000000000001,4.956199999999963,0.4937999999999989
291,"([0.2, 0.2, 0.2, 0.2, 0.2], [1])","([0, 0, 0, 1, 0], [3])",-0.0,-0.9359999999999999,-0.0,-0.0,-0.0,-0.9359999999999999,0.6828000000000001,5.209399999999962,0.4937999999999989
292,"([0.2, 0.2, 0.2, 0.2, 0.2], [0])","([0, 0, 0, 1, 0], [3])",-0.8590000000000001,-0.0,-0.0,-0.0,-0.0,-0.8590000000000001,0.6828000000000001,5.385599999999962,0.4937999999999989
293,"([0.2, 0.2, 0.2, 0.2, 0.2], [4])","([0, 0, 0, 1, 0], [3])",-0.0,-0.0,-0.0,-0.0,-0.6940000000000001,-0.6940000000000001,0.6828000000000001,5.396799999999962,0.4937999999999989
294,"([0.2, 0.2, 0.2, 0.2, 0.2], [1])","([0, 0, 0, 1, 0], [3])",-0.0,-0.9359999999999999,-0.0,-0.0,-0.0,-0.9359999999999999,0.6828000000000001,5.649999999999961,0.4937999999999989
295,"([0.2, 0.2, 0.2, 0.2, 0.2], [2])","([0, 0, 0, 1, 0], [3])",-0.0,-0.0,-0.925,-0.0,-0.0,-0.925,0.6828000000000001,5.892199999999962,0.4937999999999989
296,"([0.2, 0.2, 0.2, 0.2, 0.2], [1])","([0, 0, 0, 1, 0], [3])",-0.0,-0.9359999999999999,-0.0,-0.0,-0.0,-0.9359999999999999,0.6828000000000001,6.145399999999961,0.4937999999999989
297,"([0.2, 0.2, 0.2, 0.2, 0.2], [4])","([0, 0, 0, 1, 0], [3])",-0.0,-0.0,-0.0,-0.0,-0.6940000000000001,-0.6940000000000001,0.6828000000000001,6.156599999999961,0.4937999999999989
298,"([0.2, 0.2, 0.2, 0.2, 0.2], [3])","([0, 0, 0, 1, 0], [3])",-0.0,-0.0,-0.0,-0.0,-0.0,0.0,0.6828000000000001,5.473799999999961,0.4937999999999989
299,"([0.2, 0.2, 0.2, 0.2, 0.2], [4])","([0, 0, 0, 1, 0], [3])",-0.0,-0.0,-0.0,-0.0,-0.6940000000000001,-0.6940000000000001,0.6828000000000001,5.48499999999996,0.4937999999999989
