,sto-1,FB-0,feedback target 0,feedback target 1,feedback target 2,feedback target 3,feedback target 4,total,target_observed?,exp_loss,actual_regret,exp_regret
0,"([0.5, 0.15, 0.05, 0.21, 0.09], [3])","([1, 0, 0, 0, 0], [0])",-0.0,-0.0,-0.0,-0.7559999999999999,-0.0,-0.7559999999999999,observed,0.403336,0.3526639999999999,0.0
1,"([0.5, 0.15, 0.05, 0.21, 0.09], [0])","([0, 0, 0, 1, 0], [3])",-0.768,-0.0,-0.0,-0.0,-0.0,-0.768,observed,0.630844,0.717328,0.227508
2,"([0.5, 0.15, 0.05, 0.21, 0.09], [4])","([1, 0, 0, 0, 0], [0])",-0.0,-0.0,-0.0,-0.0,-0.7909999999999999,-0.7909999999999999,observed,0.403336,1.104992,0.227508
3,"([0.5, 0.15, 0.05, 0.21, 0.09], [0])","([1, 0, 0, 0, 0], [0])",-0.0,-0.0,-0.0,-0.0,-0.0,0.0,observed,0.403336,0.7016560000000001,0.227508
4,"([0.5, 0.15, 0.05, 0.21, 0.09], [1])","([1, 0, 0, 0, 0], [0])",-0.0,-0.9259999999999999,-0.0,-0.0,-0.0,-0.9259999999999999,observed,0.403336,1.22432,0.227508
5,"([0.5, 0.15, 0.05, 0.21, 0.09], [3])","([1, 0, 0, 0, 0], [0])",-0.0,-0.0,-0.0,-0.7559999999999999,-0.0,-0.7559999999999999,observed,0.403336,1.576984,0.227508
6,"([0.5, 0.15, 0.05, 0.21, 0.09], [1])","([1, 0, 0, 0, 0], [0])",-0.0,-0.9259999999999999,-0.0,-0.0,-0.0,-0.9259999999999999,observed,0.403336,2.099648,0.227508
7,"([0.5, 0.15, 0.05, 0.21, 0.09], [3])","([1, 0, 0, 0, 0], [0])",-0.0,-0.0,-0.0,-0.7559999999999999,-0.0,-0.7559999999999999,observed,0.403336,2.452312,0.227508
8,"([0.5, 0.15, 0.05, 0.21, 0.09], [3])","([1, 0, 0, 0, 0], [0])",-0.0,-0.0,-0.0,-0.7559999999999999,-0.0,-0.7559999999999999,observed,0.403336,2.804976,0.227508
9,"([0.5, 0.15, 0.05, 0.21, 0.09], [0])","([1, 0, 0, 0, 0], [0])",-0.0,-0.0,-0.0,-0.0,-0.0,0.0,observed,0.403336,2.40164,0.227508
10,"([0.5, 0.15, 0.05, 0.21, 0.09], [1])","([1, 0, 0, 0, 0], [0])",-0.0,-0.9259999999999999,-0.0,-0.0,-0.0,-0.9259999999999999,observed,0.403336,2.9243040000000002,0.227508
11,"([0.5, 0.15, 0.05, 0.21, 0.09], [0])","([1, 0, 0, 0, 0], [0])",-0.0,-0.0,-0.0,-0.0,-0.0,0.0,observed,0.403336,2.5209680000000003,0.227508
12,"([0.5, 0.15, 0.05, 0.21, 0.09], [4])","([1, 0, 0, 0, 0], [0])",-0.0,-0.0,-0.0,-0.0,-0.7909999999999999,-0.7909999999999999,observed,0.403336,2.9086320000000003,0.227508
13,"([0.5, 0.15, 0.05, 0.21, 0.09], [0])","([1, 0, 0, 0, 0], [0])",-0.0,-0.0,-0.0,-0.0,-0.0,0.0,observed,0.403336,2.5052960000000004,0.227508
14,"([0.5, 0.15, 0.05, 0.21, 0.09], [0])","([1, 0, 0, 0, 0], [0])",-0.0,-0.0,-0.0,-0.0,-0.0,0.0,observed,0.403336,2.1019600000000005,0.227508
15,"([0.5, 0.15, 0.05, 0.21, 0.09], [1])","([1, 0, 0, 0, 0], [0])",-0.0,-0.9259999999999999,-0.0,-0.0,-0.0,-0.9259999999999999,observed,0.403336,2.6246240000000007,0.227508
16,"([0.5, 0.15, 0.05, 0.21, 0.09], [3])","([1, 0, 0, 0, 0], [0])",-0.0,-0.0,-0.0,-0.7559999999999999,-0.0,-0.7559999999999999,observed,0.403336,2.9772880000000006,0.227508
17,"([0.5, 0.15, 0.05, 0.21, 0.09], [0])","([1, 0, 0, 0, 0], [0])",-0.0,-0.0,-0.0,-0.0,-0.0,0.0,observed,0.403336,2.5739520000000007,0.227508
18,"([0.5, 0.15, 0.05, 0.21, 0.09], [0])","([1, 0, 0, 0, 0], [0])",-0.0,-0.0,-0.0,-0.0,-0.0,0.0,observed,0.403336,2.1706160000000008,0.227508
19,"([0.5, 0.15, 0.05, 0.21, 0.09], [0])","([1, 0, 0, 0, 0], [0])",-0.0,-0.0,-0.0,-0.0,-0.0,0.0,observed,0.403336,1.7672800000000009,0.227508
20,"([0.5, 0.15, 0.05, 0.21, 0.09], [4])","([1, 0, 0, 0, 0], [0])",-0.0,-0.0,-0.0,-0.0,-0.7909999999999999,-0.7909999999999999,observed,0.403336,2.154944000000001,0.227508
21,"([0.5, 0.15, 0.05, 0.21, 0.09], [0])","([1, 0, 0, 0, 0], [0])",-0.0,-0.0,-0.0,-0.0,-0.0,0.0,observed,0.403336,1.751608000000001,0.227508
22,"([0.5, 0.15, 0.05, 0.21, 0.09], [0])","([1, 0, 0, 0, 0], [0])",-0.0,-0.0,-0.0,-0.0,-0.0,0.0,observed,0.403336,1.348272000000001,0.227508
23,"([0.5, 0.15, 0.05, 0.21, 0.09], [1])","([1, 0, 0, 0, 0], [0])",-0.0,-0.9259999999999999,-0.0,-0.0,-0.0,-0.9259999999999999,observed,0.403336,1.870936000000001,0.227508
24,"([0.5, 0.15, 0.05, 0.21, 0.09], [0])","([1, 0, 0, 0, 0], [0])",-0.0,-0.0,-0.0,-0.0,-0.0,0.0,observed,0.403336,1.4676000000000011,0.227508
25,"([0.5, 0.15, 0.05, 0.21, 0.09], [4])","([1, 0, 0, 0, 0], [0])",-0.0,-0.0,-0.0,-0.0,-0.7909999999999999,-0.7909999999999999,observed,0.403336,1.8552640000000011,0.227508
26,"([0.5, 0.15, 0.05, 0.21, 0.09], [4])","([1, 0, 0, 0, 0], [0])",-0.0,-0.0,-0.0,-0.0,-0.7909999999999999,-0.7909999999999999,observed,0.403336,2.242928000000001,0.227508
27,"([0.5, 0.15, 0.05, 0.21, 0.09], [4])","([1, 0, 0, 0, 0], [0])",-0.0,-0.0,-0.0,-0.0,-0.7909999999999999,-0.7909999999999999,observed,0.403336,2.630592000000001,0.227508
28,"([0.5, 0.15, 0.05, 0.21, 0.09], [0])","([1, 0, 0, 0, 0], [0])",-0.0,-0.0,-0.0,-0.0,-0.0,0.0,observed,0.403336,2.227256000000001,0.227508
29,"([0.5, 0.15, 0.05, 0.21, 0.09], [0])","([1, 0, 0, 0, 0], [0])",-0.0,-0.0,-0.0,-0.0,-0.0,0.0,observed,0.403336,1.823920000000001,0.227508
30,"([0.5, 0.15, 0.05, 0.21, 0.09], [4])","([1, 0, 0, 0, 0], [0])",-0.0,-0.0,-0.0,-0.0,-0.7909999999999999,-0.7909999999999999,observed,0.403336,2.211584000000001,0.227508
31,"([0.5, 0.15, 0.05, 0.21, 0.09], [3])","([1, 0, 0, 0, 0], [0])",-0.0,-0.0,-0.0,-0.7559999999999999,-0.0,-0.7559999999999999,observed,0.403336,2.564248000000001,0.227508
32,"([0.5, 0.15, 0.05, 0.21, 0.09], [3])","([1, 0, 0, 0, 0], [0])",-0.0,-0.0,-0.0,-0.7559999999999999,-0.0,-0.7559999999999999,observed,0.403336,2.916912000000001,0.227508
33,"([0.5, 0.15, 0.05, 0.21, 0.09], [0])","([1, 0, 0, 0, 0], [0])",-0.0,-0.0,-0.0,-0.0,-0.0,0.0,observed,0.403336,2.513576000000001,0.227508
34,"([0.5, 0.15, 0.05, 0.21, 0.09], [3])","([1, 0, 0, 0, 0], [0])",-0.0,-0.0,-0.0,-0.7559999999999999,-0.0,-0.7559999999999999,observed,0.403336,2.866240000000001,0.227508
35,"([0.5, 0.15, 0.05, 0.21, 0.09], [0])","([1, 0, 0, 0, 0], [0])",-0.0,-0.0,-0.0,-0.0,-0.0,0.0,observed,0.403336,2.462904000000001,0.227508
36,"([0.5, 0.15, 0.05, 0.21, 0.09], [3])","([1, 0, 0, 0, 0], [0])",-0.0,-0.0,-0.0,-0.7559999999999999,-0.0,-0.7559999999999999,observed,0.403336,2.8155680000000007,0.227508
37,"([0.5, 0.15, 0.05, 0.21, 0.09], [0])","([1, 0, 0, 0, 0], [0])",-0.0,-0.0,-0.0,-0.0,-0.0,0.0,observed,0.403336,2.412232000000001,0.227508
38,"([0.5, 0.15, 0.05, 0.21, 0.09], [1])","([1, 0, 0, 0, 0], [0])",-0.0,-0.9259999999999999,-0.0,-0.0,-0.0,-0.9259999999999999,observed,0.403336,2.934896000000001,0.227508
39,"([0.5, 0.15, 0.05, 0.21, 0.09], [0])","([1, 0, 0, 0, 0], [0])",-0.0,-0.0,-0.0,-0.0,-0.0,0.0,observed,0.403336,2.531560000000001,0.227508
40,"([0.5, 0.15, 0.05, 0.21, 0.09], [3])","([1, 0, 0, 0, 0], [0])",-0.0,-0.0,-0.0,-0.7559999999999999,-0.0,-0.7559999999999999,observed,0.403336,2.884224000000001,0.227508
41,"([0.5, 0.15, 0.05, 0.21, 0.09], [0])","([1, 0, 0, 0, 0], [0])",-0.0,-0.0,-0.0,-0.0,-0.0,0.0,observed,0.403336,2.480888000000001,0.227508
42,"([0.5, 0.15, 0.05, 0.21, 0.09], [0])","([1, 0, 0, 0, 0], [0])",-0.0,-0.0,-0.0,-0.0,-0.0,0.0,observed,0.403336,2.077552000000001,0.227508
43,"([0.5, 0.15, 0.05, 0.21, 0.09], [2])","([1, 0, 0, 0, 0], [0])",-0.0,-0.0,-0.68,-0.0,-0.0,-0.68,observed,0.403336,2.3542160000000014,0.227508
44,"([0.5, 0.15, 0.05, 0.21, 0.09], [2])","([1, 0, 0, 0, 0], [0])",-0.0,-0.0,-0.68,-0.0,-0.0,-0.68,observed,0.403336,2.6308800000000017,0.227508
45,"([0.5, 0.15, 0.05, 0.21, 0.09], [3])","([1, 0, 0, 0, 0], [0])",-0.0,-0.0,-0.0,-0.7559999999999999,-0.0,-0.7559999999999999,observed,0.403336,2.9835440000000015,0.227508
46,"([0.5, 0.15, 0.05, 0.21, 0.09], [0])","([1, 0, 0, 0, 0], [0])",-0.0,-0.0,-0.0,-0.0,-0.0,0.0,observed,0.403336,2.5802080000000016,0.227508
47,"([0.5, 0.15, 0.05, 0.21, 0.09], [3])","([1, 0, 0, 0, 0], [0])",-0.0,-0.0,-0.0,-0.7559999999999999,-0.0,-0.7559999999999999,observed,0.403336,2.9328720000000015,0.227508
48,"([0.5, 0.15, 0.05, 0.21, 0.09], [1])","([1, 0, 0, 0, 0], [0])",-0.0,-0.9259999999999999,-0.0,-0.0,-0.0,-0.9259999999999999,observed,0.403336,3.4555360000000013,0.227508
49,"([0.5, 0.15, 0.05, 0.21, 0.09], [1])","([1, 0, 0, 0, 0], [0])",-0.0,-0.9259999999999999,-0.0,-0.0,-0.0,-0.9259999999999999,observed,0.403336,3.978200000000001,0.227508
50,"([0.5, 0.15, 0.05, 0.21, 0.09], [3])","([1, 0, 0, 0, 0], [0])",-0.0,-0.0,-0.0,-0.7559999999999999,-0.0,-0.7559999999999999,observed,0.403336,4.330864000000001,0.227508
51,"([0.5, 0.15, 0.05, 0.21, 0.09], [3])","([1, 0, 0, 0, 0], [0])",-0.0,-0.0,-0.0,-0.7559999999999999,-0.0,-0.7559999999999999,observed,0.403336,4.683528000000001,0.227508
52,"([0.5, 0.15, 0.05, 0.21, 0.09], [4])","([1, 0, 0, 0, 0], [0])",-0.0,-0.0,-0.0,-0.0,-0.7909999999999999,-0.7909999999999999,observed,0.403336,5.071192000000001,0.227508
53,"([0.5, 0.15, 0.05, 0.21, 0.09], [0])","([1, 0, 0, 0, 0], [0])",-0.0,-0.0,-0.0,-0.0,-0.0,0.0,observed,0.403336,4.6678560000000004,0.227508
54,"([0.5, 0.15, 0.05, 0.21, 0.09], [3])","([1, 0, 0, 0, 0], [0])",-0.0,-0.0,-0.0,-0.7559999999999999,-0.0,-0.7559999999999999,observed,0.403336,5.02052,0.227508
55,"([0.5, 0.15, 0.05, 0.21, 0.09], [0])","([1, 0, 0, 0, 0], [0])",-0.0,-0.0,-0.0,-0.0,-0.0,0.0,observed,0.403336,4.617184,0.227508
56,"([0.5, 0.15, 0.05, 0.21, 0.09], [0])","([1, 0, 0, 0, 0], [0])",-0.0,-0.0,-0.0,-0.0,-0.0,0.0,observed,0.403336,4.213848,0.227508
57,"([0.5, 0.15, 0.05, 0.21, 0.09], [1])","([1, 0, 0, 0, 0], [0])",-0.0,-0.9259999999999999,-0.0,-0.0,-0.0,-0.9259999999999999,observed,0.403336,4.736511999999999,0.227508
58,"([0.5, 0.15, 0.05, 0.21, 0.09], [1])","([1, 0, 0, 0, 0], [0])",-0.0,-0.9259999999999999,-0.0,-0.0,-0.0,-0.9259999999999999,observed,0.403336,5.259175999999999,0.227508
59,"([0.5, 0.15, 0.05, 0.21, 0.09], [0])","([1, 0, 0, 0, 0], [0])",-0.0,-0.0,-0.0,-0.0,-0.0,0.0,observed,0.403336,4.855839999999999,0.227508
60,"([0.5, 0.15, 0.05, 0.21, 0.09], [0])","([1, 0, 0, 0, 0], [0])",-0.0,-0.0,-0.0,-0.0,-0.0,0.0,observed,0.403336,4.4525039999999985,0.227508
61,"([0.5, 0.15, 0.05, 0.21, 0.09], [4])","([1, 0, 0, 0, 0], [0])",-0.0,-0.0,-0.0,-0.0,-0.7909999999999999,-0.7909999999999999,observed,0.403336,4.8401679999999985,0.227508
62,"([0.5, 0.15, 0.05, 0.21, 0.09], [0])","([1, 0, 0, 0, 0], [0])",-0.0,-0.0,-0.0,-0.0,-0.0,0.0,observed,0.403336,4.436831999999998,0.227508
63,"([0.5, 0.15, 0.05, 0.21, 0.09], [0])","([1, 0, 0, 0, 0], [0])",-0.0,-0.0,-0.0,-0.0,-0.0,0.0,observed,0.403336,4.033495999999998,0.227508
64,"([0.5, 0.15, 0.05, 0.21, 0.09], [0])","([1, 0, 0, 0, 0], [0])",-0.0,-0.0,-0.0,-0.0,-0.0,0.0,observed,0.403336,3.630159999999998,0.227508
65,"([0.5, 0.15, 0.05, 0.21, 0.09], [3])","([1, 0, 0, 0, 0], [0])",-0.0,-0.0,-0.0,-0.7559999999999999,-0.0,-0.7559999999999999,observed,0.403336,3.9828239999999977,0.227508
66,"([0.5, 0.15, 0.05, 0.21, 0.09], [2])","([1, 0, 0, 0, 0], [0])",-0.0,-0.0,-0.68,-0.0,-0.0,-0.68,observed,0.403336,4.2594879999999975,0.227508
67,"([0.5, 0.15, 0.05, 0.21, 0.09], [0])","([1, 0, 0, 0, 0], [0])",-0.0,-0.0,-0.0,-0.0,-0.0,0.0,observed,0.403336,3.8561519999999976,0.227508
68,"([0.5, 0.15, 0.05, 0.21, 0.09], [0])","([1, 0, 0, 0, 0], [0])",-0.0,-0.0,-0.0,-0.0,-0.0,0.0,observed,0.403336,3.4528159999999977,0.227508
69,"([0.5, 0.15, 0.05, 0.21, 0.09], [0])","([1, 0, 0, 0, 0], [0])",-0.0,-0.0,-0.0,-0.0,-0.0,0.0,observed,0.403336,3.0494799999999977,0.227508
70,"([0.5, 0.15, 0.05, 0.21, 0.09], [0])","([1, 0, 0, 0, 0], [0])",-0.0,-0.0,-0.0,-0.0,-0.0,0.0,observed,0.403336,2.646143999999998,0.227508
71,"([0.5, 0.15, 0.05, 0.21, 0.09], [0])","([1, 0, 0, 0, 0], [0])",-0.0,-0.0,-0.0,-0.0,-0.0,0.0,observed,0.403336,2.242807999999998,0.227508
72,"([0.5, 0.15, 0.05, 0.21, 0.09], [0])","([1, 0, 0, 0, 0], [0])",-0.0,-0.0,-0.0,-0.0,-0.0,0.0,observed,0.403336,1.839471999999998,0.227508
73,"([0.5, 0.15, 0.05, 0.21, 0.09], [0])","([1, 0, 0, 0, 0], [0])",-0.0,-0.0,-0.0,-0.0,-0.0,0.0,observed,0.403336,1.436135999999998,0.227508
74,"([0.5, 0.15, 0.05, 0.21, 0.09], [3])","([1, 0, 0, 0, 0], [0])",-0.0,-0.0,-0.0,-0.7559999999999999,-0.0,-0.7559999999999999,observed,0.403336,1.788799999999998,0.227508
75,"([0.5, 0.15, 0.05, 0.21, 0.09], [0])","([1, 0, 0, 0, 0], [0])",-0.0,-0.0,-0.0,-0.0,-0.0,0.0,observed,0.403336,1.385463999999998,0.227508
76,"([0.5, 0.15, 0.05, 0.21, 0.09], [0])","([1, 0, 0, 0, 0], [0])",-0.0,-0.0,-0.0,-0.0,-0.0,0.0,observed,0.403336,0.9821279999999981,0.227508
77,"([0.5, 0.15, 0.05, 0.21, 0.09], [3])","([1, 0, 0, 0, 0], [0])",-0.0,-0.0,-0.0,-0.7559999999999999,-0.0,-0.7559999999999999,observed,0.403336,1.334791999999998,0.227508
78,"([0.5, 0.15, 0.05, 0.21, 0.09], [0])","([1, 0, 0, 0, 0], [0])",-0.0,-0.0,-0.0,-0.0,-0.0,0.0,observed,0.403336,0.9314559999999981,0.227508
79,"([0.5, 0.15, 0.05, 0.21, 0.09], [0])","([1, 0, 0, 0, 0], [0])",-0.0,-0.0,-0.0,-0.0,-0.0,0.0,observed,0.403336,0.5281199999999981,0.227508
80,"([0.5, 0.15, 0.05, 0.21, 0.09], [3])","([1, 0, 0, 0, 0], [0])",-0.0,-0.0,-0.0,-0.7559999999999999,-0.0,-0.7559999999999999,observed,0.403336,0.880783999999998,0.227508
81,"([0.5, 0.15, 0.05, 0.21, 0.09], [0])","([1, 0, 0, 0, 0], [0])",-0.0,-0.0,-0.0,-0.0,-0.0,0.0,observed,0.403336,0.47744799999999804,0.227508
82,"([0.5, 0.15, 0.05, 0.21, 0.09], [0])","([1, 0, 0, 0, 0], [0])",-0.0,-0.0,-0.0,-0.0,-0.0,0.0,observed,0.403336,0.07411199999999807,0.227508
83,"([0.5, 0.15, 0.05, 0.21, 0.09], [2])","([1, 0, 0, 0, 0], [0])",-0.0,-0.0,-0.68,-0.0,-0.0,-0.68,observed,0.403336,0.35077599999999814,0.227508
84,"([0.5, 0.15, 0.05, 0.21, 0.09], [0])","([1, 0, 0, 0, 0], [0])",-0.0,-0.0,-0.0,-0.0,-0.0,0.0,observed,0.403336,-0.05256000000000183,0.227508
85,"([0.5, 0.15, 0.05, 0.21, 0.09], [0])","([1, 0, 0, 0, 0], [0])",-0.0,-0.0,-0.0,-0.0,-0.0,0.0,observed,0.403336,-0.4558960000000018,0.227508
86,"([0.5, 0.15, 0.05, 0.21, 0.09], [3])","([1, 0, 0, 0, 0], [0])",-0.0,-0.0,-0.0,-0.7559999999999999,-0.0,-0.7559999999999999,observed,0.403336,-0.10323200000000188,0.227508
87,"([0.5, 0.15, 0.05, 0.21, 0.09], [1])","([1, 0, 0, 0, 0], [0])",-0.0,-0.9259999999999999,-0.0,-0.0,-0.0,-0.9259999999999999,observed,0.403336,0.41943199999999814,0.227508
88,"([0.5, 0.15, 0.05, 0.21, 0.09], [3])","([1, 0, 0, 0, 0], [0])",-0.0,-0.0,-0.0,-0.7559999999999999,-0.0,-0.7559999999999999,observed,0.403336,0.7720959999999981,0.227508
89,"([0.5, 0.15, 0.05, 0.21, 0.09], [3])","([1, 0, 0, 0, 0], [0])",-0.0,-0.0,-0.0,-0.7559999999999999,-0.0,-0.7559999999999999,observed,0.403336,1.124759999999998,0.227508
90,"([0.5, 0.15, 0.05, 0.21, 0.09], [2])","([1, 0, 0, 0, 0], [0])",-0.0,-0.0,-0.68,-0.0,-0.0,-0.68,observed,0.403336,1.401423999999998,0.227508
91,"([0.5, 0.15, 0.05, 0.21, 0.09], [0])","([1, 0, 0, 0, 0], [0])",-0.0,-0.0,-0.0,-0.0,-0.0,0.0,observed,0.403336,0.9980879999999981,0.227508
92,"([0.5, 0.15, 0.05, 0.21, 0.09], [0])","([1, 0, 0, 0, 0], [0])",-0.0,-0.0,-0.0,-0.0,-0.0,0.0,observed,0.403336,0.5947519999999982,0.227508
93,"([0.5, 0.15, 0.05, 0.21, 0.09], [0])","([1, 0, 0, 0, 0], [0])",-0.0,-0.0,-0.0,-0.0,-0.0,0.0,observed,0.403336,0.1914159999999982,0.227508
94,"([0.5, 0.15, 0.05, 0.21, 0.09], [0])","([1, 0, 0, 0, 0], [0])",-0.0,-0.0,-0.0,-0.0,-0.0,0.0,observed,0.403336,-0.21192000000000177,0.227508
95,"([0.5, 0.15, 0.05, 0.21, 0.09], [0])","([1, 0, 0, 0, 0], [0])",-0.0,-0.0,-0.0,-0.0,-0.0,0.0,observed,0.403336,-0.6152560000000018,0.227508
96,"([0.5, 0.15, 0.05, 0.21, 0.09], [1])","([1, 0, 0, 0, 0], [0])",-0.0,-0.9259999999999999,-0.0,-0.0,-0.0,-0.9259999999999999,observed,0.403336,-0.09259200000000178,0.227508
97,"([0.5, 0.15, 0.05, 0.21, 0.09], [0])","([1, 0, 0, 0, 0], [0])",-0.0,-0.0,-0.0,-0.0,-0.0,0.0,observed,0.403336,-0.49592800000000176,0.227508
98,"([0.5, 0.15, 0.05, 0.21, 0.09], [0])","([1, 0, 0, 0, 0], [0])",-0.0,-0.0,-0.0,-0.0,-0.0,0.0,observed,0.403336,-0.8992640000000017,0.227508
99,"([0.5, 0.15, 0.05, 0.21, 0.09], [3])","([1, 0, 0, 0, 0], [0])",-0.0,-0.0,-0.0,-0.7559999999999999,-0.0,-0.7559999999999999,observed,0.403336,-0.5466000000000018,0.227508
