,sto-1,FB-0,feedback target 0,feedback target 1,feedback target 2,feedback target 3,feedback target 4,total,target_observed?,exp_loss,actual_regret,exp_regret
0,"([0.5, 0.15, 0.05, 0.21, 0.09], [4])","([0, 0, 1, 0, 0], [2])",-0.0,-0.0,-0.0,-0.0,-0.7909999999999999,-0.7909999999999999,observed,0.7540159999999999,0.38766399999999995,0.35067999999999994
1,"([0.5, 0.15, 0.05, 0.21, 0.09], [0])","([0, 1, 0, 0, 0], [1])",-0.768,-0.0,-0.0,-0.0,-0.0,-0.768,observed,0.6465839999999999,0.752328,0.5939279999999999
2,"([0.5, 0.15, 0.05, 0.21, 0.09], [0])","([1, 0, 0, 0, 0], [0])",-0.0,-0.0,-0.0,-0.0,-0.0,0.0,observed,0.403336,0.348992,0.5939279999999999
3,"([0.5, 0.15, 0.05, 0.21, 0.09], [3])","([1, 0, 0, 0, 0], [0])",-0.0,-0.0,-0.0,-0.7559999999999999,-0.0,-0.7559999999999999,observed,0.403336,0.701656,0.5939279999999999
4,"([0.5, 0.15, 0.05, 0.21, 0.09], [3])","([1, 0, 0, 0, 0], [0])",-0.0,-0.0,-0.0,-0.7559999999999999,-0.0,-0.7559999999999999,observed,0.403336,1.05432,0.5939279999999999
5,"([0.5, 0.15, 0.05, 0.21, 0.09], [3])","([1, 0, 0, 0, 0], [0])",-0.0,-0.0,-0.0,-0.7559999999999999,-0.0,-0.7559999999999999,observed,0.403336,1.4069839999999998,0.5939279999999999
6,"([0.5, 0.15, 0.05, 0.21, 0.09], [1])","([1, 0, 0, 0, 0], [0])",-0.0,-0.9259999999999999,-0.0,-0.0,-0.0,-0.9259999999999999,observed,0.403336,1.9296479999999998,0.5939279999999999
7,"([0.5, 0.15, 0.05, 0.21, 0.09], [0])","([1, 0, 0, 0, 0], [0])",-0.0,-0.0,-0.0,-0.0,-0.0,0.0,observed,0.403336,1.526312,0.5939279999999999
8,"([0.5, 0.15, 0.05, 0.21, 0.09], [0])","([1, 0, 0, 0, 0], [0])",-0.0,-0.0,-0.0,-0.0,-0.0,0.0,observed,0.403336,1.122976,0.5939279999999999
9,"([0.5, 0.15, 0.05, 0.21, 0.09], [0])","([1, 0, 0, 0, 0], [0])",-0.0,-0.0,-0.0,-0.0,-0.0,0.0,observed,0.403336,0.7196400000000001,0.5939279999999999
10,"([0.5, 0.15, 0.05, 0.21, 0.09], [3])","([1, 0, 0, 0, 0], [0])",-0.0,-0.0,-0.0,-0.7559999999999999,-0.0,-0.7559999999999999,observed,0.403336,1.072304,0.5939279999999999
11,"([0.5, 0.15, 0.05, 0.21, 0.09], [0])","([1, 0, 0, 0, 0], [0])",-0.0,-0.0,-0.0,-0.0,-0.0,0.0,observed,0.403336,0.668968,0.5939279999999999
12,"([0.5, 0.15, 0.05, 0.21, 0.09], [0])","([1, 0, 0, 0, 0], [0])",-0.0,-0.0,-0.0,-0.0,-0.0,0.0,observed,0.403336,0.26563200000000003,0.5939279999999999
13,"([0.5, 0.15, 0.05, 0.21, 0.09], [0])","([1, 0, 0, 0, 0], [0])",-0.0,-0.0,-0.0,-0.0,-0.0,0.0,observed,0.403336,-0.13770399999999994,0.5939279999999999
14,"([0.5, 0.15, 0.05, 0.21, 0.09], [0])","([1, 0, 0, 0, 0], [0])",-0.0,-0.0,-0.0,-0.0,-0.0,0.0,observed,0.403336,-0.54104,0.5939279999999999
15,"([0.5, 0.15, 0.05, 0.21, 0.09], [3])","([1, 0, 0, 0, 0], [0])",-0.0,-0.0,-0.0,-0.7559999999999999,-0.0,-0.7559999999999999,observed,0.403336,-0.18837600000000004,0.5939279999999999
16,"([0.5, 0.15, 0.05, 0.21, 0.09], [0])","([1, 0, 0, 0, 0], [0])",-0.0,-0.0,-0.0,-0.0,-0.0,0.0,observed,0.403336,-0.591712,0.5939279999999999
17,"([0.5, 0.15, 0.05, 0.21, 0.09], [0])","([1, 0, 0, 0, 0], [0])",-0.0,-0.0,-0.0,-0.0,-0.0,0.0,observed,0.403336,-0.9950479999999999,0.5939279999999999
18,"([0.5, 0.15, 0.05, 0.21, 0.09], [0])","([1, 0, 0, 0, 0], [0])",-0.0,-0.0,-0.0,-0.0,-0.0,0.0,observed,0.403336,-1.3983839999999998,0.5939279999999999
19,"([0.5, 0.15, 0.05, 0.21, 0.09], [1])","([1, 0, 0, 0, 0], [0])",-0.0,-0.9259999999999999,-0.0,-0.0,-0.0,-0.9259999999999999,observed,0.403336,-0.8757199999999998,0.5939279999999999
20,"([0.5, 0.15, 0.05, 0.21, 0.09], [0])","([1, 0, 0, 0, 0], [0])",-0.0,-0.0,-0.0,-0.0,-0.0,0.0,observed,0.403336,-1.2790559999999997,0.5939279999999999
21,"([0.5, 0.15, 0.05, 0.21, 0.09], [0])","([1, 0, 0, 0, 0], [0])",-0.0,-0.0,-0.0,-0.0,-0.0,0.0,observed,0.403336,-1.6823919999999997,0.5939279999999999
22,"([0.5, 0.15, 0.05, 0.21, 0.09], [0])","([1, 0, 0, 0, 0], [0])",-0.0,-0.0,-0.0,-0.0,-0.0,0.0,observed,0.403336,-2.0857279999999996,0.5939279999999999
23,"([0.5, 0.15, 0.05, 0.21, 0.09], [0])","([1, 0, 0, 0, 0], [0])",-0.0,-0.0,-0.0,-0.0,-0.0,0.0,observed,0.403336,-2.4890639999999995,0.5939279999999999
24,"([0.5, 0.15, 0.05, 0.21, 0.09], [1])","([1, 0, 0, 0, 0], [0])",-0.0,-0.9259999999999999,-0.0,-0.0,-0.0,-0.9259999999999999,observed,0.403336,-1.9663999999999995,0.5939279999999999
25,"([0.5, 0.15, 0.05, 0.21, 0.09], [1])","([1, 0, 0, 0, 0], [0])",-0.0,-0.9259999999999999,-0.0,-0.0,-0.0,-0.9259999999999999,observed,0.403336,-1.4437359999999995,0.5939279999999999
26,"([0.5, 0.15, 0.05, 0.21, 0.09], [1])","([1, 0, 0, 0, 0], [0])",-0.0,-0.9259999999999999,-0.0,-0.0,-0.0,-0.9259999999999999,observed,0.403336,-0.9210719999999994,0.5939279999999999
27,"([0.5, 0.15, 0.05, 0.21, 0.09], [4])","([1, 0, 0, 0, 0], [0])",-0.0,-0.0,-0.0,-0.0,-0.7909999999999999,-0.7909999999999999,observed,0.403336,-0.5334079999999994,0.5939279999999999
28,"([0.5, 0.15, 0.05, 0.21, 0.09], [0])","([1, 0, 0, 0, 0], [0])",-0.0,-0.0,-0.0,-0.0,-0.0,0.0,observed,0.403336,-0.9367439999999994,0.5939279999999999
29,"([0.5, 0.15, 0.05, 0.21, 0.09], [0])","([1, 0, 0, 0, 0], [0])",-0.0,-0.0,-0.0,-0.0,-0.0,0.0,observed,0.403336,-1.3400799999999993,0.5939279999999999
30,"([0.5, 0.15, 0.05, 0.21, 0.09], [0])","([1, 0, 0, 0, 0], [0])",-0.0,-0.0,-0.0,-0.0,-0.0,0.0,observed,0.403336,-1.7434159999999992,0.5939279999999999
31,"([0.5, 0.15, 0.05, 0.21, 0.09], [3])","([1, 0, 0, 0, 0], [0])",-0.0,-0.0,-0.0,-0.7559999999999999,-0.0,-0.7559999999999999,observed,0.403336,-1.3907519999999993,0.5939279999999999
32,"([0.5, 0.15, 0.05, 0.21, 0.09], [0])","([1, 0, 0, 0, 0], [0])",-0.0,-0.0,-0.0,-0.0,-0.0,0.0,observed,0.403336,-1.7940879999999992,0.5939279999999999
33,"([0.5, 0.15, 0.05, 0.21, 0.09], [0])","([1, 0, 0, 0, 0], [0])",-0.0,-0.0,-0.0,-0.0,-0.0,0.0,observed,0.403336,-2.1974239999999994,0.5939279999999999
34,"([0.5, 0.15, 0.05, 0.21, 0.09], [3])","([1, 0, 0, 0, 0], [0])",-0.0,-0.0,-0.0,-0.7559999999999999,-0.0,-0.7559999999999999,observed,0.403336,-1.8447599999999995,0.5939279999999999
35,"([0.5, 0.15, 0.05, 0.21, 0.09], [1])","([1, 0, 0, 0, 0], [0])",-0.0,-0.9259999999999999,-0.0,-0.0,-0.0,-0.9259999999999999,observed,0.403336,-1.3220959999999995,0.5939279999999999
36,"([0.5, 0.15, 0.05, 0.21, 0.09], [3])","([1, 0, 0, 0, 0], [0])",-0.0,-0.0,-0.0,-0.7559999999999999,-0.0,-0.7559999999999999,observed,0.403336,-0.9694319999999996,0.5939279999999999
37,"([0.5, 0.15, 0.05, 0.21, 0.09], [0])","([1, 0, 0, 0, 0], [0])",-0.0,-0.0,-0.0,-0.0,-0.0,0.0,observed,0.403336,-1.3727679999999995,0.5939279999999999
38,"([0.5, 0.15, 0.05, 0.21, 0.09], [1])","([1, 0, 0, 0, 0], [0])",-0.0,-0.9259999999999999,-0.0,-0.0,-0.0,-0.9259999999999999,observed,0.403336,-0.8501039999999995,0.5939279999999999
39,"([0.5, 0.15, 0.05, 0.21, 0.09], [0])","([1, 0, 0, 0, 0], [0])",-0.0,-0.0,-0.0,-0.0,-0.0,0.0,observed,0.403336,-1.2534399999999994,0.5939279999999999
40,"([0.5, 0.15, 0.05, 0.21, 0.09], [4])","([1, 0, 0, 0, 0], [0])",-0.0,-0.0,-0.0,-0.0,-0.7909999999999999,-0.7909999999999999,observed,0.403336,-0.8657759999999994,0.5939279999999999
41,"([0.5, 0.15, 0.05, 0.21, 0.09], [2])","([1, 0, 0, 0, 0], [0])",-0.0,-0.0,-0.68,-0.0,-0.0,-0.68,observed,0.403336,-0.5891119999999994,0.5939279999999999
42,"([0.5, 0.15, 0.05, 0.21, 0.09], [3])","([1, 0, 0, 0, 0], [0])",-0.0,-0.0,-0.0,-0.7559999999999999,-0.0,-0.7559999999999999,observed,0.403336,-0.2364479999999995,0.5939279999999999
43,"([0.5, 0.15, 0.05, 0.21, 0.09], [0])","([1, 0, 0, 0, 0], [0])",-0.0,-0.0,-0.0,-0.0,-0.0,0.0,observed,0.403336,-0.6397839999999995,0.5939279999999999
44,"([0.5, 0.15, 0.05, 0.21, 0.09], [0])","([1, 0, 0, 0, 0], [0])",-0.0,-0.0,-0.0,-0.0,-0.0,0.0,observed,0.403336,-1.0431199999999994,0.5939279999999999
45,"([0.5, 0.15, 0.05, 0.21, 0.09], [0])","([1, 0, 0, 0, 0], [0])",-0.0,-0.0,-0.0,-0.0,-0.0,0.0,observed,0.403336,-1.4464559999999993,0.5939279999999999
46,"([0.5, 0.15, 0.05, 0.21, 0.09], [4])","([1, 0, 0, 0, 0], [0])",-0.0,-0.0,-0.0,-0.0,-0.7909999999999999,-0.7909999999999999,observed,0.403336,-1.0587919999999993,0.5939279999999999
47,"([0.5, 0.15, 0.05, 0.21, 0.09], [4])","([1, 0, 0, 0, 0], [0])",-0.0,-0.0,-0.0,-0.0,-0.7909999999999999,-0.7909999999999999,observed,0.403336,-0.6711279999999993,0.5939279999999999
48,"([0.5, 0.15, 0.05, 0.21, 0.09], [3])","([1, 0, 0, 0, 0], [0])",-0.0,-0.0,-0.0,-0.7559999999999999,-0.0,-0.7559999999999999,observed,0.403336,-0.31846399999999936,0.5939279999999999
49,"([0.5, 0.15, 0.05, 0.21, 0.09], [1])","([1, 0, 0, 0, 0], [0])",-0.0,-0.9259999999999999,-0.0,-0.0,-0.0,-0.9259999999999999,observed,0.403336,0.20420000000000066,0.5939279999999999
50,"([0.5, 0.15, 0.05, 0.21, 0.09], [0])","([1, 0, 0, 0, 0], [0])",-0.0,-0.0,-0.0,-0.0,-0.0,0.0,observed,0.403336,-0.1991359999999993,0.5939279999999999
51,"([0.5, 0.15, 0.05, 0.21, 0.09], [0])","([1, 0, 0, 0, 0], [0])",-0.0,-0.0,-0.0,-0.0,-0.0,0.0,observed,0.403336,-0.6024719999999992,0.5939279999999999
52,"([0.5, 0.15, 0.05, 0.21, 0.09], [0])","([1, 0, 0, 0, 0], [0])",-0.0,-0.0,-0.0,-0.0,-0.0,0.0,observed,0.403336,-1.0058079999999991,0.5939279999999999
53,"([0.5, 0.15, 0.05, 0.21, 0.09], [1])","([1, 0, 0, 0, 0], [0])",-0.0,-0.9259999999999999,-0.0,-0.0,-0.0,-0.9259999999999999,observed,0.403336,-0.48314399999999913,0.5939279999999999
54,"([0.5, 0.15, 0.05, 0.21, 0.09], [1])","([1, 0, 0, 0, 0], [0])",-0.0,-0.9259999999999999,-0.0,-0.0,-0.0,-0.9259999999999999,observed,0.403336,0.03952000000000089,0.5939279999999999
55,"([0.5, 0.15, 0.05, 0.21, 0.09], [0])","([1, 0, 0, 0, 0], [0])",-0.0,-0.0,-0.0,-0.0,-0.0,0.0,observed,0.403336,-0.3638159999999991,0.5939279999999999
56,"([0.5, 0.15, 0.05, 0.21, 0.09], [0])","([1, 0, 0, 0, 0], [0])",-0.0,-0.0,-0.0,-0.0,-0.0,0.0,observed,0.403336,-0.7671519999999991,0.5939279999999999
57,"([0.5, 0.15, 0.05, 0.21, 0.09], [0])","([1, 0, 0, 0, 0], [0])",-0.0,-0.0,-0.0,-0.0,-0.0,0.0,observed,0.403336,-1.170487999999999,0.5939279999999999
58,"([0.5, 0.15, 0.05, 0.21, 0.09], [3])","([1, 0, 0, 0, 0], [0])",-0.0,-0.0,-0.0,-0.7559999999999999,-0.0,-0.7559999999999999,observed,0.403336,-0.8178239999999992,0.5939279999999999
59,"([0.5, 0.15, 0.05, 0.21, 0.09], [3])","([1, 0, 0, 0, 0], [0])",-0.0,-0.0,-0.0,-0.7559999999999999,-0.0,-0.7559999999999999,observed,0.403336,-0.4651599999999993,0.5939279999999999
60,"([0.5, 0.15, 0.05, 0.21, 0.09], [0])","([1, 0, 0, 0, 0], [0])",-0.0,-0.0,-0.0,-0.0,-0.0,0.0,observed,0.403336,-0.8684959999999993,0.5939279999999999
61,"([0.5, 0.15, 0.05, 0.21, 0.09], [0])","([1, 0, 0, 0, 0], [0])",-0.0,-0.0,-0.0,-0.0,-0.0,0.0,observed,0.403336,-1.2718319999999992,0.5939279999999999
62,"([0.5, 0.15, 0.05, 0.21, 0.09], [3])","([1, 0, 0, 0, 0], [0])",-0.0,-0.0,-0.0,-0.7559999999999999,-0.0,-0.7559999999999999,observed,0.403336,-0.9191679999999993,0.5939279999999999
63,"([0.5, 0.15, 0.05, 0.21, 0.09], [3])","([1, 0, 0, 0, 0], [0])",-0.0,-0.0,-0.0,-0.7559999999999999,-0.0,-0.7559999999999999,observed,0.403336,-0.5665039999999995,0.5939279999999999
64,"([0.5, 0.15, 0.05, 0.21, 0.09], [3])","([1, 0, 0, 0, 0], [0])",-0.0,-0.0,-0.0,-0.7559999999999999,-0.0,-0.7559999999999999,observed,0.403336,-0.21383999999999953,0.5939279999999999
65,"([0.5, 0.15, 0.05, 0.21, 0.09], [0])","([1, 0, 0, 0, 0], [0])",-0.0,-0.0,-0.0,-0.0,-0.0,0.0,observed,0.403336,-0.6171759999999995,0.5939279999999999
66,"([0.5, 0.15, 0.05, 0.21, 0.09], [1])","([1, 0, 0, 0, 0], [0])",-0.0,-0.9259999999999999,-0.0,-0.0,-0.0,-0.9259999999999999,observed,0.403336,-0.09451199999999949,0.5939279999999999
67,"([0.5, 0.15, 0.05, 0.21, 0.09], [3])","([1, 0, 0, 0, 0], [0])",-0.0,-0.0,-0.0,-0.7559999999999999,-0.0,-0.7559999999999999,observed,0.403336,0.25815200000000044,0.5939279999999999
68,"([0.5, 0.15, 0.05, 0.21, 0.09], [0])","([1, 0, 0, 0, 0], [0])",-0.0,-0.0,-0.0,-0.0,-0.0,0.0,observed,0.403336,-0.14518399999999954,0.5939279999999999
69,"([0.5, 0.15, 0.05, 0.21, 0.09], [3])","([1, 0, 0, 0, 0], [0])",-0.0,-0.0,-0.0,-0.7559999999999999,-0.0,-0.7559999999999999,observed,0.403336,0.2074800000000004,0.5939279999999999
70,"([0.5, 0.15, 0.05, 0.21, 0.09], [0])","([1, 0, 0, 0, 0], [0])",-0.0,-0.0,-0.0,-0.0,-0.0,0.0,observed,0.403336,-0.19585599999999959,0.5939279999999999
71,"([0.5, 0.15, 0.05, 0.21, 0.09], [0])","([1, 0, 0, 0, 0], [0])",-0.0,-0.0,-0.0,-0.0,-0.0,0.0,observed,0.403336,-0.5991919999999995,0.5939279999999999
72,"([0.5, 0.15, 0.05, 0.21, 0.09], [3])","([1, 0, 0, 0, 0], [0])",-0.0,-0.0,-0.0,-0.7559999999999999,-0.0,-0.7559999999999999,observed,0.403336,-0.24652799999999958,0.5939279999999999
73,"([0.5, 0.15, 0.05, 0.21, 0.09], [4])","([1, 0, 0, 0, 0], [0])",-0.0,-0.0,-0.0,-0.0,-0.7909999999999999,-0.7909999999999999,observed,0.403336,0.14113600000000037,0.5939279999999999
74,"([0.5, 0.15, 0.05, 0.21, 0.09], [3])","([1, 0, 0, 0, 0], [0])",-0.0,-0.0,-0.0,-0.7559999999999999,-0.0,-0.7559999999999999,observed,0.403336,0.4938000000000003,0.5939279999999999
75,"([0.5, 0.15, 0.05, 0.21, 0.09], [4])","([1, 0, 0, 0, 0], [0])",-0.0,-0.0,-0.0,-0.0,-0.7909999999999999,-0.7909999999999999,observed,0.403336,0.8814640000000002,0.5939279999999999
76,"([0.5, 0.15, 0.05, 0.21, 0.09], [1])","([1, 0, 0, 0, 0], [0])",-0.0,-0.9259999999999999,-0.0,-0.0,-0.0,-0.9259999999999999,observed,0.403336,1.4041280000000003,0.5939279999999999
77,"([0.5, 0.15, 0.05, 0.21, 0.09], [1])","([1, 0, 0, 0, 0], [0])",-0.0,-0.9259999999999999,-0.0,-0.0,-0.0,-0.9259999999999999,observed,0.403336,1.9267920000000003,0.5939279999999999
78,"([0.5, 0.15, 0.05, 0.21, 0.09], [1])","([1, 0, 0, 0, 0], [0])",-0.0,-0.9259999999999999,-0.0,-0.0,-0.0,-0.9259999999999999,observed,0.403336,2.4494560000000005,0.5939279999999999
79,"([0.5, 0.15, 0.05, 0.21, 0.09], [3])","([1, 0, 0, 0, 0], [0])",-0.0,-0.0,-0.0,-0.7559999999999999,-0.0,-0.7559999999999999,observed,0.403336,2.8021200000000004,0.5939279999999999
80,"([0.5, 0.15, 0.05, 0.21, 0.09], [0])","([1, 0, 0, 0, 0], [0])",-0.0,-0.0,-0.0,-0.0,-0.0,0.0,observed,0.403336,2.3987840000000005,0.5939279999999999
81,"([0.5, 0.15, 0.05, 0.21, 0.09], [0])","([1, 0, 0, 0, 0], [0])",-0.0,-0.0,-0.0,-0.0,-0.0,0.0,observed,0.403336,1.9954480000000006,0.5939279999999999
82,"([0.5, 0.15, 0.05, 0.21, 0.09], [0])","([1, 0, 0, 0, 0], [0])",-0.0,-0.0,-0.0,-0.0,-0.0,0.0,observed,0.403336,1.5921120000000006,0.5939279999999999
83,"([0.5, 0.15, 0.05, 0.21, 0.09], [2])","([1, 0, 0, 0, 0], [0])",-0.0,-0.0,-0.68,-0.0,-0.0,-0.68,observed,0.403336,1.8687760000000007,0.5939279999999999
84,"([0.5, 0.15, 0.05, 0.21, 0.09], [3])","([1, 0, 0, 0, 0], [0])",-0.0,-0.0,-0.0,-0.7559999999999999,-0.0,-0.7559999999999999,observed,0.403336,2.2214400000000007,0.5939279999999999
85,"([0.5, 0.15, 0.05, 0.21, 0.09], [2])","([1, 0, 0, 0, 0], [0])",-0.0,-0.0,-0.68,-0.0,-0.0,-0.68,observed,0.403336,2.498104000000001,0.5939279999999999
86,"([0.5, 0.15, 0.05, 0.21, 0.09], [0])","([1, 0, 0, 0, 0], [0])",-0.0,-0.0,-0.0,-0.0,-0.0,0.0,observed,0.403336,2.094768000000001,0.5939279999999999
87,"([0.5, 0.15, 0.05, 0.21, 0.09], [0])","([1, 0, 0, 0, 0], [0])",-0.0,-0.0,-0.0,-0.0,-0.0,0.0,observed,0.403336,1.6914320000000012,0.5939279999999999
88,"([0.5, 0.15, 0.05, 0.21, 0.09], [1])","([1, 0, 0, 0, 0], [0])",-0.0,-0.9259999999999999,-0.0,-0.0,-0.0,-0.9259999999999999,observed,0.403336,2.2140960000000014,0.5939279999999999
89,"([0.5, 0.15, 0.05, 0.21, 0.09], [3])","([1, 0, 0, 0, 0], [0])",-0.0,-0.0,-0.0,-0.7559999999999999,-0.0,-0.7559999999999999,observed,0.403336,2.5667600000000013,0.5939279999999999
90,"([0.5, 0.15, 0.05, 0.21, 0.09], [3])","([1, 0, 0, 0, 0], [0])",-0.0,-0.0,-0.0,-0.7559999999999999,-0.0,-0.7559999999999999,observed,0.403336,2.919424000000001,0.5939279999999999
91,"([0.5, 0.15, 0.05, 0.21, 0.09], [0])","([1, 0, 0, 0, 0], [0])",-0.0,-0.0,-0.0,-0.0,-0.0,0.0,observed,0.403336,2.516088000000001,0.5939279999999999
92,"([0.5, 0.15, 0.05, 0.21, 0.09], [0])","([1, 0, 0, 0, 0], [0])",-0.0,-0.0,-0.0,-0.0,-0.0,0.0,observed,0.403336,2.1127520000000013,0.5939279999999999
93,"([0.5, 0.15, 0.05, 0.21, 0.09], [4])","([1, 0, 0, 0, 0], [0])",-0.0,-0.0,-0.0,-0.0,-0.7909999999999999,-0.7909999999999999,observed,0.403336,2.5004160000000013,0.5939279999999999
94,"([0.5, 0.15, 0.05, 0.21, 0.09], [0])","([1, 0, 0, 0, 0], [0])",-0.0,-0.0,-0.0,-0.0,-0.0,0.0,observed,0.403336,2.0970800000000014,0.5939279999999999
95,"([0.5, 0.15, 0.05, 0.21, 0.09], [3])","([1, 0, 0, 0, 0], [0])",-0.0,-0.0,-0.0,-0.7559999999999999,-0.0,-0.7559999999999999,observed,0.403336,2.4497440000000013,0.5939279999999999
96,"([0.5, 0.15, 0.05, 0.21, 0.09], [0])","([1, 0, 0, 0, 0], [0])",-0.0,-0.0,-0.0,-0.0,-0.0,0.0,observed,0.403336,2.0464080000000013,0.5939279999999999
97,"([0.5, 0.15, 0.05, 0.21, 0.09], [0])","([1, 0, 0, 0, 0], [0])",-0.0,-0.0,-0.0,-0.0,-0.0,0.0,observed,0.403336,1.6430720000000014,0.5939279999999999
98,"([0.5, 0.15, 0.05, 0.21, 0.09], [0])","([1, 0, 0, 0, 0], [0])",-0.0,-0.0,-0.0,-0.0,-0.0,0.0,observed,0.403336,1.2397360000000015,0.5939279999999999
99,"([0.5, 0.15, 0.05, 0.21, 0.09], [0])","([1, 0, 0, 0, 0], [0])",-0.0,-0.0,-0.0,-0.0,-0.0,0.0,observed,0.403336,0.8364000000000016,0.5939279999999999
