,sto-1,FB-0,feedback target 0,feedback target 1,feedback target 2,feedback target 3,feedback target 4,total,target_observed?,exp_loss,actual_regret,exp_regret
0,"([0.5, 0.15, 0.05, 0.21, 0.09], [0])","([0, 0, 1, 0, 0], [2])",-0.768,-0.0,-0.0,-0.0,-0.0,-0.768,observed,0.7540159999999999,0.36466400000000004,0.35067999999999994
1,"([0.5, 0.15, 0.05, 0.21, 0.09], [0])","([1, 0, 0, 0, 0], [0])",-0.0,-0.0,-0.0,-0.0,-0.0,0.0,observed,0.403336,-0.03867199999999993,0.35067999999999994
2,"([0.5, 0.15, 0.05, 0.21, 0.09], [1])","([1, 0, 0, 0, 0], [0])",-0.0,-0.9259999999999999,-0.0,-0.0,-0.0,-0.9259999999999999,observed,0.403336,0.4839920000000001,0.35067999999999994
3,"([0.5, 0.15, 0.05, 0.21, 0.09], [4])","([1, 0, 0, 0, 0], [0])",-0.0,-0.0,-0.0,-0.0,-0.7909999999999999,-0.7909999999999999,observed,0.403336,0.871656,0.35067999999999994
4,"([0.5, 0.15, 0.05, 0.21, 0.09], [3])","([1, 0, 0, 0, 0], [0])",-0.0,-0.0,-0.0,-0.7559999999999999,-0.0,-0.7559999999999999,observed,0.403336,1.2243199999999999,0.35067999999999994
5,"([0.5, 0.15, 0.05, 0.21, 0.09], [3])","([1, 0, 0, 0, 0], [0])",-0.0,-0.0,-0.0,-0.7559999999999999,-0.0,-0.7559999999999999,observed,0.403336,1.5769839999999997,0.35067999999999994
6,"([0.5, 0.15, 0.05, 0.21, 0.09], [4])","([1, 0, 0, 0, 0], [0])",-0.0,-0.0,-0.0,-0.0,-0.7909999999999999,-0.7909999999999999,observed,0.403336,1.9646479999999997,0.35067999999999994
7,"([0.5, 0.15, 0.05, 0.21, 0.09], [1])","([1, 0, 0, 0, 0], [0])",-0.0,-0.9259999999999999,-0.0,-0.0,-0.0,-0.9259999999999999,observed,0.403336,2.4873119999999997,0.35067999999999994
8,"([0.5, 0.15, 0.05, 0.21, 0.09], [0])","([1, 0, 0, 0, 0], [0])",-0.0,-0.0,-0.0,-0.0,-0.0,0.0,observed,0.403336,2.083976,0.35067999999999994
9,"([0.5, 0.15, 0.05, 0.21, 0.09], [0])","([1, 0, 0, 0, 0], [0])",-0.0,-0.0,-0.0,-0.0,-0.0,0.0,observed,0.403336,1.68064,0.35067999999999994
10,"([0.5, 0.15, 0.05, 0.21, 0.09], [0])","([1, 0, 0, 0, 0], [0])",-0.0,-0.0,-0.0,-0.0,-0.0,0.0,observed,0.403336,1.277304,0.35067999999999994
11,"([0.5, 0.15, 0.05, 0.21, 0.09], [0])","([1, 0, 0, 0, 0], [0])",-0.0,-0.0,-0.0,-0.0,-0.0,0.0,observed,0.403336,0.8739680000000001,0.35067999999999994
12,"([0.5, 0.15, 0.05, 0.21, 0.09], [0])","([1, 0, 0, 0, 0], [0])",-0.0,-0.0,-0.0,-0.0,-0.0,0.0,observed,0.403336,0.4706320000000001,0.35067999999999994
13,"([0.5, 0.15, 0.05, 0.21, 0.09], [3])","([1, 0, 0, 0, 0], [0])",-0.0,-0.0,-0.0,-0.7559999999999999,-0.0,-0.7559999999999999,observed,0.403336,0.823296,0.35067999999999994
14,"([0.5, 0.15, 0.05, 0.21, 0.09], [0])","([1, 0, 0, 0, 0], [0])",-0.0,-0.0,-0.0,-0.0,-0.0,0.0,observed,0.403336,0.41996000000000006,0.35067999999999994
15,"([0.5, 0.15, 0.05, 0.21, 0.09], [0])","([1, 0, 0, 0, 0], [0])",-0.0,-0.0,-0.0,-0.0,-0.0,0.0,observed,0.403336,0.016624000000000083,0.35067999999999994
16,"([0.5, 0.15, 0.05, 0.21, 0.09], [3])","([1, 0, 0, 0, 0], [0])",-0.0,-0.0,-0.0,-0.7559999999999999,-0.0,-0.7559999999999999,observed,0.403336,0.369288,0.35067999999999994
17,"([0.5, 0.15, 0.05, 0.21, 0.09], [0])","([1, 0, 0, 0, 0], [0])",-0.0,-0.0,-0.0,-0.0,-0.0,0.0,observed,0.403336,-0.03404799999999997,0.35067999999999994
18,"([0.5, 0.15, 0.05, 0.21, 0.09], [2])","([1, 0, 0, 0, 0], [0])",-0.0,-0.0,-0.68,-0.0,-0.0,-0.68,observed,0.403336,0.2426160000000001,0.35067999999999994
19,"([0.5, 0.15, 0.05, 0.21, 0.09], [0])","([1, 0, 0, 0, 0], [0])",-0.0,-0.0,-0.0,-0.0,-0.0,0.0,observed,0.403336,-0.16071999999999986,0.35067999999999994
20,"([0.5, 0.15, 0.05, 0.21, 0.09], [3])","([1, 0, 0, 0, 0], [0])",-0.0,-0.0,-0.0,-0.7559999999999999,-0.0,-0.7559999999999999,observed,0.403336,0.19194400000000006,0.35067999999999994
21,"([0.5, 0.15, 0.05, 0.21, 0.09], [4])","([1, 0, 0, 0, 0], [0])",-0.0,-0.0,-0.0,-0.0,-0.7909999999999999,-0.7909999999999999,observed,0.403336,0.579608,0.35067999999999994
22,"([0.5, 0.15, 0.05, 0.21, 0.09], [1])","([1, 0, 0, 0, 0], [0])",-0.0,-0.9259999999999999,-0.0,-0.0,-0.0,-0.9259999999999999,observed,0.403336,1.1022720000000001,0.35067999999999994
23,"([0.5, 0.15, 0.05, 0.21, 0.09], [4])","([1, 0, 0, 0, 0], [0])",-0.0,-0.0,-0.0,-0.0,-0.7909999999999999,-0.7909999999999999,observed,0.403336,1.4899360000000001,0.35067999999999994
24,"([0.5, 0.15, 0.05, 0.21, 0.09], [3])","([1, 0, 0, 0, 0], [0])",-0.0,-0.0,-0.0,-0.7559999999999999,-0.0,-0.7559999999999999,observed,0.403336,1.8426,0.35067999999999994
25,"([0.5, 0.15, 0.05, 0.21, 0.09], [0])","([1, 0, 0, 0, 0], [0])",-0.0,-0.0,-0.0,-0.0,-0.0,0.0,observed,0.403336,1.439264,0.35067999999999994
26,"([0.5, 0.15, 0.05, 0.21, 0.09], [0])","([1, 0, 0, 0, 0], [0])",-0.0,-0.0,-0.0,-0.0,-0.0,0.0,observed,0.403336,1.0359280000000002,0.35067999999999994
27,"([0.5, 0.15, 0.05, 0.21, 0.09], [0])","([1, 0, 0, 0, 0], [0])",-0.0,-0.0,-0.0,-0.0,-0.0,0.0,observed,0.403336,0.6325920000000003,0.35067999999999994
28,"([0.5, 0.15, 0.05, 0.21, 0.09], [4])","([1, 0, 0, 0, 0], [0])",-0.0,-0.0,-0.0,-0.0,-0.7909999999999999,-0.7909999999999999,observed,0.403336,1.0202560000000003,0.35067999999999994
29,"([0.5, 0.15, 0.05, 0.21, 0.09], [0])","([1, 0, 0, 0, 0], [0])",-0.0,-0.0,-0.0,-0.0,-0.0,0.0,observed,0.403336,0.6169200000000004,0.35067999999999994
30,"([0.5, 0.15, 0.05, 0.21, 0.09], [0])","([1, 0, 0, 0, 0], [0])",-0.0,-0.0,-0.0,-0.0,-0.0,0.0,observed,0.403336,0.21358400000000038,0.35067999999999994
31,"([0.5, 0.15, 0.05, 0.21, 0.09], [0])","([1, 0, 0, 0, 0], [0])",-0.0,-0.0,-0.0,-0.0,-0.0,0.0,observed,0.403336,-0.1897519999999996,0.35067999999999994
32,"([0.5, 0.15, 0.05, 0.21, 0.09], [0])","([1, 0, 0, 0, 0], [0])",-0.0,-0.0,-0.0,-0.0,-0.0,0.0,observed,0.403336,-0.5930879999999996,0.35067999999999994
33,"([0.5, 0.15, 0.05, 0.21, 0.09], [0])","([1, 0, 0, 0, 0], [0])",-0.0,-0.0,-0.0,-0.0,-0.0,0.0,observed,0.403336,-0.9964239999999995,0.35067999999999994
34,"([0.5, 0.15, 0.05, 0.21, 0.09], [0])","([1, 0, 0, 0, 0], [0])",-0.0,-0.0,-0.0,-0.0,-0.0,0.0,observed,0.403336,-1.3997599999999994,0.35067999999999994
35,"([0.5, 0.15, 0.05, 0.21, 0.09], [0])","([1, 0, 0, 0, 0], [0])",-0.0,-0.0,-0.0,-0.0,-0.0,0.0,observed,0.403336,-1.8030959999999994,0.35067999999999994
36,"([0.5, 0.15, 0.05, 0.21, 0.09], [3])","([1, 0, 0, 0, 0], [0])",-0.0,-0.0,-0.0,-0.7559999999999999,-0.0,-0.7559999999999999,observed,0.403336,-1.4504319999999995,0.35067999999999994
37,"([0.5, 0.15, 0.05, 0.21, 0.09], [0])","([1, 0, 0, 0, 0], [0])",-0.0,-0.0,-0.0,-0.0,-0.0,0.0,observed,0.403336,-1.8537679999999994,0.35067999999999994
38,"([0.5, 0.15, 0.05, 0.21, 0.09], [3])","([1, 0, 0, 0, 0], [0])",-0.0,-0.0,-0.0,-0.7559999999999999,-0.0,-0.7559999999999999,observed,0.403336,-1.5011039999999995,0.35067999999999994
39,"([0.5, 0.15, 0.05, 0.21, 0.09], [0])","([1, 0, 0, 0, 0], [0])",-0.0,-0.0,-0.0,-0.0,-0.0,0.0,observed,0.403336,-1.9044399999999995,0.35067999999999994
40,"([0.5, 0.15, 0.05, 0.21, 0.09], [1])","([1, 0, 0, 0, 0], [0])",-0.0,-0.9259999999999999,-0.0,-0.0,-0.0,-0.9259999999999999,observed,0.403336,-1.3817759999999994,0.35067999999999994
41,"([0.5, 0.15, 0.05, 0.21, 0.09], [1])","([1, 0, 0, 0, 0], [0])",-0.0,-0.9259999999999999,-0.0,-0.0,-0.0,-0.9259999999999999,observed,0.403336,-0.8591119999999994,0.35067999999999994
42,"([0.5, 0.15, 0.05, 0.21, 0.09], [4])","([1, 0, 0, 0, 0], [0])",-0.0,-0.0,-0.0,-0.0,-0.7909999999999999,-0.7909999999999999,observed,0.403336,-0.4714479999999995,0.35067999999999994
43,"([0.5, 0.15, 0.05, 0.21, 0.09], [0])","([1, 0, 0, 0, 0], [0])",-0.0,-0.0,-0.0,-0.0,-0.0,0.0,observed,0.403336,-0.8747839999999995,0.35067999999999994
44,"([0.5, 0.15, 0.05, 0.21, 0.09], [3])","([1, 0, 0, 0, 0], [0])",-0.0,-0.0,-0.0,-0.7559999999999999,-0.0,-0.7559999999999999,observed,0.403336,-0.5221199999999995,0.35067999999999994
45,"([0.5, 0.15, 0.05, 0.21, 0.09], [0])","([1, 0, 0, 0, 0], [0])",-0.0,-0.0,-0.0,-0.0,-0.0,0.0,observed,0.403336,-0.9254559999999994,0.35067999999999994
46,"([0.5, 0.15, 0.05, 0.21, 0.09], [0])","([1, 0, 0, 0, 0], [0])",-0.0,-0.0,-0.0,-0.0,-0.0,0.0,observed,0.403336,-1.3287919999999993,0.35067999999999994
47,"([0.5, 0.15, 0.05, 0.21, 0.09], [1])","([1, 0, 0, 0, 0], [0])",-0.0,-0.9259999999999999,-0.0,-0.0,-0.0,-0.9259999999999999,observed,0.403336,-0.8061279999999993,0.35067999999999994
48,"([0.5, 0.15, 0.05, 0.21, 0.09], [3])","([1, 0, 0, 0, 0], [0])",-0.0,-0.0,-0.0,-0.7559999999999999,-0.0,-0.7559999999999999,observed,0.403336,-0.45346399999999937,0.35067999999999994
49,"([0.5, 0.15, 0.05, 0.21, 0.09], [3])","([1, 0, 0, 0, 0], [0])",-0.0,-0.0,-0.0,-0.7559999999999999,-0.0,-0.7559999999999999,observed,0.403336,-0.10079999999999945,0.35067999999999994
50,"([0.5, 0.15, 0.05, 0.21, 0.09], [0])","([1, 0, 0, 0, 0], [0])",-0.0,-0.0,-0.0,-0.0,-0.0,0.0,observed,0.403336,-0.5041359999999995,0.35067999999999994
51,"([0.5, 0.15, 0.05, 0.21, 0.09], [0])","([1, 0, 0, 0, 0], [0])",-0.0,-0.0,-0.0,-0.0,-0.0,0.0,observed,0.403336,-0.9074719999999994,0.35067999999999994
52,"([0.5, 0.15, 0.05, 0.21, 0.09], [0])","([1, 0, 0, 0, 0], [0])",-0.0,-0.0,-0.0,-0.0,-0.0,0.0,observed,0.403336,-1.3108079999999993,0.35067999999999994
53,"([0.5, 0.15, 0.05, 0.21, 0.09], [1])","([1, 0, 0, 0, 0], [0])",-0.0,-0.9259999999999999,-0.0,-0.0,-0.0,-0.9259999999999999,observed,0.403336,-0.7881439999999993,0.35067999999999994
54,"([0.5, 0.15, 0.05, 0.21, 0.09], [1])","([1, 0, 0, 0, 0], [0])",-0.0,-0.9259999999999999,-0.0,-0.0,-0.0,-0.9259999999999999,observed,0.403336,-0.26547999999999927,0.35067999999999994
55,"([0.5, 0.15, 0.05, 0.21, 0.09], [3])","([1, 0, 0, 0, 0], [0])",-0.0,-0.0,-0.0,-0.7559999999999999,-0.0,-0.7559999999999999,observed,0.403336,0.08718400000000065,0.35067999999999994
56,"([0.5, 0.15, 0.05, 0.21, 0.09], [0])","([1, 0, 0, 0, 0], [0])",-0.0,-0.0,-0.0,-0.0,-0.0,0.0,observed,0.403336,-0.3161519999999993,0.35067999999999994
57,"([0.5, 0.15, 0.05, 0.21, 0.09], [3])","([1, 0, 0, 0, 0], [0])",-0.0,-0.0,-0.0,-0.7559999999999999,-0.0,-0.7559999999999999,observed,0.403336,0.0365120000000006,0.35067999999999994
58,"([0.5, 0.15, 0.05, 0.21, 0.09], [0])","([1, 0, 0, 0, 0], [0])",-0.0,-0.0,-0.0,-0.0,-0.0,0.0,observed,0.403336,-0.3668239999999994,0.35067999999999994
59,"([0.5, 0.15, 0.05, 0.21, 0.09], [4])","([1, 0, 0, 0, 0], [0])",-0.0,-0.0,-0.0,-0.0,-0.7909999999999999,-0.7909999999999999,observed,0.403336,0.02084000000000058,0.35067999999999994
60,"([0.5, 0.15, 0.05, 0.21, 0.09], [0])","([1, 0, 0, 0, 0], [0])",-0.0,-0.0,-0.0,-0.0,-0.0,0.0,observed,0.403336,-0.3824959999999994,0.35067999999999994
61,"([0.5, 0.15, 0.05, 0.21, 0.09], [0])","([1, 0, 0, 0, 0], [0])",-0.0,-0.0,-0.0,-0.0,-0.0,0.0,observed,0.403336,-0.7858319999999994,0.35067999999999994
62,"([0.5, 0.15, 0.05, 0.21, 0.09], [0])","([1, 0, 0, 0, 0], [0])",-0.0,-0.0,-0.0,-0.0,-0.0,0.0,observed,0.403336,-1.1891679999999993,0.35067999999999994
63,"([0.5, 0.15, 0.05, 0.21, 0.09], [3])","([1, 0, 0, 0, 0], [0])",-0.0,-0.0,-0.0,-0.7559999999999999,-0.0,-0.7559999999999999,observed,0.403336,-0.8365039999999995,0.35067999999999994
64,"([0.5, 0.15, 0.05, 0.21, 0.09], [1])","([1, 0, 0, 0, 0], [0])",-0.0,-0.9259999999999999,-0.0,-0.0,-0.0,-0.9259999999999999,observed,0.403336,-0.31383999999999945,0.35067999999999994
65,"([0.5, 0.15, 0.05, 0.21, 0.09], [3])","([1, 0, 0, 0, 0], [0])",-0.0,-0.0,-0.0,-0.7559999999999999,-0.0,-0.7559999999999999,observed,0.403336,0.03882400000000047,0.35067999999999994
66,"([0.5, 0.15, 0.05, 0.21, 0.09], [0])","([1, 0, 0, 0, 0], [0])",-0.0,-0.0,-0.0,-0.0,-0.0,0.0,observed,0.403336,-0.3645119999999995,0.35067999999999994
67,"([0.5, 0.15, 0.05, 0.21, 0.09], [0])","([1, 0, 0, 0, 0], [0])",-0.0,-0.0,-0.0,-0.0,-0.0,0.0,observed,0.403336,-0.7678479999999994,0.35067999999999994
68,"([0.5, 0.15, 0.05, 0.21, 0.09], [1])","([1, 0, 0, 0, 0], [0])",-0.0,-0.9259999999999999,-0.0,-0.0,-0.0,-0.9259999999999999,observed,0.403336,-0.2451839999999994,0.35067999999999994
69,"([0.5, 0.15, 0.05, 0.21, 0.09], [3])","([1, 0, 0, 0, 0], [0])",-0.0,-0.0,-0.0,-0.7559999999999999,-0.0,-0.7559999999999999,observed,0.403336,0.10748000000000052,0.35067999999999994
70,"([0.5, 0.15, 0.05, 0.21, 0.09], [3])","([1, 0, 0, 0, 0], [0])",-0.0,-0.0,-0.0,-0.7559999999999999,-0.0,-0.7559999999999999,observed,0.403336,0.46014400000000044,0.35067999999999994
71,"([0.5, 0.15, 0.05, 0.21, 0.09], [1])","([1, 0, 0, 0, 0], [0])",-0.0,-0.9259999999999999,-0.0,-0.0,-0.0,-0.9259999999999999,observed,0.403336,0.9828080000000005,0.35067999999999994
72,"([0.5, 0.15, 0.05, 0.21, 0.09], [1])","([1, 0, 0, 0, 0], [0])",-0.0,-0.9259999999999999,-0.0,-0.0,-0.0,-0.9259999999999999,observed,0.403336,1.5054720000000006,0.35067999999999994
73,"([0.5, 0.15, 0.05, 0.21, 0.09], [0])","([1, 0, 0, 0, 0], [0])",-0.0,-0.0,-0.0,-0.0,-0.0,0.0,observed,0.403336,1.1021360000000007,0.35067999999999994
74,"([0.5, 0.15, 0.05, 0.21, 0.09], [0])","([1, 0, 0, 0, 0], [0])",-0.0,-0.0,-0.0,-0.0,-0.0,0.0,observed,0.403336,0.6988000000000008,0.35067999999999994
75,"([0.5, 0.15, 0.05, 0.21, 0.09], [0])","([1, 0, 0, 0, 0], [0])",-0.0,-0.0,-0.0,-0.0,-0.0,0.0,observed,0.403336,0.2954640000000008,0.35067999999999994
76,"([0.5, 0.15, 0.05, 0.21, 0.09], [0])","([1, 0, 0, 0, 0], [0])",-0.0,-0.0,-0.0,-0.0,-0.0,0.0,observed,0.403336,-0.10787199999999919,0.35067999999999994
77,"([0.5, 0.15, 0.05, 0.21, 0.09], [1])","([1, 0, 0, 0, 0], [0])",-0.0,-0.9259999999999999,-0.0,-0.0,-0.0,-0.9259999999999999,observed,0.403336,0.4147920000000008,0.35067999999999994
78,"([0.5, 0.15, 0.05, 0.21, 0.09], [4])","([1, 0, 0, 0, 0], [0])",-0.0,-0.0,-0.0,-0.0,-0.7909999999999999,-0.7909999999999999,observed,0.403336,0.8024560000000007,0.35067999999999994
79,"([0.5, 0.15, 0.05, 0.21, 0.09], [1])","([1, 0, 0, 0, 0], [0])",-0.0,-0.9259999999999999,-0.0,-0.0,-0.0,-0.9259999999999999,observed,0.403336,1.3251200000000007,0.35067999999999994
80,"([0.5, 0.15, 0.05, 0.21, 0.09], [2])","([1, 0, 0, 0, 0], [0])",-0.0,-0.0,-0.68,-0.0,-0.0,-0.68,observed,0.403336,1.6017840000000008,0.35067999999999994
81,"([0.5, 0.15, 0.05, 0.21, 0.09], [1])","([1, 0, 0, 0, 0], [0])",-0.0,-0.9259999999999999,-0.0,-0.0,-0.0,-0.9259999999999999,observed,0.403336,2.124448000000001,0.35067999999999994
82,"([0.5, 0.15, 0.05, 0.21, 0.09], [0])","([1, 0, 0, 0, 0], [0])",-0.0,-0.0,-0.0,-0.0,-0.0,0.0,observed,0.403336,1.721112000000001,0.35067999999999994
83,"([0.5, 0.15, 0.05, 0.21, 0.09], [0])","([1, 0, 0, 0, 0], [0])",-0.0,-0.0,-0.0,-0.0,-0.0,0.0,observed,0.403336,1.3177760000000012,0.35067999999999994
84,"([0.5, 0.15, 0.05, 0.21, 0.09], [1])","([1, 0, 0, 0, 0], [0])",-0.0,-0.9259999999999999,-0.0,-0.0,-0.0,-0.9259999999999999,observed,0.403336,1.8404400000000012,0.35067999999999994
85,"([0.5, 0.15, 0.05, 0.21, 0.09], [3])","([1, 0, 0, 0, 0], [0])",-0.0,-0.0,-0.0,-0.7559999999999999,-0.0,-0.7559999999999999,observed,0.403336,2.1931040000000013,0.35067999999999994
86,"([0.5, 0.15, 0.05, 0.21, 0.09], [0])","([1, 0, 0, 0, 0], [0])",-0.0,-0.0,-0.0,-0.0,-0.0,0.0,observed,0.403336,1.7897680000000014,0.35067999999999994
87,"([0.5, 0.15, 0.05, 0.21, 0.09], [3])","([1, 0, 0, 0, 0], [0])",-0.0,-0.0,-0.0,-0.7559999999999999,-0.0,-0.7559999999999999,observed,0.403336,2.1424320000000012,0.35067999999999994
88,"([0.5, 0.15, 0.05, 0.21, 0.09], [3])","([1, 0, 0, 0, 0], [0])",-0.0,-0.0,-0.0,-0.7559999999999999,-0.0,-0.7559999999999999,observed,0.403336,2.495096000000001,0.35067999999999994
89,"([0.5, 0.15, 0.05, 0.21, 0.09], [0])","([1, 0, 0, 0, 0], [0])",-0.0,-0.0,-0.0,-0.0,-0.0,0.0,observed,0.403336,2.091760000000001,0.35067999999999994
90,"([0.5, 0.15, 0.05, 0.21, 0.09], [0])","([1, 0, 0, 0, 0], [0])",-0.0,-0.0,-0.0,-0.0,-0.0,0.0,observed,0.403336,1.6884240000000013,0.35067999999999994
91,"([0.5, 0.15, 0.05, 0.21, 0.09], [3])","([1, 0, 0, 0, 0], [0])",-0.0,-0.0,-0.0,-0.7559999999999999,-0.0,-0.7559999999999999,observed,0.403336,2.041088000000001,0.35067999999999994
92,"([0.5, 0.15, 0.05, 0.21, 0.09], [1])","([1, 0, 0, 0, 0], [0])",-0.0,-0.9259999999999999,-0.0,-0.0,-0.0,-0.9259999999999999,observed,0.403336,2.563752000000001,0.35067999999999994
93,"([0.5, 0.15, 0.05, 0.21, 0.09], [0])","([1, 0, 0, 0, 0], [0])",-0.0,-0.0,-0.0,-0.0,-0.0,0.0,observed,0.403336,2.160416000000001,0.35067999999999994
94,"([0.5, 0.15, 0.05, 0.21, 0.09], [0])","([1, 0, 0, 0, 0], [0])",-0.0,-0.0,-0.0,-0.0,-0.0,0.0,observed,0.403336,1.757080000000001,0.35067999999999994
95,"([0.5, 0.15, 0.05, 0.21, 0.09], [2])","([1, 0, 0, 0, 0], [0])",-0.0,-0.0,-0.68,-0.0,-0.0,-0.68,observed,0.403336,2.0337440000000013,0.35067999999999994
96,"([0.5, 0.15, 0.05, 0.21, 0.09], [1])","([1, 0, 0, 0, 0], [0])",-0.0,-0.9259999999999999,-0.0,-0.0,-0.0,-0.9259999999999999,observed,0.403336,2.556408000000001,0.35067999999999994
97,"([0.5, 0.15, 0.05, 0.21, 0.09], [1])","([1, 0, 0, 0, 0], [0])",-0.0,-0.9259999999999999,-0.0,-0.0,-0.0,-0.9259999999999999,observed,0.403336,3.079072000000001,0.35067999999999994
98,"([0.5, 0.15, 0.05, 0.21, 0.09], [0])","([1, 0, 0, 0, 0], [0])",-0.0,-0.0,-0.0,-0.0,-0.0,0.0,observed,0.403336,2.675736000000001,0.35067999999999994
99,"([0.5, 0.15, 0.05, 0.21, 0.09], [3])","([1, 0, 0, 0, 0], [0])",-0.0,-0.0,-0.0,-0.7559999999999999,-0.0,-0.7559999999999999,observed,0.403336,3.028400000000001,0.35067999999999994
