,suqr-1,FB-0,feedback target 0,feedback target 1,feedback target 2,feedback target 3,feedback target 4,feedback target 5,total,exp_loss,actual_regret,exp_regret
0,"([0.22, 0.19, 0.19, 0.18, 0.22, 0.0], [1])","([0, 0, 0, 0, 0, 1], [5])",-0.0,-0.76,-0.0,-0.0,-0.0,-0.0,-0.76,0.8113978426682478,0.10311086474060716,0.15450870740885492
1,"([0.22, 0.0, 0.18, 0.18, 0.22, 0.2], [5])","([0, 1, 0, 0, 0, 0], [1])",-0.0,-0.0,-0.0,-0.0,-0.0,-0.812,-0.812,0.8213664875806405,0.25822172948121436,0.3189860597301025
2,"([0.22, 0.19, 0.19, 0.18, 0.22, 0.0], [2])","([0, 0, 0, 0, 0, 1], [5])",-0.0,-0.0,-0.7190000000000001,-0.0,-0.0,-0.0,-0.7190000000000001,0.8113978426682478,0.3203325942218216,0.47349476713895744
3,"([0.22, 0.19, 0.0, 0.18, 0.22, 0.2], [0])","([0, 0, 1, 0, 0, 0], [2])",-0.9390000000000001,-0.0,-0.0,-0.0,-0.0,-0.0,-0.9390000000000001,0.8285605145830272,0.6024434589624288,0.6451661464625917
4,"([0.22, 0.19, 0.0, 0.18, 0.22, 0.2], [1])","([0, 0, 1, 0, 0, 0], [2])",-0.0,-0.76,-0.0,-0.0,-0.0,-0.0,-0.76,0.8285605145830272,0.705554323703036,0.816837525786226
5,"([0.22, 0.19, 0.0, 0.18, 0.22, 0.2], [3])","([0, 0, 1, 0, 0, 0], [2])",-0.0,-0.0,-0.0,-0.6759999999999999,-0.0,-0.0,-0.6759999999999999,0.8285605145830272,0.724665188443643,0.9885089051098603
6,"([0.13, 0.17, 0.19, 0.22, 0.13, 0.15], [3])","([0.23, 0.15, 0.12, 0.09, 0.23, 0.18], [0])",-0.0,-0.0,-0.0,-0.6759999999999999,-0.0,-0.0,-0.6759999999999999,0.6581026150248078,0.7437760531842501,0.9897223848752753
7,"([0.13, 0.17, 0.19, 0.22, 0.13, 0.15], [5])","([0.23, 0.15, 0.13, 0.09, 0.22, 0.18], [5])",-0.0,-0.0,-0.0,-0.0,-0.0,-0.0,0.0,0.658521485267444,0.08688691792485725,0.9913547348833265
8,"([0.13, 0.17, 0.19, 0.22, 0.13, 0.15], [3])","([0.23, 0.15, 0.12, 0.09, 0.23, 0.18], [1])",-0.0,-0.0,-0.0,-0.6759999999999999,-0.0,-0.0,-0.6759999999999999,0.6581026150248078,0.10599778266546434,0.9925682146487415
9,"([0.13, 0.17, 0.19, 0.22, 0.13, 0.15], [0])","([0.23, 0.15, 0.13, 0.09, 0.22, 0.18], [4])",-0.9390000000000001,-0.0,-0.0,-0.0,-0.0,-0.0,-0.9390000000000001,0.658521485267444,0.38810864740607154,0.9942005646567926
10,"([0.12, 0.17, 0.2, 0.23, 0.13, 0.15], [5])","([0.24, 0.15, 0.12, 0.08, 0.23, 0.18], [0])",-0.0,-0.0,-0.0,-0.0,-0.0,-0.812,-0.812,0.6573872918706993,0.5432195121466787,0.9946987212680991
11,"([0.22, 0.19, 0.19, 0.18, 0.22, 0.0], [0])","([0, 0, 0, 0, 0, 1], [5])",-0.9390000000000001,-0.0,-0.0,-0.0,-0.0,-0.0,-0.9390000000000001,0.8113978426682478,0.8253303768872859,1.149207428676954
12,"([0.22, 0.19, 0.19, 0.18, 0.22, 0.0], [1])","([0, 0, 0, 0, 0, 1], [5])",-0.0,-0.76,-0.0,-0.0,-0.0,-0.0,-0.76,0.8113978426682478,0.9284412416278931,1.303716136085809
13,"([0.12, 0.17, 0.2, 0.23, 0.13, 0.15], [1])","([0.24, 0.15, 0.12, 0.08, 0.23, 0.18], [4])",-0.0,-0.76,-0.0,-0.0,-0.0,-0.0,-0.76,0.6573872918706993,1.0315521063685003,1.3042142926971154
14,"([0.12, 0.17, 0.2, 0.23, 0.13, 0.15], [3])","([0.24, 0.15, 0.12, 0.08, 0.23, 0.18], [1])",-0.0,-0.0,-0.0,-0.6759999999999999,-0.0,-0.0,-0.6759999999999999,0.6573872918706993,1.0506629711091073,1.304712449308422
15,"([0.12, 0.17, 0.2, 0.23, 0.13, 0.15], [1])","([0.24, 0.15, 0.12, 0.08, 0.23, 0.18], [1])",-0.0,-0.0,-0.0,-0.0,-0.0,-0.0,0.0,0.6573872918706993,0.3937738358497145,1.3052106059197284
16,"([0.12, 0.17, 0.2, 0.23, 0.13, 0.15], [2])","([0.24, 0.15, 0.12, 0.08, 0.23, 0.18], [0])",-0.0,-0.0,-0.7190000000000001,-0.0,-0.0,-0.0,-0.7190000000000001,0.6573872918706993,0.4558847005903217,1.3057087625310348
17,"([0.13, 0.17, 0.19, 0.22, 0.13, 0.15], [0])","([0.23, 0.15, 0.12, 0.09, 0.23, 0.18], [3])",-0.9390000000000001,-0.0,-0.0,-0.0,-0.0,-0.0,-0.9390000000000001,0.6581026150248078,0.7379955653309289,1.3069222422964497
18,"([0.12, 0.17, 0.2, 0.23, 0.13, 0.15], [1])","([0.24, 0.15, 0.12, 0.08, 0.23, 0.18], [2])",-0.0,-0.76,-0.0,-0.0,-0.0,-0.0,-0.76,0.6573872918706993,0.8411064300715361,1.3074203989077562
19,"([0.12, 0.17, 0.2, 0.23, 0.13, 0.15], [1])","([0.24, 0.15, 0.12, 0.08, 0.23, 0.18], [2])",-0.0,-0.76,-0.0,-0.0,-0.0,-0.0,-0.76,0.6573872918706993,0.9442172948121432,1.3079185555190627
20,"([0.12, 0.17, 0.2, 0.23, 0.13, 0.15], [3])","([0.24, 0.15, 0.12, 0.08, 0.23, 0.18], [5])",-0.0,-0.0,-0.0,-0.6759999999999999,-0.0,-0.0,-0.6759999999999999,0.6573872918706993,0.9633281595527503,1.3084167121303691
21,"([0.12, 0.17, 0.2, 0.23, 0.13, 0.15], [3])","([0.24, 0.15, 0.12, 0.08, 0.23, 0.18], [2])",-0.0,-0.0,-0.0,-0.6759999999999999,-0.0,-0.0,-0.6759999999999999,0.6573872918706993,0.9824390242933574,1.3089148687416756
22,"([0.13, 0.17, 0.19, 0.22, 0.13, 0.15], [1])","([0.23, 0.15, 0.12, 0.09, 0.23, 0.18], [4])",-0.0,-0.76,-0.0,-0.0,-0.0,-0.0,-0.76,0.6581026150248078,1.0855498890339645,1.3101283485070905
23,"([0.12, 0.17, 0.2, 0.23, 0.13, 0.15], [0])","([0.24, 0.15, 0.12, 0.08, 0.23, 0.18], [5])",-0.9390000000000001,-0.0,-0.0,-0.0,-0.0,-0.0,-0.9390000000000001,0.6573872918706993,1.3676607537745717,1.310626505118397
24,"([0.12, 0.17, 0.2, 0.23, 0.13, 0.15], [2])","([0.24, 0.15, 0.12, 0.08, 0.23, 0.18], [5])",-0.0,-0.0,-0.7190000000000001,-0.0,-0.0,-0.0,-0.7190000000000001,0.6573872918706993,1.429771618515179,1.3111246617297034
25,"([0.12, 0.17, 0.2, 0.23, 0.13, 0.15], [3])","([0.24, 0.15, 0.12, 0.08, 0.23, 0.18], [0])",-0.0,-0.0,-0.0,-0.6759999999999999,-0.0,-0.0,-0.6759999999999999,0.6573872918706993,1.448882483255786,1.31162281834101
26,"([0.12, 0.17, 0.2, 0.23, 0.13, 0.15], [1])","([0.24, 0.15, 0.12, 0.08, 0.23, 0.18], [4])",-0.0,-0.76,-0.0,-0.0,-0.0,-0.0,-0.76,0.6573872918706993,1.5519933479963932,1.3121209749523164
27,"([0.12, 0.17, 0.2, 0.23, 0.13, 0.15], [3])","([0.24, 0.15, 0.12, 0.08, 0.23, 0.18], [0])",-0.0,-0.0,-0.0,-0.6759999999999999,-0.0,-0.0,-0.6759999999999999,0.6573872918706993,1.5711042127370003,1.3126191315636229
28,"([0.13, 0.17, 0.19, 0.23, 0.13, 0.15], [1])","([0.24, 0.15, 0.12, 0.08, 0.23, 0.18], [2])",-0.0,-0.76,-0.0,-0.0,-0.0,-0.0,-0.76,0.6576294634527999,1.6742150774776074,1.31335945975703
29,"([0.13, 0.17, 0.19, 0.23, 0.13, 0.15], [2])","([0.24, 0.15, 0.12, 0.08, 0.23, 0.18], [2])",-0.0,-0.0,-0.0,-0.0,-0.0,-0.0,0.0,0.6576294634527999,1.0173259422182146,1.314099787950437
30,"([0.13, 0.17, 0.19, 0.22, 0.13, 0.15], [3])","([0.23, 0.15, 0.12, 0.09, 0.23, 0.18], [2])",-0.0,-0.0,-0.0,-0.6759999999999999,-0.0,-0.0,-0.6759999999999999,0.6581026150248078,1.0364368069588217,1.3153132677158519
31,"([0.13, 0.17, 0.19, 0.22, 0.13, 0.15], [4])","([0.23, 0.15, 0.12, 0.09, 0.23, 0.18], [2])",-0.0,-0.0,-0.0,-0.0,-0.922,-0.0,-0.922,0.6581026150248078,1.3015476716994288,1.3165267474812667
32,"([0.13, 0.17, 0.19, 0.23, 0.13, 0.15], [3])","([0.24, 0.15, 0.12, 0.08, 0.23, 0.18], [3])",-0.0,-0.0,-0.0,-0.0,-0.0,-0.0,0.0,0.6576294634527999,0.6446585364400359,1.3172670756746738
33,"([0.13, 0.17, 0.19, 0.22, 0.13, 0.15], [2])","([0.23, 0.15, 0.12, 0.09, 0.23, 0.18], [3])",-0.0,-0.0,-0.7190000000000001,-0.0,-0.0,-0.0,-0.7190000000000001,0.6581026150248078,0.7067694011806431,1.3184805554400887
34,"([0.13, 0.17, 0.19, 0.22, 0.13, 0.15], [2])","([0.23, 0.15, 0.12, 0.09, 0.23, 0.18], [4])",-0.0,-0.0,-0.7190000000000001,-0.0,-0.0,-0.0,-0.7190000000000001,0.6581026150248078,0.7688802659212504,1.3196940352055035
35,"([0.13, 0.17, 0.19, 0.22, 0.13, 0.15], [1])","([0.23, 0.15, 0.12, 0.09, 0.23, 0.18], [2])",-0.0,-0.76,-0.0,-0.0,-0.0,-0.0,-0.76,0.6581026150248078,0.8719911306618575,1.3209075149709184
36,"([0.13, 0.17, 0.19, 0.22, 0.13, 0.15], [5])","([0.23, 0.15, 0.12, 0.09, 0.23, 0.18], [5])",-0.0,-0.0,-0.0,-0.0,-0.0,-0.0,0.0,0.6581026150248078,0.21510199540246466,1.3221209947363333
37,"([0.13, 0.17, 0.19, 0.22, 0.13, 0.15], [3])","([0.23, 0.15, 0.12, 0.09, 0.23, 0.18], [4])",-0.0,-0.0,-0.0,-0.6759999999999999,-0.0,-0.0,-0.6759999999999999,0.6581026150248078,0.23421286014307174,1.3233344745017481
38,"([0.13, 0.17, 0.19, 0.22, 0.13, 0.15], [2])","([0.23, 0.15, 0.12, 0.09, 0.23, 0.18], [4])",-0.0,-0.0,-0.7190000000000001,-0.0,-0.0,-0.0,-0.7190000000000001,0.6581026150248078,0.296323724883679,1.324547954267163
39,"([0.13, 0.17, 0.19, 0.22, 0.13, 0.15], [2])","([0.23, 0.15, 0.12, 0.09, 0.23, 0.18], [3])",-0.0,-0.0,-0.7190000000000001,-0.0,-0.0,-0.0,-0.7190000000000001,0.6581026150248078,0.3584345896242862,1.3257614340325778
40,"([0.13, 0.17, 0.19, 0.22, 0.13, 0.15], [0])","([0.23, 0.15, 0.12, 0.09, 0.23, 0.18], [2])",-0.9390000000000001,-0.0,-0.0,-0.0,-0.0,-0.0,-0.9390000000000001,0.6581026150248078,0.6405454543648934,1.3269749137979927
41,"([0.13, 0.17, 0.19, 0.23, 0.13, 0.15], [3])","([0.24, 0.15, 0.12, 0.08, 0.23, 0.18], [0])",-0.0,-0.0,-0.0,-0.6759999999999999,-0.0,-0.0,-0.6759999999999999,0.6576294634527999,0.6596563191055005,1.3277152419913998
42,"([0.13, 0.17, 0.19, 0.22, 0.13, 0.15], [2])","([0.23, 0.15, 0.12, 0.09, 0.23, 0.18], [5])",-0.0,-0.0,-0.7190000000000001,-0.0,-0.0,-0.0,-0.7190000000000001,0.6581026150248078,0.7217671838461077,1.3289287217568146
43,"([0.13, 0.17, 0.19, 0.22, 0.13, 0.15], [1])","([0.23, 0.15, 0.12, 0.09, 0.23, 0.18], [0])",-0.0,-0.76,-0.0,-0.0,-0.0,-0.0,-0.76,0.6581026150248078,0.8248780485867149,1.3301422015222295
44,"([0.13, 0.17, 0.19, 0.22, 0.13, 0.15], [3])","([0.23, 0.15, 0.12, 0.09, 0.23, 0.18], [3])",-0.0,-0.0,-0.0,-0.0,-0.0,-0.0,0.0,0.6581026150248078,0.16798891332732202,1.3313556812876444
45,"([0.13, 0.17, 0.19, 0.22, 0.13, 0.15], [0])","([0.23, 0.15, 0.12, 0.09, 0.23, 0.18], [2])",-0.9390000000000001,-0.0,-0.0,-0.0,-0.0,-0.0,-0.9390000000000001,0.6581026150248078,0.4500997780679292,1.3325691610530592
46,"([0.13, 0.17, 0.19, 0.23, 0.13, 0.15], [3])","([0.24, 0.15, 0.12, 0.08, 0.23, 0.18], [0])",-0.0,-0.0,-0.0,-0.6759999999999999,-0.0,-0.0,-0.6759999999999999,0.6576294634527999,0.4692106428085363,1.3333094892464663
47,"([0.13, 0.17, 0.19, 0.22, 0.13, 0.15], [3])","([0.23, 0.15, 0.12, 0.09, 0.23, 0.18], [5])",-0.0,-0.0,-0.0,-0.6759999999999999,-0.0,-0.0,-0.6759999999999999,0.6581026150248078,0.4883215075491434,1.3345229690118812
48,"([0.13, 0.17, 0.19, 0.22, 0.13, 0.15], [3])","([0.23, 0.15, 0.12, 0.09, 0.23, 0.18], [2])",-0.0,-0.0,-0.0,-0.6759999999999999,-0.0,-0.0,-0.6759999999999999,0.6581026150248078,0.5074323722897505,1.335736448777296
49,"([0.13, 0.17, 0.19, 0.22, 0.13, 0.15], [1])","([0.23, 0.15, 0.12, 0.09, 0.23, 0.18], [0])",-0.0,-0.76,-0.0,-0.0,-0.0,-0.0,-0.76,0.6581026150248078,0.6105432370303576,1.3369499285427109
50,"([0.13, 0.17, 0.19, 0.22, 0.13, 0.15], [1])","([0.23, 0.15, 0.12, 0.09, 0.23, 0.18], [0])",-0.0,-0.76,-0.0,-0.0,-0.0,-0.0,-0.76,0.6581026150248078,0.7136541017709648,1.3381634083081257
51,"([0.13, 0.17, 0.19, 0.22, 0.13, 0.15], [4])","([0.23, 0.15, 0.12, 0.09, 0.23, 0.18], [0])",-0.0,-0.0,-0.0,-0.0,-0.922,-0.0,-0.922,0.6581026150248078,0.978764966511572,1.3393768880735406
52,"([0.13, 0.17, 0.19, 0.22, 0.13, 0.15], [0])","([0.23, 0.15, 0.12, 0.09, 0.23, 0.18], [3])",-0.9390000000000001,-0.0,-0.0,-0.0,-0.0,-0.0,-0.9390000000000001,0.6581026150248078,1.260875831252179,1.3405903678389555
53,"([0.13, 0.17, 0.19, 0.23, 0.13, 0.15], [4])","([0.24, 0.15, 0.12, 0.08, 0.23, 0.18], [3])",-0.0,-0.0,-0.0,-0.0,-0.922,-0.0,-0.922,0.6576294634527999,1.5259866959927861,1.3413306960323625
54,"([0.13, 0.17, 0.19, 0.23, 0.13, 0.15], [1])","([0.24, 0.15, 0.12, 0.08, 0.23, 0.18], [5])",-0.0,-0.76,-0.0,-0.0,-0.0,-0.0,-0.76,0.6576294634527999,1.6290975607333933,1.3420710242257696
55,"([0.12, 0.17, 0.2, 0.23, 0.13, 0.15], [5])","([0.24, 0.15, 0.12, 0.08, 0.23, 0.18], [2])",-0.0,-0.0,-0.0,-0.0,-0.0,-0.812,-0.812,0.6573543207758104,1.7842084254740005,1.3425362097421871
56,"([0.12, 0.17, 0.2, 0.23, 0.13, 0.15], [1])","([0.24, 0.15, 0.12, 0.08, 0.23, 0.18], [2])",-0.0,-0.76,-0.0,-0.0,-0.0,-0.0,-0.76,0.6573543207758104,1.8873192902146076,1.3430013952586046
57,"([0.12, 0.17, 0.2, 0.23, 0.13, 0.15], [2])","([0.24, 0.15, 0.12, 0.08, 0.23, 0.18], [0])",-0.0,-0.0,-0.7190000000000001,-0.0,-0.0,-0.0,-0.7190000000000001,0.6573543207758104,1.9494301549552149,1.3434665807750221
58,"([0.12, 0.17, 0.2, 0.23, 0.13, 0.15], [0])","([0.24, 0.15, 0.12, 0.08, 0.23, 0.18], [5])",-0.9390000000000001,-0.0,-0.0,-0.0,-0.0,-0.0,-0.9390000000000001,0.6573543207758104,2.231541019695822,1.3439317662914396
59,"([0.12, 0.17, 0.2, 0.23, 0.13, 0.15], [0])","([0.24, 0.15, 0.12, 0.08, 0.23, 0.18], [4])",-0.9390000000000001,-0.0,-0.0,-0.0,-0.0,-0.0,-0.9390000000000001,0.6573872918706993,2.5136518844364293,1.344429922902746
60,"([0.12, 0.17, 0.2, 0.23, 0.13, 0.15], [0])","([0.24, 0.15, 0.12, 0.08, 0.23, 0.18], [0])",-0.0,-0.0,-0.0,-0.0,-0.0,-0.0,0.0,0.6573872918706993,1.8567627491770364,1.3449280795140526
61,"([0.12, 0.17, 0.2, 0.23, 0.13, 0.15], [1])","([0.24, 0.15, 0.12, 0.08, 0.23, 0.18], [0])",-0.0,-0.76,-0.0,-0.0,-0.0,-0.0,-0.76,0.6573288601790581,1.9598736139176436,1.3453678044337178
62,"([0.12, 0.17, 0.2, 0.23, 0.13, 0.15], [4])","([0.24, 0.15, 0.12, 0.08, 0.23, 0.18], [0])",-0.0,-0.0,-0.0,-0.0,-0.922,-0.0,-0.922,0.6573288601790581,2.224984478658251,1.345807529353383
63,"([0.12, 0.18, 0.2, 0.24, 0.12, 0.15], [2])","([0.25, 0.14, 0.11, 0.07, 0.24, 0.18], [3])",-0.0,-0.0,-0.7190000000000001,-0.0,-0.0,-0.0,-0.7190000000000001,0.6569679814531779,2.287095343398858,1.3458863755471682
64,"([0.12, 0.17, 0.2, 0.23, 0.13, 0.15], [3])","([0.24, 0.15, 0.12, 0.08, 0.23, 0.18], [4])",-0.0,-0.0,-0.0,-0.6759999999999999,-0.0,-0.0,-0.6759999999999999,0.6573288601790581,2.306206208139465,1.3463261004668334
65,"([0.12, 0.17, 0.2, 0.23, 0.13, 0.15], [2])","([0.24, 0.15, 0.12, 0.08, 0.23, 0.18], [1])",-0.0,-0.0,-0.7190000000000001,-0.0,-0.0,-0.0,-0.7190000000000001,0.6573288601790581,2.3683170728800724,1.3467658253864987
66,"([0.12, 0.17, 0.2, 0.23, 0.13, 0.15], [5])","([0.24, 0.15, 0.12, 0.08, 0.23, 0.18], [0])",-0.0,-0.0,-0.0,-0.0,-0.0,-0.812,-0.812,0.6573288601790581,2.5234279376206796,1.347205550306164
67,"([0.12, 0.17, 0.2, 0.23, 0.13, 0.15], [5])","([0.24, 0.15, 0.12, 0.08, 0.23, 0.18], [0])",-0.0,-0.0,-0.0,-0.0,-0.0,-0.812,-0.812,0.6573288601790581,2.678538802361287,1.3476452752258292
68,"([0.12, 0.17, 0.2, 0.23, 0.13, 0.15], [4])","([0.24, 0.15, 0.12, 0.08, 0.23, 0.18], [5])",-0.0,-0.0,-0.0,-0.0,-0.922,-0.0,-0.922,0.6573288601790581,2.943649667101894,1.3480850001454945
69,"([0.12, 0.18, 0.2, 0.24, 0.12, 0.15], [3])","([0.25, 0.14, 0.11, 0.07, 0.24, 0.18], [0])",-0.0,-0.0,-0.0,-0.6759999999999999,-0.0,-0.0,-0.6759999999999999,0.6569679814531779,2.962760531842501,1.3481638463392795
70,"([0.12, 0.17, 0.2, 0.23, 0.13, 0.15], [3])","([0.24, 0.15, 0.12, 0.08, 0.23, 0.18], [0])",-0.0,-0.0,-0.0,-0.6759999999999999,-0.0,-0.0,-0.6759999999999999,0.6573288601790581,2.981871396583108,1.3486035712589448
71,"([0.12, 0.17, 0.2, 0.23, 0.13, 0.15], [4])","([0.24, 0.15, 0.12, 0.08, 0.23, 0.18], [2])",-0.0,-0.0,-0.0,-0.0,-0.922,-0.0,-0.922,0.6573288601790581,3.246982261323715,1.34904329617861
72,"([0.12, 0.17, 0.2, 0.23, 0.13, 0.15], [0])","([0.24, 0.15, 0.12, 0.08, 0.23, 0.18], [0])",-0.0,-0.0,-0.0,-0.0,-0.0,-0.0,0.0,0.6573288601790581,2.590093126064322,1.3494830210982753
73,"([0.12, 0.18, 0.2, 0.24, 0.12, 0.15], [5])","([0.25, 0.14, 0.11, 0.07, 0.24, 0.18], [5])",-0.0,-0.0,-0.0,-0.0,-0.0,-0.0,0.0,0.6569679814531779,1.9332039908049292,1.3495618672920604
74,"([0.12, 0.18, 0.2, 0.24, 0.12, 0.15], [1])","([0.25, 0.14, 0.11, 0.07, 0.24, 0.18], [2])",-0.0,-0.76,-0.0,-0.0,-0.0,-0.0,-0.76,0.6569679814531779,2.0363148555455366,1.3496407134858455
75,"([0.12, 0.18, 0.2, 0.24, 0.12, 0.15], [3])","([0.25, 0.14, 0.11, 0.07, 0.24, 0.18], [5])",-0.0,-0.0,-0.0,-0.6759999999999999,-0.0,-0.0,-0.6759999999999999,0.6569679814531779,2.0554257202861437,1.3497195596796305
76,"([0.12, 0.18, 0.2, 0.24, 0.12, 0.15], [4])","([0.25, 0.14, 0.11, 0.07, 0.24, 0.18], [0])",-0.0,-0.0,-0.0,-0.0,-0.922,-0.0,-0.922,0.6569679814531779,2.3205365850267508,1.3497984058734156
77,"([0.12, 0.18, 0.2, 0.24, 0.12, 0.15], [5])","([0.25, 0.14, 0.11, 0.07, 0.24, 0.18], [4])",-0.0,-0.0,-0.0,-0.0,-0.0,-0.812,-0.812,0.6569679814531779,2.475647449767358,1.3498772520672007
78,"([0.12, 0.18, 0.2, 0.24, 0.12, 0.15], [2])","([0.25, 0.14, 0.11, 0.07, 0.24, 0.18], [1])",-0.0,-0.0,-0.7190000000000001,-0.0,-0.0,-0.0,-0.7190000000000001,0.6569679814531779,2.537758314507965,1.3499560982609857
79,"([0.12, 0.18, 0.2, 0.24, 0.12, 0.15], [1])","([0.25, 0.14, 0.11, 0.07, 0.24, 0.18], [0])",-0.0,-0.76,-0.0,-0.0,-0.0,-0.0,-0.76,0.6569679814531779,2.6408691792485723,1.3500349444547708
80,"([0.12, 0.18, 0.2, 0.24, 0.12, 0.15], [2])","([0.25, 0.14, 0.11, 0.07, 0.24, 0.18], [0])",-0.0,-0.0,-0.7190000000000001,-0.0,-0.0,-0.0,-0.7190000000000001,0.6569679814531779,2.7029800439891796,1.3501137906485559
81,"([0.12, 0.18, 0.2, 0.24, 0.12, 0.15], [4])","([0.25, 0.14, 0.11, 0.07, 0.24, 0.18], [0])",-0.0,-0.0,-0.0,-0.0,-0.922,-0.0,-0.922,0.6569679814531779,2.9680909087297866,1.350192636842341
82,"([0.12, 0.18, 0.2, 0.24, 0.12, 0.15], [0])","([0.25, 0.14, 0.11, 0.07, 0.24, 0.18], [0])",-0.0,-0.0,-0.0,-0.0,-0.0,-0.0,0.0,0.6569679814531779,2.311201773470394,1.350271483036126
83,"([0.12, 0.18, 0.2, 0.24, 0.12, 0.15], [3])","([0.25, 0.14, 0.11, 0.07, 0.24, 0.18], [0])",-0.0,-0.0,-0.0,-0.6759999999999999,-0.0,-0.0,-0.6759999999999999,0.6569679814531779,2.330312638211001,1.350350329229911
84,"([0.12, 0.18, 0.2, 0.24, 0.12, 0.15], [5])","([0.25, 0.14, 0.11, 0.07, 0.24, 0.18], [5])",-0.0,-0.0,-0.0,-0.0,-0.0,-0.0,0.0,0.6569679814531779,1.6734235029516082,1.3504291754236961
85,"([0.12, 0.18, 0.2, 0.24, 0.12, 0.15], [3])","([0.25, 0.14, 0.11, 0.07, 0.24, 0.18], [2])",-0.0,-0.0,-0.0,-0.6759999999999999,-0.0,-0.0,-0.6759999999999999,0.6569679814531779,1.6925343676922153,1.3505080216174812
86,"([0.12, 0.18, 0.2, 0.24, 0.12, 0.15], [2])","([0.25, 0.14, 0.11, 0.07, 0.24, 0.18], [5])",-0.0,-0.0,-0.7190000000000001,-0.0,-0.0,-0.0,-0.7190000000000001,0.6569679814531779,1.7546452324328226,1.3505868678112662
87,"([0.12, 0.18, 0.2, 0.24, 0.12, 0.15], [2])","([0.25, 0.14, 0.11, 0.07, 0.24, 0.18], [0])",-0.0,-0.0,-0.7190000000000001,-0.0,-0.0,-0.0,-0.7190000000000001,0.6569679814531779,1.8167560971734298,1.3506657140050513
88,"([0.12, 0.18, 0.2, 0.24, 0.12, 0.15], [5])","([0.25, 0.14, 0.11, 0.07, 0.24, 0.18], [2])",-0.0,-0.0,-0.0,-0.0,-0.0,-0.812,-0.812,0.6569679814531779,1.971866961914037,1.3507445601988364
89,"([0.12, 0.18, 0.2, 0.24, 0.12, 0.15], [3])","([0.25, 0.14, 0.11, 0.07, 0.24, 0.18], [0])",-0.0,-0.0,-0.0,-0.6759999999999999,-0.0,-0.0,-0.6759999999999999,0.6569679814531779,1.990977826654644,1.3508234063926214
90,"([0.12, 0.18, 0.2, 0.24, 0.12, 0.15], [2])","([0.25, 0.14, 0.11, 0.07, 0.24, 0.18], [5])",-0.0,-0.0,-0.7190000000000001,-0.0,-0.0,-0.0,-0.7190000000000001,0.6569679814531779,2.053088691395251,1.3509022525864065
91,"([0.12, 0.18, 0.2, 0.24, 0.12, 0.15], [4])","([0.25, 0.14, 0.11, 0.07, 0.24, 0.18], [5])",-0.0,-0.0,-0.0,-0.0,-0.922,-0.0,-0.922,0.6569679814531779,2.318199556135858,1.3509810987801916
92,"([0.12, 0.18, 0.2, 0.24, 0.12, 0.15], [2])","([0.25, 0.14, 0.11, 0.07, 0.24, 0.18], [5])",-0.0,-0.0,-0.7190000000000001,-0.0,-0.0,-0.0,-0.7190000000000001,0.6569679814531779,2.3803104208764654,1.3510599449739766
93,"([0.12, 0.18, 0.2, 0.24, 0.12, 0.15], [3])","([0.25, 0.14, 0.11, 0.07, 0.24, 0.18], [1])",-0.0,-0.0,-0.0,-0.6759999999999999,-0.0,-0.0,-0.6759999999999999,0.6569679814531779,2.3994212856170725,1.3511387911677617
94,"([0.12, 0.18, 0.2, 0.24, 0.12, 0.15], [4])","([0.25, 0.14, 0.11, 0.07, 0.24, 0.18], [1])",-0.0,-0.0,-0.0,-0.0,-0.922,-0.0,-0.922,0.6569679814531779,2.6645321503576795,1.3512176373615468
95,"([0.12, 0.18, 0.2, 0.24, 0.12, 0.15], [0])","([0.25, 0.14, 0.11, 0.07, 0.24, 0.18], [3])",-0.9390000000000001,-0.0,-0.0,-0.0,-0.0,-0.0,-0.9390000000000001,0.6569679814531779,2.946643015098287,1.3512964835553318
96,"([0.12, 0.18, 0.2, 0.24, 0.12, 0.15], [1])","([0.25, 0.14, 0.11, 0.07, 0.24, 0.18], [1])",-0.0,-0.0,-0.0,-0.0,-0.0,-0.0,0.0,0.6569679814531779,2.2897538798388943,1.351375329749117
97,"([0.12, 0.18, 0.2, 0.24, 0.12, 0.15], [3])","([0.25, 0.14, 0.11, 0.07, 0.24, 0.18], [0])",-0.0,-0.0,-0.0,-0.6759999999999999,-0.0,-0.0,-0.6759999999999999,0.6569679814531779,2.3088647445795014,1.351454175942902
98,"([0.12, 0.18, 0.2, 0.24, 0.12, 0.15], [5])","([0.25, 0.14, 0.11, 0.07, 0.24, 0.18], [4])",-0.0,-0.0,-0.0,-0.0,-0.0,-0.812,-0.812,0.6569679814531779,2.4639756093201086,1.351533022136687
99,"([0.12, 0.18, 0.2, 0.24, 0.12, 0.15], [3])","([0.25, 0.14, 0.11, 0.07, 0.24, 0.18], [0])",-0.0,-0.0,-0.0,-0.6759999999999999,-0.0,-0.0,-0.6759999999999999,0.6569679814531779,2.4830864740607157,1.351611868330472
