,suqr-1,FB-0,feedback target 0,feedback target 1,feedback target 2,feedback target 3,feedback target 4,feedback target 5,total,exp_loss,actual_regret,exp_regret
0,"([0.22, 0.19, 0.0, 0.18, 0.22, 0.2], [1])","([0, 0, 1, 0, 0, 0], [2])",-0.0,-0.76,-0.0,-0.0,-0.0,-0.0,-0.76,0.8285605145830272,0.10311080319322019,0.17167131777624733
1,"([0.22, 0.0, 0.18, 0.18, 0.22, 0.2], [4])","([0, 1, 0, 0, 0, 0], [1])",-0.0,-0.0,-0.0,-0.0,-0.922,-0.0,-0.922,0.8213664875806405,0.3682216063864404,0.336148608550108
2,"([0.22, 0.0, 0.18, 0.18, 0.22, 0.2], [2])","([0, 1, 0, 0, 0, 0], [1])",-0.0,-0.0,-0.7190000000000001,-0.0,-0.0,-0.0,-0.7190000000000001,0.8213664875806405,0.4303324095796607,0.5006258993239686
3,"([0.13, 0.17, 0.19, 0.22, 0.13, 0.15], [3])","([0.23, 0.15, 0.12, 0.09, 0.23, 0.18], [3])",-0.0,-0.0,-0.0,-0.0,-0.0,-0.0,0.0,0.6580999061874345,-0.22655678722711914,0.5018366087046233
4,"([0.13, 0.17, 0.19, 0.22, 0.13, 0.15], [5])","([0.23, 0.15, 0.13, 0.09, 0.22, 0.18], [0])",-0.0,-0.0,-0.0,-0.0,-0.0,-0.812,-0.812,0.6585197267085268,-0.0714459840338989,0.5034671386063703
5,"([0.13, 0.17, 0.19, 0.22, 0.13, 0.15], [1])","([0.23, 0.15, 0.13, 0.09, 0.22, 0.18], [2])",-0.0,-0.76,-0.0,-0.0,-0.0,-0.0,-0.76,0.6585197267085268,0.03166481915932129,0.5050976685081172
6,"([0.13, 0.17, 0.19, 0.22, 0.13, 0.15], [5])","([0.23, 0.15, 0.12, 0.09, 0.23, 0.18], [3])",-0.0,-0.0,-0.0,-0.0,-0.0,-0.812,-0.812,0.6580999061874345,0.18677562235254153,0.5063083778887719
7,"([0.22, 0.19, 0.19, 0.18, 0.22, 0.0], [2])","([0, 0, 0, 0, 0, 1], [5])",-0.0,-0.0,-0.7190000000000001,-0.0,-0.0,-0.0,-0.7190000000000001,0.8113978426682478,0.2488864255457618,0.6608170237502399
8,"([0.22, 0.19, 0.19, 0.18, 0.22, 0.0], [4])","([0, 0, 0, 0, 0, 1], [5])",-0.0,-0.0,-0.0,-0.0,-0.922,-0.0,-0.922,0.8113978426682478,0.513997228738982,0.8153256696117078
9,"([0.12, 0.17, 0.2, 0.23, 0.13, 0.15], [5])","([0.24, 0.15, 0.12, 0.08, 0.23, 0.18], [0])",-0.0,-0.0,-0.0,-0.0,-0.0,-0.812,-0.812,0.6573923441713011,0.6691080319322023,0.8158288169762291
10,"([0.12, 0.18, 0.2, 0.24, 0.12, 0.15], [0])","([0.25, 0.14, 0.11, 0.07, 0.24, 0.18], [1])",-0.9390000000000001,-0.0,-0.0,-0.0,-0.0,-0.0,-0.9390000000000001,0.6569645891298124,0.9512188351254225,0.8159042092992617
11,"([0.11, 0.18, 0.2, 0.24, 0.12, 0.15], [2])","([0.26, 0.14, 0.11, 0.07, 0.25, 0.18], [4])",-0.0,-0.0,-0.7190000000000001,-0.0,-0.0,-0.0,-0.7190000000000001,0.656889012370361,1.0133296383186428,0.8159040248628429
12,"([0.11, 0.18, 0.2, 0.24, 0.12, 0.15], [2])","([0.26, 0.14, 0.11, 0.07, 0.25, 0.18], [4])",-0.0,-0.0,-0.7190000000000001,-0.0,-0.0,-0.0,-0.7190000000000001,0.656889012370361,1.075440441511863,0.815903840426424
13,"([0.11, 0.18, 0.2, 0.24, 0.12, 0.15], [5])","([0.26, 0.14, 0.11, 0.07, 0.25, 0.18], [4])",-0.0,-0.0,-0.0,-0.0,-0.0,-0.812,-0.812,0.656889012370361,1.2305512447050833,0.8159036559900052
14,"([0.11, 0.18, 0.2, 0.24, 0.12, 0.15], [5])","([0.26, 0.14, 0.11, 0.07, 0.25, 0.18], [0])",-0.0,-0.0,-0.0,-0.0,-0.0,-0.812,-0.812,0.656889012370361,1.3856620478983035,0.8159034715535864
15,"([0.22, 0.19, 0.0, 0.18, 0.22, 0.2], [4])","([0, 0, 1, 0, 0, 0], [2])",-0.0,-0.0,-0.0,-0.0,-0.922,-0.0,-0.922,0.8285605145830272,1.6507728510915238,0.9875747893298338
16,"([0.11, 0.18, 0.2, 0.24, 0.12, 0.15], [3])","([0.26, 0.14, 0.11, 0.07, 0.25, 0.18], [4])",-0.0,-0.0,-0.0,-0.6759999999999999,-0.0,-0.0,-0.6759999999999999,0.656889012370361,1.669883654284744,0.987574604893415
17,"([0.11, 0.18, 0.2, 0.24, 0.12, 0.15], [1])","([0.26, 0.14, 0.11, 0.07, 0.25, 0.18], [0])",-0.0,-0.76,-0.0,-0.0,-0.0,-0.0,-0.76,0.656889012370361,1.7729944574779641,0.9875744204569962
18,"([0.11, 0.18, 0.2, 0.24, 0.12, 0.15], [3])","([0.26, 0.14, 0.11, 0.07, 0.25, 0.18], [3])",-0.0,-0.0,-0.0,-0.0,-0.0,-0.0,0.0,0.656889012370361,1.1161052606711843,0.9875742360205774
19,"([0.12, 0.18, 0.2, 0.24, 0.12, 0.15], [1])","([0.25, 0.14, 0.11, 0.07, 0.24, 0.18], [5])",-0.0,-0.76,-0.0,-0.0,-0.0,-0.0,-0.76,0.6569645891298124,1.2192160638644045,0.9876496283436099
20,"([0.12, 0.18, 0.2, 0.24, 0.12, 0.15], [0])","([0.25, 0.14, 0.11, 0.07, 0.24, 0.18], [5])",-0.9390000000000001,-0.0,-0.0,-0.0,-0.0,-0.0,-0.9390000000000001,0.6569645891298124,1.5013268670576247,0.9877250206666425
21,"([0.11, 0.18, 0.2, 0.24, 0.12, 0.15], [4])","([0.26, 0.14, 0.11, 0.07, 0.25, 0.18], [0])",-0.0,-0.0,-0.0,-0.0,-0.922,-0.0,-0.922,0.656889012370361,1.7664376702508449,0.9877248362302237
22,"([0.11, 0.18, 0.2, 0.24, 0.12, 0.15], [0])","([0.26, 0.14, 0.11, 0.07, 0.25, 0.18], [4])",-0.9390000000000001,-0.0,-0.0,-0.0,-0.0,-0.0,-0.9390000000000001,0.656889012370361,2.048548473444065,0.9877246517938049
23,"([0.11, 0.18, 0.2, 0.24, 0.12, 0.15], [0])","([0.26, 0.14, 0.11, 0.07, 0.25, 0.18], [4])",-0.9390000000000001,-0.0,-0.0,-0.0,-0.0,-0.0,-0.9390000000000001,0.656889012370361,2.3306592766372853,0.9877244673573861
24,"([0.11, 0.18, 0.2, 0.24, 0.12, 0.15], [4])","([0.26, 0.14, 0.11, 0.07, 0.25, 0.18], [4])",-0.0,-0.0,-0.0,-0.0,-0.0,-0.0,0.0,0.656889012370361,1.6737700798305055,0.9877242829209673
25,"([0.11, 0.18, 0.2, 0.24, 0.12, 0.15], [4])","([0.26, 0.14, 0.11, 0.07, 0.25, 0.18], [5])",-0.0,-0.0,-0.0,-0.0,-0.922,-0.0,-0.922,0.656889012370361,1.9388808830237259,0.9877240984845485
26,"([0.11, 0.18, 0.2, 0.24, 0.12, 0.15], [4])","([0.26, 0.14, 0.11, 0.07, 0.25, 0.18], [1])",-0.0,-0.0,-0.0,-0.0,-0.922,-0.0,-0.922,0.656889012370361,2.203991686216946,0.9877239140481296
27,"([0.11, 0.18, 0.2, 0.24, 0.12, 0.15], [4])","([0.26, 0.14, 0.11, 0.07, 0.25, 0.18], [0])",-0.0,-0.0,-0.0,-0.0,-0.922,-0.0,-0.922,0.656889012370361,2.4691024894101665,0.9877237296117108
28,"([0.11, 0.18, 0.2, 0.24, 0.12, 0.15], [4])","([0.26, 0.14, 0.11, 0.07, 0.25, 0.18], [0])",-0.0,-0.0,-0.0,-0.0,-0.922,-0.0,-0.922,0.656889012370361,2.734213292603387,0.987723545175292
29,"([0.11, 0.18, 0.2, 0.24, 0.12, 0.15], [2])","([0.26, 0.14, 0.11, 0.07, 0.25, 0.18], [4])",-0.0,-0.0,-0.7190000000000001,-0.0,-0.0,-0.0,-0.7190000000000001,0.656889012370361,2.7963240957966073,0.9877233607388732
30,"([0.11, 0.18, 0.2, 0.24, 0.12, 0.15], [3])","([0.26, 0.14, 0.11, 0.07, 0.25, 0.18], [4])",-0.0,-0.0,-0.0,-0.6759999999999999,-0.0,-0.0,-0.6759999999999999,0.656889012370361,2.8154348989898272,0.9877231763024544
31,"([0.11, 0.18, 0.2, 0.24, 0.12, 0.15], [3])","([0.26, 0.14, 0.11, 0.07, 0.25, 0.18], [2])",-0.0,-0.0,-0.0,-0.6759999999999999,-0.0,-0.0,-0.6759999999999999,0.656889012370361,2.834545702183047,0.9877229918660356
32,"([0.11, 0.18, 0.2, 0.24, 0.12, 0.15], [3])","([0.26, 0.14, 0.11, 0.07, 0.25, 0.18], [0])",-0.0,-0.0,-0.0,-0.6759999999999999,-0.0,-0.0,-0.6759999999999999,0.656889012370361,2.853656505376267,0.9877228074296168
33,"([0.11, 0.18, 0.2, 0.24, 0.12, 0.15], [5])","([0.26, 0.14, 0.11, 0.07, 0.25, 0.18], [0])",-0.0,-0.0,-0.0,-0.0,-0.0,-0.812,-0.812,0.656889012370361,3.008767308569487,0.987722622993198
34,"([0.11, 0.18, 0.2, 0.24, 0.12, 0.15], [5])","([0.26, 0.14, 0.11, 0.07, 0.25, 0.18], [0])",-0.0,-0.0,-0.0,-0.0,-0.0,-0.812,-0.812,0.656889012370361,3.163878111762707,0.9877224385567792
35,"([0.11, 0.18, 0.2, 0.24, 0.12, 0.15], [0])","([0.26, 0.14, 0.11, 0.07, 0.25, 0.18], [1])",-0.9390000000000001,-0.0,-0.0,-0.0,-0.0,-0.0,-0.9390000000000001,0.656889012370361,3.4459889149559273,0.9877222541203604
36,"([0.11, 0.18, 0.2, 0.24, 0.12, 0.15], [1])","([0.26, 0.14, 0.11, 0.07, 0.25, 0.18], [4])",-0.0,-0.76,-0.0,-0.0,-0.0,-0.0,-0.76,0.656889012370361,3.5490997181491473,0.9877220696839416
37,"([0.11, 0.18, 0.2, 0.24, 0.12, 0.15], [3])","([0.26, 0.14, 0.11, 0.07, 0.25, 0.18], [3])",-0.0,-0.0,-0.0,-0.0,-0.0,-0.0,0.0,0.656889012370361,2.8922105213423674,0.9877218852475228
38,"([0.11, 0.18, 0.2, 0.24, 0.12, 0.15], [1])","([0.26, 0.14, 0.11, 0.07, 0.25, 0.18], [5])",-0.0,-0.76,-0.0,-0.0,-0.0,-0.0,-0.76,0.656889012370361,2.9953213245355874,0.987721700811104
39,"([0.11, 0.18, 0.2, 0.24, 0.12, 0.15], [2])","([0.26, 0.14, 0.11, 0.07, 0.25, 0.18], [2])",-0.0,-0.0,-0.0,-0.0,-0.0,-0.0,0.0,0.656889012370361,2.3384321277288076,0.9877215163746852
40,"([0.11, 0.18, 0.2, 0.24, 0.12, 0.15], [2])","([0.26, 0.14, 0.11, 0.07, 0.25, 0.18], [1])",-0.0,-0.0,-0.7190000000000001,-0.0,-0.0,-0.0,-0.7190000000000001,0.656889012370361,2.400542930922028,0.9877213319382664
41,"([0.11, 0.18, 0.2, 0.24, 0.12, 0.15], [3])","([0.26, 0.14, 0.11, 0.07, 0.25, 0.18], [2])",-0.0,-0.0,-0.0,-0.6759999999999999,-0.0,-0.0,-0.6759999999999999,0.656889012370361,2.419653734115248,0.9877211475018476
42,"([0.11, 0.18, 0.2, 0.24, 0.12, 0.15], [2])","([0.26, 0.14, 0.11, 0.07, 0.25, 0.18], [2])",-0.0,-0.0,-0.0,-0.0,-0.0,-0.0,0.0,0.656889012370361,1.7627645373084682,0.9877209630654288
43,"([0.11, 0.18, 0.2, 0.24, 0.12, 0.15], [3])","([0.26, 0.14, 0.11, 0.07, 0.25, 0.18], [0])",-0.0,-0.0,-0.0,-0.6759999999999999,-0.0,-0.0,-0.6759999999999999,0.656889012370361,1.7818753405016883,0.98772077862901
44,"([0.11, 0.18, 0.2, 0.24, 0.12, 0.15], [2])","([0.26, 0.14, 0.11, 0.07, 0.25, 0.18], [2])",-0.0,-0.0,-0.0,-0.0,-0.0,-0.0,0.0,0.656889012370361,1.1249861436949085,0.9877205941925912
45,"([0.11, 0.18, 0.2, 0.24, 0.12, 0.15], [5])","([0.26, 0.14, 0.11, 0.07, 0.25, 0.18], [5])",-0.0,-0.0,-0.0,-0.0,-0.0,-0.0,0.0,0.656889012370361,0.46809694688812864,0.9877204097561724
46,"([0.11, 0.18, 0.2, 0.24, 0.12, 0.15], [5])","([0.26, 0.14, 0.11, 0.07, 0.25, 0.18], [0])",-0.0,-0.0,-0.0,-0.0,-0.0,-0.812,-0.812,0.656889012370361,0.6232077500813489,0.9877202253197536
47,"([0.11, 0.18, 0.2, 0.24, 0.12, 0.15], [3])","([0.26, 0.14, 0.11, 0.07, 0.25, 0.18], [1])",-0.0,-0.0,-0.0,-0.6759999999999999,-0.0,-0.0,-0.6759999999999999,0.656889012370361,0.642318553274569,0.9877200408833348
48,"([0.11, 0.18, 0.2, 0.24, 0.12, 0.15], [3])","([0.26, 0.14, 0.11, 0.07, 0.25, 0.18], [4])",-0.0,-0.0,-0.0,-0.6759999999999999,-0.0,-0.0,-0.6759999999999999,0.656889012370361,0.6614293564677891,0.987719856446916
49,"([0.11, 0.18, 0.2, 0.24, 0.12, 0.15], [3])","([0.26, 0.14, 0.11, 0.07, 0.25, 0.18], [2])",-0.0,-0.0,-0.0,-0.6759999999999999,-0.0,-0.0,-0.6759999999999999,0.656889012370361,0.6805401596610092,0.9877196720104972
50,"([0.11, 0.18, 0.2, 0.24, 0.12, 0.15], [5])","([0.26, 0.14, 0.11, 0.07, 0.25, 0.18], [5])",-0.0,-0.0,-0.0,-0.0,-0.0,-0.0,0.0,0.656889012370361,0.023650962854229407,0.9877194875740783
51,"([0.11, 0.18, 0.2, 0.24, 0.12, 0.15], [5])","([0.26, 0.14, 0.11, 0.07, 0.25, 0.18], [5])",-0.0,-0.0,-0.0,-0.0,-0.0,-0.0,0.0,0.656889012370361,-0.6332382339525504,0.9877193031376595
52,"([0.11, 0.18, 0.2, 0.24, 0.12, 0.15], [2])","([0.26, 0.14, 0.11, 0.07, 0.25, 0.18], [0])",-0.0,-0.0,-0.7190000000000001,-0.0,-0.0,-0.0,-0.7190000000000001,0.656889012370361,-0.5711274307593301,0.9877191187012407
53,"([0.11, 0.18, 0.2, 0.24, 0.12, 0.15], [1])","([0.26, 0.14, 0.11, 0.07, 0.25, 0.18], [2])",-0.0,-0.76,-0.0,-0.0,-0.0,-0.0,-0.76,0.656889012370361,-0.46801662756610996,0.9877189342648219
54,"([0.11, 0.18, 0.2, 0.24, 0.12, 0.15], [0])","([0.26, 0.14, 0.11, 0.07, 0.25, 0.18], [5])",-0.9390000000000001,-0.0,-0.0,-0.0,-0.0,-0.0,-0.9390000000000001,0.656889012370361,-0.18590582437288972,0.9877187498284031
55,"([0.11, 0.18, 0.2, 0.24, 0.12, 0.15], [3])","([0.26, 0.14, 0.11, 0.07, 0.25, 0.18], [5])",-0.0,-0.0,-0.0,-0.6759999999999999,-0.0,-0.0,-0.6759999999999999,0.656889012370361,-0.1667950211796696,0.9877185653919843
56,"([0.11, 0.18, 0.2, 0.24, 0.12, 0.15], [0])","([0.26, 0.14, 0.11, 0.07, 0.25, 0.18], [0])",-0.0,-0.0,-0.0,-0.0,-0.0,-0.0,0.0,0.656889012370361,-0.8236842179864494,0.9877183809555655
57,"([0.11, 0.18, 0.2, 0.24, 0.12, 0.15], [3])","([0.26, 0.14, 0.11, 0.07, 0.25, 0.18], [4])",-0.0,-0.0,-0.0,-0.6759999999999999,-0.0,-0.0,-0.6759999999999999,0.656889012370361,-0.8045734147932293,0.9877181965191467
58,"([0.11, 0.18, 0.2, 0.24, 0.12, 0.15], [0])","([0.26, 0.14, 0.11, 0.07, 0.25, 0.18], [4])",-0.9390000000000001,-0.0,-0.0,-0.0,-0.0,-0.0,-0.9390000000000001,0.656889012370361,-0.5224626116000091,0.9877180120827279
59,"([0.11, 0.18, 0.2, 0.24, 0.12, 0.15], [2])","([0.26, 0.14, 0.11, 0.07, 0.25, 0.18], [4])",-0.0,-0.0,-0.7190000000000001,-0.0,-0.0,-0.0,-0.7190000000000001,0.656889012370361,-0.4603518084067888,0.9877178276463091
60,"([0.11, 0.18, 0.2, 0.24, 0.12, 0.15], [5])","([0.26, 0.14, 0.11, 0.07, 0.25, 0.18], [3])",-0.0,-0.0,-0.0,-0.0,-0.0,-0.812,-0.812,0.656889012370361,-0.30524100521356856,0.9877176432098903
61,"([0.11, 0.18, 0.2, 0.24, 0.12, 0.15], [3])","([0.26, 0.14, 0.11, 0.07, 0.25, 0.18], [0])",-0.0,-0.0,-0.0,-0.6759999999999999,-0.0,-0.0,-0.6759999999999999,0.656889012370361,-0.28613020202034845,0.9877174587734715
62,"([0.11, 0.18, 0.2, 0.24, 0.12, 0.15], [3])","([0.26, 0.14, 0.11, 0.07, 0.25, 0.18], [0])",-0.0,-0.0,-0.0,-0.6759999999999999,-0.0,-0.0,-0.6759999999999999,0.656889012370361,-0.26701939882712833,0.9877172743370527
63,"([0.11, 0.18, 0.2, 0.24, 0.12, 0.15], [1])","([0.26, 0.14, 0.11, 0.07, 0.25, 0.18], [0])",-0.0,-0.76,-0.0,-0.0,-0.0,-0.0,-0.76,0.656889012370361,-0.16390859563390814,0.9877170899006339
64,"([0.11, 0.18, 0.2, 0.24, 0.12, 0.15], [3])","([0.26, 0.14, 0.11, 0.07, 0.25, 0.18], [4])",-0.0,-0.0,-0.0,-0.6759999999999999,-0.0,-0.0,-0.6759999999999999,0.656889012370361,-0.14479779244068802,0.9877169054642151
65,"([0.11, 0.18, 0.2, 0.24, 0.12, 0.15], [3])","([0.26, 0.14, 0.11, 0.07, 0.25, 0.18], [0])",-0.0,-0.0,-0.0,-0.6759999999999999,-0.0,-0.0,-0.6759999999999999,0.656889012370361,-0.1256869892474679,0.9877167210277963
66,"([0.11, 0.18, 0.2, 0.24, 0.12, 0.15], [0])","([0.26, 0.14, 0.11, 0.07, 0.25, 0.18], [2])",-0.9390000000000001,-0.0,-0.0,-0.0,-0.0,-0.0,-0.9390000000000001,0.6568890351979975,0.15642381394575233,0.9877165594190139
67,"([0.11, 0.18, 0.2, 0.24, 0.12, 0.15], [3])","([0.26, 0.14, 0.11, 0.07, 0.25, 0.18], [4])",-0.0,-0.0,-0.0,-0.6759999999999999,-0.0,-0.0,-0.6759999999999999,0.656889012370361,0.17553461713897245,0.9877163749825951
68,"([0.11, 0.18, 0.2, 0.24, 0.12, 0.15], [0])","([0.26, 0.14, 0.11, 0.07, 0.25, 0.18], [0])",-0.0,-0.0,-0.0,-0.0,-0.0,-0.0,0.0,0.6568890351979975,-0.48135457966780737,0.9877162133738128
69,"([0.11, 0.18, 0.2, 0.24, 0.12, 0.15], [0])","([0.26, 0.14, 0.11, 0.07, 0.25, 0.18], [0])",-0.0,-0.0,-0.0,-0.0,-0.0,-0.0,0.0,0.656889012370361,-1.1382437764745872,0.987716028937394
70,"([0.11, 0.18, 0.2, 0.24, 0.12, 0.15], [0])","([0.26, 0.14, 0.11, 0.07, 0.25, 0.18], [5])",-0.9390000000000001,-0.0,-0.0,-0.0,-0.0,-0.0,-0.9390000000000001,0.656889012370361,-0.856132973281367,0.9877158445009752
71,"([0.11, 0.18, 0.2, 0.24, 0.12, 0.15], [0])","([0.26, 0.14, 0.11, 0.07, 0.25, 0.18], [4])",-0.9390000000000001,-0.0,-0.0,-0.0,-0.0,-0.0,-0.9390000000000001,0.656889012370361,-0.5740221700881467,0.9877156600645564
72,"([0.11, 0.18, 0.2, 0.24, 0.12, 0.15], [2])","([0.26, 0.14, 0.11, 0.07, 0.25, 0.18], [5])",-0.0,-0.0,-0.7190000000000001,-0.0,-0.0,-0.0,-0.7190000000000001,0.656889012370361,-0.5119113668949264,0.9877154756281376
73,"([0.11, 0.18, 0.2, 0.24, 0.12, 0.15], [5])","([0.26, 0.14, 0.11, 0.07, 0.25, 0.18], [5])",-0.0,-0.0,-0.0,-0.0,-0.0,-0.0,0.0,0.656889012370361,-1.1688005637017063,0.9877152911917187
74,"([0.11, 0.18, 0.2, 0.24, 0.12, 0.15], [2])","([0.26, 0.14, 0.11, 0.07, 0.25, 0.18], [0])",-0.0,-0.0,-0.7190000000000001,-0.0,-0.0,-0.0,-0.7190000000000001,0.656889012370361,-1.106689760508486,0.9877151067552999
75,"([0.11, 0.18, 0.2, 0.24, 0.12, 0.15], [2])","([0.26, 0.14, 0.11, 0.07, 0.25, 0.18], [0])",-0.0,-0.0,-0.7190000000000001,-0.0,-0.0,-0.0,-0.7190000000000001,0.656889012370361,-1.0445789573152657,0.9877149223188811
76,"([0.11, 0.18, 0.2, 0.24, 0.12, 0.15], [4])","([0.26, 0.14, 0.11, 0.07, 0.25, 0.18], [4])",-0.0,-0.0,-0.0,-0.0,-0.0,-0.0,0.0,0.656889012370361,-1.7014681541220456,0.9877147378824623
77,"([0.11, 0.18, 0.2, 0.24, 0.12, 0.15], [4])","([0.26, 0.14, 0.11, 0.07, 0.25, 0.18], [5])",-0.0,-0.0,-0.0,-0.0,-0.922,-0.0,-0.922,0.656889012370361,-1.4363573509288252,0.9877145534460435
78,"([0.11, 0.18, 0.2, 0.24, 0.12, 0.15], [5])","([0.26, 0.14, 0.11, 0.07, 0.25, 0.18], [4])",-0.0,-0.0,-0.0,-0.0,-0.0,-0.812,-0.812,0.656889012370361,-1.281246547735605,0.9877143690096247
79,"([0.11, 0.18, 0.2, 0.24, 0.12, 0.15], [1])","([0.26, 0.14, 0.11, 0.07, 0.25, 0.18], [0])",-0.0,-0.76,-0.0,-0.0,-0.0,-0.0,-0.76,0.656889012370361,-1.1781357445423848,0.9877141845732059
80,"([0.11, 0.18, 0.2, 0.24, 0.12, 0.15], [3])","([0.26, 0.14, 0.11, 0.07, 0.25, 0.18], [4])",-0.0,-0.0,-0.0,-0.6759999999999999,-0.0,-0.0,-0.6759999999999999,0.656889012370361,-1.1590249413491647,0.9877140001367871
81,"([0.11, 0.18, 0.2, 0.24, 0.12, 0.15], [1])","([0.26, 0.14, 0.11, 0.07, 0.25, 0.18], [0])",-0.0,-0.76,-0.0,-0.0,-0.0,-0.0,-0.76,0.656889012370361,-1.0559141381559445,0.9877138157003683
82,"([0.11, 0.18, 0.2, 0.24, 0.12, 0.15], [2])","([0.26, 0.14, 0.11, 0.07, 0.25, 0.18], [0])",-0.0,-0.0,-0.7190000000000001,-0.0,-0.0,-0.0,-0.7190000000000001,0.656889012370361,-0.9938033349627242,0.9877136312639495
83,"([0.11, 0.18, 0.2, 0.24, 0.12, 0.15], [1])","([0.26, 0.14, 0.11, 0.07, 0.25, 0.18], [0])",-0.0,-0.76,-0.0,-0.0,-0.0,-0.0,-0.76,0.656889012370361,-0.890692531769504,0.9877134468275307
84,"([0.11, 0.18, 0.2, 0.24, 0.12, 0.15], [1])","([0.26, 0.14, 0.11, 0.07, 0.25, 0.18], [2])",-0.0,-0.76,-0.0,-0.0,-0.0,-0.0,-0.76,0.656889012370361,-0.7875817285762838,0.9877132623911119
85,"([0.11, 0.18, 0.2, 0.24, 0.12, 0.15], [3])","([0.26, 0.14, 0.11, 0.07, 0.25, 0.18], [0])",-0.0,-0.0,-0.0,-0.6759999999999999,-0.0,-0.0,-0.6759999999999999,0.656889012370361,-0.7684709253830637,0.9877130779546931
86,"([0.11, 0.18, 0.2, 0.24, 0.12, 0.15], [5])","([0.26, 0.14, 0.11, 0.07, 0.25, 0.18], [4])",-0.0,-0.0,-0.0,-0.0,-0.0,-0.812,-0.812,0.656889012370361,-0.6133601221898435,0.9877128935182743
87,"([0.11, 0.18, 0.2, 0.24, 0.12, 0.15], [4])","([0.26, 0.14, 0.11, 0.07, 0.25, 0.18], [5])",-0.0,-0.0,-0.0,-0.0,-0.922,-0.0,-0.922,0.656889012370361,-0.34824931899662326,0.9877127090818555
88,"([0.11, 0.18, 0.2, 0.24, 0.12, 0.15], [3])","([0.26, 0.14, 0.11, 0.07, 0.25, 0.18], [0])",-0.0,-0.0,-0.0,-0.6759999999999999,-0.0,-0.0,-0.6759999999999999,0.656889012370361,-0.32913851580340314,0.9877125246454367
89,"([0.11, 0.18, 0.2, 0.24, 0.12, 0.15], [4])","([0.26, 0.14, 0.11, 0.07, 0.25, 0.18], [1])",-0.0,-0.0,-0.0,-0.0,-0.922,-0.0,-0.922,0.656889012370361,-0.06402771261018292,0.9877123402090179
90,"([0.11, 0.18, 0.2, 0.24, 0.12, 0.15], [2])","([0.26, 0.14, 0.11, 0.07, 0.25, 0.18], [3])",-0.0,-0.0,-0.7190000000000001,-0.0,-0.0,-0.0,-0.7190000000000001,0.656889012370361,-0.0019169094169626533,0.9877121557725991
91,"([0.11, 0.18, 0.2, 0.24, 0.12, 0.15], [5])","([0.26, 0.14, 0.11, 0.07, 0.25, 0.18], [4])",-0.0,-0.0,-0.0,-0.0,-0.0,-0.812,-0.812,0.656889012370361,0.15319389377625758,0.9877119713361803
92,"([0.11, 0.18, 0.2, 0.24, 0.12, 0.15], [3])","([0.26, 0.14, 0.11, 0.07, 0.25, 0.18], [4])",-0.0,-0.0,-0.0,-0.6759999999999999,-0.0,-0.0,-0.6759999999999999,0.656889012370361,0.1723046969694777,0.9877117868997615
93,"([0.11, 0.18, 0.2, 0.24, 0.12, 0.15], [2])","([0.26, 0.14, 0.11, 0.07, 0.25, 0.18], [4])",-0.0,-0.0,-0.7190000000000001,-0.0,-0.0,-0.0,-0.7190000000000001,0.656889012370361,0.23441550016269797,0.9877116024633427
94,"([0.11, 0.18, 0.2, 0.24, 0.12, 0.15], [3])","([0.26, 0.14, 0.11, 0.07, 0.25, 0.18], [4])",-0.0,-0.0,-0.0,-0.6759999999999999,-0.0,-0.0,-0.6759999999999999,0.656889012370361,0.2535263033559181,0.9877114180269239
95,"([0.11, 0.18, 0.2, 0.24, 0.12, 0.15], [1])","([0.26, 0.14, 0.11, 0.07, 0.25, 0.18], [4])",-0.0,-0.76,-0.0,-0.0,-0.0,-0.0,-0.76,0.656889012370361,0.35663710654913827,0.9877112335905051
96,"([0.11, 0.18, 0.2, 0.24, 0.12, 0.15], [2])","([0.26, 0.14, 0.11, 0.07, 0.25, 0.18], [5])",-0.0,-0.0,-0.7190000000000001,-0.0,-0.0,-0.0,-0.7190000000000001,0.656889012370361,0.41874790974235854,0.9877110491540863
97,"([0.11, 0.18, 0.2, 0.24, 0.12, 0.15], [5])","([0.26, 0.14, 0.11, 0.07, 0.25, 0.18], [5])",-0.0,-0.0,-0.0,-0.0,-0.0,-0.0,0.0,0.656889012370361,-0.23814128706442128,0.9877108647176674
98,"([0.11, 0.18, 0.2, 0.24, 0.12, 0.15], [2])","([0.26, 0.14, 0.11, 0.07, 0.25, 0.18], [5])",-0.0,-0.0,-0.7190000000000001,-0.0,-0.0,-0.0,-0.7190000000000001,0.656889012370361,-0.17603048387120102,0.9877106802812486
99,"([0.11, 0.18, 0.2, 0.24, 0.12, 0.15], [3])","([0.26, 0.14, 0.11, 0.07, 0.25, 0.18], [0])",-0.0,-0.0,-0.0,-0.6759999999999999,-0.0,-0.0,-0.6759999999999999,0.656889012370361,-0.1569196806779809,0.9877104958448298
