,suqr-1,FB-0,feedback target 0,feedback target 1,feedback target 2,feedback target 3,feedback target 4,feedback target 5,total,exp_loss,actual_regret,exp_regret
0,"([0.12, 0.17, 0.2, 0.23, 0.13, 0.15], [2])","([0.24, 0.15, 0.12, 0.08, 0.23, 0.18], [0])",-0.0,-0.0,-0.7190000000000001,-0.0,-0.0,-0.0,-0.7190000000000001,0.6573623825735423,0.06211060387965639,0.00047298645319859833
1,"([0.22, 0.19, 0.0, 0.18, 0.22, 0.2], [0])","([0, 0, 1, 0, 0, 0], [2])",-0.9390000000000001,-0.0,-0.0,-0.0,-0.0,-0.0,-0.9390000000000001,0.8285605145830272,0.34422120775931275,0.17214410491588206
2,"([0.22, 0.19, 0.0, 0.18, 0.22, 0.2], [0])","([0, 0, 1, 0, 0, 0], [2])",-0.9390000000000001,-0.0,-0.0,-0.0,-0.0,-0.0,-0.9390000000000001,0.8285605145830272,0.6263318116389691,0.3438152233785655
3,"([0.22, 0.19, 0.0, 0.18, 0.22, 0.2], [4])","([0, 0, 1, 0, 0, 0], [2])",-0.0,-0.0,-0.0,-0.0,-0.922,-0.0,-0.922,0.8285605145830272,0.8914424155186255,0.515486341841249
4,"([0.13, 0.17, 0.19, 0.23, 0.13, 0.15], [5])","([0.24, 0.15, 0.12, 0.08, 0.23, 0.18], [4])",-0.0,-0.0,-0.0,-0.0,-0.0,-0.812,-0.812,0.6576475125406916,1.046553019398282,0.5162444582615969
5,"([0.11, 0.18, 0.2, 0.24, 0.12, 0.15], [4])","([0.26, 0.14, 0.11, 0.07, 0.25, 0.18], [1])",-0.0,-0.0,-0.0,-0.0,-0.922,-0.0,-0.922,0.6568890198157633,1.3116636232779384,0.5162440819570165
6,"([0.11, 0.18, 0.2, 0.24, 0.12, 0.15], [3])","([0.26, 0.14, 0.11, 0.07, 0.25, 0.18], [0])",-0.0,-0.0,-0.0,-0.6759999999999999,-0.0,-0.0,-0.6759999999999999,0.6568890198157633,1.3307742271575946,0.5162437056524362
7,"([0.11, 0.18, 0.2, 0.24, 0.12, 0.15], [3])","([0.26, 0.14, 0.11, 0.07, 0.25, 0.18], [1])",-0.0,-0.0,-0.0,-0.6759999999999999,-0.0,-0.0,-0.6759999999999999,0.6568890198157633,1.3498848310372509,0.5162433293478558
8,"([0.13, 0.17, 0.19, 0.23, 0.13, 0.15], [0])","([0.24, 0.15, 0.12, 0.08, 0.23, 0.18], [1])",-0.9390000000000001,-0.0,-0.0,-0.0,-0.0,-0.0,-0.9390000000000001,0.6576475125406916,1.6319954349169072,0.5170014457682037
9,"([0.11, 0.18, 0.2, 0.24, 0.12, 0.15], [0])","([0.26, 0.14, 0.11, 0.07, 0.25, 0.18], [2])",-0.9390000000000001,-0.0,-0.0,-0.0,-0.0,-0.0,-0.9390000000000001,0.6568890198157633,1.9141060387965636,0.5170010694636233
10,"([0.22, 0.19, 0.18, 0.0, 0.21, 0.2], [2])","([0, 0, 0, 1, 0, 0], [3])",-0.0,-0.0,-0.7190000000000001,-0.0,-0.0,-0.0,-0.7190000000000001,0.8355195738302303,1.97621664267622,0.69563124717351
11,"([0.22, 0.19, 0.18, 0.0, 0.21, 0.2], [4])","([0, 0, 0, 1, 0, 0], [3])",-0.0,-0.0,-0.0,-0.0,-0.922,-0.0,-0.922,0.8355195738302303,2.2413272465558762,0.8742614248833966
12,"([0.22, 0.19, 0.18, 0.0, 0.21, 0.2], [2])","([0, 0, 0, 1, 0, 0], [3])",-0.0,-0.0,-0.7190000000000001,-0.0,-0.0,-0.0,-0.7190000000000001,0.8355195738302303,2.3034378504355324,1.0528916025932833
13,"([0.11, 0.18, 0.2, 0.24, 0.12, 0.15], [1])","([0.26, 0.14, 0.11, 0.07, 0.25, 0.18], [2])",-0.0,-0.76,-0.0,-0.0,-0.0,-0.0,-0.76,0.6568890198157633,2.406548454315189,1.052891226288703
14,"([0.11, 0.18, 0.2, 0.24, 0.12, 0.15], [0])","([0.26, 0.14, 0.11, 0.07, 0.25, 0.18], [5])",-0.9390000000000001,-0.0,-0.0,-0.0,-0.0,-0.0,-0.9390000000000001,0.6568890198157633,2.6886590581948453,1.0528908499841225
15,"([0.11, 0.18, 0.2, 0.24, 0.12, 0.15], [2])","([0.26, 0.14, 0.11, 0.07, 0.25, 0.18], [5])",-0.0,-0.0,-0.7190000000000001,-0.0,-0.0,-0.0,-0.7190000000000001,0.6568890005506107,2.750769662074502,1.0528904544143896
16,"([0.11, 0.18, 0.2, 0.24, 0.12, 0.15], [3])","([0.26, 0.14, 0.11, 0.07, 0.25, 0.18], [3])",-0.0,-0.0,-0.0,-0.0,-0.0,-0.0,0.0,0.6568890005506107,2.093880265954158,1.0528900588446566
17,"([0.11, 0.18, 0.2, 0.24, 0.12, 0.15], [0])","([0.26, 0.14, 0.11, 0.07, 0.25, 0.18], [5])",-0.9390000000000001,-0.0,-0.0,-0.0,-0.0,-0.0,-0.9390000000000001,0.6568890198157633,2.3759908698338146,1.0528896825400762
18,"([0.11, 0.18, 0.2, 0.24, 0.12, 0.15], [3])","([0.26, 0.14, 0.11, 0.07, 0.25, 0.18], [1])",-0.0,-0.0,-0.0,-0.6759999999999999,-0.0,-0.0,-0.6759999999999999,0.6568890005506107,2.3951014737134706,1.0528892869703432
19,"([0.11, 0.18, 0.2, 0.24, 0.12, 0.15], [2])","([0.26, 0.14, 0.11, 0.07, 0.25, 0.18], [0])",-0.0,-0.0,-0.7190000000000001,-0.0,-0.0,-0.0,-0.7190000000000001,0.6568890198157633,2.4572120775931268,1.0528889106657628
20,"([0.11, 0.18, 0.2, 0.24, 0.12, 0.15], [2])","([0.26, 0.14, 0.11, 0.07, 0.25, 0.18], [0])",-0.0,-0.0,-0.7190000000000001,-0.0,-0.0,-0.0,-0.7190000000000001,0.6568890198157633,2.519322681472783,1.0528885343611825
21,"([0.11, 0.18, 0.2, 0.24, 0.12, 0.15], [3])","([0.26, 0.14, 0.11, 0.07, 0.25, 0.18], [0])",-0.0,-0.0,-0.0,-0.6759999999999999,-0.0,-0.0,-0.6759999999999999,0.6568890198157633,2.538433285352439,1.052888158056602
22,"([0.11, 0.18, 0.2, 0.24, 0.12, 0.15], [0])","([0.26, 0.14, 0.11, 0.07, 0.25, 0.18], [0])",-0.0,-0.0,-0.0,-0.0,-0.0,-0.0,0.0,0.6568890198157633,1.8815438892320953,1.0528877817520217
23,"([0.22, 0.19, 0.18, 0.0, 0.21, 0.2], [5])","([0, 0, 0, 1, 0, 0], [3])",-0.0,-0.0,-0.0,-0.0,-0.0,-0.812,-0.812,0.8355195738302303,2.036654493111752,1.2315179594619083
24,"([0.11, 0.18, 0.2, 0.24, 0.12, 0.15], [5])","([0.26, 0.14, 0.11, 0.07, 0.25, 0.18], [1])",-0.0,-0.0,-0.0,-0.0,-0.0,-0.812,-0.812,0.6568890198157633,2.191765096991408,1.231517583157328
25,"([0.11, 0.18, 0.2, 0.24, 0.12, 0.15], [1])","([0.26, 0.14, 0.11, 0.07, 0.25, 0.18], [5])",-0.0,-0.76,-0.0,-0.0,-0.0,-0.0,-0.76,0.6568890198157633,2.2948757008710645,1.2315172068527476
26,"([0.11, 0.18, 0.2, 0.24, 0.12, 0.15], [5])","([0.26, 0.14, 0.11, 0.07, 0.25, 0.18], [4])",-0.0,-0.0,-0.0,-0.0,-0.0,-0.812,-0.812,0.6568890198157633,2.4499863047507207,1.2315168305481672
27,"([0.11, 0.18, 0.2, 0.24, 0.12, 0.15], [2])","([0.26, 0.14, 0.11, 0.07, 0.25, 0.18], [5])",-0.0,-0.0,-0.7190000000000001,-0.0,-0.0,-0.0,-0.7190000000000001,0.6568890198157633,2.512096908630377,1.2315164542435868
28,"([0.11, 0.18, 0.2, 0.24, 0.12, 0.15], [3])","([0.26, 0.14, 0.11, 0.07, 0.25, 0.18], [4])",-0.0,-0.0,-0.0,-0.6759999999999999,-0.0,-0.0,-0.6759999999999999,0.6568890198157633,2.531207512510033,1.2315160779390064
29,"([0.11, 0.18, 0.2, 0.24, 0.12, 0.15], [5])","([0.26, 0.14, 0.11, 0.07, 0.25, 0.18], [5])",-0.0,-0.0,-0.0,-0.0,-0.0,-0.0,0.0,0.6568890198157633,1.8743181163896891,1.231515701634426
30,"([0.11, 0.18, 0.2, 0.24, 0.12, 0.15], [3])","([0.26, 0.14, 0.11, 0.07, 0.25, 0.18], [4])",-0.0,-0.0,-0.0,-0.6759999999999999,-0.0,-0.0,-0.6759999999999999,0.6568890198157633,1.8934287202693454,1.2315153253298456
31,"([0.11, 0.18, 0.2, 0.24, 0.12, 0.15], [2])","([0.26, 0.14, 0.11, 0.07, 0.25, 0.18], [4])",-0.0,-0.0,-0.7190000000000001,-0.0,-0.0,-0.0,-0.7190000000000001,0.6568890198157633,1.9555393241490018,1.2315149490252653
32,"([0.11, 0.18, 0.2, 0.24, 0.12, 0.15], [3])","([0.26, 0.14, 0.11, 0.07, 0.25, 0.18], [1])",-0.0,-0.0,-0.0,-0.6759999999999999,-0.0,-0.0,-0.6759999999999999,0.6568890198157633,1.974649928028658,1.2315145727206849
33,"([0.12, 0.17, 0.2, 0.24, 0.12, 0.15], [1])","([0.25, 0.14, 0.11, 0.07, 0.24, 0.18], [4])",-0.0,-0.76,-0.0,-0.0,-0.0,-0.0,-0.76,0.6569646493227104,2.0777605319083143,1.2315898259230516
34,"([0.12, 0.17, 0.2, 0.24, 0.12, 0.15], [1])","([0.25, 0.14, 0.11, 0.07, 0.24, 0.18], [5])",-0.0,-0.76,-0.0,-0.0,-0.0,-0.0,-0.76,0.6569646493227104,2.180871135787971,1.2316650791254182
35,"([0.12, 0.17, 0.2, 0.24, 0.12, 0.15], [1])","([0.25, 0.14, 0.11, 0.07, 0.24, 0.18], [4])",-0.0,-0.76,-0.0,-0.0,-0.0,-0.0,-0.76,0.6569646493227104,2.2839817396676274,1.231740332327785
36,"([0.12, 0.17, 0.2, 0.24, 0.12, 0.15], [0])","([0.25, 0.14, 0.11, 0.07, 0.24, 0.18], [4])",-0.9390000000000001,-0.0,-0.0,-0.0,-0.0,-0.0,-0.9390000000000001,0.6569646493227104,2.5660923435472838,1.2318155855301516
37,"([0.11, 0.18, 0.2, 0.24, 0.12, 0.15], [5])","([0.26, 0.14, 0.11, 0.07, 0.25, 0.18], [5])",-0.0,-0.0,-0.0,-0.0,-0.0,-0.0,0.0,0.6568890198157633,1.90920294742694,1.2318152092255712
38,"([0.11, 0.18, 0.2, 0.24, 0.12, 0.15], [1])","([0.26, 0.14, 0.11, 0.07, 0.25, 0.18], [4])",-0.0,-0.76,-0.0,-0.0,-0.0,-0.0,-0.76,0.6568890198157633,2.0123135513065966,1.2318148329209908
39,"([0.11, 0.18, 0.2, 0.24, 0.12, 0.15], [2])","([0.26, 0.14, 0.11, 0.07, 0.25, 0.18], [4])",-0.0,-0.0,-0.7190000000000001,-0.0,-0.0,-0.0,-0.7190000000000001,0.6568890198157633,2.074424155186253,1.2318144566164104
40,"([0.11, 0.18, 0.2, 0.24, 0.12, 0.15], [3])","([0.26, 0.14, 0.11, 0.07, 0.25, 0.18], [1])",-0.0,-0.0,-0.0,-0.6759999999999999,-0.0,-0.0,-0.6759999999999999,0.6568890198157633,2.093534759065909,1.23181408031183
41,"([0.12, 0.17, 0.2, 0.24, 0.12, 0.15], [1])","([0.25, 0.14, 0.11, 0.07, 0.24, 0.18], [0])",-0.0,-0.76,-0.0,-0.0,-0.0,-0.0,-0.76,0.6569646493227104,2.1966453629455653,1.2318893335141967
42,"([0.12, 0.17, 0.2, 0.24, 0.12, 0.15], [3])","([0.25, 0.14, 0.11, 0.07, 0.24, 0.18], [0])",-0.0,-0.0,-0.0,-0.6759999999999999,-0.0,-0.0,-0.6759999999999999,0.6569646493227104,2.2157559668252214,1.2319645867165634
43,"([0.12, 0.17, 0.2, 0.24, 0.12, 0.15], [3])","([0.25, 0.14, 0.11, 0.07, 0.24, 0.18], [4])",-0.0,-0.0,-0.0,-0.6759999999999999,-0.0,-0.0,-0.6759999999999999,0.6569646493227104,2.2348665707048774,1.23203983991893
44,"([0.12, 0.17, 0.2, 0.24, 0.12, 0.15], [3])","([0.25, 0.14, 0.11, 0.07, 0.24, 0.18], [4])",-0.0,-0.0,-0.0,-0.6759999999999999,-0.0,-0.0,-0.6759999999999999,0.6569646493227104,2.2539771745845334,1.2321150931212967
45,"([0.12, 0.17, 0.2, 0.23, 0.13, 0.15], [3])","([0.24, 0.15, 0.12, 0.08, 0.23, 0.18], [3])",-0.0,-0.0,-0.0,-0.0,-0.0,-0.0,0.0,0.6573258290040602,1.5970877784641897,1.2325515260050133
46,"([0.12, 0.17, 0.2, 0.23, 0.13, 0.15], [2])","([0.24, 0.15, 0.12, 0.08, 0.23, 0.18], [0])",-0.0,-0.0,-0.7190000000000001,-0.0,-0.0,-0.0,-0.7190000000000001,0.6573258290040602,1.659198382343846,1.2329879588887298
47,"([0.12, 0.17, 0.2, 0.23, 0.13, 0.15], [2])","([0.24, 0.15, 0.12, 0.08, 0.23, 0.18], [5])",-0.0,-0.0,-0.7190000000000001,-0.0,-0.0,-0.0,-0.7190000000000001,0.6573623825735423,1.7213089862235025,1.2334609453419283
48,"([0.12, 0.17, 0.2, 0.23, 0.13, 0.15], [0])","([0.24, 0.15, 0.12, 0.08, 0.23, 0.18], [4])",-0.9390000000000001,-0.0,-0.0,-0.0,-0.0,-0.0,-0.9390000000000001,0.6573623825735423,2.003419590103159,1.2339339317951268
49,"([0.12, 0.17, 0.2, 0.23, 0.13, 0.15], [5])","([0.24, 0.15, 0.12, 0.08, 0.23, 0.18], [1])",-0.0,-0.0,-0.0,-0.0,-0.0,-0.812,-0.812,0.6573258290040602,2.1585301939828154,1.2343703646788433
50,"([0.12, 0.17, 0.2, 0.23, 0.13, 0.15], [4])","([0.24, 0.15, 0.12, 0.08, 0.23, 0.18], [4])",-0.0,-0.0,-0.0,-0.0,-0.0,-0.0,0.0,0.6573258290040602,1.5016407978624717,1.2348067975625598
51,"([0.12, 0.17, 0.2, 0.24, 0.12, 0.15], [0])","([0.25, 0.14, 0.11, 0.07, 0.24, 0.18], [3])",-0.9390000000000001,-0.0,-0.0,-0.0,-0.0,-0.0,-0.9390000000000001,0.6569646493227104,1.783751401742128,1.2348820507649265
52,"([0.12, 0.17, 0.2, 0.24, 0.12, 0.15], [5])","([0.25, 0.14, 0.11, 0.07, 0.24, 0.18], [1])",-0.0,-0.0,-0.0,-0.0,-0.0,-0.812,-0.812,0.6569646493227104,1.9388620056217845,1.2349573039672932
53,"([0.12, 0.17, 0.2, 0.24, 0.12, 0.15], [3])","([0.25, 0.14, 0.11, 0.07, 0.24, 0.18], [4])",-0.0,-0.0,-0.0,-0.6759999999999999,-0.0,-0.0,-0.6759999999999999,0.6569646493227104,1.9579726095014407,1.2350325571696599
54,"([0.12, 0.17, 0.2, 0.24, 0.12, 0.15], [5])","([0.25, 0.14, 0.11, 0.07, 0.24, 0.18], [5])",-0.0,-0.0,-0.0,-0.0,-0.0,-0.0,0.0,0.6569646493227104,1.301083213381097,1.2351078103720265
55,"([0.12, 0.17, 0.2, 0.24, 0.12, 0.15], [2])","([0.25, 0.14, 0.11, 0.07, 0.24, 0.18], [5])",-0.0,-0.0,-0.7190000000000001,-0.0,-0.0,-0.0,-0.7190000000000001,0.6569646493227104,1.3631938172607534,1.2351830635743932
56,"([0.12, 0.17, 0.2, 0.24, 0.12, 0.15], [5])","([0.25, 0.14, 0.11, 0.07, 0.24, 0.18], [4])",-0.0,-0.0,-0.0,-0.0,-0.0,-0.812,-0.812,0.6569646493227104,1.5183044211404098,1.23525831677676
57,"([0.12, 0.17, 0.2, 0.24, 0.12, 0.15], [1])","([0.25, 0.14, 0.11, 0.07, 0.24, 0.18], [4])",-0.0,-0.76,-0.0,-0.0,-0.0,-0.0,-0.76,0.6569646493227104,1.621415025020066,1.2353335699791266
58,"([0.12, 0.17, 0.2, 0.24, 0.12, 0.15], [4])","([0.25, 0.14, 0.11, 0.07, 0.24, 0.18], [4])",-0.0,-0.0,-0.0,-0.0,-0.0,-0.0,0.0,0.6569646493227104,0.9645256288997224,1.2354088231814933
59,"([0.12, 0.17, 0.2, 0.24, 0.12, 0.15], [1])","([0.25, 0.14, 0.11, 0.07, 0.24, 0.18], [5])",-0.0,-0.76,-0.0,-0.0,-0.0,-0.0,-0.76,0.6569646493227104,1.0676362327793787,1.23548407638386
60,"([0.12, 0.17, 0.2, 0.24, 0.12, 0.15], [4])","([0.25, 0.14, 0.11, 0.07, 0.24, 0.18], [5])",-0.0,-0.0,-0.0,-0.0,-0.922,-0.0,-0.922,0.6569646493227104,1.3327468366590352,1.2355593295862266
61,"([0.11, 0.18, 0.2, 0.24, 0.12, 0.15], [5])","([0.26, 0.14, 0.11, 0.07, 0.25, 0.18], [0])",-0.0,-0.0,-0.0,-0.0,-0.0,-0.812,-0.812,0.6568890198157633,1.4878574405386915,1.2355589532816462
62,"([0.11, 0.18, 0.2, 0.24, 0.12, 0.15], [3])","([0.26, 0.14, 0.11, 0.07, 0.25, 0.18], [0])",-0.0,-0.0,-0.0,-0.6759999999999999,-0.0,-0.0,-0.6759999999999999,0.6568890198157633,1.5069680444183478,1.2355585769770658
63,"([0.11, 0.18, 0.2, 0.24, 0.12, 0.15], [1])","([0.26, 0.14, 0.11, 0.07, 0.25, 0.18], [0])",-0.0,-0.76,-0.0,-0.0,-0.0,-0.0,-0.76,0.6568890198157633,1.610078648298004,1.2355582006724855
64,"([0.11, 0.18, 0.2, 0.24, 0.12, 0.15], [3])","([0.26, 0.14, 0.11, 0.07, 0.25, 0.18], [2])",-0.0,-0.0,-0.0,-0.6759999999999999,-0.0,-0.0,-0.6759999999999999,0.6568890198157633,1.6291892521776603,1.235557824367905
65,"([0.12, 0.17, 0.2, 0.24, 0.12, 0.15], [5])","([0.25, 0.14, 0.11, 0.07, 0.24, 0.18], [4])",-0.0,-0.0,-0.0,-0.0,-0.0,-0.812,-0.812,0.6569646493227104,1.7842998560573167,1.2356330775702717
66,"([0.12, 0.17, 0.2, 0.24, 0.12, 0.15], [4])","([0.25, 0.14, 0.11, 0.07, 0.24, 0.18], [1])",-0.0,-0.0,-0.0,-0.0,-0.922,-0.0,-0.922,0.6569646493227104,2.049410459936973,1.2357083307726384
67,"([0.11, 0.18, 0.2, 0.24, 0.12, 0.15], [0])","([0.26, 0.14, 0.11, 0.07, 0.25, 0.18], [0])",-0.0,-0.0,-0.0,-0.0,-0.0,-0.0,0.0,0.6568890198157633,1.3925210638166292,1.235707954468058
68,"([0.11, 0.18, 0.2, 0.24, 0.12, 0.15], [3])","([0.26, 0.14, 0.11, 0.07, 0.25, 0.18], [0])",-0.0,-0.0,-0.0,-0.6759999999999999,-0.0,-0.0,-0.6759999999999999,0.6568890198157633,1.4116316676962855,1.2357075781634776
69,"([0.11, 0.18, 0.2, 0.24, 0.12, 0.15], [2])","([0.26, 0.14, 0.11, 0.07, 0.25, 0.18], [1])",-0.0,-0.0,-0.7190000000000001,-0.0,-0.0,-0.0,-0.7190000000000001,0.6568890198157633,1.4737422715759418,1.2357072018588973
70,"([0.11, 0.18, 0.2, 0.24, 0.12, 0.15], [5])","([0.26, 0.14, 0.11, 0.07, 0.25, 0.18], [5])",-0.0,-0.0,-0.0,-0.0,-0.0,-0.0,0.0,0.6568890198157633,0.8168528754555981,1.2357068255543169
71,"([0.11, 0.18, 0.2, 0.24, 0.12, 0.15], [4])","([0.26, 0.14, 0.11, 0.07, 0.25, 0.18], [5])",-0.0,-0.0,-0.0,-0.0,-0.922,-0.0,-0.922,0.6568890198157633,1.0819634793352546,1.2357064492497365
72,"([0.11, 0.18, 0.2, 0.24, 0.12, 0.15], [5])","([0.26, 0.14, 0.11, 0.07, 0.25, 0.18], [5])",-0.0,-0.0,-0.0,-0.0,-0.0,-0.0,0.0,0.6568890198157633,0.4250740832149109,1.235706072945156
73,"([0.11, 0.18, 0.2, 0.24, 0.12, 0.15], [3])","([0.26, 0.14, 0.11, 0.07, 0.25, 0.18], [2])",-0.0,-0.0,-0.0,-0.6759999999999999,-0.0,-0.0,-0.6759999999999999,0.6568890198157633,0.44418468709456715,1.2357056966405757
74,"([0.11, 0.18, 0.2, 0.24, 0.12, 0.15], [0])","([0.26, 0.14, 0.11, 0.07, 0.25, 0.18], [1])",-0.9390000000000001,-0.0,-0.0,-0.0,-0.0,-0.0,-0.9390000000000001,0.6568890198157633,0.7262952909742235,1.2357053203359953
75,"([0.11, 0.18, 0.2, 0.24, 0.12, 0.15], [1])","([0.26, 0.14, 0.11, 0.07, 0.25, 0.18], [1])",-0.0,-0.0,-0.0,-0.0,-0.0,-0.0,0.0,0.6568890198157633,0.06940589485387982,1.235704944031415
76,"([0.11, 0.18, 0.2, 0.24, 0.12, 0.15], [0])","([0.26, 0.14, 0.11, 0.07, 0.25, 0.18], [1])",-0.9390000000000001,-0.0,-0.0,-0.0,-0.0,-0.0,-0.9390000000000001,0.6568890198157633,0.3515164987335362,1.2357045677268346
77,"([0.11, 0.18, 0.2, 0.24, 0.12, 0.15], [1])","([0.26, 0.14, 0.11, 0.07, 0.25, 0.18], [4])",-0.0,-0.76,-0.0,-0.0,-0.0,-0.0,-0.76,0.6568890005506107,0.4546271026131925,1.2357041721571016
78,"([0.11, 0.18, 0.2, 0.24, 0.12, 0.15], [3])","([0.26, 0.14, 0.11, 0.07, 0.25, 0.18], [2])",-0.0,-0.0,-0.0,-0.6759999999999999,-0.0,-0.0,-0.6759999999999999,0.6568890005506107,0.47373770649284874,1.2357037765873686
79,"([0.11, 0.18, 0.2, 0.24, 0.12, 0.15], [1])","([0.26, 0.14, 0.11, 0.07, 0.25, 0.18], [2])",-0.0,-0.76,-0.0,-0.0,-0.0,-0.0,-0.76,0.6568890198157633,0.5768483103725051,1.2357034002827882
80,"([0.11, 0.18, 0.2, 0.24, 0.12, 0.15], [1])","([0.26, 0.14, 0.11, 0.07, 0.25, 0.18], [4])",-0.0,-0.76,-0.0,-0.0,-0.0,-0.0,-0.76,0.6568890198157633,0.6799589142521614,1.2357030239782079
81,"([0.11, 0.18, 0.2, 0.24, 0.12, 0.15], [3])","([0.26, 0.14, 0.11, 0.07, 0.25, 0.18], [0])",-0.0,-0.0,-0.0,-0.6759999999999999,-0.0,-0.0,-0.6759999999999999,0.6568890198157633,0.6990695181318176,1.2357026476736275
82,"([0.11, 0.18, 0.2, 0.24, 0.12, 0.15], [1])","([0.26, 0.14, 0.11, 0.07, 0.25, 0.18], [2])",-0.0,-0.76,-0.0,-0.0,-0.0,-0.0,-0.76,0.6568890198157633,0.8021801220114739,1.235702271369047
83,"([0.11, 0.18, 0.2, 0.24, 0.12, 0.15], [5])","([0.26, 0.14, 0.11, 0.07, 0.25, 0.18], [0])",-0.0,-0.0,-0.0,-0.0,-0.0,-0.812,-0.812,0.6568890198157633,0.9572907258911303,1.2357018950644667
84,"([0.11, 0.18, 0.2, 0.24, 0.12, 0.15], [5])","([0.26, 0.14, 0.11, 0.07, 0.25, 0.18], [2])",-0.0,-0.0,-0.0,-0.0,-0.0,-0.812,-0.812,0.6568890198157633,1.1124013297707867,1.2357015187598863
85,"([0.11, 0.18, 0.2, 0.24, 0.12, 0.15], [1])","([0.26, 0.14, 0.11, 0.07, 0.25, 0.18], [1])",-0.0,-0.0,-0.0,-0.0,-0.0,-0.0,0.0,0.6568890198157633,0.45551193365044296,1.235701142455306
86,"([0.11, 0.18, 0.2, 0.24, 0.12, 0.15], [3])","([0.26, 0.14, 0.11, 0.07, 0.25, 0.18], [4])",-0.0,-0.0,-0.0,-0.6759999999999999,-0.0,-0.0,-0.6759999999999999,0.6568890198157633,0.4746225375300992,1.2357007661507255
87,"([0.11, 0.18, 0.2, 0.24, 0.12, 0.15], [3])","([0.26, 0.14, 0.11, 0.07, 0.25, 0.18], [5])",-0.0,-0.0,-0.0,-0.6759999999999999,-0.0,-0.0,-0.6759999999999999,0.6568890198157633,0.49373314140975544,1.2357003898461452
88,"([0.11, 0.18, 0.2, 0.24, 0.12, 0.15], [4])","([0.26, 0.14, 0.11, 0.07, 0.25, 0.18], [0])",-0.0,-0.0,-0.0,-0.0,-0.922,-0.0,-0.922,0.6568890198157633,0.7588437452894118,1.2357000135415648
89,"([0.11, 0.18, 0.2, 0.24, 0.12, 0.15], [3])","([0.26, 0.14, 0.11, 0.07, 0.25, 0.18], [0])",-0.0,-0.0,-0.0,-0.6759999999999999,-0.0,-0.0,-0.6759999999999999,0.6568890198157633,0.777954349169068,1.2356996372369844
90,"([0.11, 0.18, 0.2, 0.24, 0.12, 0.15], [2])","([0.26, 0.14, 0.11, 0.07, 0.25, 0.18], [5])",-0.0,-0.0,-0.7190000000000001,-0.0,-0.0,-0.0,-0.7190000000000001,0.6568890198157633,0.8400649530487244,1.235699260932404
91,"([0.11, 0.18, 0.2, 0.24, 0.12, 0.15], [0])","([0.26, 0.14, 0.11, 0.07, 0.25, 0.18], [0])",-0.0,-0.0,-0.0,-0.0,-0.0,-0.0,0.0,0.6568890198157633,0.18317555692838072,1.2356988846278236
92,"([0.11, 0.18, 0.2, 0.24, 0.12, 0.15], [0])","([0.26, 0.14, 0.11, 0.07, 0.25, 0.18], [2])",-0.9390000000000001,-0.0,-0.0,-0.0,-0.0,-0.0,-0.9390000000000001,0.6568890198157633,0.4652861608080371,1.2356985083232432
93,"([0.11, 0.18, 0.2, 0.24, 0.12, 0.15], [2])","([0.26, 0.14, 0.11, 0.07, 0.25, 0.18], [0])",-0.0,-0.0,-0.7190000000000001,-0.0,-0.0,-0.0,-0.7190000000000001,0.6568890198157633,0.5273967646876935,1.2356981320186629
94,"([0.11, 0.18, 0.2, 0.24, 0.12, 0.15], [0])","([0.26, 0.14, 0.11, 0.07, 0.25, 0.18], [5])",-0.9390000000000001,-0.0,-0.0,-0.0,-0.0,-0.0,-0.9390000000000001,0.6568890198157633,0.8095073685673498,1.2356977557140825
95,"([0.11, 0.18, 0.2, 0.24, 0.12, 0.15], [4])","([0.26, 0.14, 0.11, 0.07, 0.25, 0.18], [5])",-0.0,-0.0,-0.0,-0.0,-0.922,-0.0,-0.922,0.6568890198157633,1.0746179724470062,1.235697379409502
96,"([0.11, 0.18, 0.2, 0.24, 0.12, 0.15], [2])","([0.26, 0.14, 0.11, 0.07, 0.25, 0.18], [0])",-0.0,-0.0,-0.7190000000000001,-0.0,-0.0,-0.0,-0.7190000000000001,0.6568890005506107,1.1367285763266626,1.2356969838397691
97,"([0.11, 0.18, 0.2, 0.24, 0.12, 0.15], [0])","([0.26, 0.14, 0.11, 0.07, 0.25, 0.18], [5])",-0.9390000000000001,-0.0,-0.0,-0.0,-0.0,-0.0,-0.9390000000000001,0.6568890005506107,1.418839180206319,1.2356965882700361
98,"([0.11, 0.18, 0.2, 0.24, 0.12, 0.15], [5])","([0.26, 0.14, 0.11, 0.07, 0.25, 0.18], [4])",-0.0,-0.0,-0.0,-0.0,-0.0,-0.812,-0.812,0.6568890005506107,1.5739497840859753,1.2356961927003032
99,"([0.11, 0.18, 0.2, 0.24, 0.12, 0.15], [0])","([0.26, 0.14, 0.11, 0.07, 0.25, 0.18], [3])",-0.9390000000000001,-0.0,-0.0,-0.0,-0.0,-0.0,-0.9390000000000001,0.6568890005506107,1.8560603879656317,1.2356957971305702
