,sta-1,FB-0,feedback target 0,feedback target 1,feedback target 2,feedback target 3,feedback target 4,feedback target 5,total,exp_loss,actual_regret,exp_regret
0,"([0, 1, 0, 0, 0, 0], [1])","([0.06, 0.3, 0.18, 0.16, 0.12, 0.18], [1])",-0.0,-0.0,-0.0,-0.0,-0.0,-0.0,0.0,0.6979713012324029,-0.6348996546909951,0.06307164654140784
1,"([1, 0, 0, 0, 0, 0], [0])","([0.01, 0.36, 0.18, 0.16, 0.09, 0.19], [2])",-0.64,-0.0,-0.0,-0.0,-0.0,-0.0,-0.64,0.6348996546909951,-0.6297993093819901,0.06307164654140784
2,"([0, 1, 0, 0, 0, 0], [1])","([1.0, 0.0, 0.0, 0.0, 0.0, 0.0], [0])",-0.0,-0.9990000000000001,-0.0,-0.0,-0.0,-0.0,-0.9990000000000001,0.9990000000000001,-0.2656989640729851,0.4271719918504129
3,"([1, 0, 0, 0, 0, 0], [0])","([0.01, 0.36, 0.18, 0.16, 0.09, 0.19], [2])",-0.64,-0.0,-0.0,-0.0,-0.0,-0.0,-0.64,0.6348996546909951,-0.26059861876398016,0.4271719918504129
4,"([1, 0, 0, 0, 0, 0], [0])","([0.01, 0.36, 0.18, 0.16, 0.09, 0.19], [1])",-0.64,-0.0,-0.0,-0.0,-0.0,-0.0,-0.64,0.6348996546909951,-0.2554982734549752,0.4271719918504129
5,"([1, 0, 0, 0, 0, 0], [0])","([0.01, 0.36, 0.18, 0.16, 0.09, 0.19], [2])",-0.64,-0.0,-0.0,-0.0,-0.0,-0.0,-0.64,0.6348996546909951,-0.2503979281459703,0.4271719918504129
6,"([1, 0, 0, 0, 0, 0], [0])","([0.01, 0.36, 0.18, 0.16, 0.09, 0.19], [5])",-0.64,-0.0,-0.0,-0.0,-0.0,-0.0,-0.64,0.6348996546909951,-0.24529758283696534,0.4271719918504129
7,"([1, 0, 0, 0, 0, 0], [0])","([0.01, 0.36, 0.18, 0.16, 0.09, 0.19], [2])",-0.64,-0.0,-0.0,-0.0,-0.0,-0.0,-0.64,0.6348996546909951,-0.2401972375279604,0.4271719918504129
8,"([1, 0, 0, 0, 0, 0], [0])","([0.01, 0.36, 0.18, 0.16, 0.09, 0.19], [2])",-0.64,-0.0,-0.0,-0.0,-0.0,-0.0,-0.64,0.6348996546909951,-0.23509689221895547,0.4271719918504129
9,"([1, 0, 0, 0, 0, 0], [0])","([0.01, 0.36, 0.18, 0.16, 0.09, 0.19], [1])",-0.64,-0.0,-0.0,-0.0,-0.0,-0.0,-0.64,0.6348996546909951,-0.22999654690995053,0.4271719918504129
10,"([1, 0, 0, 0, 0, 0], [0])","([0.01, 0.36, 0.18, 0.16, 0.09, 0.19], [1])",-0.64,-0.0,-0.0,-0.0,-0.0,-0.0,-0.64,0.6348996546909951,-0.2248962016009456,0.4271719918504129
11,"([1, 0, 0, 0, 0, 0], [0])","([0.01, 0.36, 0.18, 0.16, 0.09, 0.19], [4])",-0.64,-0.0,-0.0,-0.0,-0.0,-0.0,-0.64,0.6348996546909951,-0.21979585629194065,0.4271719918504129
12,"([1, 0, 0, 0, 0, 0], [0])","([0.01, 0.36, 0.18, 0.16, 0.09, 0.19], [5])",-0.64,-0.0,-0.0,-0.0,-0.0,-0.0,-0.64,0.6348996546909951,-0.2146955109829357,0.4271719918504129
13,"([1, 0, 0, 0, 0, 0], [0])","([0.01, 0.36, 0.18, 0.16, 0.09, 0.19], [2])",-0.64,-0.0,-0.0,-0.0,-0.0,-0.0,-0.64,0.6348996546909951,-0.20959516567393077,0.4271719918504129
14,"([1, 0, 0, 0, 0, 0], [0])","([0.01, 0.36, 0.18, 0.16, 0.09, 0.19], [1])",-0.64,-0.0,-0.0,-0.0,-0.0,-0.0,-0.64,0.6348996546909951,-0.20449482036492583,0.4271719918504129
15,"([1, 0, 0, 0, 0, 0], [0])","([0.01, 0.36, 0.18, 0.16, 0.09, 0.19], [1])",-0.64,-0.0,-0.0,-0.0,-0.0,-0.0,-0.64,0.6348996546909951,-0.1993944750559209,0.4271719918504129
16,"([1, 0, 0, 0, 0, 0], [0])","([0.01, 0.36, 0.18, 0.16, 0.09, 0.19], [1])",-0.64,-0.0,-0.0,-0.0,-0.0,-0.0,-0.64,0.6348996546909951,-0.19429412974691596,0.4271719918504129
17,"([1, 0, 0, 0, 0, 0], [0])","([0.01, 0.36, 0.18, 0.16, 0.09, 0.19], [2])",-0.64,-0.0,-0.0,-0.0,-0.0,-0.0,-0.64,0.6348996546909951,-0.18919378443791102,0.4271719918504129
18,"([1, 0, 0, 0, 0, 0], [0])","([0.01, 0.36, 0.18, 0.16, 0.09, 0.19], [1])",-0.64,-0.0,-0.0,-0.0,-0.0,-0.0,-0.64,0.6348996546909951,-0.18409343912890608,0.4271719918504129
19,"([1, 0, 0, 0, 0, 0], [0])","([0.01, 0.36, 0.18, 0.16, 0.09, 0.19], [1])",-0.64,-0.0,-0.0,-0.0,-0.0,-0.0,-0.64,0.6348996546909951,-0.17899309381990114,0.4271719918504129
20,"([1, 0, 0, 0, 0, 0], [0])","([0.01, 0.36, 0.18, 0.16, 0.09, 0.19], [1])",-0.64,-0.0,-0.0,-0.0,-0.0,-0.0,-0.64,0.6348996546909951,-0.1738927485108962,0.4271719918504129
21,"([1, 0, 0, 0, 0, 0], [0])","([0.01, 0.36, 0.18, 0.16, 0.09, 0.19], [1])",-0.64,-0.0,-0.0,-0.0,-0.0,-0.0,-0.64,0.6348996546909951,-0.16879240320189126,0.4271719918504129
22,"([1, 0, 0, 0, 0, 0], [0])","([0.01, 0.36, 0.18, 0.16, 0.09, 0.19], [1])",-0.64,-0.0,-0.0,-0.0,-0.0,-0.0,-0.64,0.6348996546909951,-0.16369205789288632,0.4271719918504129
23,"([1, 0, 0, 0, 0, 0], [0])","([0.01, 0.36, 0.18, 0.16, 0.09, 0.19], [4])",-0.64,-0.0,-0.0,-0.0,-0.0,-0.0,-0.64,0.6348996546909951,-0.15859171258388138,0.4271719918504129
24,"([1, 0, 0, 0, 0, 0], [0])","([0.01, 0.36, 0.18, 0.16, 0.09, 0.19], [5])",-0.64,-0.0,-0.0,-0.0,-0.0,-0.0,-0.64,0.6348996546909951,-0.15349136727487644,0.4271719918504129
25,"([1, 0, 0, 0, 0, 0], [0])","([0.01, 0.36, 0.18, 0.16, 0.09, 0.19], [1])",-0.64,-0.0,-0.0,-0.0,-0.0,-0.0,-0.64,0.6348996546909951,-0.1483910219658715,0.4271719918504129
26,"([1, 0, 0, 0, 0, 0], [0])","([0.01, 0.36, 0.18, 0.16, 0.09, 0.19], [2])",-0.64,-0.0,-0.0,-0.0,-0.0,-0.0,-0.64,0.6348996546909951,-0.14329067665686657,0.4271719918504129
27,"([1, 0, 0, 0, 0, 0], [0])","([0.01, 0.36, 0.18, 0.16, 0.09, 0.19], [4])",-0.64,-0.0,-0.0,-0.0,-0.0,-0.0,-0.64,0.6348996546909951,-0.13819033134786163,0.4271719918504129
28,"([1, 0, 0, 0, 0, 0], [0])","([0.01, 0.36, 0.18, 0.16, 0.09, 0.19], [1])",-0.64,-0.0,-0.0,-0.0,-0.0,-0.0,-0.64,0.6348996546909951,-0.1330899860388567,0.4271719918504129
29,"([1, 0, 0, 0, 0, 0], [0])","([0.01, 0.36, 0.18, 0.16, 0.09, 0.19], [5])",-0.64,-0.0,-0.0,-0.0,-0.0,-0.0,-0.64,0.6348996546909951,-0.12798964072985175,0.4271719918504129
30,"([1, 0, 0, 0, 0, 0], [0])","([0.01, 0.36, 0.18, 0.16, 0.09, 0.19], [3])",-0.64,-0.0,-0.0,-0.0,-0.0,-0.0,-0.64,0.6348996546909951,-0.12288929542084681,0.4271719918504129
31,"([1, 0, 0, 0, 0, 0], [0])","([0.01, 0.36, 0.18, 0.16, 0.09, 0.19], [1])",-0.64,-0.0,-0.0,-0.0,-0.0,-0.0,-0.64,0.6348996546909951,-0.11778895011184187,0.4271719918504129
32,"([1, 0, 0, 0, 0, 0], [0])","([0.01, 0.36, 0.18, 0.16, 0.09, 0.19], [2])",-0.64,-0.0,-0.0,-0.0,-0.0,-0.0,-0.64,0.6348996546909951,-0.11268860480283693,0.4271719918504129
33,"([1, 0, 0, 0, 0, 0], [0])","([0.01, 0.36, 0.18, 0.16, 0.09, 0.19], [2])",-0.64,-0.0,-0.0,-0.0,-0.0,-0.0,-0.64,0.6348996546909951,-0.107588259493832,0.4271719918504129
34,"([1, 0, 0, 0, 0, 0], [0])","([0.01, 0.36, 0.18, 0.16, 0.09, 0.19], [1])",-0.64,-0.0,-0.0,-0.0,-0.0,-0.0,-0.64,0.6348996546909951,-0.10248791418482706,0.4271719918504129
35,"([1, 0, 0, 0, 0, 0], [0])","([0.01, 0.36, 0.18, 0.16, 0.09, 0.19], [5])",-0.64,-0.0,-0.0,-0.0,-0.0,-0.0,-0.64,0.6348996546909951,-0.09738756887582212,0.4271719918504129
36,"([1, 0, 0, 0, 0, 0], [0])","([0.01, 0.36, 0.18, 0.16, 0.09, 0.19], [5])",-0.64,-0.0,-0.0,-0.0,-0.0,-0.0,-0.64,0.6348996546909951,-0.09228722356681718,0.4271719918504129
37,"([1, 0, 0, 0, 0, 0], [0])","([0.01, 0.36, 0.18, 0.16, 0.09, 0.19], [1])",-0.64,-0.0,-0.0,-0.0,-0.0,-0.0,-0.64,0.6348996546909951,-0.08718687825781224,0.4271719918504129
38,"([1, 0, 0, 0, 0, 0], [0])","([0.01, 0.36, 0.18, 0.16, 0.09, 0.19], [1])",-0.64,-0.0,-0.0,-0.0,-0.0,-0.0,-0.64,0.6348996546909951,-0.0820865329488073,0.4271719918504129
39,"([1, 0, 0, 0, 0, 0], [0])","([0.01, 0.36, 0.18, 0.16, 0.09, 0.19], [2])",-0.64,-0.0,-0.0,-0.0,-0.0,-0.0,-0.64,0.6348996546909951,-0.07698618763980236,0.4271719918504129
40,"([1, 0, 0, 0, 0, 0], [0])","([0.01, 0.36, 0.18, 0.16, 0.09, 0.19], [5])",-0.64,-0.0,-0.0,-0.0,-0.0,-0.0,-0.64,0.6348996546909951,-0.07188584233079742,0.4271719918504129
41,"([1, 0, 0, 0, 0, 0], [0])","([0.01, 0.36, 0.18, 0.16, 0.09, 0.19], [3])",-0.64,-0.0,-0.0,-0.0,-0.0,-0.0,-0.64,0.6348996546909951,-0.06678549702179248,0.4271719918504129
42,"([1, 0, 0, 0, 0, 0], [0])","([0.01, 0.36, 0.18, 0.16, 0.09, 0.19], [2])",-0.64,-0.0,-0.0,-0.0,-0.0,-0.0,-0.64,0.6348996546909951,-0.061685151712787545,0.4271719918504129
43,"([1, 0, 0, 0, 0, 0], [0])","([0.01, 0.36, 0.18, 0.16, 0.09, 0.19], [1])",-0.64,-0.0,-0.0,-0.0,-0.0,-0.0,-0.64,0.6348996546909951,-0.056584806403782606,0.4271719918504129
44,"([1, 0, 0, 0, 0, 0], [0])","([0.01, 0.36, 0.18, 0.16, 0.09, 0.19], [3])",-0.64,-0.0,-0.0,-0.0,-0.0,-0.0,-0.64,0.6348996546909951,-0.05148446109477767,0.4271719918504129
45,"([1, 0, 0, 0, 0, 0], [0])","([0.01, 0.36, 0.18, 0.16, 0.09, 0.19], [5])",-0.64,-0.0,-0.0,-0.0,-0.0,-0.0,-0.64,0.6348996546909951,-0.04638411578577273,0.4271719918504129
46,"([1, 0, 0, 0, 0, 0], [0])","([0.01, 0.36, 0.18, 0.16, 0.09, 0.19], [2])",-0.64,-0.0,-0.0,-0.0,-0.0,-0.0,-0.64,0.6348996546909951,-0.04128377047676779,0.4271719918504129
47,"([1, 0, 0, 0, 0, 0], [0])","([0.01, 0.36, 0.18, 0.16, 0.09, 0.19], [2])",-0.64,-0.0,-0.0,-0.0,-0.0,-0.0,-0.64,0.6348996546909951,-0.03618342516776285,0.4271719918504129
48,"([1, 0, 0, 0, 0, 0], [0])","([0.01, 0.36, 0.18, 0.16, 0.09, 0.19], [4])",-0.64,-0.0,-0.0,-0.0,-0.0,-0.0,-0.64,0.6348996546909951,-0.03108307985875791,0.4271719918504129
49,"([1, 0, 0, 0, 0, 0], [0])","([0.01, 0.36, 0.18, 0.16, 0.09, 0.19], [4])",-0.64,-0.0,-0.0,-0.0,-0.0,-0.0,-0.64,0.6348996546909951,-0.025982734549752973,0.4271719918504129
50,"([1, 0, 0, 0, 0, 0], [0])","([0.01, 0.36, 0.18, 0.16, 0.09, 0.19], [1])",-0.64,-0.0,-0.0,-0.0,-0.0,-0.0,-0.64,0.6348996546909951,-0.020882389240748034,0.4271719918504129
51,"([1, 0, 0, 0, 0, 0], [0])","([0.01, 0.36, 0.18, 0.16, 0.09, 0.19], [5])",-0.64,-0.0,-0.0,-0.0,-0.0,-0.0,-0.64,0.6348996546909951,-0.015782043931743095,0.4271719918504129
52,"([1, 0, 0, 0, 0, 0], [0])","([0.01, 0.36, 0.18, 0.16, 0.09, 0.19], [1])",-0.64,-0.0,-0.0,-0.0,-0.0,-0.0,-0.64,0.6348996546909951,-0.010681698622738156,0.4271719918504129
53,"([1, 0, 0, 0, 0, 0], [0])","([0.01, 0.36, 0.18, 0.16, 0.09, 0.19], [5])",-0.64,-0.0,-0.0,-0.0,-0.0,-0.0,-0.64,0.6348996546909951,-0.005581353313733217,0.4271719918504129
54,"([1, 0, 0, 0, 0, 0], [0])","([0.01, 0.36, 0.18, 0.16, 0.09, 0.19], [3])",-0.64,-0.0,-0.0,-0.0,-0.0,-0.0,-0.64,0.6348996546909951,-0.0004810080047282783,0.4271719918504129
55,"([1, 0, 0, 0, 0, 0], [0])","([0.01, 0.36, 0.18, 0.16, 0.09, 0.19], [4])",-0.64,-0.0,-0.0,-0.0,-0.0,-0.0,-0.64,0.6348996546909951,0.0046193373042766606,0.4271719918504129
56,"([1, 0, 0, 0, 0, 0], [0])","([0.01, 0.36, 0.18, 0.16, 0.09, 0.19], [1])",-0.64,-0.0,-0.0,-0.0,-0.0,-0.0,-0.64,0.6348996546909951,0.0097196826132816,0.4271719918504129
57,"([1, 0, 0, 0, 0, 0], [0])","([0.01, 0.36, 0.18, 0.16, 0.09, 0.19], [1])",-0.64,-0.0,-0.0,-0.0,-0.0,-0.0,-0.64,0.6348996546909951,0.014820027922286538,0.4271719918504129
58,"([1, 0, 0, 0, 0, 0], [0])","([0.01, 0.36, 0.18, 0.16, 0.09, 0.19], [1])",-0.64,-0.0,-0.0,-0.0,-0.0,-0.0,-0.64,0.6348996546909951,0.019920373231291477,0.4271719918504129
59,"([1, 0, 0, 0, 0, 0], [0])","([0.01, 0.36, 0.18, 0.16, 0.09, 0.19], [5])",-0.64,-0.0,-0.0,-0.0,-0.0,-0.0,-0.64,0.6348996546909951,0.025020718540296416,0.4271719918504129
60,"([1, 0, 0, 0, 0, 0], [0])","([0.01, 0.36, 0.18, 0.16, 0.09, 0.19], [2])",-0.64,-0.0,-0.0,-0.0,-0.0,-0.0,-0.64,0.6348996546909951,0.030121063849301355,0.4271719918504129
61,"([1, 0, 0, 0, 0, 0], [0])","([0.01, 0.36, 0.18, 0.16, 0.09, 0.19], [1])",-0.64,-0.0,-0.0,-0.0,-0.0,-0.0,-0.64,0.6348996546909951,0.035221409158306294,0.4271719918504129
62,"([1, 0, 0, 0, 0, 0], [0])","([0.01, 0.36, 0.18, 0.16, 0.09, 0.19], [1])",-0.64,-0.0,-0.0,-0.0,-0.0,-0.0,-0.64,0.6348996546909951,0.04032175446731123,0.4271719918504129
63,"([1, 0, 0, 0, 0, 0], [0])","([0.01, 0.36, 0.18, 0.16, 0.09, 0.19], [1])",-0.64,-0.0,-0.0,-0.0,-0.0,-0.0,-0.64,0.6348996546909951,0.04542209977631617,0.4271719918504129
64,"([1, 0, 0, 0, 0, 0], [0])","([0.01, 0.36, 0.18, 0.16, 0.09, 0.19], [2])",-0.64,-0.0,-0.0,-0.0,-0.0,-0.0,-0.64,0.6348996546909951,0.05052244508532111,0.4271719918504129
65,"([1, 0, 0, 0, 0, 0], [0])","([0.01, 0.36, 0.18, 0.16, 0.09, 0.19], [1])",-0.64,-0.0,-0.0,-0.0,-0.0,-0.0,-0.64,0.6348996546909951,0.05562279039432605,0.4271719918504129
66,"([1, 0, 0, 0, 0, 0], [0])","([0.01, 0.36, 0.18, 0.16, 0.09, 0.19], [5])",-0.64,-0.0,-0.0,-0.0,-0.0,-0.0,-0.64,0.6348996546909951,0.06072313570333099,0.4271719918504129
67,"([1, 0, 0, 0, 0, 0], [0])","([0.01, 0.36, 0.18, 0.16, 0.09, 0.19], [2])",-0.64,-0.0,-0.0,-0.0,-0.0,-0.0,-0.64,0.6348996546909951,0.06582348101233593,0.4271719918504129
68,"([1, 0, 0, 0, 0, 0], [0])","([0.01, 0.36, 0.18, 0.16, 0.09, 0.19], [3])",-0.64,-0.0,-0.0,-0.0,-0.0,-0.0,-0.64,0.6348996546909951,0.07092382632134087,0.4271719918504129
69,"([1, 0, 0, 0, 0, 0], [0])","([0.01, 0.36, 0.18, 0.16, 0.09, 0.19], [3])",-0.64,-0.0,-0.0,-0.0,-0.0,-0.0,-0.64,0.6348996546909951,0.0760241716303458,0.4271719918504129
70,"([1, 0, 0, 0, 0, 0], [0])","([0.01, 0.36, 0.18, 0.16, 0.09, 0.19], [1])",-0.64,-0.0,-0.0,-0.0,-0.0,-0.0,-0.64,0.6348996546909951,0.08112451693935074,0.4271719918504129
71,"([1, 0, 0, 0, 0, 0], [0])","([0.01, 0.36, 0.18, 0.16, 0.09, 0.19], [5])",-0.64,-0.0,-0.0,-0.0,-0.0,-0.0,-0.64,0.6348996546909951,0.08622486224835568,0.4271719918504129
72,"([1, 0, 0, 0, 0, 0], [0])","([0.01, 0.36, 0.18, 0.16, 0.09, 0.19], [1])",-0.64,-0.0,-0.0,-0.0,-0.0,-0.0,-0.64,0.6348996546909951,0.09132520755736062,0.4271719918504129
73,"([1, 0, 0, 0, 0, 0], [0])","([0.01, 0.36, 0.18, 0.16, 0.09, 0.19], [1])",-0.64,-0.0,-0.0,-0.0,-0.0,-0.0,-0.64,0.6348996546909951,0.09642555286636556,0.4271719918504129
74,"([1, 0, 0, 0, 0, 0], [0])","([0.01, 0.36, 0.18, 0.16, 0.09, 0.19], [3])",-0.64,-0.0,-0.0,-0.0,-0.0,-0.0,-0.64,0.6348996546909951,0.1015258981753705,0.4271719918504129
75,"([1, 0, 0, 0, 0, 0], [0])","([0.01, 0.36, 0.18, 0.16, 0.09, 0.19], [3])",-0.64,-0.0,-0.0,-0.0,-0.0,-0.0,-0.64,0.6348996546909951,0.10662624348437544,0.4271719918504129
76,"([1, 0, 0, 0, 0, 0], [0])","([0.01, 0.36, 0.18, 0.16, 0.09, 0.19], [1])",-0.64,-0.0,-0.0,-0.0,-0.0,-0.0,-0.64,0.6348996546909951,0.11172658879338038,0.4271719918504129
77,"([1, 0, 0, 0, 0, 0], [0])","([0.01, 0.36, 0.18, 0.16, 0.09, 0.19], [0])",-0.0,-0.0,-0.0,-0.0,-0.0,-0.0,0.0,0.6348996546909951,-0.5231730658976147,0.4271719918504129
78,"([1, 0, 0, 0, 0, 0], [0])","([0.01, 0.36, 0.18, 0.16, 0.09, 0.19], [1])",-0.64,-0.0,-0.0,-0.0,-0.0,-0.0,-0.64,0.6348996546909951,-0.5180727205886098,0.4271719918504129
79,"([1, 0, 0, 0, 0, 0], [0])","([0.01, 0.36, 0.18, 0.16, 0.09, 0.19], [5])",-0.64,-0.0,-0.0,-0.0,-0.0,-0.0,-0.64,0.6348996546909951,-0.5129723752796048,0.4271719918504129
80,"([1, 0, 0, 0, 0, 0], [0])","([0.01, 0.36, 0.18, 0.16, 0.09, 0.19], [3])",-0.64,-0.0,-0.0,-0.0,-0.0,-0.0,-0.64,0.6348996546909951,-0.5078720299705999,0.4271719918504129
81,"([1, 0, 0, 0, 0, 0], [0])","([0.01, 0.36, 0.18, 0.16, 0.09, 0.19], [4])",-0.64,-0.0,-0.0,-0.0,-0.0,-0.0,-0.64,0.6348996546909951,-0.5027716846615949,0.4271719918504129
82,"([1, 0, 0, 0, 0, 0], [0])","([0.01, 0.36, 0.18, 0.16, 0.09, 0.19], [4])",-0.64,-0.0,-0.0,-0.0,-0.0,-0.0,-0.64,0.6348996546909951,-0.49767133935259,0.4271719918504129
83,"([1, 0, 0, 0, 0, 0], [0])","([0.01, 0.36, 0.18, 0.16, 0.09, 0.19], [4])",-0.64,-0.0,-0.0,-0.0,-0.0,-0.0,-0.64,0.6348996546909951,-0.49257099404358506,0.4271719918504129
84,"([1, 0, 0, 0, 0, 0], [0])","([0.01, 0.36, 0.18, 0.16, 0.09, 0.19], [2])",-0.64,-0.0,-0.0,-0.0,-0.0,-0.0,-0.64,0.6348996546909951,-0.4874706487345801,0.4271719918504129
85,"([1, 0, 0, 0, 0, 0], [0])","([0.01, 0.36, 0.18, 0.16, 0.09, 0.19], [4])",-0.64,-0.0,-0.0,-0.0,-0.0,-0.0,-0.64,0.6348996546909951,-0.4823703034255752,0.4271719918504129
86,"([1, 0, 0, 0, 0, 0], [0])","([0.01, 0.36, 0.18, 0.16, 0.09, 0.19], [1])",-0.64,-0.0,-0.0,-0.0,-0.0,-0.0,-0.64,0.6348996546909951,-0.47726995811657025,0.4271719918504129
87,"([1, 0, 0, 0, 0, 0], [0])","([0.01, 0.36, 0.18, 0.16, 0.09, 0.19], [1])",-0.64,-0.0,-0.0,-0.0,-0.0,-0.0,-0.64,0.6348996546909951,-0.4721696128075653,0.4271719918504129
88,"([1, 0, 0, 0, 0, 0], [0])","([0.01, 0.36, 0.18, 0.16, 0.09, 0.19], [1])",-0.64,-0.0,-0.0,-0.0,-0.0,-0.0,-0.64,0.6348996546909951,-0.46706926749856037,0.4271719918504129
89,"([1, 0, 0, 0, 0, 0], [0])","([0.01, 0.36, 0.18, 0.16, 0.09, 0.19], [2])",-0.64,-0.0,-0.0,-0.0,-0.0,-0.0,-0.64,0.6348996546909951,-0.46196892218955543,0.4271719918504129
90,"([1, 0, 0, 0, 0, 0], [0])","([0.01, 0.36, 0.18, 0.16, 0.09, 0.19], [1])",-0.64,-0.0,-0.0,-0.0,-0.0,-0.0,-0.64,0.6348996546909951,-0.4568685768805505,0.4271719918504129
91,"([1, 0, 0, 0, 0, 0], [0])","([0.01, 0.36, 0.18, 0.16, 0.09, 0.19], [2])",-0.64,-0.0,-0.0,-0.0,-0.0,-0.0,-0.64,0.6348996546909951,-0.45176823157154555,0.4271719918504129
92,"([1, 0, 0, 0, 0, 0], [0])","([0.01, 0.36, 0.18, 0.16, 0.09, 0.19], [3])",-0.64,-0.0,-0.0,-0.0,-0.0,-0.0,-0.64,0.6348996546909951,-0.4466678862625406,0.4271719918504129
93,"([1, 0, 0, 0, 0, 0], [0])","([0.01, 0.36, 0.18, 0.16, 0.09, 0.19], [1])",-0.64,-0.0,-0.0,-0.0,-0.0,-0.0,-0.64,0.6348996546909951,-0.4415675409535357,0.4271719918504129
94,"([1, 0, 0, 0, 0, 0], [0])","([0.01, 0.36, 0.18, 0.16, 0.09, 0.19], [1])",-0.64,-0.0,-0.0,-0.0,-0.0,-0.0,-0.64,0.6348996546909951,-0.43646719564453074,0.4271719918504129
95,"([1, 0, 0, 0, 0, 0], [0])","([0.01, 0.36, 0.18, 0.16, 0.09, 0.19], [2])",-0.64,-0.0,-0.0,-0.0,-0.0,-0.0,-0.64,0.6348996546909951,-0.4313668503355258,0.4271719918504129
96,"([1, 0, 0, 0, 0, 0], [0])","([0.01, 0.36, 0.18, 0.16, 0.09, 0.19], [5])",-0.64,-0.0,-0.0,-0.0,-0.0,-0.0,-0.64,0.6348996546909951,-0.42626650502652086,0.4271719918504129
97,"([1, 0, 0, 0, 0, 0], [0])","([0.01, 0.36, 0.18, 0.16, 0.09, 0.19], [5])",-0.64,-0.0,-0.0,-0.0,-0.0,-0.0,-0.64,0.6348996546909951,-0.4211661597175159,0.4271719918504129
98,"([1, 0, 0, 0, 0, 0], [0])","([0.01, 0.36, 0.18, 0.16, 0.09, 0.19], [2])",-0.64,-0.0,-0.0,-0.0,-0.0,-0.0,-0.64,0.6348996546909951,-0.416065814408511,0.4271719918504129
99,"([1, 0, 0, 0, 0, 0], [0])","([0.01, 0.36, 0.18, 0.16, 0.09, 0.19], [1])",-0.64,-0.0,-0.0,-0.0,-0.0,-0.0,-0.64,0.6348996546909951,-0.41096546909950604,0.4271719918504129
