,sta-1,FB-0,feedback target 0,feedback target 1,feedback target 2,feedback target 3,feedback target 4,feedback target 5,total,exp_loss,actual_regret,exp_regret
0,"([0, 1, 0, 0, 0, 0], [1])","([0.08, 0.25, 0.18, 0.17, 0.14, 0.18], [1])",-0.0,-0.0,-0.0,-0.0,-0.0,-0.0,0.0,0.7520497627105545,-0.6348996546909951,0.11715010801955938
1,"([1, 0, 0, 0, 0, 0], [0])","([0.01, 0.36, 0.18, 0.16, 0.09, 0.19], [1])",-0.64,-0.0,-0.0,-0.0,-0.0,-0.0,-0.64,0.6348996546909951,-0.6297993093819901,0.11715010801955938
2,"([0, 1, 0, 0, 0, 0], [1])","([0.0, 0.0, 0.0, 1.0, 0.0, 0.0], [3])",-0.0,-0.9990000000000001,-0.0,-0.0,-0.0,-0.0,-0.9990000000000001,0.9990000000000001,-0.2656989640729851,0.4812504533285644
3,"([1, 0, 0, 0, 0, 0], [0])","([0.01, 0.36, 0.18, 0.16, 0.09, 0.19], [1])",-0.64,-0.0,-0.0,-0.0,-0.0,-0.0,-0.64,0.6348996546909951,-0.26059861876398016,0.4812504533285644
4,"([1, 0, 0, 0, 0, 0], [0])","([0.01, 0.36, 0.18, 0.16, 0.09, 0.19], [1])",-0.64,-0.0,-0.0,-0.0,-0.0,-0.0,-0.64,0.6348996546909951,-0.2554982734549752,0.4812504533285644
5,"([1, 0, 0, 0, 0, 0], [0])","([0.01, 0.36, 0.18, 0.16, 0.09, 0.19], [1])",-0.64,-0.0,-0.0,-0.0,-0.0,-0.0,-0.64,0.6348996546909951,-0.2503979281459703,0.4812504533285644
6,"([1, 0, 0, 0, 0, 0], [0])","([0.01, 0.36, 0.18, 0.16, 0.09, 0.19], [5])",-0.64,-0.0,-0.0,-0.0,-0.0,-0.0,-0.64,0.6348996546909951,-0.24529758283696534,0.4812504533285644
7,"([1, 0, 0, 0, 0, 0], [0])","([0.01, 0.36, 0.18, 0.16, 0.09, 0.19], [2])",-0.64,-0.0,-0.0,-0.0,-0.0,-0.0,-0.64,0.6348996546909951,-0.2401972375279604,0.4812504533285644
8,"([1, 0, 0, 0, 0, 0], [0])","([0.01, 0.36, 0.18, 0.16, 0.09, 0.19], [5])",-0.64,-0.0,-0.0,-0.0,-0.0,-0.0,-0.64,0.6348996546909951,-0.23509689221895547,0.4812504533285644
9,"([1, 0, 0, 0, 0, 0], [0])","([0.01, 0.36, 0.18, 0.16, 0.09, 0.19], [5])",-0.64,-0.0,-0.0,-0.0,-0.0,-0.0,-0.64,0.6348996546909951,-0.22999654690995053,0.4812504533285644
10,"([1, 0, 0, 0, 0, 0], [0])","([0.01, 0.36, 0.18, 0.16, 0.09, 0.19], [3])",-0.64,-0.0,-0.0,-0.0,-0.0,-0.0,-0.64,0.6348996546909951,-0.2248962016009456,0.4812504533285644
11,"([1, 0, 0, 0, 0, 0], [0])","([0.01, 0.36, 0.18, 0.16, 0.09, 0.19], [2])",-0.64,-0.0,-0.0,-0.0,-0.0,-0.0,-0.64,0.6348996546909951,-0.21979585629194065,0.4812504533285644
12,"([1, 0, 0, 0, 0, 0], [0])","([0.01, 0.36, 0.18, 0.16, 0.09, 0.19], [5])",-0.64,-0.0,-0.0,-0.0,-0.0,-0.0,-0.64,0.6348996546909951,-0.2146955109829357,0.4812504533285644
13,"([1, 0, 0, 0, 0, 0], [0])","([0.01, 0.36, 0.18, 0.16, 0.09, 0.19], [1])",-0.64,-0.0,-0.0,-0.0,-0.0,-0.0,-0.64,0.6348996546909951,-0.20959516567393077,0.4812504533285644
14,"([1, 0, 0, 0, 0, 0], [0])","([0.01, 0.36, 0.18, 0.16, 0.09, 0.19], [1])",-0.64,-0.0,-0.0,-0.0,-0.0,-0.0,-0.64,0.6348996546909951,-0.20449482036492583,0.4812504533285644
15,"([1, 0, 0, 0, 0, 0], [0])","([0.01, 0.36, 0.18, 0.16, 0.09, 0.19], [5])",-0.64,-0.0,-0.0,-0.0,-0.0,-0.0,-0.64,0.6348996546909951,-0.1993944750559209,0.4812504533285644
16,"([1, 0, 0, 0, 0, 0], [0])","([0.01, 0.36, 0.18, 0.16, 0.09, 0.19], [1])",-0.64,-0.0,-0.0,-0.0,-0.0,-0.0,-0.64,0.6348996546909951,-0.19429412974691596,0.4812504533285644
17,"([1, 0, 0, 0, 0, 0], [0])","([0.01, 0.36, 0.18, 0.16, 0.09, 0.19], [5])",-0.64,-0.0,-0.0,-0.0,-0.0,-0.0,-0.64,0.6348996546909951,-0.18919378443791102,0.4812504533285644
18,"([1, 0, 0, 0, 0, 0], [0])","([0.01, 0.36, 0.18, 0.16, 0.09, 0.19], [5])",-0.64,-0.0,-0.0,-0.0,-0.0,-0.0,-0.64,0.6348996546909951,-0.18409343912890608,0.4812504533285644
19,"([1, 0, 0, 0, 0, 0], [0])","([0.01, 0.36, 0.18, 0.16, 0.09, 0.19], [5])",-0.64,-0.0,-0.0,-0.0,-0.0,-0.0,-0.64,0.6348996546909951,-0.17899309381990114,0.4812504533285644
20,"([1, 0, 0, 0, 0, 0], [0])","([0.01, 0.36, 0.18, 0.16, 0.09, 0.19], [1])",-0.64,-0.0,-0.0,-0.0,-0.0,-0.0,-0.64,0.6348996546909951,-0.1738927485108962,0.4812504533285644
21,"([1, 0, 0, 0, 0, 0], [0])","([0.01, 0.36, 0.18, 0.16, 0.09, 0.19], [5])",-0.64,-0.0,-0.0,-0.0,-0.0,-0.0,-0.64,0.6348996546909951,-0.16879240320189126,0.4812504533285644
22,"([1, 0, 0, 0, 0, 0], [0])","([0.01, 0.36, 0.18, 0.16, 0.09, 0.19], [1])",-0.64,-0.0,-0.0,-0.0,-0.0,-0.0,-0.64,0.6348996546909951,-0.16369205789288632,0.4812504533285644
23,"([1, 0, 0, 0, 0, 0], [0])","([0.01, 0.36, 0.18, 0.16, 0.09, 0.19], [1])",-0.64,-0.0,-0.0,-0.0,-0.0,-0.0,-0.64,0.6348996546909951,-0.15859171258388138,0.4812504533285644
24,"([1, 0, 0, 0, 0, 0], [0])","([0.01, 0.36, 0.18, 0.16, 0.09, 0.19], [2])",-0.64,-0.0,-0.0,-0.0,-0.0,-0.0,-0.64,0.6348996546909951,-0.15349136727487644,0.4812504533285644
25,"([1, 0, 0, 0, 0, 0], [0])","([0.01, 0.36, 0.18, 0.16, 0.09, 0.19], [5])",-0.64,-0.0,-0.0,-0.0,-0.0,-0.0,-0.64,0.6348996546909951,-0.1483910219658715,0.4812504533285644
26,"([1, 0, 0, 0, 0, 0], [0])","([0.01, 0.36, 0.18, 0.16, 0.09, 0.19], [1])",-0.64,-0.0,-0.0,-0.0,-0.0,-0.0,-0.64,0.6348996546909951,-0.14329067665686657,0.4812504533285644
27,"([1, 0, 0, 0, 0, 0], [0])","([0.01, 0.36, 0.18, 0.16, 0.09, 0.19], [1])",-0.64,-0.0,-0.0,-0.0,-0.0,-0.0,-0.64,0.6348996546909951,-0.13819033134786163,0.4812504533285644
28,"([1, 0, 0, 0, 0, 0], [0])","([0.01, 0.36, 0.18, 0.16, 0.09, 0.19], [5])",-0.64,-0.0,-0.0,-0.0,-0.0,-0.0,-0.64,0.6348996546909951,-0.1330899860388567,0.4812504533285644
29,"([1, 0, 0, 0, 0, 0], [0])","([0.01, 0.36, 0.18, 0.16, 0.09, 0.19], [5])",-0.64,-0.0,-0.0,-0.0,-0.0,-0.0,-0.64,0.6348996546909951,-0.12798964072985175,0.4812504533285644
30,"([1, 0, 0, 0, 0, 0], [0])","([0.01, 0.36, 0.18, 0.16, 0.09, 0.19], [5])",-0.64,-0.0,-0.0,-0.0,-0.0,-0.0,-0.64,0.6348996546909951,-0.12288929542084681,0.4812504533285644
31,"([1, 0, 0, 0, 0, 0], [0])","([0.01, 0.36, 0.18, 0.16, 0.09, 0.19], [5])",-0.64,-0.0,-0.0,-0.0,-0.0,-0.0,-0.64,0.6348996546909951,-0.11778895011184187,0.4812504533285644
32,"([1, 0, 0, 0, 0, 0], [0])","([0.01, 0.36, 0.18, 0.16, 0.09, 0.19], [1])",-0.64,-0.0,-0.0,-0.0,-0.0,-0.0,-0.64,0.6348996546909951,-0.11268860480283693,0.4812504533285644
33,"([1, 0, 0, 0, 0, 0], [0])","([0.01, 0.36, 0.18, 0.16, 0.09, 0.19], [1])",-0.64,-0.0,-0.0,-0.0,-0.0,-0.0,-0.64,0.6348996546909951,-0.107588259493832,0.4812504533285644
34,"([1, 0, 0, 0, 0, 0], [0])","([0.01, 0.36, 0.18, 0.16, 0.09, 0.19], [1])",-0.64,-0.0,-0.0,-0.0,-0.0,-0.0,-0.64,0.6348996546909951,-0.10248791418482706,0.4812504533285644
35,"([1, 0, 0, 0, 0, 0], [0])","([0.01, 0.36, 0.18, 0.16, 0.09, 0.19], [4])",-0.64,-0.0,-0.0,-0.0,-0.0,-0.0,-0.64,0.6348996546909951,-0.09738756887582212,0.4812504533285644
36,"([1, 0, 0, 0, 0, 0], [0])","([0.01, 0.36, 0.18, 0.16, 0.09, 0.19], [5])",-0.64,-0.0,-0.0,-0.0,-0.0,-0.0,-0.64,0.6348996546909951,-0.09228722356681718,0.4812504533285644
37,"([1, 0, 0, 0, 0, 0], [0])","([0.01, 0.36, 0.18, 0.16, 0.09, 0.19], [5])",-0.64,-0.0,-0.0,-0.0,-0.0,-0.0,-0.64,0.6348996546909951,-0.08718687825781224,0.4812504533285644
38,"([1, 0, 0, 0, 0, 0], [0])","([0.01, 0.36, 0.18, 0.16, 0.09, 0.19], [5])",-0.64,-0.0,-0.0,-0.0,-0.0,-0.0,-0.64,0.6348996546909951,-0.0820865329488073,0.4812504533285644
39,"([1, 0, 0, 0, 0, 0], [0])","([0.01, 0.36, 0.18, 0.16, 0.09, 0.19], [1])",-0.64,-0.0,-0.0,-0.0,-0.0,-0.0,-0.64,0.6348996546909951,-0.07698618763980236,0.4812504533285644
40,"([1, 0, 0, 0, 0, 0], [0])","([0.01, 0.36, 0.18, 0.16, 0.09, 0.19], [1])",-0.64,-0.0,-0.0,-0.0,-0.0,-0.0,-0.64,0.6348996546909951,-0.07188584233079742,0.4812504533285644
41,"([1, 0, 0, 0, 0, 0], [0])","([0.01, 0.36, 0.18, 0.16, 0.09, 0.19], [4])",-0.64,-0.0,-0.0,-0.0,-0.0,-0.0,-0.64,0.6348996546909951,-0.06678549702179248,0.4812504533285644
42,"([1, 0, 0, 0, 0, 0], [0])","([0.01, 0.36, 0.18, 0.16, 0.09, 0.19], [5])",-0.64,-0.0,-0.0,-0.0,-0.0,-0.0,-0.64,0.6348996546909951,-0.061685151712787545,0.4812504533285644
43,"([1, 0, 0, 0, 0, 0], [0])","([0.01, 0.36, 0.18, 0.16, 0.09, 0.19], [1])",-0.64,-0.0,-0.0,-0.0,-0.0,-0.0,-0.64,0.6348996546909951,-0.056584806403782606,0.4812504533285644
44,"([1, 0, 0, 0, 0, 0], [0])","([0.01, 0.36, 0.18, 0.16, 0.09, 0.19], [5])",-0.64,-0.0,-0.0,-0.0,-0.0,-0.0,-0.64,0.6348996546909951,-0.05148446109477767,0.4812504533285644
45,"([1, 0, 0, 0, 0, 0], [0])","([0.01, 0.36, 0.18, 0.16, 0.09, 0.19], [2])",-0.64,-0.0,-0.0,-0.0,-0.0,-0.0,-0.64,0.6348996546909951,-0.04638411578577273,0.4812504533285644
46,"([1, 0, 0, 0, 0, 0], [0])","([0.01, 0.36, 0.18, 0.16, 0.09, 0.19], [4])",-0.64,-0.0,-0.0,-0.0,-0.0,-0.0,-0.64,0.6348996546909951,-0.04128377047676779,0.4812504533285644
47,"([1, 0, 0, 0, 0, 0], [0])","([0.01, 0.36, 0.18, 0.16, 0.09, 0.19], [2])",-0.64,-0.0,-0.0,-0.0,-0.0,-0.0,-0.64,0.6348996546909951,-0.03618342516776285,0.4812504533285644
48,"([1, 0, 0, 0, 0, 0], [0])","([0.01, 0.36, 0.18, 0.16, 0.09, 0.19], [3])",-0.64,-0.0,-0.0,-0.0,-0.0,-0.0,-0.64,0.6348996546909951,-0.03108307985875791,0.4812504533285644
49,"([1, 0, 0, 0, 0, 0], [0])","([0.01, 0.36, 0.18, 0.16, 0.09, 0.19], [2])",-0.64,-0.0,-0.0,-0.0,-0.0,-0.0,-0.64,0.6348996546909951,-0.025982734549752973,0.4812504533285644
50,"([1, 0, 0, 0, 0, 0], [0])","([0.01, 0.36, 0.18, 0.16, 0.09, 0.19], [5])",-0.64,-0.0,-0.0,-0.0,-0.0,-0.0,-0.64,0.6348996546909951,-0.020882389240748034,0.4812504533285644
51,"([1, 0, 0, 0, 0, 0], [0])","([0.01, 0.36, 0.18, 0.16, 0.09, 0.19], [5])",-0.64,-0.0,-0.0,-0.0,-0.0,-0.0,-0.64,0.6348996546909951,-0.015782043931743095,0.4812504533285644
52,"([1, 0, 0, 0, 0, 0], [0])","([0.01, 0.36, 0.18, 0.16, 0.09, 0.19], [0])",-0.0,-0.0,-0.0,-0.0,-0.0,-0.0,0.0,0.6348996546909951,-0.6506816986227382,0.4812504533285644
53,"([1, 0, 0, 0, 0, 0], [0])","([0.01, 0.36, 0.18, 0.16, 0.09, 0.19], [1])",-0.64,-0.0,-0.0,-0.0,-0.0,-0.0,-0.64,0.6348996546909951,-0.6455813533137332,0.4812504533285644
54,"([1, 0, 0, 0, 0, 0], [0])","([0.01, 0.36, 0.18, 0.16, 0.09, 0.19], [2])",-0.64,-0.0,-0.0,-0.0,-0.0,-0.0,-0.64,0.6348996546909951,-0.6404810080047283,0.4812504533285644
55,"([1, 0, 0, 0, 0, 0], [0])","([0.01, 0.36, 0.18, 0.16, 0.09, 0.19], [5])",-0.64,-0.0,-0.0,-0.0,-0.0,-0.0,-0.64,0.6348996546909951,-0.6353806626957234,0.4812504533285644
56,"([1, 0, 0, 0, 0, 0], [0])","([0.01, 0.36, 0.18, 0.16, 0.09, 0.19], [0])",-0.0,-0.0,-0.0,-0.0,-0.0,-0.0,0.0,0.6348996546909951,-1.2702803173867183,0.4812504533285644
57,"([1, 0, 0, 0, 0, 0], [0])","([0.01, 0.36, 0.18, 0.16, 0.09, 0.19], [4])",-0.64,-0.0,-0.0,-0.0,-0.0,-0.0,-0.64,0.6348996546909951,-1.2651799720777133,0.4812504533285644
58,"([1, 0, 0, 0, 0, 0], [0])","([0.01, 0.36, 0.18, 0.16, 0.09, 0.19], [1])",-0.64,-0.0,-0.0,-0.0,-0.0,-0.0,-0.64,0.6348996546909951,-1.2600796267687082,0.4812504533285644
59,"([1, 0, 0, 0, 0, 0], [0])","([0.01, 0.36, 0.18, 0.16, 0.09, 0.19], [2])",-0.64,-0.0,-0.0,-0.0,-0.0,-0.0,-0.64,0.6348996546909951,-1.2549792814597032,0.4812504533285644
60,"([1, 0, 0, 0, 0, 0], [0])","([0.01, 0.36, 0.18, 0.16, 0.09, 0.19], [3])",-0.64,-0.0,-0.0,-0.0,-0.0,-0.0,-0.64,0.6348996546909951,-1.2498789361506981,0.4812504533285644
61,"([1, 0, 0, 0, 0, 0], [0])","([0.01, 0.36, 0.18, 0.16, 0.09, 0.19], [5])",-0.64,-0.0,-0.0,-0.0,-0.0,-0.0,-0.64,0.6348996546909951,-1.244778590841693,0.4812504533285644
62,"([1, 0, 0, 0, 0, 0], [0])","([0.01, 0.36, 0.18, 0.16, 0.09, 0.19], [4])",-0.64,-0.0,-0.0,-0.0,-0.0,-0.0,-0.64,0.6348996546909951,-1.239678245532688,0.4812504533285644
63,"([1, 0, 0, 0, 0, 0], [0])","([0.01, 0.36, 0.18, 0.16, 0.09, 0.19], [3])",-0.64,-0.0,-0.0,-0.0,-0.0,-0.0,-0.64,0.6348996546909951,-1.234577900223683,0.4812504533285644
64,"([1, 0, 0, 0, 0, 0], [0])","([0.01, 0.36, 0.18, 0.16, 0.09, 0.19], [2])",-0.64,-0.0,-0.0,-0.0,-0.0,-0.0,-0.64,0.6348996546909951,-1.229477554914678,0.4812504533285644
65,"([1, 0, 0, 0, 0, 0], [0])","([0.01, 0.36, 0.18, 0.16, 0.09, 0.19], [5])",-0.64,-0.0,-0.0,-0.0,-0.0,-0.0,-0.64,0.6348996546909951,-1.2243772096056729,0.4812504533285644
66,"([1, 0, 0, 0, 0, 0], [0])","([0.01, 0.36, 0.18, 0.16, 0.09, 0.19], [2])",-0.64,-0.0,-0.0,-0.0,-0.0,-0.0,-0.64,0.6348996546909951,-1.2192768642966678,0.4812504533285644
67,"([1, 0, 0, 0, 0, 0], [0])","([0.01, 0.36, 0.18, 0.16, 0.09, 0.19], [1])",-0.64,-0.0,-0.0,-0.0,-0.0,-0.0,-0.64,0.6348996546909951,-1.2141765189876628,0.4812504533285644
68,"([1, 0, 0, 0, 0, 0], [0])","([0.01, 0.36, 0.18, 0.16, 0.09, 0.19], [3])",-0.64,-0.0,-0.0,-0.0,-0.0,-0.0,-0.64,0.6348996546909951,-1.2090761736786577,0.4812504533285644
69,"([1, 0, 0, 0, 0, 0], [0])","([0.01, 0.36, 0.18, 0.16, 0.09, 0.19], [5])",-0.64,-0.0,-0.0,-0.0,-0.0,-0.0,-0.64,0.6348996546909951,-1.2039758283696527,0.4812504533285644
70,"([1, 0, 0, 0, 0, 0], [0])","([0.01, 0.36, 0.18, 0.16, 0.09, 0.19], [3])",-0.64,-0.0,-0.0,-0.0,-0.0,-0.0,-0.64,0.6348996546909951,-1.1988754830606476,0.4812504533285644
71,"([1, 0, 0, 0, 0, 0], [0])","([0.01, 0.36, 0.18, 0.16, 0.09, 0.19], [5])",-0.64,-0.0,-0.0,-0.0,-0.0,-0.0,-0.64,0.6348996546909951,-1.1937751377516426,0.4812504533285644
72,"([1, 0, 0, 0, 0, 0], [0])","([0.01, 0.36, 0.18, 0.16, 0.09, 0.19], [3])",-0.64,-0.0,-0.0,-0.0,-0.0,-0.0,-0.64,0.6348996546909951,-1.1886747924426375,0.4812504533285644
73,"([1, 0, 0, 0, 0, 0], [0])","([0.01, 0.36, 0.18, 0.16, 0.09, 0.19], [1])",-0.64,-0.0,-0.0,-0.0,-0.0,-0.0,-0.64,0.6348996546909951,-1.1835744471336325,0.4812504533285644
74,"([1, 0, 0, 0, 0, 0], [0])","([0.01, 0.36, 0.18, 0.16, 0.09, 0.19], [2])",-0.64,-0.0,-0.0,-0.0,-0.0,-0.0,-0.64,0.6348996546909951,-1.1784741018246274,0.4812504533285644
75,"([1, 0, 0, 0, 0, 0], [0])","([0.01, 0.36, 0.18, 0.16, 0.09, 0.19], [1])",-0.64,-0.0,-0.0,-0.0,-0.0,-0.0,-0.64,0.6348996546909951,-1.1733737565156224,0.4812504533285644
76,"([1, 0, 0, 0, 0, 0], [0])","([0.01, 0.36, 0.18, 0.16, 0.09, 0.19], [2])",-0.64,-0.0,-0.0,-0.0,-0.0,-0.0,-0.64,0.6348996546909951,-1.1682734112066173,0.4812504533285644
77,"([1, 0, 0, 0, 0, 0], [0])","([0.01, 0.36, 0.18, 0.16, 0.09, 0.19], [1])",-0.64,-0.0,-0.0,-0.0,-0.0,-0.0,-0.64,0.6348996546909951,-1.1631730658976123,0.4812504533285644
78,"([1, 0, 0, 0, 0, 0], [0])","([0.01, 0.36, 0.18, 0.16, 0.09, 0.19], [1])",-0.64,-0.0,-0.0,-0.0,-0.0,-0.0,-0.64,0.6348996546909951,-1.1580727205886072,0.4812504533285644
79,"([1, 0, 0, 0, 0, 0], [0])","([0.01, 0.36, 0.18, 0.16, 0.09, 0.19], [4])",-0.64,-0.0,-0.0,-0.0,-0.0,-0.0,-0.64,0.6348996546909951,-1.1529723752796022,0.4812504533285644
80,"([1, 0, 0, 0, 0, 0], [0])","([0.01, 0.36, 0.18, 0.16, 0.09, 0.19], [2])",-0.64,-0.0,-0.0,-0.0,-0.0,-0.0,-0.64,0.6348996546909951,-1.1478720299705971,0.4812504533285644
81,"([1, 0, 0, 0, 0, 0], [0])","([0.01, 0.36, 0.18, 0.16, 0.09, 0.19], [2])",-0.64,-0.0,-0.0,-0.0,-0.0,-0.0,-0.64,0.6348996546909951,-1.142771684661592,0.4812504533285644
82,"([1, 0, 0, 0, 0, 0], [0])","([0.01, 0.36, 0.18, 0.16, 0.09, 0.19], [1])",-0.64,-0.0,-0.0,-0.0,-0.0,-0.0,-0.64,0.6348996546909951,-1.137671339352587,0.4812504533285644
83,"([1, 0, 0, 0, 0, 0], [0])","([0.01, 0.36, 0.18, 0.16, 0.09, 0.19], [1])",-0.64,-0.0,-0.0,-0.0,-0.0,-0.0,-0.64,0.6348996546909951,-1.132570994043582,0.4812504533285644
84,"([1, 0, 0, 0, 0, 0], [0])","([0.01, 0.36, 0.18, 0.16, 0.09, 0.19], [4])",-0.64,-0.0,-0.0,-0.0,-0.0,-0.0,-0.64,0.6348996546909951,-1.127470648734577,0.4812504533285644
85,"([1, 0, 0, 0, 0, 0], [0])","([0.01, 0.36, 0.18, 0.16, 0.09, 0.19], [5])",-0.64,-0.0,-0.0,-0.0,-0.0,-0.0,-0.64,0.6348996546909951,-1.1223703034255719,0.4812504533285644
86,"([1, 0, 0, 0, 0, 0], [0])","([0.01, 0.36, 0.18, 0.16, 0.09, 0.19], [5])",-0.64,-0.0,-0.0,-0.0,-0.0,-0.0,-0.64,0.6348996546909951,-1.1172699581165668,0.4812504533285644
87,"([1, 0, 0, 0, 0, 0], [0])","([0.01, 0.36, 0.18, 0.16, 0.09, 0.19], [3])",-0.64,-0.0,-0.0,-0.0,-0.0,-0.0,-0.64,0.6348996546909951,-1.1121696128075618,0.4812504533285644
88,"([1, 0, 0, 0, 0, 0], [0])","([0.01, 0.36, 0.18, 0.16, 0.09, 0.19], [2])",-0.64,-0.0,-0.0,-0.0,-0.0,-0.0,-0.64,0.6348996546909951,-1.1070692674985567,0.4812504533285644
89,"([1, 0, 0, 0, 0, 0], [0])","([0.01, 0.36, 0.18, 0.16, 0.09, 0.19], [1])",-0.64,-0.0,-0.0,-0.0,-0.0,-0.0,-0.64,0.6348996546909951,-1.1019689221895517,0.4812504533285644
90,"([1, 0, 0, 0, 0, 0], [0])","([0.01, 0.36, 0.18, 0.16, 0.09, 0.19], [5])",-0.64,-0.0,-0.0,-0.0,-0.0,-0.0,-0.64,0.6348996546909951,-1.0968685768805466,0.4812504533285644
91,"([1, 0, 0, 0, 0, 0], [0])","([0.01, 0.36, 0.18, 0.16, 0.09, 0.19], [3])",-0.64,-0.0,-0.0,-0.0,-0.0,-0.0,-0.64,0.6348996546909951,-1.0917682315715416,0.4812504533285644
92,"([1, 0, 0, 0, 0, 0], [0])","([0.01, 0.36, 0.18, 0.16, 0.09, 0.19], [2])",-0.64,-0.0,-0.0,-0.0,-0.0,-0.0,-0.64,0.6348996546909951,-1.0866678862625365,0.4812504533285644
93,"([1, 0, 0, 0, 0, 0], [0])","([0.01, 0.36, 0.18, 0.16, 0.09, 0.19], [3])",-0.64,-0.0,-0.0,-0.0,-0.0,-0.0,-0.64,0.6348996546909951,-1.0815675409535315,0.4812504533285644
94,"([1, 0, 0, 0, 0, 0], [0])","([0.01, 0.36, 0.18, 0.16, 0.09, 0.19], [2])",-0.64,-0.0,-0.0,-0.0,-0.0,-0.0,-0.64,0.6348996546909951,-1.0764671956445264,0.4812504533285644
95,"([1, 0, 0, 0, 0, 0], [0])","([0.01, 0.36, 0.18, 0.16, 0.09, 0.19], [3])",-0.64,-0.0,-0.0,-0.0,-0.0,-0.0,-0.64,0.6348996546909951,-1.0713668503355214,0.4812504533285644
96,"([1, 0, 0, 0, 0, 0], [0])","([0.01, 0.36, 0.18, 0.16, 0.09, 0.19], [5])",-0.64,-0.0,-0.0,-0.0,-0.0,-0.0,-0.64,0.6348996546909951,-1.0662665050265163,0.4812504533285644
97,"([1, 0, 0, 0, 0, 0], [0])","([0.01, 0.36, 0.18, 0.16, 0.09, 0.19], [3])",-0.64,-0.0,-0.0,-0.0,-0.0,-0.0,-0.64,0.6348996546909951,-1.0611661597175113,0.4812504533285644
98,"([1, 0, 0, 0, 0, 0], [0])","([0.01, 0.36, 0.18, 0.16, 0.09, 0.19], [1])",-0.64,-0.0,-0.0,-0.0,-0.0,-0.0,-0.64,0.6348996546909951,-1.0560658144085062,0.4812504533285644
99,"([1, 0, 0, 0, 0, 0], [0])","([0.01, 0.36, 0.18, 0.16, 0.09, 0.19], [1])",-0.64,-0.0,-0.0,-0.0,-0.0,-0.0,-0.64,0.6348996546909951,-1.0509654690995012,0.4812504533285644
