,sta-1,FB-0,feedback target 0,feedback target 1,feedback target 2,feedback target 3,feedback target 4,feedback target 5,total,exp_loss,actual_regret,exp_regret
0,"([0, 1, 0, 0, 0, 0], [1])","([0.08, 0.25, 0.18, 0.17, 0.14, 0.18], [4])",-0.0,-0.9990000000000001,-0.0,-0.0,-0.0,-0.0,-0.9990000000000001,0.752354839129342,0.36410034530900504,0.1174551844383469
1,"([1, 0, 0, 0, 0, 0], [0])","([0.01, 0.36, 0.18, 0.16, 0.09, 0.19], [2])",-0.64,-0.0,-0.0,-0.0,-0.0,-0.0,-0.64,0.6348996546909951,0.36920069061801,0.1174551844383469
2,"([0, 1, 0, 0, 0, 0], [1])","([1.0, 0.0, 0.0, 0.0, 0.0, 0.0], [0])",-0.0,-0.9990000000000001,-0.0,-0.0,-0.0,-0.0,-0.9990000000000001,0.9990000000000001,0.733301035927015,0.48155552974735194
3,"([1, 0, 0, 0, 0, 0], [0])","([0.01, 0.36, 0.18, 0.16, 0.09, 0.19], [2])",-0.64,-0.0,-0.0,-0.0,-0.0,-0.0,-0.64,0.6348996546909951,0.73840138123602,0.48155552974735194
4,"([1, 0, 0, 0, 0, 0], [0])","([0.01, 0.36, 0.18, 0.16, 0.09, 0.19], [1])",-0.64,-0.0,-0.0,-0.0,-0.0,-0.0,-0.64,0.6348996546909951,0.7435017265450249,0.48155552974735194
5,"([1, 0, 0, 0, 0, 0], [0])","([0.01, 0.36, 0.18, 0.16, 0.09, 0.19], [5])",-0.64,-0.0,-0.0,-0.0,-0.0,-0.0,-0.64,0.6348996546909951,0.7486020718540298,0.48155552974735194
6,"([1, 0, 0, 0, 0, 0], [0])","([0.01, 0.36, 0.18, 0.16, 0.09, 0.19], [2])",-0.64,-0.0,-0.0,-0.0,-0.0,-0.0,-0.64,0.6348996546909951,0.7537024171630348,0.48155552974735194
7,"([1, 0, 0, 0, 0, 0], [0])","([0.01, 0.36, 0.18, 0.16, 0.09, 0.19], [2])",-0.64,-0.0,-0.0,-0.0,-0.0,-0.0,-0.64,0.6348996546909951,0.7588027624720397,0.48155552974735194
8,"([1, 0, 0, 0, 0, 0], [0])","([0.01, 0.36, 0.18, 0.16, 0.09, 0.19], [4])",-0.64,-0.0,-0.0,-0.0,-0.0,-0.0,-0.64,0.6348996546909951,0.7639031077810446,0.48155552974735194
9,"([1, 0, 0, 0, 0, 0], [0])","([0.01, 0.36, 0.18, 0.16, 0.09, 0.19], [3])",-0.64,-0.0,-0.0,-0.0,-0.0,-0.0,-0.64,0.6348996546909951,0.7690034530900496,0.48155552974735194
10,"([1, 0, 0, 0, 0, 0], [0])","([0.01, 0.36, 0.18, 0.16, 0.09, 0.19], [1])",-0.64,-0.0,-0.0,-0.0,-0.0,-0.0,-0.64,0.6348996546909951,0.7741037983990545,0.48155552974735194
11,"([1, 0, 0, 0, 0, 0], [0])","([0.01, 0.36, 0.18, 0.16, 0.09, 0.19], [1])",-0.64,-0.0,-0.0,-0.0,-0.0,-0.0,-0.64,0.6348996546909951,0.7792041437080595,0.48155552974735194
12,"([1, 0, 0, 0, 0, 0], [0])","([0.01, 0.36, 0.18, 0.16, 0.09, 0.19], [4])",-0.64,-0.0,-0.0,-0.0,-0.0,-0.0,-0.64,0.6348996546909951,0.7843044890170644,0.48155552974735194
13,"([1, 0, 0, 0, 0, 0], [0])","([0.01, 0.36, 0.18, 0.16, 0.09, 0.19], [1])",-0.64,-0.0,-0.0,-0.0,-0.0,-0.0,-0.64,0.6348996546909951,0.7894048343260693,0.48155552974735194
14,"([1, 0, 0, 0, 0, 0], [0])","([0.01, 0.36, 0.18, 0.16, 0.09, 0.19], [3])",-0.64,-0.0,-0.0,-0.0,-0.0,-0.0,-0.64,0.6348996546909951,0.7945051796350743,0.48155552974735194
15,"([1, 0, 0, 0, 0, 0], [0])","([0.01, 0.36, 0.18, 0.16, 0.09, 0.19], [5])",-0.64,-0.0,-0.0,-0.0,-0.0,-0.0,-0.64,0.6348996546909951,0.7996055249440792,0.48155552974735194
16,"([1, 0, 0, 0, 0, 0], [0])","([0.01, 0.36, 0.18, 0.16, 0.09, 0.19], [3])",-0.64,-0.0,-0.0,-0.0,-0.0,-0.0,-0.64,0.6348996546909951,0.8047058702530842,0.48155552974735194
17,"([1, 0, 0, 0, 0, 0], [0])","([0.01, 0.36, 0.18, 0.16, 0.09, 0.19], [4])",-0.64,-0.0,-0.0,-0.0,-0.0,-0.0,-0.64,0.6348996546909951,0.8098062155620891,0.48155552974735194
18,"([1, 0, 0, 0, 0, 0], [0])","([0.01, 0.36, 0.18, 0.16, 0.09, 0.19], [1])",-0.64,-0.0,-0.0,-0.0,-0.0,-0.0,-0.64,0.6348996546909951,0.814906560871094,0.48155552974735194
19,"([1, 0, 0, 0, 0, 0], [0])","([0.01, 0.36, 0.18, 0.16, 0.09, 0.19], [3])",-0.64,-0.0,-0.0,-0.0,-0.0,-0.0,-0.64,0.6348996546909951,0.820006906180099,0.48155552974735194
20,"([1, 0, 0, 0, 0, 0], [0])","([0.01, 0.36, 0.18, 0.16, 0.09, 0.19], [2])",-0.64,-0.0,-0.0,-0.0,-0.0,-0.0,-0.64,0.6348996546909951,0.8251072514891039,0.48155552974735194
21,"([1, 0, 0, 0, 0, 0], [0])","([0.01, 0.36, 0.18, 0.16, 0.09, 0.19], [1])",-0.64,-0.0,-0.0,-0.0,-0.0,-0.0,-0.64,0.6348996546909951,0.8302075967981088,0.48155552974735194
22,"([1, 0, 0, 0, 0, 0], [0])","([0.01, 0.36, 0.18, 0.16, 0.09, 0.19], [1])",-0.64,-0.0,-0.0,-0.0,-0.0,-0.0,-0.64,0.6348996546909951,0.8353079421071138,0.48155552974735194
23,"([1, 0, 0, 0, 0, 0], [0])","([0.01, 0.36, 0.18, 0.16, 0.09, 0.19], [1])",-0.64,-0.0,-0.0,-0.0,-0.0,-0.0,-0.64,0.6348996546909951,0.8404082874161187,0.48155552974735194
24,"([1, 0, 0, 0, 0, 0], [0])","([0.01, 0.36, 0.18, 0.16, 0.09, 0.19], [2])",-0.64,-0.0,-0.0,-0.0,-0.0,-0.0,-0.64,0.6348996546909951,0.8455086327251237,0.48155552974735194
25,"([1, 0, 0, 0, 0, 0], [0])","([0.01, 0.36, 0.18, 0.16, 0.09, 0.19], [5])",-0.64,-0.0,-0.0,-0.0,-0.0,-0.0,-0.64,0.6348996546909951,0.8506089780341286,0.48155552974735194
26,"([1, 0, 0, 0, 0, 0], [0])","([0.01, 0.36, 0.18, 0.16, 0.09, 0.19], [4])",-0.64,-0.0,-0.0,-0.0,-0.0,-0.0,-0.64,0.6348996546909951,0.8557093233431335,0.48155552974735194
27,"([1, 0, 0, 0, 0, 0], [0])","([0.01, 0.36, 0.18, 0.16, 0.09, 0.19], [1])",-0.64,-0.0,-0.0,-0.0,-0.0,-0.0,-0.64,0.6348996546909951,0.8608096686521385,0.48155552974735194
28,"([1, 0, 0, 0, 0, 0], [0])","([0.01, 0.36, 0.18, 0.16, 0.09, 0.19], [3])",-0.64,-0.0,-0.0,-0.0,-0.0,-0.0,-0.64,0.6348996546909951,0.8659100139611434,0.48155552974735194
29,"([1, 0, 0, 0, 0, 0], [0])","([0.01, 0.36, 0.18, 0.16, 0.09, 0.19], [1])",-0.64,-0.0,-0.0,-0.0,-0.0,-0.0,-0.64,0.6348996546909951,0.8710103592701484,0.48155552974735194
30,"([1, 0, 0, 0, 0, 0], [0])","([0.01, 0.36, 0.18, 0.16, 0.09, 0.19], [5])",-0.64,-0.0,-0.0,-0.0,-0.0,-0.0,-0.64,0.6348996546909951,0.8761107045791533,0.48155552974735194
31,"([1, 0, 0, 0, 0, 0], [0])","([0.01, 0.36, 0.18, 0.16, 0.09, 0.19], [2])",-0.64,-0.0,-0.0,-0.0,-0.0,-0.0,-0.64,0.6348996546909951,0.8812110498881582,0.48155552974735194
32,"([1, 0, 0, 0, 0, 0], [0])","([0.01, 0.36, 0.18, 0.16, 0.09, 0.19], [3])",-0.64,-0.0,-0.0,-0.0,-0.0,-0.0,-0.64,0.6348996546909951,0.8863113951971632,0.48155552974735194
33,"([1, 0, 0, 0, 0, 0], [0])","([0.01, 0.36, 0.18, 0.16, 0.09, 0.19], [3])",-0.64,-0.0,-0.0,-0.0,-0.0,-0.0,-0.64,0.6348996546909951,0.8914117405061681,0.48155552974735194
34,"([1, 0, 0, 0, 0, 0], [0])","([0.01, 0.36, 0.18, 0.16, 0.09, 0.19], [5])",-0.64,-0.0,-0.0,-0.0,-0.0,-0.0,-0.64,0.6348996546909951,0.896512085815173,0.48155552974735194
35,"([1, 0, 0, 0, 0, 0], [0])","([0.01, 0.36, 0.18, 0.16, 0.09, 0.19], [1])",-0.64,-0.0,-0.0,-0.0,-0.0,-0.0,-0.64,0.6348996546909951,0.901612431124178,0.48155552974735194
36,"([1, 0, 0, 0, 0, 0], [0])","([0.01, 0.36, 0.18, 0.16, 0.09, 0.19], [5])",-0.64,-0.0,-0.0,-0.0,-0.0,-0.0,-0.64,0.6348996546909951,0.9067127764331829,0.48155552974735194
37,"([1, 0, 0, 0, 0, 0], [0])","([0.01, 0.36, 0.18, 0.16, 0.09, 0.19], [4])",-0.64,-0.0,-0.0,-0.0,-0.0,-0.0,-0.64,0.6348996546909951,0.9118131217421879,0.48155552974735194
38,"([1, 0, 0, 0, 0, 0], [0])","([0.01, 0.36, 0.18, 0.16, 0.09, 0.19], [4])",-0.64,-0.0,-0.0,-0.0,-0.0,-0.0,-0.64,0.6348996546909951,0.9169134670511928,0.48155552974735194
39,"([1, 0, 0, 0, 0, 0], [0])","([0.01, 0.36, 0.18, 0.16, 0.09, 0.19], [2])",-0.64,-0.0,-0.0,-0.0,-0.0,-0.0,-0.64,0.6348996546909951,0.9220138123601977,0.48155552974735194
40,"([1, 0, 0, 0, 0, 0], [0])","([0.01, 0.36, 0.18, 0.16, 0.09, 0.19], [4])",-0.64,-0.0,-0.0,-0.0,-0.0,-0.0,-0.64,0.6348996546909951,0.9271141576692027,0.48155552974735194
41,"([1, 0, 0, 0, 0, 0], [0])","([0.01, 0.36, 0.18, 0.16, 0.09, 0.19], [1])",-0.64,-0.0,-0.0,-0.0,-0.0,-0.0,-0.64,0.6348996546909951,0.9322145029782076,0.48155552974735194
42,"([1, 0, 0, 0, 0, 0], [0])","([0.01, 0.36, 0.18, 0.16, 0.09, 0.19], [4])",-0.64,-0.0,-0.0,-0.0,-0.0,-0.0,-0.64,0.6348996546909951,0.9373148482872126,0.48155552974735194
43,"([1, 0, 0, 0, 0, 0], [0])","([0.01, 0.36, 0.18, 0.16, 0.09, 0.19], [2])",-0.64,-0.0,-0.0,-0.0,-0.0,-0.0,-0.64,0.6348996546909951,0.9424151935962175,0.48155552974735194
44,"([1, 0, 0, 0, 0, 0], [0])","([0.01, 0.36, 0.18, 0.16, 0.09, 0.19], [2])",-0.64,-0.0,-0.0,-0.0,-0.0,-0.0,-0.64,0.6348996546909951,0.9475155389052224,0.48155552974735194
45,"([1, 0, 0, 0, 0, 0], [0])","([0.01, 0.36, 0.18, 0.16, 0.09, 0.19], [1])",-0.64,-0.0,-0.0,-0.0,-0.0,-0.0,-0.64,0.6348996546909951,0.9526158842142274,0.48155552974735194
46,"([1, 0, 0, 0, 0, 0], [0])","([0.01, 0.36, 0.18, 0.16, 0.09, 0.19], [3])",-0.64,-0.0,-0.0,-0.0,-0.0,-0.0,-0.64,0.6348996546909951,0.9577162295232323,0.48155552974735194
47,"([1, 0, 0, 0, 0, 0], [0])","([0.01, 0.36, 0.18, 0.16, 0.09, 0.19], [0])",-0.0,-0.0,-0.0,-0.0,-0.0,-0.0,0.0,0.6348996546909951,0.32281657483223725,0.48155552974735194
48,"([1, 0, 0, 0, 0, 0], [0])","([0.01, 0.36, 0.18, 0.16, 0.09, 0.19], [3])",-0.64,-0.0,-0.0,-0.0,-0.0,-0.0,-0.64,0.6348996546909951,0.3279169201412422,0.48155552974735194
49,"([1, 0, 0, 0, 0, 0], [0])","([0.01, 0.36, 0.18, 0.16, 0.09, 0.19], [2])",-0.64,-0.0,-0.0,-0.0,-0.0,-0.0,-0.64,0.6348996546909951,0.3330172654502471,0.48155552974735194
50,"([1, 0, 0, 0, 0, 0], [0])","([0.01, 0.36, 0.18, 0.16, 0.09, 0.19], [5])",-0.64,-0.0,-0.0,-0.0,-0.0,-0.0,-0.64,0.6348996546909951,0.33811761075925206,0.48155552974735194
51,"([1, 0, 0, 0, 0, 0], [0])","([0.01, 0.36, 0.18, 0.16, 0.09, 0.19], [4])",-0.64,-0.0,-0.0,-0.0,-0.0,-0.0,-0.64,0.6348996546909951,0.343217956068257,0.48155552974735194
52,"([1, 0, 0, 0, 0, 0], [0])","([0.01, 0.36, 0.18, 0.16, 0.09, 0.19], [2])",-0.64,-0.0,-0.0,-0.0,-0.0,-0.0,-0.64,0.6348996546909951,0.34831830137726194,0.48155552974735194
53,"([1, 0, 0, 0, 0, 0], [0])","([0.01, 0.36, 0.18, 0.16, 0.09, 0.19], [4])",-0.64,-0.0,-0.0,-0.0,-0.0,-0.0,-0.64,0.6348996546909951,0.3534186466862669,0.48155552974735194
54,"([1, 0, 0, 0, 0, 0], [0])","([0.01, 0.36, 0.18, 0.16, 0.09, 0.19], [3])",-0.64,-0.0,-0.0,-0.0,-0.0,-0.0,-0.64,0.6348996546909951,0.3585189919952718,0.48155552974735194
55,"([1, 0, 0, 0, 0, 0], [0])","([0.01, 0.36, 0.18, 0.16, 0.09, 0.19], [1])",-0.64,-0.0,-0.0,-0.0,-0.0,-0.0,-0.64,0.6348996546909951,0.36361933730427676,0.48155552974735194
56,"([1, 0, 0, 0, 0, 0], [0])","([0.01, 0.36, 0.18, 0.16, 0.09, 0.19], [2])",-0.64,-0.0,-0.0,-0.0,-0.0,-0.0,-0.64,0.6348996546909951,0.3687196826132817,0.48155552974735194
57,"([1, 0, 0, 0, 0, 0], [0])","([0.01, 0.36, 0.18, 0.16, 0.09, 0.19], [1])",-0.64,-0.0,-0.0,-0.0,-0.0,-0.0,-0.64,0.6348996546909951,0.37382002792228664,0.48155552974735194
58,"([1, 0, 0, 0, 0, 0], [0])","([0.01, 0.36, 0.18, 0.16, 0.09, 0.19], [1])",-0.64,-0.0,-0.0,-0.0,-0.0,-0.0,-0.64,0.6348996546909951,0.3789203732312916,0.48155552974735194
59,"([1, 0, 0, 0, 0, 0], [0])","([0.01, 0.36, 0.18, 0.16, 0.09, 0.19], [2])",-0.64,-0.0,-0.0,-0.0,-0.0,-0.0,-0.64,0.6348996546909951,0.3840207185402965,0.48155552974735194
60,"([1, 0, 0, 0, 0, 0], [0])","([0.01, 0.36, 0.18, 0.16, 0.09, 0.19], [3])",-0.64,-0.0,-0.0,-0.0,-0.0,-0.0,-0.64,0.6348996546909951,0.38912106384930145,0.48155552974735194
61,"([1, 0, 0, 0, 0, 0], [0])","([0.01, 0.36, 0.18, 0.16, 0.09, 0.19], [1])",-0.64,-0.0,-0.0,-0.0,-0.0,-0.0,-0.64,0.6348996546909951,0.3942214091583064,0.48155552974735194
62,"([1, 0, 0, 0, 0, 0], [0])","([0.01, 0.36, 0.18, 0.16, 0.09, 0.19], [5])",-0.64,-0.0,-0.0,-0.0,-0.0,-0.0,-0.64,0.6348996546909951,0.39932175446731133,0.48155552974735194
63,"([1, 0, 0, 0, 0, 0], [0])","([0.01, 0.36, 0.18, 0.16, 0.09, 0.19], [2])",-0.64,-0.0,-0.0,-0.0,-0.0,-0.0,-0.64,0.6348996546909951,0.40442209977631627,0.48155552974735194
64,"([1, 0, 0, 0, 0, 0], [0])","([0.01, 0.36, 0.18, 0.16, 0.09, 0.19], [4])",-0.64,-0.0,-0.0,-0.0,-0.0,-0.0,-0.64,0.6348996546909951,0.4095224450853212,0.48155552974735194
65,"([1, 0, 0, 0, 0, 0], [0])","([0.01, 0.36, 0.18, 0.16, 0.09, 0.19], [1])",-0.64,-0.0,-0.0,-0.0,-0.0,-0.0,-0.64,0.6348996546909951,0.41462279039432615,0.48155552974735194
66,"([1, 0, 0, 0, 0, 0], [0])","([0.01, 0.36, 0.18, 0.16, 0.09, 0.19], [3])",-0.64,-0.0,-0.0,-0.0,-0.0,-0.0,-0.64,0.6348996546909951,0.4197231357033311,0.48155552974735194
67,"([1, 0, 0, 0, 0, 0], [0])","([0.01, 0.36, 0.18, 0.16, 0.09, 0.19], [1])",-0.64,-0.0,-0.0,-0.0,-0.0,-0.0,-0.64,0.6348996546909951,0.424823481012336,0.48155552974735194
68,"([1, 0, 0, 0, 0, 0], [0])","([0.01, 0.36, 0.18, 0.16, 0.09, 0.19], [1])",-0.64,-0.0,-0.0,-0.0,-0.0,-0.0,-0.64,0.6348996546909951,0.42992382632134096,0.48155552974735194
69,"([1, 0, 0, 0, 0, 0], [0])","([0.01, 0.36, 0.18, 0.16, 0.09, 0.19], [5])",-0.64,-0.0,-0.0,-0.0,-0.0,-0.0,-0.64,0.6348996546909951,0.4350241716303459,0.48155552974735194
70,"([1, 0, 0, 0, 0, 0], [0])","([0.01, 0.36, 0.18, 0.16, 0.09, 0.19], [3])",-0.64,-0.0,-0.0,-0.0,-0.0,-0.0,-0.64,0.6348996546909951,0.44012451693935084,0.48155552974735194
71,"([1, 0, 0, 0, 0, 0], [0])","([0.01, 0.36, 0.18, 0.16, 0.09, 0.19], [5])",-0.64,-0.0,-0.0,-0.0,-0.0,-0.0,-0.64,0.6348996546909951,0.4452248622483558,0.48155552974735194
72,"([1, 0, 0, 0, 0, 0], [0])","([0.01, 0.36, 0.18, 0.16, 0.09, 0.19], [1])",-0.64,-0.0,-0.0,-0.0,-0.0,-0.0,-0.64,0.6348996546909951,0.4503252075573607,0.48155552974735194
73,"([1, 0, 0, 0, 0, 0], [0])","([0.01, 0.36, 0.18, 0.16, 0.09, 0.19], [1])",-0.64,-0.0,-0.0,-0.0,-0.0,-0.0,-0.64,0.6348996546909951,0.45542555286636566,0.48155552974735194
74,"([1, 0, 0, 0, 0, 0], [0])","([0.01, 0.36, 0.18, 0.16, 0.09, 0.19], [2])",-0.64,-0.0,-0.0,-0.0,-0.0,-0.0,-0.64,0.6348996546909951,0.4605258981753706,0.48155552974735194
75,"([1, 0, 0, 0, 0, 0], [0])","([0.01, 0.36, 0.18, 0.16, 0.09, 0.19], [4])",-0.64,-0.0,-0.0,-0.0,-0.0,-0.0,-0.64,0.6348996546909951,0.46562624348437553,0.48155552974735194
76,"([1, 0, 0, 0, 0, 0], [0])","([0.01, 0.36, 0.18, 0.16, 0.09, 0.19], [5])",-0.64,-0.0,-0.0,-0.0,-0.0,-0.0,-0.64,0.6348996546909951,0.4707265887933805,0.48155552974735194
77,"([1, 0, 0, 0, 0, 0], [0])","([0.01, 0.36, 0.18, 0.16, 0.09, 0.19], [3])",-0.64,-0.0,-0.0,-0.0,-0.0,-0.0,-0.64,0.6348996546909951,0.4758269341023854,0.48155552974735194
78,"([1, 0, 0, 0, 0, 0], [0])","([0.01, 0.36, 0.18, 0.16, 0.09, 0.19], [4])",-0.64,-0.0,-0.0,-0.0,-0.0,-0.0,-0.64,0.6348996546909951,0.48092727941139035,0.48155552974735194
79,"([1, 0, 0, 0, 0, 0], [0])","([0.01, 0.36, 0.18, 0.16, 0.09, 0.19], [3])",-0.64,-0.0,-0.0,-0.0,-0.0,-0.0,-0.64,0.6348996546909951,0.4860276247203953,0.48155552974735194
80,"([1, 0, 0, 0, 0, 0], [0])","([0.01, 0.36, 0.18, 0.16, 0.09, 0.19], [1])",-0.64,-0.0,-0.0,-0.0,-0.0,-0.0,-0.64,0.6348996546909951,0.49112797002940023,0.48155552974735194
81,"([1, 0, 0, 0, 0, 0], [0])","([0.01, 0.36, 0.18, 0.16, 0.09, 0.19], [2])",-0.64,-0.0,-0.0,-0.0,-0.0,-0.0,-0.64,0.6348996546909951,0.49622831533840517,0.48155552974735194
82,"([1, 0, 0, 0, 0, 0], [0])","([0.01, 0.36, 0.18, 0.16, 0.09, 0.19], [1])",-0.64,-0.0,-0.0,-0.0,-0.0,-0.0,-0.64,0.6348996546909951,0.5013286606474101,0.48155552974735194
83,"([1, 0, 0, 0, 0, 0], [0])","([0.01, 0.36, 0.18, 0.16, 0.09, 0.19], [4])",-0.64,-0.0,-0.0,-0.0,-0.0,-0.0,-0.64,0.6348996546909951,0.506429005956415,0.48155552974735194
84,"([1, 0, 0, 0, 0, 0], [0])","([0.01, 0.36, 0.18, 0.16, 0.09, 0.19], [5])",-0.64,-0.0,-0.0,-0.0,-0.0,-0.0,-0.64,0.6348996546909951,0.51152935126542,0.48155552974735194
85,"([1, 0, 0, 0, 0, 0], [0])","([0.01, 0.36, 0.18, 0.16, 0.09, 0.19], [3])",-0.64,-0.0,-0.0,-0.0,-0.0,-0.0,-0.64,0.6348996546909951,0.5166296965744249,0.48155552974735194
86,"([1, 0, 0, 0, 0, 0], [0])","([0.01, 0.36, 0.18, 0.16, 0.09, 0.19], [3])",-0.64,-0.0,-0.0,-0.0,-0.0,-0.0,-0.64,0.6348996546909951,0.5217300418834299,0.48155552974735194
87,"([1, 0, 0, 0, 0, 0], [0])","([0.01, 0.36, 0.18, 0.16, 0.09, 0.19], [1])",-0.64,-0.0,-0.0,-0.0,-0.0,-0.0,-0.64,0.6348996546909951,0.5268303871924348,0.48155552974735194
88,"([1, 0, 0, 0, 0, 0], [0])","([0.01, 0.36, 0.18, 0.16, 0.09, 0.19], [3])",-0.64,-0.0,-0.0,-0.0,-0.0,-0.0,-0.64,0.6348996546909951,0.5319307325014397,0.48155552974735194
89,"([1, 0, 0, 0, 0, 0], [0])","([0.01, 0.36, 0.18, 0.16, 0.09, 0.19], [1])",-0.64,-0.0,-0.0,-0.0,-0.0,-0.0,-0.64,0.6348996546909951,0.5370310778104447,0.48155552974735194
90,"([1, 0, 0, 0, 0, 0], [0])","([0.01, 0.36, 0.18, 0.16, 0.09, 0.19], [3])",-0.64,-0.0,-0.0,-0.0,-0.0,-0.0,-0.64,0.6348996546909951,0.5421314231194496,0.48155552974735194
91,"([1, 0, 0, 0, 0, 0], [0])","([0.01, 0.36, 0.18, 0.16, 0.09, 0.19], [2])",-0.64,-0.0,-0.0,-0.0,-0.0,-0.0,-0.64,0.6348996546909951,0.5472317684284546,0.48155552974735194
92,"([1, 0, 0, 0, 0, 0], [0])","([0.01, 0.36, 0.18, 0.16, 0.09, 0.19], [3])",-0.64,-0.0,-0.0,-0.0,-0.0,-0.0,-0.64,0.6348996546909951,0.5523321137374595,0.48155552974735194
93,"([1, 0, 0, 0, 0, 0], [0])","([0.01, 0.36, 0.18, 0.16, 0.09, 0.19], [1])",-0.64,-0.0,-0.0,-0.0,-0.0,-0.0,-0.64,0.6348996546909951,0.5574324590464644,0.48155552974735194
94,"([1, 0, 0, 0, 0, 0], [0])","([0.01, 0.36, 0.18, 0.16, 0.09, 0.19], [1])",-0.64,-0.0,-0.0,-0.0,-0.0,-0.0,-0.64,0.6348996546909951,0.5625328043554694,0.48155552974735194
95,"([1, 0, 0, 0, 0, 0], [0])","([0.01, 0.36, 0.18, 0.16, 0.09, 0.19], [3])",-0.64,-0.0,-0.0,-0.0,-0.0,-0.0,-0.64,0.6348996546909951,0.5676331496644743,0.48155552974735194
96,"([1, 0, 0, 0, 0, 0], [0])","([0.01, 0.36, 0.18, 0.16, 0.09, 0.19], [2])",-0.64,-0.0,-0.0,-0.0,-0.0,-0.0,-0.64,0.6348996546909951,0.5727334949734793,0.48155552974735194
97,"([1, 0, 0, 0, 0, 0], [0])","([0.01, 0.36, 0.18, 0.16, 0.09, 0.19], [1])",-0.64,-0.0,-0.0,-0.0,-0.0,-0.0,-0.64,0.6348996546909951,0.5778338402824842,0.48155552974735194
98,"([1, 0, 0, 0, 0, 0], [0])","([0.01, 0.36, 0.18, 0.16, 0.09, 0.19], [5])",-0.64,-0.0,-0.0,-0.0,-0.0,-0.0,-0.64,0.6348996546909951,0.5829341855914891,0.48155552974735194
99,"([1, 0, 0, 0, 0, 0], [0])","([0.01, 0.36, 0.18, 0.16, 0.09, 0.19], [1])",-0.64,-0.0,-0.0,-0.0,-0.0,-0.0,-0.64,0.6348996546909951,0.5880345309004941,0.48155552974735194
