,sta-1,FB-0,feedback target 0,feedback target 1,feedback target 2,feedback target 3,feedback target 4,feedback target 5,total,exp_loss,actual_regret,exp_regret
0,"([0, 1, 0, 0, 0, 0], [1])","([0.0, 0.0, 0.0, 1.0, 0.0, 0.0], [3])",-0.0,-0.9990000000000001,-0.0,-0.0,-0.0,-0.0,-0.9990000000000001,0.9990000000000001,0.36410034530900504,0.36410034530900504
1,"([1, 0, 0, 0, 0, 0], [0])","([0.01, 0.36, 0.18, 0.16, 0.09, 0.19], [1])",-0.64,-0.0,-0.0,-0.0,-0.0,-0.0,-0.64,0.6348996546909951,0.36920069061801,0.36410034530900504
2,"([0, 0, 0, 0, 0, 1], [5])","([0.0, 1.0, 0.0, 0.0, 0.0, 0.0], [1])",-0.0,-0.0,-0.0,-0.0,-0.0,-0.78,-0.78,0.78,0.5143010359270149,0.50920069061801
3,"([1, 0, 0, 0, 0, 0], [0])","([0.01, 0.36, 0.18, 0.16, 0.09, 0.19], [1])",-0.64,-0.0,-0.0,-0.0,-0.0,-0.0,-0.64,0.6348996546909951,0.5194013812360199,0.50920069061801
4,"([1, 0, 0, 0, 0, 0], [0])","([0.01, 0.36, 0.18, 0.16, 0.09, 0.19], [1])",-0.64,-0.0,-0.0,-0.0,-0.0,-0.0,-0.64,0.6348996546909951,0.5245017265450248,0.50920069061801
5,"([1, 0, 0, 0, 0, 0], [0])","([0.01, 0.36, 0.18, 0.16, 0.09, 0.19], [1])",-0.64,-0.0,-0.0,-0.0,-0.0,-0.0,-0.64,0.6348996546909951,0.5296020718540297,0.50920069061801
6,"([1, 0, 0, 0, 0, 0], [0])","([0.01, 0.36, 0.18, 0.16, 0.09, 0.19], [1])",-0.64,-0.0,-0.0,-0.0,-0.0,-0.0,-0.64,0.6348996546909951,0.5347024171630347,0.50920069061801
7,"([1, 0, 0, 0, 0, 0], [0])","([0.01, 0.36, 0.18, 0.16, 0.09, 0.19], [4])",-0.64,-0.0,-0.0,-0.0,-0.0,-0.0,-0.64,0.6348996546909951,0.5398027624720396,0.50920069061801
8,"([1, 0, 0, 0, 0, 0], [0])","([0.01, 0.36, 0.18, 0.16, 0.09, 0.19], [1])",-0.64,-0.0,-0.0,-0.0,-0.0,-0.0,-0.64,0.6348996546909951,0.5449031077810446,0.50920069061801
9,"([1, 0, 0, 0, 0, 0], [0])","([0.01, 0.36, 0.18, 0.16, 0.09, 0.19], [5])",-0.64,-0.0,-0.0,-0.0,-0.0,-0.0,-0.64,0.6348996546909951,0.5500034530900495,0.50920069061801
10,"([1, 0, 0, 0, 0, 0], [0])","([0.01, 0.36, 0.18, 0.16, 0.09, 0.19], [3])",-0.64,-0.0,-0.0,-0.0,-0.0,-0.0,-0.64,0.6348996546909951,0.5551037983990544,0.50920069061801
11,"([1, 0, 0, 0, 0, 0], [0])","([0.01, 0.36, 0.18, 0.16, 0.09, 0.19], [1])",-0.64,-0.0,-0.0,-0.0,-0.0,-0.0,-0.64,0.6348996546909951,0.5602041437080594,0.50920069061801
12,"([1, 0, 0, 0, 0, 0], [0])","([0.01, 0.36, 0.18, 0.16, 0.09, 0.19], [1])",-0.64,-0.0,-0.0,-0.0,-0.0,-0.0,-0.64,0.6348996546909951,0.5653044890170643,0.50920069061801
13,"([1, 0, 0, 0, 0, 0], [0])","([0.01, 0.36, 0.18, 0.16, 0.09, 0.19], [5])",-0.64,-0.0,-0.0,-0.0,-0.0,-0.0,-0.64,0.6348996546909951,0.5704048343260693,0.50920069061801
14,"([1, 0, 0, 0, 0, 0], [0])","([0.01, 0.36, 0.18, 0.16, 0.09, 0.19], [0])",-0.0,-0.0,-0.0,-0.0,-0.0,-0.0,0.0,0.6348996546909951,-0.06449482036492582,0.50920069061801
15,"([1, 0, 0, 0, 0, 0], [0])","([0.01, 0.36, 0.18, 0.16, 0.09, 0.19], [5])",-0.64,-0.0,-0.0,-0.0,-0.0,-0.0,-0.64,0.6348996546909951,-0.05939447505592088,0.50920069061801
16,"([1, 0, 0, 0, 0, 0], [0])","([0.01, 0.36, 0.18, 0.16, 0.09, 0.19], [1])",-0.64,-0.0,-0.0,-0.0,-0.0,-0.0,-0.64,0.6348996546909951,-0.05429412974691594,0.50920069061801
17,"([1, 0, 0, 0, 0, 0], [0])","([0.01, 0.36, 0.18, 0.16, 0.09, 0.19], [1])",-0.64,-0.0,-0.0,-0.0,-0.0,-0.0,-0.64,0.6348996546909951,-0.049193784437911,0.50920069061801
18,"([1, 0, 0, 0, 0, 0], [0])","([0.01, 0.36, 0.18, 0.16, 0.09, 0.19], [1])",-0.64,-0.0,-0.0,-0.0,-0.0,-0.0,-0.64,0.6348996546909951,-0.044093439128906065,0.50920069061801
19,"([1, 0, 0, 0, 0, 0], [0])","([0.01, 0.36, 0.18, 0.16, 0.09, 0.19], [2])",-0.64,-0.0,-0.0,-0.0,-0.0,-0.0,-0.64,0.6348996546909951,-0.038993093819901126,0.50920069061801
20,"([1, 0, 0, 0, 0, 0], [0])","([0.01, 0.36, 0.18, 0.16, 0.09, 0.19], [2])",-0.64,-0.0,-0.0,-0.0,-0.0,-0.0,-0.64,0.6348996546909951,-0.03389274851089619,0.50920069061801
21,"([1, 0, 0, 0, 0, 0], [0])","([0.01, 0.36, 0.18, 0.16, 0.09, 0.19], [5])",-0.64,-0.0,-0.0,-0.0,-0.0,-0.0,-0.64,0.6348996546909951,-0.028792403201891248,0.50920069061801
22,"([1, 0, 0, 0, 0, 0], [0])","([0.01, 0.36, 0.18, 0.16, 0.09, 0.19], [5])",-0.64,-0.0,-0.0,-0.0,-0.0,-0.0,-0.64,0.6348996546909951,-0.02369205789288631,0.50920069061801
23,"([1, 0, 0, 0, 0, 0], [0])","([0.01, 0.36, 0.18, 0.16, 0.09, 0.19], [1])",-0.64,-0.0,-0.0,-0.0,-0.0,-0.0,-0.64,0.6348996546909951,-0.01859171258388137,0.50920069061801
24,"([1, 0, 0, 0, 0, 0], [0])","([0.01, 0.36, 0.18, 0.16, 0.09, 0.19], [5])",-0.64,-0.0,-0.0,-0.0,-0.0,-0.0,-0.64,0.6348996546909951,-0.013491367274876431,0.50920069061801
25,"([1, 0, 0, 0, 0, 0], [0])","([0.01, 0.36, 0.18, 0.16, 0.09, 0.19], [3])",-0.64,-0.0,-0.0,-0.0,-0.0,-0.0,-0.64,0.6348996546909951,-0.008391021965871492,0.50920069061801
26,"([1, 0, 0, 0, 0, 0], [0])","([0.01, 0.36, 0.18, 0.16, 0.09, 0.19], [5])",-0.64,-0.0,-0.0,-0.0,-0.0,-0.0,-0.64,0.6348996546909951,-0.0032906766568665535,0.50920069061801
27,"([1, 0, 0, 0, 0, 0], [0])","([0.01, 0.36, 0.18, 0.16, 0.09, 0.19], [5])",-0.64,-0.0,-0.0,-0.0,-0.0,-0.0,-0.64,0.6348996546909951,0.0018096686521383853,0.50920069061801
28,"([1, 0, 0, 0, 0, 0], [0])","([0.01, 0.36, 0.18, 0.16, 0.09, 0.19], [4])",-0.64,-0.0,-0.0,-0.0,-0.0,-0.0,-0.64,0.6348996546909951,0.006910013961143324,0.50920069061801
29,"([1, 0, 0, 0, 0, 0], [0])","([0.01, 0.36, 0.18, 0.16, 0.09, 0.19], [3])",-0.64,-0.0,-0.0,-0.0,-0.0,-0.0,-0.64,0.6348996546909951,0.012010359270148263,0.50920069061801
30,"([1, 0, 0, 0, 0, 0], [0])","([0.01, 0.36, 0.18, 0.16, 0.09, 0.19], [3])",-0.64,-0.0,-0.0,-0.0,-0.0,-0.0,-0.64,0.6348996546909951,0.017110704579153202,0.50920069061801
31,"([1, 0, 0, 0, 0, 0], [0])","([0.01, 0.36, 0.18, 0.16, 0.09, 0.19], [2])",-0.64,-0.0,-0.0,-0.0,-0.0,-0.0,-0.64,0.6348996546909951,0.02221104988815814,0.50920069061801
32,"([1, 0, 0, 0, 0, 0], [0])","([0.01, 0.36, 0.18, 0.16, 0.09, 0.19], [5])",-0.64,-0.0,-0.0,-0.0,-0.0,-0.0,-0.64,0.6348996546909951,0.02731139519716308,0.50920069061801
33,"([1, 0, 0, 0, 0, 0], [0])","([0.01, 0.36, 0.18, 0.16, 0.09, 0.19], [2])",-0.64,-0.0,-0.0,-0.0,-0.0,-0.0,-0.64,0.6348996546909951,0.03241174050616802,0.50920069061801
34,"([1, 0, 0, 0, 0, 0], [0])","([0.01, 0.36, 0.18, 0.16, 0.09, 0.19], [5])",-0.64,-0.0,-0.0,-0.0,-0.0,-0.0,-0.64,0.6348996546909951,0.03751208581517296,0.50920069061801
35,"([1, 0, 0, 0, 0, 0], [0])","([0.01, 0.36, 0.18, 0.16, 0.09, 0.19], [2])",-0.64,-0.0,-0.0,-0.0,-0.0,-0.0,-0.64,0.6348996546909951,0.042612431124177896,0.50920069061801
36,"([1, 0, 0, 0, 0, 0], [0])","([0.01, 0.36, 0.18, 0.16, 0.09, 0.19], [1])",-0.64,-0.0,-0.0,-0.0,-0.0,-0.0,-0.64,0.6348996546909951,0.047712776433182835,0.50920069061801
37,"([1, 0, 0, 0, 0, 0], [0])","([0.01, 0.36, 0.18, 0.16, 0.09, 0.19], [1])",-0.64,-0.0,-0.0,-0.0,-0.0,-0.0,-0.64,0.6348996546909951,0.052813121742187774,0.50920069061801
38,"([1, 0, 0, 0, 0, 0], [0])","([0.01, 0.36, 0.18, 0.16, 0.09, 0.19], [2])",-0.64,-0.0,-0.0,-0.0,-0.0,-0.0,-0.64,0.6348996546909951,0.05791346705119271,0.50920069061801
39,"([1, 0, 0, 0, 0, 0], [0])","([0.01, 0.36, 0.18, 0.16, 0.09, 0.19], [2])",-0.64,-0.0,-0.0,-0.0,-0.0,-0.0,-0.64,0.6348996546909951,0.06301381236019765,0.50920069061801
40,"([1, 0, 0, 0, 0, 0], [0])","([0.01, 0.36, 0.18, 0.16, 0.09, 0.19], [5])",-0.64,-0.0,-0.0,-0.0,-0.0,-0.0,-0.64,0.6348996546909951,0.06811415766920259,0.50920069061801
41,"([1, 0, 0, 0, 0, 0], [0])","([0.01, 0.36, 0.18, 0.16, 0.09, 0.19], [2])",-0.64,-0.0,-0.0,-0.0,-0.0,-0.0,-0.64,0.6348996546909951,0.07321450297820753,0.50920069061801
42,"([1, 0, 0, 0, 0, 0], [0])","([0.01, 0.36, 0.18, 0.16, 0.09, 0.19], [4])",-0.64,-0.0,-0.0,-0.0,-0.0,-0.0,-0.64,0.6348996546909951,0.07831484828721247,0.50920069061801
43,"([1, 0, 0, 0, 0, 0], [0])","([0.01, 0.36, 0.18, 0.16, 0.09, 0.19], [1])",-0.64,-0.0,-0.0,-0.0,-0.0,-0.0,-0.64,0.6348996546909951,0.08341519359621741,0.50920069061801
44,"([1, 0, 0, 0, 0, 0], [0])","([0.01, 0.36, 0.18, 0.16, 0.09, 0.19], [3])",-0.64,-0.0,-0.0,-0.0,-0.0,-0.0,-0.64,0.6348996546909951,0.08851553890522235,0.50920069061801
45,"([1, 0, 0, 0, 0, 0], [0])","([0.01, 0.36, 0.18, 0.16, 0.09, 0.19], [1])",-0.64,-0.0,-0.0,-0.0,-0.0,-0.0,-0.64,0.6348996546909951,0.09361588421422729,0.50920069061801
46,"([1, 0, 0, 0, 0, 0], [0])","([0.01, 0.36, 0.18, 0.16, 0.09, 0.19], [1])",-0.64,-0.0,-0.0,-0.0,-0.0,-0.0,-0.64,0.6348996546909951,0.09871622952323222,0.50920069061801
47,"([1, 0, 0, 0, 0, 0], [0])","([0.01, 0.36, 0.18, 0.16, 0.09, 0.19], [1])",-0.64,-0.0,-0.0,-0.0,-0.0,-0.0,-0.64,0.6348996546909951,0.10381657483223716,0.50920069061801
48,"([1, 0, 0, 0, 0, 0], [0])","([0.01, 0.36, 0.18, 0.16, 0.09, 0.19], [1])",-0.64,-0.0,-0.0,-0.0,-0.0,-0.0,-0.64,0.6348996546909951,0.1089169201412421,0.50920069061801
49,"([1, 0, 0, 0, 0, 0], [0])","([0.01, 0.36, 0.18, 0.16, 0.09, 0.19], [0])",-0.0,-0.0,-0.0,-0.0,-0.0,-0.0,0.0,0.6348996546909951,-0.525982734549753,0.50920069061801
50,"([1, 0, 0, 0, 0, 0], [0])","([0.01, 0.36, 0.18, 0.16, 0.09, 0.19], [5])",-0.64,-0.0,-0.0,-0.0,-0.0,-0.0,-0.64,0.6348996546909951,-0.520882389240748,0.50920069061801
51,"([1, 0, 0, 0, 0, 0], [0])","([0.01, 0.36, 0.18, 0.16, 0.09, 0.19], [5])",-0.64,-0.0,-0.0,-0.0,-0.0,-0.0,-0.64,0.6348996546909951,-0.5157820439317431,0.50920069061801
52,"([1, 0, 0, 0, 0, 0], [0])","([0.01, 0.36, 0.18, 0.16, 0.09, 0.19], [5])",-0.64,-0.0,-0.0,-0.0,-0.0,-0.0,-0.64,0.6348996546909951,-0.5106816986227382,0.50920069061801
53,"([1, 0, 0, 0, 0, 0], [0])","([0.01, 0.36, 0.18, 0.16, 0.09, 0.19], [5])",-0.64,-0.0,-0.0,-0.0,-0.0,-0.0,-0.64,0.6348996546909951,-0.5055813533137332,0.50920069061801
54,"([1, 0, 0, 0, 0, 0], [0])","([0.01, 0.36, 0.18, 0.16, 0.09, 0.19], [4])",-0.64,-0.0,-0.0,-0.0,-0.0,-0.0,-0.64,0.6348996546909951,-0.5004810080047283,0.50920069061801
55,"([1, 0, 0, 0, 0, 0], [0])","([0.01, 0.36, 0.18, 0.16, 0.09, 0.19], [4])",-0.64,-0.0,-0.0,-0.0,-0.0,-0.0,-0.64,0.6348996546909951,-0.49538066269572334,0.50920069061801
56,"([1, 0, 0, 0, 0, 0], [0])","([0.01, 0.36, 0.18, 0.16, 0.09, 0.19], [5])",-0.64,-0.0,-0.0,-0.0,-0.0,-0.0,-0.64,0.6348996546909951,-0.4902803173867184,0.50920069061801
57,"([1, 0, 0, 0, 0, 0], [0])","([0.01, 0.36, 0.18, 0.16, 0.09, 0.19], [1])",-0.64,-0.0,-0.0,-0.0,-0.0,-0.0,-0.64,0.6348996546909951,-0.48517997207771346,0.50920069061801
58,"([1, 0, 0, 0, 0, 0], [0])","([0.01, 0.36, 0.18, 0.16, 0.09, 0.19], [1])",-0.64,-0.0,-0.0,-0.0,-0.0,-0.0,-0.64,0.6348996546909951,-0.4800796267687085,0.50920069061801
59,"([1, 0, 0, 0, 0, 0], [0])","([0.01, 0.36, 0.18, 0.16, 0.09, 0.19], [3])",-0.64,-0.0,-0.0,-0.0,-0.0,-0.0,-0.64,0.6348996546909951,-0.4749792814597036,0.50920069061801
60,"([1, 0, 0, 0, 0, 0], [0])","([0.01, 0.36, 0.18, 0.16, 0.09, 0.19], [2])",-0.64,-0.0,-0.0,-0.0,-0.0,-0.0,-0.64,0.6348996546909951,-0.46987893615069865,0.50920069061801
61,"([1, 0, 0, 0, 0, 0], [0])","([0.01, 0.36, 0.18, 0.16, 0.09, 0.19], [5])",-0.64,-0.0,-0.0,-0.0,-0.0,-0.0,-0.64,0.6348996546909951,-0.4647785908416937,0.50920069061801
62,"([1, 0, 0, 0, 0, 0], [0])","([0.01, 0.36, 0.18, 0.16, 0.09, 0.19], [5])",-0.64,-0.0,-0.0,-0.0,-0.0,-0.0,-0.64,0.6348996546909951,-0.45967824553268877,0.50920069061801
63,"([1, 0, 0, 0, 0, 0], [0])","([0.01, 0.36, 0.18, 0.16, 0.09, 0.19], [3])",-0.64,-0.0,-0.0,-0.0,-0.0,-0.0,-0.64,0.6348996546909951,-0.45457790022368383,0.50920069061801
64,"([1, 0, 0, 0, 0, 0], [0])","([0.01, 0.36, 0.18, 0.16, 0.09, 0.19], [1])",-0.64,-0.0,-0.0,-0.0,-0.0,-0.0,-0.64,0.6348996546909951,-0.4494775549146789,0.50920069061801
65,"([1, 0, 0, 0, 0, 0], [0])","([0.01, 0.36, 0.18, 0.16, 0.09, 0.19], [3])",-0.64,-0.0,-0.0,-0.0,-0.0,-0.0,-0.64,0.6348996546909951,-0.44437720960567395,0.50920069061801
66,"([1, 0, 0, 0, 0, 0], [0])","([0.01, 0.36, 0.18, 0.16, 0.09, 0.19], [5])",-0.64,-0.0,-0.0,-0.0,-0.0,-0.0,-0.64,0.6348996546909951,-0.439276864296669,0.50920069061801
67,"([1, 0, 0, 0, 0, 0], [0])","([0.01, 0.36, 0.18, 0.16, 0.09, 0.19], [5])",-0.64,-0.0,-0.0,-0.0,-0.0,-0.0,-0.64,0.6348996546909951,-0.4341765189876641,0.50920069061801
68,"([1, 0, 0, 0, 0, 0], [0])","([0.01, 0.36, 0.18, 0.16, 0.09, 0.19], [3])",-0.64,-0.0,-0.0,-0.0,-0.0,-0.0,-0.64,0.6348996546909951,-0.42907617367865913,0.50920069061801
69,"([1, 0, 0, 0, 0, 0], [0])","([0.01, 0.36, 0.18, 0.16, 0.09, 0.19], [1])",-0.64,-0.0,-0.0,-0.0,-0.0,-0.0,-0.64,0.6348996546909951,-0.4239758283696542,0.50920069061801
70,"([1, 0, 0, 0, 0, 0], [0])","([0.01, 0.36, 0.18, 0.16, 0.09, 0.19], [4])",-0.64,-0.0,-0.0,-0.0,-0.0,-0.0,-0.64,0.6348996546909951,-0.41887548306064926,0.50920069061801
71,"([1, 0, 0, 0, 0, 0], [0])","([0.01, 0.36, 0.18, 0.16, 0.09, 0.19], [4])",-0.64,-0.0,-0.0,-0.0,-0.0,-0.0,-0.64,0.6348996546909951,-0.4137751377516443,0.50920069061801
72,"([1, 0, 0, 0, 0, 0], [0])","([0.01, 0.36, 0.18, 0.16, 0.09, 0.19], [5])",-0.64,-0.0,-0.0,-0.0,-0.0,-0.0,-0.64,0.6348996546909951,-0.4086747924426394,0.50920069061801
73,"([1, 0, 0, 0, 0, 0], [0])","([0.01, 0.36, 0.18, 0.16, 0.09, 0.19], [4])",-0.64,-0.0,-0.0,-0.0,-0.0,-0.0,-0.64,0.6348996546909951,-0.40357444713363444,0.50920069061801
74,"([1, 0, 0, 0, 0, 0], [0])","([0.01, 0.36, 0.18, 0.16, 0.09, 0.19], [5])",-0.64,-0.0,-0.0,-0.0,-0.0,-0.0,-0.64,0.6348996546909951,-0.3984741018246295,0.50920069061801
75,"([1, 0, 0, 0, 0, 0], [0])","([0.01, 0.36, 0.18, 0.16, 0.09, 0.19], [1])",-0.64,-0.0,-0.0,-0.0,-0.0,-0.0,-0.64,0.6348996546909951,-0.39337375651562456,0.50920069061801
76,"([1, 0, 0, 0, 0, 0], [0])","([0.01, 0.36, 0.18, 0.16, 0.09, 0.19], [3])",-0.64,-0.0,-0.0,-0.0,-0.0,-0.0,-0.64,0.6348996546909951,-0.3882734112066196,0.50920069061801
77,"([1, 0, 0, 0, 0, 0], [0])","([0.01, 0.36, 0.18, 0.16, 0.09, 0.19], [5])",-0.64,-0.0,-0.0,-0.0,-0.0,-0.0,-0.64,0.6348996546909951,-0.3831730658976147,0.50920069061801
78,"([1, 0, 0, 0, 0, 0], [0])","([0.01, 0.36, 0.18, 0.16, 0.09, 0.19], [1])",-0.64,-0.0,-0.0,-0.0,-0.0,-0.0,-0.64,0.6348996546909951,-0.37807272058860975,0.50920069061801
79,"([1, 0, 0, 0, 0, 0], [0])","([0.01, 0.36, 0.18, 0.16, 0.09, 0.19], [2])",-0.64,-0.0,-0.0,-0.0,-0.0,-0.0,-0.64,0.6348996546909951,-0.3729723752796048,0.50920069061801
80,"([1, 0, 0, 0, 0, 0], [0])","([0.01, 0.36, 0.18, 0.16, 0.09, 0.19], [1])",-0.64,-0.0,-0.0,-0.0,-0.0,-0.0,-0.64,0.6348996546909951,-0.36787202997059987,0.50920069061801
81,"([1, 0, 0, 0, 0, 0], [0])","([0.01, 0.36, 0.18, 0.16, 0.09, 0.19], [3])",-0.64,-0.0,-0.0,-0.0,-0.0,-0.0,-0.64,0.6348996546909951,-0.36277168466159493,0.50920069061801
82,"([1, 0, 0, 0, 0, 0], [0])","([0.01, 0.36, 0.18, 0.16, 0.09, 0.19], [5])",-0.64,-0.0,-0.0,-0.0,-0.0,-0.0,-0.64,0.6348996546909951,-0.35767133935259,0.50920069061801
83,"([1, 0, 0, 0, 0, 0], [0])","([0.01, 0.36, 0.18, 0.16, 0.09, 0.19], [5])",-0.64,-0.0,-0.0,-0.0,-0.0,-0.0,-0.64,0.6348996546909951,-0.35257099404358505,0.50920069061801
84,"([1, 0, 0, 0, 0, 0], [0])","([0.01, 0.36, 0.18, 0.16, 0.09, 0.19], [5])",-0.64,-0.0,-0.0,-0.0,-0.0,-0.0,-0.64,0.6348996546909951,-0.3474706487345801,0.50920069061801
85,"([1, 0, 0, 0, 0, 0], [0])","([0.01, 0.36, 0.18, 0.16, 0.09, 0.19], [1])",-0.64,-0.0,-0.0,-0.0,-0.0,-0.0,-0.64,0.6348996546909951,-0.3423703034255752,0.50920069061801
86,"([1, 0, 0, 0, 0, 0], [0])","([0.01, 0.36, 0.18, 0.16, 0.09, 0.19], [3])",-0.64,-0.0,-0.0,-0.0,-0.0,-0.0,-0.64,0.6348996546909951,-0.33726995811657023,0.50920069061801
87,"([1, 0, 0, 0, 0, 0], [0])","([0.01, 0.36, 0.18, 0.16, 0.09, 0.19], [1])",-0.64,-0.0,-0.0,-0.0,-0.0,-0.0,-0.64,0.6348996546909951,-0.3321696128075653,0.50920069061801
88,"([1, 0, 0, 0, 0, 0], [0])","([0.01, 0.36, 0.18, 0.16, 0.09, 0.19], [1])",-0.64,-0.0,-0.0,-0.0,-0.0,-0.0,-0.64,0.6348996546909951,-0.32706926749856036,0.50920069061801
89,"([1, 0, 0, 0, 0, 0], [0])","([0.01, 0.36, 0.18, 0.16, 0.09, 0.19], [5])",-0.64,-0.0,-0.0,-0.0,-0.0,-0.0,-0.64,0.6348996546909951,-0.3219689221895554,0.50920069061801
90,"([1, 0, 0, 0, 0, 0], [0])","([0.01, 0.36, 0.18, 0.16, 0.09, 0.19], [4])",-0.64,-0.0,-0.0,-0.0,-0.0,-0.0,-0.64,0.6348996546909951,-0.3168685768805505,0.50920069061801
91,"([1, 0, 0, 0, 0, 0], [0])","([0.01, 0.36, 0.18, 0.16, 0.09, 0.19], [5])",-0.64,-0.0,-0.0,-0.0,-0.0,-0.0,-0.64,0.6348996546909951,-0.31176823157154554,0.50920069061801
92,"([1, 0, 0, 0, 0, 0], [0])","([0.01, 0.36, 0.18, 0.16, 0.09, 0.19], [1])",-0.64,-0.0,-0.0,-0.0,-0.0,-0.0,-0.64,0.6348996546909951,-0.3066678862625406,0.50920069061801
93,"([1, 0, 0, 0, 0, 0], [0])","([0.01, 0.36, 0.18, 0.16, 0.09, 0.19], [3])",-0.64,-0.0,-0.0,-0.0,-0.0,-0.0,-0.64,0.6348996546909951,-0.30156754095353566,0.50920069061801
94,"([1, 0, 0, 0, 0, 0], [0])","([0.01, 0.36, 0.18, 0.16, 0.09, 0.19], [1])",-0.64,-0.0,-0.0,-0.0,-0.0,-0.0,-0.64,0.6348996546909951,-0.2964671956445307,0.50920069061801
95,"([1, 0, 0, 0, 0, 0], [0])","([0.01, 0.36, 0.18, 0.16, 0.09, 0.19], [1])",-0.64,-0.0,-0.0,-0.0,-0.0,-0.0,-0.64,0.6348996546909951,-0.2913668503355258,0.50920069061801
96,"([1, 0, 0, 0, 0, 0], [0])","([0.01, 0.36, 0.18, 0.16, 0.09, 0.19], [2])",-0.64,-0.0,-0.0,-0.0,-0.0,-0.0,-0.64,0.6348996546909951,-0.28626650502652085,0.50920069061801
97,"([1, 0, 0, 0, 0, 0], [0])","([0.01, 0.36, 0.18, 0.16, 0.09, 0.19], [4])",-0.64,-0.0,-0.0,-0.0,-0.0,-0.0,-0.64,0.6348996546909951,-0.2811661597175159,0.50920069061801
98,"([1, 0, 0, 0, 0, 0], [0])","([0.01, 0.36, 0.18, 0.16, 0.09, 0.19], [5])",-0.64,-0.0,-0.0,-0.0,-0.0,-0.0,-0.64,0.6348996546909951,-0.27606581440851097,0.50920069061801
99,"([1, 0, 0, 0, 0, 0], [0])","([0.01, 0.36, 0.18, 0.16, 0.09, 0.19], [1])",-0.64,-0.0,-0.0,-0.0,-0.0,-0.0,-0.64,0.6348996546909951,-0.27096546909950603,0.50920069061801
