,sto-1,FRL-0,feedback target 0,feedback target 1,feedback target 2,feedback target 3,feedback target 4,feedback target 5,total,exp_loss,actual_regret,exp_regret
0,"([0.13, 0.23, 0.45, 0.02, 0.17, 0.01], [0])","([0.08, 0.18, 0.08, 0.27, 0.01, 0.38], [0])",-0.0,-0.0,-0.0,-0.0,-0.0,-0.0,0.0,0.6132573075948613,-0.38390699999999994,0.22935030759486136
1,"([0.13, 0.23, 0.45, 0.02, 0.17, 0.01], [2])","([0.08, 0.18, 0.08, 0.27, 0.01, 0.38], [1])",-0.0,-0.0,-0.67,-0.0,-0.0,-0.0,-0.67,0.6132573075948613,-0.09781399999999985,0.4587006151897227
2,"([0.13, 0.23, 0.45, 0.02, 0.17, 0.01], [2])","([0.13, 0.18, 0.13, 0.22, 0.08, 0.26], [4])",-0.0,-0.0,-0.67,-0.0,-0.0,-0.0,-0.67,0.5886935513127208,0.18827900000000025,0.6634871665024435
3,"([0.13, 0.23, 0.45, 0.02, 0.17, 0.01], [0])","([0, 0, 1, 0, 0, 0], [2])",-0.6679999999999999,-0.0,-0.0,-0.0,-0.0,-0.0,-0.6679999999999999,0.38390699999999994,0.47237200000000024,0.6634871665024435
4,"([0.13, 0.23, 0.45, 0.02, 0.17, 0.01], [2])","([0, 0, 1, 0, 0, 0], [2])",-0.0,-0.0,-0.0,-0.0,-0.0,-0.0,0.0,0.38390699999999994,0.0884650000000003,0.6634871665024435
5,"([0.13, 0.23, 0.45, 0.02, 0.17, 0.01], [1])","([0, 0, 1, 0, 0, 0], [2])",-0.0,-0.745,-0.0,-0.0,-0.0,-0.0,-0.745,0.38390699999999994,0.44955800000000035,0.6634871665024435
6,"([0.13, 0.23, 0.45, 0.02, 0.17, 0.01], [0])","([0, 0, 1, 0, 0, 0], [2])",-0.6679999999999999,-0.0,-0.0,-0.0,-0.0,-0.0,-0.6679999999999999,0.38390699999999994,0.7336510000000003,0.6634871665024435
7,"([0.13, 0.23, 0.45, 0.02, 0.17, 0.01], [4])","([0, 0, 1, 0, 0, 0], [2])",-0.0,-0.0,-0.0,-0.0,-0.617,-0.0,-0.617,0.38390699999999994,0.9667440000000003,0.6634871665024435
8,"([0.13, 0.23, 0.45, 0.02, 0.17, 0.01], [2])","([0, 0, 1, 0, 0, 0], [2])",-0.0,-0.0,-0.0,-0.0,-0.0,-0.0,0.0,0.38390699999999994,0.5828370000000003,0.6634871665024435
9,"([0.13, 0.23, 0.45, 0.02, 0.17, 0.01], [1])","([0, 0, 1, 0, 0, 0], [2])",-0.0,-0.745,-0.0,-0.0,-0.0,-0.0,-0.745,0.38390699999999994,0.9439300000000004,0.6634871665024435
10,"([0.13, 0.23, 0.45, 0.02, 0.17, 0.01], [1])","([0, 0, 1, 0, 0, 0], [2])",-0.0,-0.745,-0.0,-0.0,-0.0,-0.0,-0.745,0.38390699999999994,1.3050230000000005,0.6634871665024435
11,"([0.13, 0.23, 0.45, 0.02, 0.17, 0.01], [2])","([0, 0, 1, 0, 0, 0], [2])",-0.0,-0.0,-0.0,-0.0,-0.0,-0.0,0.0,0.38390699999999994,0.9211160000000005,0.6634871665024435
12,"([0.13, 0.23, 0.45, 0.02, 0.17, 0.01], [2])","([0, 0, 1, 0, 0, 0], [2])",-0.0,-0.0,-0.0,-0.0,-0.0,-0.0,0.0,0.38390699999999994,0.5372090000000005,0.6634871665024435
13,"([0.13, 0.23, 0.45, 0.02, 0.17, 0.01], [1])","([0, 0, 1, 0, 0, 0], [2])",-0.0,-0.745,-0.0,-0.0,-0.0,-0.0,-0.745,0.38390699999999994,0.8983020000000006,0.6634871665024435
14,"([0.13, 0.23, 0.45, 0.02, 0.17, 0.01], [2])","([0, 0, 1, 0, 0, 0], [2])",-0.0,-0.0,-0.0,-0.0,-0.0,-0.0,0.0,0.38390699999999994,0.5143950000000006,0.6634871665024435
15,"([0.13, 0.23, 0.45, 0.02, 0.17, 0.01], [2])","([0, 0, 1, 0, 0, 0], [2])",-0.0,-0.0,-0.0,-0.0,-0.0,-0.0,0.0,0.38390699999999994,0.13048800000000066,0.6634871665024435
16,"([0.13, 0.23, 0.45, 0.02, 0.17, 0.01], [3])","([0, 0, 1, 0, 0, 0], [2])",-0.0,-0.0,-0.0,-0.835,-0.0,-0.0,-0.835,0.38390699999999994,0.5815810000000007,0.6634871665024435
17,"([0.13, 0.23, 0.45, 0.02, 0.17, 0.01], [1])","([0, 0, 1, 0, 0, 0], [2])",-0.0,-0.745,-0.0,-0.0,-0.0,-0.0,-0.745,0.38390699999999994,0.9426740000000007,0.6634871665024435
18,"([0.13, 0.23, 0.45, 0.02, 0.17, 0.01], [2])","([0, 0, 1, 0, 0, 0], [2])",-0.0,-0.0,-0.0,-0.0,-0.0,-0.0,0.0,0.38390699999999994,0.5587670000000007,0.6634871665024435
19,"([0.13, 0.23, 0.45, 0.02, 0.17, 0.01], [1])","([0, 0, 1, 0, 0, 0], [2])",-0.0,-0.745,-0.0,-0.0,-0.0,-0.0,-0.745,0.38390699999999994,0.9198600000000008,0.6634871665024435
20,"([0.13, 0.23, 0.45, 0.02, 0.17, 0.01], [2])","([0, 0, 1, 0, 0, 0], [2])",-0.0,-0.0,-0.0,-0.0,-0.0,-0.0,0.0,0.38390699999999994,0.5359530000000008,0.6634871665024435
21,"([0.13, 0.23, 0.45, 0.02, 0.17, 0.01], [0])","([0, 0, 1, 0, 0, 0], [2])",-0.6679999999999999,-0.0,-0.0,-0.0,-0.0,-0.0,-0.6679999999999999,0.38390699999999994,0.8200460000000007,0.6634871665024435
22,"([0.13, 0.23, 0.45, 0.02, 0.17, 0.01], [4])","([0, 0, 1, 0, 0, 0], [2])",-0.0,-0.0,-0.0,-0.0,-0.617,-0.0,-0.617,0.38390699999999994,1.0531390000000007,0.6634871665024435
23,"([0.13, 0.23, 0.45, 0.02, 0.17, 0.01], [2])","([0, 0, 1, 0, 0, 0], [2])",-0.0,-0.0,-0.0,-0.0,-0.0,-0.0,0.0,0.38390699999999994,0.6692320000000007,0.6634871665024435
24,"([0.13, 0.23, 0.45, 0.02, 0.17, 0.01], [2])","([0, 0, 1, 0, 0, 0], [2])",-0.0,-0.0,-0.0,-0.0,-0.0,-0.0,0.0,0.38390699999999994,0.2853250000000008,0.6634871665024435
25,"([0.13, 0.23, 0.45, 0.02, 0.17, 0.01], [1])","([0, 0, 1, 0, 0, 0], [2])",-0.0,-0.745,-0.0,-0.0,-0.0,-0.0,-0.745,0.38390699999999994,0.6464180000000008,0.6634871665024435
26,"([0.13, 0.23, 0.45, 0.02, 0.17, 0.01], [2])","([0, 0, 1, 0, 0, 0], [2])",-0.0,-0.0,-0.0,-0.0,-0.0,-0.0,0.0,0.38390699999999994,0.2625110000000009,0.6634871665024435
27,"([0.13, 0.23, 0.45, 0.02, 0.17, 0.01], [4])","([0, 0, 1, 0, 0, 0], [2])",-0.0,-0.0,-0.0,-0.0,-0.617,-0.0,-0.617,0.38390699999999994,0.49560400000000093,0.6634871665024435
28,"([0.13, 0.23, 0.45, 0.02, 0.17, 0.01], [0])","([0, 0, 1, 0, 0, 0], [2])",-0.6679999999999999,-0.0,-0.0,-0.0,-0.0,-0.0,-0.6679999999999999,0.38390699999999994,0.779697000000001,0.6634871665024435
29,"([0.13, 0.23, 0.45, 0.02, 0.17, 0.01], [1])","([0, 0, 1, 0, 0, 0], [2])",-0.0,-0.745,-0.0,-0.0,-0.0,-0.0,-0.745,0.38390699999999994,1.140790000000001,0.6634871665024435
30,"([0.13, 0.23, 0.45, 0.02, 0.17, 0.01], [2])","([0, 0, 1, 0, 0, 0], [2])",-0.0,-0.0,-0.0,-0.0,-0.0,-0.0,0.0,0.38390699999999994,0.7568830000000011,0.6634871665024435
31,"([0.13, 0.23, 0.45, 0.02, 0.17, 0.01], [2])","([0, 0, 1, 0, 0, 0], [2])",-0.0,-0.0,-0.0,-0.0,-0.0,-0.0,0.0,0.38390699999999994,0.37297600000000114,0.6634871665024435
32,"([0.13, 0.23, 0.45, 0.02, 0.17, 0.01], [0])","([0, 0, 1, 0, 0, 0], [2])",-0.6679999999999999,-0.0,-0.0,-0.0,-0.0,-0.0,-0.6679999999999999,0.38390699999999994,0.6570690000000011,0.6634871665024435
33,"([0.13, 0.23, 0.45, 0.02, 0.17, 0.01], [4])","([0, 0, 1, 0, 0, 0], [2])",-0.0,-0.0,-0.0,-0.0,-0.617,-0.0,-0.617,0.38390699999999994,0.8901620000000012,0.6634871665024435
34,"([0.13, 0.23, 0.45, 0.02, 0.17, 0.01], [4])","([0, 0, 1, 0, 0, 0], [2])",-0.0,-0.0,-0.0,-0.0,-0.617,-0.0,-0.617,0.38390699999999994,1.1232550000000012,0.6634871665024435
35,"([0.13, 0.23, 0.45, 0.02, 0.17, 0.01], [2])","([0, 0, 1, 0, 0, 0], [2])",-0.0,-0.0,-0.0,-0.0,-0.0,-0.0,0.0,0.38390699999999994,0.7393480000000012,0.6634871665024435
36,"([0.13, 0.23, 0.45, 0.02, 0.17, 0.01], [2])","([0, 0, 1, 0, 0, 0], [2])",-0.0,-0.0,-0.0,-0.0,-0.0,-0.0,0.0,0.38390699999999994,0.3554410000000013,0.6634871665024435
37,"([0.13, 0.23, 0.45, 0.02, 0.17, 0.01], [0])","([0, 0, 1, 0, 0, 0], [2])",-0.6679999999999999,-0.0,-0.0,-0.0,-0.0,-0.0,-0.6679999999999999,0.38390699999999994,0.6395340000000013,0.6634871665024435
38,"([0.13, 0.23, 0.45, 0.02, 0.17, 0.01], [2])","([0, 0, 1, 0, 0, 0], [2])",-0.0,-0.0,-0.0,-0.0,-0.0,-0.0,0.0,0.38390699999999994,0.2556270000000013,0.6634871665024435
39,"([0.13, 0.23, 0.45, 0.02, 0.17, 0.01], [2])","([0, 0, 1, 0, 0, 0], [2])",-0.0,-0.0,-0.0,-0.0,-0.0,-0.0,0.0,0.38390699999999994,-0.12827999999999862,0.6634871665024435
40,"([0.13, 0.23, 0.45, 0.02, 0.17, 0.01], [4])","([0, 0, 1, 0, 0, 0], [2])",-0.0,-0.0,-0.0,-0.0,-0.617,-0.0,-0.617,0.38390699999999994,0.10481300000000143,0.6634871665024435
41,"([0.13, 0.23, 0.45, 0.02, 0.17, 0.01], [2])","([0, 0, 1, 0, 0, 0], [2])",-0.0,-0.0,-0.0,-0.0,-0.0,-0.0,0.0,0.38390699999999994,-0.2790939999999985,0.6634871665024435
42,"([0.13, 0.23, 0.45, 0.02, 0.17, 0.01], [4])","([0, 0, 1, 0, 0, 0], [2])",-0.0,-0.0,-0.0,-0.0,-0.617,-0.0,-0.617,0.38390699999999994,-0.04600099999999846,0.6634871665024435
43,"([0.13, 0.23, 0.45, 0.02, 0.17, 0.01], [3])","([0, 0, 1, 0, 0, 0], [2])",-0.0,-0.0,-0.0,-0.835,-0.0,-0.0,-0.835,0.38390699999999994,0.40509200000000156,0.6634871665024435
44,"([0.13, 0.23, 0.45, 0.02, 0.17, 0.01], [2])","([0, 0, 1, 0, 0, 0], [2])",-0.0,-0.0,-0.0,-0.0,-0.0,-0.0,0.0,0.38390699999999994,0.02118500000000162,0.6634871665024435
45,"([0.13, 0.23, 0.45, 0.02, 0.17, 0.01], [5])","([0, 0, 1, 0, 0, 0], [2])",-0.0,-0.0,-0.0,-0.0,-0.0,-0.997,-0.997,0.38390699999999994,0.6342780000000017,0.6634871665024435
46,"([0.13, 0.23, 0.45, 0.02, 0.17, 0.01], [1])","([0, 0, 1, 0, 0, 0], [2])",-0.0,-0.745,-0.0,-0.0,-0.0,-0.0,-0.745,0.38390699999999994,0.9953710000000018,0.6634871665024435
47,"([0.13, 0.23, 0.45, 0.02, 0.17, 0.01], [2])","([0, 0, 1, 0, 0, 0], [2])",-0.0,-0.0,-0.0,-0.0,-0.0,-0.0,0.0,0.38390699999999994,0.6114640000000018,0.6634871665024435
48,"([0.13, 0.23, 0.45, 0.02, 0.17, 0.01], [2])","([0, 0, 1, 0, 0, 0], [2])",-0.0,-0.0,-0.0,-0.0,-0.0,-0.0,0.0,0.38390699999999994,0.22755700000000184,0.6634871665024435
49,"([0.13, 0.23, 0.45, 0.02, 0.17, 0.01], [2])","([0, 0, 1, 0, 0, 0], [2])",-0.0,-0.0,-0.0,-0.0,-0.0,-0.0,0.0,0.38390699999999994,-0.1563499999999981,0.6634871665024435
50,"([0.13, 0.23, 0.45, 0.02, 0.17, 0.01], [0])","([0, 0, 1, 0, 0, 0], [2])",-0.6679999999999999,-0.0,-0.0,-0.0,-0.0,-0.0,-0.6679999999999999,0.38390699999999994,0.12774300000000188,0.6634871665024435
51,"([0.13, 0.23, 0.45, 0.02, 0.17, 0.01], [4])","([0, 0, 1, 0, 0, 0], [2])",-0.0,-0.0,-0.0,-0.0,-0.617,-0.0,-0.617,0.38390699999999994,0.36083600000000193,0.6634871665024435
52,"([0.13, 0.23, 0.45, 0.02, 0.17, 0.01], [4])","([0, 0, 1, 0, 0, 0], [2])",-0.0,-0.0,-0.0,-0.0,-0.617,-0.0,-0.617,0.38390699999999994,0.5939290000000019,0.6634871665024435
53,"([0.13, 0.23, 0.45, 0.02, 0.17, 0.01], [2])","([0, 0, 1, 0, 0, 0], [2])",-0.0,-0.0,-0.0,-0.0,-0.0,-0.0,0.0,0.38390699999999994,0.21002200000000198,0.6634871665024435
54,"([0.13, 0.23, 0.45, 0.02, 0.17, 0.01], [2])","([0, 0, 1, 0, 0, 0], [2])",-0.0,-0.0,-0.0,-0.0,-0.0,-0.0,0.0,0.38390699999999994,-0.17388499999999796,0.6634871665024435
55,"([0.13, 0.23, 0.45, 0.02, 0.17, 0.01], [2])","([0, 0, 1, 0, 0, 0], [2])",-0.0,-0.0,-0.0,-0.0,-0.0,-0.0,0.0,0.38390699999999994,-0.5577919999999978,0.6634871665024435
56,"([0.13, 0.23, 0.45, 0.02, 0.17, 0.01], [0])","([0, 0, 1, 0, 0, 0], [2])",-0.6679999999999999,-0.0,-0.0,-0.0,-0.0,-0.0,-0.6679999999999999,0.38390699999999994,-0.27369899999999786,0.6634871665024435
57,"([0.13, 0.23, 0.45, 0.02, 0.17, 0.01], [4])","([0, 0, 1, 0, 0, 0], [2])",-0.0,-0.0,-0.0,-0.0,-0.617,-0.0,-0.617,0.38390699999999994,-0.04060599999999781,0.6634871665024435
58,"([0.13, 0.23, 0.45, 0.02, 0.17, 0.01], [2])","([0, 0, 1, 0, 0, 0], [2])",-0.0,-0.0,-0.0,-0.0,-0.0,-0.0,0.0,0.38390699999999994,-0.42451299999999775,0.6634871665024435
59,"([0.13, 0.23, 0.45, 0.02, 0.17, 0.01], [2])","([0, 0, 1, 0, 0, 0], [2])",-0.0,-0.0,-0.0,-0.0,-0.0,-0.0,0.0,0.38390699999999994,-0.8084199999999977,0.6634871665024435
60,"([0.13, 0.23, 0.45, 0.02, 0.17, 0.01], [5])","([0, 0, 1, 0, 0, 0], [2])",-0.0,-0.0,-0.0,-0.0,-0.0,-0.997,-0.997,0.38390699999999994,-0.19532699999999759,0.6634871665024435
61,"([0.13, 0.23, 0.45, 0.02, 0.17, 0.01], [1])","([0, 0, 1, 0, 0, 0], [2])",-0.0,-0.745,-0.0,-0.0,-0.0,-0.0,-0.745,0.38390699999999994,0.16576600000000247,0.6634871665024435
62,"([0.13, 0.23, 0.45, 0.02, 0.17, 0.01], [0])","([0, 0, 1, 0, 0, 0], [2])",-0.6679999999999999,-0.0,-0.0,-0.0,-0.0,-0.0,-0.6679999999999999,0.38390699999999994,0.44985900000000245,0.6634871665024435
63,"([0.13, 0.23, 0.45, 0.02, 0.17, 0.01], [2])","([0, 0, 1, 0, 0, 0], [2])",-0.0,-0.0,-0.0,-0.0,-0.0,-0.0,0.0,0.38390699999999994,0.06595200000000251,0.6634871665024435
64,"([0.13, 0.23, 0.45, 0.02, 0.17, 0.01], [1])","([0, 0, 1, 0, 0, 0], [2])",-0.0,-0.745,-0.0,-0.0,-0.0,-0.0,-0.745,0.38390699999999994,0.42704500000000256,0.6634871665024435
65,"([0.13, 0.23, 0.45, 0.02, 0.17, 0.01], [1])","([0, 0, 1, 0, 0, 0], [2])",-0.0,-0.745,-0.0,-0.0,-0.0,-0.0,-0.745,0.38390699999999994,0.7881380000000027,0.6634871665024435
66,"([0.13, 0.23, 0.45, 0.02, 0.17, 0.01], [1])","([0, 0, 1, 0, 0, 0], [2])",-0.0,-0.745,-0.0,-0.0,-0.0,-0.0,-0.745,0.38390699999999994,1.1492310000000028,0.6634871665024435
67,"([0.13, 0.23, 0.45, 0.02, 0.17, 0.01], [2])","([0, 0, 1, 0, 0, 0], [2])",-0.0,-0.0,-0.0,-0.0,-0.0,-0.0,0.0,0.38390699999999994,0.7653240000000028,0.6634871665024435
68,"([0.13, 0.23, 0.45, 0.02, 0.17, 0.01], [2])","([0, 0, 1, 0, 0, 0], [2])",-0.0,-0.0,-0.0,-0.0,-0.0,-0.0,0.0,0.38390699999999994,0.38141700000000284,0.6634871665024435
69,"([0.13, 0.23, 0.45, 0.02, 0.17, 0.01], [2])","([0, 0, 1, 0, 0, 0], [2])",-0.0,-0.0,-0.0,-0.0,-0.0,-0.0,0.0,0.38390699999999994,-0.0024899999999971056,0.6634871665024435
70,"([0.13, 0.23, 0.45, 0.02, 0.17, 0.01], [0])","([0, 0, 1, 0, 0, 0], [2])",-0.6679999999999999,-0.0,-0.0,-0.0,-0.0,-0.0,-0.6679999999999999,0.38390699999999994,0.2816030000000029,0.6634871665024435
71,"([0.13, 0.23, 0.45, 0.02, 0.17, 0.01], [2])","([0, 0, 1, 0, 0, 0], [2])",-0.0,-0.0,-0.0,-0.0,-0.0,-0.0,0.0,0.38390699999999994,-0.10230399999999706,0.6634871665024435
72,"([0.13, 0.23, 0.45, 0.02, 0.17, 0.01], [2])","([0, 0, 1, 0, 0, 0], [2])",-0.0,-0.0,-0.0,-0.0,-0.0,-0.0,0.0,0.38390699999999994,-0.486210999999997,0.6634871665024435
73,"([0.13, 0.23, 0.45, 0.02, 0.17, 0.01], [2])","([0, 0, 1, 0, 0, 0], [2])",-0.0,-0.0,-0.0,-0.0,-0.0,-0.0,0.0,0.38390699999999994,-0.870117999999997,0.6634871665024435
74,"([0.13, 0.23, 0.45, 0.02, 0.17, 0.01], [2])","([0, 0, 1, 0, 0, 0], [2])",-0.0,-0.0,-0.0,-0.0,-0.0,-0.0,0.0,0.38390699999999994,-1.2540249999999968,0.6634871665024435
75,"([0.13, 0.23, 0.45, 0.02, 0.17, 0.01], [2])","([0, 0, 1, 0, 0, 0], [2])",-0.0,-0.0,-0.0,-0.0,-0.0,-0.0,0.0,0.38390699999999994,-1.6379319999999968,0.6634871665024435
76,"([0.13, 0.23, 0.45, 0.02, 0.17, 0.01], [2])","([0, 0, 1, 0, 0, 0], [2])",-0.0,-0.0,-0.0,-0.0,-0.0,-0.0,0.0,0.38390699999999994,-2.021838999999997,0.6634871665024435
77,"([0.13, 0.23, 0.45, 0.02, 0.17, 0.01], [4])","([0, 0, 1, 0, 0, 0], [2])",-0.0,-0.0,-0.0,-0.0,-0.617,-0.0,-0.617,0.38390699999999994,-1.7887459999999968,0.6634871665024435
78,"([0.13, 0.23, 0.45, 0.02, 0.17, 0.01], [2])","([0, 0, 1, 0, 0, 0], [2])",-0.0,-0.0,-0.0,-0.0,-0.0,-0.0,0.0,0.38390699999999994,-2.172652999999997,0.6634871665024435
79,"([0.13, 0.23, 0.45, 0.02, 0.17, 0.01], [0])","([0, 0, 1, 0, 0, 0], [2])",-0.6679999999999999,-0.0,-0.0,-0.0,-0.0,-0.0,-0.6679999999999999,0.38390699999999994,-1.888559999999997,0.6634871665024435
80,"([0.13, 0.23, 0.45, 0.02, 0.17, 0.01], [2])","([0, 0, 1, 0, 0, 0], [2])",-0.0,-0.0,-0.0,-0.0,-0.0,-0.0,0.0,0.38390699999999994,-2.2724669999999967,0.6634871665024435
81,"([0.13, 0.23, 0.45, 0.02, 0.17, 0.01], [2])","([0, 0, 1, 0, 0, 0], [2])",-0.0,-0.0,-0.0,-0.0,-0.0,-0.0,0.0,0.38390699999999994,-2.6563739999999965,0.6634871665024435
82,"([0.13, 0.23, 0.45, 0.02, 0.17, 0.01], [2])","([0, 0, 1, 0, 0, 0], [2])",-0.0,-0.0,-0.0,-0.0,-0.0,-0.0,0.0,0.38390699999999994,-3.0402809999999962,0.6634871665024435
83,"([0.13, 0.23, 0.45, 0.02, 0.17, 0.01], [1])","([0, 0, 1, 0, 0, 0], [2])",-0.0,-0.745,-0.0,-0.0,-0.0,-0.0,-0.745,0.38390699999999994,-2.6791879999999964,0.6634871665024435
84,"([0.13, 0.23, 0.45, 0.02, 0.17, 0.01], [4])","([0, 0, 1, 0, 0, 0], [2])",-0.0,-0.0,-0.0,-0.0,-0.617,-0.0,-0.617,0.38390699999999994,-2.446094999999996,0.6634871665024435
85,"([0.13, 0.23, 0.45, 0.02, 0.17, 0.01], [1])","([0, 0, 1, 0, 0, 0], [2])",-0.0,-0.745,-0.0,-0.0,-0.0,-0.0,-0.745,0.38390699999999994,-2.0850019999999962,0.6634871665024435
86,"([0.13, 0.23, 0.45, 0.02, 0.17, 0.01], [1])","([0, 0, 1, 0, 0, 0], [2])",-0.0,-0.745,-0.0,-0.0,-0.0,-0.0,-0.745,0.38390699999999994,-1.7239089999999961,0.6634871665024435
87,"([0.13, 0.23, 0.45, 0.02, 0.17, 0.01], [2])","([0, 0, 1, 0, 0, 0], [2])",-0.0,-0.0,-0.0,-0.0,-0.0,-0.0,0.0,0.38390699999999994,-2.107815999999996,0.6634871665024435
88,"([0.13, 0.23, 0.45, 0.02, 0.17, 0.01], [2])","([0, 0, 1, 0, 0, 0], [2])",-0.0,-0.0,-0.0,-0.0,-0.0,-0.0,0.0,0.38390699999999994,-2.491722999999996,0.6634871665024435
89,"([0.13, 0.23, 0.45, 0.02, 0.17, 0.01], [1])","([0, 0, 1, 0, 0, 0], [2])",-0.0,-0.745,-0.0,-0.0,-0.0,-0.0,-0.745,0.38390699999999994,-2.130629999999996,0.6634871665024435
90,"([0.13, 0.23, 0.45, 0.02, 0.17, 0.01], [1])","([0, 0, 1, 0, 0, 0], [2])",-0.0,-0.745,-0.0,-0.0,-0.0,-0.0,-0.745,0.38390699999999994,-1.769536999999996,0.6634871665024435
91,"([0.13, 0.23, 0.45, 0.02, 0.17, 0.01], [2])","([0, 0, 1, 0, 0, 0], [2])",-0.0,-0.0,-0.0,-0.0,-0.0,-0.0,0.0,0.38390699999999994,-2.153443999999996,0.6634871665024435
92,"([0.13, 0.23, 0.45, 0.02, 0.17, 0.01], [2])","([0, 0, 1, 0, 0, 0], [2])",-0.0,-0.0,-0.0,-0.0,-0.0,-0.0,0.0,0.38390699999999994,-2.5373509999999957,0.6634871665024435
93,"([0.13, 0.23, 0.45, 0.02, 0.17, 0.01], [2])","([0, 0, 1, 0, 0, 0], [2])",-0.0,-0.0,-0.0,-0.0,-0.0,-0.0,0.0,0.38390699999999994,-2.9212579999999955,0.6634871665024435
94,"([0.13, 0.23, 0.45, 0.02, 0.17, 0.01], [4])","([0, 0, 1, 0, 0, 0], [2])",-0.0,-0.0,-0.0,-0.0,-0.617,-0.0,-0.617,0.38390699999999994,-2.6881649999999953,0.6634871665024435
95,"([0.13, 0.23, 0.45, 0.02, 0.17, 0.01], [1])","([0, 0, 1, 0, 0, 0], [2])",-0.0,-0.745,-0.0,-0.0,-0.0,-0.0,-0.745,0.38390699999999994,-2.3270719999999954,0.6634871665024435
96,"([0.13, 0.23, 0.45, 0.02, 0.17, 0.01], [1])","([0, 0, 1, 0, 0, 0], [2])",-0.0,-0.745,-0.0,-0.0,-0.0,-0.0,-0.745,0.38390699999999994,-1.9659789999999953,0.6634871665024435
97,"([0.13, 0.23, 0.45, 0.02, 0.17, 0.01], [0])","([0, 0, 1, 0, 0, 0], [2])",-0.6679999999999999,-0.0,-0.0,-0.0,-0.0,-0.0,-0.6679999999999999,0.38390699999999994,-1.6818859999999953,0.6634871665024435
98,"([0.13, 0.23, 0.45, 0.02, 0.17, 0.01], [2])","([0, 0, 1, 0, 0, 0], [2])",-0.0,-0.0,-0.0,-0.0,-0.0,-0.0,0.0,0.38390699999999994,-2.0657929999999953,0.6634871665024435
99,"([0.13, 0.23, 0.45, 0.02, 0.17, 0.01], [1])","([0, 0, 1, 0, 0, 0], [2])",-0.0,-0.745,-0.0,-0.0,-0.0,-0.0,-0.745,0.38390699999999994,-1.7046999999999952,0.6634871665024435
100,"([0.13, 0.23, 0.45, 0.02, 0.17, 0.01], [0])","([0, 0, 1, 0, 0, 0], [2])",-0.6679999999999999,-0.0,-0.0,-0.0,-0.0,-0.0,-0.6679999999999999,0.38390699999999994,-1.4206069999999953,0.6634871665024435
101,"([0.13, 0.23, 0.45, 0.02, 0.17, 0.01], [0])","([0, 0, 1, 0, 0, 0], [2])",-0.6679999999999999,-0.0,-0.0,-0.0,-0.0,-0.0,-0.6679999999999999,0.38390699999999994,-1.1365139999999954,0.6634871665024435
102,"([0.13, 0.23, 0.45, 0.02, 0.17, 0.01], [2])","([0, 0, 1, 0, 0, 0], [2])",-0.0,-0.0,-0.0,-0.0,-0.0,-0.0,0.0,0.38390699999999994,-1.5204209999999954,0.6634871665024435
103,"([0.13, 0.23, 0.45, 0.02, 0.17, 0.01], [1])","([0, 0, 1, 0, 0, 0], [2])",-0.0,-0.745,-0.0,-0.0,-0.0,-0.0,-0.745,0.38390699999999994,-1.1593279999999953,0.6634871665024435
104,"([0.13, 0.23, 0.45, 0.02, 0.17, 0.01], [0])","([0, 0, 1, 0, 0, 0], [2])",-0.6679999999999999,-0.0,-0.0,-0.0,-0.0,-0.0,-0.6679999999999999,0.38390699999999994,-0.8752349999999953,0.6634871665024435
105,"([0.13, 0.23, 0.45, 0.02, 0.17, 0.01], [4])","([0, 0, 1, 0, 0, 0], [2])",-0.0,-0.0,-0.0,-0.0,-0.617,-0.0,-0.617,0.38390699999999994,-0.6421419999999953,0.6634871665024435
106,"([0.13, 0.23, 0.45, 0.02, 0.17, 0.01], [2])","([0, 0, 1, 0, 0, 0], [2])",-0.0,-0.0,-0.0,-0.0,-0.0,-0.0,0.0,0.38390699999999994,-1.0260489999999953,0.6634871665024435
107,"([0.13, 0.23, 0.45, 0.02, 0.17, 0.01], [0])","([0, 0, 1, 0, 0, 0], [2])",-0.6679999999999999,-0.0,-0.0,-0.0,-0.0,-0.0,-0.6679999999999999,0.38390699999999994,-0.7419559999999954,0.6634871665024435
108,"([0.13, 0.23, 0.45, 0.02, 0.17, 0.01], [2])","([0, 0, 1, 0, 0, 0], [2])",-0.0,-0.0,-0.0,-0.0,-0.0,-0.0,0.0,0.38390699999999994,-1.1258629999999954,0.6634871665024435
109,"([0.13, 0.23, 0.45, 0.02, 0.17, 0.01], [2])","([0, 0, 1, 0, 0, 0], [2])",-0.0,-0.0,-0.0,-0.0,-0.0,-0.0,0.0,0.38390699999999994,-1.5097699999999954,0.6634871665024435
110,"([0.13, 0.23, 0.45, 0.02, 0.17, 0.01], [1])","([0, 0, 1, 0, 0, 0], [2])",-0.0,-0.745,-0.0,-0.0,-0.0,-0.0,-0.745,0.38390699999999994,-1.1486769999999953,0.6634871665024435
111,"([0.13, 0.23, 0.45, 0.02, 0.17, 0.01], [4])","([0, 0, 1, 0, 0, 0], [2])",-0.0,-0.0,-0.0,-0.0,-0.617,-0.0,-0.617,0.38390699999999994,-0.9155839999999953,0.6634871665024435
112,"([0.13, 0.23, 0.45, 0.02, 0.17, 0.01], [2])","([0, 0, 1, 0, 0, 0], [2])",-0.0,-0.0,-0.0,-0.0,-0.0,-0.0,0.0,0.38390699999999994,-1.2994909999999953,0.6634871665024435
113,"([0.13, 0.23, 0.45, 0.02, 0.17, 0.01], [1])","([0, 0, 1, 0, 0, 0], [2])",-0.0,-0.745,-0.0,-0.0,-0.0,-0.0,-0.745,0.38390699999999994,-0.9383979999999952,0.6634871665024435
114,"([0.13, 0.23, 0.45, 0.02, 0.17, 0.01], [1])","([0, 0, 1, 0, 0, 0], [2])",-0.0,-0.745,-0.0,-0.0,-0.0,-0.0,-0.745,0.38390699999999994,-0.5773049999999951,0.6634871665024435
115,"([0.13, 0.23, 0.45, 0.02, 0.17, 0.01], [2])","([0, 0, 1, 0, 0, 0], [2])",-0.0,-0.0,-0.0,-0.0,-0.0,-0.0,0.0,0.38390699999999994,-0.9612119999999951,0.6634871665024435
116,"([0.13, 0.23, 0.45, 0.02, 0.17, 0.01], [2])","([0, 0, 1, 0, 0, 0], [2])",-0.0,-0.0,-0.0,-0.0,-0.0,-0.0,0.0,0.38390699999999994,-1.345118999999995,0.6634871665024435
117,"([0.13, 0.23, 0.45, 0.02, 0.17, 0.01], [5])","([0, 0, 1, 0, 0, 0], [2])",-0.0,-0.0,-0.0,-0.0,-0.0,-0.997,-0.997,0.38390699999999994,-0.732025999999995,0.6634871665024435
118,"([0.13, 0.23, 0.45, 0.02, 0.17, 0.01], [0])","([0, 0, 1, 0, 0, 0], [2])",-0.6679999999999999,-0.0,-0.0,-0.0,-0.0,-0.0,-0.6679999999999999,0.38390699999999994,-0.447932999999995,0.6634871665024435
119,"([0.13, 0.23, 0.45, 0.02, 0.17, 0.01], [2])","([0, 0, 1, 0, 0, 0], [2])",-0.0,-0.0,-0.0,-0.0,-0.0,-0.0,0.0,0.38390699999999994,-0.8318399999999949,0.6634871665024435
120,"([0.13, 0.23, 0.45, 0.02, 0.17, 0.01], [4])","([0, 0, 1, 0, 0, 0], [2])",-0.0,-0.0,-0.0,-0.0,-0.617,-0.0,-0.617,0.38390699999999994,-0.5987469999999948,0.6634871665024435
121,"([0.13, 0.23, 0.45, 0.02, 0.17, 0.01], [1])","([0, 0, 1, 0, 0, 0], [2])",-0.0,-0.745,-0.0,-0.0,-0.0,-0.0,-0.745,0.38390699999999994,-0.23765399999999476,0.6634871665024435
122,"([0.13, 0.23, 0.45, 0.02, 0.17, 0.01], [2])","([0, 0, 1, 0, 0, 0], [2])",-0.0,-0.0,-0.0,-0.0,-0.0,-0.0,0.0,0.38390699999999994,-0.6215609999999947,0.6634871665024435
123,"([0.13, 0.23, 0.45, 0.02, 0.17, 0.01], [2])","([0, 0, 1, 0, 0, 0], [2])",-0.0,-0.0,-0.0,-0.0,-0.0,-0.0,0.0,0.38390699999999994,-1.0054679999999947,0.6634871665024435
124,"([0.13, 0.23, 0.45, 0.02, 0.17, 0.01], [2])","([0, 0, 1, 0, 0, 0], [2])",-0.0,-0.0,-0.0,-0.0,-0.0,-0.0,0.0,0.38390699999999994,-1.3893749999999947,0.6634871665024435
125,"([0.13, 0.23, 0.45, 0.02, 0.17, 0.01], [4])","([0, 0, 1, 0, 0, 0], [2])",-0.0,-0.0,-0.0,-0.0,-0.617,-0.0,-0.617,0.38390699999999994,-1.1562819999999947,0.6634871665024435
126,"([0.13, 0.23, 0.45, 0.02, 0.17, 0.01], [5])","([0, 0, 1, 0, 0, 0], [2])",-0.0,-0.0,-0.0,-0.0,-0.0,-0.997,-0.997,0.38390699999999994,-0.5431889999999946,0.6634871665024435
127,"([0.13, 0.23, 0.45, 0.02, 0.17, 0.01], [0])","([0, 0, 1, 0, 0, 0], [2])",-0.6679999999999999,-0.0,-0.0,-0.0,-0.0,-0.0,-0.6679999999999999,0.38390699999999994,-0.2590959999999946,0.6634871665024435
128,"([0.13, 0.23, 0.45, 0.02, 0.17, 0.01], [0])","([0, 0, 1, 0, 0, 0], [2])",-0.6679999999999999,-0.0,-0.0,-0.0,-0.0,-0.0,-0.6679999999999999,0.38390699999999994,0.024997000000005376,0.6634871665024435
129,"([0.13, 0.23, 0.45, 0.02, 0.17, 0.01], [2])","([0, 0, 1, 0, 0, 0], [2])",-0.0,-0.0,-0.0,-0.0,-0.0,-0.0,0.0,0.38390699999999994,-0.35890999999999457,0.6634871665024435
130,"([0.13, 0.23, 0.45, 0.02, 0.17, 0.01], [2])","([0, 0, 1, 0, 0, 0], [2])",-0.0,-0.0,-0.0,-0.0,-0.0,-0.0,0.0,0.38390699999999994,-0.7428169999999945,0.6634871665024435
131,"([0.13, 0.23, 0.45, 0.02, 0.17, 0.01], [2])","([0, 0, 1, 0, 0, 0], [2])",-0.0,-0.0,-0.0,-0.0,-0.0,-0.0,0.0,0.38390699999999994,-1.1267239999999945,0.6634871665024435
132,"([0.13, 0.23, 0.45, 0.02, 0.17, 0.01], [2])","([0, 0, 1, 0, 0, 0], [2])",-0.0,-0.0,-0.0,-0.0,-0.0,-0.0,0.0,0.38390699999999994,-1.5106309999999945,0.6634871665024435
133,"([0.13, 0.23, 0.45, 0.02, 0.17, 0.01], [2])","([0, 0, 1, 0, 0, 0], [2])",-0.0,-0.0,-0.0,-0.0,-0.0,-0.0,0.0,0.38390699999999994,-1.8945379999999945,0.6634871665024435
134,"([0.13, 0.23, 0.45, 0.02, 0.17, 0.01], [2])","([0, 0, 1, 0, 0, 0], [2])",-0.0,-0.0,-0.0,-0.0,-0.0,-0.0,0.0,0.38390699999999994,-2.2784449999999943,0.6634871665024435
135,"([0.13, 0.23, 0.45, 0.02, 0.17, 0.01], [1])","([0, 0, 1, 0, 0, 0], [2])",-0.0,-0.745,-0.0,-0.0,-0.0,-0.0,-0.745,0.38390699999999994,-1.9173519999999942,0.6634871665024435
136,"([0.13, 0.23, 0.45, 0.02, 0.17, 0.01], [2])","([0, 0, 1, 0, 0, 0], [2])",-0.0,-0.0,-0.0,-0.0,-0.0,-0.0,0.0,0.38390699999999994,-2.301258999999994,0.6634871665024435
137,"([0.13, 0.23, 0.45, 0.02, 0.17, 0.01], [4])","([0, 0, 1, 0, 0, 0], [2])",-0.0,-0.0,-0.0,-0.0,-0.617,-0.0,-0.617,0.38390699999999994,-2.068165999999994,0.6634871665024435
138,"([0.13, 0.23, 0.45, 0.02, 0.17, 0.01], [2])","([0, 0, 1, 0, 0, 0], [2])",-0.0,-0.0,-0.0,-0.0,-0.0,-0.0,0.0,0.38390699999999994,-2.4520729999999937,0.6634871665024435
139,"([0.13, 0.23, 0.45, 0.02, 0.17, 0.01], [2])","([0, 0, 1, 0, 0, 0], [2])",-0.0,-0.0,-0.0,-0.0,-0.0,-0.0,0.0,0.38390699999999994,-2.8359799999999935,0.6634871665024435
140,"([0.13, 0.23, 0.45, 0.02, 0.17, 0.01], [0])","([0, 0, 1, 0, 0, 0], [2])",-0.6679999999999999,-0.0,-0.0,-0.0,-0.0,-0.0,-0.6679999999999999,0.38390699999999994,-2.5518869999999936,0.6634871665024435
141,"([0.13, 0.23, 0.45, 0.02, 0.17, 0.01], [2])","([0, 0, 1, 0, 0, 0], [2])",-0.0,-0.0,-0.0,-0.0,-0.0,-0.0,0.0,0.38390699999999994,-2.9357939999999934,0.6634871665024435
142,"([0.13, 0.23, 0.45, 0.02, 0.17, 0.01], [4])","([0, 0, 1, 0, 0, 0], [2])",-0.0,-0.0,-0.0,-0.0,-0.617,-0.0,-0.617,0.38390699999999994,-2.702700999999993,0.6634871665024435
143,"([0.13, 0.23, 0.45, 0.02, 0.17, 0.01], [1])","([0, 0, 1, 0, 0, 0], [2])",-0.0,-0.745,-0.0,-0.0,-0.0,-0.0,-0.745,0.38390699999999994,-2.3416079999999933,0.6634871665024435
144,"([0.13, 0.23, 0.45, 0.02, 0.17, 0.01], [2])","([0, 0, 1, 0, 0, 0], [2])",-0.0,-0.0,-0.0,-0.0,-0.0,-0.0,0.0,0.38390699999999994,-2.725514999999993,0.6634871665024435
145,"([0.13, 0.23, 0.45, 0.02, 0.17, 0.01], [4])","([0, 0, 1, 0, 0, 0], [2])",-0.0,-0.0,-0.0,-0.0,-0.617,-0.0,-0.617,0.38390699999999994,-2.492421999999993,0.6634871665024435
146,"([0.13, 0.23, 0.45, 0.02, 0.17, 0.01], [1])","([0, 0, 1, 0, 0, 0], [2])",-0.0,-0.745,-0.0,-0.0,-0.0,-0.0,-0.745,0.38390699999999994,-2.131328999999993,0.6634871665024435
147,"([0.13, 0.23, 0.45, 0.02, 0.17, 0.01], [4])","([0, 0, 1, 0, 0, 0], [2])",-0.0,-0.0,-0.0,-0.0,-0.617,-0.0,-0.617,0.38390699999999994,-1.898235999999993,0.6634871665024435
148,"([0.13, 0.23, 0.45, 0.02, 0.17, 0.01], [1])","([0, 0, 1, 0, 0, 0], [2])",-0.0,-0.745,-0.0,-0.0,-0.0,-0.0,-0.745,0.38390699999999994,-1.5371429999999928,0.6634871665024435
149,"([0.13, 0.23, 0.45, 0.02, 0.17, 0.01], [2])","([0, 0, 1, 0, 0, 0], [2])",-0.0,-0.0,-0.0,-0.0,-0.0,-0.0,0.0,0.38390699999999994,-1.9210499999999928,0.6634871665024435
150,"([0.13, 0.23, 0.45, 0.02, 0.17, 0.01], [4])","([0, 0, 1, 0, 0, 0], [2])",-0.0,-0.0,-0.0,-0.0,-0.617,-0.0,-0.617,0.38390699999999994,-1.6879569999999928,0.6634871665024435
151,"([0.13, 0.23, 0.45, 0.02, 0.17, 0.01], [4])","([0, 0, 1, 0, 0, 0], [2])",-0.0,-0.0,-0.0,-0.0,-0.617,-0.0,-0.617,0.38390699999999994,-1.4548639999999928,0.6634871665024435
152,"([0.13, 0.23, 0.45, 0.02, 0.17, 0.01], [2])","([0, 0, 1, 0, 0, 0], [2])",-0.0,-0.0,-0.0,-0.0,-0.0,-0.0,0.0,0.38390699999999994,-1.8387709999999928,0.6634871665024435
153,"([0.13, 0.23, 0.45, 0.02, 0.17, 0.01], [4])","([0, 0, 1, 0, 0, 0], [2])",-0.0,-0.0,-0.0,-0.0,-0.617,-0.0,-0.617,0.38390699999999994,-1.6056779999999928,0.6634871665024435
154,"([0.13, 0.23, 0.45, 0.02, 0.17, 0.01], [2])","([0, 0, 1, 0, 0, 0], [2])",-0.0,-0.0,-0.0,-0.0,-0.0,-0.0,0.0,0.38390699999999994,-1.9895849999999928,0.6634871665024435
155,"([0.13, 0.23, 0.45, 0.02, 0.17, 0.01], [2])","([0, 0, 1, 0, 0, 0], [2])",-0.0,-0.0,-0.0,-0.0,-0.0,-0.0,0.0,0.38390699999999994,-2.3734919999999926,0.6634871665024435
156,"([0.13, 0.23, 0.45, 0.02, 0.17, 0.01], [2])","([0, 0, 1, 0, 0, 0], [2])",-0.0,-0.0,-0.0,-0.0,-0.0,-0.0,0.0,0.38390699999999994,-2.7573989999999924,0.6634871665024435
157,"([0.13, 0.23, 0.45, 0.02, 0.17, 0.01], [3])","([0, 0, 1, 0, 0, 0], [2])",-0.0,-0.0,-0.0,-0.835,-0.0,-0.0,-0.835,0.38390699999999994,-2.306305999999992,0.6634871665024435
158,"([0.13, 0.23, 0.45, 0.02, 0.17, 0.01], [0])","([0, 0, 1, 0, 0, 0], [2])",-0.6679999999999999,-0.0,-0.0,-0.0,-0.0,-0.0,-0.6679999999999999,0.38390699999999994,-2.0222129999999923,0.6634871665024435
159,"([0.13, 0.23, 0.45, 0.02, 0.17, 0.01], [2])","([0, 0, 1, 0, 0, 0], [2])",-0.0,-0.0,-0.0,-0.0,-0.0,-0.0,0.0,0.38390699999999994,-2.406119999999992,0.6634871665024435
160,"([0.13, 0.23, 0.45, 0.02, 0.17, 0.01], [0])","([0, 0, 1, 0, 0, 0], [2])",-0.6679999999999999,-0.0,-0.0,-0.0,-0.0,-0.0,-0.6679999999999999,0.38390699999999994,-2.122026999999992,0.6634871665024435
161,"([0.13, 0.23, 0.45, 0.02, 0.17, 0.01], [1])","([0, 0, 1, 0, 0, 0], [2])",-0.0,-0.745,-0.0,-0.0,-0.0,-0.0,-0.745,0.38390699999999994,-1.760933999999992,0.6634871665024435
162,"([0.13, 0.23, 0.45, 0.02, 0.17, 0.01], [2])","([0, 0, 1, 0, 0, 0], [2])",-0.0,-0.0,-0.0,-0.0,-0.0,-0.0,0.0,0.38390699999999994,-2.144840999999992,0.6634871665024435
163,"([0.13, 0.23, 0.45, 0.02, 0.17, 0.01], [2])","([0, 0, 1, 0, 0, 0], [2])",-0.0,-0.0,-0.0,-0.0,-0.0,-0.0,0.0,0.38390699999999994,-2.528747999999992,0.6634871665024435
164,"([0.13, 0.23, 0.45, 0.02, 0.17, 0.01], [2])","([0, 0, 1, 0, 0, 0], [2])",-0.0,-0.0,-0.0,-0.0,-0.0,-0.0,0.0,0.38390699999999994,-2.9126549999999916,0.6634871665024435
165,"([0.13, 0.23, 0.45, 0.02, 0.17, 0.01], [1])","([0, 0, 1, 0, 0, 0], [2])",-0.0,-0.745,-0.0,-0.0,-0.0,-0.0,-0.745,0.38390699999999994,-2.5515619999999917,0.6634871665024435
166,"([0.13, 0.23, 0.45, 0.02, 0.17, 0.01], [2])","([0, 0, 1, 0, 0, 0], [2])",-0.0,-0.0,-0.0,-0.0,-0.0,-0.0,0.0,0.38390699999999994,-2.9354689999999914,0.6634871665024435
167,"([0.13, 0.23, 0.45, 0.02, 0.17, 0.01], [0])","([0, 0, 1, 0, 0, 0], [2])",-0.6679999999999999,-0.0,-0.0,-0.0,-0.0,-0.0,-0.6679999999999999,0.38390699999999994,-2.6513759999999915,0.6634871665024435
168,"([0.13, 0.23, 0.45, 0.02, 0.17, 0.01], [2])","([0, 0, 1, 0, 0, 0], [2])",-0.0,-0.0,-0.0,-0.0,-0.0,-0.0,0.0,0.38390699999999994,-3.0352829999999913,0.6634871665024435
169,"([0.13, 0.23, 0.45, 0.02, 0.17, 0.01], [1])","([0, 0, 1, 0, 0, 0], [2])",-0.0,-0.745,-0.0,-0.0,-0.0,-0.0,-0.745,0.38390699999999994,-2.6741899999999914,0.6634871665024435
170,"([0.13, 0.23, 0.45, 0.02, 0.17, 0.01], [4])","([0, 0, 1, 0, 0, 0], [2])",-0.0,-0.0,-0.0,-0.0,-0.617,-0.0,-0.617,0.38390699999999994,-2.441096999999991,0.6634871665024435
171,"([0.13, 0.23, 0.45, 0.02, 0.17, 0.01], [2])","([0, 0, 1, 0, 0, 0], [2])",-0.0,-0.0,-0.0,-0.0,-0.0,-0.0,0.0,0.38390699999999994,-2.825003999999991,0.6634871665024435
172,"([0.13, 0.23, 0.45, 0.02, 0.17, 0.01], [2])","([0, 0, 1, 0, 0, 0], [2])",-0.0,-0.0,-0.0,-0.0,-0.0,-0.0,0.0,0.38390699999999994,-3.2089109999999907,0.6634871665024435
173,"([0.13, 0.23, 0.45, 0.02, 0.17, 0.01], [2])","([0, 0, 1, 0, 0, 0], [2])",-0.0,-0.0,-0.0,-0.0,-0.0,-0.0,0.0,0.38390699999999994,-3.5928179999999905,0.6634871665024435
174,"([0.13, 0.23, 0.45, 0.02, 0.17, 0.01], [1])","([0, 0, 1, 0, 0, 0], [2])",-0.0,-0.745,-0.0,-0.0,-0.0,-0.0,-0.745,0.38390699999999994,-3.2317249999999906,0.6634871665024435
175,"([0.13, 0.23, 0.45, 0.02, 0.17, 0.01], [2])","([0, 0, 1, 0, 0, 0], [2])",-0.0,-0.0,-0.0,-0.0,-0.0,-0.0,0.0,0.38390699999999994,-3.6156319999999904,0.6634871665024435
176,"([0.13, 0.23, 0.45, 0.02, 0.17, 0.01], [2])","([0, 0, 1, 0, 0, 0], [2])",-0.0,-0.0,-0.0,-0.0,-0.0,-0.0,0.0,0.38390699999999994,-3.99953899999999,0.6634871665024435
177,"([0.13, 0.23, 0.45, 0.02, 0.17, 0.01], [1])","([0, 0, 1, 0, 0, 0], [2])",-0.0,-0.745,-0.0,-0.0,-0.0,-0.0,-0.745,0.38390699999999994,-3.6384459999999903,0.6634871665024435
178,"([0.13, 0.23, 0.45, 0.02, 0.17, 0.01], [2])","([0, 0, 1, 0, 0, 0], [2])",-0.0,-0.0,-0.0,-0.0,-0.0,-0.0,0.0,0.38390699999999994,-4.02235299999999,0.6634871665024435
179,"([0.13, 0.23, 0.45, 0.02, 0.17, 0.01], [2])","([0, 0, 1, 0, 0, 0], [2])",-0.0,-0.0,-0.0,-0.0,-0.0,-0.0,0.0,0.38390699999999994,-4.40625999999999,0.6634871665024435
180,"([0.13, 0.23, 0.45, 0.02, 0.17, 0.01], [2])","([0, 0, 1, 0, 0, 0], [2])",-0.0,-0.0,-0.0,-0.0,-0.0,-0.0,0.0,0.38390699999999994,-4.79016699999999,0.6634871665024435
181,"([0.13, 0.23, 0.45, 0.02, 0.17, 0.01], [2])","([0, 0, 1, 0, 0, 0], [2])",-0.0,-0.0,-0.0,-0.0,-0.0,-0.0,0.0,0.38390699999999994,-5.174073999999989,0.6634871665024435
182,"([0.13, 0.23, 0.45, 0.02, 0.17, 0.01], [2])","([0, 0, 1, 0, 0, 0], [2])",-0.0,-0.0,-0.0,-0.0,-0.0,-0.0,0.0,0.38390699999999994,-5.557980999999989,0.6634871665024435
183,"([0.13, 0.23, 0.45, 0.02, 0.17, 0.01], [4])","([0, 0, 1, 0, 0, 0], [2])",-0.0,-0.0,-0.0,-0.0,-0.617,-0.0,-0.617,0.38390699999999994,-5.324887999999989,0.6634871665024435
184,"([0.13, 0.23, 0.45, 0.02, 0.17, 0.01], [2])","([0, 0, 1, 0, 0, 0], [2])",-0.0,-0.0,-0.0,-0.0,-0.0,-0.0,0.0,0.38390699999999994,-5.708794999999989,0.6634871665024435
185,"([0.13, 0.23, 0.45, 0.02, 0.17, 0.01], [1])","([0, 0, 1, 0, 0, 0], [2])",-0.0,-0.745,-0.0,-0.0,-0.0,-0.0,-0.745,0.38390699999999994,-5.347701999999988,0.6634871665024435
186,"([0.13, 0.23, 0.45, 0.02, 0.17, 0.01], [2])","([0, 0, 1, 0, 0, 0], [2])",-0.0,-0.0,-0.0,-0.0,-0.0,-0.0,0.0,0.38390699999999994,-5.731608999999988,0.6634871665024435
187,"([0.13, 0.23, 0.45, 0.02, 0.17, 0.01], [2])","([0, 0, 1, 0, 0, 0], [2])",-0.0,-0.0,-0.0,-0.0,-0.0,-0.0,0.0,0.38390699999999994,-6.115515999999988,0.6634871665024435
188,"([0.13, 0.23, 0.45, 0.02, 0.17, 0.01], [1])","([0, 0, 1, 0, 0, 0], [2])",-0.0,-0.745,-0.0,-0.0,-0.0,-0.0,-0.745,0.38390699999999994,-5.754422999999988,0.6634871665024435
189,"([0.13, 0.23, 0.45, 0.02, 0.17, 0.01], [4])","([0, 0, 1, 0, 0, 0], [2])",-0.0,-0.0,-0.0,-0.0,-0.617,-0.0,-0.617,0.38390699999999994,-5.521329999999987,0.6634871665024435
190,"([0.13, 0.23, 0.45, 0.02, 0.17, 0.01], [2])","([0, 0, 1, 0, 0, 0], [2])",-0.0,-0.0,-0.0,-0.0,-0.0,-0.0,0.0,0.38390699999999994,-5.905236999999987,0.6634871665024435
191,"([0.13, 0.23, 0.45, 0.02, 0.17, 0.01], [4])","([0, 0, 1, 0, 0, 0], [2])",-0.0,-0.0,-0.0,-0.0,-0.617,-0.0,-0.617,0.38390699999999994,-5.672143999999987,0.6634871665024435
192,"([0.13, 0.23, 0.45, 0.02, 0.17, 0.01], [4])","([0, 0, 1, 0, 0, 0], [2])",-0.0,-0.0,-0.0,-0.0,-0.617,-0.0,-0.617,0.38390699999999994,-5.439050999999987,0.6634871665024435
193,"([0.13, 0.23, 0.45, 0.02, 0.17, 0.01], [0])","([0, 0, 1, 0, 0, 0], [2])",-0.6679999999999999,-0.0,-0.0,-0.0,-0.0,-0.0,-0.6679999999999999,0.38390699999999994,-5.154957999999986,0.6634871665024435
194,"([0.13, 0.23, 0.45, 0.02, 0.17, 0.01], [0])","([0, 0, 1, 0, 0, 0], [2])",-0.6679999999999999,-0.0,-0.0,-0.0,-0.0,-0.0,-0.6679999999999999,0.38390699999999994,-4.870864999999986,0.6634871665024435
195,"([0.13, 0.23, 0.45, 0.02, 0.17, 0.01], [2])","([0, 0, 1, 0, 0, 0], [2])",-0.0,-0.0,-0.0,-0.0,-0.0,-0.0,0.0,0.38390699999999994,-5.254771999999986,0.6634871665024435
196,"([0.13, 0.23, 0.45, 0.02, 0.17, 0.01], [2])","([0, 0, 1, 0, 0, 0], [2])",-0.0,-0.0,-0.0,-0.0,-0.0,-0.0,0.0,0.38390699999999994,-5.638678999999986,0.6634871665024435
197,"([0.13, 0.23, 0.45, 0.02, 0.17, 0.01], [2])","([0, 0, 1, 0, 0, 0], [2])",-0.0,-0.0,-0.0,-0.0,-0.0,-0.0,0.0,0.38390699999999994,-6.022585999999985,0.6634871665024435
198,"([0.13, 0.23, 0.45, 0.02, 0.17, 0.01], [4])","([0, 0, 1, 0, 0, 0], [2])",-0.0,-0.0,-0.0,-0.0,-0.617,-0.0,-0.617,0.38390699999999994,-5.789492999999985,0.6634871665024435
199,"([0.13, 0.23, 0.45, 0.02, 0.17, 0.01], [2])","([0, 0, 1, 0, 0, 0], [2])",-0.0,-0.0,-0.0,-0.0,-0.0,-0.0,0.0,0.38390699999999994,-6.173399999999985,0.6634871665024435
