,sto-1,FRL-0,feedback target 0,feedback target 1,feedback target 2,feedback target 3,feedback target 4,feedback target 5,total,exp_loss,actual_regret,exp_regret
0,"([0.13, 0.23, 0.45, 0.02, 0.17, 0.01], [2])","([0.08, 0.18, 0.08, 0.27, 0.01, 0.38], [1])",-0.0,-0.0,-0.67,-0.0,-0.0,-0.0,-0.67,0.6132573075948613,0.2860930000000001,0.22935030759486136
1,"([0.13, 0.23, 0.45, 0.02, 0.17, 0.01], [2])","([0, 0, 1, 0, 0, 0], [2])",-0.0,-0.0,-0.0,-0.0,-0.0,-0.0,0.0,0.38390699999999994,-0.09781399999999985,0.22935030759486136
2,"([0.13, 0.23, 0.45, 0.02, 0.17, 0.01], [2])","([0, 0, 1, 0, 0, 0], [2])",-0.0,-0.0,-0.0,-0.0,-0.0,-0.0,0.0,0.38390699999999994,-0.4817209999999998,0.22935030759486136
3,"([0.13, 0.23, 0.45, 0.02, 0.17, 0.01], [4])","([0, 0, 1, 0, 0, 0], [2])",-0.0,-0.0,-0.0,-0.0,-0.617,-0.0,-0.617,0.38390699999999994,-0.24862799999999974,0.22935030759486136
4,"([0.13, 0.23, 0.45, 0.02, 0.17, 0.01], [1])","([0, 0, 1, 0, 0, 0], [2])",-0.0,-0.745,-0.0,-0.0,-0.0,-0.0,-0.745,0.38390699999999994,0.11246500000000031,0.22935030759486136
5,"([0.13, 0.23, 0.45, 0.02, 0.17, 0.01], [0])","([0, 0, 1, 0, 0, 0], [2])",-0.6679999999999999,-0.0,-0.0,-0.0,-0.0,-0.0,-0.6679999999999999,0.38390699999999994,0.3965580000000003,0.22935030759486136
6,"([0.13, 0.23, 0.45, 0.02, 0.17, 0.01], [2])","([0, 0, 1, 0, 0, 0], [2])",-0.0,-0.0,-0.0,-0.0,-0.0,-0.0,0.0,0.38390699999999994,0.012651000000000356,0.22935030759486136
7,"([0.13, 0.23, 0.45, 0.02, 0.17, 0.01], [1])","([0, 0, 1, 0, 0, 0], [2])",-0.0,-0.745,-0.0,-0.0,-0.0,-0.0,-0.745,0.38390699999999994,0.3737440000000004,0.22935030759486136
8,"([0.13, 0.23, 0.45, 0.02, 0.17, 0.01], [2])","([0, 0, 1, 0, 0, 0], [2])",-0.0,-0.0,-0.0,-0.0,-0.0,-0.0,0.0,0.38390699999999994,-0.010162999999999534,0.22935030759486136
9,"([0.13, 0.23, 0.45, 0.02, 0.17, 0.01], [1])","([0, 0, 1, 0, 0, 0], [2])",-0.0,-0.745,-0.0,-0.0,-0.0,-0.0,-0.745,0.38390699999999994,0.3509300000000005,0.22935030759486136
10,"([0.13, 0.23, 0.45, 0.02, 0.17, 0.01], [2])","([0, 0, 1, 0, 0, 0], [2])",-0.0,-0.0,-0.0,-0.0,-0.0,-0.0,0.0,0.38390699999999994,-0.03297699999999942,0.22935030759486136
11,"([0.13, 0.23, 0.45, 0.02, 0.17, 0.01], [4])","([0, 0, 1, 0, 0, 0], [2])",-0.0,-0.0,-0.0,-0.0,-0.617,-0.0,-0.617,0.38390699999999994,0.20011600000000063,0.22935030759486136
12,"([0.13, 0.23, 0.45, 0.02, 0.17, 0.01], [1])","([0, 0, 1, 0, 0, 0], [2])",-0.0,-0.745,-0.0,-0.0,-0.0,-0.0,-0.745,0.38390699999999994,0.5612090000000007,0.22935030759486136
13,"([0.13, 0.23, 0.45, 0.02, 0.17, 0.01], [4])","([0, 0, 1, 0, 0, 0], [2])",-0.0,-0.0,-0.0,-0.0,-0.617,-0.0,-0.617,0.38390699999999994,0.7943020000000007,0.22935030759486136
14,"([0.13, 0.23, 0.45, 0.02, 0.17, 0.01], [2])","([0, 0, 1, 0, 0, 0], [2])",-0.0,-0.0,-0.0,-0.0,-0.0,-0.0,0.0,0.38390699999999994,0.4103950000000008,0.22935030759486136
15,"([0.13, 0.23, 0.45, 0.02, 0.17, 0.01], [4])","([0, 0, 1, 0, 0, 0], [2])",-0.0,-0.0,-0.0,-0.0,-0.617,-0.0,-0.617,0.38390699999999994,0.6434880000000008,0.22935030759486136
16,"([0.13, 0.23, 0.45, 0.02, 0.17, 0.01], [4])","([0, 0, 1, 0, 0, 0], [2])",-0.0,-0.0,-0.0,-0.0,-0.617,-0.0,-0.617,0.38390699999999994,0.8765810000000009,0.22935030759486136
17,"([0.13, 0.23, 0.45, 0.02, 0.17, 0.01], [0])","([0, 0, 1, 0, 0, 0], [2])",-0.6679999999999999,-0.0,-0.0,-0.0,-0.0,-0.0,-0.6679999999999999,0.38390699999999994,1.1606740000000009,0.22935030759486136
18,"([0.13, 0.23, 0.45, 0.02, 0.17, 0.01], [1])","([0, 0, 1, 0, 0, 0], [2])",-0.0,-0.745,-0.0,-0.0,-0.0,-0.0,-0.745,0.38390699999999994,1.521767000000001,0.22935030759486136
19,"([0.13, 0.23, 0.45, 0.02, 0.17, 0.01], [2])","([0, 0, 1, 0, 0, 0], [2])",-0.0,-0.0,-0.0,-0.0,-0.0,-0.0,0.0,0.38390699999999994,1.137860000000001,0.22935030759486136
20,"([0.13, 0.23, 0.45, 0.02, 0.17, 0.01], [1])","([0, 0, 1, 0, 0, 0], [2])",-0.0,-0.745,-0.0,-0.0,-0.0,-0.0,-0.745,0.38390699999999994,1.498953000000001,0.22935030759486136
21,"([0.13, 0.23, 0.45, 0.02, 0.17, 0.01], [2])","([0, 0, 1, 0, 0, 0], [2])",-0.0,-0.0,-0.0,-0.0,-0.0,-0.0,0.0,0.38390699999999994,1.115046000000001,0.22935030759486136
22,"([0.13, 0.23, 0.45, 0.02, 0.17, 0.01], [2])","([0, 0, 1, 0, 0, 0], [2])",-0.0,-0.0,-0.0,-0.0,-0.0,-0.0,0.0,0.38390699999999994,0.7311390000000011,0.22935030759486136
23,"([0.13, 0.23, 0.45, 0.02, 0.17, 0.01], [2])","([0, 0, 1, 0, 0, 0], [2])",-0.0,-0.0,-0.0,-0.0,-0.0,-0.0,0.0,0.38390699999999994,0.34723200000000115,0.22935030759486136
24,"([0.13, 0.23, 0.45, 0.02, 0.17, 0.01], [1])","([0, 0, 1, 0, 0, 0], [2])",-0.0,-0.745,-0.0,-0.0,-0.0,-0.0,-0.745,0.38390699999999994,0.7083250000000012,0.22935030759486136
25,"([0.13, 0.23, 0.45, 0.02, 0.17, 0.01], [0])","([0, 0, 1, 0, 0, 0], [2])",-0.6679999999999999,-0.0,-0.0,-0.0,-0.0,-0.0,-0.6679999999999999,0.38390699999999994,0.9924180000000011,0.22935030759486136
26,"([0.13, 0.23, 0.45, 0.02, 0.17, 0.01], [2])","([0, 0, 1, 0, 0, 0], [2])",-0.0,-0.0,-0.0,-0.0,-0.0,-0.0,0.0,0.38390699999999994,0.6085110000000011,0.22935030759486136
27,"([0.13, 0.23, 0.45, 0.02, 0.17, 0.01], [1])","([0, 0, 1, 0, 0, 0], [2])",-0.0,-0.745,-0.0,-0.0,-0.0,-0.0,-0.745,0.38390699999999994,0.9696040000000012,0.22935030759486136
28,"([0.13, 0.23, 0.45, 0.02, 0.17, 0.01], [2])","([0, 0, 1, 0, 0, 0], [2])",-0.0,-0.0,-0.0,-0.0,-0.0,-0.0,0.0,0.38390699999999994,0.5856970000000012,0.22935030759486136
29,"([0.13, 0.23, 0.45, 0.02, 0.17, 0.01], [2])","([0, 0, 1, 0, 0, 0], [2])",-0.0,-0.0,-0.0,-0.0,-0.0,-0.0,0.0,0.38390699999999994,0.2017900000000013,0.22935030759486136
30,"([0.13, 0.23, 0.45, 0.02, 0.17, 0.01], [1])","([0, 0, 1, 0, 0, 0], [2])",-0.0,-0.745,-0.0,-0.0,-0.0,-0.0,-0.745,0.38390699999999994,0.5628830000000014,0.22935030759486136
31,"([0.13, 0.23, 0.45, 0.02, 0.17, 0.01], [1])","([0, 0, 1, 0, 0, 0], [2])",-0.0,-0.745,-0.0,-0.0,-0.0,-0.0,-0.745,0.38390699999999994,0.9239760000000015,0.22935030759486136
32,"([0.13, 0.23, 0.45, 0.02, 0.17, 0.01], [1])","([0, 0, 1, 0, 0, 0], [2])",-0.0,-0.745,-0.0,-0.0,-0.0,-0.0,-0.745,0.38390699999999994,1.2850690000000016,0.22935030759486136
33,"([0.13, 0.23, 0.45, 0.02, 0.17, 0.01], [0])","([0, 0, 1, 0, 0, 0], [2])",-0.6679999999999999,-0.0,-0.0,-0.0,-0.0,-0.0,-0.6679999999999999,0.38390699999999994,1.5691620000000015,0.22935030759486136
34,"([0.13, 0.23, 0.45, 0.02, 0.17, 0.01], [0])","([0, 0, 1, 0, 0, 0], [2])",-0.6679999999999999,-0.0,-0.0,-0.0,-0.0,-0.0,-0.6679999999999999,0.38390699999999994,1.8532550000000014,0.22935030759486136
35,"([0.13, 0.23, 0.45, 0.02, 0.17, 0.01], [2])","([0, 0, 1, 0, 0, 0], [2])",-0.0,-0.0,-0.0,-0.0,-0.0,-0.0,0.0,0.38390699999999994,1.4693480000000014,0.22935030759486136
36,"([0.13, 0.23, 0.45, 0.02, 0.17, 0.01], [1])","([0, 0, 1, 0, 0, 0], [2])",-0.0,-0.745,-0.0,-0.0,-0.0,-0.0,-0.745,0.38390699999999994,1.8304410000000015,0.22935030759486136
37,"([0.13, 0.23, 0.45, 0.02, 0.17, 0.01], [3])","([0, 0, 1, 0, 0, 0], [2])",-0.0,-0.0,-0.0,-0.835,-0.0,-0.0,-0.835,0.38390699999999994,2.2815340000000015,0.22935030759486136
38,"([0.13, 0.23, 0.45, 0.02, 0.17, 0.01], [3])","([0, 0, 1, 0, 0, 0], [2])",-0.0,-0.0,-0.0,-0.835,-0.0,-0.0,-0.835,0.38390699999999994,2.7326270000000017,0.22935030759486136
39,"([0.13, 0.23, 0.45, 0.02, 0.17, 0.01], [1])","([0, 0, 1, 0, 0, 0], [2])",-0.0,-0.745,-0.0,-0.0,-0.0,-0.0,-0.745,0.38390699999999994,3.0937200000000016,0.22935030759486136
40,"([0.13, 0.23, 0.45, 0.02, 0.17, 0.01], [2])","([0, 0, 1, 0, 0, 0], [2])",-0.0,-0.0,-0.0,-0.0,-0.0,-0.0,0.0,0.38390699999999994,2.709813000000002,0.22935030759486136
41,"([0.13, 0.23, 0.45, 0.02, 0.17, 0.01], [2])","([0, 0, 1, 0, 0, 0], [2])",-0.0,-0.0,-0.0,-0.0,-0.0,-0.0,0.0,0.38390699999999994,2.325906000000002,0.22935030759486136
42,"([0.13, 0.23, 0.45, 0.02, 0.17, 0.01], [1])","([0, 0, 1, 0, 0, 0], [2])",-0.0,-0.745,-0.0,-0.0,-0.0,-0.0,-0.745,0.38390699999999994,2.686999000000002,0.22935030759486136
43,"([0.13, 0.23, 0.45, 0.02, 0.17, 0.01], [4])","([0, 0, 1, 0, 0, 0], [2])",-0.0,-0.0,-0.0,-0.0,-0.617,-0.0,-0.617,0.38390699999999994,2.920092000000002,0.22935030759486136
44,"([0.13, 0.23, 0.45, 0.02, 0.17, 0.01], [1])","([0, 0, 1, 0, 0, 0], [2])",-0.0,-0.745,-0.0,-0.0,-0.0,-0.0,-0.745,0.38390699999999994,3.281185000000002,0.22935030759486136
45,"([0.13, 0.23, 0.45, 0.02, 0.17, 0.01], [1])","([0, 0, 1, 0, 0, 0], [2])",-0.0,-0.745,-0.0,-0.0,-0.0,-0.0,-0.745,0.38390699999999994,3.642278000000002,0.22935030759486136
46,"([0.13, 0.23, 0.45, 0.02, 0.17, 0.01], [0])","([0, 0, 1, 0, 0, 0], [2])",-0.6679999999999999,-0.0,-0.0,-0.0,-0.0,-0.0,-0.6679999999999999,0.38390699999999994,3.926371000000002,0.22935030759486136
47,"([0.13, 0.23, 0.45, 0.02, 0.17, 0.01], [2])","([0, 0, 1, 0, 0, 0], [2])",-0.0,-0.0,-0.0,-0.0,-0.0,-0.0,0.0,0.38390699999999994,3.542464000000002,0.22935030759486136
48,"([0.13, 0.23, 0.45, 0.02, 0.17, 0.01], [4])","([0, 0, 1, 0, 0, 0], [2])",-0.0,-0.0,-0.0,-0.0,-0.617,-0.0,-0.617,0.38390699999999994,3.7755570000000023,0.22935030759486136
49,"([0.13, 0.23, 0.45, 0.02, 0.17, 0.01], [0])","([0, 0, 1, 0, 0, 0], [2])",-0.6679999999999999,-0.0,-0.0,-0.0,-0.0,-0.0,-0.6679999999999999,0.38390699999999994,4.059650000000002,0.22935030759486136
50,"([0.13, 0.23, 0.45, 0.02, 0.17, 0.01], [0])","([0, 0, 1, 0, 0, 0], [2])",-0.6679999999999999,-0.0,-0.0,-0.0,-0.0,-0.0,-0.6679999999999999,0.38390699999999994,4.343743000000003,0.22935030759486136
51,"([0.13, 0.23, 0.45, 0.02, 0.17, 0.01], [4])","([0, 0, 1, 0, 0, 0], [2])",-0.0,-0.0,-0.0,-0.0,-0.617,-0.0,-0.617,0.38390699999999994,4.576836000000003,0.22935030759486136
52,"([0.13, 0.23, 0.45, 0.02, 0.17, 0.01], [4])","([0, 0, 1, 0, 0, 0], [2])",-0.0,-0.0,-0.0,-0.0,-0.617,-0.0,-0.617,0.38390699999999994,4.809929000000003,0.22935030759486136
53,"([0.13, 0.23, 0.45, 0.02, 0.17, 0.01], [4])","([0, 0, 1, 0, 0, 0], [2])",-0.0,-0.0,-0.0,-0.0,-0.617,-0.0,-0.617,0.38390699999999994,5.043022000000003,0.22935030759486136
54,"([0.13, 0.23, 0.45, 0.02, 0.17, 0.01], [2])","([0, 0, 1, 0, 0, 0], [2])",-0.0,-0.0,-0.0,-0.0,-0.0,-0.0,0.0,0.38390699999999994,4.6591150000000034,0.22935030759486136
55,"([0.13, 0.23, 0.45, 0.02, 0.17, 0.01], [0])","([0, 0, 1, 0, 0, 0], [2])",-0.6679999999999999,-0.0,-0.0,-0.0,-0.0,-0.0,-0.6679999999999999,0.38390699999999994,4.943208000000004,0.22935030759486136
56,"([0.13, 0.23, 0.45, 0.02, 0.17, 0.01], [2])","([0, 0, 1, 0, 0, 0], [2])",-0.0,-0.0,-0.0,-0.0,-0.0,-0.0,0.0,0.38390699999999994,4.559301000000004,0.22935030759486136
57,"([0.13, 0.23, 0.45, 0.02, 0.17, 0.01], [2])","([0, 0, 1, 0, 0, 0], [2])",-0.0,-0.0,-0.0,-0.0,-0.0,-0.0,0.0,0.38390699999999994,4.175394000000004,0.22935030759486136
58,"([0.13, 0.23, 0.45, 0.02, 0.17, 0.01], [2])","([0, 0, 1, 0, 0, 0], [2])",-0.0,-0.0,-0.0,-0.0,-0.0,-0.0,0.0,0.38390699999999994,3.7914870000000045,0.22935030759486136
59,"([0.13, 0.23, 0.45, 0.02, 0.17, 0.01], [1])","([0, 0, 1, 0, 0, 0], [2])",-0.0,-0.745,-0.0,-0.0,-0.0,-0.0,-0.745,0.38390699999999994,4.152580000000005,0.22935030759486136
60,"([0.13, 0.23, 0.45, 0.02, 0.17, 0.01], [1])","([0, 0, 1, 0, 0, 0], [2])",-0.0,-0.745,-0.0,-0.0,-0.0,-0.0,-0.745,0.38390699999999994,4.513673000000005,0.22935030759486136
61,"([0.13, 0.23, 0.45, 0.02, 0.17, 0.01], [2])","([0, 0, 1, 0, 0, 0], [2])",-0.0,-0.0,-0.0,-0.0,-0.0,-0.0,0.0,0.38390699999999994,4.129766000000005,0.22935030759486136
62,"([0.13, 0.23, 0.45, 0.02, 0.17, 0.01], [2])","([0, 0, 1, 0, 0, 0], [2])",-0.0,-0.0,-0.0,-0.0,-0.0,-0.0,0.0,0.38390699999999994,3.7458590000000056,0.22935030759486136
63,"([0.13, 0.23, 0.45, 0.02, 0.17, 0.01], [4])","([0, 0, 1, 0, 0, 0], [2])",-0.0,-0.0,-0.0,-0.0,-0.617,-0.0,-0.617,0.38390699999999994,3.978952000000006,0.22935030759486136
64,"([0.13, 0.23, 0.45, 0.02, 0.17, 0.01], [3])","([0, 0, 1, 0, 0, 0], [2])",-0.0,-0.0,-0.0,-0.835,-0.0,-0.0,-0.835,0.38390699999999994,4.430045000000006,0.22935030759486136
65,"([0.13, 0.23, 0.45, 0.02, 0.17, 0.01], [4])","([0, 0, 1, 0, 0, 0], [2])",-0.0,-0.0,-0.0,-0.0,-0.617,-0.0,-0.617,0.38390699999999994,4.663138000000006,0.22935030759486136
66,"([0.13, 0.23, 0.45, 0.02, 0.17, 0.01], [2])","([0, 0, 1, 0, 0, 0], [2])",-0.0,-0.0,-0.0,-0.0,-0.0,-0.0,0.0,0.38390699999999994,4.2792310000000064,0.22935030759486136
67,"([0.13, 0.23, 0.45, 0.02, 0.17, 0.01], [1])","([0, 0, 1, 0, 0, 0], [2])",-0.0,-0.745,-0.0,-0.0,-0.0,-0.0,-0.745,0.38390699999999994,4.640324000000007,0.22935030759486136
68,"([0.13, 0.23, 0.45, 0.02, 0.17, 0.01], [2])","([0, 0, 1, 0, 0, 0], [2])",-0.0,-0.0,-0.0,-0.0,-0.0,-0.0,0.0,0.38390699999999994,4.256417000000007,0.22935030759486136
69,"([0.13, 0.23, 0.45, 0.02, 0.17, 0.01], [2])","([0, 0, 1, 0, 0, 0], [2])",-0.0,-0.0,-0.0,-0.0,-0.0,-0.0,0.0,0.38390699999999994,3.8725100000000072,0.22935030759486136
70,"([0.13, 0.23, 0.45, 0.02, 0.17, 0.01], [3])","([0, 0, 1, 0, 0, 0], [2])",-0.0,-0.0,-0.0,-0.835,-0.0,-0.0,-0.835,0.38390699999999994,4.323603000000007,0.22935030759486136
71,"([0.13, 0.23, 0.45, 0.02, 0.17, 0.01], [2])","([0, 0, 1, 0, 0, 0], [2])",-0.0,-0.0,-0.0,-0.0,-0.0,-0.0,0.0,0.38390699999999994,3.9396960000000076,0.22935030759486136
72,"([0.13, 0.23, 0.45, 0.02, 0.17, 0.01], [2])","([0, 0, 1, 0, 0, 0], [2])",-0.0,-0.0,-0.0,-0.0,-0.0,-0.0,0.0,0.38390699999999994,3.555789000000008,0.22935030759486136
73,"([0.13, 0.23, 0.45, 0.02, 0.17, 0.01], [1])","([0, 0, 1, 0, 0, 0], [2])",-0.0,-0.745,-0.0,-0.0,-0.0,-0.0,-0.745,0.38390699999999994,3.9168820000000077,0.22935030759486136
74,"([0.13, 0.23, 0.45, 0.02, 0.17, 0.01], [0])","([0, 0, 1, 0, 0, 0], [2])",-0.6679999999999999,-0.0,-0.0,-0.0,-0.0,-0.0,-0.6679999999999999,0.38390699999999994,4.200975000000008,0.22935030759486136
75,"([0.13, 0.23, 0.45, 0.02, 0.17, 0.01], [2])","([0, 0, 1, 0, 0, 0], [2])",-0.0,-0.0,-0.0,-0.0,-0.0,-0.0,0.0,0.38390699999999994,3.817068000000008,0.22935030759486136
76,"([0.13, 0.23, 0.45, 0.02, 0.17, 0.01], [4])","([0, 0, 1, 0, 0, 0], [2])",-0.0,-0.0,-0.0,-0.0,-0.617,-0.0,-0.617,0.38390699999999994,4.050161000000008,0.22935030759486136
77,"([0.13, 0.23, 0.45, 0.02, 0.17, 0.01], [2])","([0, 0, 1, 0, 0, 0], [2])",-0.0,-0.0,-0.0,-0.0,-0.0,-0.0,0.0,0.38390699999999994,3.6662540000000083,0.22935030759486136
78,"([0.13, 0.23, 0.45, 0.02, 0.17, 0.01], [0])","([0, 0, 1, 0, 0, 0], [2])",-0.6679999999999999,-0.0,-0.0,-0.0,-0.0,-0.0,-0.6679999999999999,0.38390699999999994,3.9503470000000083,0.22935030759486136
79,"([0.13, 0.23, 0.45, 0.02, 0.17, 0.01], [4])","([0, 0, 1, 0, 0, 0], [2])",-0.0,-0.0,-0.0,-0.0,-0.617,-0.0,-0.617,0.38390699999999994,4.183440000000008,0.22935030759486136
80,"([0.13, 0.23, 0.45, 0.02, 0.17, 0.01], [4])","([0, 0, 1, 0, 0, 0], [2])",-0.0,-0.0,-0.0,-0.0,-0.617,-0.0,-0.617,0.38390699999999994,4.416533000000008,0.22935030759486136
81,"([0.13, 0.23, 0.45, 0.02, 0.17, 0.01], [2])","([0, 0, 1, 0, 0, 0], [2])",-0.0,-0.0,-0.0,-0.0,-0.0,-0.0,0.0,0.38390699999999994,4.0326260000000085,0.22935030759486136
82,"([0.13, 0.23, 0.45, 0.02, 0.17, 0.01], [4])","([0, 0, 1, 0, 0, 0], [2])",-0.0,-0.0,-0.0,-0.0,-0.617,-0.0,-0.617,0.38390699999999994,4.265719000000009,0.22935030759486136
83,"([0.13, 0.23, 0.45, 0.02, 0.17, 0.01], [2])","([0, 0, 1, 0, 0, 0], [2])",-0.0,-0.0,-0.0,-0.0,-0.0,-0.0,0.0,0.38390699999999994,3.881812000000009,0.22935030759486136
84,"([0.13, 0.23, 0.45, 0.02, 0.17, 0.01], [0])","([0, 0, 1, 0, 0, 0], [2])",-0.6679999999999999,-0.0,-0.0,-0.0,-0.0,-0.0,-0.6679999999999999,0.38390699999999994,4.165905000000009,0.22935030759486136
85,"([0.13, 0.23, 0.45, 0.02, 0.17, 0.01], [0])","([0, 0, 1, 0, 0, 0], [2])",-0.6679999999999999,-0.0,-0.0,-0.0,-0.0,-0.0,-0.6679999999999999,0.38390699999999994,4.44999800000001,0.22935030759486136
86,"([0.13, 0.23, 0.45, 0.02, 0.17, 0.01], [2])","([0, 0, 1, 0, 0, 0], [2])",-0.0,-0.0,-0.0,-0.0,-0.0,-0.0,0.0,0.38390699999999994,4.06609100000001,0.22935030759486136
87,"([0.13, 0.23, 0.45, 0.02, 0.17, 0.01], [2])","([0, 0, 1, 0, 0, 0], [2])",-0.0,-0.0,-0.0,-0.0,-0.0,-0.0,0.0,0.38390699999999994,3.68218400000001,0.22935030759486136
88,"([0.13, 0.23, 0.45, 0.02, 0.17, 0.01], [1])","([0, 0, 1, 0, 0, 0], [2])",-0.0,-0.745,-0.0,-0.0,-0.0,-0.0,-0.745,0.38390699999999994,4.0432770000000104,0.22935030759486136
89,"([0.13, 0.23, 0.45, 0.02, 0.17, 0.01], [3])","([0, 0, 1, 0, 0, 0], [2])",-0.0,-0.0,-0.0,-0.835,-0.0,-0.0,-0.835,0.38390699999999994,4.494370000000011,0.22935030759486136
90,"([0.13, 0.23, 0.45, 0.02, 0.17, 0.01], [1])","([0, 0, 1, 0, 0, 0], [2])",-0.0,-0.745,-0.0,-0.0,-0.0,-0.0,-0.745,0.38390699999999994,4.855463000000011,0.22935030759486136
91,"([0.13, 0.23, 0.45, 0.02, 0.17, 0.01], [0])","([0, 0, 1, 0, 0, 0], [2])",-0.6679999999999999,-0.0,-0.0,-0.0,-0.0,-0.0,-0.6679999999999999,0.38390699999999994,5.139556000000011,0.22935030759486136
92,"([0.13, 0.23, 0.45, 0.02, 0.17, 0.01], [2])","([0, 0, 1, 0, 0, 0], [2])",-0.0,-0.0,-0.0,-0.0,-0.0,-0.0,0.0,0.38390699999999994,4.755649000000012,0.22935030759486136
93,"([0.13, 0.23, 0.45, 0.02, 0.17, 0.01], [0])","([0, 0, 1, 0, 0, 0], [2])",-0.6679999999999999,-0.0,-0.0,-0.0,-0.0,-0.0,-0.6679999999999999,0.38390699999999994,5.039742000000012,0.22935030759486136
94,"([0.13, 0.23, 0.45, 0.02, 0.17, 0.01], [2])","([0, 0, 1, 0, 0, 0], [2])",-0.0,-0.0,-0.0,-0.0,-0.0,-0.0,0.0,0.38390699999999994,4.655835000000012,0.22935030759486136
95,"([0.13, 0.23, 0.45, 0.02, 0.17, 0.01], [0])","([0, 0, 1, 0, 0, 0], [2])",-0.6679999999999999,-0.0,-0.0,-0.0,-0.0,-0.0,-0.6679999999999999,0.38390699999999994,4.9399280000000125,0.22935030759486136
96,"([0.13, 0.23, 0.45, 0.02, 0.17, 0.01], [2])","([0, 0, 1, 0, 0, 0], [2])",-0.0,-0.0,-0.0,-0.0,-0.0,-0.0,0.0,0.38390699999999994,4.556021000000013,0.22935030759486136
97,"([0.13, 0.23, 0.45, 0.02, 0.17, 0.01], [2])","([0, 0, 1, 0, 0, 0], [2])",-0.0,-0.0,-0.0,-0.0,-0.0,-0.0,0.0,0.38390699999999994,4.172114000000013,0.22935030759486136
98,"([0.13, 0.23, 0.45, 0.02, 0.17, 0.01], [1])","([0, 0, 1, 0, 0, 0], [2])",-0.0,-0.745,-0.0,-0.0,-0.0,-0.0,-0.745,0.38390699999999994,4.533207000000013,0.22935030759486136
99,"([0.13, 0.23, 0.45, 0.02, 0.17, 0.01], [2])","([0, 0, 1, 0, 0, 0], [2])",-0.0,-0.0,-0.0,-0.0,-0.0,-0.0,0.0,0.38390699999999994,4.1493000000000135,0.22935030759486136
100,"([0.13, 0.23, 0.45, 0.02, 0.17, 0.01], [1])","([0, 0, 1, 0, 0, 0], [2])",-0.0,-0.745,-0.0,-0.0,-0.0,-0.0,-0.745,0.38390699999999994,4.510393000000014,0.22935030759486136
101,"([0.13, 0.23, 0.45, 0.02, 0.17, 0.01], [2])","([0, 0, 1, 0, 0, 0], [2])",-0.0,-0.0,-0.0,-0.0,-0.0,-0.0,0.0,0.38390699999999994,4.126486000000014,0.22935030759486136
102,"([0.13, 0.23, 0.45, 0.02, 0.17, 0.01], [2])","([0, 0, 1, 0, 0, 0], [2])",-0.0,-0.0,-0.0,-0.0,-0.0,-0.0,0.0,0.38390699999999994,3.7425790000000143,0.22935030759486136
103,"([0.13, 0.23, 0.45, 0.02, 0.17, 0.01], [1])","([0, 0, 1, 0, 0, 0], [2])",-0.0,-0.745,-0.0,-0.0,-0.0,-0.0,-0.745,0.38390699999999994,4.103672000000015,0.22935030759486136
104,"([0.13, 0.23, 0.45, 0.02, 0.17, 0.01], [1])","([0, 0, 1, 0, 0, 0], [2])",-0.0,-0.745,-0.0,-0.0,-0.0,-0.0,-0.745,0.38390699999999994,4.464765000000015,0.22935030759486136
105,"([0.13, 0.23, 0.45, 0.02, 0.17, 0.01], [2])","([0, 0, 1, 0, 0, 0], [2])",-0.0,-0.0,-0.0,-0.0,-0.0,-0.0,0.0,0.38390699999999994,4.080858000000015,0.22935030759486136
106,"([0.13, 0.23, 0.45, 0.02, 0.17, 0.01], [2])","([0, 0, 1, 0, 0, 0], [2])",-0.0,-0.0,-0.0,-0.0,-0.0,-0.0,0.0,0.38390699999999994,3.6969510000000154,0.22935030759486136
107,"([0.13, 0.23, 0.45, 0.02, 0.17, 0.01], [2])","([0, 0, 1, 0, 0, 0], [2])",-0.0,-0.0,-0.0,-0.0,-0.0,-0.0,0.0,0.38390699999999994,3.3130440000000156,0.22935030759486136
108,"([0.13, 0.23, 0.45, 0.02, 0.17, 0.01], [1])","([0, 0, 1, 0, 0, 0], [2])",-0.0,-0.745,-0.0,-0.0,-0.0,-0.0,-0.745,0.38390699999999994,3.6741370000000155,0.22935030759486136
109,"([0.13, 0.23, 0.45, 0.02, 0.17, 0.01], [2])","([0, 0, 1, 0, 0, 0], [2])",-0.0,-0.0,-0.0,-0.0,-0.0,-0.0,0.0,0.38390699999999994,3.2902300000000158,0.22935030759486136
110,"([0.13, 0.23, 0.45, 0.02, 0.17, 0.01], [1])","([0, 0, 1, 0, 0, 0], [2])",-0.0,-0.745,-0.0,-0.0,-0.0,-0.0,-0.745,0.38390699999999994,3.6513230000000156,0.22935030759486136
111,"([0.13, 0.23, 0.45, 0.02, 0.17, 0.01], [4])","([0, 0, 1, 0, 0, 0], [2])",-0.0,-0.0,-0.0,-0.0,-0.617,-0.0,-0.617,0.38390699999999994,3.884416000000016,0.22935030759486136
112,"([0.13, 0.23, 0.45, 0.02, 0.17, 0.01], [4])","([0, 0, 1, 0, 0, 0], [2])",-0.0,-0.0,-0.0,-0.0,-0.617,-0.0,-0.617,0.38390699999999994,4.117509000000016,0.22935030759486136
113,"([0.13, 0.23, 0.45, 0.02, 0.17, 0.01], [0])","([0, 0, 1, 0, 0, 0], [2])",-0.6679999999999999,-0.0,-0.0,-0.0,-0.0,-0.0,-0.6679999999999999,0.38390699999999994,4.4016020000000164,0.22935030759486136
114,"([0.13, 0.23, 0.45, 0.02, 0.17, 0.01], [2])","([0, 0, 1, 0, 0, 0], [2])",-0.0,-0.0,-0.0,-0.0,-0.0,-0.0,0.0,0.38390699999999994,4.017695000000017,0.22935030759486136
115,"([0.13, 0.23, 0.45, 0.02, 0.17, 0.01], [1])","([0, 0, 1, 0, 0, 0], [2])",-0.0,-0.745,-0.0,-0.0,-0.0,-0.0,-0.745,0.38390699999999994,4.378788000000017,0.22935030759486136
116,"([0.13, 0.23, 0.45, 0.02, 0.17, 0.01], [4])","([0, 0, 1, 0, 0, 0], [2])",-0.0,-0.0,-0.0,-0.0,-0.617,-0.0,-0.617,0.38390699999999994,4.611881000000017,0.22935030759486136
117,"([0.13, 0.23, 0.45, 0.02, 0.17, 0.01], [2])","([0, 0, 1, 0, 0, 0], [2])",-0.0,-0.0,-0.0,-0.0,-0.0,-0.0,0.0,0.38390699999999994,4.227974000000017,0.22935030759486136
118,"([0.13, 0.23, 0.45, 0.02, 0.17, 0.01], [4])","([0, 0, 1, 0, 0, 0], [2])",-0.0,-0.0,-0.0,-0.0,-0.617,-0.0,-0.617,0.38390699999999994,4.461067000000018,0.22935030759486136
119,"([0.13, 0.23, 0.45, 0.02, 0.17, 0.01], [4])","([0, 0, 1, 0, 0, 0], [2])",-0.0,-0.0,-0.0,-0.0,-0.617,-0.0,-0.617,0.38390699999999994,4.694160000000018,0.22935030759486136
120,"([0.13, 0.23, 0.45, 0.02, 0.17, 0.01], [4])","([0, 0, 1, 0, 0, 0], [2])",-0.0,-0.0,-0.0,-0.0,-0.617,-0.0,-0.617,0.38390699999999994,4.927253000000018,0.22935030759486136
121,"([0.13, 0.23, 0.45, 0.02, 0.17, 0.01], [1])","([0, 0, 1, 0, 0, 0], [2])",-0.0,-0.745,-0.0,-0.0,-0.0,-0.0,-0.745,0.38390699999999994,5.288346000000018,0.22935030759486136
122,"([0.13, 0.23, 0.45, 0.02, 0.17, 0.01], [1])","([0, 0, 1, 0, 0, 0], [2])",-0.0,-0.745,-0.0,-0.0,-0.0,-0.0,-0.745,0.38390699999999994,5.649439000000019,0.22935030759486136
123,"([0.13, 0.23, 0.45, 0.02, 0.17, 0.01], [0])","([0, 0, 1, 0, 0, 0], [2])",-0.6679999999999999,-0.0,-0.0,-0.0,-0.0,-0.0,-0.6679999999999999,0.38390699999999994,5.933532000000019,0.22935030759486136
124,"([0.13, 0.23, 0.45, 0.02, 0.17, 0.01], [0])","([0, 0, 1, 0, 0, 0], [2])",-0.6679999999999999,-0.0,-0.0,-0.0,-0.0,-0.0,-0.6679999999999999,0.38390699999999994,6.2176250000000195,0.22935030759486136
125,"([0.13, 0.23, 0.45, 0.02, 0.17, 0.01], [3])","([0, 0, 1, 0, 0, 0], [2])",-0.0,-0.0,-0.0,-0.835,-0.0,-0.0,-0.835,0.38390699999999994,6.66871800000002,0.22935030759486136
126,"([0.13, 0.23, 0.45, 0.02, 0.17, 0.01], [4])","([0, 0, 1, 0, 0, 0], [2])",-0.0,-0.0,-0.0,-0.0,-0.617,-0.0,-0.617,0.38390699999999994,6.90181100000002,0.22935030759486136
127,"([0.13, 0.23, 0.45, 0.02, 0.17, 0.01], [4])","([0, 0, 1, 0, 0, 0], [2])",-0.0,-0.0,-0.0,-0.0,-0.617,-0.0,-0.617,0.38390699999999994,7.13490400000002,0.22935030759486136
128,"([0.13, 0.23, 0.45, 0.02, 0.17, 0.01], [1])","([0, 0, 1, 0, 0, 0], [2])",-0.0,-0.745,-0.0,-0.0,-0.0,-0.0,-0.745,0.38390699999999994,7.4959970000000204,0.22935030759486136
129,"([0.13, 0.23, 0.45, 0.02, 0.17, 0.01], [4])","([0, 0, 1, 0, 0, 0], [2])",-0.0,-0.0,-0.0,-0.0,-0.617,-0.0,-0.617,0.38390699999999994,7.729090000000021,0.22935030759486136
130,"([0.13, 0.23, 0.45, 0.02, 0.17, 0.01], [0])","([0, 0, 1, 0, 0, 0], [2])",-0.6679999999999999,-0.0,-0.0,-0.0,-0.0,-0.0,-0.6679999999999999,0.38390699999999994,8.013183000000021,0.22935030759486136
131,"([0.13, 0.23, 0.45, 0.02, 0.17, 0.01], [1])","([0, 0, 1, 0, 0, 0], [2])",-0.0,-0.745,-0.0,-0.0,-0.0,-0.0,-0.745,0.38390699999999994,8.374276000000021,0.22935030759486136
132,"([0.13, 0.23, 0.45, 0.02, 0.17, 0.01], [0])","([0, 0, 1, 0, 0, 0], [2])",-0.6679999999999999,-0.0,-0.0,-0.0,-0.0,-0.0,-0.6679999999999999,0.38390699999999994,8.658369000000022,0.22935030759486136
133,"([0.13, 0.23, 0.45, 0.02, 0.17, 0.01], [2])","([0, 0, 1, 0, 0, 0], [2])",-0.0,-0.0,-0.0,-0.0,-0.0,-0.0,0.0,0.38390699999999994,8.274462000000021,0.22935030759486136
134,"([0.13, 0.23, 0.45, 0.02, 0.17, 0.01], [4])","([0, 0, 1, 0, 0, 0], [2])",-0.0,-0.0,-0.0,-0.0,-0.617,-0.0,-0.617,0.38390699999999994,8.507555000000021,0.22935030759486136
135,"([0.13, 0.23, 0.45, 0.02, 0.17, 0.01], [1])","([0, 0, 1, 0, 0, 0], [2])",-0.0,-0.745,-0.0,-0.0,-0.0,-0.0,-0.745,0.38390699999999994,8.868648000000022,0.22935030759486136
136,"([0.13, 0.23, 0.45, 0.02, 0.17, 0.01], [1])","([0, 0, 1, 0, 0, 0], [2])",-0.0,-0.745,-0.0,-0.0,-0.0,-0.0,-0.745,0.38390699999999994,9.229741000000022,0.22935030759486136
137,"([0.13, 0.23, 0.45, 0.02, 0.17, 0.01], [2])","([0, 0, 1, 0, 0, 0], [2])",-0.0,-0.0,-0.0,-0.0,-0.0,-0.0,0.0,0.38390699999999994,8.845834000000021,0.22935030759486136
138,"([0.13, 0.23, 0.45, 0.02, 0.17, 0.01], [4])","([0, 0, 1, 0, 0, 0], [2])",-0.0,-0.0,-0.0,-0.0,-0.617,-0.0,-0.617,0.38390699999999994,9.078927000000022,0.22935030759486136
139,"([0.13, 0.23, 0.45, 0.02, 0.17, 0.01], [2])","([0, 0, 1, 0, 0, 0], [2])",-0.0,-0.0,-0.0,-0.0,-0.0,-0.0,0.0,0.38390699999999994,8.69502000000002,0.22935030759486136
140,"([0.13, 0.23, 0.45, 0.02, 0.17, 0.01], [4])","([0, 0, 1, 0, 0, 0], [2])",-0.0,-0.0,-0.0,-0.0,-0.617,-0.0,-0.617,0.38390699999999994,8.928113000000021,0.22935030759486136
141,"([0.13, 0.23, 0.45, 0.02, 0.17, 0.01], [5])","([0, 0, 1, 0, 0, 0], [2])",-0.0,-0.0,-0.0,-0.0,-0.0,-0.997,-0.997,0.38390699999999994,9.54120600000002,0.22935030759486136
142,"([0.13, 0.23, 0.45, 0.02, 0.17, 0.01], [4])","([0, 0, 1, 0, 0, 0], [2])",-0.0,-0.0,-0.0,-0.0,-0.617,-0.0,-0.617,0.38390699999999994,9.77429900000002,0.22935030759486136
143,"([0.13, 0.23, 0.45, 0.02, 0.17, 0.01], [2])","([0, 0, 1, 0, 0, 0], [2])",-0.0,-0.0,-0.0,-0.0,-0.0,-0.0,0.0,0.38390699999999994,9.39039200000002,0.22935030759486136
144,"([0.13, 0.23, 0.45, 0.02, 0.17, 0.01], [2])","([0, 0, 1, 0, 0, 0], [2])",-0.0,-0.0,-0.0,-0.0,-0.0,-0.0,0.0,0.38390699999999994,9.00648500000002,0.22935030759486136
145,"([0.13, 0.23, 0.45, 0.02, 0.17, 0.01], [2])","([0, 0, 1, 0, 0, 0], [2])",-0.0,-0.0,-0.0,-0.0,-0.0,-0.0,0.0,0.38390699999999994,8.622578000000019,0.22935030759486136
146,"([0.13, 0.23, 0.45, 0.02, 0.17, 0.01], [2])","([0, 0, 1, 0, 0, 0], [2])",-0.0,-0.0,-0.0,-0.0,-0.0,-0.0,0.0,0.38390699999999994,8.238671000000018,0.22935030759486136
147,"([0.13, 0.23, 0.45, 0.02, 0.17, 0.01], [4])","([0, 0, 1, 0, 0, 0], [2])",-0.0,-0.0,-0.0,-0.0,-0.617,-0.0,-0.617,0.38390699999999994,8.471764000000018,0.22935030759486136
148,"([0.13, 0.23, 0.45, 0.02, 0.17, 0.01], [4])","([0, 0, 1, 0, 0, 0], [2])",-0.0,-0.0,-0.0,-0.0,-0.617,-0.0,-0.617,0.38390699999999994,8.704857000000018,0.22935030759486136
149,"([0.13, 0.23, 0.45, 0.02, 0.17, 0.01], [2])","([0, 0, 1, 0, 0, 0], [2])",-0.0,-0.0,-0.0,-0.0,-0.0,-0.0,0.0,0.38390699999999994,8.320950000000018,0.22935030759486136
150,"([0.13, 0.23, 0.45, 0.02, 0.17, 0.01], [0])","([0, 0, 1, 0, 0, 0], [2])",-0.6679999999999999,-0.0,-0.0,-0.0,-0.0,-0.0,-0.6679999999999999,0.38390699999999994,8.605043000000018,0.22935030759486136
151,"([0.13, 0.23, 0.45, 0.02, 0.17, 0.01], [4])","([0, 0, 1, 0, 0, 0], [2])",-0.0,-0.0,-0.0,-0.0,-0.617,-0.0,-0.617,0.38390699999999994,8.838136000000018,0.22935030759486136
152,"([0.13, 0.23, 0.45, 0.02, 0.17, 0.01], [4])","([0, 0, 1, 0, 0, 0], [2])",-0.0,-0.0,-0.0,-0.0,-0.617,-0.0,-0.617,0.38390699999999994,9.071229000000018,0.22935030759486136
153,"([0.13, 0.23, 0.45, 0.02, 0.17, 0.01], [4])","([0, 0, 1, 0, 0, 0], [2])",-0.0,-0.0,-0.0,-0.0,-0.617,-0.0,-0.617,0.38390699999999994,9.304322000000019,0.22935030759486136
154,"([0.13, 0.23, 0.45, 0.02, 0.17, 0.01], [0])","([0, 0, 1, 0, 0, 0], [2])",-0.6679999999999999,-0.0,-0.0,-0.0,-0.0,-0.0,-0.6679999999999999,0.38390699999999994,9.588415000000019,0.22935030759486136
155,"([0.13, 0.23, 0.45, 0.02, 0.17, 0.01], [1])","([0, 0, 1, 0, 0, 0], [2])",-0.0,-0.745,-0.0,-0.0,-0.0,-0.0,-0.745,0.38390699999999994,9.94950800000002,0.22935030759486136
156,"([0.13, 0.23, 0.45, 0.02, 0.17, 0.01], [4])","([0, 0, 1, 0, 0, 0], [2])",-0.0,-0.0,-0.0,-0.0,-0.617,-0.0,-0.617,0.38390699999999994,10.18260100000002,0.22935030759486136
157,"([0.13, 0.23, 0.45, 0.02, 0.17, 0.01], [0])","([0, 0, 1, 0, 0, 0], [2])",-0.6679999999999999,-0.0,-0.0,-0.0,-0.0,-0.0,-0.6679999999999999,0.38390699999999994,10.46669400000002,0.22935030759486136
158,"([0.13, 0.23, 0.45, 0.02, 0.17, 0.01], [4])","([0, 0, 1, 0, 0, 0], [2])",-0.0,-0.0,-0.0,-0.0,-0.617,-0.0,-0.617,0.38390699999999994,10.69978700000002,0.22935030759486136
159,"([0.13, 0.23, 0.45, 0.02, 0.17, 0.01], [2])","([0, 0, 1, 0, 0, 0], [2])",-0.0,-0.0,-0.0,-0.0,-0.0,-0.0,0.0,0.38390699999999994,10.31588000000002,0.22935030759486136
160,"([0.13, 0.23, 0.45, 0.02, 0.17, 0.01], [1])","([0, 0, 1, 0, 0, 0], [2])",-0.0,-0.745,-0.0,-0.0,-0.0,-0.0,-0.745,0.38390699999999994,10.67697300000002,0.22935030759486136
161,"([0.13, 0.23, 0.45, 0.02, 0.17, 0.01], [3])","([0, 0, 1, 0, 0, 0], [2])",-0.0,-0.0,-0.0,-0.835,-0.0,-0.0,-0.835,0.38390699999999994,11.12806600000002,0.22935030759486136
162,"([0.13, 0.23, 0.45, 0.02, 0.17, 0.01], [1])","([0, 0, 1, 0, 0, 0], [2])",-0.0,-0.745,-0.0,-0.0,-0.0,-0.0,-0.745,0.38390699999999994,11.48915900000002,0.22935030759486136
163,"([0.13, 0.23, 0.45, 0.02, 0.17, 0.01], [4])","([0, 0, 1, 0, 0, 0], [2])",-0.0,-0.0,-0.0,-0.0,-0.617,-0.0,-0.617,0.38390699999999994,11.72225200000002,0.22935030759486136
164,"([0.13, 0.23, 0.45, 0.02, 0.17, 0.01], [2])","([0, 0, 1, 0, 0, 0], [2])",-0.0,-0.0,-0.0,-0.0,-0.0,-0.0,0.0,0.38390699999999994,11.33834500000002,0.22935030759486136
165,"([0.13, 0.23, 0.45, 0.02, 0.17, 0.01], [0])","([0, 0, 1, 0, 0, 0], [2])",-0.6679999999999999,-0.0,-0.0,-0.0,-0.0,-0.0,-0.6679999999999999,0.38390699999999994,11.62243800000002,0.22935030759486136
166,"([0.13, 0.23, 0.45, 0.02, 0.17, 0.01], [1])","([0, 0, 1, 0, 0, 0], [2])",-0.0,-0.745,-0.0,-0.0,-0.0,-0.0,-0.745,0.38390699999999994,11.98353100000002,0.22935030759486136
167,"([0.13, 0.23, 0.45, 0.02, 0.17, 0.01], [0])","([0, 0, 1, 0, 0, 0], [2])",-0.6679999999999999,-0.0,-0.0,-0.0,-0.0,-0.0,-0.6679999999999999,0.38390699999999994,12.267624000000021,0.22935030759486136
168,"([0.13, 0.23, 0.45, 0.02, 0.17, 0.01], [2])","([0, 0, 1, 0, 0, 0], [2])",-0.0,-0.0,-0.0,-0.0,-0.0,-0.0,0.0,0.38390699999999994,11.88371700000002,0.22935030759486136
169,"([0.13, 0.23, 0.45, 0.02, 0.17, 0.01], [0])","([0, 0, 1, 0, 0, 0], [2])",-0.6679999999999999,-0.0,-0.0,-0.0,-0.0,-0.0,-0.6679999999999999,0.38390699999999994,12.16781000000002,0.22935030759486136
170,"([0.13, 0.23, 0.45, 0.02, 0.17, 0.01], [0])","([0, 0, 1, 0, 0, 0], [2])",-0.6679999999999999,-0.0,-0.0,-0.0,-0.0,-0.0,-0.6679999999999999,0.38390699999999994,12.451903000000021,0.22935030759486136
171,"([0.13, 0.23, 0.45, 0.02, 0.17, 0.01], [4])","([0, 0, 1, 0, 0, 0], [2])",-0.0,-0.0,-0.0,-0.0,-0.617,-0.0,-0.617,0.38390699999999994,12.684996000000021,0.22935030759486136
172,"([0.13, 0.23, 0.45, 0.02, 0.17, 0.01], [4])","([0, 0, 1, 0, 0, 0], [2])",-0.0,-0.0,-0.0,-0.0,-0.617,-0.0,-0.617,0.38390699999999994,12.918089000000021,0.22935030759486136
173,"([0.13, 0.23, 0.45, 0.02, 0.17, 0.01], [2])","([0, 0, 1, 0, 0, 0], [2])",-0.0,-0.0,-0.0,-0.0,-0.0,-0.0,0.0,0.38390699999999994,12.53418200000002,0.22935030759486136
174,"([0.13, 0.23, 0.45, 0.02, 0.17, 0.01], [2])","([0, 0, 1, 0, 0, 0], [2])",-0.0,-0.0,-0.0,-0.0,-0.0,-0.0,0.0,0.38390699999999994,12.15027500000002,0.22935030759486136
175,"([0.13, 0.23, 0.45, 0.02, 0.17, 0.01], [4])","([0, 0, 1, 0, 0, 0], [2])",-0.0,-0.0,-0.0,-0.0,-0.617,-0.0,-0.617,0.38390699999999994,12.38336800000002,0.22935030759486136
176,"([0.13, 0.23, 0.45, 0.02, 0.17, 0.01], [4])","([0, 0, 1, 0, 0, 0], [2])",-0.0,-0.0,-0.0,-0.0,-0.617,-0.0,-0.617,0.38390699999999994,12.61646100000002,0.22935030759486136
177,"([0.13, 0.23, 0.45, 0.02, 0.17, 0.01], [1])","([0, 0, 1, 0, 0, 0], [2])",-0.0,-0.745,-0.0,-0.0,-0.0,-0.0,-0.745,0.38390699999999994,12.977554000000021,0.22935030759486136
178,"([0.13, 0.23, 0.45, 0.02, 0.17, 0.01], [1])","([0, 0, 1, 0, 0, 0], [2])",-0.0,-0.745,-0.0,-0.0,-0.0,-0.0,-0.745,0.38390699999999994,13.338647000000021,0.22935030759486136
179,"([0.13, 0.23, 0.45, 0.02, 0.17, 0.01], [2])","([0, 0, 1, 0, 0, 0], [2])",-0.0,-0.0,-0.0,-0.0,-0.0,-0.0,0.0,0.38390699999999994,12.95474000000002,0.22935030759486136
180,"([0.13, 0.23, 0.45, 0.02, 0.17, 0.01], [1])","([0, 0, 1, 0, 0, 0], [2])",-0.0,-0.745,-0.0,-0.0,-0.0,-0.0,-0.745,0.38390699999999994,13.315833000000021,0.22935030759486136
181,"([0.13, 0.23, 0.45, 0.02, 0.17, 0.01], [0])","([0, 0, 1, 0, 0, 0], [2])",-0.6679999999999999,-0.0,-0.0,-0.0,-0.0,-0.0,-0.6679999999999999,0.38390699999999994,13.599926000000021,0.22935030759486136
182,"([0.13, 0.23, 0.45, 0.02, 0.17, 0.01], [4])","([0, 0, 1, 0, 0, 0], [2])",-0.0,-0.0,-0.0,-0.0,-0.617,-0.0,-0.617,0.38390699999999994,13.833019000000021,0.22935030759486136
183,"([0.13, 0.23, 0.45, 0.02, 0.17, 0.01], [4])","([0, 0, 1, 0, 0, 0], [2])",-0.0,-0.0,-0.0,-0.0,-0.617,-0.0,-0.617,0.38390699999999994,14.066112000000022,0.22935030759486136
184,"([0.13, 0.23, 0.45, 0.02, 0.17, 0.01], [1])","([0, 0, 1, 0, 0, 0], [2])",-0.0,-0.745,-0.0,-0.0,-0.0,-0.0,-0.745,0.38390699999999994,14.427205000000022,0.22935030759486136
185,"([0.13, 0.23, 0.45, 0.02, 0.17, 0.01], [1])","([0, 0, 1, 0, 0, 0], [2])",-0.0,-0.745,-0.0,-0.0,-0.0,-0.0,-0.745,0.38390699999999994,14.788298000000022,0.22935030759486136
186,"([0.13, 0.23, 0.45, 0.02, 0.17, 0.01], [2])","([0, 0, 1, 0, 0, 0], [2])",-0.0,-0.0,-0.0,-0.0,-0.0,-0.0,0.0,0.38390699999999994,14.404391000000022,0.22935030759486136
187,"([0.13, 0.23, 0.45, 0.02, 0.17, 0.01], [0])","([0, 0, 1, 0, 0, 0], [2])",-0.6679999999999999,-0.0,-0.0,-0.0,-0.0,-0.0,-0.6679999999999999,0.38390699999999994,14.688484000000022,0.22935030759486136
188,"([0.13, 0.23, 0.45, 0.02, 0.17, 0.01], [2])","([0, 0, 1, 0, 0, 0], [2])",-0.0,-0.0,-0.0,-0.0,-0.0,-0.0,0.0,0.38390699999999994,14.304577000000021,0.22935030759486136
189,"([0.13, 0.23, 0.45, 0.02, 0.17, 0.01], [2])","([0, 0, 1, 0, 0, 0], [2])",-0.0,-0.0,-0.0,-0.0,-0.0,-0.0,0.0,0.38390699999999994,13.92067000000002,0.22935030759486136
190,"([0.13, 0.23, 0.45, 0.02, 0.17, 0.01], [1])","([0, 0, 1, 0, 0, 0], [2])",-0.0,-0.745,-0.0,-0.0,-0.0,-0.0,-0.745,0.38390699999999994,14.281763000000021,0.22935030759486136
191,"([0.13, 0.23, 0.45, 0.02, 0.17, 0.01], [4])","([0, 0, 1, 0, 0, 0], [2])",-0.0,-0.0,-0.0,-0.0,-0.617,-0.0,-0.617,0.38390699999999994,14.514856000000021,0.22935030759486136
192,"([0.13, 0.23, 0.45, 0.02, 0.17, 0.01], [2])","([0, 0, 1, 0, 0, 0], [2])",-0.0,-0.0,-0.0,-0.0,-0.0,-0.0,0.0,0.38390699999999994,14.13094900000002,0.22935030759486136
193,"([0.13, 0.23, 0.45, 0.02, 0.17, 0.01], [4])","([0, 0, 1, 0, 0, 0], [2])",-0.0,-0.0,-0.0,-0.0,-0.617,-0.0,-0.617,0.38390699999999994,14.36404200000002,0.22935030759486136
194,"([0.13, 0.23, 0.45, 0.02, 0.17, 0.01], [2])","([0, 0, 1, 0, 0, 0], [2])",-0.0,-0.0,-0.0,-0.0,-0.0,-0.0,0.0,0.38390699999999994,13.98013500000002,0.22935030759486136
195,"([0.13, 0.23, 0.45, 0.02, 0.17, 0.01], [0])","([0, 0, 1, 0, 0, 0], [2])",-0.6679999999999999,-0.0,-0.0,-0.0,-0.0,-0.0,-0.6679999999999999,0.38390699999999994,14.26422800000002,0.22935030759486136
196,"([0.13, 0.23, 0.45, 0.02, 0.17, 0.01], [2])","([0, 0, 1, 0, 0, 0], [2])",-0.0,-0.0,-0.0,-0.0,-0.0,-0.0,0.0,0.38390699999999994,13.88032100000002,0.22935030759486136
197,"([0.13, 0.23, 0.45, 0.02, 0.17, 0.01], [1])","([0, 0, 1, 0, 0, 0], [2])",-0.0,-0.745,-0.0,-0.0,-0.0,-0.0,-0.745,0.38390699999999994,14.24141400000002,0.22935030759486136
198,"([0.13, 0.23, 0.45, 0.02, 0.17, 0.01], [2])","([0, 0, 1, 0, 0, 0], [2])",-0.0,-0.0,-0.0,-0.0,-0.0,-0.0,0.0,0.38390699999999994,13.85750700000002,0.22935030759486136
199,"([0.13, 0.23, 0.45, 0.02, 0.17, 0.01], [2])","([0, 0, 1, 0, 0, 0], [2])",-0.0,-0.0,-0.0,-0.0,-0.0,-0.0,0.0,0.38390699999999994,13.473600000000019,0.22935030759486136
