,sto-1,FB-0,feedback target 0,feedback target 1,feedback target 2,feedback target 3,feedback target 4,feedback target 5,total,exp_loss,actual_regret,exp_regret
0,"([0.19, 0.06, 0.13, 0.05, 0.34, 0.23], [4])","([1, 0, 0, 0, 0, 0], [0])",-0.0,-0.0,-0.0,-0.0,-0.986,-0.0,-0.986,0.7527262737262737,0.41462237762237764,0.1813486513486513
1,"([0.19, 0.06, 0.13, 0.05, 0.34, 0.23], [4])","([0.09, 0.13, 0.21, 0.16, 0.25, 0.16], [3])",-0.0,-0.0,-0.0,-0.0,-0.986,-0.0,-0.986,0.7359259102974065,0.8292447552447553,0.34589693926843545
2,"([0.19, 0.06, 0.13, 0.05, 0.34, 0.23], [5])","([0, 0, 0, 0, 1, 0], [4])",-0.0,-0.0,-0.0,-0.0,-0.0,-0.8759999999999999,-0.8759999999999999,0.5713776223776224,1.1338671328671328,0.34589693926843545
3,"([0.19, 0.06, 0.13, 0.05, 0.34, 0.23], [5])","([0, 0, 0, 0, 1, 0], [4])",-0.0,-0.0,-0.0,-0.0,-0.0,-0.8759999999999999,-0.8759999999999999,0.5713776223776224,1.4384895104895103,0.34589693926843545
4,"([0.19, 0.06, 0.13, 0.05, 0.34, 0.23], [3])","([0, 0, 0, 0, 1, 0], [4])",-0.0,-0.0,-0.0,-0.875,-0.0,-0.0,-0.875,0.5713776223776224,1.742111888111888,0.34589693926843545
5,"([0.19, 0.06, 0.13, 0.05, 0.34, 0.23], [0])","([0, 0, 0, 0, 1, 0], [4])",-0.809,-0.0,-0.0,-0.0,-0.0,-0.0,-0.809,0.5713776223776224,1.9797342657342658,0.34589693926843545
6,"([0.19, 0.06, 0.13, 0.05, 0.34, 0.23], [5])","([0, 0, 0, 0, 0, 1], [5])",-0.0,-0.0,-0.0,-0.0,-0.0,-0.0,0.0,0.7041288711288711,1.4083566433566435,0.47864818801968423
7,"([0.19, 0.06, 0.13, 0.05, 0.34, 0.23], [1])","([0, 0, 0, 0, 0, 1], [5])",-0.0,-0.8420000000000001,-0.0,-0.0,-0.0,-0.0,-0.8420000000000001,0.7041288711288711,1.6789790209790212,0.611399436770933
8,"([0.19, 0.06, 0.13, 0.05, 0.34, 0.23], [2])","([0, 0, 0, 0, 1, 0], [4])",-0.0,-0.0,-0.9329999999999999,-0.0,-0.0,-0.0,-0.9329999999999999,0.5713776223776224,2.0406013986013987,0.611399436770933
9,"([0.19, 0.06, 0.13, 0.05, 0.34, 0.23], [4])","([0, 0, 0, 0, 1, 0], [4])",-0.0,-0.0,-0.0,-0.0,-0.0,-0.0,0.0,0.5713776223776224,1.4692237762237763,0.611399436770933
10,"([0.19, 0.06, 0.13, 0.05, 0.34, 0.23], [4])","([0, 0, 0, 0, 1, 0], [4])",-0.0,-0.0,-0.0,-0.0,-0.0,-0.0,0.0,0.5713776223776224,0.897846153846154,0.611399436770933
11,"([0.19, 0.06, 0.13, 0.05, 0.34, 0.23], [4])","([0, 0, 0, 0, 1, 0], [4])",-0.0,-0.0,-0.0,-0.0,-0.0,-0.0,0.0,0.5713776223776224,0.3264685314685316,0.611399436770933
12,"([0.19, 0.06, 0.13, 0.05, 0.34, 0.23], [4])","([0, 0, 0, 0, 1, 0], [4])",-0.0,-0.0,-0.0,-0.0,-0.0,-0.0,0.0,0.5713776223776224,-0.24490909090909074,0.611399436770933
13,"([0.19, 0.06, 0.13, 0.05, 0.34, 0.23], [1])","([0, 0, 0, 0, 1, 0], [4])",-0.0,-0.8420000000000001,-0.0,-0.0,-0.0,-0.0,-0.8420000000000001,0.5713776223776224,0.025713286713286987,0.611399436770933
14,"([0.19, 0.06, 0.13, 0.05, 0.34, 0.23], [0])","([0, 0, 0, 0, 1, 0], [4])",-0.809,-0.0,-0.0,-0.0,-0.0,-0.0,-0.809,0.5713776223776224,0.2633356643356647,0.611399436770933
15,"([0.19, 0.06, 0.13, 0.05, 0.34, 0.23], [4])","([0, 0, 0, 0, 1, 0], [4])",-0.0,-0.0,-0.0,-0.0,-0.0,-0.0,0.0,0.5713776223776224,-0.30804195804195766,0.611399436770933
16,"([0.19, 0.06, 0.13, 0.05, 0.34, 0.23], [0])","([0, 0, 0, 0, 1, 0], [4])",-0.809,-0.0,-0.0,-0.0,-0.0,-0.0,-0.809,0.5713776223776224,-0.07041958041957996,0.611399436770933
17,"([0.19, 0.06, 0.13, 0.05, 0.34, 0.23], [4])","([0, 0, 0, 0, 1, 0], [4])",-0.0,-0.0,-0.0,-0.0,-0.0,-0.0,0.0,0.5713776223776224,-0.6417972027972023,0.611399436770933
18,"([0.19, 0.06, 0.13, 0.05, 0.34, 0.23], [2])","([0, 0, 0, 0, 1, 0], [4])",-0.0,-0.0,-0.9329999999999999,-0.0,-0.0,-0.0,-0.9329999999999999,0.5713776223776224,-0.2801748251748247,0.611399436770933
19,"([0.19, 0.06, 0.13, 0.05, 0.34, 0.23], [5])","([0, 0, 0, 0, 1, 0], [4])",-0.0,-0.0,-0.0,-0.0,-0.0,-0.8759999999999999,-0.8759999999999999,0.5713776223776224,0.02444755244755281,0.611399436770933
20,"([0.19, 0.06, 0.13, 0.05, 0.34, 0.23], [4])","([0, 0, 0, 0, 1, 0], [4])",-0.0,-0.0,-0.0,-0.0,-0.0,-0.0,0.0,0.5713776223776224,-0.5469300699300695,0.611399436770933
21,"([0.19, 0.06, 0.13, 0.05, 0.34, 0.23], [5])","([0, 0, 0, 0, 1, 0], [4])",-0.0,-0.0,-0.0,-0.0,-0.0,-0.8759999999999999,-0.8759999999999999,0.5713776223776224,-0.242307692307692,0.611399436770933
22,"([0.19, 0.06, 0.13, 0.05, 0.34, 0.23], [0])","([0, 0, 0, 0, 1, 0], [4])",-0.809,-0.0,-0.0,-0.0,-0.0,-0.0,-0.809,0.5713776223776224,-0.004685314685314301,0.611399436770933
23,"([0.19, 0.06, 0.13, 0.05, 0.34, 0.23], [5])","([0, 0, 0, 0, 1, 0], [4])",-0.0,-0.0,-0.0,-0.0,-0.0,-0.8759999999999999,-0.8759999999999999,0.5713776223776224,0.29993706293706324,0.611399436770933
24,"([0.19, 0.06, 0.13, 0.05, 0.34, 0.23], [0])","([0, 0, 0, 0, 1, 0], [4])",-0.809,-0.0,-0.0,-0.0,-0.0,-0.0,-0.809,0.5713776223776224,0.5375594405594409,0.611399436770933
25,"([0.19, 0.06, 0.13, 0.05, 0.34, 0.23], [2])","([0, 0, 0, 0, 1, 0], [4])",-0.0,-0.0,-0.9329999999999999,-0.0,-0.0,-0.0,-0.9329999999999999,0.5713776223776224,0.8991818181818185,0.611399436770933
26,"([0.19, 0.06, 0.13, 0.05, 0.34, 0.23], [5])","([0, 0, 0, 0, 1, 0], [4])",-0.0,-0.0,-0.0,-0.0,-0.0,-0.8759999999999999,-0.8759999999999999,0.5713776223776224,1.203804195804196,0.611399436770933
27,"([0.19, 0.06, 0.13, 0.05, 0.34, 0.23], [2])","([0, 0, 0, 0, 1, 0], [4])",-0.0,-0.0,-0.9329999999999999,-0.0,-0.0,-0.0,-0.9329999999999999,0.5713776223776224,1.5654265734265738,0.611399436770933
28,"([0.19, 0.06, 0.13, 0.05, 0.34, 0.23], [4])","([0, 0, 0, 0, 1, 0], [4])",-0.0,-0.0,-0.0,-0.0,-0.0,-0.0,0.0,0.5713776223776224,0.9940489510489514,0.611399436770933
29,"([0.19, 0.06, 0.13, 0.05, 0.34, 0.23], [4])","([0, 0, 0, 0, 1, 0], [4])",-0.0,-0.0,-0.0,-0.0,-0.0,-0.0,0.0,0.5713776223776224,0.42267132867132906,0.611399436770933
30,"([0.19, 0.06, 0.13, 0.05, 0.34, 0.23], [0])","([0, 0, 0, 0, 1, 0], [4])",-0.809,-0.0,-0.0,-0.0,-0.0,-0.0,-0.809,0.5713776223776224,0.6602937062937068,0.611399436770933
31,"([0.19, 0.06, 0.13, 0.05, 0.34, 0.23], [2])","([0, 0, 0, 0, 1, 0], [4])",-0.0,-0.0,-0.9329999999999999,-0.0,-0.0,-0.0,-0.9329999999999999,0.5713776223776224,1.0219160839160844,0.611399436770933
32,"([0.19, 0.06, 0.13, 0.05, 0.34, 0.23], [2])","([0, 0, 0, 0, 1, 0], [4])",-0.0,-0.0,-0.9329999999999999,-0.0,-0.0,-0.0,-0.9329999999999999,0.5713776223776224,1.3835384615384618,0.611399436770933
33,"([0.19, 0.06, 0.13, 0.05, 0.34, 0.23], [2])","([0, 0, 0, 0, 1, 0], [4])",-0.0,-0.0,-0.9329999999999999,-0.0,-0.0,-0.0,-0.9329999999999999,0.5713776223776224,1.7451608391608393,0.611399436770933
34,"([0.19, 0.06, 0.13, 0.05, 0.34, 0.23], [4])","([0, 0, 0, 0, 1, 0], [4])",-0.0,-0.0,-0.0,-0.0,-0.0,-0.0,0.0,0.5713776223776224,1.173783216783217,0.611399436770933
35,"([0.19, 0.06, 0.13, 0.05, 0.34, 0.23], [0])","([0, 0, 0, 0, 1, 0], [4])",-0.809,-0.0,-0.0,-0.0,-0.0,-0.0,-0.809,0.5713776223776224,1.4114055944055948,0.611399436770933
36,"([0.19, 0.06, 0.13, 0.05, 0.34, 0.23], [0])","([0, 0, 0, 0, 1, 0], [4])",-0.809,-0.0,-0.0,-0.0,-0.0,-0.0,-0.809,0.5713776223776224,1.6490279720279726,0.611399436770933
37,"([0.19, 0.06, 0.13, 0.05, 0.34, 0.23], [2])","([0, 0, 0, 0, 1, 0], [4])",-0.0,-0.0,-0.9329999999999999,-0.0,-0.0,-0.0,-0.9329999999999999,0.5713776223776224,2.01065034965035,0.611399436770933
38,"([0.19, 0.06, 0.13, 0.05, 0.34, 0.23], [4])","([0, 0, 0, 0, 1, 0], [4])",-0.0,-0.0,-0.0,-0.0,-0.0,-0.0,0.0,0.5713776223776224,1.4392727272727277,0.611399436770933
39,"([0.19, 0.06, 0.13, 0.05, 0.34, 0.23], [4])","([0, 0, 0, 0, 1, 0], [4])",-0.0,-0.0,-0.0,-0.0,-0.0,-0.0,0.0,0.5713776223776224,0.8678951048951054,0.611399436770933
40,"([0.19, 0.06, 0.13, 0.05, 0.34, 0.23], [3])","([0, 0, 0, 0, 1, 0], [4])",-0.0,-0.0,-0.0,-0.875,-0.0,-0.0,-0.875,0.5713776223776224,1.171517482517483,0.611399436770933
41,"([0.19, 0.06, 0.13, 0.05, 0.34, 0.23], [0])","([0, 0, 0, 0, 1, 0], [4])",-0.809,-0.0,-0.0,-0.0,-0.0,-0.0,-0.809,0.5713776223776224,1.4091398601398608,0.611399436770933
42,"([0.19, 0.06, 0.13, 0.05, 0.34, 0.23], [5])","([0, 0, 0, 0, 1, 0], [4])",-0.0,-0.0,-0.0,-0.0,-0.0,-0.8759999999999999,-0.8759999999999999,0.5713776223776224,1.7137622377622383,0.611399436770933
43,"([0.19, 0.06, 0.13, 0.05, 0.34, 0.23], [0])","([0, 0, 0, 0, 1, 0], [4])",-0.809,-0.0,-0.0,-0.0,-0.0,-0.0,-0.809,0.5713776223776224,1.9513846153846162,0.611399436770933
44,"([0.19, 0.06, 0.13, 0.05, 0.34, 0.23], [4])","([0, 0, 0, 0, 1, 0], [4])",-0.0,-0.0,-0.0,-0.0,-0.0,-0.0,0.0,0.5713776223776224,1.3800069930069938,0.611399436770933
45,"([0.19, 0.06, 0.13, 0.05, 0.34, 0.23], [5])","([0, 0, 0, 0, 1, 0], [4])",-0.0,-0.0,-0.0,-0.0,-0.0,-0.8759999999999999,-0.8759999999999999,0.5713776223776224,1.6846293706293713,0.611399436770933
46,"([0.19, 0.06, 0.13, 0.05, 0.34, 0.23], [0])","([0, 0, 0, 0, 1, 0], [4])",-0.809,-0.0,-0.0,-0.0,-0.0,-0.0,-0.809,0.5713776223776224,1.9222517482517492,0.611399436770933
47,"([0.19, 0.06, 0.13, 0.05, 0.34, 0.23], [4])","([0, 0, 0, 0, 1, 0], [4])",-0.0,-0.0,-0.0,-0.0,-0.0,-0.0,0.0,0.5713776223776224,1.3508741258741268,0.611399436770933
48,"([0.19, 0.06, 0.13, 0.05, 0.34, 0.23], [4])","([0, 0, 0, 0, 1, 0], [4])",-0.0,-0.0,-0.0,-0.0,-0.0,-0.0,0.0,0.5713776223776224,0.7794965034965045,0.611399436770933
49,"([0.19, 0.06, 0.13, 0.05, 0.34, 0.23], [4])","([0, 0, 0, 0, 1, 0], [4])",-0.0,-0.0,-0.0,-0.0,-0.0,-0.0,0.0,0.5713776223776224,0.2081188811188821,0.611399436770933
50,"([0.19, 0.06, 0.13, 0.05, 0.34, 0.23], [0])","([0, 0, 0, 0, 1, 0], [4])",-0.809,-0.0,-0.0,-0.0,-0.0,-0.0,-0.809,0.5713776223776224,0.4457412587412598,0.611399436770933
51,"([0.19, 0.06, 0.13, 0.05, 0.34, 0.23], [2])","([0, 0, 0, 0, 1, 0], [4])",-0.0,-0.0,-0.9329999999999999,-0.0,-0.0,-0.0,-0.9329999999999999,0.5713776223776224,0.8073636363636374,0.611399436770933
52,"([0.19, 0.06, 0.13, 0.05, 0.34, 0.23], [5])","([0, 0, 0, 0, 1, 0], [4])",-0.0,-0.0,-0.0,-0.0,-0.0,-0.8759999999999999,-0.8759999999999999,0.5713776223776224,1.111986013986015,0.611399436770933
53,"([0.19, 0.06, 0.13, 0.05, 0.34, 0.23], [4])","([0, 0, 0, 0, 1, 0], [4])",-0.0,-0.0,-0.0,-0.0,-0.0,-0.0,0.0,0.5713776223776224,0.5406083916083926,0.611399436770933
54,"([0.19, 0.06, 0.13, 0.05, 0.34, 0.23], [0])","([0, 0, 0, 0, 1, 0], [4])",-0.809,-0.0,-0.0,-0.0,-0.0,-0.0,-0.809,0.5713776223776224,0.7782307692307703,0.611399436770933
55,"([0.19, 0.06, 0.13, 0.05, 0.34, 0.23], [4])","([0, 0, 0, 0, 1, 0], [4])",-0.0,-0.0,-0.0,-0.0,-0.0,-0.0,0.0,0.5713776223776224,0.20685314685314793,0.611399436770933
56,"([0.19, 0.06, 0.13, 0.05, 0.34, 0.23], [5])","([0, 0, 0, 0, 1, 0], [4])",-0.0,-0.0,-0.0,-0.0,-0.0,-0.8759999999999999,-0.8759999999999999,0.5713776223776224,0.5114755244755255,0.611399436770933
57,"([0.19, 0.06, 0.13, 0.05, 0.34, 0.23], [0])","([0, 0, 0, 0, 1, 0], [4])",-0.809,-0.0,-0.0,-0.0,-0.0,-0.0,-0.809,0.5713776223776224,0.7490979020979032,0.611399436770933
58,"([0.19, 0.06, 0.13, 0.05, 0.34, 0.23], [2])","([0, 0, 0, 0, 1, 0], [4])",-0.0,-0.0,-0.9329999999999999,-0.0,-0.0,-0.0,-0.9329999999999999,0.5713776223776224,1.1107202797202809,0.611399436770933
59,"([0.19, 0.06, 0.13, 0.05, 0.34, 0.23], [0])","([0, 0, 0, 0, 1, 0], [4])",-0.809,-0.0,-0.0,-0.0,-0.0,-0.0,-0.809,0.5713776223776224,1.3483426573426587,0.611399436770933
60,"([0.19, 0.06, 0.13, 0.05, 0.34, 0.23], [5])","([0, 0, 0, 0, 1, 0], [4])",-0.0,-0.0,-0.0,-0.0,-0.0,-0.8759999999999999,-0.8759999999999999,0.5713776223776224,1.6529650349650362,0.611399436770933
61,"([0.19, 0.06, 0.13, 0.05, 0.34, 0.23], [4])","([0, 0, 0, 0, 1, 0], [4])",-0.0,-0.0,-0.0,-0.0,-0.0,-0.0,0.0,0.5713776223776224,1.0815874125874139,0.611399436770933
62,"([0.19, 0.06, 0.13, 0.05, 0.34, 0.23], [5])","([0, 0, 0, 0, 1, 0], [4])",-0.0,-0.0,-0.0,-0.0,-0.0,-0.8759999999999999,-0.8759999999999999,0.5713776223776224,1.3862097902097914,0.611399436770933
63,"([0.19, 0.06, 0.13, 0.05, 0.34, 0.23], [4])","([0, 0, 0, 0, 1, 0], [4])",-0.0,-0.0,-0.0,-0.0,-0.0,-0.0,0.0,0.5713776223776224,0.814832167832169,0.611399436770933
64,"([0.19, 0.06, 0.13, 0.05, 0.34, 0.23], [4])","([0, 0, 0, 0, 1, 0], [4])",-0.0,-0.0,-0.0,-0.0,-0.0,-0.0,0.0,0.5713776223776224,0.2434545454545467,0.611399436770933
65,"([0.19, 0.06, 0.13, 0.05, 0.34, 0.23], [0])","([0, 0, 0, 0, 1, 0], [4])",-0.809,-0.0,-0.0,-0.0,-0.0,-0.0,-0.809,0.5713776223776224,0.4810769230769244,0.611399436770933
66,"([0.19, 0.06, 0.13, 0.05, 0.34, 0.23], [0])","([0, 0, 0, 0, 1, 0], [4])",-0.809,-0.0,-0.0,-0.0,-0.0,-0.0,-0.809,0.5713776223776224,0.7186993006993021,0.611399436770933
67,"([0.19, 0.06, 0.13, 0.05, 0.34, 0.23], [1])","([0, 0, 0, 0, 1, 0], [4])",-0.0,-0.8420000000000001,-0.0,-0.0,-0.0,-0.0,-0.8420000000000001,0.5713776223776224,0.9893216783216798,0.611399436770933
68,"([0.19, 0.06, 0.13, 0.05, 0.34, 0.23], [5])","([0, 0, 0, 0, 1, 0], [4])",-0.0,-0.0,-0.0,-0.0,-0.0,-0.8759999999999999,-0.8759999999999999,0.5713776223776224,1.2939440559440574,0.611399436770933
69,"([0.19, 0.06, 0.13, 0.05, 0.34, 0.23], [4])","([0, 0, 0, 0, 1, 0], [4])",-0.0,-0.0,-0.0,-0.0,-0.0,-0.0,0.0,0.5713776223776224,0.722566433566435,0.611399436770933
70,"([0.19, 0.06, 0.13, 0.05, 0.34, 0.23], [4])","([0, 0, 0, 0, 1, 0], [4])",-0.0,-0.0,-0.0,-0.0,-0.0,-0.0,0.0,0.5713776223776224,0.15118881118881267,0.611399436770933
71,"([0.19, 0.06, 0.13, 0.05, 0.34, 0.23], [4])","([0, 0, 0, 0, 1, 0], [4])",-0.0,-0.0,-0.0,-0.0,-0.0,-0.0,0.0,0.5713776223776224,-0.4201888111888097,0.611399436770933
72,"([0.19, 0.06, 0.13, 0.05, 0.34, 0.23], [1])","([0, 0, 0, 0, 1, 0], [4])",-0.0,-0.8420000000000001,-0.0,-0.0,-0.0,-0.0,-0.8420000000000001,0.5713776223776224,-0.14956643356643196,0.611399436770933
73,"([0.19, 0.06, 0.13, 0.05, 0.34, 0.23], [4])","([0, 0, 0, 0, 1, 0], [4])",-0.0,-0.0,-0.0,-0.0,-0.0,-0.0,0.0,0.5713776223776224,-0.7209440559440543,0.611399436770933
74,"([0.19, 0.06, 0.13, 0.05, 0.34, 0.23], [4])","([0, 0, 0, 0, 1, 0], [4])",-0.0,-0.0,-0.0,-0.0,-0.0,-0.0,0.0,0.5713776223776224,-1.2923216783216767,0.611399436770933
75,"([0.19, 0.06, 0.13, 0.05, 0.34, 0.23], [4])","([0, 0, 0, 0, 1, 0], [4])",-0.0,-0.0,-0.0,-0.0,-0.0,-0.0,0.0,0.5713776223776224,-1.863699300699299,0.611399436770933
76,"([0.19, 0.06, 0.13, 0.05, 0.34, 0.23], [4])","([0, 0, 0, 0, 1, 0], [4])",-0.0,-0.0,-0.0,-0.0,-0.0,-0.0,0.0,0.5713776223776224,-2.435076923076921,0.611399436770933
77,"([0.19, 0.06, 0.13, 0.05, 0.34, 0.23], [4])","([0, 0, 0, 0, 1, 0], [4])",-0.0,-0.0,-0.0,-0.0,-0.0,-0.0,0.0,0.5713776223776224,-3.0064545454545435,0.611399436770933
78,"([0.19, 0.06, 0.13, 0.05, 0.34, 0.23], [4])","([0, 0, 0, 0, 1, 0], [4])",-0.0,-0.0,-0.0,-0.0,-0.0,-0.0,0.0,0.5713776223776224,-3.577832167832166,0.611399436770933
79,"([0.19, 0.06, 0.13, 0.05, 0.34, 0.23], [5])","([0, 0, 0, 0, 1, 0], [4])",-0.0,-0.0,-0.0,-0.0,-0.0,-0.8759999999999999,-0.8759999999999999,0.5713776223776224,-3.2732097902097883,0.611399436770933
80,"([0.19, 0.06, 0.13, 0.05, 0.34, 0.23], [3])","([0, 0, 0, 0, 1, 0], [4])",-0.0,-0.0,-0.0,-0.875,-0.0,-0.0,-0.875,0.5713776223776224,-2.9695874125874107,0.611399436770933
81,"([0.19, 0.06, 0.13, 0.05, 0.34, 0.23], [4])","([0, 0, 0, 0, 1, 0], [4])",-0.0,-0.0,-0.0,-0.0,-0.0,-0.0,0.0,0.5713776223776224,-3.540965034965033,0.611399436770933
82,"([0.19, 0.06, 0.13, 0.05, 0.34, 0.23], [0])","([0, 0, 0, 0, 1, 0], [4])",-0.809,-0.0,-0.0,-0.0,-0.0,-0.0,-0.809,0.5713776223776224,-3.303342657342655,0.611399436770933
83,"([0.19, 0.06, 0.13, 0.05, 0.34, 0.23], [0])","([0, 0, 0, 0, 1, 0], [4])",-0.809,-0.0,-0.0,-0.0,-0.0,-0.0,-0.809,0.5713776223776224,-3.0657202797202774,0.611399436770933
84,"([0.19, 0.06, 0.13, 0.05, 0.34, 0.23], [4])","([0, 0, 0, 0, 1, 0], [4])",-0.0,-0.0,-0.0,-0.0,-0.0,-0.0,0.0,0.5713776223776224,-3.6370979020978997,0.611399436770933
85,"([0.19, 0.06, 0.13, 0.05, 0.34, 0.23], [3])","([0, 0, 0, 0, 1, 0], [4])",-0.0,-0.0,-0.0,-0.875,-0.0,-0.0,-0.875,0.5713776223776224,-3.333475524475522,0.611399436770933
86,"([0.19, 0.06, 0.13, 0.05, 0.34, 0.23], [5])","([0, 0, 0, 0, 1, 0], [4])",-0.0,-0.0,-0.0,-0.0,-0.0,-0.8759999999999999,-0.8759999999999999,0.5713776223776224,-3.0288531468531446,0.611399436770933
87,"([0.19, 0.06, 0.13, 0.05, 0.34, 0.23], [0])","([0, 0, 0, 0, 1, 0], [4])",-0.809,-0.0,-0.0,-0.0,-0.0,-0.0,-0.809,0.5713776223776224,-2.7912307692307667,0.611399436770933
88,"([0.19, 0.06, 0.13, 0.05, 0.34, 0.23], [0])","([0, 0, 0, 0, 1, 0], [4])",-0.809,-0.0,-0.0,-0.0,-0.0,-0.0,-0.809,0.5713776223776224,-2.553608391608389,0.611399436770933
89,"([0.19, 0.06, 0.13, 0.05, 0.34, 0.23], [0])","([0, 0, 0, 0, 1, 0], [4])",-0.809,-0.0,-0.0,-0.0,-0.0,-0.0,-0.809,0.5713776223776224,-2.315986013986011,0.611399436770933
90,"([0.19, 0.06, 0.13, 0.05, 0.34, 0.23], [5])","([0, 0, 0, 0, 1, 0], [4])",-0.0,-0.0,-0.0,-0.0,-0.0,-0.8759999999999999,-0.8759999999999999,0.5713776223776224,-2.0113636363636336,0.611399436770933
91,"([0.19, 0.06, 0.13, 0.05, 0.34, 0.23], [0])","([0, 0, 0, 0, 1, 0], [4])",-0.809,-0.0,-0.0,-0.0,-0.0,-0.0,-0.809,0.5713776223776224,-1.7737412587412558,0.611399436770933
92,"([0.19, 0.06, 0.13, 0.05, 0.34, 0.23], [4])","([0, 0, 0, 0, 1, 0], [4])",-0.0,-0.0,-0.0,-0.0,-0.0,-0.0,0.0,0.5713776223776224,-2.345118881118878,0.611399436770933
93,"([0.19, 0.06, 0.13, 0.05, 0.34, 0.23], [5])","([0, 0, 0, 0, 1, 0], [4])",-0.0,-0.0,-0.0,-0.0,-0.0,-0.8759999999999999,-0.8759999999999999,0.5713776223776224,-2.0404965034965006,0.611399436770933
94,"([0.19, 0.06, 0.13, 0.05, 0.34, 0.23], [1])","([0, 0, 0, 0, 1, 0], [4])",-0.0,-0.8420000000000001,-0.0,-0.0,-0.0,-0.0,-0.8420000000000001,0.5713776223776224,-1.7698741258741228,0.611399436770933
95,"([0.19, 0.06, 0.13, 0.05, 0.34, 0.23], [5])","([0, 0, 0, 0, 1, 0], [4])",-0.0,-0.0,-0.0,-0.0,-0.0,-0.8759999999999999,-0.8759999999999999,0.5713776223776224,-1.4652517482517453,0.611399436770933
96,"([0.19, 0.06, 0.13, 0.05, 0.34, 0.23], [0])","([0, 0, 0, 0, 1, 0], [4])",-0.809,-0.0,-0.0,-0.0,-0.0,-0.0,-0.809,0.5713776223776224,-1.2276293706293675,0.611399436770933
97,"([0.19, 0.06, 0.13, 0.05, 0.34, 0.23], [0])","([0, 0, 0, 0, 1, 0], [4])",-0.809,-0.0,-0.0,-0.0,-0.0,-0.0,-0.809,0.5713776223776224,-0.9900069930069898,0.611399436770933
98,"([0.19, 0.06, 0.13, 0.05, 0.34, 0.23], [5])","([0, 0, 0, 0, 1, 0], [4])",-0.0,-0.0,-0.0,-0.0,-0.0,-0.8759999999999999,-0.8759999999999999,0.5713776223776224,-0.6853846153846123,0.611399436770933
99,"([0.19, 0.06, 0.13, 0.05, 0.34, 0.23], [3])","([0, 0, 0, 0, 1, 0], [4])",-0.0,-0.0,-0.0,-0.875,-0.0,-0.0,-0.875,0.5713776223776224,-0.3817622377622346,0.611399436770933
100,"([0.19, 0.06, 0.13, 0.05, 0.34, 0.23], [5])","([0, 0, 0, 0, 1, 0], [4])",-0.0,-0.0,-0.0,-0.0,-0.0,-0.8759999999999999,-0.8759999999999999,0.5713776223776224,-0.07713986013985707,0.611399436770933
101,"([0.19, 0.06, 0.13, 0.05, 0.34, 0.23], [5])","([0, 0, 0, 0, 1, 0], [4])",-0.0,-0.0,-0.0,-0.0,-0.0,-0.8759999999999999,-0.8759999999999999,0.5713776223776224,0.22748251748252046,0.611399436770933
102,"([0.19, 0.06, 0.13, 0.05, 0.34, 0.23], [5])","([0, 0, 0, 0, 1, 0], [4])",-0.0,-0.0,-0.0,-0.0,-0.0,-0.8759999999999999,-0.8759999999999999,0.5713776223776224,0.532104895104898,0.611399436770933
103,"([0.19, 0.06, 0.13, 0.05, 0.34, 0.23], [5])","([0, 0, 0, 0, 1, 0], [4])",-0.0,-0.0,-0.0,-0.0,-0.0,-0.8759999999999999,-0.8759999999999999,0.5713776223776224,0.8367272727272755,0.611399436770933
104,"([0.19, 0.06, 0.13, 0.05, 0.34, 0.23], [3])","([0, 0, 0, 0, 1, 0], [4])",-0.0,-0.0,-0.0,-0.875,-0.0,-0.0,-0.875,0.5713776223776224,1.1403496503496533,0.611399436770933
105,"([0.19, 0.06, 0.13, 0.05, 0.34, 0.23], [2])","([0, 0, 0, 0, 1, 0], [4])",-0.0,-0.0,-0.9329999999999999,-0.0,-0.0,-0.0,-0.9329999999999999,0.5713776223776224,1.5019720279720308,0.611399436770933
106,"([0.19, 0.06, 0.13, 0.05, 0.34, 0.23], [0])","([0, 0, 0, 0, 1, 0], [4])",-0.809,-0.0,-0.0,-0.0,-0.0,-0.0,-0.809,0.5713776223776224,1.7395944055944086,0.611399436770933
107,"([0.19, 0.06, 0.13, 0.05, 0.34, 0.23], [3])","([0, 0, 0, 0, 1, 0], [4])",-0.0,-0.0,-0.0,-0.875,-0.0,-0.0,-0.875,0.5713776223776224,2.0432167832167862,0.611399436770933
108,"([0.19, 0.06, 0.13, 0.05, 0.34, 0.23], [0])","([0, 0, 0, 0, 1, 0], [4])",-0.809,-0.0,-0.0,-0.0,-0.0,-0.0,-0.809,0.5713776223776224,2.280839160839164,0.611399436770933
109,"([0.19, 0.06, 0.13, 0.05, 0.34, 0.23], [5])","([0, 0, 0, 0, 1, 0], [4])",-0.0,-0.0,-0.0,-0.0,-0.0,-0.8759999999999999,-0.8759999999999999,0.5713776223776224,2.5854615384615416,0.611399436770933
110,"([0.19, 0.06, 0.13, 0.05, 0.34, 0.23], [0])","([0, 0, 0, 0, 1, 0], [4])",-0.809,-0.0,-0.0,-0.0,-0.0,-0.0,-0.809,0.5713776223776224,2.8230839160839194,0.611399436770933
111,"([0.19, 0.06, 0.13, 0.05, 0.34, 0.23], [4])","([0, 0, 0, 0, 1, 0], [4])",-0.0,-0.0,-0.0,-0.0,-0.0,-0.0,0.0,0.5713776223776224,2.251706293706297,0.611399436770933
112,"([0.19, 0.06, 0.13, 0.05, 0.34, 0.23], [4])","([0, 0, 0, 0, 1, 0], [4])",-0.0,-0.0,-0.0,-0.0,-0.0,-0.0,0.0,0.5713776223776224,1.6803286713286747,0.611399436770933
113,"([0.19, 0.06, 0.13, 0.05, 0.34, 0.23], [4])","([0, 0, 0, 0, 1, 0], [4])",-0.0,-0.0,-0.0,-0.0,-0.0,-0.0,0.0,0.5713776223776224,1.1089510489510523,0.611399436770933
114,"([0.19, 0.06, 0.13, 0.05, 0.34, 0.23], [0])","([0, 0, 0, 0, 1, 0], [4])",-0.809,-0.0,-0.0,-0.0,-0.0,-0.0,-0.809,0.5713776223776224,1.3465734265734302,0.611399436770933
115,"([0.19, 0.06, 0.13, 0.05, 0.34, 0.23], [4])","([0, 0, 0, 0, 1, 0], [4])",-0.0,-0.0,-0.0,-0.0,-0.0,-0.0,0.0,0.5713776223776224,0.7751958041958078,0.611399436770933
116,"([0.19, 0.06, 0.13, 0.05, 0.34, 0.23], [2])","([0, 0, 0, 0, 1, 0], [4])",-0.0,-0.0,-0.9329999999999999,-0.0,-0.0,-0.0,-0.9329999999999999,0.5713776223776224,1.1368181818181853,0.611399436770933
117,"([0.19, 0.06, 0.13, 0.05, 0.34, 0.23], [5])","([0, 0, 0, 0, 1, 0], [4])",-0.0,-0.0,-0.0,-0.0,-0.0,-0.8759999999999999,-0.8759999999999999,0.5713776223776224,1.4414405594405628,0.611399436770933
118,"([0.19, 0.06, 0.13, 0.05, 0.34, 0.23], [4])","([0, 0, 0, 0, 1, 0], [4])",-0.0,-0.0,-0.0,-0.0,-0.0,-0.0,0.0,0.5713776223776224,0.8700629370629405,0.611399436770933
119,"([0.19, 0.06, 0.13, 0.05, 0.34, 0.23], [4])","([0, 0, 0, 0, 1, 0], [4])",-0.0,-0.0,-0.0,-0.0,-0.0,-0.0,0.0,0.5713776223776224,0.2986853146853181,0.611399436770933
120,"([0.19, 0.06, 0.13, 0.05, 0.34, 0.23], [4])","([0, 0, 0, 0, 1, 0], [4])",-0.0,-0.0,-0.0,-0.0,-0.0,-0.0,0.0,0.5713776223776224,-0.27269230769230424,0.611399436770933
121,"([0.19, 0.06, 0.13, 0.05, 0.34, 0.23], [5])","([0, 0, 0, 0, 1, 0], [4])",-0.0,-0.0,-0.0,-0.0,-0.0,-0.8759999999999999,-0.8759999999999999,0.5713776223776224,0.0319300699300733,0.611399436770933
122,"([0.19, 0.06, 0.13, 0.05, 0.34, 0.23], [2])","([0, 0, 0, 0, 1, 0], [4])",-0.0,-0.0,-0.9329999999999999,-0.0,-0.0,-0.0,-0.9329999999999999,0.5713776223776224,0.3935524475524509,0.611399436770933
123,"([0.19, 0.06, 0.13, 0.05, 0.34, 0.23], [0])","([0, 0, 0, 0, 1, 0], [4])",-0.809,-0.0,-0.0,-0.0,-0.0,-0.0,-0.809,0.5713776223776224,0.6311748251748286,0.611399436770933
124,"([0.19, 0.06, 0.13, 0.05, 0.34, 0.23], [4])","([0, 0, 0, 0, 1, 0], [4])",-0.0,-0.0,-0.0,-0.0,-0.0,-0.0,0.0,0.5713776223776224,0.05979720279720624,0.611399436770933
125,"([0.19, 0.06, 0.13, 0.05, 0.34, 0.23], [0])","([0, 0, 0, 0, 1, 0], [4])",-0.809,-0.0,-0.0,-0.0,-0.0,-0.0,-0.809,0.5713776223776224,0.29741958041958394,0.611399436770933
126,"([0.19, 0.06, 0.13, 0.05, 0.34, 0.23], [2])","([0, 0, 0, 0, 1, 0], [4])",-0.0,-0.0,-0.9329999999999999,-0.0,-0.0,-0.0,-0.9329999999999999,0.5713776223776224,0.6590419580419615,0.611399436770933
127,"([0.19, 0.06, 0.13, 0.05, 0.34, 0.23], [0])","([0, 0, 0, 0, 1, 0], [4])",-0.809,-0.0,-0.0,-0.0,-0.0,-0.0,-0.809,0.5713776223776224,0.8966643356643392,0.611399436770933
128,"([0.19, 0.06, 0.13, 0.05, 0.34, 0.23], [4])","([0, 0, 0, 0, 1, 0], [4])",-0.0,-0.0,-0.0,-0.0,-0.0,-0.0,0.0,0.5713776223776224,0.3252867132867169,0.611399436770933
129,"([0.19, 0.06, 0.13, 0.05, 0.34, 0.23], [4])","([0, 0, 0, 0, 1, 0], [4])",-0.0,-0.0,-0.0,-0.0,-0.0,-0.0,0.0,0.5713776223776224,-0.24609090909090547,0.611399436770933
130,"([0.19, 0.06, 0.13, 0.05, 0.34, 0.23], [4])","([0, 0, 0, 0, 1, 0], [4])",-0.0,-0.0,-0.0,-0.0,-0.0,-0.0,0.0,0.5713776223776224,-0.8174685314685278,0.611399436770933
131,"([0.19, 0.06, 0.13, 0.05, 0.34, 0.23], [4])","([0, 0, 0, 0, 1, 0], [4])",-0.0,-0.0,-0.0,-0.0,-0.0,-0.0,0.0,0.5713776223776224,-1.38884615384615,0.611399436770933
132,"([0.19, 0.06, 0.13, 0.05, 0.34, 0.23], [4])","([0, 0, 0, 0, 1, 0], [4])",-0.0,-0.0,-0.0,-0.0,-0.0,-0.0,0.0,0.5713776223776224,-1.9602237762237724,0.611399436770933
133,"([0.19, 0.06, 0.13, 0.05, 0.34, 0.23], [4])","([0, 0, 0, 0, 1, 0], [4])",-0.0,-0.0,-0.0,-0.0,-0.0,-0.0,0.0,0.5713776223776224,-2.5316013986013948,0.611399436770933
134,"([0.19, 0.06, 0.13, 0.05, 0.34, 0.23], [2])","([0, 0, 0, 0, 1, 0], [4])",-0.0,-0.0,-0.9329999999999999,-0.0,-0.0,-0.0,-0.9329999999999999,0.5713776223776224,-2.1699790209790173,0.611399436770933
135,"([0.19, 0.06, 0.13, 0.05, 0.34, 0.23], [0])","([0, 0, 0, 0, 1, 0], [4])",-0.809,-0.0,-0.0,-0.0,-0.0,-0.0,-0.809,0.5713776223776224,-1.9323566433566395,0.611399436770933
136,"([0.19, 0.06, 0.13, 0.05, 0.34, 0.23], [0])","([0, 0, 0, 0, 1, 0], [4])",-0.809,-0.0,-0.0,-0.0,-0.0,-0.0,-0.809,0.5713776223776224,-1.6947342657342617,0.611399436770933
137,"([0.19, 0.06, 0.13, 0.05, 0.34, 0.23], [5])","([0, 0, 0, 0, 1, 0], [4])",-0.0,-0.0,-0.0,-0.0,-0.0,-0.8759999999999999,-0.8759999999999999,0.5713776223776224,-1.3901118881118841,0.611399436770933
138,"([0.19, 0.06, 0.13, 0.05, 0.34, 0.23], [1])","([0, 0, 0, 0, 1, 0], [4])",-0.0,-0.8420000000000001,-0.0,-0.0,-0.0,-0.0,-0.8420000000000001,0.5713776223776224,-1.1194895104895064,0.611399436770933
139,"([0.19, 0.06, 0.13, 0.05, 0.34, 0.23], [2])","([0, 0, 0, 0, 1, 0], [4])",-0.0,-0.0,-0.9329999999999999,-0.0,-0.0,-0.0,-0.9329999999999999,0.5713776223776224,-0.7578671328671288,0.611399436770933
140,"([0.19, 0.06, 0.13, 0.05, 0.34, 0.23], [4])","([0, 0, 0, 0, 1, 0], [4])",-0.0,-0.0,-0.0,-0.0,-0.0,-0.0,0.0,0.5713776223776224,-1.3292447552447513,0.611399436770933
141,"([0.19, 0.06, 0.13, 0.05, 0.34, 0.23], [2])","([0, 0, 0, 0, 1, 0], [4])",-0.0,-0.0,-0.9329999999999999,-0.0,-0.0,-0.0,-0.9329999999999999,0.5713776223776224,-0.9676223776223737,0.611399436770933
142,"([0.19, 0.06, 0.13, 0.05, 0.34, 0.23], [4])","([0, 0, 0, 0, 1, 0], [4])",-0.0,-0.0,-0.0,-0.0,-0.0,-0.0,0.0,0.5713776223776224,-1.5389999999999961,0.611399436770933
143,"([0.19, 0.06, 0.13, 0.05, 0.34, 0.23], [4])","([0, 0, 0, 0, 1, 0], [4])",-0.0,-0.0,-0.0,-0.0,-0.0,-0.0,0.0,0.5713776223776224,-2.1103776223776185,0.611399436770933
144,"([0.19, 0.06, 0.13, 0.05, 0.34, 0.23], [4])","([0, 0, 0, 0, 1, 0], [4])",-0.0,-0.0,-0.0,-0.0,-0.0,-0.0,0.0,0.5713776223776224,-2.681755244755241,0.611399436770933
145,"([0.19, 0.06, 0.13, 0.05, 0.34, 0.23], [2])","([0, 0, 0, 0, 1, 0], [4])",-0.0,-0.0,-0.9329999999999999,-0.0,-0.0,-0.0,-0.9329999999999999,0.5713776223776224,-2.3201328671328634,0.611399436770933
146,"([0.19, 0.06, 0.13, 0.05, 0.34, 0.23], [5])","([0, 0, 0, 0, 1, 0], [4])",-0.0,-0.0,-0.0,-0.0,-0.0,-0.8759999999999999,-0.8759999999999999,0.5713776223776224,-2.015510489510486,0.611399436770933
147,"([0.19, 0.06, 0.13, 0.05, 0.34, 0.23], [4])","([0, 0, 0, 0, 1, 0], [4])",-0.0,-0.0,-0.0,-0.0,-0.0,-0.0,0.0,0.5713776223776224,-2.586888111888108,0.611399436770933
148,"([0.19, 0.06, 0.13, 0.05, 0.34, 0.23], [1])","([0, 0, 0, 0, 1, 0], [4])",-0.0,-0.8420000000000001,-0.0,-0.0,-0.0,-0.0,-0.8420000000000001,0.5713776223776224,-2.3162657342657305,0.611399436770933
149,"([0.19, 0.06, 0.13, 0.05, 0.34, 0.23], [4])","([0, 0, 0, 0, 1, 0], [4])",-0.0,-0.0,-0.0,-0.0,-0.0,-0.0,0.0,0.5713776223776224,-2.887643356643353,0.611399436770933
150,"([0.19, 0.06, 0.13, 0.05, 0.34, 0.23], [0])","([0, 0, 0, 0, 1, 0], [4])",-0.809,-0.0,-0.0,-0.0,-0.0,-0.0,-0.809,0.5713776223776224,-2.650020979020975,0.611399436770933
151,"([0.19, 0.06, 0.13, 0.05, 0.34, 0.23], [4])","([0, 0, 0, 0, 1, 0], [4])",-0.0,-0.0,-0.0,-0.0,-0.0,-0.0,0.0,0.5713776223776224,-3.2213986013985973,0.611399436770933
152,"([0.19, 0.06, 0.13, 0.05, 0.34, 0.23], [1])","([0, 0, 0, 0, 1, 0], [4])",-0.0,-0.8420000000000001,-0.0,-0.0,-0.0,-0.0,-0.8420000000000001,0.5713776223776224,-2.9507762237762196,0.611399436770933
153,"([0.19, 0.06, 0.13, 0.05, 0.34, 0.23], [0])","([0, 0, 0, 0, 1, 0], [4])",-0.809,-0.0,-0.0,-0.0,-0.0,-0.0,-0.809,0.5713776223776224,-2.713153846153842,0.611399436770933
154,"([0.19, 0.06, 0.13, 0.05, 0.34, 0.23], [4])","([0, 0, 0, 0, 1, 0], [4])",-0.0,-0.0,-0.0,-0.0,-0.0,-0.0,0.0,0.5713776223776224,-3.284531468531464,0.611399436770933
155,"([0.19, 0.06, 0.13, 0.05, 0.34, 0.23], [0])","([0, 0, 0, 0, 1, 0], [4])",-0.809,-0.0,-0.0,-0.0,-0.0,-0.0,-0.809,0.5713776223776224,-3.0469090909090863,0.611399436770933
156,"([0.19, 0.06, 0.13, 0.05, 0.34, 0.23], [1])","([0, 0, 0, 0, 1, 0], [4])",-0.0,-0.8420000000000001,-0.0,-0.0,-0.0,-0.0,-0.8420000000000001,0.5713776223776224,-2.7762867132867086,0.611399436770933
157,"([0.19, 0.06, 0.13, 0.05, 0.34, 0.23], [4])","([0, 0, 0, 0, 1, 0], [4])",-0.0,-0.0,-0.0,-0.0,-0.0,-0.0,0.0,0.5713776223776224,-3.347664335664331,0.611399436770933
158,"([0.19, 0.06, 0.13, 0.05, 0.34, 0.23], [3])","([0, 0, 0, 0, 1, 0], [4])",-0.0,-0.0,-0.0,-0.875,-0.0,-0.0,-0.875,0.5713776223776224,-3.0440419580419533,0.611399436770933
159,"([0.19, 0.06, 0.13, 0.05, 0.34, 0.23], [4])","([0, 0, 0, 0, 1, 0], [4])",-0.0,-0.0,-0.0,-0.0,-0.0,-0.0,0.0,0.5713776223776224,-3.6154195804195757,0.611399436770933
160,"([0.19, 0.06, 0.13, 0.05, 0.34, 0.23], [0])","([0, 0, 0, 0, 1, 0], [4])",-0.809,-0.0,-0.0,-0.0,-0.0,-0.0,-0.809,0.5713776223776224,-3.377797202797198,0.611399436770933
161,"([0.19, 0.06, 0.13, 0.05, 0.34, 0.23], [2])","([0, 0, 0, 0, 1, 0], [4])",-0.0,-0.0,-0.9329999999999999,-0.0,-0.0,-0.0,-0.9329999999999999,0.5713776223776224,-3.0161748251748204,0.611399436770933
162,"([0.19, 0.06, 0.13, 0.05, 0.34, 0.23], [3])","([0, 0, 0, 0, 1, 0], [4])",-0.0,-0.0,-0.0,-0.875,-0.0,-0.0,-0.875,0.5713776223776224,-2.7125524475524427,0.611399436770933
163,"([0.19, 0.06, 0.13, 0.05, 0.34, 0.23], [0])","([0, 0, 0, 0, 1, 0], [4])",-0.809,-0.0,-0.0,-0.0,-0.0,-0.0,-0.809,0.5713776223776224,-2.474930069930065,0.611399436770933
164,"([0.19, 0.06, 0.13, 0.05, 0.34, 0.23], [0])","([0, 0, 0, 0, 1, 0], [4])",-0.809,-0.0,-0.0,-0.0,-0.0,-0.0,-0.809,0.5713776223776224,-2.237307692307687,0.611399436770933
165,"([0.19, 0.06, 0.13, 0.05, 0.34, 0.23], [2])","([0, 0, 0, 0, 1, 0], [4])",-0.0,-0.0,-0.9329999999999999,-0.0,-0.0,-0.0,-0.9329999999999999,0.5713776223776224,-1.8756853146853096,0.611399436770933
166,"([0.19, 0.06, 0.13, 0.05, 0.34, 0.23], [2])","([0, 0, 0, 0, 1, 0], [4])",-0.0,-0.0,-0.9329999999999999,-0.0,-0.0,-0.0,-0.9329999999999999,0.5713776223776224,-1.5140629370629322,0.611399436770933
167,"([0.19, 0.06, 0.13, 0.05, 0.34, 0.23], [4])","([0, 0, 0, 0, 1, 0], [4])",-0.0,-0.0,-0.0,-0.0,-0.0,-0.0,0.0,0.5713776223776224,-2.0854405594405545,0.611399436770933
168,"([0.19, 0.06, 0.13, 0.05, 0.34, 0.23], [5])","([0, 0, 0, 0, 1, 0], [4])",-0.0,-0.0,-0.0,-0.0,-0.0,-0.8759999999999999,-0.8759999999999999,0.5713776223776224,-1.780818181818177,0.611399436770933
169,"([0.19, 0.06, 0.13, 0.05, 0.34, 0.23], [0])","([0, 0, 0, 0, 1, 0], [4])",-0.809,-0.0,-0.0,-0.0,-0.0,-0.0,-0.809,0.5713776223776224,-1.5431958041957992,0.611399436770933
170,"([0.19, 0.06, 0.13, 0.05, 0.34, 0.23], [0])","([0, 0, 0, 0, 1, 0], [4])",-0.809,-0.0,-0.0,-0.0,-0.0,-0.0,-0.809,0.5713776223776224,-1.3055734265734213,0.611399436770933
171,"([0.19, 0.06, 0.13, 0.05, 0.34, 0.23], [4])","([0, 0, 0, 0, 1, 0], [4])",-0.0,-0.0,-0.0,-0.0,-0.0,-0.0,0.0,0.5713776223776224,-1.8769510489510437,0.611399436770933
172,"([0.19, 0.06, 0.13, 0.05, 0.34, 0.23], [4])","([0, 0, 0, 0, 1, 0], [4])",-0.0,-0.0,-0.0,-0.0,-0.0,-0.0,0.0,0.5713776223776224,-2.448328671328666,0.611399436770933
173,"([0.19, 0.06, 0.13, 0.05, 0.34, 0.23], [4])","([0, 0, 0, 0, 1, 0], [4])",-0.0,-0.0,-0.0,-0.0,-0.0,-0.0,0.0,0.5713776223776224,-3.0197062937062884,0.611399436770933
174,"([0.19, 0.06, 0.13, 0.05, 0.34, 0.23], [4])","([0, 0, 0, 0, 1, 0], [4])",-0.0,-0.0,-0.0,-0.0,-0.0,-0.0,0.0,0.5713776223776224,-3.5910839160839108,0.611399436770933
175,"([0.19, 0.06, 0.13, 0.05, 0.34, 0.23], [1])","([0, 0, 0, 0, 1, 0], [4])",-0.0,-0.8420000000000001,-0.0,-0.0,-0.0,-0.0,-0.8420000000000001,0.5713776223776224,-3.320461538461533,0.611399436770933
176,"([0.19, 0.06, 0.13, 0.05, 0.34, 0.23], [4])","([0, 0, 0, 0, 1, 0], [4])",-0.0,-0.0,-0.0,-0.0,-0.0,-0.0,0.0,0.5713776223776224,-3.8918391608391554,0.611399436770933
177,"([0.19, 0.06, 0.13, 0.05, 0.34, 0.23], [0])","([0, 0, 0, 0, 1, 0], [4])",-0.809,-0.0,-0.0,-0.0,-0.0,-0.0,-0.809,0.5713776223776224,-3.6542167832167776,0.611399436770933
178,"([0.19, 0.06, 0.13, 0.05, 0.34, 0.23], [0])","([0, 0, 0, 0, 1, 0], [4])",-0.809,-0.0,-0.0,-0.0,-0.0,-0.0,-0.809,0.5713776223776224,-3.4165944055943998,0.611399436770933
179,"([0.19, 0.06, 0.13, 0.05, 0.34, 0.23], [1])","([0, 0, 0, 0, 1, 0], [4])",-0.0,-0.8420000000000001,-0.0,-0.0,-0.0,-0.0,-0.8420000000000001,0.5713776223776224,-3.145972027972022,0.611399436770933
180,"([0.19, 0.06, 0.13, 0.05, 0.34, 0.23], [4])","([0, 0, 0, 0, 1, 0], [4])",-0.0,-0.0,-0.0,-0.0,-0.0,-0.0,0.0,0.5713776223776224,-3.7173496503496444,0.611399436770933
181,"([0.19, 0.06, 0.13, 0.05, 0.34, 0.23], [3])","([0, 0, 0, 0, 1, 0], [4])",-0.0,-0.0,-0.0,-0.875,-0.0,-0.0,-0.875,0.5713776223776224,-3.4137272727272667,0.611399436770933
182,"([0.19, 0.06, 0.13, 0.05, 0.34, 0.23], [4])","([0, 0, 0, 0, 1, 0], [4])",-0.0,-0.0,-0.0,-0.0,-0.0,-0.0,0.0,0.5713776223776224,-3.985104895104889,0.611399436770933
183,"([0.19, 0.06, 0.13, 0.05, 0.34, 0.23], [1])","([0, 0, 0, 0, 1, 0], [4])",-0.0,-0.8420000000000001,-0.0,-0.0,-0.0,-0.0,-0.8420000000000001,0.5713776223776224,-3.7144825174825113,0.611399436770933
184,"([0.19, 0.06, 0.13, 0.05, 0.34, 0.23], [2])","([0, 0, 0, 0, 1, 0], [4])",-0.0,-0.0,-0.9329999999999999,-0.0,-0.0,-0.0,-0.9329999999999999,0.5713776223776224,-3.352860139860134,0.611399436770933
185,"([0.19, 0.06, 0.13, 0.05, 0.34, 0.23], [2])","([0, 0, 0, 0, 1, 0], [4])",-0.0,-0.0,-0.9329999999999999,-0.0,-0.0,-0.0,-0.9329999999999999,0.5713776223776224,-2.9912377622377564,0.611399436770933
186,"([0.19, 0.06, 0.13, 0.05, 0.34, 0.23], [2])","([0, 0, 0, 0, 1, 0], [4])",-0.0,-0.0,-0.9329999999999999,-0.0,-0.0,-0.0,-0.9329999999999999,0.5713776223776224,-2.629615384615379,0.611399436770933
187,"([0.19, 0.06, 0.13, 0.05, 0.34, 0.23], [2])","([0, 0, 0, 0, 1, 0], [4])",-0.0,-0.0,-0.9329999999999999,-0.0,-0.0,-0.0,-0.9329999999999999,0.5713776223776224,-2.2679930069930014,0.611399436770933
188,"([0.19, 0.06, 0.13, 0.05, 0.34, 0.23], [4])","([0, 0, 0, 0, 1, 0], [4])",-0.0,-0.0,-0.0,-0.0,-0.0,-0.0,0.0,0.5713776223776224,-2.839370629370624,0.611399436770933
189,"([0.19, 0.06, 0.13, 0.05, 0.34, 0.23], [0])","([0, 0, 0, 0, 1, 0], [4])",-0.809,-0.0,-0.0,-0.0,-0.0,-0.0,-0.809,0.5713776223776224,-2.601748251748246,0.611399436770933
190,"([0.19, 0.06, 0.13, 0.05, 0.34, 0.23], [5])","([0, 0, 0, 0, 1, 0], [4])",-0.0,-0.0,-0.0,-0.0,-0.0,-0.8759999999999999,-0.8759999999999999,0.5713776223776224,-2.2971258741258684,0.611399436770933
191,"([0.19, 0.06, 0.13, 0.05, 0.34, 0.23], [5])","([0, 0, 0, 0, 1, 0], [4])",-0.0,-0.0,-0.0,-0.0,-0.0,-0.8759999999999999,-0.8759999999999999,0.5713776223776224,-1.992503496503491,0.611399436770933
192,"([0.19, 0.06, 0.13, 0.05, 0.34, 0.23], [2])","([0, 0, 0, 0, 1, 0], [4])",-0.0,-0.0,-0.9329999999999999,-0.0,-0.0,-0.0,-0.9329999999999999,0.5713776223776224,-1.6308811188811134,0.611399436770933
193,"([0.19, 0.06, 0.13, 0.05, 0.34, 0.23], [4])","([0, 0, 0, 0, 1, 0], [4])",-0.0,-0.0,-0.0,-0.0,-0.0,-0.0,0.0,0.5713776223776224,-2.2022587412587358,0.611399436770933
194,"([0.19, 0.06, 0.13, 0.05, 0.34, 0.23], [2])","([0, 0, 0, 0, 1, 0], [4])",-0.0,-0.0,-0.9329999999999999,-0.0,-0.0,-0.0,-0.9329999999999999,0.5713776223776224,-1.8406363636363583,0.611399436770933
195,"([0.19, 0.06, 0.13, 0.05, 0.34, 0.23], [4])","([0, 0, 0, 0, 1, 0], [4])",-0.0,-0.0,-0.0,-0.0,-0.0,-0.0,0.0,0.5713776223776224,-2.4120139860139806,0.611399436770933
196,"([0.19, 0.06, 0.13, 0.05, 0.34, 0.23], [5])","([0, 0, 0, 0, 1, 0], [4])",-0.0,-0.0,-0.0,-0.0,-0.0,-0.8759999999999999,-0.8759999999999999,0.5713776223776224,-2.107391608391603,0.611399436770933
197,"([0.19, 0.06, 0.13, 0.05, 0.34, 0.23], [4])","([0, 0, 0, 0, 1, 0], [4])",-0.0,-0.0,-0.0,-0.0,-0.0,-0.0,0.0,0.5713776223776224,-2.6787692307692255,0.611399436770933
198,"([0.19, 0.06, 0.13, 0.05, 0.34, 0.23], [2])","([0, 0, 0, 0, 1, 0], [4])",-0.0,-0.0,-0.9329999999999999,-0.0,-0.0,-0.0,-0.9329999999999999,0.5713776223776224,-2.317146853146848,0.611399436770933
199,"([0.19, 0.06, 0.13, 0.05, 0.34, 0.23], [4])","([0, 0, 0, 0, 1, 0], [4])",-0.0,-0.0,-0.0,-0.0,-0.0,-0.0,0.0,0.5713776223776224,-2.8885244755244703,0.611399436770933
