,sto-1,FB-0,feedback target 0,feedback target 1,feedback target 2,feedback target 3,feedback target 4,feedback target 5,total,exp_loss,actual_regret,exp_regret
0,"([0.14, 0.14, 0.39, 0.1, 0.16, 0.07], [5])","([0, 0, 1, 0, 0, 0], [2])",-0.0,-0.0,-0.0,-0.0,-0.0,-0.823,-0.823,0.5685899999999999,0.25441,0.0
1,"([0.14, 0.14, 0.39, 0.1, 0.16, 0.07], [2])","([0.14, 0.18, 0.12, 0.21, 0.21, 0.12], [0])",-0.0,-0.0,-0.8220000000000001,-0.0,-0.0,-0.0,-0.8220000000000001,0.743460466023894,0.5078200000000002,0.1748704660238941
2,"([0.14, 0.14, 0.39, 0.1, 0.16, 0.07], [4])","([0, 0, 1, 0, 0, 0], [2])",-0.0,-0.0,-0.0,-0.0,-0.998,-0.0,-0.998,0.5685899999999999,0.9372300000000002,0.1748704660238941
3,"([0.14, 0.14, 0.39, 0.1, 0.16, 0.07], [3])","([0.15, 0.18, 0.13, 0.21, 0.21, 0.13], [4])",-0.0,-0.0,-0.0,-0.9990000000000001,-0.0,-0.0,-0.9990000000000001,0.7432311508925202,1.3676400000000004,0.3495116169164144
4,"([0.14, 0.14, 0.39, 0.1, 0.16, 0.07], [2])","([0.14, 0.18, 0.12, 0.22, 0.22, 0.12], [3])",-0.0,-0.0,-0.8220000000000001,-0.0,-0.0,-0.0,-0.8220000000000001,0.7441543299170802,1.6210500000000005,0.5250759468334947
5,"([0.14, 0.14, 0.39, 0.1, 0.16, 0.07], [0])","([0, 0, 1, 0, 0, 0], [2])",-0.855,-0.0,-0.0,-0.0,-0.0,-0.0,-0.855,0.5685899999999999,1.9074600000000006,0.5250759468334947
6,"([0.14, 0.14, 0.39, 0.1, 0.16, 0.07], [2])","([0.14, 0.18, 0.12, 0.21, 0.21, 0.12], [0])",-0.0,-0.0,-0.8220000000000001,-0.0,-0.0,-0.0,-0.8220000000000001,0.743460466023894,2.160870000000001,0.6999464128573888
7,"([0.14, 0.14, 0.39, 0.1, 0.16, 0.07], [2])","([0, 0, 1, 0, 0, 0], [2])",-0.0,-0.0,-0.0,-0.0,-0.0,-0.0,0.0,0.5685899999999999,1.592280000000001,0.6999464128573888
8,"([0.14, 0.14, 0.39, 0.1, 0.16, 0.07], [2])","([0, 0, 1, 0, 0, 0], [2])",-0.0,-0.0,-0.0,-0.0,-0.0,-0.0,0.0,0.5685899999999999,1.023690000000001,0.6999464128573888
9,"([0.14, 0.14, 0.39, 0.1, 0.16, 0.07], [0])","([0, 0, 1, 0, 0, 0], [2])",-0.855,-0.0,-0.0,-0.0,-0.0,-0.0,-0.855,0.5685899999999999,1.3101000000000012,0.6999464128573888
10,"([0.14, 0.14, 0.39, 0.1, 0.16, 0.07], [0])","([0, 0, 1, 0, 0, 0], [2])",-0.855,-0.0,-0.0,-0.0,-0.0,-0.0,-0.855,0.5685899999999999,1.5965100000000012,0.6999464128573888
11,"([0.14, 0.14, 0.39, 0.1, 0.16, 0.07], [5])","([0, 0, 1, 0, 0, 0], [2])",-0.0,-0.0,-0.0,-0.0,-0.0,-0.823,-0.823,0.5685899999999999,1.8509200000000012,0.6999464128573888
12,"([0.14, 0.14, 0.39, 0.1, 0.16, 0.07], [1])","([0, 0, 1, 0, 0, 0], [2])",-0.0,-0.917,-0.0,-0.0,-0.0,-0.0,-0.917,0.5685899999999999,2.1993300000000016,0.6999464128573888
13,"([0.14, 0.14, 0.39, 0.1, 0.16, 0.07], [0])","([0, 0, 1, 0, 0, 0], [2])",-0.855,-0.0,-0.0,-0.0,-0.0,-0.0,-0.855,0.5685899999999999,2.4857400000000016,0.6999464128573888
14,"([0.14, 0.14, 0.39, 0.1, 0.16, 0.07], [5])","([0, 0, 1, 0, 0, 0], [2])",-0.0,-0.0,-0.0,-0.0,-0.0,-0.823,-0.823,0.5685899999999999,2.7401500000000016,0.6999464128573888
15,"([0.14, 0.14, 0.39, 0.1, 0.16, 0.07], [5])","([0, 0, 1, 0, 0, 0], [2])",-0.0,-0.0,-0.0,-0.0,-0.0,-0.823,-0.823,0.5685899999999999,2.9945600000000017,0.6999464128573888
16,"([0.14, 0.14, 0.39, 0.1, 0.16, 0.07], [2])","([0, 0, 1, 0, 0, 0], [2])",-0.0,-0.0,-0.0,-0.0,-0.0,-0.0,0.0,0.5685899999999999,2.4259700000000017,0.6999464128573888
17,"([0.14, 0.14, 0.39, 0.1, 0.16, 0.07], [3])","([0, 0, 1, 0, 0, 0], [2])",-0.0,-0.0,-0.0,-0.9990000000000001,-0.0,-0.0,-0.9990000000000001,0.5685899999999999,2.856380000000002,0.6999464128573888
18,"([0.14, 0.14, 0.39, 0.1, 0.16, 0.07], [0])","([0, 0, 1, 0, 0, 0], [2])",-0.855,-0.0,-0.0,-0.0,-0.0,-0.0,-0.855,0.5685899999999999,3.142790000000002,0.6999464128573888
19,"([0.14, 0.14, 0.39, 0.1, 0.16, 0.07], [4])","([0, 0, 1, 0, 0, 0], [2])",-0.0,-0.0,-0.0,-0.0,-0.998,-0.0,-0.998,0.5685899999999999,3.5722000000000023,0.6999464128573888
20,"([0.14, 0.14, 0.39, 0.1, 0.16, 0.07], [5])","([0, 0, 1, 0, 0, 0], [2])",-0.0,-0.0,-0.0,-0.0,-0.0,-0.823,-0.823,0.5685899999999999,3.8266100000000023,0.6999464128573888
21,"([0.14, 0.14, 0.39, 0.1, 0.16, 0.07], [1])","([0, 0, 1, 0, 0, 0], [2])",-0.0,-0.917,-0.0,-0.0,-0.0,-0.0,-0.917,0.5685899999999999,4.175020000000003,0.6999464128573888
22,"([0.14, 0.14, 0.39, 0.1, 0.16, 0.07], [2])","([0, 0, 1, 0, 0, 0], [2])",-0.0,-0.0,-0.0,-0.0,-0.0,-0.0,0.0,0.5685899999999999,3.6064300000000027,0.6999464128573888
23,"([0.14, 0.14, 0.39, 0.1, 0.16, 0.07], [4])","([0, 0, 1, 0, 0, 0], [2])",-0.0,-0.0,-0.0,-0.0,-0.998,-0.0,-0.998,0.5685899999999999,4.035840000000003,0.6999464128573888
24,"([0.14, 0.14, 0.39, 0.1, 0.16, 0.07], [1])","([0, 0, 1, 0, 0, 0], [2])",-0.0,-0.917,-0.0,-0.0,-0.0,-0.0,-0.917,0.5685899999999999,4.384250000000003,0.6999464128573888
25,"([0.14, 0.14, 0.39, 0.1, 0.16, 0.07], [2])","([0, 0, 1, 0, 0, 0], [2])",-0.0,-0.0,-0.0,-0.0,-0.0,-0.0,0.0,0.5685899999999999,3.8156600000000034,0.6999464128573888
26,"([0.14, 0.14, 0.39, 0.1, 0.16, 0.07], [2])","([0, 0, 1, 0, 0, 0], [2])",-0.0,-0.0,-0.0,-0.0,-0.0,-0.0,0.0,0.5685899999999999,3.2470700000000035,0.6999464128573888
27,"([0.14, 0.14, 0.39, 0.1, 0.16, 0.07], [1])","([0, 0, 1, 0, 0, 0], [2])",-0.0,-0.917,-0.0,-0.0,-0.0,-0.0,-0.917,0.5685899999999999,3.595480000000004,0.6999464128573888
28,"([0.14, 0.14, 0.39, 0.1, 0.16, 0.07], [3])","([0, 0, 1, 0, 0, 0], [2])",-0.0,-0.0,-0.0,-0.9990000000000001,-0.0,-0.0,-0.9990000000000001,0.5685899999999999,4.025890000000004,0.6999464128573888
29,"([0.14, 0.14, 0.39, 0.1, 0.16, 0.07], [5])","([0, 0, 1, 0, 0, 0], [2])",-0.0,-0.0,-0.0,-0.0,-0.0,-0.823,-0.823,0.5685899999999999,4.280300000000004,0.6999464128573888
30,"([0.14, 0.14, 0.39, 0.1, 0.16, 0.07], [4])","([0, 0, 1, 0, 0, 0], [2])",-0.0,-0.0,-0.0,-0.0,-0.998,-0.0,-0.998,0.5685899999999999,4.709710000000004,0.6999464128573888
31,"([0.14, 0.14, 0.39, 0.1, 0.16, 0.07], [3])","([0, 0, 1, 0, 0, 0], [2])",-0.0,-0.0,-0.0,-0.9990000000000001,-0.0,-0.0,-0.9990000000000001,0.5685899999999999,5.140120000000004,0.6999464128573888
32,"([0.14, 0.14, 0.39, 0.1, 0.16, 0.07], [2])","([0, 0, 1, 0, 0, 0], [2])",-0.0,-0.0,-0.0,-0.0,-0.0,-0.0,0.0,0.5685899999999999,4.5715300000000045,0.6999464128573888
33,"([0.14, 0.14, 0.39, 0.1, 0.16, 0.07], [5])","([0, 0, 1, 0, 0, 0], [2])",-0.0,-0.0,-0.0,-0.0,-0.0,-0.823,-0.823,0.5685899999999999,4.825940000000005,0.6999464128573888
34,"([0.14, 0.14, 0.39, 0.1, 0.16, 0.07], [0])","([0, 0, 1, 0, 0, 0], [2])",-0.855,-0.0,-0.0,-0.0,-0.0,-0.0,-0.855,0.5685899999999999,5.112350000000005,0.6999464128573888
35,"([0.14, 0.14, 0.39, 0.1, 0.16, 0.07], [4])","([0, 0, 1, 0, 0, 0], [2])",-0.0,-0.0,-0.0,-0.0,-0.998,-0.0,-0.998,0.5685899999999999,5.5417600000000045,0.6999464128573888
36,"([0.14, 0.14, 0.39, 0.1, 0.16, 0.07], [3])","([0, 0, 1, 0, 0, 0], [2])",-0.0,-0.0,-0.0,-0.9990000000000001,-0.0,-0.0,-0.9990000000000001,0.5685899999999999,5.972170000000005,0.6999464128573888
37,"([0.14, 0.14, 0.39, 0.1, 0.16, 0.07], [1])","([0, 0, 1, 0, 0, 0], [2])",-0.0,-0.917,-0.0,-0.0,-0.0,-0.0,-0.917,0.5685899999999999,6.320580000000005,0.6999464128573888
38,"([0.14, 0.14, 0.39, 0.1, 0.16, 0.07], [4])","([0, 0, 1, 0, 0, 0], [2])",-0.0,-0.0,-0.0,-0.0,-0.998,-0.0,-0.998,0.5685899999999999,6.749990000000005,0.6999464128573888
39,"([0.14, 0.14, 0.39, 0.1, 0.16, 0.07], [2])","([0, 0, 1, 0, 0, 0], [2])",-0.0,-0.0,-0.0,-0.0,-0.0,-0.0,0.0,0.5685899999999999,6.181400000000005,0.6999464128573888
40,"([0.14, 0.14, 0.39, 0.1, 0.16, 0.07], [0])","([0, 0, 1, 0, 0, 0], [2])",-0.855,-0.0,-0.0,-0.0,-0.0,-0.0,-0.855,0.5685899999999999,6.467810000000005,0.6999464128573888
41,"([0.14, 0.14, 0.39, 0.1, 0.16, 0.07], [4])","([0, 0, 1, 0, 0, 0], [2])",-0.0,-0.0,-0.0,-0.0,-0.998,-0.0,-0.998,0.5685899999999999,6.897220000000005,0.6999464128573888
42,"([0.14, 0.14, 0.39, 0.1, 0.16, 0.07], [0])","([0, 0, 1, 0, 0, 0], [2])",-0.855,-0.0,-0.0,-0.0,-0.0,-0.0,-0.855,0.5685899999999999,7.183630000000005,0.6999464128573888
43,"([0.14, 0.14, 0.39, 0.1, 0.16, 0.07], [2])","([0, 0, 1, 0, 0, 0], [2])",-0.0,-0.0,-0.0,-0.0,-0.0,-0.0,0.0,0.5685899999999999,6.615040000000006,0.6999464128573888
44,"([0.14, 0.14, 0.39, 0.1, 0.16, 0.07], [1])","([0, 0, 1, 0, 0, 0], [2])",-0.0,-0.917,-0.0,-0.0,-0.0,-0.0,-0.917,0.5685899999999999,6.963450000000006,0.6999464128573888
45,"([0.14, 0.14, 0.39, 0.1, 0.16, 0.07], [4])","([0, 0, 1, 0, 0, 0], [2])",-0.0,-0.0,-0.0,-0.0,-0.998,-0.0,-0.998,0.5685899999999999,7.392860000000006,0.6999464128573888
46,"([0.14, 0.14, 0.39, 0.1, 0.16, 0.07], [2])","([0, 0, 1, 0, 0, 0], [2])",-0.0,-0.0,-0.0,-0.0,-0.0,-0.0,0.0,0.5685899999999999,6.824270000000006,0.6999464128573888
47,"([0.14, 0.14, 0.39, 0.1, 0.16, 0.07], [1])","([0, 0, 1, 0, 0, 0], [2])",-0.0,-0.917,-0.0,-0.0,-0.0,-0.0,-0.917,0.5685899999999999,7.172680000000006,0.6999464128573888
48,"([0.14, 0.14, 0.39, 0.1, 0.16, 0.07], [2])","([0, 0, 1, 0, 0, 0], [2])",-0.0,-0.0,-0.0,-0.0,-0.0,-0.0,0.0,0.5685899999999999,6.6040900000000065,0.6999464128573888
49,"([0.14, 0.14, 0.39, 0.1, 0.16, 0.07], [2])","([0, 0, 1, 0, 0, 0], [2])",-0.0,-0.0,-0.0,-0.0,-0.0,-0.0,0.0,0.5685899999999999,6.035500000000006,0.6999464128573888
50,"([0.14, 0.14, 0.39, 0.1, 0.16, 0.07], [2])","([0, 0, 1, 0, 0, 0], [2])",-0.0,-0.0,-0.0,-0.0,-0.0,-0.0,0.0,0.5685899999999999,5.466910000000006,0.6999464128573888
51,"([0.14, 0.14, 0.39, 0.1, 0.16, 0.07], [5])","([0, 0, 1, 0, 0, 0], [2])",-0.0,-0.0,-0.0,-0.0,-0.0,-0.823,-0.823,0.5685899999999999,5.721320000000006,0.6999464128573888
52,"([0.14, 0.14, 0.39, 0.1, 0.16, 0.07], [0])","([0, 0, 1, 0, 0, 0], [2])",-0.855,-0.0,-0.0,-0.0,-0.0,-0.0,-0.855,0.5685899999999999,6.007730000000006,0.6999464128573888
53,"([0.14, 0.14, 0.39, 0.1, 0.16, 0.07], [2])","([0, 0, 1, 0, 0, 0], [2])",-0.0,-0.0,-0.0,-0.0,-0.0,-0.0,0.0,0.5685899999999999,5.439140000000005,0.6999464128573888
54,"([0.14, 0.14, 0.39, 0.1, 0.16, 0.07], [4])","([0, 0, 1, 0, 0, 0], [2])",-0.0,-0.0,-0.0,-0.0,-0.998,-0.0,-0.998,0.5685899999999999,5.868550000000005,0.6999464128573888
55,"([0.14, 0.14, 0.39, 0.1, 0.16, 0.07], [2])","([0, 0, 1, 0, 0, 0], [2])",-0.0,-0.0,-0.0,-0.0,-0.0,-0.0,0.0,0.5685899999999999,5.299960000000006,0.6999464128573888
56,"([0.14, 0.14, 0.39, 0.1, 0.16, 0.07], [4])","([0, 0, 1, 0, 0, 0], [2])",-0.0,-0.0,-0.0,-0.0,-0.998,-0.0,-0.998,0.5685899999999999,5.729370000000006,0.6999464128573888
57,"([0.14, 0.14, 0.39, 0.1, 0.16, 0.07], [0])","([0, 0, 1, 0, 0, 0], [2])",-0.855,-0.0,-0.0,-0.0,-0.0,-0.0,-0.855,0.5685899999999999,6.015780000000006,0.6999464128573888
58,"([0.14, 0.14, 0.39, 0.1, 0.16, 0.07], [2])","([0, 0, 1, 0, 0, 0], [2])",-0.0,-0.0,-0.0,-0.0,-0.0,-0.0,0.0,0.5685899999999999,5.447190000000006,0.6999464128573888
59,"([0.14, 0.14, 0.39, 0.1, 0.16, 0.07], [0])","([0, 0, 1, 0, 0, 0], [2])",-0.855,-0.0,-0.0,-0.0,-0.0,-0.0,-0.855,0.5685899999999999,5.733600000000006,0.6999464128573888
60,"([0.14, 0.14, 0.39, 0.1, 0.16, 0.07], [2])","([0, 0, 1, 0, 0, 0], [2])",-0.0,-0.0,-0.0,-0.0,-0.0,-0.0,0.0,0.5685899999999999,5.165010000000006,0.6999464128573888
61,"([0.14, 0.14, 0.39, 0.1, 0.16, 0.07], [2])","([0, 0, 1, 0, 0, 0], [2])",-0.0,-0.0,-0.0,-0.0,-0.0,-0.0,0.0,0.5685899999999999,4.5964200000000055,0.6999464128573888
62,"([0.14, 0.14, 0.39, 0.1, 0.16, 0.07], [4])","([0, 0, 1, 0, 0, 0], [2])",-0.0,-0.0,-0.0,-0.0,-0.998,-0.0,-0.998,0.5685899999999999,5.025830000000005,0.6999464128573888
63,"([0.14, 0.14, 0.39, 0.1, 0.16, 0.07], [0])","([0, 0, 1, 0, 0, 0], [2])",-0.855,-0.0,-0.0,-0.0,-0.0,-0.0,-0.855,0.5685899999999999,5.312240000000005,0.6999464128573888
64,"([0.14, 0.14, 0.39, 0.1, 0.16, 0.07], [2])","([0, 0, 1, 0, 0, 0], [2])",-0.0,-0.0,-0.0,-0.0,-0.0,-0.0,0.0,0.5685899999999999,4.743650000000006,0.6999464128573888
65,"([0.14, 0.14, 0.39, 0.1, 0.16, 0.07], [5])","([0, 0, 1, 0, 0, 0], [2])",-0.0,-0.0,-0.0,-0.0,-0.0,-0.823,-0.823,0.5685899999999999,4.998060000000006,0.6999464128573888
66,"([0.14, 0.14, 0.39, 0.1, 0.16, 0.07], [1])","([0, 0, 1, 0, 0, 0], [2])",-0.0,-0.917,-0.0,-0.0,-0.0,-0.0,-0.917,0.5685899999999999,5.346470000000006,0.6999464128573888
67,"([0.14, 0.14, 0.39, 0.1, 0.16, 0.07], [3])","([0, 0, 1, 0, 0, 0], [2])",-0.0,-0.0,-0.0,-0.9990000000000001,-0.0,-0.0,-0.9990000000000001,0.5685899999999999,5.7768800000000065,0.6999464128573888
68,"([0.14, 0.14, 0.39, 0.1, 0.16, 0.07], [2])","([0, 0, 1, 0, 0, 0], [2])",-0.0,-0.0,-0.0,-0.0,-0.0,-0.0,0.0,0.5685899999999999,5.208290000000007,0.6999464128573888
69,"([0.14, 0.14, 0.39, 0.1, 0.16, 0.07], [2])","([0, 0, 1, 0, 0, 0], [2])",-0.0,-0.0,-0.0,-0.0,-0.0,-0.0,0.0,0.5685899999999999,4.639700000000007,0.6999464128573888
70,"([0.14, 0.14, 0.39, 0.1, 0.16, 0.07], [2])","([0, 0, 1, 0, 0, 0], [2])",-0.0,-0.0,-0.0,-0.0,-0.0,-0.0,0.0,0.5685899999999999,4.071110000000006,0.6999464128573888
71,"([0.14, 0.14, 0.39, 0.1, 0.16, 0.07], [4])","([0, 0, 1, 0, 0, 0], [2])",-0.0,-0.0,-0.0,-0.0,-0.998,-0.0,-0.998,0.5685899999999999,4.500520000000006,0.6999464128573888
72,"([0.14, 0.14, 0.39, 0.1, 0.16, 0.07], [2])","([0, 0, 1, 0, 0, 0], [2])",-0.0,-0.0,-0.0,-0.0,-0.0,-0.0,0.0,0.5685899999999999,3.931930000000006,0.6999464128573888
73,"([0.14, 0.14, 0.39, 0.1, 0.16, 0.07], [0])","([0, 0, 1, 0, 0, 0], [2])",-0.855,-0.0,-0.0,-0.0,-0.0,-0.0,-0.855,0.5685899999999999,4.218340000000007,0.6999464128573888
74,"([0.14, 0.14, 0.39, 0.1, 0.16, 0.07], [2])","([0, 0, 1, 0, 0, 0], [2])",-0.0,-0.0,-0.0,-0.0,-0.0,-0.0,0.0,0.5685899999999999,3.6497500000000067,0.6999464128573888
75,"([0.14, 0.14, 0.39, 0.1, 0.16, 0.07], [0])","([0, 0, 1, 0, 0, 0], [2])",-0.855,-0.0,-0.0,-0.0,-0.0,-0.0,-0.855,0.5685899999999999,3.9361600000000068,0.6999464128573888
76,"([0.14, 0.14, 0.39, 0.1, 0.16, 0.07], [2])","([0, 0, 1, 0, 0, 0], [2])",-0.0,-0.0,-0.0,-0.0,-0.0,-0.0,0.0,0.5685899999999999,3.367570000000007,0.6999464128573888
77,"([0.14, 0.14, 0.39, 0.1, 0.16, 0.07], [3])","([0, 0, 1, 0, 0, 0], [2])",-0.0,-0.0,-0.0,-0.9990000000000001,-0.0,-0.0,-0.9990000000000001,0.5685899999999999,3.797980000000007,0.6999464128573888
78,"([0.14, 0.14, 0.39, 0.1, 0.16, 0.07], [4])","([0, 0, 1, 0, 0, 0], [2])",-0.0,-0.0,-0.0,-0.0,-0.998,-0.0,-0.998,0.5685899999999999,4.227390000000007,0.6999464128573888
79,"([0.14, 0.14, 0.39, 0.1, 0.16, 0.07], [1])","([0, 0, 1, 0, 0, 0], [2])",-0.0,-0.917,-0.0,-0.0,-0.0,-0.0,-0.917,0.5685899999999999,4.575800000000007,0.6999464128573888
80,"([0.14, 0.14, 0.39, 0.1, 0.16, 0.07], [3])","([0, 0, 1, 0, 0, 0], [2])",-0.0,-0.0,-0.0,-0.9990000000000001,-0.0,-0.0,-0.9990000000000001,0.5685899999999999,5.006210000000007,0.6999464128573888
81,"([0.14, 0.14, 0.39, 0.1, 0.16, 0.07], [2])","([0, 0, 1, 0, 0, 0], [2])",-0.0,-0.0,-0.0,-0.0,-0.0,-0.0,0.0,0.5685899999999999,4.437620000000008,0.6999464128573888
82,"([0.14, 0.14, 0.39, 0.1, 0.16, 0.07], [1])","([0, 0, 1, 0, 0, 0], [2])",-0.0,-0.917,-0.0,-0.0,-0.0,-0.0,-0.917,0.5685899999999999,4.786030000000008,0.6999464128573888
83,"([0.14, 0.14, 0.39, 0.1, 0.16, 0.07], [2])","([0, 0, 1, 0, 0, 0], [2])",-0.0,-0.0,-0.0,-0.0,-0.0,-0.0,0.0,0.5685899999999999,4.217440000000009,0.6999464128573888
84,"([0.14, 0.14, 0.39, 0.1, 0.16, 0.07], [2])","([0, 0, 1, 0, 0, 0], [2])",-0.0,-0.0,-0.0,-0.0,-0.0,-0.0,0.0,0.5685899999999999,3.648850000000009,0.6999464128573888
85,"([0.14, 0.14, 0.39, 0.1, 0.16, 0.07], [1])","([0, 0, 1, 0, 0, 0], [2])",-0.0,-0.917,-0.0,-0.0,-0.0,-0.0,-0.917,0.5685899999999999,3.9972600000000087,0.6999464128573888
86,"([0.14, 0.14, 0.39, 0.1, 0.16, 0.07], [0])","([0, 0, 1, 0, 0, 0], [2])",-0.855,-0.0,-0.0,-0.0,-0.0,-0.0,-0.855,0.5685899999999999,4.283670000000009,0.6999464128573888
87,"([0.14, 0.14, 0.39, 0.1, 0.16, 0.07], [4])","([0, 0, 1, 0, 0, 0], [2])",-0.0,-0.0,-0.0,-0.0,-0.998,-0.0,-0.998,0.5685899999999999,4.713080000000009,0.6999464128573888
88,"([0.14, 0.14, 0.39, 0.1, 0.16, 0.07], [2])","([0, 0, 1, 0, 0, 0], [2])",-0.0,-0.0,-0.0,-0.0,-0.0,-0.0,0.0,0.5685899999999999,4.144490000000008,0.6999464128573888
89,"([0.14, 0.14, 0.39, 0.1, 0.16, 0.07], [2])","([0, 0, 1, 0, 0, 0], [2])",-0.0,-0.0,-0.0,-0.0,-0.0,-0.0,0.0,0.5685899999999999,3.5759000000000083,0.6999464128573888
90,"([0.14, 0.14, 0.39, 0.1, 0.16, 0.07], [2])","([0, 0, 1, 0, 0, 0], [2])",-0.0,-0.0,-0.0,-0.0,-0.0,-0.0,0.0,0.5685899999999999,3.0073100000000084,0.6999464128573888
91,"([0.14, 0.14, 0.39, 0.1, 0.16, 0.07], [4])","([0, 0, 1, 0, 0, 0], [2])",-0.0,-0.0,-0.0,-0.0,-0.998,-0.0,-0.998,0.5685899999999999,3.436720000000008,0.6999464128573888
92,"([0.14, 0.14, 0.39, 0.1, 0.16, 0.07], [4])","([0, 0, 1, 0, 0, 0], [2])",-0.0,-0.0,-0.0,-0.0,-0.998,-0.0,-0.998,0.5685899999999999,3.866130000000008,0.6999464128573888
93,"([0.14, 0.14, 0.39, 0.1, 0.16, 0.07], [0])","([0, 0, 1, 0, 0, 0], [2])",-0.855,-0.0,-0.0,-0.0,-0.0,-0.0,-0.855,0.5685899999999999,4.152540000000008,0.6999464128573888
94,"([0.14, 0.14, 0.39, 0.1, 0.16, 0.07], [3])","([0, 0, 1, 0, 0, 0], [2])",-0.0,-0.0,-0.0,-0.9990000000000001,-0.0,-0.0,-0.9990000000000001,0.5685899999999999,4.582950000000008,0.6999464128573888
95,"([0.14, 0.14, 0.39, 0.1, 0.16, 0.07], [2])","([0, 0, 1, 0, 0, 0], [2])",-0.0,-0.0,-0.0,-0.0,-0.0,-0.0,0.0,0.5685899999999999,4.014360000000009,0.6999464128573888
96,"([0.14, 0.14, 0.39, 0.1, 0.16, 0.07], [2])","([0, 0, 1, 0, 0, 0], [2])",-0.0,-0.0,-0.0,-0.0,-0.0,-0.0,0.0,0.5685899999999999,3.445770000000009,0.6999464128573888
97,"([0.14, 0.14, 0.39, 0.1, 0.16, 0.07], [0])","([0, 0, 1, 0, 0, 0], [2])",-0.855,-0.0,-0.0,-0.0,-0.0,-0.0,-0.855,0.5685899999999999,3.732180000000009,0.6999464128573888
98,"([0.14, 0.14, 0.39, 0.1, 0.16, 0.07], [4])","([0, 0, 1, 0, 0, 0], [2])",-0.0,-0.0,-0.0,-0.0,-0.998,-0.0,-0.998,0.5685899999999999,4.161590000000009,0.6999464128573888
99,"([0.14, 0.14, 0.39, 0.1, 0.16, 0.07], [5])","([0, 0, 1, 0, 0, 0], [2])",-0.0,-0.0,-0.0,-0.0,-0.0,-0.823,-0.823,0.5685899999999999,4.416000000000009,0.6999464128573888
