,sto-1,FB-0,feedback target 0,feedback target 1,feedback target 2,feedback target 3,feedback target 4,feedback target 5,total,exp_loss,actual_regret,exp_regret
0,"([0.14, 0.14, 0.39, 0.1, 0.16, 0.07], [2])","([0.14, 0.18, 0.12, 0.22, 0.22, 0.12], [1])",-0.0,-0.0,-0.8220000000000001,-0.0,-0.0,-0.0,-0.8220000000000001,0.7437196699464275,0.25341000000000014,0.17512966994642754
1,"([0.14, 0.14, 0.39, 0.1, 0.16, 0.07], [2])","([0, 0, 1, 0, 0, 0], [2])",-0.0,-0.0,-0.0,-0.0,-0.0,-0.0,0.0,0.5685899999999999,-0.3151799999999998,0.17512966994642754
2,"([0.14, 0.14, 0.39, 0.1, 0.16, 0.07], [5])","([0, 0, 1, 0, 0, 0], [2])",-0.0,-0.0,-0.0,-0.0,-0.0,-0.823,-0.823,0.5685899999999999,-0.06076999999999977,0.17512966994642754
3,"([0.14, 0.14, 0.39, 0.1, 0.16, 0.07], [0])","([0, 0, 1, 0, 0, 0], [2])",-0.855,-0.0,-0.0,-0.0,-0.0,-0.0,-0.855,0.5685899999999999,0.22564000000000028,0.17512966994642754
4,"([0.14, 0.14, 0.39, 0.1, 0.16, 0.07], [0])","([0, 0, 1, 0, 0, 0], [2])",-0.855,-0.0,-0.0,-0.0,-0.0,-0.0,-0.855,0.5685899999999999,0.5120500000000003,0.17512966994642754
5,"([0.14, 0.14, 0.39, 0.1, 0.16, 0.07], [1])","([0, 0, 1, 0, 0, 0], [2])",-0.0,-0.917,-0.0,-0.0,-0.0,-0.0,-0.917,0.5685899999999999,0.8604600000000004,0.17512966994642754
6,"([0.14, 0.14, 0.39, 0.1, 0.16, 0.07], [3])","([0, 0, 1, 0, 0, 0], [2])",-0.0,-0.0,-0.0,-0.9990000000000001,-0.0,-0.0,-0.9990000000000001,0.5685899999999999,1.2908700000000006,0.17512966994642754
7,"([0.14, 0.14, 0.39, 0.1, 0.16, 0.07], [2])","([0, 0, 1, 0, 0, 0], [2])",-0.0,-0.0,-0.0,-0.0,-0.0,-0.0,0.0,0.5685899999999999,0.7222800000000007,0.17512966994642754
8,"([0.14, 0.14, 0.39, 0.1, 0.16, 0.07], [4])","([0, 0, 1, 0, 0, 0], [2])",-0.0,-0.0,-0.0,-0.0,-0.998,-0.0,-0.998,0.5685899999999999,1.1516900000000008,0.17512966994642754
9,"([0.14, 0.14, 0.39, 0.1, 0.16, 0.07], [4])","([0, 0, 1, 0, 0, 0], [2])",-0.0,-0.0,-0.0,-0.0,-0.998,-0.0,-0.998,0.5685899999999999,1.5811000000000008,0.17512966994642754
10,"([0.14, 0.14, 0.39, 0.1, 0.16, 0.07], [2])","([0, 0, 1, 0, 0, 0], [2])",-0.0,-0.0,-0.0,-0.0,-0.0,-0.0,0.0,0.5685899999999999,1.012510000000001,0.17512966994642754
11,"([0.14, 0.14, 0.39, 0.1, 0.16, 0.07], [1])","([0, 0, 1, 0, 0, 0], [2])",-0.0,-0.917,-0.0,-0.0,-0.0,-0.0,-0.917,0.5685899999999999,1.360920000000001,0.17512966994642754
12,"([0.14, 0.14, 0.39, 0.1, 0.16, 0.07], [2])","([0, 0, 1, 0, 0, 0], [2])",-0.0,-0.0,-0.0,-0.0,-0.0,-0.0,0.0,0.5685899999999999,0.7923300000000011,0.17512966994642754
13,"([0.14, 0.14, 0.39, 0.1, 0.16, 0.07], [0])","([0, 0, 1, 0, 0, 0], [2])",-0.855,-0.0,-0.0,-0.0,-0.0,-0.0,-0.855,0.5685899999999999,1.0787400000000011,0.17512966994642754
14,"([0.14, 0.14, 0.39, 0.1, 0.16, 0.07], [2])","([0, 0, 1, 0, 0, 0], [2])",-0.0,-0.0,-0.0,-0.0,-0.0,-0.0,0.0,0.5685899999999999,0.5101500000000012,0.17512966994642754
15,"([0.14, 0.14, 0.39, 0.1, 0.16, 0.07], [2])","([0, 0, 1, 0, 0, 0], [2])",-0.0,-0.0,-0.0,-0.0,-0.0,-0.0,0.0,0.5685899999999999,-0.058439999999998715,0.17512966994642754
16,"([0.14, 0.14, 0.39, 0.1, 0.16, 0.07], [0])","([0, 0, 1, 0, 0, 0], [2])",-0.855,-0.0,-0.0,-0.0,-0.0,-0.0,-0.855,0.5685899999999999,0.22797000000000134,0.17512966994642754
17,"([0.14, 0.14, 0.39, 0.1, 0.16, 0.07], [2])","([0, 0, 1, 0, 0, 0], [2])",-0.0,-0.0,-0.0,-0.0,-0.0,-0.0,0.0,0.5685899999999999,-0.3406199999999986,0.17512966994642754
18,"([0.14, 0.14, 0.39, 0.1, 0.16, 0.07], [3])","([0, 0, 1, 0, 0, 0], [2])",-0.0,-0.0,-0.0,-0.9990000000000001,-0.0,-0.0,-0.9990000000000001,0.5685899999999999,0.08979000000000159,0.17512966994642754
19,"([0.14, 0.14, 0.39, 0.1, 0.16, 0.07], [4])","([0, 0, 1, 0, 0, 0], [2])",-0.0,-0.0,-0.0,-0.0,-0.998,-0.0,-0.998,0.5685899999999999,0.5192000000000017,0.17512966994642754
20,"([0.14, 0.14, 0.39, 0.1, 0.16, 0.07], [5])","([0, 0, 1, 0, 0, 0], [2])",-0.0,-0.0,-0.0,-0.0,-0.0,-0.823,-0.823,0.5685899999999999,0.7736100000000017,0.17512966994642754
21,"([0.14, 0.14, 0.39, 0.1, 0.16, 0.07], [2])","([0, 0, 1, 0, 0, 0], [2])",-0.0,-0.0,-0.0,-0.0,-0.0,-0.0,0.0,0.5685899999999999,0.20502000000000176,0.17512966994642754
22,"([0.14, 0.14, 0.39, 0.1, 0.16, 0.07], [3])","([0, 0, 1, 0, 0, 0], [2])",-0.0,-0.0,-0.0,-0.9990000000000001,-0.0,-0.0,-0.9990000000000001,0.5685899999999999,0.6354300000000019,0.17512966994642754
23,"([0.14, 0.14, 0.39, 0.1, 0.16, 0.07], [2])","([0, 0, 1, 0, 0, 0], [2])",-0.0,-0.0,-0.0,-0.0,-0.0,-0.0,0.0,0.5685899999999999,0.06684000000000201,0.17512966994642754
24,"([0.14, 0.14, 0.39, 0.1, 0.16, 0.07], [2])","([0, 0, 1, 0, 0, 0], [2])",-0.0,-0.0,-0.0,-0.0,-0.0,-0.0,0.0,0.5685899999999999,-0.5017499999999979,0.17512966994642754
25,"([0.14, 0.14, 0.39, 0.1, 0.16, 0.07], [2])","([0, 0, 1, 0, 0, 0], [2])",-0.0,-0.0,-0.0,-0.0,-0.0,-0.0,0.0,0.5685899999999999,-1.0703399999999978,0.17512966994642754
26,"([0.14, 0.14, 0.39, 0.1, 0.16, 0.07], [1])","([0, 0, 1, 0, 0, 0], [2])",-0.0,-0.917,-0.0,-0.0,-0.0,-0.0,-0.917,0.5685899999999999,-0.7219299999999977,0.17512966994642754
27,"([0.14, 0.14, 0.39, 0.1, 0.16, 0.07], [2])","([0, 0, 1, 0, 0, 0], [2])",-0.0,-0.0,-0.0,-0.0,-0.0,-0.0,0.0,0.5685899999999999,-1.2905199999999977,0.17512966994642754
28,"([0.14, 0.14, 0.39, 0.1, 0.16, 0.07], [0])","([0, 0, 1, 0, 0, 0], [2])",-0.855,-0.0,-0.0,-0.0,-0.0,-0.0,-0.855,0.5685899999999999,-1.0041099999999976,0.17512966994642754
29,"([0.14, 0.14, 0.39, 0.1, 0.16, 0.07], [3])","([0, 0, 1, 0, 0, 0], [2])",-0.0,-0.0,-0.0,-0.9990000000000001,-0.0,-0.0,-0.9990000000000001,0.5685899999999999,-0.5736999999999974,0.17512966994642754
30,"([0.14, 0.14, 0.39, 0.1, 0.16, 0.07], [4])","([0, 0, 1, 0, 0, 0], [2])",-0.0,-0.0,-0.0,-0.0,-0.998,-0.0,-0.998,0.5685899999999999,-0.14428999999999736,0.17512966994642754
31,"([0.14, 0.14, 0.39, 0.1, 0.16, 0.07], [5])","([0, 0, 1, 0, 0, 0], [2])",-0.0,-0.0,-0.0,-0.0,-0.0,-0.823,-0.823,0.5685899999999999,0.11012000000000266,0.17512966994642754
32,"([0.14, 0.14, 0.39, 0.1, 0.16, 0.07], [4])","([0, 0, 1, 0, 0, 0], [2])",-0.0,-0.0,-0.0,-0.0,-0.998,-0.0,-0.998,0.5685899999999999,0.5395300000000027,0.17512966994642754
33,"([0.14, 0.14, 0.39, 0.1, 0.16, 0.07], [1])","([0, 0, 1, 0, 0, 0], [2])",-0.0,-0.917,-0.0,-0.0,-0.0,-0.0,-0.917,0.5685899999999999,0.8879400000000028,0.17512966994642754
34,"([0.14, 0.14, 0.39, 0.1, 0.16, 0.07], [0])","([0, 0, 1, 0, 0, 0], [2])",-0.855,-0.0,-0.0,-0.0,-0.0,-0.0,-0.855,0.5685899999999999,1.174350000000003,0.17512966994642754
35,"([0.14, 0.14, 0.39, 0.1, 0.16, 0.07], [5])","([0, 0, 1, 0, 0, 0], [2])",-0.0,-0.0,-0.0,-0.0,-0.0,-0.823,-0.823,0.5685899999999999,1.428760000000003,0.17512966994642754
36,"([0.14, 0.14, 0.39, 0.1, 0.16, 0.07], [5])","([0, 0, 1, 0, 0, 0], [2])",-0.0,-0.0,-0.0,-0.0,-0.0,-0.823,-0.823,0.5685899999999999,1.683170000000003,0.17512966994642754
37,"([0.14, 0.14, 0.39, 0.1, 0.16, 0.07], [2])","([0, 0, 1, 0, 0, 0], [2])",-0.0,-0.0,-0.0,-0.0,-0.0,-0.0,0.0,0.5685899999999999,1.114580000000003,0.17512966994642754
38,"([0.14, 0.14, 0.39, 0.1, 0.16, 0.07], [2])","([0, 0, 1, 0, 0, 0], [2])",-0.0,-0.0,-0.0,-0.0,-0.0,-0.0,0.0,0.5685899999999999,0.5459900000000031,0.17512966994642754
39,"([0.14, 0.14, 0.39, 0.1, 0.16, 0.07], [1])","([0, 0, 1, 0, 0, 0], [2])",-0.0,-0.917,-0.0,-0.0,-0.0,-0.0,-0.917,0.5685899999999999,0.8944000000000032,0.17512966994642754
40,"([0.14, 0.14, 0.39, 0.1, 0.16, 0.07], [2])","([0, 0, 1, 0, 0, 0], [2])",-0.0,-0.0,-0.0,-0.0,-0.0,-0.0,0.0,0.5685899999999999,0.32581000000000326,0.17512966994642754
41,"([0.14, 0.14, 0.39, 0.1, 0.16, 0.07], [1])","([0, 0, 1, 0, 0, 0], [2])",-0.0,-0.917,-0.0,-0.0,-0.0,-0.0,-0.917,0.5685899999999999,0.6742200000000034,0.17512966994642754
42,"([0.14, 0.14, 0.39, 0.1, 0.16, 0.07], [2])","([0, 0, 1, 0, 0, 0], [2])",-0.0,-0.0,-0.0,-0.0,-0.0,-0.0,0.0,0.5685899999999999,0.10563000000000344,0.17512966994642754
43,"([0.14, 0.14, 0.39, 0.1, 0.16, 0.07], [3])","([0, 0, 1, 0, 0, 0], [2])",-0.0,-0.0,-0.0,-0.9990000000000001,-0.0,-0.0,-0.9990000000000001,0.5685899999999999,0.5360400000000036,0.17512966994642754
44,"([0.14, 0.14, 0.39, 0.1, 0.16, 0.07], [4])","([0, 0, 1, 0, 0, 0], [2])",-0.0,-0.0,-0.0,-0.0,-0.998,-0.0,-0.998,0.5685899999999999,0.9654500000000037,0.17512966994642754
45,"([0.14, 0.14, 0.39, 0.1, 0.16, 0.07], [5])","([0, 0, 1, 0, 0, 0], [2])",-0.0,-0.0,-0.0,-0.0,-0.0,-0.823,-0.823,0.5685899999999999,1.2198600000000037,0.17512966994642754
46,"([0.14, 0.14, 0.39, 0.1, 0.16, 0.07], [3])","([0, 0, 1, 0, 0, 0], [2])",-0.0,-0.0,-0.0,-0.9990000000000001,-0.0,-0.0,-0.9990000000000001,0.5685899999999999,1.650270000000004,0.17512966994642754
47,"([0.14, 0.14, 0.39, 0.1, 0.16, 0.07], [1])","([0, 0, 1, 0, 0, 0], [2])",-0.0,-0.917,-0.0,-0.0,-0.0,-0.0,-0.917,0.5685899999999999,1.998680000000004,0.17512966994642754
48,"([0.14, 0.14, 0.39, 0.1, 0.16, 0.07], [2])","([0, 0, 1, 0, 0, 0], [2])",-0.0,-0.0,-0.0,-0.0,-0.0,-0.0,0.0,0.5685899999999999,1.430090000000004,0.17512966994642754
49,"([0.14, 0.14, 0.39, 0.1, 0.16, 0.07], [3])","([0, 0, 1, 0, 0, 0], [2])",-0.0,-0.0,-0.0,-0.9990000000000001,-0.0,-0.0,-0.9990000000000001,0.5685899999999999,1.8605000000000043,0.17512966994642754
50,"([0.14, 0.14, 0.39, 0.1, 0.16, 0.07], [1])","([0, 0, 1, 0, 0, 0], [2])",-0.0,-0.917,-0.0,-0.0,-0.0,-0.0,-0.917,0.5685899999999999,2.2089100000000044,0.17512966994642754
51,"([0.14, 0.14, 0.39, 0.1, 0.16, 0.07], [2])","([0, 0, 1, 0, 0, 0], [2])",-0.0,-0.0,-0.0,-0.0,-0.0,-0.0,0.0,0.5685899999999999,1.6403200000000044,0.17512966994642754
52,"([0.14, 0.14, 0.39, 0.1, 0.16, 0.07], [3])","([0, 0, 1, 0, 0, 0], [2])",-0.0,-0.0,-0.0,-0.9990000000000001,-0.0,-0.0,-0.9990000000000001,0.5685899999999999,2.0707300000000046,0.17512966994642754
53,"([0.14, 0.14, 0.39, 0.1, 0.16, 0.07], [1])","([0, 0, 1, 0, 0, 0], [2])",-0.0,-0.917,-0.0,-0.0,-0.0,-0.0,-0.917,0.5685899999999999,2.419140000000005,0.17512966994642754
54,"([0.14, 0.14, 0.39, 0.1, 0.16, 0.07], [2])","([0, 0, 1, 0, 0, 0], [2])",-0.0,-0.0,-0.0,-0.0,-0.0,-0.0,0.0,0.5685899999999999,1.850550000000005,0.17512966994642754
55,"([0.14, 0.14, 0.39, 0.1, 0.16, 0.07], [0])","([0, 0, 1, 0, 0, 0], [2])",-0.855,-0.0,-0.0,-0.0,-0.0,-0.0,-0.855,0.5685899999999999,2.136960000000005,0.17512966994642754
56,"([0.14, 0.14, 0.39, 0.1, 0.16, 0.07], [2])","([0, 0, 1, 0, 0, 0], [2])",-0.0,-0.0,-0.0,-0.0,-0.0,-0.0,0.0,0.5685899999999999,1.5683700000000051,0.17512966994642754
57,"([0.14, 0.14, 0.39, 0.1, 0.16, 0.07], [2])","([0, 0, 1, 0, 0, 0], [2])",-0.0,-0.0,-0.0,-0.0,-0.0,-0.0,0.0,0.5685899999999999,0.9997800000000052,0.17512966994642754
58,"([0.14, 0.14, 0.39, 0.1, 0.16, 0.07], [4])","([0, 0, 1, 0, 0, 0], [2])",-0.0,-0.0,-0.0,-0.0,-0.998,-0.0,-0.998,0.5685899999999999,1.4291900000000053,0.17512966994642754
59,"([0.14, 0.14, 0.39, 0.1, 0.16, 0.07], [2])","([0, 0, 1, 0, 0, 0], [2])",-0.0,-0.0,-0.0,-0.0,-0.0,-0.0,0.0,0.5685899999999999,0.8606000000000054,0.17512966994642754
60,"([0.14, 0.14, 0.39, 0.1, 0.16, 0.07], [2])","([0, 0, 1, 0, 0, 0], [2])",-0.0,-0.0,-0.0,-0.0,-0.0,-0.0,0.0,0.5685899999999999,0.29201000000000543,0.17512966994642754
61,"([0.14, 0.14, 0.39, 0.1, 0.16, 0.07], [2])","([0, 0, 1, 0, 0, 0], [2])",-0.0,-0.0,-0.0,-0.0,-0.0,-0.0,0.0,0.5685899999999999,-0.2765799999999945,0.17512966994642754
62,"([0.14, 0.14, 0.39, 0.1, 0.16, 0.07], [1])","([0, 0, 1, 0, 0, 0], [2])",-0.0,-0.917,-0.0,-0.0,-0.0,-0.0,-0.917,0.5685899999999999,0.07183000000000561,0.17512966994642754
63,"([0.14, 0.14, 0.39, 0.1, 0.16, 0.07], [4])","([0, 0, 1, 0, 0, 0], [2])",-0.0,-0.0,-0.0,-0.0,-0.998,-0.0,-0.998,0.5685899999999999,0.5012400000000057,0.17512966994642754
64,"([0.14, 0.14, 0.39, 0.1, 0.16, 0.07], [2])","([0, 0, 1, 0, 0, 0], [2])",-0.0,-0.0,-0.0,-0.0,-0.0,-0.0,0.0,0.5685899999999999,-0.06734999999999425,0.17512966994642754
65,"([0.14, 0.14, 0.39, 0.1, 0.16, 0.07], [0])","([0, 0, 1, 0, 0, 0], [2])",-0.855,-0.0,-0.0,-0.0,-0.0,-0.0,-0.855,0.5685899999999999,0.2190600000000058,0.17512966994642754
66,"([0.14, 0.14, 0.39, 0.1, 0.16, 0.07], [1])","([0, 0, 1, 0, 0, 0], [2])",-0.0,-0.917,-0.0,-0.0,-0.0,-0.0,-0.917,0.5685899999999999,0.5674700000000059,0.17512966994642754
67,"([0.14, 0.14, 0.39, 0.1, 0.16, 0.07], [2])","([0, 0, 1, 0, 0, 0], [2])",-0.0,-0.0,-0.0,-0.0,-0.0,-0.0,0.0,0.5685899999999999,-0.0011199999999940147,0.17512966994642754
68,"([0.14, 0.14, 0.39, 0.1, 0.16, 0.07], [0])","([0, 0, 1, 0, 0, 0], [2])",-0.855,-0.0,-0.0,-0.0,-0.0,-0.0,-0.855,0.5685899999999999,0.28529000000000604,0.17512966994642754
69,"([0.14, 0.14, 0.39, 0.1, 0.16, 0.07], [1])","([0, 0, 1, 0, 0, 0], [2])",-0.0,-0.917,-0.0,-0.0,-0.0,-0.0,-0.917,0.5685899999999999,0.6337000000000061,0.17512966994642754
70,"([0.14, 0.14, 0.39, 0.1, 0.16, 0.07], [4])","([0, 0, 1, 0, 0, 0], [2])",-0.0,-0.0,-0.0,-0.0,-0.998,-0.0,-0.998,0.5685899999999999,1.0631100000000062,0.17512966994642754
71,"([0.14, 0.14, 0.39, 0.1, 0.16, 0.07], [3])","([0, 0, 1, 0, 0, 0], [2])",-0.0,-0.0,-0.0,-0.9990000000000001,-0.0,-0.0,-0.9990000000000001,0.5685899999999999,1.4935200000000064,0.17512966994642754
72,"([0.14, 0.14, 0.39, 0.1, 0.16, 0.07], [3])","([0, 0, 1, 0, 0, 0], [2])",-0.0,-0.0,-0.0,-0.9990000000000001,-0.0,-0.0,-0.9990000000000001,0.5685899999999999,1.9239300000000066,0.17512966994642754
73,"([0.14, 0.14, 0.39, 0.1, 0.16, 0.07], [0])","([0, 0, 1, 0, 0, 0], [2])",-0.855,-0.0,-0.0,-0.0,-0.0,-0.0,-0.855,0.5685899999999999,2.2103400000000066,0.17512966994642754
74,"([0.14, 0.14, 0.39, 0.1, 0.16, 0.07], [5])","([0, 0, 1, 0, 0, 0], [2])",-0.0,-0.0,-0.0,-0.0,-0.0,-0.823,-0.823,0.5685899999999999,2.4647500000000067,0.17512966994642754
75,"([0.14, 0.14, 0.39, 0.1, 0.16, 0.07], [2])","([0, 0, 1, 0, 0, 0], [2])",-0.0,-0.0,-0.0,-0.0,-0.0,-0.0,0.0,0.5685899999999999,1.8961600000000067,0.17512966994642754
76,"([0.14, 0.14, 0.39, 0.1, 0.16, 0.07], [2])","([0, 0, 1, 0, 0, 0], [2])",-0.0,-0.0,-0.0,-0.0,-0.0,-0.0,0.0,0.5685899999999999,1.3275700000000068,0.17512966994642754
77,"([0.14, 0.14, 0.39, 0.1, 0.16, 0.07], [2])","([0, 0, 1, 0, 0, 0], [2])",-0.0,-0.0,-0.0,-0.0,-0.0,-0.0,0.0,0.5685899999999999,0.7589800000000069,0.17512966994642754
78,"([0.14, 0.14, 0.39, 0.1, 0.16, 0.07], [2])","([0, 0, 1, 0, 0, 0], [2])",-0.0,-0.0,-0.0,-0.0,-0.0,-0.0,0.0,0.5685899999999999,0.19039000000000694,0.17512966994642754
79,"([0.14, 0.14, 0.39, 0.1, 0.16, 0.07], [2])","([0, 0, 1, 0, 0, 0], [2])",-0.0,-0.0,-0.0,-0.0,-0.0,-0.0,0.0,0.5685899999999999,-0.378199999999993,0.17512966994642754
80,"([0.14, 0.14, 0.39, 0.1, 0.16, 0.07], [4])","([0, 0, 1, 0, 0, 0], [2])",-0.0,-0.0,-0.0,-0.0,-0.998,-0.0,-0.998,0.5685899999999999,0.05121000000000708,0.17512966994642754
81,"([0.14, 0.14, 0.39, 0.1, 0.16, 0.07], [2])","([0, 0, 1, 0, 0, 0], [2])",-0.0,-0.0,-0.0,-0.0,-0.0,-0.0,0.0,0.5685899999999999,-0.5173799999999928,0.17512966994642754
82,"([0.14, 0.14, 0.39, 0.1, 0.16, 0.07], [1])","([0, 0, 1, 0, 0, 0], [2])",-0.0,-0.917,-0.0,-0.0,-0.0,-0.0,-0.917,0.5685899999999999,-0.16896999999999274,0.17512966994642754
83,"([0.14, 0.14, 0.39, 0.1, 0.16, 0.07], [3])","([0, 0, 1, 0, 0, 0], [2])",-0.0,-0.0,-0.0,-0.9990000000000001,-0.0,-0.0,-0.9990000000000001,0.5685899999999999,0.26144000000000744,0.17512966994642754
84,"([0.14, 0.14, 0.39, 0.1, 0.16, 0.07], [2])","([0, 0, 1, 0, 0, 0], [2])",-0.0,-0.0,-0.0,-0.0,-0.0,-0.0,0.0,0.5685899999999999,-0.3071499999999925,0.17512966994642754
85,"([0.14, 0.14, 0.39, 0.1, 0.16, 0.07], [0])","([0, 0, 1, 0, 0, 0], [2])",-0.855,-0.0,-0.0,-0.0,-0.0,-0.0,-0.855,0.5685899999999999,-0.02073999999999243,0.17512966994642754
86,"([0.14, 0.14, 0.39, 0.1, 0.16, 0.07], [2])","([0, 0, 1, 0, 0, 0], [2])",-0.0,-0.0,-0.0,-0.0,-0.0,-0.0,0.0,0.5685899999999999,-0.5893299999999924,0.17512966994642754
87,"([0.14, 0.14, 0.39, 0.1, 0.16, 0.07], [1])","([0, 0, 1, 0, 0, 0], [2])",-0.0,-0.917,-0.0,-0.0,-0.0,-0.0,-0.917,0.5685899999999999,-0.24091999999999225,0.17512966994642754
88,"([0.14, 0.14, 0.39, 0.1, 0.16, 0.07], [0])","([0, 0, 1, 0, 0, 0], [2])",-0.855,-0.0,-0.0,-0.0,-0.0,-0.0,-0.855,0.5685899999999999,0.0454900000000078,0.17512966994642754
89,"([0.14, 0.14, 0.39, 0.1, 0.16, 0.07], [2])","([0, 0, 1, 0, 0, 0], [2])",-0.0,-0.0,-0.0,-0.0,-0.0,-0.0,0.0,0.5685899999999999,-0.5230999999999921,0.17512966994642754
90,"([0.14, 0.14, 0.39, 0.1, 0.16, 0.07], [4])","([0, 0, 1, 0, 0, 0], [2])",-0.0,-0.0,-0.0,-0.0,-0.998,-0.0,-0.998,0.5685899999999999,-0.09368999999999206,0.17512966994642754
91,"([0.14, 0.14, 0.39, 0.1, 0.16, 0.07], [3])","([0, 0, 1, 0, 0, 0], [2])",-0.0,-0.0,-0.0,-0.9990000000000001,-0.0,-0.0,-0.9990000000000001,0.5685899999999999,0.3367200000000081,0.17512966994642754
92,"([0.14, 0.14, 0.39, 0.1, 0.16, 0.07], [3])","([0, 0, 1, 0, 0, 0], [2])",-0.0,-0.0,-0.0,-0.9990000000000001,-0.0,-0.0,-0.9990000000000001,0.5685899999999999,0.7671300000000083,0.17512966994642754
93,"([0.14, 0.14, 0.39, 0.1, 0.16, 0.07], [2])","([0, 0, 1, 0, 0, 0], [2])",-0.0,-0.0,-0.0,-0.0,-0.0,-0.0,0.0,0.5685899999999999,0.19854000000000838,0.17512966994642754
94,"([0.14, 0.14, 0.39, 0.1, 0.16, 0.07], [0])","([0, 0, 1, 0, 0, 0], [2])",-0.855,-0.0,-0.0,-0.0,-0.0,-0.0,-0.855,0.5685899999999999,0.48495000000000843,0.17512966994642754
95,"([0.14, 0.14, 0.39, 0.1, 0.16, 0.07], [4])","([0, 0, 1, 0, 0, 0], [2])",-0.0,-0.0,-0.0,-0.0,-0.998,-0.0,-0.998,0.5685899999999999,0.9143600000000085,0.17512966994642754
96,"([0.14, 0.14, 0.39, 0.1, 0.16, 0.07], [2])","([0, 0, 1, 0, 0, 0], [2])",-0.0,-0.0,-0.0,-0.0,-0.0,-0.0,0.0,0.5685899999999999,0.34577000000000857,0.17512966994642754
97,"([0.14, 0.14, 0.39, 0.1, 0.16, 0.07], [5])","([0, 0, 1, 0, 0, 0], [2])",-0.0,-0.0,-0.0,-0.0,-0.0,-0.823,-0.823,0.5685899999999999,0.6001800000000086,0.17512966994642754
98,"([0.14, 0.14, 0.39, 0.1, 0.16, 0.07], [4])","([0, 0, 1, 0, 0, 0], [2])",-0.0,-0.0,-0.0,-0.0,-0.998,-0.0,-0.998,0.5685899999999999,1.0295900000000087,0.17512966994642754
99,"([0.14, 0.14, 0.39, 0.1, 0.16, 0.07], [1])","([0, 0, 1, 0, 0, 0], [2])",-0.0,-0.917,-0.0,-0.0,-0.0,-0.0,-0.917,0.5685899999999999,1.3780000000000088,0.17512966994642754
