,sto-1,FB-0,feedback target 0,feedback target 1,feedback target 2,feedback target 3,feedback target 4,feedback target 5,total,exp_loss,actual_regret,exp_regret
0,"([0.05, 0.5, 0.09, 0.14, 0.23, 0.0], [1])","([0, 0, 0, 0, 1, 0], [4])",-0.0,-0.713,-0.0,-0.0,-0.0,-0.0,-0.713,0.5568248248248249,0.3278588588588588,0.1716836836836837
1,"([0.05, 0.5, 0.09, 0.14, 0.23, 0.0], [1])","([0, 1, 0, 0, 0, 0], [1])",-0.0,-0.0,-0.0,-0.0,-0.0,-0.0,0.0,0.3851411411411412,-0.05728228228228238,0.1716836836836837
2,"([0.05, 0.5, 0.09, 0.14, 0.23, 0.0], [2])","([0, 1, 0, 0, 0, 0], [1])",-0.0,-0.0,-0.7390000000000001,-0.0,-0.0,-0.0,-0.7390000000000001,0.3851411411411412,0.29657657657657654,0.1716836836836837
3,"([0.05, 0.5, 0.09, 0.14, 0.23, 0.0], [4])","([0, 1, 0, 0, 0, 0], [1])",-0.0,-0.0,-0.0,-0.0,-0.8190000000000001,-0.0,-0.8190000000000001,0.3851411411411412,0.7304354354354354,0.1716836836836837
4,"([0.05, 0.5, 0.09, 0.14, 0.23, 0.0], [2])","([0, 1, 0, 0, 0, 0], [1])",-0.0,-0.0,-0.7390000000000001,-0.0,-0.0,-0.0,-0.7390000000000001,0.3851411411411412,1.0842942942942944,0.1716836836836837
5,"([0.05, 0.5, 0.09, 0.14, 0.23, 0.0], [1])","([0, 1, 0, 0, 0, 0], [1])",-0.0,-0.0,-0.0,-0.0,-0.0,-0.0,0.0,0.3851411411411412,0.6991531531531532,0.1716836836836837
6,"([0.05, 0.5, 0.09, 0.14, 0.23, 0.0], [4])","([0, 1, 0, 0, 0, 0], [1])",-0.0,-0.0,-0.0,-0.0,-0.8190000000000001,-0.0,-0.8190000000000001,0.3851411411411412,1.1330120120120122,0.1716836836836837
7,"([0.05, 0.5, 0.09, 0.14, 0.23, 0.0], [4])","([0, 1, 0, 0, 0, 0], [1])",-0.0,-0.0,-0.0,-0.0,-0.8190000000000001,-0.0,-0.8190000000000001,0.3851411411411412,1.5668708708708712,0.1716836836836837
8,"([0.05, 0.5, 0.09, 0.14, 0.23, 0.0], [0])","([0, 1, 0, 0, 0, 0], [1])",-0.747,-0.0,-0.0,-0.0,-0.0,-0.0,-0.747,0.3851411411411412,1.9287297297297301,0.1716836836836837
9,"([0.05, 0.5, 0.09, 0.14, 0.23, 0.0], [1])","([0, 1, 0, 0, 0, 0], [1])",-0.0,-0.0,-0.0,-0.0,-0.0,-0.0,0.0,0.3851411411411412,1.543588588588589,0.1716836836836837
10,"([0.05, 0.5, 0.09, 0.14, 0.23, 0.0], [1])","([0, 1, 0, 0, 0, 0], [1])",-0.0,-0.0,-0.0,-0.0,-0.0,-0.0,0.0,0.3851411411411412,1.1584474474474478,0.1716836836836837
11,"([0.05, 0.5, 0.09, 0.14, 0.23, 0.0], [1])","([0, 1, 0, 0, 0, 0], [1])",-0.0,-0.0,-0.0,-0.0,-0.0,-0.0,0.0,0.3851411411411412,0.7733063063063066,0.1716836836836837
12,"([0.05, 0.5, 0.09, 0.14, 0.23, 0.0], [1])","([0, 1, 0, 0, 0, 0], [1])",-0.0,-0.0,-0.0,-0.0,-0.0,-0.0,0.0,0.3851411411411412,0.3881651651651654,0.1716836836836837
13,"([0.05, 0.5, 0.09, 0.14, 0.23, 0.0], [3])","([0, 1, 0, 0, 0, 0], [1])",-0.0,-0.0,-0.0,-0.7170000000000001,-0.0,-0.0,-0.7170000000000001,0.3851411411411412,0.7200240240240243,0.1716836836836837
14,"([0.05, 0.5, 0.09, 0.14, 0.23, 0.0], [1])","([0, 1, 0, 0, 0, 0], [1])",-0.0,-0.0,-0.0,-0.0,-0.0,-0.0,0.0,0.3851411411411412,0.33488288288288315,0.1716836836836837
15,"([0.05, 0.5, 0.09, 0.14, 0.23, 0.0], [0])","([0, 1, 0, 0, 0, 0], [1])",-0.747,-0.0,-0.0,-0.0,-0.0,-0.0,-0.747,0.3851411411411412,0.696741741741742,0.1716836836836837
16,"([0.05, 0.5, 0.09, 0.14, 0.23, 0.0], [1])","([0, 1, 0, 0, 0, 0], [1])",-0.0,-0.0,-0.0,-0.0,-0.0,-0.0,0.0,0.3851411411411412,0.3116006006006008,0.1716836836836837
17,"([0.05, 0.5, 0.09, 0.14, 0.23, 0.0], [2])","([0, 1, 0, 0, 0, 0], [1])",-0.0,-0.0,-0.7390000000000001,-0.0,-0.0,-0.0,-0.7390000000000001,0.3851411411411412,0.6654594594594597,0.1716836836836837
18,"([0.05, 0.5, 0.09, 0.14, 0.23, 0.0], [1])","([0, 1, 0, 0, 0, 0], [1])",-0.0,-0.0,-0.0,-0.0,-0.0,-0.0,0.0,0.3851411411411412,0.28031831831831855,0.1716836836836837
19,"([0.05, 0.5, 0.09, 0.14, 0.23, 0.0], [1])","([0, 1, 0, 0, 0, 0], [1])",-0.0,-0.0,-0.0,-0.0,-0.0,-0.0,0.0,0.3851411411411412,-0.10482282282282263,0.1716836836836837
20,"([0.05, 0.5, 0.09, 0.14, 0.23, 0.0], [1])","([0, 1, 0, 0, 0, 0], [1])",-0.0,-0.0,-0.0,-0.0,-0.0,-0.0,0.0,0.3851411411411412,-0.4899639639639638,0.1716836836836837
21,"([0.05, 0.5, 0.09, 0.14, 0.23, 0.0], [1])","([0, 1, 0, 0, 0, 0], [1])",-0.0,-0.0,-0.0,-0.0,-0.0,-0.0,0.0,0.3851411411411412,-0.875105105105105,0.1716836836836837
22,"([0.05, 0.5, 0.09, 0.14, 0.23, 0.0], [1])","([0, 1, 0, 0, 0, 0], [1])",-0.0,-0.0,-0.0,-0.0,-0.0,-0.0,0.0,0.3851411411411412,-1.260246246246246,0.1716836836836837
23,"([0.05, 0.5, 0.09, 0.14, 0.23, 0.0], [3])","([0, 1, 0, 0, 0, 0], [1])",-0.0,-0.0,-0.0,-0.7170000000000001,-0.0,-0.0,-0.7170000000000001,0.3851411411411412,-0.9283873873873871,0.1716836836836837
24,"([0.05, 0.5, 0.09, 0.14, 0.23, 0.0], [1])","([0, 1, 0, 0, 0, 0], [1])",-0.0,-0.0,-0.0,-0.0,-0.0,-0.0,0.0,0.3851411411411412,-1.3135285285285283,0.1716836836836837
25,"([0.05, 0.5, 0.09, 0.14, 0.23, 0.0], [1])","([0, 1, 0, 0, 0, 0], [1])",-0.0,-0.0,-0.0,-0.0,-0.0,-0.0,0.0,0.3851411411411412,-1.6986696696696695,0.1716836836836837
26,"([0.05, 0.5, 0.09, 0.14, 0.23, 0.0], [1])","([0, 1, 0, 0, 0, 0], [1])",-0.0,-0.0,-0.0,-0.0,-0.0,-0.0,0.0,0.3851411411411412,-2.0838108108108107,0.1716836836836837
27,"([0.05, 0.5, 0.09, 0.14, 0.23, 0.0], [1])","([0, 1, 0, 0, 0, 0], [1])",-0.0,-0.0,-0.0,-0.0,-0.0,-0.0,0.0,0.3851411411411412,-2.4689519519519516,0.1716836836836837
28,"([0.05, 0.5, 0.09, 0.14, 0.23, 0.0], [3])","([0, 1, 0, 0, 0, 0], [1])",-0.0,-0.0,-0.0,-0.7170000000000001,-0.0,-0.0,-0.7170000000000001,0.3851411411411412,-2.1370930930930925,0.1716836836836837
29,"([0.05, 0.5, 0.09, 0.14, 0.23, 0.0], [1])","([0, 1, 0, 0, 0, 0], [1])",-0.0,-0.0,-0.0,-0.0,-0.0,-0.0,0.0,0.3851411411411412,-2.522234234234234,0.1716836836836837
30,"([0.05, 0.5, 0.09, 0.14, 0.23, 0.0], [1])","([0, 1, 0, 0, 0, 0], [1])",-0.0,-0.0,-0.0,-0.0,-0.0,-0.0,0.0,0.3851411411411412,-2.9073753753753753,0.1716836836836837
31,"([0.05, 0.5, 0.09, 0.14, 0.23, 0.0], [1])","([0, 1, 0, 0, 0, 0], [1])",-0.0,-0.0,-0.0,-0.0,-0.0,-0.0,0.0,0.3851411411411412,-3.2925165165165167,0.1716836836836837
32,"([0.05, 0.5, 0.09, 0.14, 0.23, 0.0], [2])","([0, 1, 0, 0, 0, 0], [1])",-0.0,-0.0,-0.7390000000000001,-0.0,-0.0,-0.0,-0.7390000000000001,0.3851411411411412,-2.9386576576576577,0.1716836836836837
33,"([0.05, 0.5, 0.09, 0.14, 0.23, 0.0], [4])","([0, 1, 0, 0, 0, 0], [1])",-0.0,-0.0,-0.0,-0.0,-0.8190000000000001,-0.0,-0.8190000000000001,0.3851411411411412,-2.5047987987987987,0.1716836836836837
34,"([0.05, 0.5, 0.09, 0.14, 0.23, 0.0], [1])","([0, 1, 0, 0, 0, 0], [1])",-0.0,-0.0,-0.0,-0.0,-0.0,-0.0,0.0,0.3851411411411412,-2.88993993993994,0.1716836836836837
35,"([0.05, 0.5, 0.09, 0.14, 0.23, 0.0], [3])","([0, 1, 0, 0, 0, 0], [1])",-0.0,-0.0,-0.0,-0.7170000000000001,-0.0,-0.0,-0.7170000000000001,0.3851411411411412,-2.558081081081081,0.1716836836836837
36,"([0.05, 0.5, 0.09, 0.14, 0.23, 0.0], [4])","([0, 1, 0, 0, 0, 0], [1])",-0.0,-0.0,-0.0,-0.0,-0.8190000000000001,-0.0,-0.8190000000000001,0.3851411411411412,-2.124222222222222,0.1716836836836837
37,"([0.05, 0.5, 0.09, 0.14, 0.23, 0.0], [0])","([0, 1, 0, 0, 0, 0], [1])",-0.747,-0.0,-0.0,-0.0,-0.0,-0.0,-0.747,0.3851411411411412,-1.762363363363363,0.1716836836836837
38,"([0.05, 0.5, 0.09, 0.14, 0.23, 0.0], [1])","([0, 1, 0, 0, 0, 0], [1])",-0.0,-0.0,-0.0,-0.0,-0.0,-0.0,0.0,0.3851411411411412,-2.1475045045045045,0.1716836836836837
39,"([0.05, 0.5, 0.09, 0.14, 0.23, 0.0], [2])","([0, 1, 0, 0, 0, 0], [1])",-0.0,-0.0,-0.7390000000000001,-0.0,-0.0,-0.0,-0.7390000000000001,0.3851411411411412,-1.7936456456456455,0.1716836836836837
40,"([0.05, 0.5, 0.09, 0.14, 0.23, 0.0], [4])","([0, 1, 0, 0, 0, 0], [1])",-0.0,-0.0,-0.0,-0.0,-0.8190000000000001,-0.0,-0.8190000000000001,0.3851411411411412,-1.3597867867867865,0.1716836836836837
41,"([0.05, 0.5, 0.09, 0.14, 0.23, 0.0], [2])","([0, 1, 0, 0, 0, 0], [1])",-0.0,-0.0,-0.7390000000000001,-0.0,-0.0,-0.0,-0.7390000000000001,0.3851411411411412,-1.0059279279279276,0.1716836836836837
42,"([0.05, 0.5, 0.09, 0.14, 0.23, 0.0], [3])","([0, 1, 0, 0, 0, 0], [1])",-0.0,-0.0,-0.0,-0.7170000000000001,-0.0,-0.0,-0.7170000000000001,0.3851411411411412,-0.6740690690690687,0.1716836836836837
43,"([0.05, 0.5, 0.09, 0.14, 0.23, 0.0], [2])","([0, 1, 0, 0, 0, 0], [1])",-0.0,-0.0,-0.7390000000000001,-0.0,-0.0,-0.0,-0.7390000000000001,0.3851411411411412,-0.3202102102102098,0.1716836836836837
44,"([0.05, 0.5, 0.09, 0.14, 0.23, 0.0], [1])","([0, 1, 0, 0, 0, 0], [1])",-0.0,-0.0,-0.0,-0.0,-0.0,-0.0,0.0,0.3851411411411412,-0.705351351351351,0.1716836836836837
45,"([0.05, 0.5, 0.09, 0.14, 0.23, 0.0], [1])","([0, 1, 0, 0, 0, 0], [1])",-0.0,-0.0,-0.0,-0.0,-0.0,-0.0,0.0,0.3851411411411412,-1.0904924924924921,0.1716836836836837
46,"([0.05, 0.5, 0.09, 0.14, 0.23, 0.0], [0])","([0, 1, 0, 0, 0, 0], [1])",-0.747,-0.0,-0.0,-0.0,-0.0,-0.0,-0.747,0.3851411411411412,-0.7286336336336333,0.1716836836836837
47,"([0.05, 0.5, 0.09, 0.14, 0.23, 0.0], [4])","([0, 1, 0, 0, 0, 0], [1])",-0.0,-0.0,-0.0,-0.0,-0.8190000000000001,-0.0,-0.8190000000000001,0.3851411411411412,-0.29477477477477443,0.1716836836836837
48,"([0.05, 0.5, 0.09, 0.14, 0.23, 0.0], [1])","([0, 1, 0, 0, 0, 0], [1])",-0.0,-0.0,-0.0,-0.0,-0.0,-0.0,0.0,0.3851411411411412,-0.6799159159159156,0.1716836836836837
49,"([0.05, 0.5, 0.09, 0.14, 0.23, 0.0], [1])","([0, 1, 0, 0, 0, 0], [1])",-0.0,-0.0,-0.0,-0.0,-0.0,-0.0,0.0,0.3851411411411412,-1.0650570570570568,0.1716836836836837
50,"([0.05, 0.5, 0.09, 0.14, 0.23, 0.0], [3])","([0, 1, 0, 0, 0, 0], [1])",-0.0,-0.0,-0.0,-0.7170000000000001,-0.0,-0.0,-0.7170000000000001,0.3851411411411412,-0.7331981981981979,0.1716836836836837
51,"([0.05, 0.5, 0.09, 0.14, 0.23, 0.0], [1])","([0, 1, 0, 0, 0, 0], [1])",-0.0,-0.0,-0.0,-0.0,-0.0,-0.0,0.0,0.3851411411411412,-1.118339339339339,0.1716836836836837
52,"([0.05, 0.5, 0.09, 0.14, 0.23, 0.0], [0])","([0, 1, 0, 0, 0, 0], [1])",-0.747,-0.0,-0.0,-0.0,-0.0,-0.0,-0.747,0.3851411411411412,-0.7564804804804802,0.1716836836836837
53,"([0.05, 0.5, 0.09, 0.14, 0.23, 0.0], [4])","([0, 1, 0, 0, 0, 0], [1])",-0.0,-0.0,-0.0,-0.0,-0.8190000000000001,-0.0,-0.8190000000000001,0.3851411411411412,-0.32262162162162134,0.1716836836836837
54,"([0.05, 0.5, 0.09, 0.14, 0.23, 0.0], [0])","([0, 1, 0, 0, 0, 0], [1])",-0.747,-0.0,-0.0,-0.0,-0.0,-0.0,-0.747,0.3851411411411412,0.03923723723723749,0.1716836836836837
55,"([0.05, 0.5, 0.09, 0.14, 0.23, 0.0], [1])","([0, 1, 0, 0, 0, 0], [1])",-0.0,-0.0,-0.0,-0.0,-0.0,-0.0,0.0,0.3851411411411412,-0.3459039039039037,0.1716836836836837
56,"([0.05, 0.5, 0.09, 0.14, 0.23, 0.0], [4])","([0, 1, 0, 0, 0, 0], [1])",-0.0,-0.0,-0.0,-0.0,-0.8190000000000001,-0.0,-0.8190000000000001,0.3851411411411412,0.0879549549549552,0.1716836836836837
57,"([0.05, 0.5, 0.09, 0.14, 0.23, 0.0], [1])","([0, 1, 0, 0, 0, 0], [1])",-0.0,-0.0,-0.0,-0.0,-0.0,-0.0,0.0,0.3851411411411412,-0.297186186186186,0.1716836836836837
58,"([0.05, 0.5, 0.09, 0.14, 0.23, 0.0], [2])","([0, 1, 0, 0, 0, 0], [1])",-0.0,-0.0,-0.7390000000000001,-0.0,-0.0,-0.0,-0.7390000000000001,0.3851411411411412,0.05667267267267295,0.1716836836836837
59,"([0.05, 0.5, 0.09, 0.14, 0.23, 0.0], [1])","([0, 1, 0, 0, 0, 0], [1])",-0.0,-0.0,-0.0,-0.0,-0.0,-0.0,0.0,0.3851411411411412,-0.3284684684684682,0.1716836836836837
60,"([0.05, 0.5, 0.09, 0.14, 0.23, 0.0], [4])","([0, 1, 0, 0, 0, 0], [1])",-0.0,-0.0,-0.0,-0.0,-0.8190000000000001,-0.0,-0.8190000000000001,0.3851411411411412,0.10539039039039066,0.1716836836836837
61,"([0.05, 0.5, 0.09, 0.14, 0.23, 0.0], [2])","([0, 1, 0, 0, 0, 0], [1])",-0.0,-0.0,-0.7390000000000001,-0.0,-0.0,-0.0,-0.7390000000000001,0.3851411411411412,0.4592492492492496,0.1716836836836837
62,"([0.05, 0.5, 0.09, 0.14, 0.23, 0.0], [1])","([0, 1, 0, 0, 0, 0], [1])",-0.0,-0.0,-0.0,-0.0,-0.0,-0.0,0.0,0.3851411411411412,0.07410810810810842,0.1716836836836837
63,"([0.05, 0.5, 0.09, 0.14, 0.23, 0.0], [1])","([0, 1, 0, 0, 0, 0], [1])",-0.0,-0.0,-0.0,-0.0,-0.0,-0.0,0.0,0.3851411411411412,-0.31103303303303276,0.1716836836836837
64,"([0.05, 0.5, 0.09, 0.14, 0.23, 0.0], [3])","([0, 1, 0, 0, 0, 0], [1])",-0.0,-0.0,-0.0,-0.7170000000000001,-0.0,-0.0,-0.7170000000000001,0.3851411411411412,0.02082582582582615,0.1716836836836837
65,"([0.05, 0.5, 0.09, 0.14, 0.23, 0.0], [1])","([0, 1, 0, 0, 0, 0], [1])",-0.0,-0.0,-0.0,-0.0,-0.0,-0.0,0.0,0.3851411411411412,-0.364315315315315,0.1716836836836837
66,"([0.05, 0.5, 0.09, 0.14, 0.23, 0.0], [1])","([0, 1, 0, 0, 0, 0], [1])",-0.0,-0.0,-0.0,-0.0,-0.0,-0.0,0.0,0.3851411411411412,-0.7494564564564562,0.1716836836836837
67,"([0.05, 0.5, 0.09, 0.14, 0.23, 0.0], [4])","([0, 1, 0, 0, 0, 0], [1])",-0.0,-0.0,-0.0,-0.0,-0.8190000000000001,-0.0,-0.8190000000000001,0.3851411411411412,-0.3155975975975973,0.1716836836836837
68,"([0.05, 0.5, 0.09, 0.14, 0.23, 0.0], [2])","([0, 1, 0, 0, 0, 0], [1])",-0.0,-0.0,-0.7390000000000001,-0.0,-0.0,-0.0,-0.7390000000000001,0.3851411411411412,0.038261261261261614,0.1716836836836837
69,"([0.05, 0.5, 0.09, 0.14, 0.23, 0.0], [2])","([0, 1, 0, 0, 0, 0], [1])",-0.0,-0.0,-0.7390000000000001,-0.0,-0.0,-0.0,-0.7390000000000001,0.3851411411411412,0.39212012012012054,0.1716836836836837
70,"([0.05, 0.5, 0.09, 0.14, 0.23, 0.0], [4])","([0, 1, 0, 0, 0, 0], [1])",-0.0,-0.0,-0.0,-0.0,-0.8190000000000001,-0.0,-0.8190000000000001,0.3851411411411412,0.8259789789789794,0.1716836836836837
71,"([0.05, 0.5, 0.09, 0.14, 0.23, 0.0], [0])","([0, 1, 0, 0, 0, 0], [1])",-0.747,-0.0,-0.0,-0.0,-0.0,-0.0,-0.747,0.3851411411411412,1.1878378378378383,0.1716836836836837
72,"([0.05, 0.5, 0.09, 0.14, 0.23, 0.0], [1])","([0, 1, 0, 0, 0, 0], [1])",-0.0,-0.0,-0.0,-0.0,-0.0,-0.0,0.0,0.3851411411411412,0.8026966966966971,0.1716836836836837
73,"([0.05, 0.5, 0.09, 0.14, 0.23, 0.0], [4])","([0, 1, 0, 0, 0, 0], [1])",-0.0,-0.0,-0.0,-0.0,-0.8190000000000001,-0.0,-0.8190000000000001,0.3851411411411412,1.2365555555555559,0.1716836836836837
74,"([0.05, 0.5, 0.09, 0.14, 0.23, 0.0], [1])","([0, 1, 0, 0, 0, 0], [1])",-0.0,-0.0,-0.0,-0.0,-0.0,-0.0,0.0,0.3851411411411412,0.8514144144144147,0.1716836836836837
75,"([0.05, 0.5, 0.09, 0.14, 0.23, 0.0], [4])","([0, 1, 0, 0, 0, 0], [1])",-0.0,-0.0,-0.0,-0.0,-0.8190000000000001,-0.0,-0.8190000000000001,0.3851411411411412,1.2852732732732735,0.1716836836836837
76,"([0.05, 0.5, 0.09, 0.14, 0.23, 0.0], [1])","([0, 1, 0, 0, 0, 0], [1])",-0.0,-0.0,-0.0,-0.0,-0.0,-0.0,0.0,0.3851411411411412,0.9001321321321323,0.1716836836836837
77,"([0.05, 0.5, 0.09, 0.14, 0.23, 0.0], [4])","([0, 1, 0, 0, 0, 0], [1])",-0.0,-0.0,-0.0,-0.0,-0.8190000000000001,-0.0,-0.8190000000000001,0.3851411411411412,1.333990990990991,0.1716836836836837
78,"([0.05, 0.5, 0.09, 0.14, 0.23, 0.0], [1])","([0, 1, 0, 0, 0, 0], [1])",-0.0,-0.0,-0.0,-0.0,-0.0,-0.0,0.0,0.3851411411411412,0.9488498498498499,0.1716836836836837
79,"([0.05, 0.5, 0.09, 0.14, 0.23, 0.0], [1])","([0, 1, 0, 0, 0, 0], [1])",-0.0,-0.0,-0.0,-0.0,-0.0,-0.0,0.0,0.3851411411411412,0.5637087087087087,0.1716836836836837
80,"([0.05, 0.5, 0.09, 0.14, 0.23, 0.0], [4])","([0, 1, 0, 0, 0, 0], [1])",-0.0,-0.0,-0.0,-0.0,-0.8190000000000001,-0.0,-0.8190000000000001,0.3851411411411412,0.9975675675675676,0.1716836836836837
81,"([0.05, 0.5, 0.09, 0.14, 0.23, 0.0], [1])","([0, 1, 0, 0, 0, 0], [1])",-0.0,-0.0,-0.0,-0.0,-0.0,-0.0,0.0,0.3851411411411412,0.6124264264264264,0.1716836836836837
82,"([0.05, 0.5, 0.09, 0.14, 0.23, 0.0], [1])","([0, 1, 0, 0, 0, 0], [1])",-0.0,-0.0,-0.0,-0.0,-0.0,-0.0,0.0,0.3851411411411412,0.22728528528528524,0.1716836836836837
83,"([0.05, 0.5, 0.09, 0.14, 0.23, 0.0], [1])","([0, 1, 0, 0, 0, 0], [1])",-0.0,-0.0,-0.0,-0.0,-0.0,-0.0,0.0,0.3851411411411412,-0.15785585585585593,0.1716836836836837
84,"([0.05, 0.5, 0.09, 0.14, 0.23, 0.0], [3])","([0, 1, 0, 0, 0, 0], [1])",-0.0,-0.0,-0.0,-0.7170000000000001,-0.0,-0.0,-0.7170000000000001,0.3851411411411412,0.17400300300300298,0.1716836836836837
85,"([0.05, 0.5, 0.09, 0.14, 0.23, 0.0], [1])","([0, 1, 0, 0, 0, 0], [1])",-0.0,-0.0,-0.0,-0.0,-0.0,-0.0,0.0,0.3851411411411412,-0.2111381381381382,0.1716836836836837
86,"([0.05, 0.5, 0.09, 0.14, 0.23, 0.0], [4])","([0, 1, 0, 0, 0, 0], [1])",-0.0,-0.0,-0.0,-0.0,-0.8190000000000001,-0.0,-0.8190000000000001,0.3851411411411412,0.2227207207207207,0.1716836836836837
87,"([0.05, 0.5, 0.09, 0.14, 0.23, 0.0], [1])","([0, 1, 0, 0, 0, 0], [1])",-0.0,-0.0,-0.0,-0.0,-0.0,-0.0,0.0,0.3851411411411412,-0.16242042042042049,0.1716836836836837
88,"([0.05, 0.5, 0.09, 0.14, 0.23, 0.0], [2])","([0, 1, 0, 0, 0, 0], [1])",-0.0,-0.0,-0.7390000000000001,-0.0,-0.0,-0.0,-0.7390000000000001,0.3851411411411412,0.19143843843843844,0.1716836836836837
89,"([0.05, 0.5, 0.09, 0.14, 0.23, 0.0], [4])","([0, 1, 0, 0, 0, 0], [1])",-0.0,-0.0,-0.0,-0.0,-0.8190000000000001,-0.0,-0.8190000000000001,0.3851411411411412,0.6252972972972973,0.1716836836836837
90,"([0.05, 0.5, 0.09, 0.14, 0.23, 0.0], [4])","([0, 1, 0, 0, 0, 0], [1])",-0.0,-0.0,-0.0,-0.0,-0.8190000000000001,-0.0,-0.8190000000000001,0.3851411411411412,1.0591561561561562,0.1716836836836837
91,"([0.05, 0.5, 0.09, 0.14, 0.23, 0.0], [1])","([0, 1, 0, 0, 0, 0], [1])",-0.0,-0.0,-0.0,-0.0,-0.0,-0.0,0.0,0.3851411411411412,0.674015015015015,0.1716836836836837
92,"([0.05, 0.5, 0.09, 0.14, 0.23, 0.0], [1])","([0, 1, 0, 0, 0, 0], [1])",-0.0,-0.0,-0.0,-0.0,-0.0,-0.0,0.0,0.3851411411411412,0.28887387387387387,0.1716836836836837
93,"([0.05, 0.5, 0.09, 0.14, 0.23, 0.0], [1])","([0, 1, 0, 0, 0, 0], [1])",-0.0,-0.0,-0.0,-0.0,-0.0,-0.0,0.0,0.3851411411411412,-0.09626726726726731,0.1716836836836837
94,"([0.05, 0.5, 0.09, 0.14, 0.23, 0.0], [1])","([0, 1, 0, 0, 0, 0], [1])",-0.0,-0.0,-0.0,-0.0,-0.0,-0.0,0.0,0.3851411411411412,-0.4814084084084085,0.1716836836836837
95,"([0.05, 0.5, 0.09, 0.14, 0.23, 0.0], [1])","([0, 1, 0, 0, 0, 0], [1])",-0.0,-0.0,-0.0,-0.0,-0.0,-0.0,0.0,0.3851411411411412,-0.8665495495495497,0.1716836836836837
96,"([0.05, 0.5, 0.09, 0.14, 0.23, 0.0], [1])","([0, 1, 0, 0, 0, 0], [1])",-0.0,-0.0,-0.0,-0.0,-0.0,-0.0,0.0,0.3851411411411412,-1.2516906906906908,0.1716836836836837
97,"([0.05, 0.5, 0.09, 0.14, 0.23, 0.0], [1])","([0, 1, 0, 0, 0, 0], [1])",-0.0,-0.0,-0.0,-0.0,-0.0,-0.0,0.0,0.3851411411411412,-1.636831831831832,0.1716836836836837
98,"([0.05, 0.5, 0.09, 0.14, 0.23, 0.0], [4])","([0, 1, 0, 0, 0, 0], [1])",-0.0,-0.0,-0.0,-0.0,-0.8190000000000001,-0.0,-0.8190000000000001,0.3851411411411412,-1.2029729729729732,0.1716836836836837
99,"([0.05, 0.5, 0.09, 0.14, 0.23, 0.0], [1])","([0, 1, 0, 0, 0, 0], [1])",-0.0,-0.0,-0.0,-0.0,-0.0,-0.0,0.0,0.3851411411411412,-1.5881141141141144,0.1716836836836837
100,"([0.05, 0.5, 0.09, 0.14, 0.23, 0.0], [4])","([0, 1, 0, 0, 0, 0], [1])",-0.0,-0.0,-0.0,-0.0,-0.8190000000000001,-0.0,-0.8190000000000001,0.3851411411411412,-1.1542552552552556,0.1716836836836837
101,"([0.05, 0.5, 0.09, 0.14, 0.23, 0.0], [1])","([0, 1, 0, 0, 0, 0], [1])",-0.0,-0.0,-0.0,-0.0,-0.0,-0.0,0.0,0.3851411411411412,-1.5393963963963968,0.1716836836836837
102,"([0.05, 0.5, 0.09, 0.14, 0.23, 0.0], [1])","([0, 1, 0, 0, 0, 0], [1])",-0.0,-0.0,-0.0,-0.0,-0.0,-0.0,0.0,0.3851411411411412,-1.924537537537538,0.1716836836836837
103,"([0.05, 0.5, 0.09, 0.14, 0.23, 0.0], [1])","([0, 1, 0, 0, 0, 0], [1])",-0.0,-0.0,-0.0,-0.0,-0.0,-0.0,0.0,0.3851411411411412,-2.3096786786786794,0.1716836836836837
104,"([0.05, 0.5, 0.09, 0.14, 0.23, 0.0], [2])","([0, 1, 0, 0, 0, 0], [1])",-0.0,-0.0,-0.7390000000000001,-0.0,-0.0,-0.0,-0.7390000000000001,0.3851411411411412,-1.9558198198198204,0.1716836836836837
105,"([0.05, 0.5, 0.09, 0.14, 0.23, 0.0], [1])","([0, 1, 0, 0, 0, 0], [1])",-0.0,-0.0,-0.0,-0.0,-0.0,-0.0,0.0,0.3851411411411412,-2.3409609609609614,0.1716836836836837
106,"([0.05, 0.5, 0.09, 0.14, 0.23, 0.0], [1])","([0, 1, 0, 0, 0, 0], [1])",-0.0,-0.0,-0.0,-0.0,-0.0,-0.0,0.0,0.3851411411411412,-2.726102102102103,0.1716836836836837
107,"([0.05, 0.5, 0.09, 0.14, 0.23, 0.0], [3])","([0, 1, 0, 0, 0, 0], [1])",-0.0,-0.0,-0.0,-0.7170000000000001,-0.0,-0.0,-0.7170000000000001,0.3851411411411412,-2.3942432432432437,0.1716836836836837
108,"([0.05, 0.5, 0.09, 0.14, 0.23, 0.0], [4])","([0, 1, 0, 0, 0, 0], [1])",-0.0,-0.0,-0.0,-0.0,-0.8190000000000001,-0.0,-0.8190000000000001,0.3851411411411412,-1.9603843843843847,0.1716836836836837
109,"([0.05, 0.5, 0.09, 0.14, 0.23, 0.0], [2])","([0, 1, 0, 0, 0, 0], [1])",-0.0,-0.0,-0.7390000000000001,-0.0,-0.0,-0.0,-0.7390000000000001,0.3851411411411412,-1.6065255255255257,0.1716836836836837
110,"([0.05, 0.5, 0.09, 0.14, 0.23, 0.0], [1])","([0, 1, 0, 0, 0, 0], [1])",-0.0,-0.0,-0.0,-0.0,-0.0,-0.0,0.0,0.3851411411411412,-1.991666666666667,0.1716836836836837
111,"([0.05, 0.5, 0.09, 0.14, 0.23, 0.0], [1])","([0, 1, 0, 0, 0, 0], [1])",-0.0,-0.0,-0.0,-0.0,-0.0,-0.0,0.0,0.3851411411411412,-2.376807807807808,0.1716836836836837
112,"([0.05, 0.5, 0.09, 0.14, 0.23, 0.0], [1])","([0, 1, 0, 0, 0, 0], [1])",-0.0,-0.0,-0.0,-0.0,-0.0,-0.0,0.0,0.3851411411411412,-2.761948948948949,0.1716836836836837
113,"([0.05, 0.5, 0.09, 0.14, 0.23, 0.0], [1])","([0, 1, 0, 0, 0, 0], [1])",-0.0,-0.0,-0.0,-0.0,-0.0,-0.0,0.0,0.3851411411411412,-3.1470900900900904,0.1716836836836837
114,"([0.05, 0.5, 0.09, 0.14, 0.23, 0.0], [3])","([0, 1, 0, 0, 0, 0], [1])",-0.0,-0.0,-0.0,-0.7170000000000001,-0.0,-0.0,-0.7170000000000001,0.3851411411411412,-2.8152312312312313,0.1716836836836837
115,"([0.05, 0.5, 0.09, 0.14, 0.23, 0.0], [1])","([0, 1, 0, 0, 0, 0], [1])",-0.0,-0.0,-0.0,-0.0,-0.0,-0.0,0.0,0.3851411411411412,-3.2003723723723727,0.1716836836836837
116,"([0.05, 0.5, 0.09, 0.14, 0.23, 0.0], [1])","([0, 1, 0, 0, 0, 0], [1])",-0.0,-0.0,-0.0,-0.0,-0.0,-0.0,0.0,0.3851411411411412,-3.585513513513514,0.1716836836836837
117,"([0.05, 0.5, 0.09, 0.14, 0.23, 0.0], [1])","([0, 1, 0, 0, 0, 0], [1])",-0.0,-0.0,-0.0,-0.0,-0.0,-0.0,0.0,0.3851411411411412,-3.9706546546546555,0.1716836836836837
118,"([0.05, 0.5, 0.09, 0.14, 0.23, 0.0], [4])","([0, 1, 0, 0, 0, 0], [1])",-0.0,-0.0,-0.0,-0.0,-0.8190000000000001,-0.0,-0.8190000000000001,0.3851411411411412,-3.5367957957957965,0.1716836836836837
119,"([0.05, 0.5, 0.09, 0.14, 0.23, 0.0], [5])","([0, 1, 0, 0, 0, 0], [1])",-0.0,-0.0,-0.0,-0.0,-0.0,-0.722,-0.722,0.3851411411411412,-3.199936936936938,0.1716836836836837
120,"([0.05, 0.5, 0.09, 0.14, 0.23, 0.0], [1])","([0, 1, 0, 0, 0, 0], [1])",-0.0,-0.0,-0.0,-0.0,-0.0,-0.0,0.0,0.3851411411411412,-3.5850780780780793,0.1716836836836837
121,"([0.05, 0.5, 0.09, 0.14, 0.23, 0.0], [2])","([0, 1, 0, 0, 0, 0], [1])",-0.0,-0.0,-0.7390000000000001,-0.0,-0.0,-0.0,-0.7390000000000001,0.3851411411411412,-3.2312192192192204,0.1716836836836837
122,"([0.05, 0.5, 0.09, 0.14, 0.23, 0.0], [3])","([0, 1, 0, 0, 0, 0], [1])",-0.0,-0.0,-0.0,-0.7170000000000001,-0.0,-0.0,-0.7170000000000001,0.3851411411411412,-2.8993603603603617,0.1716836836836837
123,"([0.05, 0.5, 0.09, 0.14, 0.23, 0.0], [1])","([0, 1, 0, 0, 0, 0], [1])",-0.0,-0.0,-0.0,-0.0,-0.0,-0.0,0.0,0.3851411411411412,-3.284501501501503,0.1716836836836837
124,"([0.05, 0.5, 0.09, 0.14, 0.23, 0.0], [3])","([0, 1, 0, 0, 0, 0], [1])",-0.0,-0.0,-0.0,-0.7170000000000001,-0.0,-0.0,-0.7170000000000001,0.3851411411411412,-2.952642642642644,0.1716836836836837
125,"([0.05, 0.5, 0.09, 0.14, 0.23, 0.0], [3])","([0, 1, 0, 0, 0, 0], [1])",-0.0,-0.0,-0.0,-0.7170000000000001,-0.0,-0.0,-0.7170000000000001,0.3851411411411412,-2.620783783783785,0.1716836836836837
126,"([0.05, 0.5, 0.09, 0.14, 0.23, 0.0], [1])","([0, 1, 0, 0, 0, 0], [1])",-0.0,-0.0,-0.0,-0.0,-0.0,-0.0,0.0,0.3851411411411412,-3.0059249249249262,0.1716836836836837
127,"([0.05, 0.5, 0.09, 0.14, 0.23, 0.0], [2])","([0, 1, 0, 0, 0, 0], [1])",-0.0,-0.0,-0.7390000000000001,-0.0,-0.0,-0.0,-0.7390000000000001,0.3851411411411412,-2.6520660660660673,0.1716836836836837
128,"([0.05, 0.5, 0.09, 0.14, 0.23, 0.0], [1])","([0, 1, 0, 0, 0, 0], [1])",-0.0,-0.0,-0.0,-0.0,-0.0,-0.0,0.0,0.3851411411411412,-3.0372072072072083,0.1716836836836837
129,"([0.05, 0.5, 0.09, 0.14, 0.23, 0.0], [1])","([0, 1, 0, 0, 0, 0], [1])",-0.0,-0.0,-0.0,-0.0,-0.0,-0.0,0.0,0.3851411411411412,-3.4223483483483497,0.1716836836836837
130,"([0.05, 0.5, 0.09, 0.14, 0.23, 0.0], [1])","([0, 1, 0, 0, 0, 0], [1])",-0.0,-0.0,-0.0,-0.0,-0.0,-0.0,0.0,0.3851411411411412,-3.807489489489491,0.1716836836836837
131,"([0.05, 0.5, 0.09, 0.14, 0.23, 0.0], [1])","([0, 1, 0, 0, 0, 0], [1])",-0.0,-0.0,-0.0,-0.0,-0.0,-0.0,0.0,0.3851411411411412,-4.1926306306306325,0.1716836836836837
132,"([0.05, 0.5, 0.09, 0.14, 0.23, 0.0], [1])","([0, 1, 0, 0, 0, 0], [1])",-0.0,-0.0,-0.0,-0.0,-0.0,-0.0,0.0,0.3851411411411412,-4.577771771771774,0.1716836836836837
133,"([0.05, 0.5, 0.09, 0.14, 0.23, 0.0], [1])","([0, 1, 0, 0, 0, 0], [1])",-0.0,-0.0,-0.0,-0.0,-0.0,-0.0,0.0,0.3851411411411412,-4.962912912912915,0.1716836836836837
134,"([0.05, 0.5, 0.09, 0.14, 0.23, 0.0], [2])","([0, 1, 0, 0, 0, 0], [1])",-0.0,-0.0,-0.7390000000000001,-0.0,-0.0,-0.0,-0.7390000000000001,0.3851411411411412,-4.609054054054056,0.1716836836836837
135,"([0.05, 0.5, 0.09, 0.14, 0.23, 0.0], [3])","([0, 1, 0, 0, 0, 0], [1])",-0.0,-0.0,-0.0,-0.7170000000000001,-0.0,-0.0,-0.7170000000000001,0.3851411411411412,-4.277195195195197,0.1716836836836837
136,"([0.05, 0.5, 0.09, 0.14, 0.23, 0.0], [1])","([0, 1, 0, 0, 0, 0], [1])",-0.0,-0.0,-0.0,-0.0,-0.0,-0.0,0.0,0.3851411411411412,-4.662336336336338,0.1716836836836837
137,"([0.05, 0.5, 0.09, 0.14, 0.23, 0.0], [4])","([0, 1, 0, 0, 0, 0], [1])",-0.0,-0.0,-0.0,-0.0,-0.8190000000000001,-0.0,-0.8190000000000001,0.3851411411411412,-4.22847747747748,0.1716836836836837
138,"([0.05, 0.5, 0.09, 0.14, 0.23, 0.0], [1])","([0, 1, 0, 0, 0, 0], [1])",-0.0,-0.0,-0.0,-0.0,-0.0,-0.0,0.0,0.3851411411411412,-4.613618618618621,0.1716836836836837
139,"([0.05, 0.5, 0.09, 0.14, 0.23, 0.0], [2])","([0, 1, 0, 0, 0, 0], [1])",-0.0,-0.0,-0.7390000000000001,-0.0,-0.0,-0.0,-0.7390000000000001,0.3851411411411412,-4.259759759759762,0.1716836836836837
140,"([0.05, 0.5, 0.09, 0.14, 0.23, 0.0], [4])","([0, 1, 0, 0, 0, 0], [1])",-0.0,-0.0,-0.0,-0.0,-0.8190000000000001,-0.0,-0.8190000000000001,0.3851411411411412,-3.8259009009009026,0.1716836836836837
141,"([0.05, 0.5, 0.09, 0.14, 0.23, 0.0], [4])","([0, 1, 0, 0, 0, 0], [1])",-0.0,-0.0,-0.0,-0.0,-0.8190000000000001,-0.0,-0.8190000000000001,0.3851411411411412,-3.3920420420420436,0.1716836836836837
142,"([0.05, 0.5, 0.09, 0.14, 0.23, 0.0], [4])","([0, 1, 0, 0, 0, 0], [1])",-0.0,-0.0,-0.0,-0.0,-0.8190000000000001,-0.0,-0.8190000000000001,0.3851411411411412,-2.9581831831831846,0.1716836836836837
143,"([0.05, 0.5, 0.09, 0.14, 0.23, 0.0], [1])","([0, 1, 0, 0, 0, 0], [1])",-0.0,-0.0,-0.0,-0.0,-0.0,-0.0,0.0,0.3851411411411412,-3.3433243243243256,0.1716836836836837
144,"([0.05, 0.5, 0.09, 0.14, 0.23, 0.0], [3])","([0, 1, 0, 0, 0, 0], [1])",-0.0,-0.0,-0.0,-0.7170000000000001,-0.0,-0.0,-0.7170000000000001,0.3851411411411412,-3.0114654654654665,0.1716836836836837
145,"([0.05, 0.5, 0.09, 0.14, 0.23, 0.0], [1])","([0, 1, 0, 0, 0, 0], [1])",-0.0,-0.0,-0.0,-0.0,-0.0,-0.0,0.0,0.3851411411411412,-3.396606606606608,0.1716836836836837
146,"([0.05, 0.5, 0.09, 0.14, 0.23, 0.0], [4])","([0, 1, 0, 0, 0, 0], [1])",-0.0,-0.0,-0.0,-0.0,-0.8190000000000001,-0.0,-0.8190000000000001,0.3851411411411412,-2.962747747747749,0.1716836836836837
147,"([0.05, 0.5, 0.09, 0.14, 0.23, 0.0], [1])","([0, 1, 0, 0, 0, 0], [1])",-0.0,-0.0,-0.0,-0.0,-0.0,-0.0,0.0,0.3851411411411412,-3.34788888888889,0.1716836836836837
148,"([0.05, 0.5, 0.09, 0.14, 0.23, 0.0], [1])","([0, 1, 0, 0, 0, 0], [1])",-0.0,-0.0,-0.0,-0.0,-0.0,-0.0,0.0,0.3851411411411412,-3.733030030030031,0.1716836836836837
149,"([0.05, 0.5, 0.09, 0.14, 0.23, 0.0], [1])","([0, 1, 0, 0, 0, 0], [1])",-0.0,-0.0,-0.0,-0.0,-0.0,-0.0,0.0,0.3851411411411412,-4.118171171171173,0.1716836836836837
150,"([0.05, 0.5, 0.09, 0.14, 0.23, 0.0], [4])","([0, 1, 0, 0, 0, 0], [1])",-0.0,-0.0,-0.0,-0.0,-0.8190000000000001,-0.0,-0.8190000000000001,0.3851411411411412,-3.6843123123123136,0.1716836836836837
151,"([0.05, 0.5, 0.09, 0.14, 0.23, 0.0], [1])","([0, 1, 0, 0, 0, 0], [1])",-0.0,-0.0,-0.0,-0.0,-0.0,-0.0,0.0,0.3851411411411412,-4.0694534534534546,0.1716836836836837
152,"([0.05, 0.5, 0.09, 0.14, 0.23, 0.0], [1])","([0, 1, 0, 0, 0, 0], [1])",-0.0,-0.0,-0.0,-0.0,-0.0,-0.0,0.0,0.3851411411411412,-4.454594594594596,0.1716836836836837
153,"([0.05, 0.5, 0.09, 0.14, 0.23, 0.0], [1])","([0, 1, 0, 0, 0, 0], [1])",-0.0,-0.0,-0.0,-0.0,-0.0,-0.0,0.0,0.3851411411411412,-4.839735735735737,0.1716836836836837
154,"([0.05, 0.5, 0.09, 0.14, 0.23, 0.0], [1])","([0, 1, 0, 0, 0, 0], [1])",-0.0,-0.0,-0.0,-0.0,-0.0,-0.0,0.0,0.3851411411411412,-5.224876876876879,0.1716836836836837
155,"([0.05, 0.5, 0.09, 0.14, 0.23, 0.0], [4])","([0, 1, 0, 0, 0, 0], [1])",-0.0,-0.0,-0.0,-0.0,-0.8190000000000001,-0.0,-0.8190000000000001,0.3851411411411412,-4.79101801801802,0.1716836836836837
156,"([0.05, 0.5, 0.09, 0.14, 0.23, 0.0], [1])","([0, 1, 0, 0, 0, 0], [1])",-0.0,-0.0,-0.0,-0.0,-0.0,-0.0,0.0,0.3851411411411412,-5.176159159159162,0.1716836836836837
157,"([0.05, 0.5, 0.09, 0.14, 0.23, 0.0], [4])","([0, 1, 0, 0, 0, 0], [1])",-0.0,-0.0,-0.0,-0.0,-0.8190000000000001,-0.0,-0.8190000000000001,0.3851411411411412,-4.742300300300303,0.1716836836836837
158,"([0.05, 0.5, 0.09, 0.14, 0.23, 0.0], [1])","([0, 1, 0, 0, 0, 0], [1])",-0.0,-0.0,-0.0,-0.0,-0.0,-0.0,0.0,0.3851411411411412,-5.127441441441444,0.1716836836836837
159,"([0.05, 0.5, 0.09, 0.14, 0.23, 0.0], [4])","([0, 1, 0, 0, 0, 0], [1])",-0.0,-0.0,-0.0,-0.0,-0.8190000000000001,-0.0,-0.8190000000000001,0.3851411411411412,-4.693582582582586,0.1716836836836837
160,"([0.05, 0.5, 0.09, 0.14, 0.23, 0.0], [1])","([0, 1, 0, 0, 0, 0], [1])",-0.0,-0.0,-0.0,-0.0,-0.0,-0.0,0.0,0.3851411411411412,-5.078723723723727,0.1716836836836837
161,"([0.05, 0.5, 0.09, 0.14, 0.23, 0.0], [0])","([0, 1, 0, 0, 0, 0], [1])",-0.747,-0.0,-0.0,-0.0,-0.0,-0.0,-0.747,0.3851411411411412,-4.716864864864869,0.1716836836836837
162,"([0.05, 0.5, 0.09, 0.14, 0.23, 0.0], [1])","([0, 1, 0, 0, 0, 0], [1])",-0.0,-0.0,-0.0,-0.0,-0.0,-0.0,0.0,0.3851411411411412,-5.10200600600601,0.1716836836836837
163,"([0.05, 0.5, 0.09, 0.14, 0.23, 0.0], [1])","([0, 1, 0, 0, 0, 0], [1])",-0.0,-0.0,-0.0,-0.0,-0.0,-0.0,0.0,0.3851411411411412,-5.487147147147152,0.1716836836836837
164,"([0.05, 0.5, 0.09, 0.14, 0.23, 0.0], [2])","([0, 1, 0, 0, 0, 0], [1])",-0.0,-0.0,-0.7390000000000001,-0.0,-0.0,-0.0,-0.7390000000000001,0.3851411411411412,-5.133288288288293,0.1716836836836837
165,"([0.05, 0.5, 0.09, 0.14, 0.23, 0.0], [1])","([0, 1, 0, 0, 0, 0], [1])",-0.0,-0.0,-0.0,-0.0,-0.0,-0.0,0.0,0.3851411411411412,-5.5184294294294345,0.1716836836836837
166,"([0.05, 0.5, 0.09, 0.14, 0.23, 0.0], [3])","([0, 1, 0, 0, 0, 0], [1])",-0.0,-0.0,-0.0,-0.7170000000000001,-0.0,-0.0,-0.7170000000000001,0.3851411411411412,-5.186570570570575,0.1716836836836837
167,"([0.05, 0.5, 0.09, 0.14, 0.23, 0.0], [3])","([0, 1, 0, 0, 0, 0], [1])",-0.0,-0.0,-0.0,-0.7170000000000001,-0.0,-0.0,-0.7170000000000001,0.3851411411411412,-4.854711711711716,0.1716836836836837
168,"([0.05, 0.5, 0.09, 0.14, 0.23, 0.0], [4])","([0, 1, 0, 0, 0, 0], [1])",-0.0,-0.0,-0.0,-0.0,-0.8190000000000001,-0.0,-0.8190000000000001,0.3851411411411412,-4.420852852852858,0.1716836836836837
169,"([0.05, 0.5, 0.09, 0.14, 0.23, 0.0], [1])","([0, 1, 0, 0, 0, 0], [1])",-0.0,-0.0,-0.0,-0.0,-0.0,-0.0,0.0,0.3851411411411412,-4.805993993993999,0.1716836836836837
170,"([0.05, 0.5, 0.09, 0.14, 0.23, 0.0], [4])","([0, 1, 0, 0, 0, 0], [1])",-0.0,-0.0,-0.0,-0.0,-0.8190000000000001,-0.0,-0.8190000000000001,0.3851411411411412,-4.3721351351351405,0.1716836836836837
171,"([0.05, 0.5, 0.09, 0.14, 0.23, 0.0], [1])","([0, 1, 0, 0, 0, 0], [1])",-0.0,-0.0,-0.0,-0.0,-0.0,-0.0,0.0,0.3851411411411412,-4.757276276276282,0.1716836836836837
172,"([0.05, 0.5, 0.09, 0.14, 0.23, 0.0], [3])","([0, 1, 0, 0, 0, 0], [1])",-0.0,-0.0,-0.0,-0.7170000000000001,-0.0,-0.0,-0.7170000000000001,0.3851411411411412,-4.425417417417423,0.1716836836836837
173,"([0.05, 0.5, 0.09, 0.14, 0.23, 0.0], [1])","([0, 1, 0, 0, 0, 0], [1])",-0.0,-0.0,-0.0,-0.0,-0.0,-0.0,0.0,0.3851411411411412,-4.810558558558564,0.1716836836836837
174,"([0.05, 0.5, 0.09, 0.14, 0.23, 0.0], [4])","([0, 1, 0, 0, 0, 0], [1])",-0.0,-0.0,-0.0,-0.0,-0.8190000000000001,-0.0,-0.8190000000000001,0.3851411411411412,-4.376699699699706,0.1716836836836837
175,"([0.05, 0.5, 0.09, 0.14, 0.23, 0.0], [4])","([0, 1, 0, 0, 0, 0], [1])",-0.0,-0.0,-0.0,-0.0,-0.8190000000000001,-0.0,-0.8190000000000001,0.3851411411411412,-3.9428408408408466,0.1716836836836837
176,"([0.05, 0.5, 0.09, 0.14, 0.23, 0.0], [1])","([0, 1, 0, 0, 0, 0], [1])",-0.0,-0.0,-0.0,-0.0,-0.0,-0.0,0.0,0.3851411411411412,-4.327981981981988,0.1716836836836837
177,"([0.05, 0.5, 0.09, 0.14, 0.23, 0.0], [1])","([0, 1, 0, 0, 0, 0], [1])",-0.0,-0.0,-0.0,-0.0,-0.0,-0.0,0.0,0.3851411411411412,-4.713123123123129,0.1716836836836837
178,"([0.05, 0.5, 0.09, 0.14, 0.23, 0.0], [3])","([0, 1, 0, 0, 0, 0], [1])",-0.0,-0.0,-0.0,-0.7170000000000001,-0.0,-0.0,-0.7170000000000001,0.3851411411411412,-4.38126426426427,0.1716836836836837
179,"([0.05, 0.5, 0.09, 0.14, 0.23, 0.0], [3])","([0, 1, 0, 0, 0, 0], [1])",-0.0,-0.0,-0.0,-0.7170000000000001,-0.0,-0.0,-0.7170000000000001,0.3851411411411412,-4.049405405405411,0.1716836836836837
180,"([0.05, 0.5, 0.09, 0.14, 0.23, 0.0], [1])","([0, 1, 0, 0, 0, 0], [1])",-0.0,-0.0,-0.0,-0.0,-0.0,-0.0,0.0,0.3851411411411412,-4.434546546546552,0.1716836836836837
181,"([0.05, 0.5, 0.09, 0.14, 0.23, 0.0], [1])","([0, 1, 0, 0, 0, 0], [1])",-0.0,-0.0,-0.0,-0.0,-0.0,-0.0,0.0,0.3851411411411412,-4.8196876876876935,0.1716836836836837
182,"([0.05, 0.5, 0.09, 0.14, 0.23, 0.0], [1])","([0, 1, 0, 0, 0, 0], [1])",-0.0,-0.0,-0.0,-0.0,-0.0,-0.0,0.0,0.3851411411411412,-5.204828828828835,0.1716836836836837
183,"([0.05, 0.5, 0.09, 0.14, 0.23, 0.0], [1])","([0, 1, 0, 0, 0, 0], [1])",-0.0,-0.0,-0.0,-0.0,-0.0,-0.0,0.0,0.3851411411411412,-5.589969969969976,0.1716836836836837
184,"([0.05, 0.5, 0.09, 0.14, 0.23, 0.0], [4])","([0, 1, 0, 0, 0, 0], [1])",-0.0,-0.0,-0.0,-0.0,-0.8190000000000001,-0.0,-0.8190000000000001,0.3851411411411412,-5.156111111111118,0.1716836836836837
185,"([0.05, 0.5, 0.09, 0.14, 0.23, 0.0], [2])","([0, 1, 0, 0, 0, 0], [1])",-0.0,-0.0,-0.7390000000000001,-0.0,-0.0,-0.0,-0.7390000000000001,0.3851411411411412,-4.802252252252259,0.1716836836836837
186,"([0.05, 0.5, 0.09, 0.14, 0.23, 0.0], [2])","([0, 1, 0, 0, 0, 0], [1])",-0.0,-0.0,-0.7390000000000001,-0.0,-0.0,-0.0,-0.7390000000000001,0.3851411411411412,-4.448393393393401,0.1716836836836837
187,"([0.05, 0.5, 0.09, 0.14, 0.23, 0.0], [1])","([0, 1, 0, 0, 0, 0], [1])",-0.0,-0.0,-0.0,-0.0,-0.0,-0.0,0.0,0.3851411411411412,-4.833534534534542,0.1716836836836837
188,"([0.05, 0.5, 0.09, 0.14, 0.23, 0.0], [3])","([0, 1, 0, 0, 0, 0], [1])",-0.0,-0.0,-0.0,-0.7170000000000001,-0.0,-0.0,-0.7170000000000001,0.3851411411411412,-4.501675675675683,0.1716836836836837
189,"([0.05, 0.5, 0.09, 0.14, 0.23, 0.0], [1])","([0, 1, 0, 0, 0, 0], [1])",-0.0,-0.0,-0.0,-0.0,-0.0,-0.0,0.0,0.3851411411411412,-4.8868168168168244,0.1716836836836837
190,"([0.05, 0.5, 0.09, 0.14, 0.23, 0.0], [4])","([0, 1, 0, 0, 0, 0], [1])",-0.0,-0.0,-0.0,-0.0,-0.8190000000000001,-0.0,-0.8190000000000001,0.3851411411411412,-4.452957957957966,0.1716836836836837
191,"([0.05, 0.5, 0.09, 0.14, 0.23, 0.0], [1])","([0, 1, 0, 0, 0, 0], [1])",-0.0,-0.0,-0.0,-0.0,-0.0,-0.0,0.0,0.3851411411411412,-4.838099099099107,0.1716836836836837
192,"([0.05, 0.5, 0.09, 0.14, 0.23, 0.0], [4])","([0, 1, 0, 0, 0, 0], [1])",-0.0,-0.0,-0.0,-0.0,-0.8190000000000001,-0.0,-0.8190000000000001,0.3851411411411412,-4.404240240240249,0.1716836836836837
193,"([0.05, 0.5, 0.09, 0.14, 0.23, 0.0], [1])","([0, 1, 0, 0, 0, 0], [1])",-0.0,-0.0,-0.0,-0.0,-0.0,-0.0,0.0,0.3851411411411412,-4.78938138138139,0.1716836836836837
194,"([0.05, 0.5, 0.09, 0.14, 0.23, 0.0], [1])","([0, 1, 0, 0, 0, 0], [1])",-0.0,-0.0,-0.0,-0.0,-0.0,-0.0,0.0,0.3851411411411412,-5.1745225225225315,0.1716836836836837
195,"([0.05, 0.5, 0.09, 0.14, 0.23, 0.0], [3])","([0, 1, 0, 0, 0, 0], [1])",-0.0,-0.0,-0.0,-0.7170000000000001,-0.0,-0.0,-0.7170000000000001,0.3851411411411412,-4.842663663663672,0.1716836836836837
196,"([0.05, 0.5, 0.09, 0.14, 0.23, 0.0], [4])","([0, 1, 0, 0, 0, 0], [1])",-0.0,-0.0,-0.0,-0.0,-0.8190000000000001,-0.0,-0.8190000000000001,0.3851411411411412,-4.408804804804814,0.1716836836836837
197,"([0.05, 0.5, 0.09, 0.14, 0.23, 0.0], [3])","([0, 1, 0, 0, 0, 0], [1])",-0.0,-0.0,-0.0,-0.7170000000000001,-0.0,-0.0,-0.7170000000000001,0.3851411411411412,-4.076945945945955,0.1716836836836837
198,"([0.05, 0.5, 0.09, 0.14, 0.23, 0.0], [1])","([0, 1, 0, 0, 0, 0], [1])",-0.0,-0.0,-0.0,-0.0,-0.0,-0.0,0.0,0.3851411411411412,-4.462087087087096,0.1716836836836837
199,"([0.05, 0.5, 0.09, 0.14, 0.23, 0.0], [1])","([0, 1, 0, 0, 0, 0], [1])",-0.0,-0.0,-0.0,-0.0,-0.0,-0.0,0.0,0.3851411411411412,-4.8472282282282375,0.1716836836836837
