,sto-1,FB-0,feedback target 0,feedback target 1,feedback target 2,feedback target 3,feedback target 4,feedback target 5,total,exp_loss,actual_regret,exp_regret
0,"([0.05, 0.5, 0.09, 0.14, 0.23, 0.0], [4])","([0, 0, 0, 0, 0, 1], [5])",-0.0,-0.0,-0.0,-0.0,-0.8190000000000001,-0.0,-0.8190000000000001,0.7383933933933935,0.4338588588588589,0.3532522522522523
1,"([0.05, 0.5, 0.09, 0.14, 0.23, 0.0], [1])","([0.17, 0.13, 0.16, 0.14, 0.25, 0.14], [5])",-0.0,-0.713,-0.0,-0.0,-0.0,-0.0,-0.713,0.6176548855838165,0.7617177177177177,0.5857659966949277
2,"([0.05, 0.5, 0.09, 0.14, 0.23, 0.0], [1])","([0.17, 0.13, 0.16, 0.14, 0.25, 0.14], [0])",-0.0,-0.713,-0.0,-0.0,-0.0,-0.0,-0.713,0.6176548855838165,1.0895765765765764,0.818279741137603
3,"([0.05, 0.5, 0.09, 0.14, 0.23, 0.0], [0])","([0.17, 0.13, 0.16, 0.14, 0.25, 0.14], [0])",-0.0,-0.0,-0.0,-0.0,-0.0,-0.0,0.0,0.6176548855838165,0.7044354354354352,1.0507934855802783
4,"([0.05, 0.5, 0.09, 0.14, 0.23, 0.0], [1])","([1, 0, 0, 0, 0, 0], [0])",-0.0,-0.713,-0.0,-0.0,-0.0,-0.0,-0.713,0.7076356356356357,1.032294294294294,1.3732879800747728
5,"([0.05, 0.5, 0.09, 0.14, 0.23, 0.0], [1])","([0, 1, 0, 0, 0, 0], [1])",-0.0,-0.0,-0.0,-0.0,-0.0,-0.0,0.0,0.3851411411411412,0.6471531531531529,1.3732879800747728
6,"([0.05, 0.5, 0.09, 0.14, 0.23, 0.0], [1])","([0, 1, 0, 0, 0, 0], [1])",-0.0,-0.0,-0.0,-0.0,-0.0,-0.0,0.0,0.3851411411411412,0.26201201201201174,1.3732879800747728
7,"([0.05, 0.5, 0.09, 0.14, 0.23, 0.0], [4])","([0, 1, 0, 0, 0, 0], [1])",-0.0,-0.0,-0.0,-0.0,-0.8190000000000001,-0.0,-0.8190000000000001,0.3851411411411412,0.6958708708708706,1.3732879800747728
8,"([0.05, 0.5, 0.09, 0.14, 0.23, 0.0], [1])","([0, 1, 0, 0, 0, 0], [1])",-0.0,-0.0,-0.0,-0.0,-0.0,-0.0,0.0,0.3851411411411412,0.31072972972972945,1.3732879800747728
9,"([0.05, 0.5, 0.09, 0.14, 0.23, 0.0], [1])","([0, 1, 0, 0, 0, 0], [1])",-0.0,-0.0,-0.0,-0.0,-0.0,-0.0,0.0,0.3851411411411412,-0.07441141141141172,1.3732879800747728
10,"([0.05, 0.5, 0.09, 0.14, 0.23, 0.0], [1])","([0, 1, 0, 0, 0, 0], [1])",-0.0,-0.0,-0.0,-0.0,-0.0,-0.0,0.0,0.3851411411411412,-0.4595525525525529,1.3732879800747728
11,"([0.05, 0.5, 0.09, 0.14, 0.23, 0.0], [1])","([0, 1, 0, 0, 0, 0], [1])",-0.0,-0.0,-0.0,-0.0,-0.0,-0.0,0.0,0.3851411411411412,-0.8446936936936941,1.3732879800747728
12,"([0.05, 0.5, 0.09, 0.14, 0.23, 0.0], [1])","([0, 1, 0, 0, 0, 0], [1])",-0.0,-0.0,-0.0,-0.0,-0.0,-0.0,0.0,0.3851411411411412,-1.2298348348348354,1.3732879800747728
13,"([0.05, 0.5, 0.09, 0.14, 0.23, 0.0], [1])","([0, 1, 0, 0, 0, 0], [1])",-0.0,-0.0,-0.0,-0.0,-0.0,-0.0,0.0,0.3851411411411412,-1.6149759759759765,1.3732879800747728
14,"([0.05, 0.5, 0.09, 0.14, 0.23, 0.0], [1])","([0, 1, 0, 0, 0, 0], [1])",-0.0,-0.0,-0.0,-0.0,-0.0,-0.0,0.0,0.3851411411411412,-2.0001171171171177,1.3732879800747728
15,"([0.05, 0.5, 0.09, 0.14, 0.23, 0.0], [1])","([0, 1, 0, 0, 0, 0], [1])",-0.0,-0.0,-0.0,-0.0,-0.0,-0.0,0.0,0.3851411411411412,-2.3852582582582587,1.3732879800747728
16,"([0.05, 0.5, 0.09, 0.14, 0.23, 0.0], [3])","([0, 1, 0, 0, 0, 0], [1])",-0.0,-0.0,-0.0,-0.7170000000000001,-0.0,-0.0,-0.7170000000000001,0.3851411411411412,-2.0533993993993995,1.3732879800747728
17,"([0.05, 0.5, 0.09, 0.14, 0.23, 0.0], [1])","([0, 1, 0, 0, 0, 0], [1])",-0.0,-0.0,-0.0,-0.0,-0.0,-0.0,0.0,0.3851411411411412,-2.438540540540541,1.3732879800747728
18,"([0.05, 0.5, 0.09, 0.14, 0.23, 0.0], [1])","([0, 1, 0, 0, 0, 0], [1])",-0.0,-0.0,-0.0,-0.0,-0.0,-0.0,0.0,0.3851411411411412,-2.8236816816816823,1.3732879800747728
19,"([0.05, 0.5, 0.09, 0.14, 0.23, 0.0], [4])","([0, 1, 0, 0, 0, 0], [1])",-0.0,-0.0,-0.0,-0.0,-0.8190000000000001,-0.0,-0.8190000000000001,0.3851411411411412,-2.3898228228228233,1.3732879800747728
20,"([0.05, 0.5, 0.09, 0.14, 0.23, 0.0], [2])","([0, 1, 0, 0, 0, 0], [1])",-0.0,-0.0,-0.7390000000000001,-0.0,-0.0,-0.0,-0.7390000000000001,0.3851411411411412,-2.0359639639639644,1.3732879800747728
21,"([0.05, 0.5, 0.09, 0.14, 0.23, 0.0], [5])","([0, 1, 0, 0, 0, 0], [1])",-0.0,-0.0,-0.0,-0.0,-0.0,-0.722,-0.722,0.3851411411411412,-1.6991051051051056,1.3732879800747728
22,"([0.05, 0.5, 0.09, 0.14, 0.23, 0.0], [4])","([0, 1, 0, 0, 0, 0], [1])",-0.0,-0.0,-0.0,-0.0,-0.8190000000000001,-0.0,-0.8190000000000001,0.3851411411411412,-1.2652462462462468,1.3732879800747728
23,"([0.05, 0.5, 0.09, 0.14, 0.23, 0.0], [1])","([0, 1, 0, 0, 0, 0], [1])",-0.0,-0.0,-0.0,-0.0,-0.0,-0.0,0.0,0.3851411411411412,-1.650387387387388,1.3732879800747728
24,"([0.05, 0.5, 0.09, 0.14, 0.23, 0.0], [1])","([0, 1, 0, 0, 0, 0], [1])",-0.0,-0.0,-0.0,-0.0,-0.0,-0.0,0.0,0.3851411411411412,-2.035528528528529,1.3732879800747728
25,"([0.05, 0.5, 0.09, 0.14, 0.23, 0.0], [1])","([0, 1, 0, 0, 0, 0], [1])",-0.0,-0.0,-0.0,-0.0,-0.0,-0.0,0.0,0.3851411411411412,-2.42066966966967,1.3732879800747728
26,"([0.05, 0.5, 0.09, 0.14, 0.23, 0.0], [3])","([0, 1, 0, 0, 0, 0], [1])",-0.0,-0.0,-0.0,-0.7170000000000001,-0.0,-0.0,-0.7170000000000001,0.3851411411411412,-2.088810810810811,1.3732879800747728
27,"([0.05, 0.5, 0.09, 0.14, 0.23, 0.0], [0])","([0, 1, 0, 0, 0, 0], [1])",-0.747,-0.0,-0.0,-0.0,-0.0,-0.0,-0.747,0.3851411411411412,-1.726951951951952,1.3732879800747728
28,"([0.05, 0.5, 0.09, 0.14, 0.23, 0.0], [1])","([0, 1, 0, 0, 0, 0], [1])",-0.0,-0.0,-0.0,-0.0,-0.0,-0.0,0.0,0.3851411411411412,-2.112093093093093,1.3732879800747728
29,"([0.05, 0.5, 0.09, 0.14, 0.23, 0.0], [1])","([0, 1, 0, 0, 0, 0], [1])",-0.0,-0.0,-0.0,-0.0,-0.0,-0.0,0.0,0.3851411411411412,-2.4972342342342344,1.3732879800747728
30,"([0.05, 0.5, 0.09, 0.14, 0.23, 0.0], [1])","([0, 1, 0, 0, 0, 0], [1])",-0.0,-0.0,-0.0,-0.0,-0.0,-0.0,0.0,0.3851411411411412,-2.882375375375376,1.3732879800747728
31,"([0.05, 0.5, 0.09, 0.14, 0.23, 0.0], [1])","([0, 1, 0, 0, 0, 0], [1])",-0.0,-0.0,-0.0,-0.0,-0.0,-0.0,0.0,0.3851411411411412,-3.267516516516517,1.3732879800747728
32,"([0.05, 0.5, 0.09, 0.14, 0.23, 0.0], [0])","([0, 1, 0, 0, 0, 0], [1])",-0.747,-0.0,-0.0,-0.0,-0.0,-0.0,-0.747,0.3851411411411412,-2.9056576576576583,1.3732879800747728
33,"([0.05, 0.5, 0.09, 0.14, 0.23, 0.0], [1])","([0, 1, 0, 0, 0, 0], [1])",-0.0,-0.0,-0.0,-0.0,-0.0,-0.0,0.0,0.3851411411411412,-3.290798798798799,1.3732879800747728
34,"([0.05, 0.5, 0.09, 0.14, 0.23, 0.0], [4])","([0, 1, 0, 0, 0, 0], [1])",-0.0,-0.0,-0.0,-0.0,-0.8190000000000001,-0.0,-0.8190000000000001,0.3851411411411412,-2.85693993993994,1.3732879800747728
35,"([0.05, 0.5, 0.09, 0.14, 0.23, 0.0], [2])","([0, 1, 0, 0, 0, 0], [1])",-0.0,-0.0,-0.7390000000000001,-0.0,-0.0,-0.0,-0.7390000000000001,0.3851411411411412,-2.5030810810810813,1.3732879800747728
36,"([0.05, 0.5, 0.09, 0.14, 0.23, 0.0], [3])","([0, 1, 0, 0, 0, 0], [1])",-0.0,-0.0,-0.0,-0.7170000000000001,-0.0,-0.0,-0.7170000000000001,0.3851411411411412,-2.171222222222222,1.3732879800747728
37,"([0.05, 0.5, 0.09, 0.14, 0.23, 0.0], [1])","([0, 1, 0, 0, 0, 0], [1])",-0.0,-0.0,-0.0,-0.0,-0.0,-0.0,0.0,0.3851411411411412,-2.5563633633633636,1.3732879800747728
38,"([0.05, 0.5, 0.09, 0.14, 0.23, 0.0], [4])","([0, 1, 0, 0, 0, 0], [1])",-0.0,-0.0,-0.0,-0.0,-0.8190000000000001,-0.0,-0.8190000000000001,0.3851411411411412,-2.1225045045045046,1.3732879800747728
39,"([0.05, 0.5, 0.09, 0.14, 0.23, 0.0], [1])","([0, 1, 0, 0, 0, 0], [1])",-0.0,-0.0,-0.0,-0.0,-0.0,-0.0,0.0,0.3851411411411412,-2.5076456456456455,1.3732879800747728
40,"([0.05, 0.5, 0.09, 0.14, 0.23, 0.0], [0])","([0, 1, 0, 0, 0, 0], [1])",-0.747,-0.0,-0.0,-0.0,-0.0,-0.0,-0.747,0.3851411411411412,-2.1457867867867866,1.3732879800747728
41,"([0.05, 0.5, 0.09, 0.14, 0.23, 0.0], [3])","([0, 1, 0, 0, 0, 0], [1])",-0.0,-0.0,-0.0,-0.7170000000000001,-0.0,-0.0,-0.7170000000000001,0.3851411411411412,-1.8139279279279277,1.3732879800747728
42,"([0.05, 0.5, 0.09, 0.14, 0.23, 0.0], [1])","([0, 1, 0, 0, 0, 0], [1])",-0.0,-0.0,-0.0,-0.0,-0.0,-0.0,0.0,0.3851411411411412,-2.199069069069069,1.3732879800747728
43,"([0.05, 0.5, 0.09, 0.14, 0.23, 0.0], [1])","([0, 1, 0, 0, 0, 0], [1])",-0.0,-0.0,-0.0,-0.0,-0.0,-0.0,0.0,0.3851411411411412,-2.58421021021021,1.3732879800747728
44,"([0.05, 0.5, 0.09, 0.14, 0.23, 0.0], [4])","([0, 1, 0, 0, 0, 0], [1])",-0.0,-0.0,-0.0,-0.0,-0.8190000000000001,-0.0,-0.8190000000000001,0.3851411411411412,-2.150351351351351,1.3732879800747728
45,"([0.05, 0.5, 0.09, 0.14, 0.23, 0.0], [1])","([0, 1, 0, 0, 0, 0], [1])",-0.0,-0.0,-0.0,-0.0,-0.0,-0.0,0.0,0.3851411411411412,-2.5354924924924918,1.3732879800747728
46,"([0.05, 0.5, 0.09, 0.14, 0.23, 0.0], [2])","([0, 1, 0, 0, 0, 0], [1])",-0.0,-0.0,-0.7390000000000001,-0.0,-0.0,-0.0,-0.7390000000000001,0.3851411411411412,-2.181633633633633,1.3732879800747728
47,"([0.05, 0.5, 0.09, 0.14, 0.23, 0.0], [1])","([0, 1, 0, 0, 0, 0], [1])",-0.0,-0.0,-0.0,-0.0,-0.0,-0.0,0.0,0.3851411411411412,-2.566774774774774,1.3732879800747728
48,"([0.05, 0.5, 0.09, 0.14, 0.23, 0.0], [1])","([0, 1, 0, 0, 0, 0], [1])",-0.0,-0.0,-0.0,-0.0,-0.0,-0.0,0.0,0.3851411411411412,-2.951915915915915,1.3732879800747728
49,"([0.05, 0.5, 0.09, 0.14, 0.23, 0.0], [1])","([0, 1, 0, 0, 0, 0], [1])",-0.0,-0.0,-0.0,-0.0,-0.0,-0.0,0.0,0.3851411411411412,-3.3370570570570566,1.3732879800747728
50,"([0.05, 0.5, 0.09, 0.14, 0.23, 0.0], [4])","([0, 1, 0, 0, 0, 0], [1])",-0.0,-0.0,-0.0,-0.0,-0.8190000000000001,-0.0,-0.8190000000000001,0.3851411411411412,-2.9031981981981976,1.3732879800747728
51,"([0.05, 0.5, 0.09, 0.14, 0.23, 0.0], [1])","([0, 1, 0, 0, 0, 0], [1])",-0.0,-0.0,-0.0,-0.0,-0.0,-0.0,0.0,0.3851411411411412,-3.2883393393393385,1.3732879800747728
52,"([0.05, 0.5, 0.09, 0.14, 0.23, 0.0], [3])","([0, 1, 0, 0, 0, 0], [1])",-0.0,-0.0,-0.0,-0.7170000000000001,-0.0,-0.0,-0.7170000000000001,0.3851411411411412,-2.9564804804804794,1.3732879800747728
53,"([0.05, 0.5, 0.09, 0.14, 0.23, 0.0], [4])","([0, 1, 0, 0, 0, 0], [1])",-0.0,-0.0,-0.0,-0.0,-0.8190000000000001,-0.0,-0.8190000000000001,0.3851411411411412,-2.5226216216216204,1.3732879800747728
54,"([0.05, 0.5, 0.09, 0.14, 0.23, 0.0], [4])","([0, 1, 0, 0, 0, 0], [1])",-0.0,-0.0,-0.0,-0.0,-0.8190000000000001,-0.0,-0.8190000000000001,0.3851411411411412,-2.0887627627627614,1.3732879800747728
55,"([0.05, 0.5, 0.09, 0.14, 0.23, 0.0], [4])","([0, 1, 0, 0, 0, 0], [1])",-0.0,-0.0,-0.0,-0.0,-0.8190000000000001,-0.0,-0.8190000000000001,0.3851411411411412,-1.6549039039039024,1.3732879800747728
56,"([0.05, 0.5, 0.09, 0.14, 0.23, 0.0], [1])","([0, 1, 0, 0, 0, 0], [1])",-0.0,-0.0,-0.0,-0.0,-0.0,-0.0,0.0,0.3851411411411412,-2.0400450450450434,1.3732879800747728
57,"([0.05, 0.5, 0.09, 0.14, 0.23, 0.0], [1])","([0, 1, 0, 0, 0, 0], [1])",-0.0,-0.0,-0.0,-0.0,-0.0,-0.0,0.0,0.3851411411411412,-2.4251861861861848,1.3732879800747728
58,"([0.05, 0.5, 0.09, 0.14, 0.23, 0.0], [4])","([0, 1, 0, 0, 0, 0], [1])",-0.0,-0.0,-0.0,-0.0,-0.8190000000000001,-0.0,-0.8190000000000001,0.3851411411411412,-1.9913273273273258,1.3732879800747728
59,"([0.05, 0.5, 0.09, 0.14, 0.23, 0.0], [4])","([0, 1, 0, 0, 0, 0], [1])",-0.0,-0.0,-0.0,-0.0,-0.8190000000000001,-0.0,-0.8190000000000001,0.3851411411411412,-1.5574684684684668,1.3732879800747728
60,"([0.05, 0.5, 0.09, 0.14, 0.23, 0.0], [1])","([0, 1, 0, 0, 0, 0], [1])",-0.0,-0.0,-0.0,-0.0,-0.0,-0.0,0.0,0.3851411411411412,-1.942609609609608,1.3732879800747728
61,"([0.05, 0.5, 0.09, 0.14, 0.23, 0.0], [1])","([0, 1, 0, 0, 0, 0], [1])",-0.0,-0.0,-0.0,-0.0,-0.0,-0.0,0.0,0.3851411411411412,-2.327750750750749,1.3732879800747728
62,"([0.05, 0.5, 0.09, 0.14, 0.23, 0.0], [4])","([0, 1, 0, 0, 0, 0], [1])",-0.0,-0.0,-0.0,-0.0,-0.8190000000000001,-0.0,-0.8190000000000001,0.3851411411411412,-1.8938918918918901,1.3732879800747728
63,"([0.05, 0.5, 0.09, 0.14, 0.23, 0.0], [0])","([0, 1, 0, 0, 0, 0], [1])",-0.747,-0.0,-0.0,-0.0,-0.0,-0.0,-0.747,0.3851411411411412,-1.5320330330330312,1.3732879800747728
64,"([0.05, 0.5, 0.09, 0.14, 0.23, 0.0], [3])","([0, 1, 0, 0, 0, 0], [1])",-0.0,-0.0,-0.0,-0.7170000000000001,-0.0,-0.0,-0.7170000000000001,0.3851411411411412,-1.2001741741741723,1.3732879800747728
65,"([0.05, 0.5, 0.09, 0.14, 0.23, 0.0], [1])","([0, 1, 0, 0, 0, 0], [1])",-0.0,-0.0,-0.0,-0.0,-0.0,-0.0,0.0,0.3851411411411412,-1.5853153153153134,1.3732879800747728
66,"([0.05, 0.5, 0.09, 0.14, 0.23, 0.0], [4])","([0, 1, 0, 0, 0, 0], [1])",-0.0,-0.0,-0.0,-0.0,-0.8190000000000001,-0.0,-0.8190000000000001,0.3851411411411412,-1.1514564564564544,1.3732879800747728
67,"([0.05, 0.5, 0.09, 0.14, 0.23, 0.0], [4])","([0, 1, 0, 0, 0, 0], [1])",-0.0,-0.0,-0.0,-0.0,-0.8190000000000001,-0.0,-0.8190000000000001,0.3851411411411412,-0.7175975975975956,1.3732879800747728
68,"([0.05, 0.5, 0.09, 0.14, 0.23, 0.0], [1])","([0, 1, 0, 0, 0, 0], [1])",-0.0,-0.0,-0.0,-0.0,-0.0,-0.0,0.0,0.3851411411411412,-1.1027387387387368,1.3732879800747728
69,"([0.05, 0.5, 0.09, 0.14, 0.23, 0.0], [4])","([0, 1, 0, 0, 0, 0], [1])",-0.0,-0.0,-0.0,-0.0,-0.8190000000000001,-0.0,-0.8190000000000001,0.3851411411411412,-0.668879879879878,1.3732879800747728
70,"([0.05, 0.5, 0.09, 0.14, 0.23, 0.0], [4])","([0, 1, 0, 0, 0, 0], [1])",-0.0,-0.0,-0.0,-0.0,-0.8190000000000001,-0.0,-0.8190000000000001,0.3851411411411412,-0.23502102102101907,1.3732879800747728
71,"([0.05, 0.5, 0.09, 0.14, 0.23, 0.0], [2])","([0, 1, 0, 0, 0, 0], [1])",-0.0,-0.0,-0.7390000000000001,-0.0,-0.0,-0.0,-0.7390000000000001,0.3851411411411412,0.11883783783783985,1.3732879800747728
72,"([0.05, 0.5, 0.09, 0.14, 0.23, 0.0], [2])","([0, 1, 0, 0, 0, 0], [1])",-0.0,-0.0,-0.7390000000000001,-0.0,-0.0,-0.0,-0.7390000000000001,0.3851411411411412,0.4726966966966988,1.3732879800747728
73,"([0.05, 0.5, 0.09, 0.14, 0.23, 0.0], [4])","([0, 1, 0, 0, 0, 0], [1])",-0.0,-0.0,-0.0,-0.0,-0.8190000000000001,-0.0,-0.8190000000000001,0.3851411411411412,0.9065555555555577,1.3732879800747728
74,"([0.05, 0.5, 0.09, 0.14, 0.23, 0.0], [3])","([0, 1, 0, 0, 0, 0], [1])",-0.0,-0.0,-0.0,-0.7170000000000001,-0.0,-0.0,-0.7170000000000001,0.3851411411411412,1.2384144144144167,1.3732879800747728
75,"([0.05, 0.5, 0.09, 0.14, 0.23, 0.0], [1])","([0, 1, 0, 0, 0, 0], [1])",-0.0,-0.0,-0.0,-0.0,-0.0,-0.0,0.0,0.3851411411411412,0.8532732732732755,1.3732879800747728
76,"([0.05, 0.5, 0.09, 0.14, 0.23, 0.0], [1])","([0, 1, 0, 0, 0, 0], [1])",-0.0,-0.0,-0.0,-0.0,-0.0,-0.0,0.0,0.3851411411411412,0.46813213213213434,1.3732879800747728
77,"([0.05, 0.5, 0.09, 0.14, 0.23, 0.0], [1])","([0, 1, 0, 0, 0, 0], [1])",-0.0,-0.0,-0.0,-0.0,-0.0,-0.0,0.0,0.3851411411411412,0.08299099099099316,1.3732879800747728
78,"([0.05, 0.5, 0.09, 0.14, 0.23, 0.0], [1])","([0, 1, 0, 0, 0, 0], [1])",-0.0,-0.0,-0.0,-0.0,-0.0,-0.0,0.0,0.3851411411411412,-0.302150150150148,1.3732879800747728
79,"([0.05, 0.5, 0.09, 0.14, 0.23, 0.0], [3])","([0, 1, 0, 0, 0, 0], [1])",-0.0,-0.0,-0.0,-0.7170000000000001,-0.0,-0.0,-0.7170000000000001,0.3851411411411412,0.029708708708710896,1.3732879800747728
80,"([0.05, 0.5, 0.09, 0.14, 0.23, 0.0], [4])","([0, 1, 0, 0, 0, 0], [1])",-0.0,-0.0,-0.0,-0.0,-0.8190000000000001,-0.0,-0.8190000000000001,0.3851411411411412,0.4635675675675698,1.3732879800747728
81,"([0.05, 0.5, 0.09, 0.14, 0.23, 0.0], [1])","([0, 1, 0, 0, 0, 0], [1])",-0.0,-0.0,-0.0,-0.0,-0.0,-0.0,0.0,0.3851411411411412,0.07842642642642861,1.3732879800747728
82,"([0.05, 0.5, 0.09, 0.14, 0.23, 0.0], [1])","([0, 1, 0, 0, 0, 0], [1])",-0.0,-0.0,-0.0,-0.0,-0.0,-0.0,0.0,0.3851411411411412,-0.30671471471471257,1.3732879800747728
83,"([0.05, 0.5, 0.09, 0.14, 0.23, 0.0], [2])","([0, 1, 0, 0, 0, 0], [1])",-0.0,-0.0,-0.7390000000000001,-0.0,-0.0,-0.0,-0.7390000000000001,0.3851411411411412,0.04714414414414636,1.3732879800747728
84,"([0.05, 0.5, 0.09, 0.14, 0.23, 0.0], [4])","([0, 1, 0, 0, 0, 0], [1])",-0.0,-0.0,-0.0,-0.0,-0.8190000000000001,-0.0,-0.8190000000000001,0.3851411411411412,0.48100300300300525,1.3732879800747728
85,"([0.05, 0.5, 0.09, 0.14, 0.23, 0.0], [4])","([0, 1, 0, 0, 0, 0], [1])",-0.0,-0.0,-0.0,-0.0,-0.8190000000000001,-0.0,-0.8190000000000001,0.3851411411411412,0.9148618618618641,1.3732879800747728
86,"([0.05, 0.5, 0.09, 0.14, 0.23, 0.0], [1])","([0, 1, 0, 0, 0, 0], [1])",-0.0,-0.0,-0.0,-0.0,-0.0,-0.0,0.0,0.3851411411411412,0.529720720720723,1.3732879800747728
87,"([0.05, 0.5, 0.09, 0.14, 0.23, 0.0], [4])","([0, 1, 0, 0, 0, 0], [1])",-0.0,-0.0,-0.0,-0.0,-0.8190000000000001,-0.0,-0.8190000000000001,0.3851411411411412,0.9635795795795818,1.3732879800747728
88,"([0.05, 0.5, 0.09, 0.14, 0.23, 0.0], [1])","([0, 1, 0, 0, 0, 0], [1])",-0.0,-0.0,-0.0,-0.0,-0.0,-0.0,0.0,0.3851411411411412,0.5784384384384407,1.3732879800747728
89,"([0.05, 0.5, 0.09, 0.14, 0.23, 0.0], [1])","([0, 1, 0, 0, 0, 0], [1])",-0.0,-0.0,-0.0,-0.0,-0.0,-0.0,0.0,0.3851411411411412,0.1932972972972995,1.3732879800747728
90,"([0.05, 0.5, 0.09, 0.14, 0.23, 0.0], [1])","([0, 1, 0, 0, 0, 0], [1])",-0.0,-0.0,-0.0,-0.0,-0.0,-0.0,0.0,0.3851411411411412,-0.19184384384384168,1.3732879800747728
91,"([0.05, 0.5, 0.09, 0.14, 0.23, 0.0], [1])","([0, 1, 0, 0, 0, 0], [1])",-0.0,-0.0,-0.0,-0.0,-0.0,-0.0,0.0,0.3851411411411412,-0.5769849849849829,1.3732879800747728
92,"([0.05, 0.5, 0.09, 0.14, 0.23, 0.0], [1])","([0, 1, 0, 0, 0, 0], [1])",-0.0,-0.0,-0.0,-0.0,-0.0,-0.0,0.0,0.3851411411411412,-0.962126126126124,1.3732879800747728
93,"([0.05, 0.5, 0.09, 0.14, 0.23, 0.0], [0])","([0, 1, 0, 0, 0, 0], [1])",-0.747,-0.0,-0.0,-0.0,-0.0,-0.0,-0.747,0.3851411411411412,-0.6002672672672652,1.3732879800747728
94,"([0.05, 0.5, 0.09, 0.14, 0.23, 0.0], [4])","([0, 1, 0, 0, 0, 0], [1])",-0.0,-0.0,-0.0,-0.0,-0.8190000000000001,-0.0,-0.8190000000000001,0.3851411411411412,-0.16640840840840632,1.3732879800747728
95,"([0.05, 0.5, 0.09, 0.14, 0.23, 0.0], [4])","([0, 1, 0, 0, 0, 0], [1])",-0.0,-0.0,-0.0,-0.0,-0.8190000000000001,-0.0,-0.8190000000000001,0.3851411411411412,0.26745045045045257,1.3732879800747728
96,"([0.05, 0.5, 0.09, 0.14, 0.23, 0.0], [1])","([0, 1, 0, 0, 0, 0], [1])",-0.0,-0.0,-0.0,-0.0,-0.0,-0.0,0.0,0.3851411411411412,-0.1176906906906886,1.3732879800747728
97,"([0.05, 0.5, 0.09, 0.14, 0.23, 0.0], [1])","([0, 1, 0, 0, 0, 0], [1])",-0.0,-0.0,-0.0,-0.0,-0.0,-0.0,0.0,0.3851411411411412,-0.5028318318318298,1.3732879800747728
98,"([0.05, 0.5, 0.09, 0.14, 0.23, 0.0], [4])","([0, 1, 0, 0, 0, 0], [1])",-0.0,-0.0,-0.0,-0.0,-0.8190000000000001,-0.0,-0.8190000000000001,0.3851411411411412,-0.06897297297297089,1.3732879800747728
99,"([0.05, 0.5, 0.09, 0.14, 0.23, 0.0], [1])","([0, 1, 0, 0, 0, 0], [1])",-0.0,-0.0,-0.0,-0.0,-0.0,-0.0,0.0,0.3851411411411412,-0.45411411411411207,1.3732879800747728
100,"([0.05, 0.5, 0.09, 0.14, 0.23, 0.0], [1])","([0, 1, 0, 0, 0, 0], [1])",-0.0,-0.0,-0.0,-0.0,-0.0,-0.0,0.0,0.3851411411411412,-0.8392552552552532,1.3732879800747728
101,"([0.05, 0.5, 0.09, 0.14, 0.23, 0.0], [1])","([0, 1, 0, 0, 0, 0], [1])",-0.0,-0.0,-0.0,-0.0,-0.0,-0.0,0.0,0.3851411411411412,-1.2243963963963944,1.3732879800747728
102,"([0.05, 0.5, 0.09, 0.14, 0.23, 0.0], [4])","([0, 1, 0, 0, 0, 0], [1])",-0.0,-0.0,-0.0,-0.0,-0.8190000000000001,-0.0,-0.8190000000000001,0.3851411411411412,-0.7905375375375355,1.3732879800747728
103,"([0.05, 0.5, 0.09, 0.14, 0.23, 0.0], [1])","([0, 1, 0, 0, 0, 0], [1])",-0.0,-0.0,-0.0,-0.0,-0.0,-0.0,0.0,0.3851411411411412,-1.1756786786786768,1.3732879800747728
104,"([0.05, 0.5, 0.09, 0.14, 0.23, 0.0], [4])","([0, 1, 0, 0, 0, 0], [1])",-0.0,-0.0,-0.0,-0.0,-0.8190000000000001,-0.0,-0.8190000000000001,0.3851411411411412,-0.7418198198198179,1.3732879800747728
105,"([0.05, 0.5, 0.09, 0.14, 0.23, 0.0], [4])","([0, 1, 0, 0, 0, 0], [1])",-0.0,-0.0,-0.0,-0.0,-0.8190000000000001,-0.0,-0.8190000000000001,0.3851411411411412,-0.30796096096095904,1.3732879800747728
106,"([0.05, 0.5, 0.09, 0.14, 0.23, 0.0], [4])","([0, 1, 0, 0, 0, 0], [1])",-0.0,-0.0,-0.0,-0.0,-0.8190000000000001,-0.0,-0.8190000000000001,0.3851411411411412,0.12589789789789985,1.3732879800747728
107,"([0.05, 0.5, 0.09, 0.14, 0.23, 0.0], [1])","([0, 1, 0, 0, 0, 0], [1])",-0.0,-0.0,-0.0,-0.0,-0.0,-0.0,0.0,0.3851411411411412,-0.25924324324324133,1.3732879800747728
108,"([0.05, 0.5, 0.09, 0.14, 0.23, 0.0], [4])","([0, 1, 0, 0, 0, 0], [1])",-0.0,-0.0,-0.0,-0.0,-0.8190000000000001,-0.0,-0.8190000000000001,0.3851411411411412,0.17461561561561756,1.3732879800747728
109,"([0.05, 0.5, 0.09, 0.14, 0.23, 0.0], [1])","([0, 1, 0, 0, 0, 0], [1])",-0.0,-0.0,-0.0,-0.0,-0.0,-0.0,0.0,0.3851411411411412,-0.21052552552552362,1.3732879800747728
110,"([0.05, 0.5, 0.09, 0.14, 0.23, 0.0], [3])","([0, 1, 0, 0, 0, 0], [1])",-0.0,-0.0,-0.0,-0.7170000000000001,-0.0,-0.0,-0.7170000000000001,0.3851411411411412,0.12133333333333529,1.3732879800747728
111,"([0.05, 0.5, 0.09, 0.14, 0.23, 0.0], [1])","([0, 1, 0, 0, 0, 0], [1])",-0.0,-0.0,-0.0,-0.0,-0.0,-0.0,0.0,0.3851411411411412,-0.2638078078078059,1.3732879800747728
112,"([0.05, 0.5, 0.09, 0.14, 0.23, 0.0], [1])","([0, 1, 0, 0, 0, 0], [1])",-0.0,-0.0,-0.0,-0.0,-0.0,-0.0,0.0,0.3851411411411412,-0.6489489489489471,1.3732879800747728
113,"([0.05, 0.5, 0.09, 0.14, 0.23, 0.0], [3])","([0, 1, 0, 0, 0, 0], [1])",-0.0,-0.0,-0.0,-0.7170000000000001,-0.0,-0.0,-0.7170000000000001,0.3851411411411412,-0.31709009009008815,1.3732879800747728
114,"([0.05, 0.5, 0.09, 0.14, 0.23, 0.0], [1])","([0, 1, 0, 0, 0, 0], [1])",-0.0,-0.0,-0.0,-0.0,-0.0,-0.0,0.0,0.3851411411411412,-0.7022312312312293,1.3732879800747728
115,"([0.05, 0.5, 0.09, 0.14, 0.23, 0.0], [1])","([0, 1, 0, 0, 0, 0], [1])",-0.0,-0.0,-0.0,-0.0,-0.0,-0.0,0.0,0.3851411411411412,-1.0873723723723705,1.3732879800747728
116,"([0.05, 0.5, 0.09, 0.14, 0.23, 0.0], [3])","([0, 1, 0, 0, 0, 0], [1])",-0.0,-0.0,-0.0,-0.7170000000000001,-0.0,-0.0,-0.7170000000000001,0.3851411411411412,-0.7555135135135116,1.3732879800747728
117,"([0.05, 0.5, 0.09, 0.14, 0.23, 0.0], [4])","([0, 1, 0, 0, 0, 0], [1])",-0.0,-0.0,-0.0,-0.0,-0.8190000000000001,-0.0,-0.8190000000000001,0.3851411411411412,-0.3216546546546527,1.3732879800747728
118,"([0.05, 0.5, 0.09, 0.14, 0.23, 0.0], [1])","([0, 1, 0, 0, 0, 0], [1])",-0.0,-0.0,-0.0,-0.0,-0.0,-0.0,0.0,0.3851411411411412,-0.7067957957957939,1.3732879800747728
119,"([0.05, 0.5, 0.09, 0.14, 0.23, 0.0], [4])","([0, 1, 0, 0, 0, 0], [1])",-0.0,-0.0,-0.0,-0.0,-0.8190000000000001,-0.0,-0.8190000000000001,0.3851411411411412,-0.272936936936935,1.3732879800747728
120,"([0.05, 0.5, 0.09, 0.14, 0.23, 0.0], [1])","([0, 1, 0, 0, 0, 0], [1])",-0.0,-0.0,-0.0,-0.0,-0.0,-0.0,0.0,0.3851411411411412,-0.6580780780780762,1.3732879800747728
121,"([0.05, 0.5, 0.09, 0.14, 0.23, 0.0], [1])","([0, 1, 0, 0, 0, 0], [1])",-0.0,-0.0,-0.0,-0.0,-0.0,-0.0,0.0,0.3851411411411412,-1.0432192192192173,1.3732879800747728
122,"([0.05, 0.5, 0.09, 0.14, 0.23, 0.0], [4])","([0, 1, 0, 0, 0, 0], [1])",-0.0,-0.0,-0.0,-0.0,-0.8190000000000001,-0.0,-0.8190000000000001,0.3851411411411412,-0.6093603603603585,1.3732879800747728
123,"([0.05, 0.5, 0.09, 0.14, 0.23, 0.0], [2])","([0, 1, 0, 0, 0, 0], [1])",-0.0,-0.0,-0.7390000000000001,-0.0,-0.0,-0.0,-0.7390000000000001,0.3851411411411412,-0.25550150150149953,1.3732879800747728
124,"([0.05, 0.5, 0.09, 0.14, 0.23, 0.0], [3])","([0, 1, 0, 0, 0, 0], [1])",-0.0,-0.0,-0.0,-0.7170000000000001,-0.0,-0.0,-0.7170000000000001,0.3851411411411412,0.07635735735735938,1.3732879800747728
125,"([0.05, 0.5, 0.09, 0.14, 0.23, 0.0], [4])","([0, 1, 0, 0, 0, 0], [1])",-0.0,-0.0,-0.0,-0.0,-0.8190000000000001,-0.0,-0.8190000000000001,0.3851411411411412,0.5102162162162183,1.3732879800747728
126,"([0.05, 0.5, 0.09, 0.14, 0.23, 0.0], [1])","([0, 1, 0, 0, 0, 0], [1])",-0.0,-0.0,-0.0,-0.0,-0.0,-0.0,0.0,0.3851411411411412,0.1250750750750771,1.3732879800747728
127,"([0.05, 0.5, 0.09, 0.14, 0.23, 0.0], [1])","([0, 1, 0, 0, 0, 0], [1])",-0.0,-0.0,-0.0,-0.0,-0.0,-0.0,0.0,0.3851411411411412,-0.2600660660660641,1.3732879800747728
128,"([0.05, 0.5, 0.09, 0.14, 0.23, 0.0], [1])","([0, 1, 0, 0, 0, 0], [1])",-0.0,-0.0,-0.0,-0.0,-0.0,-0.0,0.0,0.3851411411411412,-0.6452072072072053,1.3732879800747728
129,"([0.05, 0.5, 0.09, 0.14, 0.23, 0.0], [2])","([0, 1, 0, 0, 0, 0], [1])",-0.0,-0.0,-0.7390000000000001,-0.0,-0.0,-0.0,-0.7390000000000001,0.3851411411411412,-0.29134834834834633,1.3732879800747728
130,"([0.05, 0.5, 0.09, 0.14, 0.23, 0.0], [2])","([0, 1, 0, 0, 0, 0], [1])",-0.0,-0.0,-0.7390000000000001,-0.0,-0.0,-0.0,-0.7390000000000001,0.3851411411411412,0.0625105105105126,1.3732879800747728
131,"([0.05, 0.5, 0.09, 0.14, 0.23, 0.0], [1])","([0, 1, 0, 0, 0, 0], [1])",-0.0,-0.0,-0.0,-0.0,-0.0,-0.0,0.0,0.3851411411411412,-0.3226306306306286,1.3732879800747728
132,"([0.05, 0.5, 0.09, 0.14, 0.23, 0.0], [1])","([0, 1, 0, 0, 0, 0], [1])",-0.0,-0.0,-0.0,-0.0,-0.0,-0.0,0.0,0.3851411411411412,-0.7077717717717698,1.3732879800747728
133,"([0.05, 0.5, 0.09, 0.14, 0.23, 0.0], [4])","([0, 1, 0, 0, 0, 0], [1])",-0.0,-0.0,-0.0,-0.0,-0.8190000000000001,-0.0,-0.8190000000000001,0.3851411411411412,-0.27391291291291087,1.3732879800747728
134,"([0.05, 0.5, 0.09, 0.14, 0.23, 0.0], [4])","([0, 1, 0, 0, 0, 0], [1])",-0.0,-0.0,-0.0,-0.0,-0.8190000000000001,-0.0,-0.8190000000000001,0.3851411411411412,0.15994594594594802,1.3732879800747728
135,"([0.05, 0.5, 0.09, 0.14, 0.23, 0.0], [4])","([0, 1, 0, 0, 0, 0], [1])",-0.0,-0.0,-0.0,-0.0,-0.8190000000000001,-0.0,-0.8190000000000001,0.3851411411411412,0.5938048048048069,1.3732879800747728
136,"([0.05, 0.5, 0.09, 0.14, 0.23, 0.0], [2])","([0, 1, 0, 0, 0, 0], [1])",-0.0,-0.0,-0.7390000000000001,-0.0,-0.0,-0.0,-0.7390000000000001,0.3851411411411412,0.9476636636636658,1.3732879800747728
137,"([0.05, 0.5, 0.09, 0.14, 0.23, 0.0], [3])","([0, 1, 0, 0, 0, 0], [1])",-0.0,-0.0,-0.0,-0.7170000000000001,-0.0,-0.0,-0.7170000000000001,0.3851411411411412,1.2795225225225249,1.3732879800747728
138,"([0.05, 0.5, 0.09, 0.14, 0.23, 0.0], [1])","([0, 1, 0, 0, 0, 0], [1])",-0.0,-0.0,-0.0,-0.0,-0.0,-0.0,0.0,0.3851411411411412,0.8943813813813837,1.3732879800747728
139,"([0.05, 0.5, 0.09, 0.14, 0.23, 0.0], [1])","([0, 1, 0, 0, 0, 0], [1])",-0.0,-0.0,-0.0,-0.0,-0.0,-0.0,0.0,0.3851411411411412,0.5092402402402425,1.3732879800747728
140,"([0.05, 0.5, 0.09, 0.14, 0.23, 0.0], [1])","([0, 1, 0, 0, 0, 0], [1])",-0.0,-0.0,-0.0,-0.0,-0.0,-0.0,0.0,0.3851411411411412,0.12409909909910133,1.3732879800747728
141,"([0.05, 0.5, 0.09, 0.14, 0.23, 0.0], [3])","([0, 1, 0, 0, 0, 0], [1])",-0.0,-0.0,-0.0,-0.7170000000000001,-0.0,-0.0,-0.7170000000000001,0.3851411411411412,0.45595795795796024,1.3732879800747728
142,"([0.05, 0.5, 0.09, 0.14, 0.23, 0.0], [4])","([0, 1, 0, 0, 0, 0], [1])",-0.0,-0.0,-0.0,-0.0,-0.8190000000000001,-0.0,-0.8190000000000001,0.3851411411411412,0.8898168168168191,1.3732879800747728
143,"([0.05, 0.5, 0.09, 0.14, 0.23, 0.0], [1])","([0, 1, 0, 0, 0, 0], [1])",-0.0,-0.0,-0.0,-0.0,-0.0,-0.0,0.0,0.3851411411411412,0.504675675675678,1.3732879800747728
144,"([0.05, 0.5, 0.09, 0.14, 0.23, 0.0], [1])","([0, 1, 0, 0, 0, 0], [1])",-0.0,-0.0,-0.0,-0.0,-0.0,-0.0,0.0,0.3851411411411412,0.11953453453453677,1.3732879800747728
145,"([0.05, 0.5, 0.09, 0.14, 0.23, 0.0], [4])","([0, 1, 0, 0, 0, 0], [1])",-0.0,-0.0,-0.0,-0.0,-0.8190000000000001,-0.0,-0.8190000000000001,0.3851411411411412,0.5533933933933957,1.3732879800747728
146,"([0.05, 0.5, 0.09, 0.14, 0.23, 0.0], [3])","([0, 1, 0, 0, 0, 0], [1])",-0.0,-0.0,-0.0,-0.7170000000000001,-0.0,-0.0,-0.7170000000000001,0.3851411411411412,0.8852522522522546,1.3732879800747728
147,"([0.05, 0.5, 0.09, 0.14, 0.23, 0.0], [0])","([0, 1, 0, 0, 0, 0], [1])",-0.747,-0.0,-0.0,-0.0,-0.0,-0.0,-0.747,0.3851411411411412,1.2471111111111135,1.3732879800747728
148,"([0.05, 0.5, 0.09, 0.14, 0.23, 0.0], [1])","([0, 1, 0, 0, 0, 0], [1])",-0.0,-0.0,-0.0,-0.0,-0.0,-0.0,0.0,0.3851411411411412,0.8619699699699723,1.3732879800747728
149,"([0.05, 0.5, 0.09, 0.14, 0.23, 0.0], [4])","([0, 1, 0, 0, 0, 0], [1])",-0.0,-0.0,-0.0,-0.0,-0.8190000000000001,-0.0,-0.8190000000000001,0.3851411411411412,1.295828828828831,1.3732879800747728
150,"([0.05, 0.5, 0.09, 0.14, 0.23, 0.0], [4])","([0, 1, 0, 0, 0, 0], [1])",-0.0,-0.0,-0.0,-0.0,-0.8190000000000001,-0.0,-0.8190000000000001,0.3851411411411412,1.72968768768769,1.3732879800747728
151,"([0.05, 0.5, 0.09, 0.14, 0.23, 0.0], [1])","([0, 1, 0, 0, 0, 0], [1])",-0.0,-0.0,-0.0,-0.0,-0.0,-0.0,0.0,0.3851411411411412,1.344546546546549,1.3732879800747728
152,"([0.05, 0.5, 0.09, 0.14, 0.23, 0.0], [0])","([0, 1, 0, 0, 0, 0], [1])",-0.747,-0.0,-0.0,-0.0,-0.0,-0.0,-0.747,0.3851411411411412,1.7064054054054076,1.3732879800747728
153,"([0.05, 0.5, 0.09, 0.14, 0.23, 0.0], [1])","([0, 1, 0, 0, 0, 0], [1])",-0.0,-0.0,-0.0,-0.0,-0.0,-0.0,0.0,0.3851411411411412,1.3212642642642665,1.3732879800747728
154,"([0.05, 0.5, 0.09, 0.14, 0.23, 0.0], [2])","([0, 1, 0, 0, 0, 0], [1])",-0.0,-0.0,-0.7390000000000001,-0.0,-0.0,-0.0,-0.7390000000000001,0.3851411411411412,1.6751231231231254,1.3732879800747728
155,"([0.05, 0.5, 0.09, 0.14, 0.23, 0.0], [3])","([0, 1, 0, 0, 0, 0], [1])",-0.0,-0.0,-0.0,-0.7170000000000001,-0.0,-0.0,-0.7170000000000001,0.3851411411411412,2.0069819819819843,1.3732879800747728
156,"([0.05, 0.5, 0.09, 0.14, 0.23, 0.0], [1])","([0, 1, 0, 0, 0, 0], [1])",-0.0,-0.0,-0.0,-0.0,-0.0,-0.0,0.0,0.3851411411411412,1.6218408408408431,1.3732879800747728
157,"([0.05, 0.5, 0.09, 0.14, 0.23, 0.0], [4])","([0, 1, 0, 0, 0, 0], [1])",-0.0,-0.0,-0.0,-0.0,-0.8190000000000001,-0.0,-0.8190000000000001,0.3851411411411412,2.055699699699702,1.3732879800747728
158,"([0.05, 0.5, 0.09, 0.14, 0.23, 0.0], [0])","([0, 1, 0, 0, 0, 0], [1])",-0.747,-0.0,-0.0,-0.0,-0.0,-0.0,-0.747,0.3851411411411412,2.417558558558561,1.3732879800747728
159,"([0.05, 0.5, 0.09, 0.14, 0.23, 0.0], [1])","([0, 1, 0, 0, 0, 0], [1])",-0.0,-0.0,-0.0,-0.0,-0.0,-0.0,0.0,0.3851411411411412,2.0324174174174194,1.3732879800747728
160,"([0.05, 0.5, 0.09, 0.14, 0.23, 0.0], [4])","([0, 1, 0, 0, 0, 0], [1])",-0.0,-0.0,-0.0,-0.0,-0.8190000000000001,-0.0,-0.8190000000000001,0.3851411411411412,2.4662762762762784,1.3732879800747728
161,"([0.05, 0.5, 0.09, 0.14, 0.23, 0.0], [3])","([0, 1, 0, 0, 0, 0], [1])",-0.0,-0.0,-0.0,-0.7170000000000001,-0.0,-0.0,-0.7170000000000001,0.3851411411411412,2.798135135135137,1.3732879800747728
162,"([0.05, 0.5, 0.09, 0.14, 0.23, 0.0], [1])","([0, 1, 0, 0, 0, 0], [1])",-0.0,-0.0,-0.0,-0.0,-0.0,-0.0,0.0,0.3851411411411412,2.4129939939939957,1.3732879800747728
163,"([0.05, 0.5, 0.09, 0.14, 0.23, 0.0], [1])","([0, 1, 0, 0, 0, 0], [1])",-0.0,-0.0,-0.0,-0.0,-0.0,-0.0,0.0,0.3851411411411412,2.0278528528528543,1.3732879800747728
164,"([0.05, 0.5, 0.09, 0.14, 0.23, 0.0], [1])","([0, 1, 0, 0, 0, 0], [1])",-0.0,-0.0,-0.0,-0.0,-0.0,-0.0,0.0,0.3851411411411412,1.6427117117117132,1.3732879800747728
165,"([0.05, 0.5, 0.09, 0.14, 0.23, 0.0], [1])","([0, 1, 0, 0, 0, 0], [1])",-0.0,-0.0,-0.0,-0.0,-0.0,-0.0,0.0,0.3851411411411412,1.257570570570572,1.3732879800747728
166,"([0.05, 0.5, 0.09, 0.14, 0.23, 0.0], [1])","([0, 1, 0, 0, 0, 0], [1])",-0.0,-0.0,-0.0,-0.0,-0.0,-0.0,0.0,0.3851411411411412,0.8724294294294308,1.3732879800747728
167,"([0.05, 0.5, 0.09, 0.14, 0.23, 0.0], [1])","([0, 1, 0, 0, 0, 0], [1])",-0.0,-0.0,-0.0,-0.0,-0.0,-0.0,0.0,0.3851411411411412,0.48728828828828963,1.3732879800747728
168,"([0.05, 0.5, 0.09, 0.14, 0.23, 0.0], [4])","([0, 1, 0, 0, 0, 0], [1])",-0.0,-0.0,-0.0,-0.0,-0.8190000000000001,-0.0,-0.8190000000000001,0.3851411411411412,0.9211471471471485,1.3732879800747728
169,"([0.05, 0.5, 0.09, 0.14, 0.23, 0.0], [0])","([0, 1, 0, 0, 0, 0], [1])",-0.747,-0.0,-0.0,-0.0,-0.0,-0.0,-0.747,0.3851411411411412,1.2830060060060073,1.3732879800747728
170,"([0.05, 0.5, 0.09, 0.14, 0.23, 0.0], [1])","([0, 1, 0, 0, 0, 0], [1])",-0.0,-0.0,-0.0,-0.0,-0.0,-0.0,0.0,0.3851411411411412,0.8978648648648662,1.3732879800747728
171,"([0.05, 0.5, 0.09, 0.14, 0.23, 0.0], [4])","([0, 1, 0, 0, 0, 0], [1])",-0.0,-0.0,-0.0,-0.0,-0.8190000000000001,-0.0,-0.8190000000000001,0.3851411411411412,1.3317237237237252,1.3732879800747728
172,"([0.05, 0.5, 0.09, 0.14, 0.23, 0.0], [4])","([0, 1, 0, 0, 0, 0], [1])",-0.0,-0.0,-0.0,-0.0,-0.8190000000000001,-0.0,-0.8190000000000001,0.3851411411411412,1.7655825825825842,1.3732879800747728
173,"([0.05, 0.5, 0.09, 0.14, 0.23, 0.0], [1])","([0, 1, 0, 0, 0, 0], [1])",-0.0,-0.0,-0.0,-0.0,-0.0,-0.0,0.0,0.3851411411411412,1.380441441441443,1.3732879800747728
174,"([0.05, 0.5, 0.09, 0.14, 0.23, 0.0], [3])","([0, 1, 0, 0, 0, 0], [1])",-0.0,-0.0,-0.0,-0.7170000000000001,-0.0,-0.0,-0.7170000000000001,0.3851411411411412,1.712300300300302,1.3732879800747728
175,"([0.05, 0.5, 0.09, 0.14, 0.23, 0.0], [1])","([0, 1, 0, 0, 0, 0], [1])",-0.0,-0.0,-0.0,-0.0,-0.0,-0.0,0.0,0.3851411411411412,1.3271591591591607,1.3732879800747728
176,"([0.05, 0.5, 0.09, 0.14, 0.23, 0.0], [4])","([0, 1, 0, 0, 0, 0], [1])",-0.0,-0.0,-0.0,-0.0,-0.8190000000000001,-0.0,-0.8190000000000001,0.3851411411411412,1.7610180180180195,1.3732879800747728
177,"([0.05, 0.5, 0.09, 0.14, 0.23, 0.0], [2])","([0, 1, 0, 0, 0, 0], [1])",-0.0,-0.0,-0.7390000000000001,-0.0,-0.0,-0.0,-0.7390000000000001,0.3851411411411412,2.1148768768768784,1.3732879800747728
178,"([0.05, 0.5, 0.09, 0.14, 0.23, 0.0], [2])","([0, 1, 0, 0, 0, 0], [1])",-0.0,-0.0,-0.7390000000000001,-0.0,-0.0,-0.0,-0.7390000000000001,0.3851411411411412,2.4687357357357373,1.3732879800747728
179,"([0.05, 0.5, 0.09, 0.14, 0.23, 0.0], [3])","([0, 1, 0, 0, 0, 0], [1])",-0.0,-0.0,-0.0,-0.7170000000000001,-0.0,-0.0,-0.7170000000000001,0.3851411411411412,2.800594594594596,1.3732879800747728
180,"([0.05, 0.5, 0.09, 0.14, 0.23, 0.0], [1])","([0, 1, 0, 0, 0, 0], [1])",-0.0,-0.0,-0.0,-0.0,-0.0,-0.0,0.0,0.3851411411411412,2.4154534534534546,1.3732879800747728
181,"([0.05, 0.5, 0.09, 0.14, 0.23, 0.0], [4])","([0, 1, 0, 0, 0, 0], [1])",-0.0,-0.0,-0.0,-0.0,-0.8190000000000001,-0.0,-0.8190000000000001,0.3851411411411412,2.8493123123123136,1.3732879800747728
182,"([0.05, 0.5, 0.09, 0.14, 0.23, 0.0], [1])","([0, 1, 0, 0, 0, 0], [1])",-0.0,-0.0,-0.0,-0.0,-0.0,-0.0,0.0,0.3851411411411412,2.4641711711711727,1.3732879800747728
183,"([0.05, 0.5, 0.09, 0.14, 0.23, 0.0], [4])","([0, 1, 0, 0, 0, 0], [1])",-0.0,-0.0,-0.0,-0.0,-0.8190000000000001,-0.0,-0.8190000000000001,0.3851411411411412,2.8980300300300317,1.3732879800747728
184,"([0.05, 0.5, 0.09, 0.14, 0.23, 0.0], [1])","([0, 1, 0, 0, 0, 0], [1])",-0.0,-0.0,-0.0,-0.0,-0.0,-0.0,0.0,0.3851411411411412,2.5128888888888907,1.3732879800747728
185,"([0.05, 0.5, 0.09, 0.14, 0.23, 0.0], [0])","([0, 1, 0, 0, 0, 0], [1])",-0.747,-0.0,-0.0,-0.0,-0.0,-0.0,-0.747,0.3851411411411412,2.8747477477477497,1.3732879800747728
186,"([0.05, 0.5, 0.09, 0.14, 0.23, 0.0], [4])","([0, 1, 0, 0, 0, 0], [1])",-0.0,-0.0,-0.0,-0.0,-0.8190000000000001,-0.0,-0.8190000000000001,0.3851411411411412,3.3086066066066087,1.3732879800747728
187,"([0.05, 0.5, 0.09, 0.14, 0.23, 0.0], [1])","([0, 1, 0, 0, 0, 0], [1])",-0.0,-0.0,-0.0,-0.0,-0.0,-0.0,0.0,0.3851411411411412,2.9234654654654673,1.3732879800747728
188,"([0.05, 0.5, 0.09, 0.14, 0.23, 0.0], [1])","([0, 1, 0, 0, 0, 0], [1])",-0.0,-0.0,-0.0,-0.0,-0.0,-0.0,0.0,0.3851411411411412,2.538324324324326,1.3732879800747728
189,"([0.05, 0.5, 0.09, 0.14, 0.23, 0.0], [2])","([0, 1, 0, 0, 0, 0], [1])",-0.0,-0.0,-0.7390000000000001,-0.0,-0.0,-0.0,-0.7390000000000001,0.3851411411411412,2.892183183183185,1.3732879800747728
190,"([0.05, 0.5, 0.09, 0.14, 0.23, 0.0], [1])","([0, 1, 0, 0, 0, 0], [1])",-0.0,-0.0,-0.0,-0.0,-0.0,-0.0,0.0,0.3851411411411412,2.507042042042044,1.3732879800747728
191,"([0.05, 0.5, 0.09, 0.14, 0.23, 0.0], [1])","([0, 1, 0, 0, 0, 0], [1])",-0.0,-0.0,-0.0,-0.0,-0.0,-0.0,0.0,0.3851411411411412,2.1219009009009024,1.3732879800747728
192,"([0.05, 0.5, 0.09, 0.14, 0.23, 0.0], [1])","([0, 1, 0, 0, 0, 0], [1])",-0.0,-0.0,-0.0,-0.0,-0.0,-0.0,0.0,0.3851411411411412,1.7367597597597613,1.3732879800747728
193,"([0.05, 0.5, 0.09, 0.14, 0.23, 0.0], [1])","([0, 1, 0, 0, 0, 0], [1])",-0.0,-0.0,-0.0,-0.0,-0.0,-0.0,0.0,0.3851411411411412,1.35161861861862,1.3732879800747728
194,"([0.05, 0.5, 0.09, 0.14, 0.23, 0.0], [1])","([0, 1, 0, 0, 0, 0], [1])",-0.0,-0.0,-0.0,-0.0,-0.0,-0.0,0.0,0.3851411411411412,0.9664774774774789,1.3732879800747728
195,"([0.05, 0.5, 0.09, 0.14, 0.23, 0.0], [4])","([0, 1, 0, 0, 0, 0], [1])",-0.0,-0.0,-0.0,-0.0,-0.8190000000000001,-0.0,-0.8190000000000001,0.3851411411411412,1.4003363363363377,1.3732879800747728
196,"([0.05, 0.5, 0.09, 0.14, 0.23, 0.0], [1])","([0, 1, 0, 0, 0, 0], [1])",-0.0,-0.0,-0.0,-0.0,-0.0,-0.0,0.0,0.3851411411411412,1.0151951951951965,1.3732879800747728
197,"([0.05, 0.5, 0.09, 0.14, 0.23, 0.0], [1])","([0, 1, 0, 0, 0, 0], [1])",-0.0,-0.0,-0.0,-0.0,-0.0,-0.0,0.0,0.3851411411411412,0.6300540540540553,1.3732879800747728
198,"([0.05, 0.5, 0.09, 0.14, 0.23, 0.0], [2])","([0, 1, 0, 0, 0, 0], [1])",-0.0,-0.0,-0.7390000000000001,-0.0,-0.0,-0.0,-0.7390000000000001,0.3851411411411412,0.9839129129129143,1.3732879800747728
199,"([0.05, 0.5, 0.09, 0.14, 0.23, 0.0], [1])","([0, 1, 0, 0, 0, 0], [1])",-0.0,-0.0,-0.0,-0.0,-0.0,-0.0,0.0,0.3851411411411412,0.5987717717717731,1.3732879800747728
